/*--------------------------------*- C++ -*----------------------------------*\
  =========                 |
  \\      /  F ield         | OpenFOAM: The Open Source CFD Toolbox
   \\    /   O peration     | Website:  https://openfoam.org
    \\  /    A nd           | Version:  7
     \\/     M anipulation  |
\*---------------------------------------------------------------------------*/
FoamFile
{
    version     2.0;
    format      ascii;
    class       volScalarField;
    location    "0.083";
    object      s;
}
// * * * * * * * * * * * * * * * * * * * * * * * * * * * * * * * * * * * * * //

dimensions      [0 0 0 0 0 0 0];

internalField   nonuniform List<scalar> 
12225
(
1
1
1
1
1
1
1
1
1
1
1
1
1
1
1
1
1
1
1
1
1
1
1
1
1
1
1
1
1
1
1
1
1
1
1
1
1
1
1
1
1
1
1
1
1
1
1
1
1
1
1
1
1
1
1
1
1
1
1
1
1
1
1
1
1
1
1
1
1
1
1
1
1
1
1
1
1
1
1
1
1
1
1
1
1
1
1
1
1
1
1
1
1
1
1
1
1
1
1
1
1
1
1
1
1
1
1
1
1
1
1
1
1
1
1
1
1
1
1
1
1
1
1
1
1
1
1
1
1
1
1
1
1
1
1
1
1
1
1
1
1
1
1
1
1
1
1
1
1
1
1
1
1
1
1
1
1
1
1
1
1
1
1
1
1
1
1
1
1
1
1
1
1
1
1
1
1
1
1
1
1
1
1
1
1
1
1
1
1
1
1
1
1
1
1
1
1
1
1
1
1
1
1
1
1
1
1
1
1
1
1
1
1
1
1
1
1
1
1
1
1
1
1
1
1
1
1
1
1
1
1
1
1
1
1
1
1
1
1
1
1
1
1
1
1
1
1
1
1
1
1
1
1
1
1
1
1
1
1
1
1
1
1
1
1
1
1
1
1
1
1
1
1
1
1
1
1
1
1
1
1
1
1
1
1
1
1
1
1
1
1
1
1
1
1
1
1
1
1
1
1
1
1
1
1
1
1
1
1
1
1
1
1
1
1
1
1
1
1
1
1
1
1
1
1
1
1
1
1
1
1
1
1
1
1
1
1
1
1
1
1
1
1
1
1
1
1
1
1
1
1
1
1
1
1
1
1
1
1
1
1
1
1
1
1
1
1
1
1
1
1
1
1
1
1
1
1
1
1
1
1
1
1
1
1
1
1
1
1
1
1
1
1
1
1
1
1
1
1
1
1
1
1
1
1
1
1
1
1
1
1
1
1
1
1
1
1
1
1
1
1
1
1
1
1
1
1
1
1
1
1
1
1
1
1
1
1
1
1
1
1
1
1
1
1
1
1
1
1
1
1
1
1
1
1
1
1
1
1
1
1
1
1
1
1
1
1
1
1
1
1
1
1
1
1
1
1
1
1
1
1
1
1
1
1
1
1
1
1
1
1
1
1
1
1
1
1
1
1
1
1
1
1
1
1
1
1
1
1
1
1
1
1
1
1
1
1
1
1
1
1
1
1
1
1
1
1
1
1
1
1
1
1
1
1
1
1
1
1
1
0.152426
0.14963
0.152229
0.160702
0.170424
0.185105
0.205832
0.236405
0.278454
0.301724
0.325826
0.339662
0.356252
0.372847
0.385817
0.395515
0.402342
0.40703
0.410353
0.41309
0.415312
0.417183
0.418682
0.419753
0.420761
0.421655
0.422138
0.422511
0.422647
0.42262
0.422569
0.422626
0.42301
0.423676
0.424078
0.424236
0.424427
0.424915
0.426114
0.432696
0.432281
0.299676
0.0724419
0.0380381
0.0429248
0.0575716
0.0765243
0.096517
0.113198
0.127136
0.137844
0.145785
0.152882
0.159813
0.168656
0.17359
0.16935
0.161898
0.166474
0.195113
0.232394
0.241107
0.227635
0.190261
0.185588
0.195457
0.222901
0.276662
0.435738
0.720943
0.849589
0.876105
0.880909
0.884139
0.886654
0.888723
0.89004
0.890582
0.890693
0.890695
0.89061
0.890347
0.889861
0.889186
0.888427
0.887657
0.886854
0.885956
0.88496
0.884123
0.883448
0.882905
0.882471
0.88229
0.882239
0.882297
0.882661
0.883179
0.883689
0.884431
0.885401
0.886347
0.887294
0.888285
0.889155
0.889939
0.890811
0.891379
0.891831
0.892168
0.892299
0.892241
0.89188
0.89118
0.890152
0.88875
0.886993
0.884846
0.882258
0.879134
0.875378
0.870687
0.865021
0.85952
0.854901
0.849897
0.842722
0.833957
0.826514
0.819122
0.803738
0.774688
0.746419
0.723003
0.685316
0.618258
0.526017
0.418107
0.307819
0.208507
0.129273
0.0731017
0.0376497
0.0176789
0.00759286
0.00299205
0.00107753
0.000346737
0.000100255
4.74765e-05
2.41731e-05
1.20082e-05
5.80182e-06
2.72942e-06
1.25597e-06
5.68243e-07
2.54084e-07
1.12838e-07
4.99878e-08
2.21671e-08
9.86236e-09
4.40674e-09
1.97724e-09
8.89938e-10
4.01165e-10
1.80774e-10
8.12741e-11
3.63867e-11
1.61916e-11
7.1485e-12
3.1253e-12
1.35054e-12
5.75489e-13
2.41256e-13
9.91396e-14
3.97962e-14
1.55072e-14
5.81433e-15
2.1321e-15
-3.03744e-15
0.152883
0.152961
0.153951
0.15315
0.134463
0.140743
0.162432
0.20983
0.278203
0.34859
0.398316
0.434821
0.455991
0.467504
0.471727
0.471712
0.471291
0.470223
0.468622
0.466457
0.463671
0.461042
0.4577
0.452506
0.447288
0.442967
0.436304
0.428535
0.422408
0.415097
0.407234
0.403235
0.403088
0.404135
0.407545
0.417168
0.425416
0.431047
0.432916
0.436537
0.437974
0.427997
0.407294
0.399544
0.374811
0.241456
0.097702
0.0753263
0.0900832
0.115816
0.135581
0.159548
0.187147
0.218257
0.25362
0.302653
0.341266
0.366461
0.37292
0.384415
0.435462
0.472787
0.468554
0.437953
0.367024
0.335366
0.332238
0.451296
0.782886
0.858806
0.881467
0.890123
0.894365
0.896032
0.896397
0.896164
0.894048
0.890299
0.886565
0.882318
0.876273
0.868746
0.860682
0.852471
0.844521
0.837742
0.832745
0.828886
0.826085
0.824546
0.82306
0.822635
0.822596
0.822759
0.823434
0.824837
0.826711
0.828577
0.830771
0.833938
0.837603
0.841432
0.845547
0.849986
0.854494
0.859406
0.865338
0.871523
0.877675
0.884456
0.89079
0.897191
0.903574
0.909797
0.915931
0.921405
0.925914
0.929315
0.932198
0.934621
0.936449
0.937555
0.937846
0.936557
0.932907
0.927407
0.920634
0.914902
0.911267
0.909946
0.910632
0.916132
0.926358
0.936191
0.951229
0.964941
0.967763
0.965994
0.958809
0.941004
0.907954
0.866356
0.824723
0.783704
0.728366
0.641105
0.523609
0.400325
0.296517
0.216714
0.155484
0.108953
0.0742879
0.049173
0.0315626
0.0196401
0.011852
0.00694156
0.00395018
0.00218704
0.00117987
0.000621247
0.000319799
0.000161219
7.97197e-05
3.87253e-05
1.85016e-05
8.70397e-06
4.03342e-06
1.84257e-06
8.29009e-07
3.67656e-07
1.60192e-07
6.8735e-08
2.87968e-08
1.18703e-08
4.71666e-09
1.82593e-09
7.40893e-10
-3.57025e-09
0.11508
0.130022
0.137765
0.154548
0.193531
0.269513
0.355427
0.436426
0.47812
0.49827
0.500128
0.498882
0.495254
0.489887
0.481175
0.472941
0.462557
0.450032
0.436303
0.419971
0.401156
0.381357
0.35971
0.336071
0.314727
0.293821
0.274272
0.26031
0.249785
0.239956
0.232974
0.230101
0.229811
0.230311
0.232521
0.239031
0.254829
0.291034
0.335712
0.370092
0.403525
0.41659
0.42234
0.426039
0.425554
0.419246
0.392378
0.327781
0.189485
0.135757
0.114808
0.111329
0.111647
0.121274
0.155922
0.204059
0.288189
0.376203
0.446509
0.48984
0.520898
0.560102
0.567087
0.560215
0.527983
0.438019
0.540368
0.809727
0.876901
0.89195
0.896707
0.897904
0.897857
0.895533
0.892242
0.884888
0.871917
0.852256
0.825918
0.804672
0.791559
0.780317
0.776271
0.775033
0.775254
0.779334
0.785184
0.789072
0.793085
0.794091
0.793983
0.792824
0.790533
0.787809
0.785486
0.784277
0.783735
0.78355
0.784
0.785315
0.788046
0.792555
0.797856
0.802889
0.807489
0.812201
0.817037
0.820954
0.824411
0.827978
0.831243
0.835271
0.839667
0.8444
0.849843
0.856818
0.8657
0.876562
0.888518
0.901285
0.914639
0.928099
0.939939
0.947528
0.952081
0.95421
0.954053
0.948455
0.935418
0.920356
0.90537
0.894132
0.888702
0.887357
0.888324
0.895424
0.915268
0.935394
0.953626
0.968913
0.978538
0.981669
0.981698
0.980585
0.976826
0.965032
0.943632
0.92691
0.911302
0.887324
0.836165
0.722039
0.579036
0.440978
0.326936
0.238878
0.171171
0.119795
0.0816838
0.054212
0.0350235
0.0220451
0.0135377
0.00812541
0.00477589
0.0027555
0.001564
0.00087581
0.000484793
0.000266119
0.000144873
7.84527e-05
4.20445e-05
2.23879e-05
1.16765e-05
6.02849e-06
2.99861e-06
1.45818e-06
7.08809e-07
2.31465e-07
0.024338
0.0984004
0.250929
0.371643
0.471606
0.51615
0.534015
0.532701
0.528175
0.517128
0.502838
0.482765
0.450723
0.416685
0.376756
0.340992
0.319381
0.301374
0.283873
0.266938
0.251852
0.238847
0.228866
0.221402
0.215112
0.210268
0.208055
0.20678
0.206129
0.206209
0.206957
0.207505
0.207368
0.205985
0.204004
0.201736
0.200228
0.200921
0.209521
0.232094
0.27144
0.315755
0.358121
0.390446
0.409216
0.42133
0.423086
0.419314
0.402494
0.35253
0.288272
0.216324
0.167429
0.156448
0.160183
0.172649
0.210897
0.308287
0.423422
0.503636
0.536699
0.585489
0.601477
0.585907
0.548395
0.644631
0.809975
0.880043
0.894936
0.897876
0.898235
0.896838
0.892317
0.880869
0.858126
0.817542
0.782538
0.766144
0.759697
0.758738
0.762685
0.773947
0.784761
0.794543
0.809124
0.814282
0.815462
0.814992
0.810471
0.803129
0.793969
0.783421
0.771944
0.760922
0.75189
0.745511
0.742017
0.739917
0.739156
0.739812
0.745024
0.754694
0.766766
0.778592
0.788645
0.799142
0.810144
0.819679
0.827599
0.834392
0.840136
0.844152
0.846274
0.846783
0.846094
0.844505
0.843781
0.845274
0.848967
0.853911
0.860531
0.869184
0.881488
0.899883
0.921185
0.942284
0.959148
0.968374
0.972594
0.973294
0.970361
0.955174
0.928022
0.904279
0.889174
0.882827
0.881697
0.883089
0.892015
0.916184
0.93874
0.956301
0.969575
0.979777
0.986997
0.99041
0.991108
0.991003
0.990368
0.988395
0.981839
0.964572
0.950202
0.936548
0.909918
0.84262
0.682419
0.513111
0.372327
0.264327
0.18344
0.124244
0.0821117
0.0530134
0.0335026
0.0207851
0.0126958
0.00766204
0.00457864
0.00271721
0.00159996
0.000936238
0.000540987
0.000309301
0.000172678
9.48477e-05
5.02014e-05
2.5869e-05
1.31052e-05
5.37374e-06
0.252462
0.461314
0.546202
0.570545
0.566692
0.559311
0.547115
0.530297
0.494677
0.435312
0.385999
0.351213
0.325866
0.306672
0.289892
0.273607
0.256335
0.238489
0.22866
0.225741
0.225308
0.226914
0.233138
0.243771
0.258994
0.278135
0.297732
0.315884
0.330992
0.341879
0.348102
0.350685
0.348521
0.341135
0.330978
0.317549
0.302124
0.285128
0.270803
0.262357
0.256684
0.255721
0.263176
0.284768
0.313679
0.357569
0.390395
0.408556
0.418325
0.417419
0.412442
0.401837
0.375505
0.343062
0.340961
0.348868
0.373072
0.41348
0.469685
0.522873
0.554976
0.615873
0.653706
0.643547
0.707824
0.823601
0.87783
0.894614
0.897422
0.897586
0.895046
0.886307
0.86475
0.819843
0.776796
0.758415
0.752294
0.752293
0.76071
0.772406
0.796638
0.824195
0.834955
0.838998
0.839296
0.832675
0.815782
0.793799
0.772121
0.74467
0.712892
0.680656
0.653087
0.631641
0.617819
0.613088
0.612596
0.614639
0.618912
0.624567
0.631539
0.640797
0.652936
0.667887
0.68563
0.706366
0.731498
0.760206
0.789789
0.818455
0.84052
0.859593
0.876653
0.889044
0.898092
0.905146
0.907969
0.906155
0.900114
0.891643
0.881536
0.872801
0.868586
0.870509
0.877742
0.889063
0.906423
0.931319
0.955972
0.972697
0.980262
0.982475
0.981798
0.974142
0.94645
0.91486
0.894994
0.886521
0.884995
0.886585
0.896962
0.922454
0.944257
0.961257
0.973903
0.982707
0.988677
0.993001
0.995689
0.996679
0.996695
0.996244
0.995181
0.993858
0.991234
0.985555
0.973878
0.950065
0.891653
0.733648
0.545914
0.391088
0.272986
0.186522
0.124962
0.0823036
0.0534339
0.0343043
0.0218146
0.0137668
0.00860898
0.00533422
0.00325577
0.00195672
0.00114678
0.000657116
0.000363857
0.000194671
0.000102613
4.56763e-05
0.588912
0.597707
0.596139
0.585634
0.563922
0.527689
0.48474
0.442421
0.404396
0.366296
0.312366
0.290043
0.286451
0.286257
0.286106
0.284326
0.28378
0.291541
0.309087
0.3364
0.371227
0.414248
0.463472
0.508932
0.552483
0.590428
0.622029
0.647144
0.665158
0.674398
0.678078
0.674481
0.662743
0.645501
0.623754
0.59923
0.570904
0.540219
0.508304
0.473727
0.439214
0.402408
0.366088
0.334809
0.314903
0.307596
0.308914
0.322088
0.357296
0.388706
0.403116
0.415062
0.423589
0.426044
0.428942
0.434648
0.446841
0.464471
0.508026
0.541287
0.591796
0.707866
0.738962
0.766604
0.835407
0.876985
0.892497
0.896053
0.896505
0.89294
0.880917
0.851552
0.789856
0.760452
0.748935
0.746933
0.754414
0.767603
0.802286
0.832708
0.842554
0.843786
0.835939
0.816817
0.787524
0.741759
0.685341
0.638948
0.605426
0.581536
0.567339
0.557132
0.553938
0.553378
0.554505
0.558213
0.564729
0.573304
0.582979
0.592285
0.59966
0.60606
0.61235
0.618483
0.624197
0.629549
0.635718
0.644622
0.658749
0.681324
0.717002
0.762807
0.816268
0.862161
0.889492
0.90937
0.923757
0.934359
0.942436
0.948427
0.951957
0.950933
0.941642
0.922806
0.904386
0.892342
0.891231
0.897897
0.913008
0.934552
0.959412
0.977369
0.985427
0.987597
0.986961
0.979872
0.951751
0.919267
0.901004
0.894395
0.893907
0.896957
0.912931
0.93886
0.957583
0.970993
0.980974
0.988076
0.992713
0.995542
0.997336
0.998386
0.99882
0.998885
0.998828
0.998544
0.997708
0.995589
0.990292
0.977205
0.94409
0.844042
0.648344
0.47316
0.335548
0.233347
0.160099
0.108763
0.0732118
0.0488506
0.0322423
0.0210163
0.0134614
0.00845475
0.00517251
0.00307948
0.00177473
0.000983259
0.000537539
0.000253516
0.610958
0.608931
0.600363
0.576907
0.542677
0.498663
0.449972
0.405439
0.378027
0.35266
0.331286
0.326111
0.332328
0.354287
0.381133
0.424506
0.48573
0.542145
0.609288
0.665951
0.718668
0.762239
0.79759
0.828454
0.850437
0.869621
0.881744
0.890556
0.895258
0.897165
0.896231
0.890114
0.879316
0.863306
0.841157
0.81448
0.78295
0.74751
0.710501
0.676702
0.645824
0.61957
0.592581
0.562622
0.527237
0.489528
0.450072
0.412548
0.390185
0.386399
0.388605
0.402467
0.422949
0.434648
0.44903
0.465459
0.47658
0.488368
0.522203
0.558321
0.636433
0.763956
0.800715
0.841746
0.876
0.889909
0.893818
0.894696
0.890645
0.875432
0.836349
0.777765
0.751124
0.742959
0.742418
0.753039
0.777409
0.821206
0.837674
0.840997
0.836335
0.814874
0.764976
0.676096
0.577693
0.537844
0.524225
0.522047
0.523994
0.529706
0.533981
0.537073
0.539833
0.54218
0.54566
0.550734
0.558071
0.567376
0.578168
0.588856
0.59697
0.603313
0.609063
0.614406
0.618973
0.62223
0.624429
0.626223
0.628675
0.633258
0.641531
0.656879
0.686992
0.738025
0.793051
0.839905
0.877597
0.90538
0.927326
0.944219
0.956428
0.965224
0.971104
0.974283
0.973743
0.964758
0.941469
0.921224
0.912873
0.915057
0.92806
0.94872
0.970144
0.984185
0.98987
0.990891
0.989519
0.979648
0.949206
0.924085
0.912251
0.909617
0.910556
0.917481
0.939148
0.959179
0.972805
0.982009
0.988362
0.992836
0.995797
0.997586
0.998626
0.99924
0.999538
0.999613
0.9996
0.99949
0.999085
0.997874
0.994436
0.984719
0.957523
0.873328
0.686193
0.512953
0.374317
0.268715
0.190547
0.133687
0.0926728
0.0632907
0.0423863
0.0277439
0.0176685
0.0109158
0.00653297
0.00374888
0.00212313
0.0010536
0.612946
0.613152
0.610714
0.599921
0.556289
0.493032
0.457452
0.434567
0.424368
0.422037
0.444024
0.482973
0.528735
0.591428
0.654681
0.713882
0.760601
0.806
0.845114
0.871337
0.899276
0.915385
0.927904
0.939589
0.944715
0.949749
0.953847
0.955888
0.958382
0.960515
0.961424
0.961148
0.958681
0.952367
0.94058
0.919596
0.890341
0.851456
0.805199
0.76367
0.72734
0.702113
0.682238
0.66299
0.645651
0.626169
0.606927
0.5903
0.567705
0.527818
0.486593
0.464508
0.460329
0.462171
0.470672
0.48276
0.492133
0.513365
0.556966
0.586556
0.679177
0.807076
0.841941
0.872538
0.886784
0.891131
0.892385
0.888539
0.872523
0.828192
0.771983
0.746135
0.738498
0.738429
0.748426
0.778658
0.823609
0.836703
0.837126
0.824624
0.779012
0.671801
0.544122
0.492825
0.473424
0.468982
0.474779
0.497711
0.516959
0.530029
0.537294
0.543065
0.546913
0.549057
0.55165
0.554979
0.560679
0.569004
0.579933
0.592519
0.602744
0.60918
0.61356
0.61755
0.621362
0.62404
0.625432
0.626226
0.627236
0.629393
0.633215
0.639049
0.6516
0.679695
0.716871
0.754117
0.791737
0.830242
0.865385
0.8971
0.924459
0.946743
0.963598
0.97498
0.981942
0.985523
0.986248
0.98266
0.965328
0.943266
0.933737
0.93493
0.946692
0.966273
0.982194
0.990493
0.993072
0.993028
0.989978
0.974587
0.949795
0.935314
0.930257
0.930164
0.933094
0.945907
0.964076
0.976631
0.98489
0.990298
0.993874
0.996276
0.997863
0.998824
0.999368
0.999665
0.999801
0.999831
0.99982
0.999738
0.99942
0.998395
0.995279
0.986015
0.959153
0.874827
0.697471
0.535036
0.402239
0.297386
0.216155
0.154193
0.107608
0.0732165
0.0484206
0.0310088
0.0192408
0.0114347
0.00670319
0.00348792
0.61972
0.623607
0.622229
0.606163
0.563498
0.528836
0.518631
0.517708
0.544076
0.586823
0.638617
0.693647
0.744901
0.794463
0.838713
0.872015
0.896431
0.9198
0.930838
0.94249
0.948779
0.952721
0.956545
0.958206
0.959008
0.959392
0.960941
0.962753
0.964468
0.968475
0.972576
0.975651
0.978769
0.980473
0.98157
0.979633
0.973467
0.959972
0.934858
0.887838
0.829822
0.78064
0.755692
0.731862
0.712172
0.689823
0.665684
0.643174
0.624686
0.612137
0.60499
0.593457
0.571416
0.551279
0.539734
0.5378
0.541335
0.565296
0.58699
0.606199
0.722716
0.835989
0.865024
0.882223
0.887944
0.889808
0.886659
0.87115
0.826654
0.769993
0.742474
0.734089
0.733763
0.742476
0.769288
0.819732
0.834712
0.835627
0.820834
0.760581
0.611256
0.479276
0.43286
0.41693
0.413788
0.425288
0.460856
0.489014
0.523107
0.55838
0.577007
0.58234
0.58314
0.583179
0.581455
0.5797
0.579385
0.58311
0.591573
0.605922
0.619513
0.626814
0.629723
0.63082
0.632517
0.633723
0.633936
0.633308
0.632174
0.631729
0.633322
0.636794
0.642339
0.655235
0.682065
0.712886
0.745014
0.778663
0.812179
0.84542
0.877989
0.907757
0.933567
0.955001
0.97154
0.98296
0.989283
0.992033
0.992366
0.989493
0.974749
0.956744
0.95117
0.953429
0.966198
0.981733
0.990902
0.994471
0.994974
0.994025
0.988264
0.971566
0.958212
0.951906
0.950672
0.951716
0.957385
0.970919
0.981447
0.988309
0.992647
0.995403
0.997174
0.99832
0.999053
0.999495
0.999739
0.999864
0.99991
0.999914
0.999897
0.999803
0.999465
0.998379
0.99508
0.985359
0.957516
0.870684
0.703597
0.549857
0.419931
0.31327
0.227835
0.161089
0.110517
0.0733121
0.0471131
0.0289804
0.0175692
0.00956017
0.622732
0.626115
0.625767
0.612921
0.589689
0.583186
0.591503
0.633075
0.686296
0.742483
0.790928
0.836629
0.869154
0.897698
0.917622
0.928476
0.935272
0.940209
0.942332
0.943597
0.94396
0.941593
0.936141
0.929924
0.924052
0.920611
0.919318
0.920194
0.924932
0.933399
0.944933
0.958604
0.969579
0.979124
0.985042
0.98768
0.988555
0.988163
0.983277
0.970359
0.943591
0.895704
0.854692
0.826095
0.803082
0.786364
0.766789
0.735243
0.694702
0.652766
0.616808
0.600107
0.595365
0.593244
0.590853
0.589833
0.590078
0.597709
0.601224
0.618835
0.763277
0.853691
0.875037
0.883883
0.886863
0.885123
0.871145
0.826158
0.770461
0.739772
0.728582
0.726228
0.735573
0.755131
0.809077
0.832572
0.835965
0.825193
0.770615
0.616625
0.45219
0.392248
0.369808
0.362487
0.361927
0.381705
0.411818
0.453479
0.522826
0.565679
0.596721
0.609414
0.613174
0.61356
0.611454
0.609248
0.60807
0.607376
0.609669
0.619677
0.632853
0.640763
0.646249
0.64903
0.649693
0.649655
0.649248
0.648171
0.645727
0.642266
0.639426
0.638918
0.641053
0.646481
0.655451
0.667478
0.68385
0.710074
0.750336
0.796623
0.841933
0.881186
0.911818
0.935005
0.953539
0.968847
0.981678
0.990253
0.994326
0.995578
0.995246
0.990967
0.976005
0.966294
0.965331
0.970024
0.983036
0.991761
0.995487
0.996308
0.996016
0.993794
0.985487
0.975543
0.969731
0.96763
0.967771
0.970099
0.977991
0.986158
0.991487
0.994797
0.996825
0.998075
0.998855
0.999342
0.999641
0.999814
0.999906
0.999946
0.999955
0.999951
0.999922
0.999801
0.999401
0.998173
0.994562
0.984182
0.954745
0.863271
0.698417
0.545498
0.413524
0.303751
0.21604
0.148344
0.0986541
0.0628323
0.0394233
0.0224042
0.624574
0.632232
0.635522
0.634381
0.631742
0.646353
0.683456
0.743424
0.797679
0.842679
0.875884
0.901514
0.914404
0.924623
0.929011
0.931032
0.931791
0.929219
0.92009
0.906999
0.894509
0.882117
0.874686
0.869782
0.867725
0.866901
0.866456
0.866284
0.867146
0.86975
0.87544
0.886859
0.91055
0.938237
0.966739
0.980627
0.988525
0.991654
0.992592
0.990824
0.982264
0.958664
0.900406
0.864882
0.836538
0.820999
0.811392
0.801381
0.784082
0.761137
0.725766
0.653904
0.609689
0.595552
0.592855
0.593491
0.599867
0.604976
0.604498
0.623826
0.783545
0.863574
0.878412
0.883214
0.883585
0.873163
0.833321
0.771786
0.736923
0.722335
0.718118
0.725803
0.741333
0.783533
0.826615
0.836404
0.8331
0.8011
0.683561
0.469436
0.371869
0.328732
0.305617
0.289905
0.284031
0.288544
0.328259
0.3876
0.468122
0.547952
0.59391
0.614525
0.623574
0.624665
0.622645
0.621223
0.621149
0.622833
0.626671
0.631504
0.639736
0.646896
0.653055
0.657588
0.660666
0.662847
0.664447
0.665909
0.666803
0.663531
0.657345
0.652495
0.649842
0.649649
0.65271
0.659067
0.667359
0.681116
0.709374
0.75443
0.804229
0.851504
0.892042
0.923284
0.945535
0.961442
0.973266
0.98326
0.991112
0.995487
0.997098
0.997201
0.995723
0.987304
0.977577
0.975313
0.976923
0.98525
0.993015
0.996408
0.997346
0.997299
0.996407
0.992645
0.986128
0.981601
0.979483
0.97919
0.980185
0.984524
0.990316
0.994159
0.99652
0.997934
0.998778
0.999286
0.999591
0.999775
0.999882
0.999941
0.999968
0.999976
0.999976
0.999965
0.99992
0.999763
0.999277
0.997843
0.993664
0.981443
0.945014
0.831189
0.658297
0.502685
0.370735
0.263447
0.181136
0.119227
0.0772214
0.0457526
0.629632
0.648259
0.654177
0.664948
0.683884
0.714526
0.763601
0.821106
0.863344
0.891755
0.908191
0.917391
0.921419
0.923316
0.923485
0.915926
0.899649
0.885586
0.873464
0.868081
0.864129
0.862379
0.861753
0.861664
0.862309
0.86258
0.862387
0.861439
0.859977
0.858448
0.857711
0.8574
0.858693
0.86838
0.894292
0.93691
0.970638
0.98659
0.992963
0.994614
0.994498
0.988311
0.96713
0.913722
0.861608
0.835531
0.823504
0.815424
0.802415
0.784422
0.76921
0.75264
0.703589
0.642524
0.608089
0.59957
0.602014
0.605161
0.604819
0.625924
0.789579
0.868902
0.87848
0.881411
0.875748
0.842985
0.776195
0.734749
0.716102
0.708974
0.713223
0.726667
0.752909
0.809813
0.834625
0.838122
0.82489
0.748914
0.56777
0.38238
0.30885
0.272114
0.241865
0.222858
0.215465
0.215036
0.239652
0.2859
0.373684
0.492138
0.572489
0.61455
0.631336
0.635134
0.634132
0.632322
0.631776
0.633405
0.639245
0.648794
0.655793
0.660927
0.66338
0.664631
0.666205
0.668554
0.671317
0.675055
0.681391
0.688475
0.690088
0.685463
0.680361
0.677313
0.67556
0.675558
0.678223
0.686462
0.707253
0.750069
0.798742
0.845172
0.885534
0.917826
0.941844
0.95887
0.970856
0.979713
0.986955
0.992872
0.99652
0.997992
0.998169
0.997411
0.99226
0.984684
0.982531
0.983202
0.988344
0.994496
0.997299
0.998202
0.998259
0.997914
0.996299
0.992195
0.988851
0.987138
0.986741
0.987211
0.989688
0.993565
0.996199
0.997804
0.998737
0.999276
0.999589
0.999771
0.999876
0.999936
0.999968
0.999983
0.999988
0.999988
0.999984
0.999964
0.999896
0.999681
0.999027
0.997049
0.990966
0.971824
0.909524
0.745348
0.570289
0.419664
0.298343
0.202863
0.135534
0.0833674
0.633471
0.657063
0.672693
0.697594
0.732746
0.768221
0.818268
0.867498
0.892924
0.907732
0.914406
0.917272
0.918272
0.913456
0.898024
0.881565
0.873411
0.868925
0.867109
0.866691
0.866866
0.870035
0.87156
0.87317
0.87382
0.87407
0.874162
0.873952
0.87308
0.870751
0.866503
0.859853
0.853849
0.851724
0.852261
0.864711
0.90721
0.959148
0.983949
0.993698
0.996465
0.997071
0.993768
0.979225
0.927283
0.863088
0.833793
0.821911
0.808799
0.789324
0.766622
0.745226
0.730997
0.698034
0.652058
0.622003
0.609613
0.605917
0.605311
0.633082
0.807265
0.871845
0.8779
0.877208
0.861209
0.794337
0.737163
0.7097
0.698661
0.69984
0.710799
0.729011
0.776476
0.823876
0.838192
0.838
0.810436
0.716565
0.507856
0.340884
0.274982
0.23645
0.204157
0.188615
0.183168
0.185948
0.199366
0.227477
0.285333
0.412904
0.533114
0.60937
0.643552
0.653803
0.654838
0.654024
0.653902
0.656364
0.664486
0.675881
0.685553
0.688661
0.687118
0.682382
0.678126
0.676286
0.676472
0.679046
0.684932
0.694957
0.710151
0.725043
0.731942
0.734076
0.734487
0.733174
0.733209
0.737776
0.750969
0.782975
0.82421
0.861977
0.89475
0.92179
0.942917
0.958794
0.970451
0.979045
0.985572
0.990765
0.994914
0.997549
0.998621
0.998735
0.99817
0.994366
0.989021
0.987552
0.98802
0.991545
0.996011
0.998091
0.998824
0.998918
0.998772
0.997998
0.995594
0.993272
0.992071
0.991772
0.992006
0.993499
0.995974
0.997661
0.998691
0.999281
0.999608
0.999787
0.999885
0.99994
0.999969
0.999985
0.999992
0.999994
0.999994
0.999992
0.999982
0.999947
0.999832
0.999464
0.998288
0.994455
0.981704
0.938614
0.80134
0.611128
0.449493
0.315757
0.217553
0.138638
0.638012
0.675371
0.700525
0.726582
0.767159
0.807996
0.851469
0.887244
0.90316
0.910652
0.913629
0.914319
0.907931
0.889536
0.877352
0.871382
0.869182
0.868613
0.86871
0.872046
0.874238
0.875267
0.875656
0.875817
0.875844
0.875832
0.875949
0.876465
0.877103
0.877868
0.878276
0.87755
0.87258
0.859661
0.849299
0.846749
0.855331
0.888003
0.952713
0.982782
0.994527
0.997839
0.998485
0.996292
0.984066
0.931214
0.862002
0.832936
0.819502
0.796309
0.767898
0.733504
0.693705
0.670715
0.644911
0.622609
0.610866
0.606615
0.608337
0.669838
0.845299
0.872848
0.876289
0.867253
0.820109
0.746978
0.709266
0.692161
0.687238
0.69476
0.709257
0.734197
0.794824
0.83211
0.842147
0.839014
0.805426
0.691392
0.4716
0.312182
0.245998
0.20951
0.184123
0.172972
0.169779
0.173706
0.184412
0.20725
0.249605
0.349401
0.494484
0.599712
0.654489
0.673436
0.677381
0.677698
0.678536
0.682622
0.696341
0.709266
0.715372
0.71522
0.712106
0.702282
0.694549
0.690074
0.687791
0.687002
0.687953
0.694007
0.710435
0.735442
0.758454
0.776403
0.7889
0.796299
0.801359
0.812613
0.843412
0.881324
0.910385
0.930738
0.944676
0.954548
0.961765
0.968146
0.974623
0.980538
0.985767
0.990267
0.993927
0.99671
0.998425
0.999069
0.99909
0.99851
0.995306
0.991853
0.991065
0.991558
0.994328
0.997351
0.99875
0.999259
0.999338
0.999261
0.998803
0.997345
0.995968
0.995295
0.995147
0.995275
0.996164
0.997678
0.998683
0.999283
0.999621
0.999804
0.9999
0.999949
0.999975
0.999988
0.999994
0.999997
0.999997
0.999997
0.999996
0.99999
0.999967
0.99989
0.99963
0.998751
0.995739
0.985278
0.948834
0.824436
0.629742
0.457279
0.325
0.214283
0.642959
0.686291
0.718043
0.742573
0.794922
0.829481
0.86771
0.894983
0.905209
0.909946
0.911329
0.9073
0.89138
0.877708
0.871873
0.869758
0.869322
0.870097
0.872991
0.87443
0.874933
0.875043
0.874651
0.873826
0.873391
0.873215
0.873186
0.873482
0.874189
0.875819
0.878296
0.880308
0.880971
0.87852
0.866037
0.847443
0.846129
0.8543
0.891963
0.956364
0.98494
0.995919
0.998796
0.999273
0.997531
0.985684
0.924018
0.858093
0.835055
0.821755
0.795007
0.751187
0.694854
0.652913
0.634568
0.621065
0.613628
0.614233
0.640128
0.780151
0.863702
0.872721
0.872979
0.855268
0.779567
0.71251
0.686786
0.677952
0.680186
0.693129
0.71109
0.754325
0.812027
0.839085
0.845901
0.841649
0.809974
0.704077
0.484489
0.320674
0.248112
0.209645
0.184558
0.171471
0.168241
0.170278
0.179852
0.202271
0.239379
0.319094
0.463212
0.585245
0.656277
0.687265
0.696193
0.697839
0.699328
0.704256
0.719048
0.73233
0.734537
0.733886
0.728922
0.714862
0.704684
0.700022
0.69834
0.697711
0.697559
0.698737
0.707471
0.733477
0.762313
0.785736
0.80191
0.816765
0.835894
0.865467
0.901726
0.933312
0.956319
0.971134
0.979899
0.985258
0.988079
0.988431
0.987951
0.987842
0.988975
0.99134
0.993923
0.996283
0.998054
0.99906
0.999362
0.999311
0.998606
0.995845
0.99391
0.99362
0.9942
0.996499
0.998389
0.999246
0.999553
0.999599
0.999546
0.999228
0.998348
0.997677
0.997399
0.997364
0.997442
0.997936
0.998766
0.999314
0.999636
0.999814
0.999908
0.999955
0.999979
0.99999
0.999995
0.999998
0.999999
0.999999
0.999999
0.999998
0.999993
0.999975
0.999912
0.999689
0.998902
0.99609
0.986023
0.950018
0.827309
0.62397
0.457992
0.312299
0.644096
0.699842
0.741961
0.757706
0.800128
0.845656
0.872991
0.895594
0.904453
0.907631
0.906099
0.897274
0.882487
0.874162
0.870866
0.869804
0.87033
0.872521
0.873972
0.874554
0.874755
0.874117
0.873064
0.872413
0.872137
0.872273
0.872463
0.872589
0.872743
0.873099
0.874196
0.878212
0.881397
0.881437
0.87835
0.862039
0.846744
0.847418
0.862384
0.918753
0.968036
0.989624
0.997418
0.999438
0.999702
0.998323
0.985733
0.911579
0.849894
0.834299
0.822732
0.803467
0.762791
0.705702
0.667507
0.650472
0.649562
0.679356
0.763139
0.841375
0.868212
0.871708
0.865545
0.825043
0.745343
0.699727
0.676025
0.670257
0.67418
0.690208
0.718198
0.769105
0.816846
0.840702
0.848138
0.845575
0.822857
0.741737
0.53226
0.354188
0.264986
0.218964
0.191725
0.176144
0.173834
0.176642
0.18821
0.216856
0.247607
0.309864
0.449298
0.575326
0.65435
0.695813
0.712959
0.718209
0.721432
0.728391
0.742278
0.74871
0.750262
0.750036
0.747185
0.735321
0.721664
0.713644
0.71007
0.709215
0.709406
0.710639
0.715244
0.732885
0.763158
0.788158
0.804057
0.821744
0.853362
0.891454
0.92568
0.95237
0.970988
0.982739
0.989359
0.993028
0.995257
0.996144
0.996157
0.995725
0.99472
0.994452
0.994906
0.996422
0.997893
0.998938
0.999451
0.999548
0.999429
0.998523
0.996438
0.995567
0.995547
0.99626
0.998028
0.999099
0.999581
0.999744
0.999762
0.999719
0.999476
0.999039
0.998793
0.99872
0.998724
0.998787
0.999066
0.999444
0.999694
0.99984
0.99992
0.999962
0.999982
0.999992
0.999996
0.999998
0.999999
0.999999
0.999999
0.999999
0.999998
0.999994
0.999978
0.999918
0.999699
0.998894
0.995929
0.985058
0.946009
0.809787
0.615088
0.433746
0.646685
0.698149
0.746658
0.776138
0.801101
0.845051
0.871239
0.893706
0.902563
0.904983
0.903706
0.897332
0.882926
0.874605
0.871176
0.87006
0.87053
0.872393
0.873828
0.874421
0.874389
0.873752
0.872164
0.871412
0.871458
0.871885
0.872306
0.872506
0.872637
0.872882
0.873563
0.876215
0.880708
0.881604
0.879841
0.868191
0.849935
0.8467
0.854299
0.898679
0.955891
0.984037
0.995069
0.998745
0.99976
0.999913
0.999123
0.985621
0.898845
0.844938
0.834022
0.825904
0.813839
0.788632
0.762319
0.747727
0.754941
0.789312
0.83372
0.860245
0.868214
0.867707
0.842872
0.776094
0.708048
0.677815
0.66747
0.664054
0.6679
0.684437
0.716422
0.767687
0.814732
0.839543
0.848168
0.847988
0.836821
0.790553
0.632726
0.426821
0.309636
0.24751
0.212617
0.19166
0.189928
0.194091
0.210185
0.246165
0.278124
0.334884
0.459377
0.581551
0.664105
0.711093
0.733019
0.740593
0.745313
0.753026
0.758264
0.760482
0.761082
0.761064
0.760372
0.756251
0.744489
0.735674
0.731223
0.729651
0.729588
0.730481
0.734666
0.748519
0.77337
0.79427
0.808451
0.832494
0.868636
0.906279
0.938238
0.961973
0.977964
0.987869
0.993367
0.996136
0.997624
0.998398
0.998593
0.998551
0.99825
0.997541
0.997241
0.997309
0.997959
0.998889
0.999453
0.999661
0.999662
0.999442
0.99833
0.997175
0.996881
0.996999
0.997863
0.99897
0.999543
0.999786
0.999859
0.999863
0.999824
0.999663
0.999511
0.999452
0.999446
0.999459
0.999531
0.999698
0.999824
0.999905
0.999951
0.999976
0.999989
0.999995
0.999998
0.999999
1
1
1
1
1
0.999998
0.999994
0.999977
0.999913
0.999671
0.998756
0.995318
0.982625
0.9358
0.790309
0.578179
0.64961
0.691345
0.743242
0.778997
0.799293
0.840896
0.866549
0.889161
0.899776
0.90313
0.902735
0.89878
0.886096
0.876586
0.872265
0.870649
0.870724
0.87154
0.873218
0.874046
0.874141
0.873979
0.873402
0.872554
0.872457
0.87251
0.872635
0.872703
0.872807
0.873039
0.873707
0.876174
0.880797
0.881966
0.879967
0.868566
0.850121
0.84625
0.852691
0.892663
0.951842
0.982147
0.994342
0.998436
0.999619
0.999927
0.999968
0.999247
0.980769
0.880715
0.84218
0.834992
0.831729
0.828684
0.817617
0.811649
0.819042
0.836926
0.854852
0.863689
0.866295
0.855508
0.82311
0.757905
0.695197
0.658912
0.648123
0.650924
0.656788
0.67419
0.708981
0.760208
0.807798
0.835604
0.84721
0.848207
0.844171
0.822787
0.75019
0.564781
0.397138
0.30834
0.257683
0.227644
0.226697
0.234083
0.260154
0.298399
0.327466
0.376476
0.490692
0.606882
0.686877
0.732809
0.753639
0.761089
0.764983
0.766358
0.765758
0.765305
0.765186
0.765147
0.765083
0.764473
0.759964
0.752892
0.749079
0.748009
0.748182
0.749638
0.755733
0.776084
0.799186
0.813419
0.835641
0.866206
0.899528
0.930354
0.955331
0.972935
0.984291
0.991331
0.99547
0.997632
0.9987
0.999228
0.999414
0.999424
0.999372
0.999104
0.998664
0.998508
0.998548
0.998926
0.999456
0.999712
0.999762
0.999708
0.999284
0.998301
0.997875
0.997849
0.998111
0.998948
0.999521
0.999792
0.999898
0.999925
0.999922
0.999889
0.99982
0.999787
0.999781
0.999784
0.999802
0.999861
0.999918
0.999955
0.999976
0.999988
0.999994
0.999997
0.999999
0.999999
1
1
1
1
1
1
0.999998
0.999993
0.999974
0.999899
0.999609
0.998492
0.99427
0.978497
0.9232
0.746034
0.651141
0.675452
0.732283
0.776007
0.795938
0.832271
0.859435
0.881382
0.894476
0.900673
0.901568
0.900394
0.89453
0.88172
0.87502
0.872042
0.871213
0.87136
0.87186
0.872745
0.873456
0.873656
0.873604
0.873491
0.873416
0.87327
0.873171
0.873211
0.873354
0.873782
0.875185
0.879635
0.882978
0.882652
0.878266
0.859838
0.84681
0.846007
0.855029
0.898755
0.954697
0.98308
0.994535
0.998434
0.999601
0.999911
0.999984
0.999974
0.998759
0.968981
0.86688
0.841174
0.836064
0.83798
0.840335
0.839071
0.845212
0.853378
0.860405
0.863923
0.861762
0.850035
0.821792
0.759151
0.696483
0.657402
0.63513
0.626039
0.631803
0.649686
0.689373
0.742746
0.793279
0.82667
0.843688
0.847532
0.846334
0.838453
0.809349
0.728269
0.563281
0.442746
0.364111
0.314918
0.314809
0.322613
0.341858
0.360303
0.379824
0.420718
0.528144
0.639289
0.710475
0.748456
0.764513
0.771544
0.772865
0.772418
0.77062
0.768982
0.768259
0.768011
0.768052
0.768588
0.769452
0.768595
0.76658
0.766537
0.767308
0.76993
0.77682
0.796198
0.817465
0.844759
0.879258
0.914271
0.946135
0.969022
0.982536
0.990102
0.994252
0.99654
0.997922
0.998812
0.999341
0.999624
0.999734
0.999749
0.999738
0.99968
0.99945
0.999205
0.999141
0.999188
0.999468
0.999736
0.999819
0.99981
0.999652
0.999024
0.998559
0.998469
0.998543
0.998994
0.999526
0.999795
0.999911
0.999953
0.99996
0.999957
0.999938
0.999922
0.999918
0.999918
0.999923
0.999942
0.999965
0.999981
0.99999
0.999995
0.999997
0.999999
0.999999
1
1
1
1
1
1
1
1
0.999998
0.999992
0.999969
0.999875
0.99951
0.998099
0.992752
0.973265
0.895884
0.648436
0.664529
0.706558
0.765352
0.791852
0.81936
0.846598
0.871494
0.888148
0.897076
0.900146
0.900062
0.898572
0.893341
0.881851
0.875717
0.872953
0.871941
0.871974
0.872166
0.872453
0.872745
0.872989
0.87305
0.873072
0.873111
0.873201
0.873406
0.87389
0.875137
0.878624
0.883594
0.884091
0.882432
0.873129
0.852438
0.846258
0.84885
0.869128
0.93012
0.974578
0.991869
0.99748
0.999257
0.999789
0.999938
0.999985
0.999996
0.999952
0.997446
0.948017
0.856575
0.840746
0.839425
0.843626
0.847057
0.852998
0.85787
0.861494
0.86335
0.860738
0.850413
0.824945
0.767334
0.704097
0.660674
0.635285
0.617341
0.608831
0.615783
0.640119
0.694372
0.761807
0.807214
0.833928
0.844267
0.845073
0.842206
0.831944
0.802348
0.729422
0.619996
0.532288
0.482038
0.445239
0.417963
0.412286
0.414603
0.425498
0.467795
0.584541
0.680421
0.734972
0.761687
0.774791
0.778636
0.778936
0.778128
0.774922
0.772393
0.771286
0.771087
0.771278
0.772452
0.775972
0.779463
0.781997
0.784108
0.787763
0.79546
0.808947
0.820892
0.845102
0.880733
0.918897
0.954077
0.975461
0.986987
0.99314
0.99637
0.998046
0.998913
0.999367
0.999614
0.999756
0.999837
0.999871
0.999876
0.999872
0.999856
0.999794
0.999614
0.999499
0.999485
0.999549
0.999753
0.999853
0.99986
0.999798
0.999439
0.99902
0.998899
0.998918
0.999133
0.999558
0.999803
0.999917
0.999963
0.999978
0.99998
0.999977
0.999971
0.999969
0.999969
0.99997
0.999976
0.999985
0.999992
0.999996
0.999998
0.999999
0.999999
1
1
1
1
1
1
1
1
1
0.999999
0.999998
0.99999
0.99996
0.999841
0.999372
0.99757
0.990841
0.962449
0.60086
0.639922
0.688064
0.740002
0.782535
0.810936
0.834679
0.857125
0.875686
0.889334
0.896873
0.899042
0.898778
0.897575
0.894116
0.886435
0.878878
0.875092
0.873499
0.872899
0.872811
0.872856
0.872973
0.873048
0.873192
0.873486
0.874012
0.874812
0.876368
0.879986
0.884853
0.885738
0.884701
0.879072
0.860421
0.849654
0.849655
0.859478
0.903452
0.961425
0.986463
0.995482
0.998566
0.999566
0.999876
0.999968
0.999991
0.999998
0.999998
0.999864
0.994334
0.924625
0.852464
0.841212
0.842536
0.847011
0.853397
0.858083
0.861443
0.86253
0.860839
0.853072
0.834502
0.791915
0.725012
0.672797
0.640216
0.618519
0.603598
0.596281
0.602644
0.624043
0.676739
0.75668
0.806173
0.831286
0.839268
0.838972
0.833933
0.821315
0.793782
0.724965
0.651308
0.594281
0.528847
0.472921
0.451106
0.451081
0.464545
0.53003
0.642209
0.712956
0.751287
0.771513
0.780773
0.784067
0.784254
0.782484
0.777638
0.774544
0.77333
0.773176
0.773561
0.775702
0.781457
0.786885
0.790873
0.795169
0.803528
0.822418
0.839654
0.862217
0.894289
0.927675
0.957803
0.977276
0.988405
0.99411
0.996969
0.99843
0.999177
0.999556
0.999748
0.999845
0.999894
0.999918
0.999926
0.999926
0.999922
0.999914
0.999894
0.999823
0.999704
0.999661
0.999669
0.99976
0.999867
0.999888
0.999861
0.999661
0.999324
0.999204
0.999205
0.999315
0.999622
0.999826
0.999926
0.999969
0.999985
0.999989
0.99999
0.999989
0.999988
0.999988
0.999988
0.99999
0.999994
0.999996
0.999998
0.999999
0.999999
1
1
1
1
1
1
1
1
1
1
1
0.999999
0.999997
0.999987
0.999949
0.999794
0.999192
0.996898
0.986889
0.499839
0.602295
0.659389
0.715374
0.762933
0.797878
0.824834
0.84777
0.865869
0.880305
0.890992
0.896359
0.898038
0.897855
0.897163
0.895261
0.891137
0.885672
0.880413
0.877397
0.875867
0.87512
0.874888
0.875006
0.8754
0.876287
0.877708
0.879744
0.883678
0.887073
0.887366
0.886502
0.882044
0.865477
0.851805
0.850683
0.857211
0.885311
0.952879
0.984392
0.995035
0.998486
0.999555
0.999872
0.999963
0.999989
0.999997
0.999999
1
0.999994
0.99957
0.987511
0.90319
0.850542
0.843405
0.845011
0.851759
0.857249
0.860902
0.861836
0.8608
0.856785
0.84499
0.818893
0.77347
0.708976
0.658209
0.626584
0.606043
0.593907
0.587214
0.591369
0.607312
0.644486
0.718781
0.785475
0.814758
0.824056
0.823278
0.816299
0.797682
0.749768
0.689201
0.623261
0.546662
0.492717
0.477711
0.480904
0.509
0.605825
0.690994
0.739312
0.767163
0.78193
0.787462
0.788282
0.787822
0.784569
0.779367
0.77678
0.776025
0.776057
0.776858
0.780771
0.789589
0.796068
0.801167
0.808997
0.825828
0.846798
0.875157
0.909531
0.943367
0.968905
0.983081
0.990899
0.995152
0.997441
0.998662
0.999304
0.999635
0.999802
0.999884
0.999923
0.99994
0.999945
0.999945
0.999943
0.999936
0.99993
0.999922
0.999899
0.999823
0.999762
0.999754
0.999783
0.999871
0.999902
0.999891
0.999778
0.999518
0.99941
0.999405
0.99947
0.999691
0.999856
0.999938
0.999975
0.999989
0.999994
0.999995
0.999995
0.999995
0.999995
0.999995
0.999995
0.999997
0.999998
0.999999
0.999999
1
1
1
1
1
1
1
1
1
1
1
1
1
0.999999
0.999996
0.999984
0.999933
0.999733
0.998955
0.995508
0.47625
0.613417
0.63258
0.678283
0.739006
0.776101
0.807203
0.83196
0.852435
0.867739
0.880092
0.889748
0.895102
0.896994
0.896996
0.896715
0.895907
0.894056
0.891689
0.888919
0.885987
0.884345
0.883238
0.883372
0.883924
0.885066
0.886952
0.88861
0.889282
0.889011
0.887986
0.883849
0.868965
0.851555
0.849529
0.854757
0.878938
0.944237
0.980765
0.993699
0.998029
0.999408
0.999827
0.99995
0.999985
0.999995
0.999998
0.999999
1
1
0.999975
0.99865
0.973903
0.884189
0.84936
0.84523
0.847163
0.853883
0.859016
0.860445
0.860127
0.857642
0.850641
0.833514
0.806562
0.764314
0.709113
0.65408
0.619208
0.598442
0.58723
0.581601
0.582624
0.591019
0.615682
0.666964
0.727223
0.764468
0.773173
0.770915
0.760242
0.728501
0.678218
0.608395
0.536381
0.502752
0.500185
0.513277
0.579035
0.671777
0.726854
0.760333
0.779714
0.788539
0.791504
0.791899
0.791101
0.786692
0.782079
0.779934
0.779378
0.779561
0.781021
0.787076
0.798637
0.807632
0.817095
0.833679
0.853146
0.881677
0.917404
0.952882
0.974682
0.986333
0.992628
0.996027
0.997863
0.998859
0.999398
0.999685
0.999832
0.999904
0.999938
0.999951
0.999955
0.999955
0.999952
0.999946
0.999937
0.999931
0.999927
0.999918
0.999885
0.999824
0.999805
0.999813
0.999869
0.999907
0.999904
0.999838
0.999638
0.99954
0.999532
0.999575
0.999742
0.999878
0.999947
0.999979
0.999991
0.999996
0.999997
0.999998
0.999998
0.999998
0.999998
0.999998
0.999998
0.999999
0.999999
1
1
1
1
1
1
1
1
1
1
1
1
1
1
1
0.999999
0.999995
0.999978
0.999912
0.999648
0.99847
0.512156
0.639646
0.636382
0.654524
0.705228
0.755538
0.788846
0.815635
0.837315
0.85526
0.868424
0.880495
0.888938
0.893806
0.895726
0.89628
0.896175
0.895868
0.895138
0.894479
0.893348
0.89226
0.891599
0.89135
0.891303
0.891234
0.891094
0.890771
0.890221
0.888856
0.884403
0.869986
0.849539
0.847135
0.851584
0.873999
0.937372
0.977875
0.992589
0.997635
0.999278
0.999787
0.999938
0.999982
0.999994
0.999998
0.999999
1
1
1
0.999999
0.999881
0.996091
0.952069
0.87163
0.848889
0.846512
0.848164
0.853705
0.856564
0.857486
0.856505
0.852135
0.840308
0.822305
0.796394
0.760362
0.717504
0.663938
0.620202
0.596306
0.584189
0.578933
0.577017
0.58089
0.593335
0.621542
0.647766
0.654144
0.65309
0.646933
0.633708
0.607383
0.555214
0.522007
0.517125
0.525163
0.571082
0.660674
0.717312
0.754048
0.776814
0.789064
0.794748
0.796351
0.796278
0.793973
0.788144
0.784391
0.782919
0.782831
0.783468
0.786527
0.795903
0.809199
0.822403
0.842167
0.863512
0.893039
0.926586
0.958599
0.978088
0.988322
0.993743
0.996636
0.998184
0.99902
0.999475
0.999722
0.999852
0.999917
0.999947
0.999958
0.999961
0.99996
0.999958
0.999949
0.999936
0.999928
0.999925
0.999923
0.99992
0.999907
0.999862
0.999834
0.999834
0.999867
0.999906
0.999908
0.999869
0.999716
0.999624
0.999614
0.999644
0.999776
0.999894
0.999954
0.999981
0.999993
0.999997
0.999998
0.999999
0.999999
0.999999
0.999999
0.999999
0.999999
0.999999
1
1
1
1
1
1
1
1
1
1
1
1
1
1
1
1
1
0.999998
0.999993
0.999971
0.999881
0.999478
0.555283
0.644458
0.641152
0.648893
0.67422
0.723044
0.765078
0.79559
0.818746
0.837844
0.852696
0.865068
0.875795
0.885613
0.891233
0.893887
0.895136
0.89538
0.895257
0.894999
0.894664
0.8942
0.893677
0.893224
0.892801
0.892165
0.891584
0.890773
0.888868
0.883518
0.867873
0.845569
0.843206
0.847412
0.869375
0.932746
0.975859
0.991756
0.997317
0.999166
0.99975
0.999927
0.999979
0.999994
0.999998
0.999999
1
1
1
1
1
0.999989
0.999437
0.989529
0.925993
0.864097
0.848817
0.847255
0.84853
0.851379
0.85251
0.852657
0.85094
0.843873
0.82993
0.812497
0.78937
0.761339
0.725163
0.681962
0.634878
0.603001
0.586423
0.578555
0.576071
0.576895
0.581437
0.589336
0.590426
0.58898
0.582875
0.575197
0.55813
0.538647
0.534819
0.541387
0.579156
0.659299
0.713584
0.749864
0.772575
0.786415
0.795166
0.799771
0.800916
0.799966
0.794932
0.789426
0.786893
0.786424
0.78676
0.788648
0.795333
0.80926
0.824796
0.847331
0.870834
0.903527
0.937499
0.966361
0.981761
0.990089
0.994622
0.997091
0.998427
0.999148
0.999539
0.999752
0.999867
0.999926
0.999953
0.999963
0.999966
0.999965
0.999961
0.999954
0.999927
0.999893
0.999888
0.999893
0.999905
0.99991
0.999907
0.999887
0.999851
0.999845
0.99986
0.999901
0.999907
0.999884
0.999769
0.999683
0.999671
0.999693
0.9998
0.999904
0.999958
0.999983
0.999993
0.999997
0.999999
0.999999
0.999999
0.999999
0.999999
0.999999
1
1
1
1
1
1
1
1
1
1
1
1
1
1
1
1
1
1
1
0.999999
0.999998
0.99999
0.99996
0.999822
0.56832
0.669698
0.661656
0.650026
0.661661
0.691091
0.733799
0.770954
0.799027
0.821252
0.838856
0.852074
0.863147
0.871731
0.880111
0.886111
0.890506
0.892519
0.8936
0.893889
0.893839
0.893642
0.893295
0.892859
0.892032
0.891182
0.889846
0.886983
0.880049
0.86112
0.839157
0.837916
0.842667
0.8657
0.931245
0.974875
0.991223
0.997075
0.99907
0.999716
0.999916
0.999975
0.999993
0.999998
0.999999
1
1
1
1
1
1
0.999999
0.999922
0.997838
0.978622
0.902504
0.858758
0.848746
0.847417
0.847974
0.848859
0.848975
0.84824
0.844401
0.833682
0.821068
0.805336
0.785563
0.762979
0.734749
0.702213
0.663105
0.624339
0.598443
0.584803
0.579085
0.578488
0.578656
0.577728
0.573574
0.568681
0.562855
0.55504
0.553661
0.561968
0.603572
0.668764
0.714884
0.746884
0.768456
0.784172
0.796168
0.803346
0.805431
0.805267
0.801843
0.795059
0.791132
0.789951
0.790091
0.791345
0.796024
0.809078
0.827053
0.85263
0.878339
0.912175
0.947365
0.971886
0.984682
0.991576
0.99536
0.997456
0.998615
0.999248
0.99959
0.999777
0.999878
0.999931
0.999957
0.999967
0.999969
0.999968
0.999965
0.999954
0.999933
0.999862
0.999793
0.999789
0.9998
0.999844
0.999883
0.999895
0.99989
0.999863
0.999848
0.999855
0.99989
0.999903
0.99989
0.999807
0.999729
0.999716
0.999733
0.99982
0.999913
0.999962
0.999984
0.999994
0.999998
0.999999
1
1
1
1
1
1
1
1
1
1
1
1
1
1
1
1
1
1
1
1
1
1
1
1
1
0.999999
0.999997
0.999987
0.99994
0.551798
0.749608
0.753372
0.661272
0.653677
0.662646
0.683074
0.717892
0.759482
0.791199
0.815886
0.834193
0.848657
0.859479
0.868891
0.875998
0.881583
0.885641
0.888377
0.889809
0.890507
0.890472
0.890209
0.889554
0.888392
0.886191
0.881616
0.871422
0.846795
0.830993
0.831264
0.838217
0.864643
0.934233
0.975122
0.991009
0.996906
0.998986
0.999682
0.999903
0.999971
0.999992
0.999997
0.999999
1
1
1
1
1
1
1
1
0.999989
0.999584
0.994316
0.961364
0.883759
0.855317
0.848421
0.847167
0.847042
0.846992
0.846519
0.844241
0.835929
0.824738
0.814027
0.798456
0.784986
0.765817
0.745892
0.720384
0.695087
0.662973
0.629857
0.604873
0.592597
0.587577
0.583216
0.577889
0.575293
0.57487
0.578131
0.596997
0.640897
0.684119
0.719711
0.747073
0.767448
0.783668
0.796625
0.804979
0.808625
0.809422
0.8077
0.801807
0.796038
0.793773
0.793717
0.794553
0.797948
0.80854
0.82764
0.856284
0.885964
0.921563
0.956794
0.9766
0.987139
0.992852
0.996007
0.997774
0.998769
0.999325
0.999631
0.999797
0.999887
0.999935
0.999959
0.999969
0.999972
0.999971
0.999968
0.999956
0.999926
0.999876
0.999722
0.999588
0.999581
0.999606
0.999699
0.999811
0.999866
0.999876
0.999865
0.999847
0.999848
0.999871
0.999892
0.999887
0.999836
0.99977
0.999757
0.999769
0.999838
0.999921
0.999965
0.999986
0.999994
0.999998
0.999999
1
1
1
1
1
1
1
1
1
1
1
1
1
1
1
1
1
1
1
1
1
1
1
1
1
1
0.999999
0.999996
0.99998
0.917629
0.923107
0.96441
0.908356
0.676468
0.661968
0.665469
0.674698
0.690876
0.718307
0.747378
0.778074
0.808235
0.83214
0.84781
0.858956
0.867173
0.872978
0.87758
0.880147
0.882088
0.882315
0.88168
0.879869
0.876169
0.867825
0.850889
0.827548
0.822736
0.824933
0.836775
0.870369
0.942174
0.976678
0.991197
0.99686
0.998935
0.999655
0.999892
0.999967
0.99999
0.999997
0.999999
1
1
1
1
1
1
1
1
1
0.999999
0.999927
0.998678
0.988317
0.937731
0.874595
0.853461
0.848004
0.846818
0.846425
0.845898
0.844335
0.839121
0.827645
0.817995
0.805255
0.795014
0.783602
0.771917
0.754039
0.740222
0.718629
0.698171
0.674104
0.653469
0.638326
0.624406
0.622589
0.625094
0.633364
0.652546
0.677955
0.704978
0.730287
0.752183
0.770178
0.784884
0.797081
0.806553
0.812258
0.814262
0.813295
0.808532
0.801643
0.798147
0.797647
0.798252
0.801002
0.809066
0.828889
0.8596
0.892873
0.932177
0.964345
0.980905
0.989585
0.994223
0.996758
0.998172
0.998971
0.999425
0.99968
0.999821
0.999898
0.99994
0.999961
0.999971
0.999974
0.999974
0.999971
0.999963
0.999928
0.999844
0.999741
0.99944
0.999186
0.999173
0.99922
0.99939
0.99964
0.99979
0.999847
0.999852
0.999842
0.99984
0.999856
0.999882
0.999882
0.999857
0.999809
0.999799
0.999808
0.999862
0.999932
0.999969
0.999987
0.999995
0.999998
0.999999
1
1
1
1
1
1
1
1
1
1
1
1
1
1
1
1
1
1
1
1
1
1
1
1
1
1
1
0.999999
0.999995
0.999279
0.998523
0.998225
0.997869
0.995065
0.979498
0.934414
0.869014
0.777691
0.739057
0.73946
0.743308
0.751255
0.766446
0.781805
0.799938
0.813969
0.826427
0.837469
0.842989
0.848763
0.848572
0.846037
0.840073
0.830111
0.813965
0.811072
0.812644
0.820396
0.841677
0.895168
0.953107
0.980508
0.992381
0.997181
0.999009
0.999667
0.999893
0.999967
0.99999
0.999997
0.999999
1
1
1
1
1
1
1
1
1
1
1
0.999989
0.999736
0.99709
0.981416
0.921957
0.869932
0.852554
0.847749
0.846522
0.845895
0.844774
0.841958
0.834362
0.823234
0.810527
0.799188
0.792434
0.783486
0.771544
0.762595
0.747805
0.736472
0.721356
0.712313
0.700885
0.693636
0.69371
0.696129
0.702576
0.7147
0.729696
0.745946
0.762113
0.776463
0.788904
0.800596
0.810573
0.816963
0.819391
0.818822
0.815071
0.807793
0.803038
0.802067
0.802582
0.805121
0.812465
0.83103
0.86598
0.902513
0.945471
0.971697
0.985116
0.992037
0.995654
0.997583
0.998636
0.999224
0.999557
0.999746
0.999853
0.999912
0.999945
0.999963
0.999972
0.999975
0.999975
0.999974
0.999966
0.999942
0.999859
0.99963
0.999424
0.998884
0.998427
0.9984
0.998484
0.998778
0.999274
0.999616
0.999777
0.999822
0.999823
0.999814
0.999819
0.999851
0.999868
0.999863
0.999846
0.999842
0.999848
0.999888
0.999944
0.999975
0.99999
0.999996
0.999999
0.999999
1
1
1
1
1
1
1
1
1
1
1
1
1
1
1
1
1
1
1
1
1
1
1
1
1
1
1
1
0.999999
0.999993
0.999975
0.999956
0.999923
0.999817
0.999238
0.996835
0.990573
0.977035
0.947971
0.898096
0.853516
0.810434
0.788534
0.783796
0.784366
0.785532
0.787262
0.789401
0.789973
0.789682
0.787583
0.787692
0.789043
0.792421
0.798952
0.811691
0.836311
0.883768
0.939981
0.971565
0.987483
0.994842
0.998
0.999266
0.999744
0.999915
0.999972
0.999991
0.999997
0.999999
1
1
1
1
1
1
1
1
1
1
1
1
0.999999
0.999956
0.999387
0.995234
0.976158
0.913689
0.868342
0.852611
0.847789
0.846209
0.845389
0.843999
0.840709
0.833752
0.82229
0.807267
0.799228
0.789976
0.779855
0.771331
0.762055
0.754062
0.747053
0.742167
0.737469
0.736703
0.737404
0.739706
0.745103
0.753573
0.763815
0.774903
0.785517
0.796016
0.806322
0.815626
0.821997
0.824431
0.823976
0.821051
0.814076
0.808298
0.80681
0.807284
0.809794
0.817298
0.834584
0.872749
0.914864
0.956425
0.977706
0.988526
0.994018
0.996821
0.998272
0.999039
0.999454
0.999684
0.999812
0.999884
0.999925
0.999949
0.999963
0.999971
0.999975
0.999976
0.999975
0.999969
0.999947
0.999886
0.999708
0.999127
0.998748
0.997943
0.997189
0.997123
0.997249
0.997686
0.998578
0.999266
0.999631
0.999765
0.99979
0.999788
0.999791
0.999817
0.999852
0.999863
0.999864
0.999867
0.999878
0.999919
0.999959
0.999981
0.999992
0.999997
0.999999
1
1
1
1
1
1
1
1
1
1
1
1
1
1
1
1
1
1
1
1
1
1
1
1
1
1
1
1
1
1
1
1
0.999999
0.999998
0.999994
0.999972
0.999863
0.999478
0.998407
0.995777
0.99016
0.978437
0.965479
0.941485
0.912926
0.888113
0.871649
0.854736
0.847183
0.840179
0.837345
0.839468
0.845269
0.858372
0.875647
0.897236
0.930763
0.957578
0.976299
0.987843
0.994243
0.997467
0.998959
0.999598
0.999853
0.999949
0.999983
0.999994
0.999998
0.999999
1
1
1
1
1
1
1
1
1
1
1
1
1
1
0.999994
0.999891
0.998965
0.993756
0.973658
0.913111
0.86986
0.853765
0.848225
0.846264
0.845088
0.843813
0.840755
0.835683
0.824747
0.814427
0.803839
0.793296
0.78485
0.776912
0.770499
0.765832
0.763541
0.76334
0.763848
0.765465
0.769225
0.774688
0.781475
0.789553
0.797601
0.805167
0.813742
0.822198
0.82745
0.829133
0.828552
0.826059
0.819781
0.81359
0.811796
0.812321
0.814979
0.823014
0.842088
0.880122
0.92917
0.964582
0.982335
0.991167
0.995543
0.997715
0.9988
0.999352
0.999639
0.999791
0.999872
0.999915
0.999937
0.999951
0.999961
0.999968
0.999973
0.999975
0.999975
0.999971
0.999954
0.999896
0.999749
0.999381
0.998168
0.997495
0.996605
0.995473
0.995292
0.995444
0.995996
0.997405
0.998623
0.999328
0.999633
0.999718
0.999727
0.999727
0.99974
0.999804
0.99985
0.999865
0.99988
0.999909
0.999944
0.999971
0.999986
0.999994
0.999998
0.999999
1
1
1
1
1
1
1
1
1
1
1
1
1
1
1
1
1
1
1
1
1
1
1
1
1
1
1
1
1
1
1
1
1
1
1
0.999999
0.999995
0.999977
0.999917
0.999741
0.999303
0.998304
0.996233
0.993551
0.98875
0.982033
0.978395
0.971646
0.969168
0.967302
0.967913
0.969821
0.972886
0.976749
0.981216
0.985972
0.990432
0.994068
0.996651
0.99827
0.999177
0.999637
0.99985
0.999942
0.999979
0.999992
0.999997
0.999999
1
1
1
1
1
1
1
1
1
1
1
1
1
1
1
1
0.999999
0.999984
0.999812
0.998639
0.993196
0.97449
0.920725
0.875096
0.856617
0.8495
0.8468
0.845148
0.84373
0.841979
0.837722
0.832016
0.824028
0.815768
0.808367
0.800345
0.795134
0.790463
0.788692
0.788826
0.789676
0.791926
0.795524
0.800306
0.806224
0.811763
0.817504
0.824013
0.82941
0.832596
0.833033
0.832234
0.830103
0.824673
0.818706
0.816912
0.81758
0.820732
0.829551
0.851204
0.893256
0.944797
0.972285
0.986328
0.993315
0.996729
0.998384
0.999187
0.999578
0.999772
0.999869
0.999918
0.99994
0.999949
0.999954
0.999957
0.999963
0.999969
0.999972
0.999972
0.99997
0.999958
0.999914
0.999766
0.999426
0.998669
0.996752
0.995724
0.995038
0.993454
0.992962
0.993106
0.993699
0.995409
0.997458
0.998808
0.999444
0.999645
0.999677
0.999676
0.999685
0.999749
0.999823
0.999862
0.999896
0.99993
0.999959
0.999978
0.99999
0.999996
0.999998
0.999999
1
1
1
1
1
1
1
1
1
1
1
1
1
1
1
1
1
1
1
1
1
1
1
1
1
1
1
1
1
1
1
1
1
1
1
1
1
0.999999
0.999997
0.999988
0.999964
0.999903
0.999744
0.999514
0.999055
0.998374
0.997758
0.997104
0.996645
0.996697
0.996954
0.997294
0.997657
0.998028
0.998412
0.998805
0.999175
0.999481
0.999703
0.999844
0.999925
0.999966
0.999986
0.999994
0.999998
0.999999
1
1
1
1
1
1
1
1
1
1
1
1
1
1
1
1
1
1
1
0.999998
0.999972
0.999755
0.998555
0.993716
0.978168
0.936243
0.885549
0.862094
0.852284
0.848084
0.845629
0.84427
0.842899
0.841011
0.837141
0.833758
0.82934
0.824083
0.820473
0.817249
0.815401
0.815411
0.81593
0.817308
0.819914
0.823312
0.826777
0.830567
0.834127
0.836326
0.836761
0.836376
0.835235
0.832623
0.828379
0.823134
0.822005
0.823012
0.827095
0.838038
0.86162
0.912268
0.955893
0.978299
0.989527
0.995009
0.997635
0.998875
0.999459
0.999732
0.99986
0.99992
0.999947
0.999958
0.999958
0.999957
0.999956
0.999957
0.999961
0.999964
0.999964
0.999963
0.999956
0.999927
0.999818
0.999429
0.998708
0.997207
0.995283
0.994252
0.993457
0.99128
0.990107
0.990209
0.990857
0.992858
0.996111
0.998166
0.999156
0.999506
0.99957
0.999562
0.999561
0.999617
0.999758
0.999846
0.999901
0.99994
0.999967
0.999983
0.999992
0.999997
0.999999
0.999999
1
1
1
1
1
1
1
1
1
1
1
1
1
1
1
1
1
1
1
1
1
1
1
1
1
1
1
1
1
1
1
1
1
1
1
1
1
1
1
1
0.999999
0.999996
0.999989
0.999976
0.999953
0.999903
0.99987
0.999818
0.999815
0.999826
0.999846
0.999869
0.999891
0.999911
0.999928
0.999945
0.999961
0.999975
0.999985
0.999992
0.999996
0.999998
0.999999
1
1
1
1
1
1
1
1
1
1
1
1
1
1
1
1
1
1
1
1
1
1
1
0.999997
0.999964
0.999748
0.998728
0.994989
0.9836
0.957481
0.903162
0.872293
0.857766
0.850675
0.847276
0.845297
0.84386
0.842256
0.84138
0.839762
0.837909
0.836288
0.834874
0.834094
0.834117
0.834393
0.835085
0.8361
0.837587
0.839283
0.84015
0.840226
0.839996
0.839157
0.837252
0.833325
0.830776
0.826764
0.826806
0.828649
0.834509
0.849065
0.879126
0.934537
0.966996
0.983861
0.992307
0.996405
0.998339
0.999237
0.999648
0.999834
0.999916
0.999951
0.999964
0.999967
0.999965
0.99996
0.999952
0.999948
0.999946
0.999946
0.999946
0.999945
0.999942
0.999925
0.999857
0.999602
0.998645
0.9973
0.995866
0.994245
0.99322
0.991727
0.987852
0.985994
0.986156
0.98708
0.989517
0.99348
0.996741
0.998564
0.999251
0.99941
0.999429
0.999442
0.999512
0.999694
0.999821
0.999897
0.999944
0.999971
0.999986
0.999994
0.999997
0.999999
0.999999
1
1
1
1
1
1
1
1
1
1
1
1
1
1
1
1
1
1
1
1
1
1
1
1
1
1
1
1
1
1
1
1
1
1
1
1
1
1
1
1
1
1
1
0.999999
0.999999
0.999997
0.999995
0.999995
0.999995
0.999996
0.999996
0.999997
0.999997
0.999998
0.999998
0.999999
0.999999
0.999999
1
1
1
1
1
1
1
1
1
1
1
1
1
1
1
1
1
1
1
1
1
1
1
1
1
1
1
1
1
0.999996
0.999964
0.99979
0.999054
0.996532
0.989479
0.973355
0.937731
0.893291
0.869321
0.857027
0.851008
0.847538
0.845263
0.843916
0.843049
0.842411
0.841806
0.841344
0.841213
0.841246
0.84141
0.841581
0.841719
0.841867
0.841854
0.84166
0.84095
0.839693
0.836142
0.834449
0.831506
0.830489
0.831782
0.835794
0.84565
0.864584
0.906325
0.951743
0.976026
0.988447
0.99458
0.997512
0.998877
0.999497
0.999778
0.9999
0.999951
0.999969
0.999973
0.999972
0.999969
0.99996
0.999938
0.999917
0.999908
0.999906
0.999907
0.999908
0.999907
0.9999
0.999864
0.999707
0.999135
0.997415
0.996319
0.995229
0.993098
0.99125
0.987548
0.980798
0.978958
0.979483
0.981219
0.985199
0.99095
0.99532
0.997851
0.998963
0.999279
0.999304
0.999288
0.999318
0.999521
0.999752
0.999878
0.99994
0.999972
0.999987
0.999994
0.999998
0.999999
0.999999
0.999999
0.999999
0.999999
0.999999
0.999999
0.999999
0.999999
0.999999
0.999999
0.999999
0.999999
0.999999
0.999999
0.999999
0.999999
1
1
1
1
1
1
1
1
1
1
1
1
1
1
1
1
1
1
1
1
1
1
1
1
1
1
1
1
1
1
1
1
1
1
1
1
1
1
1
1
1
1
1
1
1
1
1
1
1
1
1
1
1
1
1
1
1
1
1
1
1
1
1
1
1
1
1
1
1
1
1
1
1
0.999996
0.999972
0.999854
0.999399
0.997944
0.994117
0.984865
0.967185
0.933159
0.895006
0.872813
0.860253
0.853114
0.849178
0.846714
0.845138
0.844104
0.843346
0.842839
0.842666
0.84252
0.842022
0.841638
0.841002
0.840565
0.839729
0.837964
0.836541
0.834215
0.833934
0.835106
0.839009
0.848659
0.8638
0.893391
0.940347
0.968804
0.98437
0.992455
0.996472
0.998393
0.999284
0.999686
0.999864
0.999942
0.999972
0.999981
0.999979
0.999975
0.999968
0.999951
0.999908
0.999851
0.999819
0.999812
0.999813
0.999825
0.999838
0.999838
0.999825
0.999748
0.999393
0.998081
0.996631
0.995638
0.994209
0.990622
0.986509
0.977904
0.969255
0.968092
0.96917
0.972249
0.979192
0.987338
0.993702
0.997248
0.99872
0.99905
0.999022
0.998947
0.999005
0.999348
0.999681
0.99985
0.999931
0.99997
0.999987
0.999994
0.999998
0.999999
0.999999
0.999999
0.999999
0.999999
0.999999
0.999999
0.999999
0.999999
0.999999
0.999999
0.999999
0.999998
0.999998
0.999998
0.999998
0.999999
0.999999
0.999999
1
1
1
1
1
1
1
1
1
1
1
1
1
1
1
1
1
1
1
1
1
1
1
1
1
1
1
1
1
1
1
1
1
1
1
1
1
1
1
1
1
1
1
1
1
1
1
1
1
1
1
1
1
1
1
1
1
1
1
1
1
1
1
1
1
1
1
1
1
1
1
1
0.999997
0.999982
0.999916
0.999677
0.998962
0.997083
0.992704
0.98382
0.967135
0.942503
0.913073
0.886642
0.870608
0.860677
0.854403
0.850585
0.848069
0.846001
0.844932
0.843821
0.843049
0.841776
0.840976
0.840739
0.839907
0.839388
0.839896
0.841975
0.846811
0.856934
0.875112
0.900058
0.939591
0.966489
0.982248
0.990994
0.995605
0.997928
0.999053
0.999578
0.999816
0.999922
0.999967
0.999984
0.999988
0.999985
0.999974
0.999952
0.999924
0.999863
0.999729
0.999635
0.999611
0.999613
0.999627
0.99968
0.999725
0.999728
0.999703
0.999536
0.99875
0.997024
0.996073
0.994788
0.992082
0.985348
0.975909
0.964303
0.956293
0.955923
0.957458
0.961668
0.971311
0.982256
0.990674
0.995842
0.998068
0.998669
0.998717
0.99869
0.998753
0.999148
0.999573
0.999799
0.999911
0.999963
0.999985
0.999994
0.999997
0.999998
0.999999
0.999999
0.999999
0.999998
0.999998
0.999998
0.999997
0.999997
0.999997
0.999997
0.999997
0.999997
0.999997
0.999997
0.999997
0.999998
0.999998
0.999999
0.999999
0.999999
0.999999
0.999999
0.999999
0.999999
0.999999
0.999999
0.999999
0.999999
0.999999
0.999999
0.999999
1
1
1
1
1
1
1
1
1
1
1
1
1
1
1
1
1
1
1
1
1
1
1
1
1
1
1
1
1
1
1
1
1
1
1
1
1
1
1
1
1
1
1
1
1
1
1
1
1
1
1
1
1
1
1
1
1
1
1
1
0.999998
0.99999
0.999959
0.999853
0.999545
0.998752
0.996983
0.993381
0.98512
0.974389
0.960461
0.938752
0.919138
0.899676
0.884273
0.873235
0.866036
0.86088
0.856593
0.85477
0.853309
0.853616
0.85474
0.857142
0.862072
0.868867
0.883057
0.901948
0.92653
0.953929
0.972652
0.984532
0.991621
0.99564
0.997816
0.998945
0.999507
0.999777
0.999902
0.999958
0.999983
0.999992
0.999992
0.99999
0.999976
0.999919
0.999849
0.999764
0.999562
0.999291
0.99919
0.999188
0.99921
0.999283
0.999451
0.999555
0.999566
0.999515
0.99915
0.997677
0.99649
0.995398
0.993138
0.987831
0.975177
0.962835
0.95112
0.944856
0.944953
0.946921
0.951814
0.963075
0.977329
0.988539
0.995053
0.997731
0.998361
0.998332
0.998161
0.998189
0.998634
0.999311
0.999685
0.999867
0.999947
0.999979
0.999992
0.999996
0.999998
0.999998
0.999998
0.999998
0.999997
0.999996
0.999995
0.999995
0.999995
0.999995
0.999995
0.999994
0.999994
0.999993
0.999993
0.999994
0.999995
0.999997
0.999998
0.999998
0.999999
0.999999
0.999999
0.999999
0.999998
0.999998
0.999998
0.999998
0.999998
0.999998
0.999998
0.999998
1
1
1
1
1
1
1
1
1
1
1
1
1
1
1
1
1
1
1
1
1
1
1
1
1
1
1
1
1
1
1
1
1
1
1
1
1
1
1
1
1
1
1
1
1
1
1
1
1
1
1
1
1
1
1
1
1
1
1
1
1
0.999999
0.999996
0.999982
0.99994
0.999822
0.999532
0.998895
0.997506
0.994812
0.989758
0.984668
0.975272
0.96597
0.95505
0.945312
0.934249
0.923941
0.916899
0.913409
0.913906
0.915937
0.920973
0.927772
0.938199
0.951616
0.96422
0.974992
0.983489
0.989676
0.99386
0.996512
0.9981
0.999006
0.999499
0.999757
0.999887
0.999949
0.999978
0.999991
0.999996
0.999995
0.999993
0.999978
0.999919
0.999731
0.999556
0.999304
0.998756
0.998383
0.998334
0.998367
0.998471
0.998736
0.999107
0.999318
0.999341
0.999234
0.998444
0.996814
0.995954
0.994323
0.990299
0.979566
0.963755
0.950658
0.940082
0.935882
0.936282
0.938531
0.943646
0.955083
0.97243
0.986039
0.993804
0.997065
0.997798
0.997719
0.997419
0.997465
0.998154
0.999107
0.999602
0.999833
0.999934
0.999974
0.99999
0.999995
0.999996
0.999996
0.999996
0.999995
0.999994
0.999993
0.999992
0.999991
0.999991
0.99999
0.999989
0.999988
0.999987
0.999987
0.999987
0.999987
0.99999
0.999993
0.999995
0.999996
0.999997
0.999997
0.999997
0.999997
0.999997
0.999996
0.999995
0.999994
0.999994
0.999994
0.999994
0.999994
1
1
1
1
1
1
1
1
1
1
1
1
1
1
1
1
1
1
1
1
1
1
1
1
1
1
1
1
1
1
1
1
1
1
1
1
1
1
1
1
1
1
1
1
1
1
1
1
1
1
1
1
1
1
1
1
1
1
1
1
1
1
1
0.999998
0.999994
0.999979
0.999942
0.999853
0.999656
0.999243
0.998343
0.996727
0.995216
0.992742
0.988955
0.986013
0.981951
0.979393
0.976457
0.9759
0.976289
0.977395
0.979614
0.982607
0.985919
0.98913
0.992003
0.994417
0.996311
0.99769
0.998623
0.999215
0.99957
0.999774
0.999885
0.999944
0.999974
0.999988
0.999995
0.999998
0.999998
0.999995
0.99998
0.999923
0.999712
0.999212
0.99878
0.997963
0.997007
0.996687
0.996715
0.996874
0.997252
0.997934
0.998624
0.999
0.999035
0.998806
0.997433
0.996258
0.995306
0.992722
0.985316
0.968926
0.953374
0.940676
0.931904
0.929616
0.930249
0.932573
0.937644
0.949723
0.968254
0.983663
0.993018
0.996689
0.997266
0.996967
0.996557
0.996682
0.997702
0.998868
0.999482
0.99978
0.999911
0.999965
0.999985
0.999992
0.999993
0.999993
0.999993
0.999991
0.99999
0.999988
0.999986
0.999985
0.999983
0.999981
0.999979
0.999976
0.999974
0.999973
0.999973
0.999974
0.999978
0.999984
0.999989
0.999992
0.999994
0.999994
0.999995
0.999994
0.999994
0.999991
0.999989
0.999987
0.999986
0.999985
0.999986
0.999985
1
1
1
1
1
1
1
1
1
1
1
1
1
1
1
1
1
1
1
1
1
1
1
1
1
1
1
1
1
1
1
1
1
1
1
1
1
1
1
1
1
1
1
1
1
1
1
1
1
1
1
1
1
1
1
1
1
1
1
1
1
1
1
1
1
0.999998
0.999995
0.999986
0.999965
0.99992
0.999821
0.999559
0.999318
0.999045
0.998528
0.997544
0.996819
0.996498
0.996098
0.996113
0.996204
0.996397
0.996754
0.997269
0.997827
0.998338
0.998774
0.999134
0.999419
0.99963
0.999776
0.99987
0.999927
0.999961
0.99998
0.99999
0.999995
0.999998
0.999999
0.999999
0.999997
0.999983
0.999923
0.999711
0.998951
0.997895
0.996562
0.994609
0.993471
0.99345
0.993653
0.994207
0.995351
0.996708
0.997942
0.998563
0.998599
0.998096
0.996506
0.995864
0.994626
0.989579
0.976403
0.960609
0.944318
0.93198
0.925607
0.924818
0.925656
0.928286
0.933434
0.945132
0.966326
0.983428
0.992795
0.996073
0.996405
0.995832
0.995305
0.995506
0.996973
0.998538
0.999346
0.999728
0.999893
0.999958
0.999981
0.999988
0.999989
0.999988
0.999985
0.999983
0.999981
0.999979
0.999976
0.999974
0.99997
0.999966
0.999959
0.999952
0.999947
0.999945
0.999944
0.999946
0.999954
0.999966
0.999975
0.999981
0.999986
0.999987
0.999988
0.999988
0.999987
0.999983
0.999975
0.99997
0.999966
0.999964
0.999964
0.999961
1
1
1
1
1
1
1
1
1
1
1
1
1
1
1
1
1
1
1
1
1
1
1
1
1
1
1
1
1
1
1
1
1
1
1
1
1
1
1
1
1
1
1
1
1
1
1
1
1
1
1
1
1
1
1
1
1
1
1
1
1
1
1
1
1
1
1
0.999999
0.999998
0.999994
0.999986
0.999963
0.999936
0.999913
0.999872
0.999755
0.999649
0.999614
0.999621
0.999641
0.999658
0.999676
0.999699
0.999742
0.999795
0.999844
0.999884
0.999916
0.999942
0.999962
0.999976
0.999985
0.999992
0.999995
0.999998
0.999999
0.999999
1
1
0.999998
0.999988
0.999926
0.999683
0.998892
0.9966
0.994349
0.990859
0.987592
0.986979
0.987267
0.988113
0.989907
0.992374
0.994932
0.997036
0.997978
0.997974
0.996903
0.995976
0.995652
0.993713
0.982596
0.969278
0.952875
0.93638
0.926443
0.922467
0.922197
0.922969
0.925351
0.930978
0.945239
0.967154
0.984132
0.993041
0.995522
0.995414
0.994179
0.99372
0.994258
0.996601
0.998414
0.999309
0.999717
0.999888
0.999954
0.999976
0.999981
0.999981
0.999978
0.999972
0.999967
0.999963
0.999961
0.999959
0.999955
0.999949
0.999937
0.999921
0.999903
0.999889
0.999882
0.999881
0.999884
0.9999
0.999924
0.999943
0.999957
0.999965
0.99997
0.999971
0.999971
0.999969
0.999963
0.999945
0.99993
0.99992
0.999914
0.999913
0.999903
1
1
1
1
1
1
1
1
1
1
1
1
1
1
1
1
1
1
1
1
1
1
1
1
1
1
1
1
1
1
1
1
1
1
1
1
1
1
1
1
1
1
1
1
1
1
1
1
1
1
1
1
1
1
1
1
1
1
1
1
1
1
1
1
1
1
1
1
1
1
0.999999
0.999998
0.999996
0.999995
0.999993
0.999985
0.999977
0.999976
0.999978
0.999981
0.999982
0.999984
0.999985
0.999986
0.999989
0.999991
0.999994
0.999995
0.999997
0.999998
0.999998
0.999999
0.999999
1
1
1
1
1
0.999999
0.999993
0.999942
0.999663
0.998701
0.99585
0.990381
0.986032
0.979593
0.976117
0.976148
0.977077
0.979417
0.983575
0.988256
0.992712
0.996013
0.997243
0.997084
0.995875
0.995773
0.99563
0.991814
0.975305
0.96461
0.948357
0.932321
0.923828
0.921175
0.921043
0.922105
0.925268
0.931647
0.947631
0.969943
0.986247
0.99339
0.994511
0.99367
0.992154
0.992052
0.993555
0.996643
0.99843
0.99932
0.999722
0.999889
0.99995
0.999968
0.99997
0.999968
0.999958
0.999947
0.999938
0.99993
0.999925
0.999922
0.999919
0.999912
0.999895
0.999854
0.999807
0.99977
0.99975
0.999746
0.999751
0.99978
0.999833
0.999872
0.999899
0.999917
0.999926
0.999929
0.999929
0.999926
0.999915
0.999878
0.999839
0.999813
0.999796
0.999793
0.999765
1
1
1
1
1
1
1
1
1
1
1
1
1
1
1
1
1
1
1
1
1
1
1
1
1
1
1
1
1
1
1
1
1
1
1
1
1
1
1
1
1
1
1
1
1
1
1
1
1
1
1
1
1
1
1
1
1
1
1
1
1
1
1
1
1
1
1
1
1
1
1
1
1
1
1
0.999999
0.999999
0.999999
0.999999
0.999999
0.999999
1
1
1
1
1
1
1
1
1
1
1
1
1
1
1
1
1
0.999997
0.999968
0.999722
0.99849
0.994937
0.986588
0.978866
0.972479
0.967418
0.964888
0.964881
0.965689
0.968309
0.975455
0.983531
0.990518
0.995104
0.996361
0.995808
0.995424
0.996182
0.995912
0.988352
0.970974
0.962314
0.946489
0.930708
0.922999
0.920909
0.921239
0.922802
0.926468
0.934698
0.953925
0.976566
0.98969
0.993357
0.993289
0.991163
0.990053
0.990586
0.993679
0.996831
0.998539
0.999376
0.999746
0.999893
0.999942
0.999953
0.999952
0.999942
0.999923
0.999906
0.999889
0.999875
0.999865
0.999859
0.999853
0.999842
0.999816
0.99974
0.999629
0.999535
0.999483
0.999471
0.999477
0.999524
0.999638
0.99972
0.999772
0.999804
0.999821
0.999827
0.999827
0.999822
0.999799
0.999724
0.999638
0.999578
0.999538
0.999527
0.999456
1
1
1
1
1
1
1
1
1
1
1
1
1
1
1
1
1
1
1
1
1
1
1
1
1
1
1
1
1
1
1
1
1
1
1
1
1
1
1
1
1
1
1
1
1
1
1
1
1
1
1
1
1
1
1
1
1
1
1
1
1
1
1
1
1
1
1
1
1
1
1
1
1
1
1
1
1
1
1
1
1
1
1
1
1
1
1
1
1
1
1
1
1
1
1
1
0.999999
0.999997
0.999985
0.999849
0.998673
0.993705
0.9826
0.975999
0.97019
0.965457
0.961856
0.960127
0.960068
0.960521
0.962181
0.967884
0.980225
0.990033
0.994755
0.995334
0.99488
0.995359
0.997204
0.996068
0.9844
0.96959
0.961639
0.947502
0.932529
0.925615
0.923114
0.923381
0.925772
0.931306
0.944375
0.969738
0.985544
0.991419
0.992395
0.99012
0.987983
0.988123
0.990555
0.994783
0.997503
0.998906
0.999548
0.999809
0.9999
0.999924
0.999924
0.999912
0.999881
0.999852
0.999824
0.999793
0.999761
0.999736
0.999721
0.999712
0.999695
0.999652
0.999528
0.999288
0.999075
0.998948
0.998912
0.998919
0.998989
0.999205
0.99938
0.999481
0.999537
0.999565
0.999575
0.999575
0.999563
0.999514
0.99936
0.99919
0.999068
0.998987
0.998964
0.998802
1
1
1
1
1
1
1
1
1
1
1
1
1
1
1
1
1
1
1
1
1
1
1
1
1
1
1
1
1
1
1
1
1
1
1
1
1
1
1
1
1
1
1
1
1
1
1
1
1
1
1
1
1
1
1
1
1
1
1
1
1
1
1
1
1
1
1
1
1
1
1
1
1
1
1
1
1
1
1
1
1
1
1
1
1
1
1
1
1
1
1
1
1
1
0.999999
0.999998
0.999994
0.999985
0.999932
0.999287
0.994115
0.97974
0.975713
0.97214
0.96656
0.962271
0.959298
0.958137
0.95802
0.958564
0.961753
0.971299
0.983943
0.992426
0.994652
0.994269
0.994433
0.996736
0.997773
0.995831
0.98271
0.971061
0.966555
0.95899
0.944188
0.9353
0.931986
0.932337
0.937508
0.950276
0.970411
0.98336
0.989074
0.990868
0.988396
0.986095
0.986291
0.988631
0.993538
0.996959
0.998641
0.999409
0.999729
0.999846
0.999879
0.999877
0.999852
0.999792
0.99973
0.999676
0.999622
0.999552
0.999463
0.999379
0.99933
0.999309
0.999285
0.999223
0.999038
0.998565
0.998094
0.997803
0.997712
0.997721
0.99782
0.998189
0.998547
0.998737
0.998832
0.998879
0.998898
0.9989
0.99887
0.998751
0.998441
0.998162
0.997954
0.997826
0.997791
0.997476
1
1
1
1
1
1
1
1
1
1
1
1
1
1
1
1
1
1
1
1
1
1
1
1
1
1
1
1
1
1
1
1
1
1
1
1
1
1
1
1
1
1
1
1
1
1
1
1
1
1
1
1
1
1
1
1
1
1
1
1
1
1
1
1
1
1
1
1
1
1
1
1
1
1
1
1
1
1
1
1
1
1
1
1
1
1
1
1
1
1
1
1
0.999999
0.999998
0.999994
0.999976
0.999959
0.999924
0.999736
0.997281
0.980667
0.973665
0.974171
0.971449
0.965539
0.961562
0.958798
0.957866
0.958386
0.960442
0.966501
0.980205
0.990714
0.993638
0.993326
0.993455
0.99596
0.997708
0.997912
0.996453
0.986209
0.974904
0.971409
0.969599
0.965424
0.95822
0.955381
0.956953
0.964198
0.974739
0.982929
0.987004
0.988766
0.986752
0.984519
0.985021
0.987578
0.993248
0.996996
0.998674
0.999393
0.999675
0.999782
0.999813
0.9998
0.999727
0.999613
0.999477
0.999321
0.99918
0.999057
0.998882
0.998615
0.99834
0.998163
0.998092
0.998051
0.997954
0.997674
0.996822
0.995804
0.995174
0.994963
0.994969
0.995121
0.995733
0.996357
0.996688
0.996858
0.99694
0.996963
0.996954
0.996867
0.996573
0.996093
0.995731
0.995481
0.995397
0.995411
0.994977
1
1
1
1
1
1
1
1
1
1
1
1
1
1
1
1
1
1
1
1
1
1
1
1
1
1
1
1
1
1
1
1
1
1
1
1
1
1
1
1
1
1
1
1
1
1
1
1
1
1
1
1
1
1
1
1
1
1
1
1
1
1
1
1
1
1
1
1
1
1
1
1
1
1
1
1
1
1
1
1
1
1
1
1
1
1
1
1
1
1
0.999999
0.999998
0.999995
0.999984
0.999942
0.999821
0.999772
0.999695
0.999265
0.993333
0.973614
0.971814
0.976474
0.973488
0.968836
0.965881
0.962946
0.961791
0.963517
0.968652
0.979729
0.989323
0.992617
0.992628
0.992684
0.994902
0.997127
0.99781
0.997852
0.996978
0.991251
0.97806
0.973624
0.9731
0.972934
0.972733
0.972202
0.974074
0.978691
0.982536
0.985111
0.986407
0.98539
0.98342
0.984165
0.987103
0.993564
0.997451
0.998915
0.999411
0.999548
0.999559
0.999484
0.999382
0.999224
0.998995
0.998754
0.998464
0.998084
0.997734
0.997424
0.99692
0.996178
0.995469
0.995044
0.994894
0.994821
0.994639
0.9941
0.99247
0.990629
0.989532
0.989174
0.989178
0.98938
0.9902
0.991079
0.991606
0.991946
0.992126
0.992163
0.992121
0.991833
0.991203
0.9907
0.990484
0.990499
0.990624
0.991337
0.991025
1
1
1
1
1
1
1
1
1
1
1
1
1
1
1
1
1
1
1
1
1
1
1
1
1
1
1
1
1
1
1
1
1
1
1
1
1
1
1
1
1
1
1
1
1
1
1
1
1
1
1
1
1
1
1
1
1
1
1
1
1
1
1
1
1
1
1
1
1
1
1
1
1
1
1
1
1
1
1
1
1
1
1
1
1
1
1
1
0.999999
0.999997
0.999993
0.999982
0.999953
0.999867
0.999481
0.998989
0.998962
0.998944
0.998411
0.990363
0.969876
0.969092
0.977016
0.979013
0.975889
0.974209
0.973671
0.974374
0.978191
0.984044
0.989006
0.99144
0.991939
0.992025
0.993996
0.996358
0.997036
0.997141
0.997359
0.997199
0.995536
0.98695
0.977166
0.975158
0.975138
0.976333
0.977551
0.979745
0.98146
0.98298
0.983893
0.983437
0.982728
0.983645
0.987354
0.994425
0.997977
0.998852
0.998825
0.996852
0.994006
0.993746
0.993934
0.994491
0.995152
0.995334
0.995208
0.994855
0.994106
0.993365
0.992553
0.991151
0.989301
0.987758
0.987013
0.986827
0.986684
0.986237
0.984748
0.981545
0.978925
0.977542
0.977179
0.977219
0.977504
0.978524
0.979624
0.980472
0.981173
0.981576
0.981644
0.981431
0.98045
0.979929
0.979978
0.980411
0.98189
0.98379
0.986542
0.986013
1
1
1
1
1
1
1
1
1
1
1
1
1
1
1
1
1
1
1
1
1
1
1
1
1
1
1
1
1
1
1
1
1
1
1
1
1
1
1
1
1
1
1
1
1
1
1
1
1
1
1
1
1
1
1
1
1
1
1
1
1
1
1
1
1
1
1
1
1
1
1
1
1
1
1
1
1
1
1
1
1
1
1
1
1
0.999999
0.999998
0.999994
0.999986
0.999969
0.999932
0.99985
0.999647
0.999011
0.996437
0.995527
0.995925
0.996942
0.996749
0.988514
0.964807
0.962004
0.975439
0.9811
0.982448
0.982498
0.983715
0.985447
0.987219
0.989332
0.990581
0.991227
0.99152
0.993173
0.995185
0.995778
0.995283
0.994817
0.995622
0.996959
0.996728
0.994244
0.983663
0.9775
0.976325
0.976759
0.978751
0.979588
0.980923
0.98161
0.981994
0.982484
0.983736
0.988535
0.995428
0.998141
0.998115
0.994064
0.968226
0.933634
0.933447
0.939717
0.955079
0.968843
0.977082
0.981071
0.983217
0.98316
0.982531
0.981195
0.97909
0.975446
0.971308
0.968401
0.967229
0.966824
0.966084
0.964044
0.960303
0.956946
0.954861
0.953889
0.953725
0.953866
0.954518
0.956491
0.958291
0.959576
0.960695
0.961359
0.96184
0.963155
0.965149
0.967659
0.972033
0.976149
0.978401
0.981546
0.982451
0.978176
1
1
1
1
1
1
1
1
1
1
1
1
1
1
1
1
1
1
1
1
1
1
1
1
1
1
1
1
1
1
1
1
1
1
1
1
1
1
1
1
1
1
1
1
1
1
1
1
1
1
1
1
1
1
1
1
1
1
1
1
1
1
1
1
1
1
1
1
1
1
1
1
1
1
1
1
1
1
1
1
1
1
0.999999
0.999998
0.999994
0.999985
0.99997
0.999938
0.999855
0.999727
0.999509
0.999035
0.997846
0.993753
0.98365
0.982874
0.985663
0.99235
0.994115
0.987861
0.961645
0.951155
0.967629
0.981013
0.984145
0.985506
0.98681
0.988224
0.989208
0.989946
0.990565
0.991193
0.992443
0.9938
0.994258
0.992517
0.990101
0.988412
0.989926
0.994805
0.996751
0.996486
0.993915
0.984514
0.979865
0.978559
0.978437
0.979857
0.980852
0.981608
0.98285
0.985123
0.990838
0.996314
0.998272
0.997299
0.979473
0.892873
0.829732
0.817968
0.821584
0.83257
0.857245
0.891713
0.919177
0.936643
0.948124
0.951433
0.950704
0.948496
0.94409
0.939376
0.935995
0.934714
0.934304
0.933378
0.930775
0.926462
0.922317
0.919977
0.919458
0.919668
0.92088
0.923862
0.927607
0.931578
0.934742
0.938557
0.94318
0.946961
0.951081
0.957365
0.962582
0.966825
0.972521
0.976352
0.976317
0.975002
0.970292
0.93728
1
1
1
1
1
1
1
1
1
1
1
1
1
1
1
1
1
1
1
1
1
1
1
1
1
1
1
1
1
1
1
1
1
1
1
1
1
1
1
1
1
1
1
1
1
1
1
1
1
1
1
1
1
1
1
1
1
1
1
1
1
1
1
1
1
1
1
1
1
1
1
1
1
1
1
1
1
1
0.999999
0.999998
0.999996
0.999992
0.999984
0.999967
0.999923
0.999811
0.999695
0.999458
0.99885
0.998223
0.997262
0.995122
0.989032
0.966925
0.95775
0.959897
0.9665
0.98153
0.988251
0.9848
0.96118
0.945978
0.952542
0.976592
0.983965
0.986103
0.987397
0.988503
0.989259
0.989953
0.990515
0.991507
0.992242
0.992108
0.988696
0.982865
0.977009
0.972686
0.974264
0.986407
0.994213
0.996591
0.996753
0.995086
0.989297
0.98455
0.982898
0.982578
0.983835
0.985613
0.989371
0.994101
0.997213
0.998435
0.997116
0.971248
0.841509
0.792727
0.793458
0.796556
0.800389
0.805452
0.815176
0.834855
0.862132
0.88124
0.892133
0.901111
0.906116
0.906231
0.905466
0.903627
0.899701
0.894595
0.89156
0.891198
0.891315
0.891863
0.893527
0.896294
0.900741
0.906556
0.91214
0.917284
0.922826
0.928234
0.932619
0.937655
0.944526
0.951056
0.956078
0.962017
0.967026
0.968162
0.966819
0.960232
0.935878
0.909655
0.874159
0.72102
1
1
1
1
1
1
1
1
1
1
1
1
1
1
1
1
1
1
1
1
1
1
1
1
1
1
1
1
1
1
1
1
1
1
1
1
1
1
1
1
1
1
1
1
1
1
1
1
1
1
1
1
1
1
1
1
1
1
1
1
1
1
1
1
1
1
1
1
1
1
1
1
1
1
0.999999
0.999998
0.999993
0.999988
0.999974
0.999958
0.999932
0.999883
0.999806
0.999628
0.999104
0.998313
0.997664
0.996241
0.993138
0.991387
0.988061
0.97951
0.94389
0.935447
0.948331
0.966069
0.974073
0.983317
0.986275
0.982324
0.960834
0.944969
0.941842
0.96357
0.979846
0.984872
0.986846
0.988175
0.988884
0.989484
0.989776
0.989951
0.98824
0.982368
0.971434
0.959045
0.947346
0.938101
0.937891
0.959509
0.982327
0.992688
0.996621
0.997374
0.99688
0.99498
0.993136
0.992404
0.993252
0.994992
0.996915
0.998099
0.998499
0.997462
0.978867
0.843134
0.75437
0.773999
0.805339
0.806996
0.804083
0.804504
0.807281
0.815421
0.831658
0.844969
0.860782
0.876599
0.882974
0.882614
0.877993
0.864743
0.859013
0.859168
0.863127
0.872721
0.879514
0.885436
0.892079
0.899674
0.907953
0.916144
0.923882
0.932248
0.940562
0.945753
0.94704
0.946332
0.944709
0.943773
0.939659
0.932183
0.921365
0.899788
0.845493
0.715666
0.605998
0.524238
0.395451
0.183187
1
1
1
1
1
1
1
1
1
1
1
1
1
1
1
1
1
1
1
1
1
1
1
1
1
1
1
1
1
1
1
1
1
1
1
1
1
1
1
1
1
1
1
1
1
1
1
1
1
1
1
1
1
1
1
1
1
1
1
1
1
1
1
1
1
1
1
1
1
1
1
0.999999
0.999997
0.999988
0.999964
0.999929
0.999832
0.999752
0.999575
0.999421
0.999142
0.998833
0.998253
0.996588
0.99188
0.988714
0.986461
0.978641
0.970468
0.969059
0.951062
0.904079
0.901154
0.926647
0.957727
0.97498
0.981442
0.984612
0.984945
0.979347
0.95809
0.944554
0.938992
0.943944
0.967425
0.977541
0.981901
0.983793
0.98445
0.983817
0.981345
0.975852
0.965434
0.95063
0.930612
0.909106
0.890052
0.870488
0.861878
0.890331
0.940234
0.971427
0.988673
0.995769
0.997838
0.998187
0.997911
0.997751
0.997904
0.998194
0.998359
0.998139
0.996376
0.982221
0.873358
0.710889
0.703972
0.775218
0.809662
0.80994
0.806003
0.805611
0.807546
0.813698
0.826721
0.843895
0.862249
0.869799
0.866912
0.840239
0.783444
0.771053
0.777656
0.807812
0.86322
0.906174
0.928604
0.934053
0.932695
0.919127
0.88488
0.859483
0.848508
0.844163
0.833547
0.799697
0.74465
0.700287
0.674743
0.660599
0.638598
0.582957
0.420757
0.250796
0.137863
0.0714404
0.0333682
0.0143987
0.00753357
-0.00725141
1
1
1
1
1
1
1
1
1
1
1
1
1
1
1
1
1
1
1
1
1
1
1
1
1
1
1
1
1
1
1
1
1
1
1
1
1
1
1
1
1
1
1
1
1
1
1
1
1
1
1
1
1
1
1
1
1
1
1
1
1
1
1
1
1
1
1
1
1
1
0.999995
0.999963
0.999848
0.999526
0.998922
0.998356
0.997327
0.996371
0.995322
0.994036
0.992848
0.991573
0.987811
0.969532
0.944542
0.94478
0.944125
0.910561
0.900955
0.915774
0.907464
0.880622
0.877936
0.909066
0.949674
0.971125
0.980528
0.983155
0.982025
0.972975
0.950079
0.940791
0.93773
0.934141
0.946562
0.958111
0.96232
0.963677
0.961882
0.95709
0.948704
0.936983
0.92017
0.891026
0.853111
0.822742
0.796691
0.760217
0.723855
0.742845
0.819521
0.887903
0.94216
0.9743
0.989877
0.995862
0.997599
0.99775
0.997482
0.996772
0.994738
0.988303
0.965415
0.875977
0.680061
0.59977
0.620188
0.726043
0.796568
0.817036
0.816
0.814823
0.817131
0.825015
0.84002
0.853552
0.856356
0.83829
0.704801
0.515115
0.471397
0.503826
0.666951
0.807455
0.844821
0.82507
0.674968
0.429078
0.26724
0.167727
0.105204
0.0647421
0.0383112
0.0213948
0.0110675
0.00522646
0.00237111
0.00148615
0.00107728
0.000758427
0.00052105
0.000347201
0.00022191
0.000135629
7.86271e-05
4.33815e-05
2.22816e-05
1.09914e-05
4.85957e-06
2.02253e-06
1
1
1
1
1
1
1
1
1
1
1
1
1
1
1
1
1
1
1
1
1
1
1
1
1
1
1
1
1
1
1
1
1
1
1
1
1
1
1
1
1
1
1
1
1
1
1
1
1
1
1
1
1
1
1
1
1
1
1
1
1
1
1
1
1
1
1
1
0.999999
0.999975
0.99968
0.997957
0.993774
0.986138
0.98168
0.976556
0.971268
0.968977
0.964209
0.959813
0.960201
0.958659
0.907527
0.828112
0.833722
0.879946
0.881762
0.860723
0.860582
0.867979
0.860322
0.850609
0.856579
0.891093
0.928912
0.953889
0.96981
0.974894
0.972379
0.954637
0.936718
0.934537
0.935737
0.932269
0.931455
0.93863
0.942416
0.943788
0.943003
0.939835
0.934957
0.929101
0.918859
0.899367
0.861792
0.780269
0.701248
0.639914
0.575171
0.53179
0.566943
0.654013
0.747407
0.829252
0.895881
0.933339
0.95185
0.958323
0.949464
0.932569
0.900121
0.83669
0.712651
0.534144
0.436074
0.400428
0.420207
0.529006
0.666851
0.767867
0.813384
0.814611
0.814288
0.810134
0.786298
0.689477
0.42802
0.188832
0.0822489
0.0457233
0.0331743
0.0246987
0.0152141
0.00736704
0.00277569
0.000793344
0.000357306
0.000163442
7.62466e-05
3.69123e-05
1.87255e-05
9.8395e-06
5.22654e-06
2.74448e-06
1.40899e-06
7.13021e-07
3.69064e-07
2.04596e-07
1.20338e-07
7.31676e-08
4.48755e-08
2.72542e-08
1.61435e-08
9.25132e-09
5.07603e-09
2.66472e-09
1.31143e-09
6.21146e-10
2.53918e-10
-4.6379e-08
1
1
1
1
1
1
1
1
1
1
1
1
1
1
1
1
1
1
1
1
1
1
1
1
1
1
1
1
1
1
1
1
1
1
1
1
1
1
1
1
1
1
1
1
1
1
1
1
1
1
1
1
1
1
1
1
1
1
1
1
1
1
1
1
1
1
1
0.999997
0.999935
0.998996
0.989473
0.942071
0.906455
0.902809
0.90854
0.914777
0.917807
0.918342
0.917451
0.914031
0.903649
0.868158
0.818293
0.804002
0.806319
0.811878
0.810817
0.810965
0.821354
0.829787
0.833899
0.841969
0.859997
0.885198
0.907155
0.922386
0.934159
0.940363
0.936371
0.926231
0.927709
0.939172
0.940829
0.932899
0.927226
0.927636
0.927737
0.927515
0.926588
0.924951
0.92162
0.915361
0.902605
0.874325
0.811896
0.726714
0.652897
0.60057
0.547621
0.477904
0.450511
0.46772
0.504862
0.522807
0.533548
0.535702
0.535118
0.533537
0.511527
0.469995
0.414278
0.347537
0.292451
0.264997
0.251209
0.246064
0.256221
0.285482
0.314675
0.34213
0.364679
0.384491
0.343999
0.260544
0.148778
0.0511959
0.0105228
0.00122656
0.000230969
9.92446e-05
5.48783e-05
2.64433e-05
9.80274e-06
2.80922e-06
6.53091e-07
1.77736e-07
5.83778e-08
8.28903e-09
2.88282e-09
1.39892e-09
7.31374e-10
3.88288e-10
2.05279e-10
1.07469e-10
5.61158e-11
2.98114e-11
1.64881e-11
9.53815e-12
5.67711e-12
3.41185e-12
2.03764e-12
1.1952e-12
6.82166e-13
3.76662e-13
1.99805e-13
1.01593e-13
4.88295e-14
2.23997e-14
-8.63587e-15
2.17619e-12
3.8353e-10
5.1227e-10
4.15529e-10
2.61479e-10
1.2244e-10
5.18843e-11
2.03275e-11
7.46524e-12
2.60035e-12
8.64369e-13
2.75121e-13
8.34716e-14
2.41302e-14
6.54932e-15
1.67292e-15
3.88962e-16
7.55695e-17
1.91992e-17
4.74488e-18
1.0195e-18
2.14202e-19
4.43855e-20
9.13707e-21
1.85343e-21
6.67425e-22
1.22434e-08
1.44327e-08
1.25062e-08
8.75078e-09
4.78272e-09
2.37917e-09
1.10114e-09
4.79461e-10
1.9809e-10
7.80832e-11
2.94594e-11
1.0643e-11
3.68205e-12
1.21662e-12
3.83567e-13
1.14803e-13
3.26914e-14
8.80369e-15
2.2608e-15
5.48643e-16
1.28394e-16
2.85409e-17
6.29263e-18
1.32889e-18
2.75079e-19
3.06496e-07
2.74425e-07
2.08771e-07
1.28645e-07
7.15746e-08
3.68539e-08
1.78308e-08
8.17446e-09
3.57304e-09
1.49506e-09
6.00354e-10
2.31545e-10
8.57821e-11
3.04877e-11
1.03855e-11
3.38331e-12
1.05471e-12
3.14157e-13
8.97307e-14
2.45494e-14
6.48428e-15
1.64846e-15
4.09269e-16
9.88155e-17
2.04774e-17
4.41791e-06
3.14931e-06
2.02741e-06
1.19721e-06
6.55491e-07
3.36781e-07
1.63945e-07
7.60826e-08
3.38061e-08
1.4426e-08
5.92259e-09
2.34071e-09
8.90384e-10
3.25545e-10
1.14263e-10
3.84233e-11
1.23783e-11
3.81673e-12
1.12923e-12
3.2058e-13
8.78349e-14
2.32023e-14
5.97042e-15
1.49961e-15
3.16587e-16
3.29491e-05
2.19052e-05
1.35188e-05
7.80621e-06
4.23923e-06
2.17875e-06
1.06646e-06
4.9948e-07
2.2458e-07
9.71653e-08
4.05077e-08
1.62766e-08
6.30073e-09
2.34605e-09
8.38893e-10
2.87476e-10
9.43653e-11
2.96464e-11
8.93248e-12
2.58219e-12
7.19829e-13
1.93463e-13
5.05778e-14
1.29224e-14
2.75397e-15
0.000172876
0.000111463
6.75781e-05
3.8721e-05
2.10346e-05
1.08734e-05
5.37125e-06
2.54466e-06
1.15932e-06
5.0886e-07
2.15418e-07
8.79546e-08
3.46115e-08
1.31039e-08
4.76422e-09
1.65977e-09
5.53641e-10
1.76678e-10
5.4035e-11
1.58484e-11
4.47859e-12
1.21972e-12
3.22737e-13
8.34897e-14
1.79219e-14
0.000699801
0.00044528
0.000268536
0.000153961
8.41054e-05
4.38817e-05
2.19306e-05
1.05281e-05
4.8659e-06
2.16852e-06
9.32631e-07
3.87018e-07
1.54817e-07
5.95855e-08
2.20191e-08
7.79488e-09
2.64081e-09
8.55529e-10
2.65453e-10
7.8948e-11
2.26049e-11
6.23525e-12
1.66922e-12
4.37035e-13
9.45374e-14
0.0022923
0.00145372
0.000878497
0.000506676
0.000279348
0.000147473
7.47033e-05
3.63909e-05
1.70809e-05
7.73516e-06
3.3818e-06
1.42694e-06
5.80436e-07
2.27143e-07
8.53245e-08
3.06938e-08
1.05617e-08
3.47362e-09
1.09352e-09
3.29815e-10
9.57028e-11
2.67425e-11
7.24556e-12
1.92034e-12
4.1882e-13
0.00627776
0.00399416
0.00243061
0.00141555
0.00078982
0.000422725
0.000217369
0.000107578
5.13284e-05
2.36379e-05
1.05121e-05
4.51237e-06
1.86719e-06
7.43172e-07
2.8384e-07
1.03772e-07
3.6271e-08
1.21109e-08
3.86836e-09
1.18321e-09
3.47952e-10
9.84992e-11
2.70118e-11
7.24763e-12
1.59449e-12
0.0147763
0.00947072
0.00582264
0.00343326
0.00194262
0.00105571
0.000551709
0.000277666
0.000134778
6.31612e-05
2.85877e-05
1.24898e-05
5.25953e-06
2.1298e-06
8.27239e-07
3.07414e-07
1.09152e-07
3.70023e-08
1.1992e-08
3.71982e-09
1.1087e-09
3.17974e-10
8.82721e-11
2.39799e-11
5.32316e-12
0.0304964
0.0197796
0.0123248
0.00737477
0.00423888
0.00234198
0.00124505
0.000637705
0.000315102
0.000150347
6.92898e-05
3.08233e-05
1.32135e-05
5.4451e-06
2.15115e-06
8.12594e-07
2.93088e-07
1.00864e-07
3.31627e-08
1.04304e-08
3.1502e-09
9.15149e-10
2.57129e-10
7.07063e-11
1.58382e-11
0.0563302
0.0370696
0.0234657
0.0142785
0.00835126
0.00469715
0.00254277
0.00132641
0.000667567
0.00032445
0.000152313
6.90099e-05
3.01231e-05
1.2634e-05
5.07676e-06
1.94921e-06
7.14025e-07
2.49381e-07
8.31535e-08
2.65085e-08
8.10975e-09
2.38548e-09
6.78163e-10
1.88711e-10
4.26509e-11
0.0952168
0.0637089
0.0410315
0.0254159
0.0151379
0.00867238
0.00478261
0.00254175
0.00130338
0.000645448
0.000308723
0.000142493
6.33405e-05
2.7038e-05
1.10495e-05
4.31087e-06
1.60314e-06
5.67953e-07
1.91948e-07
6.19831e-08
1.9196e-08
5.71373e-09
1.64253e-09
4.6223e-10
1.05368e-10
0.14991
0.102155
0.0670279
0.0423072
0.0256789
0.0149911
0.00842408
0.00456181
0.00238354
0.00120271
0.000586134
0.000275594
0.000124744
5.41859e-05
2.25132e-05
8.92063e-06
3.36578e-06
1.20864e-06
4.13683e-07
1.35198e-07
4.23497e-08
1.27447e-08
3.70185e-09
1.05271e-09
2.41908e-10
0.222987
0.155
0.103736
0.0667798
0.041331
0.0245978
0.014088
0.00777437
0.00413927
0.00212827
0.00105681
0.000506165
0.000233262
0.000103075
4.35192e-05
1.75024e-05
6.69449e-06
2.43441e-06
8.42998e-07
2.7854e-07
8.81558e-08
2.67949e-08
7.85605e-09
2.25531e-09
5.2206e-10
0.316729
0.224948
0.153761
0.10105
0.0638157
0.0387339
0.0226157
0.0127198
0.00690152
0.00361604
0.00182955
0.000892599
0.000418747
0.000188184
8.0701e-05
3.29195e-05
1.27535e-05
4.6917e-06
1.64187e-06
5.47831e-07
1.74976e-07
5.36515e-08
1.586e-08
4.59121e-09
1.06964e-09
0.432886
0.314705
0.220011
0.147759
0.0952796
0.059005
0.0351296
0.0201396
0.0111366
0.00594655
0.0030659
0.00152373
0.000727666
0.000332508
0.000144778
5.98662e-05
2.34732e-05
8.72746e-06
3.08325e-06
1.03767e-06
3.34064e-07
1.03204e-07
3.0722e-08
8.9565e-09
2.09798e-09
0.571684
0.426121
0.305182
0.209701
0.13818
0.0873504
0.0530442
0.0310031
0.0174754
0.00951174
0.00499862
0.00253136
0.00123081
0.000571907
0.000252797
0.000105927
4.20128e-05
1.57764e-05
5.62185e-06
1.90662e-06
6.1806e-07
1.9217e-07
5.7542e-08
1.68741e-08
3.97012e-09
0.731314
0.5603
0.411645
0.289684
0.195185
0.125998
0.0780586
0.0465223
0.0267371
0.0148396
0.00795253
0.00410558
0.00203337
0.000961049
0.000431311
0.000183126
7.34515e-05
2.78461e-05
1.00037e-05
3.41675e-06
1.11448e-06
3.48486e-07
1.04876e-07
3.09078e-08
7.29847e-09
0.887856
0.714566
0.540179
0.389772
0.268692
0.177175
0.112006
0.0680873
0.0399134
0.0226021
0.0123607
0.00651055
0.00328686
0.00158108
0.000720692
0.000310092
0.000125774
4.81292e-05
1.74263e-05
5.99202e-06
1.96587e-06
6.17918e-07
1.86813e-07
5.52992e-08
1.30997e-08
0.960602
0.873651
0.687798
0.510135
0.360111
0.242669
0.156605
0.0971503
0.0581338
0.0336226
0.0187874
0.010109
0.00520831
0.00255206
0.00118211
0.000515535
0.000211433
8.1647e-05
2.97849e-05
1.03067e-05
3.39988e-06
1.07385e-06
3.26023e-07
9.68972e-08
2.30193e-08
0.986061
0.955346
0.845998
0.648347
0.469404
0.323589
0.213371
0.135228
0.0827206
0.0489526
0.0280055
0.015425
0.00812404
0.00405967
0.00191196
0.000845181
0.000350372
0.000136457
5.01213e-05
1.74427e-05
5.78159e-06
1.83395e-06
5.58863e-07
1.66696e-07
3.97009e-08
0.995043
0.983694
0.942608
0.800006
0.59479
0.420128
0.283571
0.183993
0.115352
0.0700572
0.0411656
0.0232778
0.0125618
0.00641083
0.00307139
0.0013758
0.000576025
0.000226005
8.34787e-05
2.9181e-05
9.70795e-06
3.08946e-06
9.4413e-07
2.82402e-07
6.73892e-08
0.998225
0.993927
0.97798
0.916803
0.733674
0.531743
0.368459
0.245601
0.158448
0.0992028
0.06014
0.0350496
0.0194348
0.0101448
0.00494571
0.00224343
0.0009474
0.000373843
0.000138605
4.8578e-05
1.61922e-05
5.16161e-06
1.57961e-06
4.73202e-07
1.13033e-07
0.999364
0.997724
0.991426
0.966445
0.867945
0.656817
0.469487
0.323049
0.215656
0.140002
0.0880406
0.0531123
0.0303466
0.016224
0.00804888
0.00369408
0.00157116
0.00062237
0.000231143
8.1052e-05
2.70126e-05
8.60821e-06
2.63329e-06
7.88697e-07
1.8833e-07
0.999775
0.99916
0.996709
0.98664
0.945332
0.795743
0.588395
0.420301
0.2922
0.197934
0.129803
0.0813627
0.0480063
0.0263086
0.0132813
0.00616331
0.00263734
0.00104737
0.000389061
0.00013627
4.53288e-05
1.44147e-05
4.39983e-06
1.31518e-06
3.13479e-07
0.999923
0.999701
0.998787
0.994922
0.978563
0.911638
0.725721
0.541513
0.394534
0.280367
0.192482
0.125646
0.0766352
0.0430648
0.0221233
0.0103805
0.00446874
0.00177893
0.000660741
0.000231043
7.66521e-05
2.43017e-05
7.39331e-06
2.20284e-06
5.23501e-07
0.999978
0.999911
0.99963
0.998414
0.993171
0.971223
0.884329
0.703519
0.542119
0.406968
0.29395
0.200463
0.126655
0.0730944
0.0382656
0.0181793
0.00788426
0.00315015
0.0011712
0.000409184
0.000135461
4.28221e-05
1.29826e-05
3.85377e-06
9.12536e-07
0.999995
0.999981
0.999917
0.999644
0.998474
0.993624
0.974631
0.905357
0.755722
0.602102
0.458789
0.327343
0.214507
0.127341
0.0680799
0.0328334
0.0143869
0.00578646
0.00215956
0.000755751
0.000250195
7.89962e-05
2.38967e-05
7.07272e-06
1.66933e-06
0.999999
0.999996
0.999985
0.999935
0.99973
0.998919
0.995908
0.985518
0.952129
0.855549
0.694829
0.517182
0.351203
0.214627
0.117417
0.0576534
0.025614
0.0104107
0.00391568
0.00137796
0.000457858
0.00014487
4.38555e-05
1.29748e-05
3.05816e-06
1
0.999999
0.999998
0.999989
0.999956
0.999827
0.999361
0.997779
0.992667
0.976487
0.925003
0.76855
0.541698
0.341408
0.191648
0.0961318
0.0434686
0.0179267
0.00682388
0.00242497
0.000812075
0.00025852
7.86113e-05
2.33313e-05
5.50751e-06
1
1
1
0.999998
0.999993
0.999971
0.99989
0.999602
0.998613
0.995195
0.983107
0.938909
0.776824
0.508366
0.293795
0.151102
0.0698035
0.0293203
0.0113384
0.00408426
0.00138366
0.000444812
0.000136356
4.07431e-05
9.6613e-06
1
1
1
1
0.999999
0.999995
0.99998
0.999921
0.999697
0.998813
0.995257
0.980735
0.921176
0.703011
0.420407
0.222653
0.105484
0.0452833
0.0178473
0.006537
0.00224729
0.000731784
0.000226834
6.84476e-05
1.63486e-05
1
1
1
1
1
0.999999
0.999996
0.999983
0.999925
0.999659
0.998432
0.992818
0.967644
0.858341
0.561635
0.307762
0.15005
0.0660084
0.0265771
0.00992025
0.00346834
0.0011465
0.00036016
0.000110011
2.65228e-05
1
1
1
1
1
1
0.999999
0.999996
0.999979
0.999887
0.999405
0.996961
0.985034
0.929733
0.707466
0.402297
0.201969
0.0911448
0.0375296
0.0142908
0.00508703
0.00170913
0.000544837
0.000168712
4.11151e-05
1
1
1
1
1
1
1
0.999999
0.999993
0.999957
0.999746
0.998577
0.992415
0.961968
0.822736
0.499599
0.259127
0.119969
0.0505057
0.0196175
0.00711029
0.00242862
0.000785966
0.000246881
6.08584e-05
1
1
1
1
1
1
1
1
0.999997
0.999981
0.99988
0.999272
0.995838
0.97774
0.891096
0.601481
0.319357
0.151462
0.0651315
0.0257828
0.00950816
0.00329991
0.00108382
0.000345302
8.61076e-05
0.999999
0.999999
0.999999
1
1
1
1
1
0.999999
0.999991
0.999938
0.999596
0.99753
0.98605
0.928677
0.693592
0.380239
0.184418
0.0808757
0.0325847
0.0122124
0.00430236
0.00143293
0.00046275
0.000116691
0.999996
0.999998
0.999998
0.999999
0.999999
1
1
0.999999
0.999999
0.999995
0.999965
0.99976
0.998452
0.990801
0.950789
0.768573
0.438401
0.217428
0.0970744
0.0397412
0.0151155
0.00539873
0.00182142
0.00059568
0.000151799
0.99999
0.999993
0.999995
0.999997
0.999998
0.999999
0.999999
0.999999
0.999999
0.999996
0.999979
0.99985
0.998981
0.993628
0.964321
0.825127
0.491736
0.248814
0.112897
0.0468803
0.0180677
0.00653378
0.0022305
0.000738029
0.000189936
0.999971
0.999981
0.999987
0.999991
0.999994
0.999996
0.999997
0.999997
0.999997
0.999995
0.999984
0.999897
0.999283
0.995312
0.972629
0.861457
0.540152
0.276663
0.127242
0.0534882
0.0208536
0.00762515
0.00263098
0.000879898
0.000228526
0.999926
0.999947
0.999964
0.999975
0.999984
0.999989
0.999991
0.999992
0.999992
0.99999
0.999981
0.999914
0.99943
0.996174
0.976967
0.880893
0.573854
0.297052
0.138214
0.0587675
0.0231655
0.00856034
0.00298388
0.0010082
0.000264176
0.999815
0.999864
0.999903
0.999932
0.999953
0.999968
0.999975
0.999976
0.999976
0.999975
0.999966
0.999908
0.999482
0.99654
0.978793
0.88869
0.588419
0.305837
0.142985
0.061142
0.0242632
0.00903506
0.00317631
0.00108354
0.000286494
0.999567
0.999674
0.99976
0.999826
0.999875
0.99991
0.999929
0.999934
0.999934
0.999932
0.999922
0.999866
0.999461
0.996619
0.979242
0.890498
0.591884
0.308048
0.144234
0.061779
0.0245619
0.00916637
0.00323105
0.00110599
0.000293531
0.999042
0.999262
0.999444
0.999587
0.999692
0.999764
0.999808
0.999826
0.999829
0.999827
0.999813
0.999745
0.99929
0.996159
0.97729
0.88222
0.57734
0.300874
0.141207
0.0606479
0.0241773
0.00904531
0.0031955
0.00109618
0.000291496
0.99799
0.998423
0.998786
0.999081
0.999292
0.999427
0.999518
0.999571
0.999586
0.999584
0.999564
0.999463
0.998824
0.994659
0.970721
0.854643
0.535104
0.279023
0.131193
0.0565612
0.0226542
0.00851791
0.00302387
0.0010423
0.000278398
0.99599
0.996802
0.9975
0.998078
0.998469
0.998716
0.998907
0.999031
0.999067
0.999063
0.999021
0.99882
0.997679
0.990909
0.954891
0.789972
0.467313
0.24194
0.113463
0.0490013
0.019704
0.00744832
0.00265984
0.00092291
0.000248144
0.992819
0.99418
0.995393
0.99634
0.996958
0.997421
0.997788
0.997961
0.997979
0.997945
0.997788
0.997205
0.994489
0.980514
0.913362
0.663492
0.373405
0.189629
0.0880939
0.0378995
0.0152363
0.00577463
0.0020711
0.000723063
0.000195813
0.988776
0.990842
0.992464
0.99357
0.99444
0.995143
0.995455
0.995488
0.9954
0.995061
0.994215
0.991892
0.983357
0.946145
0.785627
0.482931
0.262445
0.129677
0.0590439
0.025048
0.00997115
0.00375621
0.00134217
0.000468011
0.000127077
0.981554
0.984256
0.986045
0.987447
0.988386
0.988561
0.988429
0.987521
0.985606
0.98354
0.979425
0.968628
0.931441
0.783675
0.500694
0.282325
0.143956
0.0674398
0.0293592
0.0120071
0.00463629
0.0017047
0.000596941
0.000204748
5.5192e-05
0.94957
0.956142
0.960335
0.96321
0.963473
0.962679
0.959794
0.951994
0.944521
0.933582
0.9055
0.818567
0.595662
0.37537
0.211665
0.107832
0.0503074
0.0218235
0.00889098
0.0034345
0.00126114
0.000443944
0.000149433
4.94694e-05
1.30893e-05
0.787009
0.821304
0.847374
0.856494
0.855446
0.848168
0.826671
0.794443
0.731004
0.611149
0.455172
0.304424
0.184944
0.102169
0.051254
0.0234771
0.00993931
0.00394769
0.00148323
0.000531935
0.000182094
6.0184e-05
1.90599e-05
5.96155e-06
1.53507e-06
0.242988
0.336343
0.425965
0.452741
0.447255
0.426823
0.377769
0.308054
0.231477
0.158951
0.0992928
0.056926
0.0300496
0.0145797
0.0064595
0.00261959
0.000984317
0.00034874
0.000117587
3.8174e-05
1.18651e-05
3.58652e-06
1.03777e-06
2.98744e-07
7.55194e-08
0.0210872
0.0606256
0.105691
0.117479
0.114232
0.105054
0.0856892
0.0609799
0.0386286
0.0217469
0.0111287
0.00526354
0.00230718
0.000938622
0.000352356
0.000121098
3.85686e-05
1.16243e-05
3.35547e-06
9.40447e-07
2.5277e-07
6.69165e-08
1.68616e-08
4.35331e-09
1.21159e-09
0.00171286
0.00793529
0.01873
0.0200921
0.0188644
0.0160238
0.0107197
0.00603667
0.00289094
0.00121793
0.000473015
0.000169832
5.63472e-05
1.7338e-05
5.06249e-06
1.36235e-06
3.39247e-07
7.98668e-08
1.83783e-08
4.1574e-09
9.19204e-10
1.81415e-10
5.67996e-11
1.91174e-11
9.26552e-12
0.000148115
0.00104203
0.00203188
0.00195116
0.00164603
0.00101957
0.000468418
0.000167489
4.88212e-05
1.30792e-05
3.2238e-06
7.32185e-07
1.54553e-07
2.63173e-08
7.91138e-09
2.21243e-09
5.6219e-10
1.31262e-10
3.15141e-11
7.21445e-12
1.72051e-12
3.79418e-13
9.30786e-14
2.72343e-14
2.67852e-14
9.02204e-06
7.12619e-05
7.49322e-05
5.63772e-05
2.82619e-05
9.02426e-06
1.72623e-06
1.90623e-07
1.88661e-08
3.28081e-09
5.58761e-10
9.30948e-11
1.52147e-11
2.37733e-12
1.00856e-12
2.81259e-13
6.95294e-14
9.70859e-15
3.79678e-15
5.18153e-16
2.92806e-16
3.27675e-17
2.28655e-17
5.04565e-18
2.87706e-17
)
;

boundaryField
{
    inlet
    {
        type            fixedValue;
        value           uniform 1;
    }
    outlet
    {
        type            inletOutlet;
        inletValue      uniform 0;
        value           nonuniform List<scalar> 
57
(
6.67425e-22
2.75079e-19
2.04774e-17
3.16587e-16
2.75397e-15
1.79219e-14
9.45374e-14
4.1882e-13
1.59449e-12
5.32316e-12
1.58382e-11
4.26509e-11
1.05368e-10
2.41908e-10
5.2206e-10
1.06964e-09
2.09798e-09
3.97012e-09
7.29847e-09
1.30997e-08
2.30193e-08
3.97009e-08
6.73892e-08
1.13033e-07
1.8833e-07
3.13479e-07
5.23501e-07
9.12536e-07
1.66933e-06
3.05816e-06
5.50751e-06
9.6613e-06
1.63486e-05
2.65228e-05
4.11151e-05
6.08584e-05
8.61076e-05
0.000116691
0.000151799
0.000189936
0.000228526
0.000264176
0.000286494
0.000293531
0.000291496
0.000278398
0.000248144
0.000195813
0.000127077
5.5192e-05
1.30893e-05
1.53507e-06
7.55194e-08
1.21159e-09
9.26552e-12
2.67852e-14
2.87706e-17
)
;
    }
    upperWall
    {
        type            zeroGradient;
    }
    lowerWall
    {
        type            zeroGradient;
    }
    frontAndBack
    {
        type            empty;
    }
}


// ************************************************************************* //
