/*--------------------------------*- C++ -*----------------------------------*\
  =========                 |
  \\      /  F ield         | OpenFOAM: The Open Source CFD Toolbox
   \\    /   O peration     | Website:  https://openfoam.org
    \\  /    A nd           | Version:  7
     \\/     M anipulation  |
\*---------------------------------------------------------------------------*/
FoamFile
{
    version     2.0;
    format      ascii;
    class       volScalarField;
    location    "0.054";
    object      nut;
}
// * * * * * * * * * * * * * * * * * * * * * * * * * * * * * * * * * * * * * //

dimensions      [0 2 -1 0 0 0 0];

internalField   nonuniform List<scalar> 
12225
(
0
0
0
0
0
0
0
0
0
0
0
0
0
0
0
4.50341e-11
0
0
0
0
0
0
0
0
0
0
0
0
0
0
0
0
0
4.13748e-11
0
0
0
9.24413e-10
0
0
2.14837e-11
0
1.51706e-10
1.204e-10
0
0
0
0
0
0
0
7.07203e-12
0
0
7.02046e-09
1.61395e-08
4.25024e-09
3.74257e-10
0
0
3.56742e-10
1.81599e-10
0
0
0
0
0
0
0
0
0
0
0
1.55554e-07
8.21171e-08
0
0
0
0
0
0
2.05178e-09
2.54837e-09
1.7582e-09
3.59258e-10
0
0
0
0
0
6.95509e-08
4.34624e-07
4.13497e-07
1.76493e-07
5.98527e-08
3.2032e-08
3.68765e-08
3.55423e-08
1.41732e-08
0
0
0
0
0
0
0
0
0
1.8699e-07
3.40627e-07
5.68095e-07
2.77559e-07
8.76662e-08
5.37474e-08
5.76241e-08
4.55067e-08
3.01043e-09
0
0
0
0
0
0
0
7.27309e-09
8.3691e-09
3.95908e-07
4.54429e-07
6.71189e-07
6.61445e-07
2.02481e-07
1.18619e-07
1.07935e-07
7.22177e-08
2.08122e-08
1.94747e-09
6.62125e-09
1.88596e-08
3.29076e-08
4.23558e-08
3.8362e-08
2.03847e-08
4.62963e-09
0
3.33975e-07
3.34303e-07
8.30629e-07
2.24962e-06
1.09155e-06
4.84977e-07
3.13532e-07
1.97002e-07
1.17075e-07
8.25582e-08
7.03693e-08
6.83257e-08
7.99378e-08
1.00454e-07
9.49338e-08
3.80358e-08
0
0
2.39911e-07
1.26279e-07
5.49602e-07
1.51656e-06
1.32228e-06
9.47503e-07
2.87705e-07
1.63995e-07
1.71077e-07
2.11106e-07
2.12258e-07
1.57736e-07
1.06784e-07
1.04997e-07
1.08258e-07
5.79537e-08
9.96661e-10
0
1.93725e-07
0
3.67169e-07
9.97552e-07
1.37477e-06
7.20949e-07
1.43793e-08
0
0
4.2625e-07
5.18647e-07
3.01278e-07
1.54073e-07
1.19316e-07
1.01858e-07
8.05567e-08
7.09802e-08
9.25181e-08
0
9.47736e-08
3.95449e-07
5.47358e-07
6.8347e-07
1.96793e-07
0
0
0
0
0
2.22612e-07
3.57079e-07
3.18814e-07
2.39821e-07
1.71285e-07
1.32239e-07
1.4738e-07
0
2.66496e-07
4.54378e-07
3.11856e-07
1.89722e-07
1.34294e-07
8.63316e-08
0
0
0
0
0
1.41154e-08
1.47474e-07
2.42061e-07
2.31255e-07
1.1002e-07
0
0
2.61354e-07
5.47493e-07
2.98547e-07
4.84403e-07
7.57914e-07
6.87949e-07
2.0091e-07
0
0
0
0
0
0
0
1.15279e-08
0
0
6.22184e-07
9.60738e-07
1.35077e-06
1.4273e-06
1.80769e-06
2.26191e-06
2.4301e-06
5.6855e-07
0
1.67996e-08
0
0
0
0
0
0
0
0
9.84022e-08
8.58828e-07
1.84526e-06
2.12302e-06
1.96467e-06
2.05632e-06
2.24162e-06
1.5045e-06
1.4675e-06
9.42478e-07
0
0
0
0
0
0
0
0
0
1.36047e-07
8.94813e-07
8.40786e-07
9.66738e-07
1.01679e-06
5.26107e-07
6.01051e-08
6.97065e-07
3.15638e-07
0
0
0
0
0
0
0
0
0
0
6.72538e-07
4.39662e-07
2.76909e-07
1.31717e-07
0
0
0
0
0
0
0
0
0
0
0
0
0
0
1.20278e-07
3.27193e-08
5.75219e-08
1.41504e-07
1.22229e-07
2.62383e-09
0
0
0
0
0
0
0
2.83811e-08
1.09656e-07
1.68116e-07
0
0
0
0
0
0
5.8719e-08
0
0
0
0
0
4.62455e-08
1.60814e-07
2.04834e-07
2.2606e-07
2.43192e-07
2.60369e-07
0
0
0
0
0
6.32393e-08
5.59814e-08
0
0
0
0
0
0
0
1.33492e-08
2.40338e-08
2.64527e-08
4.1649e-08
0
0
0
0
0
0
0
0
0
0
0
0
0
0
0
0
0
2.66607e-08
0
0
0
0
0
0
0
0
0
0
0
0
2.28195e-08
0
0
0
0
0
0
0
0
0
0
0
0
0
0
0
0
3.07404e-08
5.27064e-08
0
0
0
0
0
0
2.39073e-08
0
0
0
0
0
0
0
0
0
0
0
0
0
0
0
0
0
0
0
0
0
0
0
0
0
0
0
0
0
0
0
0
0
0
0
0
0
0
0
0
0
0
0
0
0
0
0
0
0
0
0
0
8.13956e-09
0
0
0
0
0
0
0
0
0
0
0
0
0
0
0
0
0
1.03126e-08
0
0
0
0
0
0
0
0
0
0
0
0
0
0
0
0
0
9.05271e-08
0
0
0
0
0
0
0
0
0
0
0
0
0
0
0
0
0
0
0
9.31967e-08
3.28652e-07
3.32639e-07
1.65467e-07
0
0
0
0
0
0
0
0
0
0
0
0
0
1.58957e-08
3.58612e-08
5.31075e-08
6.55405e-08
7.15627e-08
6.64998e-08
4.31605e-08
1.49509e-08
3.97561e-09
4.37267e-08
1.80538e-07
1.80858e-07
0
0
0
0
2.22479e-06
4.71933e-06
4.60978e-06
6.72921e-06
1.15914e-05
1.98869e-05
1.16432e-05
1.91919e-06
2.86567e-07
2.38549e-08
0
1.52921e-09
2.81893e-08
4.76037e-08
5.62319e-08
5.66421e-08
5.03953e-08
4.2026e-08
3.04798e-08
2.19857e-08
1.33165e-08
7.76979e-09
3.54683e-09
1.2208e-10
0
0
0
0
0
0
0
0
0
0
0
0
0
0
0
0
0
0
0
0
0
0
0
0
0
0
0
0
0
0
0
0
0
0
0
0
0
0
0
0
0
0
0
0
0
0
0
0
0
0
0
0
0
0
0
0
0
0
0
0
0
0
0
0
0
0
0
0
0
0
0
0
0
0
0
0
0
0
0
0
0
0
0
0
0
0
0
0
0
0
0
0
0
0
0
0
0
0
0
0
0
0
0
0
0
0
0
0
0
0
0
0
0
0
0
0
0
0
0
1.45848e-11
5.63029e-11
8.60496e-07
3.97951e-07
2.37409e-07
3.93669e-07
5.53901e-07
5.47528e-07
4.03239e-07
1.88862e-07
0
0
0
0
0
0
0
0
0
0
0
3.27692e-08
6.84933e-08
9.63089e-08
1.13643e-07
1.14383e-07
1.02602e-07
7.12837e-08
5.01912e-08
9.27157e-08
2.73284e-07
5.48183e-07
7.39196e-07
1.08121e-06
1.27699e-06
0
0
0
0
0
0
0
0
7.77428e-07
4.90283e-07
1.80844e-07
2.41449e-08
0
0
2.00833e-08
3.2406e-08
3.82766e-08
3.84417e-08
3.61249e-08
3.26653e-08
2.83924e-08
2.36124e-08
1.8336e-08
1.27757e-08
6.61679e-09
3.29432e-10
0
0
0
0
0
0
0
0
0
0
0
0
0
0
0
0
0
0
0
0
0
0
0
0
0
0
0
0
0
0
0
0
0
0
0
0
0
0
0
0
0
0
0
0
0
0
0
0
0
0
0
0
0
0
0
0
0
0
0
0
0
0
0
0
0
0
0
0
0
0
0
0
0
0
0
0
0
0
0
0
0
0
0
0
0
0
0
0
0
0
0
0
0
0
0
0
0
0
0
0
0
0
0
0
0
0
0
0
0
0
0
0
0
0
0
0
6.77954e-15
0
1.34777e-13
3.13758e-11
0
5.87247e-07
5.43495e-07
2.70306e-07
2.76359e-07
4.16499e-07
5.25131e-07
6.12963e-07
7.17807e-07
7.62753e-07
7.84352e-07
8.22728e-07
8.05278e-07
7.1491e-07
5.61298e-07
3.77998e-07
1.91812e-07
4.83764e-08
0
0
0
0
0
0
0
0
0
0
1.7257e-07
4.06953e-07
3.90878e-07
0
0
0
0
0
0
0
0
0
2.43111e-08
0
7.62461e-08
1.35447e-07
4.12657e-08
0
0
4.21129e-11
4.02717e-08
7.27275e-08
9.35524e-08
1.03029e-07
1.03834e-07
9.87762e-08
8.96171e-08
7.66643e-08
6.08071e-08
4.22086e-08
2.22575e-08
1.74668e-09
0
0
0
0
0
0
0
0
0
0
0
0
0
0
0
0
0
0
0
0
0
0
0
0
0
0
0
0
0
0
0
0
0
0
0
0
0
0
0
0
0
0
0
0
0
0
0
0
0
0
0
0
0
0
0
0
0
9.3215e-11
1.75223e-10
1.57317e-10
8.7422e-11
1.40042e-11
0
0
0
0
0
0
0
0
0
0
0
0
0
0
0
0
0
0
0
0
0
0
0
0
0
0
0
0
0
0
0
0
0
0
0
0
0
0
0
0
0
0
0
0
0
0
0
0
0
0
0
0
1.91886e-14
0
8.1645e-14
7.24651e-13
0
2.02832e-11
0
2.97341e-07
3.70334e-07
2.3636e-07
2.58138e-07
4.05724e-07
5.55055e-07
6.95335e-07
8.82203e-07
1.0671e-06
1.14504e-06
1.2602e-06
1.29681e-06
1.2539e-06
1.14999e-06
9.58891e-07
7.05665e-07
4.21379e-07
1.96654e-07
3.1452e-08
0
0
0
0
0
0
0
0
0
0
0
0
0
0
0
0
0
0
0
2.17334e-08
1.16103e-08
0
0
0
0
2.50941e-09
8.85586e-08
1.87703e-07
2.77397e-07
3.54411e-07
4.31205e-07
5.16725e-07
6.08321e-07
6.84995e-07
7.11746e-07
6.51527e-07
5.02408e-07
3.01577e-07
1.04341e-07
0
0
0
0
0
0
0
0
0
0
0
0
0
0
0
0
0
0
0
0
0
0
0
0
0
0
0
0
0
0
0
0
0
0
0
0
0
0
0
0
0
0
0
0
0
0
0
0
0
0
0
0
0
0
0
0
0
0
0
0
0
0
0
0
0
0
0
0
0
0
0
0
0
0
0
0
0
0
0
0
0
0
0
0
0
0
0
0
0
0
0
0
0
0
0
0
0
0
0
0
0
0
0
0
0
0
0
0
0
0
0
0
0
0
0
0
3.66176e-14
0
5.39044e-13
0
6.80046e-12
0
6.26086e-08
1.61163e-07
1.93727e-07
2.89876e-07
4.61907e-07
6.70665e-07
8.82433e-07
9.98102e-07
1.18752e-06
1.25399e-06
1.28624e-06
1.14766e-06
8.53034e-07
4.30894e-07
0
0
0
3.14413e-08
9.0144e-07
1.1434e-06
7.40943e-07
1.71702e-07
0
0
0
0
0
0
0
0
0
0
0
0
0
0
0
0
0
0
0
8.74593e-08
4.38346e-07
7.47981e-07
8.34371e-07
7.47313e-07
6.2245e-07
5.35373e-07
5.00247e-07
5.17178e-07
5.72767e-07
6.57634e-07
7.46215e-07
7.95859e-07
7.51648e-07
5.75671e-07
2.91918e-07
0
0
0
0
0
0
0
0
0
0
0
0
0
0
0
0
0
0
0
0
0
0
0
0
0
0
0
0
0
0
0
0
0
0
0
0
0
0
0
0
0
0
0
0
0
0
0
0
0
0
0
0
0
0
0
0
0
0
0
0
0
0
0
0
0
0
0
0
0
0
0
0
0
0
0
0
0
0
0
0
0
0
0
0
0
0
0
0
0
0
0
0
0
0
0
0
0
0
0
0
0
0
0
0
0
0
0
0
0
0
0
0
0
0
0
0
0
1.60751e-14
0
9.76449e-13
0
3.42625e-12
0
5.04625e-09
4.10275e-08
1.22919e-07
3.37574e-07
5.47927e-07
7.28797e-07
9.3075e-07
1.07556e-06
1.16235e-06
1.05016e-06
6.94046e-07
0
0
0
0
0
0
2.6419e-07
4.72021e-06
5.24307e-06
3.58181e-06
1.8677e-06
6.52025e-07
0
0
0
0
0
0
0
0
0
0
0
0
0
0
0
0
0
4.32916e-07
1.38551e-06
1.77222e-06
1.42689e-06
1.05593e-06
8.18027e-07
6.86427e-07
6.45969e-07
6.73757e-07
7.56853e-07
8.97599e-07
1.08571e-06
1.30402e-06
1.52093e-06
1.66574e-06
1.58986e-06
1.09916e-06
1.94224e-07
0
0
0
0
0
0
0
0
0
0
0
0
0
0
0
0
0
0
0
0
0
0
0
0
0
0
0
0
0
2.33876e-09
1.37297e-08
2.14167e-08
2.29881e-08
1.50687e-08
0
0
0
0
0
0
0
0
0
0
0
0
0
0
0
0
0
0
0
0
0
0
0
0
0
0
0
0
0
0
0
0
0
0
0
0
0
0
0
0
0
0
0
0
0
0
0
0
0
0
0
0
0
0
0
0
0
0
0
0
0
0
0
0
0
0
0
0
0
0
0
0
0
0
0
0
0
0
0
0
0
0
2.49229e-12
0
6.48851e-12
0
9.19514e-12
0
0
2.06033e-09
5.56607e-08
3.71684e-07
5.61108e-07
7.2446e-07
8.79966e-07
9.69115e-07
7.41799e-07
4.49619e-08
0
0
0
0
0
0
0
6.54453e-06
1.55356e-05
1.33091e-05
8.30223e-06
4.14826e-06
1.70456e-06
4.03878e-07
0
0
0
0
0
0
0
0
0
0
0
0
0
0
0
4.9869e-07
2.52306e-06
2.83333e-06
1.68252e-06
9.64196e-07
5.54259e-07
3.18068e-07
1.86121e-07
1.15549e-07
8.35069e-08
7.74739e-08
9.13168e-08
1.21496e-07
1.64229e-07
2.135e-07
2.5624e-07
2.64927e-07
1.90445e-07
0
0
0
0
0
0
6.99253e-08
1.25077e-07
1.36144e-07
1.14706e-07
7.77402e-08
3.70813e-08
2.58035e-09
0
0
0
0
0
0
0
0
0
0
0
0
0
0
0
0
0
0
0
0
0
0
0
0
0
0
0
0
0
0
0
0
0
0
0
0
0
0
0
0
0
0
0
0
0
0
0
0
0
0
0
0
0
0
0
0
0
0
0
0
0
0
0
0
0
0
0
0
0
0
0
0
0
0
0
0
0
0
0
0
0
0
0
0
0
0
0
0
0
0
0
0
0
0
0
0
0
0
0
0
0
0
0
0
0
0
0
0
0
0
0
0
1.6392e-08
3.36096e-07
4.81371e-07
6.10363e-07
6.76314e-07
4.83685e-07
0
0
0
0
0
0
0
0
6.00147e-06
2.04922e-05
2.30304e-05
2.02919e-05
1.43003e-05
7.91396e-06
3.45155e-06
1.11626e-06
5.31481e-08
0
0
0
0
0
0
0
0
0
0
0
0
0
0
0
2.30669e-06
1.22878e-06
4.4414e-07
6.39615e-08
0
0
0
0
0
0
0
0
0
0
0
0
0
0
0
0
0
0
0
6.08461e-08
1.34357e-07
1.82492e-07
2.00442e-07
1.94948e-07
1.71127e-07
1.26561e-07
7.47621e-08
2.68865e-08
0
0
0
0
0
0
0
0
0
0
0
0
0
0
0
0
0
0
0
0
0
0
0
0
0
0
0
0
0
0
0
0
0
0
0
0
0
0
0
0
0
0
0
0
0
0
0
0
0
0
0
0
0
0
0
0
0
0
0
0
0
0
0
0
0
0
0
0
0
0
0
0
0
0
0
0
0
0
0
0
0
0
0
0
0
0
0
0
0
0
0
0
0
0
0
0
0
0
0
0
0
0
0
0
0
0
0
0
0
0
6.60836e-10
2.28466e-07
2.819e-07
3.23471e-07
2.58864e-07
0
0
0
2.78797e-06
1.10646e-05
1.56687e-05
2.21445e-05
2.89124e-05
2.65599e-05
2.26002e-05
2.10117e-05
2.10323e-05
2.08523e-05
1.75615e-05
1.06213e-05
4.39427e-06
1.19258e-06
2.49504e-08
0
0
0
0
0
0
0
0
0
0
0
0
0
0
0
8.56821e-07
1.90698e-07
0
0
0
0
0
0
0
0
0
0
0
0
4.59164e-08
3.24002e-08
0
0
0
0
8.91115e-08
1.814e-07
2.13143e-07
2.21024e-07
2.06943e-07
1.97871e-07
1.9344e-07
1.90926e-07
1.94946e-07
1.88945e-07
1.70499e-07
1.35137e-07
8.42075e-08
3.19762e-08
0
0
0
0
0
0
0
0
0
0
0
0
0
0
0
0
0
0
0
0
0
0
0
0
0
0
0
0
0
0
0
0
0
0
0
0
0
0
0
0
0
0
0
0
0
0
0
0
0
0
0
0
0
0
0
0
0
0
0
0
0
0
0
0
0
0
0
0
0
0
0
0
0
0
0
0
0
0
0
0
0
0
0
0
0
0
0
0
0
0
0
0
0
0
0
0
0
0
0
0
0
0
0
0
0
0
0
0
0
0
0
0
0
4.8227e-08
2.28346e-06
8.04263e-06
1.03515e-05
1.12016e-05
1.25179e-05
1.43186e-05
1.53508e-05
1.50813e-05
1.41474e-05
1.35194e-05
1.36493e-05
1.49846e-05
1.69954e-05
1.47273e-05
4.48324e-06
7.37099e-07
5.70792e-07
3.23327e-07
0
0
0
0
0
0
0
0
0
0
0
0
0
4.55635e-07
1.77285e-07
0
0
0
0
0
0
0
0
0
0
1.32123e-07
3.65009e-07
6.01285e-07
6.89773e-07
4.25553e-07
0
0
0
0
3.12143e-07
5.20646e-07
5.42514e-07
4.95977e-07
4.08426e-07
2.82071e-07
1.90705e-07
1.27086e-07
1.00464e-07
9.88995e-08
1.16043e-07
1.35991e-07
1.47243e-07
1.39492e-07
1.12869e-07
7.51625e-08
3.65997e-08
2.18229e-09
0
0
0
0
0
0
0
1.12464e-08
1.46309e-08
4.7084e-09
0
0
0
0
0
0
0
0
0
0
0
0
0
0
0
0
0
0
0
0
0
0
0
0
0
0
0
0
0
0
0
0
0
0
0
0
0
0
0
0
0
0
0
0
0
0
0
0
0
0
0
0
0
0
0
0
0
0
0
0
0
0
0
0
0
0
0
0
0
0
0
0
0
0
0
0
0
0
0
0
0
0
0
0
0
0
0
0
0
0
0
0
0
0
0
0
0
0
0
3.75708e-07
2.84879e-06
4.87434e-06
5.27174e-06
5.40889e-06
5.68957e-06
6.15971e-06
6.8077e-06
6.88904e-06
6.45959e-06
5.91745e-06
5.29568e-06
4.57188e-06
3.10699e-06
0
0
2.41547e-06
1.91047e-06
9.64996e-07
5.8187e-07
3.44181e-07
1.79726e-07
6.88513e-08
0
0
0
0
0
0
0
0
0
1.31238e-07
0
0
0
0
0
0
0
0
0
1.2943e-07
5.34009e-07
1.18241e-06
2.12361e-06
3.22265e-06
3.63114e-06
1.26477e-06
0
0
0
0
0
2.60512e-07
6.02477e-07
6.83019e-07
6.56454e-07
5.15669e-07
3.34622e-07
1.85263e-07
8.32062e-08
2.97516e-08
1.17042e-08
1.83715e-08
4.10113e-08
6.96047e-08
9.31108e-08
1.01863e-07
9.12755e-08
6.50043e-08
3.21552e-08
3.88089e-10
0
0
0
0
0
0
0
0
0
0
0
0
0
0
0
0
0
0
0
0
0
0
0
0
0
0
0
0
0
0
0
0
0
0
0
0
0
0
0
0
0
0
0
0
0
0
0
0
0
0
0
0
0
0
0
0
0
0
0
0
0
0
0
0
0
0
0
0
0
0
0
0
0
0
0
0
0
0
0
0
0
0
0
0
0
0
0
0
0
0
0
0
0
0
0
0
0
0
0
0
0
0
0
0
0
0
0
0
1.17789e-06
2.61571e-06
3.08341e-06
3.06348e-06
3.01236e-06
2.943e-06
2.79756e-06
2.57156e-06
2.22226e-06
1.82911e-06
1.29128e-06
5.62945e-07
0
0
3.08343e-06
3.583e-06
2.54687e-06
1.8937e-06
1.44172e-06
1.09958e-06
8.50587e-07
7.57414e-07
8.32297e-07
2.90262e-07
0
0
0
0
0
0
0
0
0
0
0
0
0
0
0
0
2.44693e-07
8.41116e-07
1.87819e-06
3.6152e-06
6.4681e-06
1.09855e-05
1.4891e-05
0
0
0
0
0
0
0
9.65278e-08
4.72688e-07
6.15718e-07
6.23696e-07
5.27361e-07
3.63239e-07
1.97941e-07
8.92075e-08
2.96483e-08
0
0
0
0
1.991e-08
4.0879e-08
4.23072e-08
2.05543e-08
0
0
0
0
0
0
0
0
0
0
0
0
0
0
0
0
0
0
0
0
0
0
0
0
0
2.40783e-09
1.61383e-09
0
0
0
0
0
0
0
0
0
0
0
0
0
0
0
0
0
0
0
0
0
0
0
0
0
0
0
0
0
0
0
0
0
0
0
0
0
0
0
0
0
0
0
0
0
0
0
0
0
0
0
0
0
0
0
0
0
0
0
0
0
0
0
0
0
0
0
0
0
0
0
0
0
0
0
0
0
0
0
0
0
0
0
1.05946e-06
1.77196e-06
1.95073e-06
1.87045e-06
1.74727e-06
1.56902e-06
1.35271e-06
1.15465e-06
1.01976e-06
9.59302e-07
1.15364e-06
1.84625e-06
2.9081e-06
3.43007e-06
3.34365e-06
3.0876e-06
2.81347e-06
2.50406e-06
2.21645e-06
1.54681e-06
7.81133e-07
4.34856e-07
2.40853e-07
8.3497e-08
0
0
0
0
0
0
0
0
0
0
0
0
0
0
1.71951e-07
7.16765e-07
1.67841e-06
3.27233e-06
5.68874e-06
8.64878e-06
9.89234e-06
1.51011e-06
0
0
0
0
0
0
0
0
1.82269e-07
3.76697e-07
4.14919e-07
4.15909e-07
3.87215e-07
3.07439e-07
1.97612e-07
1.1459e-07
6.31114e-08
1.9575e-08
0
0
0
0
3.63574e-08
7.35134e-08
5.32989e-08
0
0
0
0
0
0
0
0
0
0
0
0
0
0
0
0
0
0
0
0
0
0
0
4.71698e-11
1.02343e-08
4.86935e-09
0
0
0
0
0
0
0
0
0
0
0
0
0
0
0
0
0
0
0
0
0
0
0
0
7.83083e-09
3.1849e-09
0
0
0
0
0
0
0
0
0
0
0
0
0
0
0
0
0
0
0
0
0
0
0
0
0
0
0
0
0
0
0
0
0
0
0
0
0
0
0
0
0
0
0
0
0
0
0
0
0
0
0
0
0
0
0
0
0
0
6.82495e-07
1.17582e-06
1.34773e-06
1.35503e-06
1.33388e-06
1.3014e-06
1.29666e-06
1.36863e-06
1.54262e-06
1.87873e-06
2.2741e-06
2.66542e-06
2.99953e-06
3.24812e-06
3.32507e-06
2.96355e-06
1.93014e-06
1.07042e-06
6.86333e-07
4.891e-07
3.61277e-07
2.53651e-07
1.4398e-07
2.45485e-08
0
0
0
0
0
1.48235e-08
0
0
0
0
0
0
0
1.93442e-07
6.61829e-07
1.42498e-06
2.35133e-06
3.01352e-06
2.42507e-06
0
0
0
0
0
0
0
0
0
0
3.87338e-08
3.11343e-07
3.18792e-07
2.70595e-07
2.70369e-07
2.57971e-07
1.81559e-07
1.06894e-07
8.99325e-08
7.26161e-08
2.04222e-08
0
0
0
0
1.03895e-08
9.25158e-08
1.03602e-07
5.16794e-08
0
0
0
0
0
0
0
0
0
0
0
0
0
0
0
0
0
0
0
0
0
5.9582e-09
1.25835e-08
1.02964e-08
3.20267e-10
0
0
0
0
0
0
0
0
0
0
0
0
0
0
0
0
0
0
0
0
0
0
0
0
1.02848e-08
7.98993e-09
0
0
0
0
0
0
0
0
0
0
0
0
0
0
0
0
0
0
0
0
0
0
0
0
0
0
0
0
0
0
0
0
0
0
0
0
0
0
0
0
0
0
0
0
0
0
0
7.77656e-09
0
0
0
0
0
0
0
0
0
0
2.37802e-07
6.38068e-07
8.37673e-07
9.26562e-07
9.76936e-07
1.02598e-06
1.11129e-06
1.24269e-06
1.4256e-06
1.65952e-06
1.93426e-06
2.21199e-06
2.23949e-06
1.76021e-06
1.16943e-06
8.31115e-07
6.27058e-07
5.05828e-07
4.19817e-07
3.4554e-07
2.72671e-07
1.94531e-07
1.11336e-07
2.00021e-08
0
0
2.48393e-08
7.35157e-08
8.7952e-08
7.58533e-08
4.44431e-08
5.59761e-09
0
0
0
0
0
0
0
0
0
0
0
0
0
0
0
0
0
0
0
0
0
1.71838e-07
2.87989e-07
2.20111e-07
1.85681e-07
2.08437e-07
1.62427e-07
5.26068e-08
3.60887e-08
1.18459e-07
1.11547e-07
0
0
0
0
0
0
0
0
2.78493e-08
4.45252e-08
3.37804e-08
1.40027e-08
0
0
0
0
0
0
0
0
0
0
0
0
0
0
0
2.48762e-09
6.65417e-09
9.0488e-09
1.20192e-08
1.23562e-08
7.15469e-09
0
0
0
0
0
0
0
0
0
0
0
0
0
0
0
0
0
0
0
0
0
0
0
0
7.44897e-10
1.04525e-08
8.38723e-09
0
0
0
0
0
0
0
0
0
0
0
0
0
0
0
0
0
0
0
0
0
0
0
0
0
0
0
0
0
0
0
0
0
0
0
0
0
0
0
0
0
0
0
0
0
0
4.47565e-09
0
0
0
0
0
0
0
0
0
0
0
0
1.44944e-07
2.77418e-07
3.56477e-07
4.33707e-07
5.26094e-07
6.43509e-07
7.88596e-07
9.84098e-07
1.19816e-06
1.2825e-06
1.0989e-06
8.73611e-07
7.014e-07
5.86028e-07
5.1984e-07
4.61095e-07
4.04911e-07
3.54105e-07
3.0241e-07
2.4718e-07
1.94621e-07
1.40706e-07
1.06686e-07
1.10475e-07
1.32009e-07
1.47382e-07
1.61254e-07
1.69511e-07
1.67137e-07
1.52743e-07
1.28986e-07
7.16979e-08
0
0
0
0
0
0
0
0
0
0
0
0
0
0
0
0
0
0
0
8.50816e-08
2.35985e-07
1.76893e-07
9.61199e-08
1.0054e-07
1.19183e-07
4.10516e-08
0
9.02657e-08
2.26823e-07
1.26652e-07
0
0
0
0
0
0
0
0
0
4.50732e-08
6.74234e-08
3.39281e-08
0
0
0
0
0
0
0
0
0
0
0
0
1.15781e-08
1.86135e-08
1.18858e-08
7.35474e-09
7.02387e-09
9.76244e-09
1.19003e-08
9.75749e-09
4.77335e-09
5.50379e-10
0
0
1.00714e-09
1.97185e-09
0
0
0
0
0
0
0
0
0
1.37297e-09
2.98881e-09
0
0
0
0
0
0
0
0
1.63102e-09
1.28781e-08
7.5234e-09
0
0
0
0
0
0
0
0
0
0
0
0
0
0
0
0
0
0
0
0
0
0
0
0
0
0
0
0
0
0
0
0
0
0
0
0
0
0
0
0
0
0
0
0
0
0
0
0
0
0
0
0
0
0
0
0
0
0
0
0
7.29498e-08
1.94743e-07
3.10913e-07
4.27032e-07
5.45929e-07
6.5652e-07
6.95245e-07
6.67984e-07
5.65209e-07
4.90727e-07
4.50951e-07
4.32244e-07
4.26703e-07
4.17326e-07
4.02659e-07
3.765e-07
3.37208e-07
2.92156e-07
2.46987e-07
2.0391e-07
1.78145e-07
1.75968e-07
1.85843e-07
1.97369e-07
2.16787e-07
2.41585e-07
2.64667e-07
2.82564e-07
2.92858e-07
2.70132e-07
1.38627e-07
0
0
0
0
0
0
0
0
0
0
0
0
0
0
0
0
3.94956e-08
1.82119e-07
1.95316e-07
2.08781e-07
1.69487e-07
6.27081e-08
5.22628e-09
3.23101e-08
4.02873e-08
0
0
1.16569e-07
1.90732e-07
7.01019e-09
0
0
0
0
0
0
0
0
0
0
2.56386e-09
0
0
0
0
0
0
0
0
0
0
0
0
6.55295e-10
3.5489e-08
3.12666e-08
2.3035e-08
1.60033e-08
9.98062e-09
6.9607e-09
6.91134e-09
6.48345e-09
6.62659e-09
1.06296e-08
1.6151e-08
1.91669e-08
1.79858e-08
1.31997e-08
6.86598e-09
1.32461e-09
0
0
0
0
0
0
0
3.02034e-09
2.92091e-09
0
0
0
0
0
0
0
0
2.32769e-09
1.72213e-08
4.96577e-09
0
0
0
0
0
0
0
0
0
0
0
0
0
0
0
0
0
0
0
0
0
0
0
0
0
0
0
0
0
0
0
0
0
0
0
0
0
0
0
0
0
0
0
0
0
0
0
0
0
0
0
0
0
0
0
0
0
0
0
7.21652e-08
2.01165e-07
3.06166e-07
3.86285e-07
4.28114e-07
4.3925e-07
3.95042e-07
3.21121e-07
2.62482e-07
2.30968e-07
2.31725e-07
2.54546e-07
2.88309e-07
3.26223e-07
3.63438e-07
3.85267e-07
3.83959e-07
3.58786e-07
3.13107e-07
2.56022e-07
2.08679e-07
1.84394e-07
1.83592e-07
2.01224e-07
2.34216e-07
2.68218e-07
3.03505e-07
3.46336e-07
3.98167e-07
4.42602e-07
3.99747e-07
2.28435e-07
0
0
0
0
0
0
0
0
0
0
0
0
0
4.78312e-07
5.47821e-07
4.60072e-07
3.69722e-07
2.57035e-07
1.89075e-07
1.5648e-07
7.88748e-08
0
0
1.77142e-09
6.48506e-09
0
0
2.18784e-08
8.56635e-08
0
0
0
0
0
0
0
0
0
0
0
0
0
0
0
0
0
0
0
0
0
0
0
1.35742e-08
6.40886e-08
6.32926e-08
5.27372e-08
4.34082e-08
3.3405e-08
2.23617e-08
1.24052e-08
6.03271e-09
3.97542e-09
7.13842e-09
1.60736e-08
2.59786e-08
2.95056e-08
2.49678e-08
1.71364e-08
1.02588e-08
5.25791e-09
1.93749e-09
4.34963e-10
0
0
0
0
1.80668e-09
2.84123e-09
0
0
0
0
0
0
0
0
0
3.70183e-09
2.30905e-08
6.27818e-10
0
0
0
0
0
0
0
0
0
0
0
0
0
0
0
0
0
0
0
0
0
0
0
0
0
0
0
0
0
0
0
0
0
0
0
0
0
0
0
0
0
0
0
0
0
0
0
0
0
0
0
0
0
0
0
0
0
0
1.06986e-07
2.07094e-07
2.77743e-07
3.25675e-07
3.34941e-07
3.03608e-07
2.44572e-07
1.65189e-07
1.01457e-07
6.23494e-08
5.16609e-08
6.79917e-08
1.05652e-07
1.54013e-07
2.07857e-07
2.56135e-07
2.93461e-07
3.14695e-07
3.15999e-07
2.91953e-07
2.48429e-07
2.03823e-07
1.75672e-07
1.71479e-07
1.8592e-07
2.12481e-07
2.51075e-07
2.99048e-07
3.62756e-07
4.30019e-07
4.62436e-07
4.14981e-07
2.63165e-07
0
0
0
0
0
0
0
0
0
0
0
6.04032e-07
7.6286e-07
5.8345e-07
3.77593e-07
2.9587e-07
2.54746e-07
1.96523e-07
1.61846e-07
1.29732e-07
3.94907e-08
0
0
0
0
0
0
0
0
0
0
0
0
0
0
0
0
0
0
0
0
0
0
0
0
0
0
0
0
0
0
6.67499e-08
9.77026e-08
9.17958e-08
7.97123e-08
7.1904e-08
6.64067e-08
5.92927e-08
4.91903e-08
3.60121e-08
2.01716e-08
6.67803e-09
5.08833e-09
1.53902e-08
2.64645e-08
2.88794e-08
2.33813e-08
1.70155e-08
1.33093e-08
1.16864e-08
1.09798e-08
9.27928e-09
3.53891e-09
0
0
0
3.35169e-09
8.53709e-10
0
0
0
0
0
0
0
0
0
1.0651e-08
2.61518e-08
0
0
0
0
0
0
0
0
0
0
0
0
0
0
0
0
0
0
0
0
0
0
0
0
0
0
0
0
0
0
0
0
0
0
0
0
0
0
0
0
0
0
0
0
0
0
0
0
0
0
0
0
0
0
0
0
0
0
9.46432e-08
1.75942e-07
2.26247e-07
2.56213e-07
2.62489e-07
2.31892e-07
1.76724e-07
1.06864e-07
4.70627e-08
5.15398e-09
0
0
0
1.79394e-09
3.00426e-08
6.63536e-08
1.08548e-07
1.51633e-07
1.88962e-07
2.11534e-07
2.11479e-07
1.91931e-07
1.62991e-07
1.36334e-07
1.21258e-07
1.2156e-07
1.40252e-07
1.66148e-07
2.12768e-07
2.63389e-07
3.17666e-07
3.2946e-07
3.08222e-07
2.10065e-07
2.4428e-08
0
0
0
0
0
0
0
0
0
1.22621e-07
2.54183e-07
2.62756e-07
2.04508e-07
2.299e-07
2.83162e-07
2.57533e-07
2.03803e-07
1.79306e-07
1.21559e-07
0
0
0
1.75424e-08
0
0
0
0
0
0
0
0
0
0
0
0
0
0
0
0
0
0
2.21752e-08
2.34659e-08
2.03344e-09
0
0
0
0
7.73494e-08
1.21837e-07
1.27409e-07
1.13167e-07
9.90118e-08
9.2294e-08
9.14416e-08
9.06501e-08
8.65692e-08
7.88898e-08
6.68061e-08
4.80441e-08
2.71961e-08
1.73053e-08
2.10567e-08
2.67589e-08
2.62672e-08
2.1757e-08
1.86837e-08
1.88601e-08
2.07494e-08
2.05747e-08
1.27956e-08
0
0
0
1.32101e-09
3.74024e-09
0
0
0
0
0
0
0
0
0
0
2.16527e-08
1.77218e-08
0
0
0
0
0
0
0
0
0
0
0
0
0
0
0
0
0
0
0
0
0
0
0
0
0
0
0
0
0
0
0
0
0
0
0
0
0
0
0
0
0
0
0
0
0
0
0
0
0
0
0
0
0
0
0
0
0
4.60416e-08
1.04875e-07
1.47282e-07
1.70466e-07
1.7652e-07
1.59652e-07
1.23481e-07
7.46355e-08
2.77083e-08
0
0
0
0
0
0
0
0
1.90786e-09
2.86684e-08
5.86123e-08
8.38582e-08
9.78087e-08
9.78588e-08
8.46947e-08
6.4497e-08
4.63219e-08
3.54075e-08
3.30491e-08
4.13963e-08
6.11447e-08
8.88904e-08
1.10315e-07
1.30534e-07
1.36282e-07
1.44421e-07
1.48538e-07
1.83424e-07
2.77221e-07
4.54898e-07
7.60076e-07
1.21233e-06
1.50535e-06
0
0
0
0
7.33635e-09
1.12252e-07
2.00762e-07
2.79346e-07
2.85843e-07
2.45351e-07
2.21358e-07
1.7219e-07
6.21242e-09
0
0
3.15378e-08
2.89332e-08
0
0
0
0
0
0
0
0
0
0
0
0
0
0
0
2.07177e-08
4.11217e-08
7.29738e-08
7.99276e-08
6.76476e-08
5.55235e-08
3.16338e-08
2.18836e-08
1.02284e-07
1.51569e-07
1.58218e-07
1.53308e-07
1.38574e-07
1.21163e-07
1.09177e-07
1.05454e-07
1.05958e-07
1.04687e-07
9.99987e-08
9.32232e-08
8.24004e-08
6.41062e-08
4.37777e-08
3.13854e-08
2.88362e-08
2.91015e-08
2.73035e-08
2.48444e-08
2.48578e-08
2.77271e-08
3.03643e-08
2.5185e-08
8.15641e-09
0
0
0
3.75207e-09
1.70795e-09
0
0
0
0
0
0
0
0
0
0
2.07023e-08
0
0
0
0
0
0
0
0
0
0
0
0
0
0
0
0
0
0
0
0
0
0
0
0
0
0
0
0
0
0
0
0
0
0
0
0
0
0
0
0
0
0
0
0
0
0
0
0
0
0
0
0
0
0
0
0
0
0
2.2816e-08
4.99054e-08
6.75464e-08
7.90695e-08
8.31595e-08
7.23977e-08
5.14722e-08
2.35841e-08
0
0
0
0
0
0
0
0
0
0
0
0
0
0
0
0
0
0
0
0
0
0
0
0
0
4.14076e-10
8.90195e-08
2.34349e-07
4.51237e-07
7.41048e-07
1.08464e-06
1.3618e-06
1.18435e-06
0
0
0
0
0
1.12538e-07
2.31894e-07
2.97831e-07
3.1137e-07
2.91272e-07
2.81308e-07
2.05331e-07
1.16819e-08
0
9.94448e-09
1.29351e-07
3.19784e-08
0
0
0
0
0
0
0
0
0
0
0
0
0
0
0
4.07992e-08
6.52868e-08
8.15896e-08
9.08224e-08
8.70789e-08
7.12486e-08
4.96885e-08
5.6274e-08
1.15978e-07
1.59512e-07
1.68776e-07
1.65161e-07
1.5913e-07
1.4899e-07
1.35069e-07
1.24207e-07
1.17087e-07
1.11324e-07
1.04169e-07
9.70396e-08
9.05963e-08
8.097e-08
6.50591e-08
4.85765e-08
3.83201e-08
3.49483e-08
3.40666e-08
3.27316e-08
3.22079e-08
3.40717e-08
3.70269e-08
3.53576e-08
2.08493e-08
0
0
0
0
4.75776e-09
0
0
0
0
0
0
0
0
0
0
0
1.82875e-09
0
0
0
0
0
0
0
0
0
0
0
0
0
0
0
0
0
0
0
0
0
0
0
0
0
0
0
0
0
0
0
0
0
0
0
0
0
0
0
0
0
0
0
0
0
0
0
0
0
0
0
0
0
0
0
0
0
0
0
0
0
0
0
0
0
0
0
0
0
0
0
0
0
0
0
0
0
0
0
0
0
0
0
0
0
0
0
0
0
0
0
0
5.32422e-08
2.18083e-07
4.12859e-07
5.83492e-07
6.47018e-07
4.77723e-07
0
0
0
0
0
1.41047e-07
2.68165e-07
2.91076e-07
2.92195e-07
3.20167e-07
3.37242e-07
2.13042e-07
0
0
6.32622e-07
3.18116e-07
7.87155e-08
0
0
0
0
0
0
0
0
0
0
0
0
0
0
2.96891e-08
1.03352e-07
1.0579e-07
9.03717e-08
7.93002e-08
6.96419e-08
5.75882e-08
5.2323e-08
8.06048e-08
1.40535e-07
1.78372e-07
1.85076e-07
1.75538e-07
1.64989e-07
1.60056e-07
1.55283e-07
1.45439e-07
1.3425e-07
1.21901e-07
1.0825e-07
9.57832e-08
8.74807e-08
8.17188e-08
7.39468e-08
6.18513e-08
5.008e-08
4.35765e-08
4.19225e-08
4.15502e-08
4.09384e-08
4.13998e-08
4.26628e-08
4.17596e-08
3.17549e-08
1.01737e-08
0
0
0
4.04978e-09
3.49769e-09
0
0
0
0
0
0
0
0
0
0
0
0
0
0
0
0
0
0
0
0
0
0
0
0
0
0
0
0
0
0
0
0
0
0
0
0
0
0
0
0
0
0
0
0
0
0
0
0
0
0
0
0
0
0
0
0
0
1.15833e-07
1.65728e-07
8.99647e-08
2.53504e-08
0
0
0
0
0
0
0
0
0
0
0
0
0
0
0
0
0
0
0
0
0
0
0
0
0
0
0
0
0
0
0
0
0
0
0
0
0
0
0
0
0
0
0
1.40875e-09
1.14371e-07
2.04827e-07
2.35306e-07
1.80048e-07
0
0
0
0
0
1.68781e-07
2.89894e-07
2.52753e-07
2.56635e-07
3.69333e-07
3.84342e-07
1.82548e-07
0
3.88448e-07
1.17339e-06
6.43741e-07
1.94724e-07
1.59554e-09
0
0
0
0
0
0
0
0
0
0
0
0
0
8.1779e-08
1.65364e-07
1.53747e-07
1.22181e-07
9.09667e-08
6.91654e-08
6.11603e-08
7.35925e-08
1.2114e-07
1.65974e-07
1.90771e-07
1.9533e-07
1.84242e-07
1.6864e-07
1.60325e-07
1.59856e-07
1.56533e-07
1.45949e-07
1.30957e-07
1.1316e-07
9.61515e-08
8.4438e-08
7.85988e-08
7.53309e-08
7.01891e-08
6.15437e-08
5.3523e-08
5.0237e-08
5.01666e-08
5.01048e-08
4.95653e-08
4.87581e-08
4.62866e-08
3.86586e-08
2.11052e-08
0
0
0
1.08344e-09
6.02466e-09
7.68766e-10
0
0
0
0
0
0
0
0
0
0
0
0
0
0
0
0
0
0
0
0
0
0
0
0
0
0
0
0
0
0
0
0
0
0
0
0
0
0
0
0
0
0
0
0
0
0
0
0
0
0
0
0
0
7.91516e-09
3.90471e-08
8.85282e-08
1.3725e-07
1.69476e-07
1.373e-07
3.41751e-08
0
0
0
0
0
0
0
0
0
0
0
0
0
0
0
0
0
0
0
0
0
0
0
0
0
0
0
0
0
0
0
0
0
0
0
0
0
0
0
0
0
0
0
0
0
0
3.46643e-08
3.92571e-08
0
0
0
0
0
1.68358e-07
2.54465e-07
1.46162e-07
2.21995e-07
4.05817e-07
3.81478e-07
1.1172e-07
0
7.11875e-07
1.78009e-06
1.03403e-06
3.586e-07
2.49364e-08
0
0
0
0
0
0
0
0
0
0
0
0
0
1.3496e-07
1.99783e-07
1.77209e-07
1.41693e-07
1.09282e-07
8.67479e-08
8.30637e-08
1.0692e-07
1.4864e-07
1.73845e-07
1.95465e-07
1.99866e-07
1.87965e-07
1.69387e-07
1.56686e-07
1.54367e-07
1.5562e-07
1.49466e-07
1.34677e-07
1.1592e-07
9.72274e-08
8.34217e-08
7.66629e-08
7.52512e-08
7.47769e-08
7.11066e-08
6.40137e-08
5.86813e-08
5.78541e-08
5.84767e-08
5.77204e-08
5.51316e-08
5.04161e-08
4.26792e-08
2.91342e-08
9.06701e-09
0
0
0
5.609e-09
5.10918e-09
0
0
0
0
0
0
0
0
0
0
0
0
0
0
0
0
0
0
0
0
0
0
0
0
0
0
0
0
0
0
0
0
0
0
0
0
0
0
0
0
0
0
0
0
0
0
0
0
0
0
0
0
0
0
9.55877e-09
2.51127e-08
3.85373e-08
4.67259e-08
3.07439e-08
0
0
0
0
0
0
0
0
0
0
0
0
0
0
0
0
0
0
0
0
0
0
0
0
0
0
0
0
0
0
0
0
0
0
0
0
0
0
0
0
0
0
0
0
0
0
0
0
0
0
0
0
0
0
1.22583e-07
1.34942e-07
4.67772e-08
2.51027e-07
4.15472e-07
3.46563e-07
3.79115e-08
0
9.14509e-07
2.61629e-06
1.42194e-06
4.56215e-07
3.97872e-08
0
0
0
0
0
3.4933e-08
7.1613e-08
8.49859e-08
2.39695e-08
0
0
0
0
2.01445e-07
2.28865e-07
1.90183e-07
1.48738e-07
1.18803e-07
1.03051e-07
1.04641e-07
1.24221e-07
1.50259e-07
1.70274e-07
1.91186e-07
1.94915e-07
1.83438e-07
1.64721e-07
1.49332e-07
1.43588e-07
1.4514e-07
1.44761e-07
1.33833e-07
1.16729e-07
9.86682e-08
8.42004e-08
7.64412e-08
7.51507e-08
7.7172e-08
7.70707e-08
7.22432e-08
6.57023e-08
6.33328e-08
6.41631e-08
6.38049e-08
6.03437e-08
5.38963e-08
4.4635e-08
3.31684e-08
1.67289e-08
8.11979e-11
0
0
3.4711e-09
6.14741e-09
2.47016e-09
0
0
0
0
0
0
0
0
0
0
0
0
0
0
0
0
0
0
0
0
0
0
0
0
0
0
0
0
0
0
0
0
0
0
0
0
0
0
0
0
0
0
0
0
0
0
0
0
0
0
0
0
4.40975e-09
3.41024e-08
4.08697e-08
4.38369e-08
4.35639e-08
3.18359e-08
7.90323e-09
0
0
0
0
0
0
0
0
0
0
0
0
0
0
0
0
0
0
0
0
0
0
0
0
0
0
0
0
0
0
0
0
0
0
0
0
0
0
0
0
0
0
0
0
0
0
0
8.91825e-09
0
0
0
0
0
5.59086e-08
3.11414e-08
1.11151e-07
3.05799e-07
3.9149e-07
2.99069e-07
0
0
1.04265e-06
3.81667e-06
1.58556e-06
3.68525e-07
4.73949e-08
0
0
0
0
0
1.21282e-07
1.06584e-07
1.43347e-07
2.58745e-07
2.59765e-07
0
0
6.4414e-08
2.335e-07
2.34001e-07
1.9278e-07
1.51547e-07
1.23314e-07
1.10846e-07
1.12582e-07
1.25493e-07
1.42816e-07
1.58668e-07
1.765e-07
1.8045e-07
1.71127e-07
1.54816e-07
1.39293e-07
1.30249e-07
1.29996e-07
1.3184e-07
1.27074e-07
1.1383e-07
9.7914e-08
8.39331e-08
7.5449e-08
7.33666e-08
7.5677e-08
7.76652e-08
7.4917e-08
6.82068e-08
6.4069e-08
6.42831e-08
6.46459e-08
6.14132e-08
5.44583e-08
4.38957e-08
3.25958e-08
1.99795e-08
5.23854e-09
0
0
5.20249e-10
4.43173e-09
3.33674e-09
0
0
0
1.14253e-08
0
0
0
0
0
0
0
0
0
0
0
0
0
0
0
0
0
0
0
0
0
0
0
0
0
0
0
0
0
0
0
0
0
0
0
0
0
0
0
0
0
0
0
0
0
0
0
0
0
2.26646e-08
3.82631e-08
4.50803e-08
4.63415e-08
3.71764e-08
2.16869e-08
2.86053e-09
0
0
0
0
0
0
0
0
0
0
0
0
0
0
0
0
0
0
0
0
0
0
0
0
0
0
0
0
0
0
0
0
0
0
0
0
0
0
0
0
0
0
0
0
0
2.27303e-08
5.10321e-08
4.5603e-08
0
0
0
0
1.81588e-08
8.43247e-08
2.70129e-07
3.58542e-07
3.65214e-07
2.63116e-07
0
0
1.60193e-06
5.29239e-06
1.34153e-06
2.33767e-07
5.50633e-08
1.86551e-08
0
0
0
3.20153e-08
7.79415e-08
7.70061e-08
1.67687e-07
4.60377e-07
8.75844e-07
0
0
1.65605e-07
2.46435e-07
2.32783e-07
1.93934e-07
1.55748e-07
1.28986e-07
1.16848e-07
1.17081e-07
1.25612e-07
1.36051e-07
1.45955e-07
1.61273e-07
1.68241e-07
1.62995e-07
1.49975e-07
1.35058e-07
1.23011e-07
1.19585e-07
1.21989e-07
1.22014e-07
1.13672e-07
9.99192e-08
8.63686e-08
7.70246e-08
7.35952e-08
7.51299e-08
7.80985e-08
7.75105e-08
7.15106e-08
6.54413e-08
6.40261e-08
6.44041e-08
6.21538e-08
5.54129e-08
4.42716e-08
3.17471e-08
2.08659e-08
9.27371e-09
0
0
0
1.17119e-09
1.74548e-09
0
0
0
8.16695e-09
2.70449e-08
0
0
0
0
0
0
0
0
0
0
0
0
0
0
0
0
0
0
0
0
0
0
0
0
0
0
0
0
0
0
0
0
0
0
0
0
0
0
0
0
0
0
0
0
0
0
0
0
8.80375e-10
4.36074e-09
8.02938e-09
1.00036e-08
1.04298e-08
1.02352e-08
4.06639e-09
0
9.39239e-10
1.11862e-09
0
0
0
0
0
0
0
0
0
0
0
0
0
0
0
0
0
0
0
0
0
0
0
0
0
0
0
0
0
0
0
0
0
0
0
4.2706e-08
1.12317e-07
1.32703e-07
1.02761e-07
5.26742e-08
1.52216e-08
1.87429e-08
3.42266e-08
5.99607e-08
1.84565e-07
6.09966e-07
1.60215e-06
4.25624e-07
2.13624e-08
2.02774e-08
3.11803e-07
4.53942e-07
4.10939e-07
3.51012e-07
2.45802e-07
0
0
3.34976e-06
6.4252e-06
8.06893e-07
1.06611e-07
5.27985e-08
3.84621e-08
2.071e-08
0
0
6.09905e-08
6.8924e-08
6.73035e-08
1.58504e-07
2.9653e-07
3.85383e-07
1.17701e-07
7.89154e-08
1.95532e-07
2.25168e-07
2.15932e-07
1.85112e-07
1.52249e-07
1.27761e-07
1.14847e-07
1.12454e-07
1.17149e-07
1.23085e-07
1.29993e-07
1.43669e-07
1.52299e-07
1.50929e-07
1.41393e-07
1.2834e-07
1.1607e-07
1.08724e-07
1.08994e-07
1.1145e-07
1.08645e-07
9.80807e-08
8.5379e-08
7.54518e-08
7.06956e-08
7.09881e-08
7.41088e-08
7.55322e-08
7.14593e-08
6.43238e-08
6.08021e-08
6.01352e-08
5.84857e-08
5.28273e-08
4.29131e-08
3.03147e-08
2.02334e-08
1.19061e-08
3.56337e-09
0
0
0
0
0
0
0
0
2.43027e-08
2.35591e-08
0
0
0
0
0
0
0
0
0
0
0
0
0
0
0
0
0
0
0
0
0
0
0
0
0
0
0
0
0
0
0
0
0
0
0
0
0
0
0
0
0
0
0
0
6.86845e-10
0
0
0
0
0
0
0
0
0
0
8.25233e-09
2.08804e-08
2.50166e-08
0
0
0
0
0
0
0
0
0
0
0
0
0
0
0
0
0
0
0
0
0
0
0
0
0
0
0
0
0
0
0
0
0
6.88295e-08
1.80681e-07
2.81764e-07
2.69801e-07
1.4103e-07
1.48016e-08
0
0
0
5.31213e-08
3.73035e-07
1.07181e-06
2.02024e-06
9.51733e-07
4.8375e-08
1.32406e-07
8.94897e-07
7.29702e-07
5.05173e-07
3.51371e-07
2.5354e-07
2.2598e-08
0
2.93028e-06
5.92666e-06
2.49353e-07
3.13351e-08
6.07206e-08
5.227e-08
3.40357e-08
1.45509e-08
2.95824e-08
6.97061e-08
7.14987e-08
6.12518e-08
7.93542e-08
9.5183e-08
1.36139e-07
1.86938e-07
1.78101e-07
2.00796e-07
2.02157e-07
1.91097e-07
1.71154e-07
1.46347e-07
1.25909e-07
1.12099e-07
1.05831e-07
1.06686e-07
1.11315e-07
1.19696e-07
1.35571e-07
1.45379e-07
1.4581e-07
1.37682e-07
1.24712e-07
1.13767e-07
1.05297e-07
1.02497e-07
1.04387e-07
1.04304e-07
9.68657e-08
8.46148e-08
7.38542e-08
6.79403e-08
6.72096e-08
7.03753e-08
7.35358e-08
7.20474e-08
6.5065e-08
5.96319e-08
5.72531e-08
5.49298e-08
4.97312e-08
4.13636e-08
3.00726e-08
1.99794e-08
1.32103e-08
6.78828e-09
5.94628e-10
0
0
0
0
0
0
0
7.75954e-09
3.08646e-08
4.49063e-09
0
0
0
0
0
0
0
0
0
0
0
0
0
0
0
0
0
0
0
0
0
0
0
0
0
0
0
0
0
0
0
0
0
0
0
0
0
0
0
0
0
0
0
1.42796e-09
0
0
0
0
0
0
0
0
0
0
6.07225e-09
1.82334e-08
2.55371e-08
6.56571e-09
0
0
0
0
0
0
0
0
0
0
0
0
0
0
0
0
0
0
0
0
0
0
0
0
0
0
0
0
0
0
0
0
0
3.08443e-08
3.37175e-08
0
0
0
0
0
3.77077e-08
2.32138e-07
6.01991e-07
9.62182e-07
1.13944e-06
4.91885e-07
1.00957e-07
5.30824e-07
1.49457e-06
1.14334e-06
6.02067e-07
3.13352e-07
2.90809e-07
5.52604e-07
2.13482e-06
1.97281e-06
3.07751e-06
0
2.77895e-08
8.88806e-08
7.09385e-08
4.50665e-08
2.8143e-08
4.76182e-08
7.53152e-08
7.24997e-08
5.42176e-08
3.95862e-08
4.13671e-08
1.02719e-07
2.1685e-07
1.93972e-07
1.93082e-07
1.85431e-07
1.71675e-07
1.54753e-07
1.36455e-07
1.20936e-07
1.0824e-07
1.00527e-07
9.95483e-08
1.04241e-07
1.13298e-07
1.2955e-07
1.40972e-07
1.43128e-07
1.36352e-07
1.23787e-07
1.12687e-07
1.04343e-07
9.9743e-08
9.9503e-08
9.94285e-08
9.36104e-08
8.21876e-08
7.08706e-08
6.398e-08
6.24016e-08
6.54624e-08
7.02547e-08
7.18853e-08
6.70908e-08
6.03296e-08
5.62043e-08
5.21547e-08
4.61377e-08
3.82179e-08
2.9099e-08
1.97669e-08
1.33422e-08
8.57623e-09
3.26897e-09
0
0
0
0
0
0
0
0
1.50008e-08
2.51989e-08
0
0
0
0
0
0
0
0
0
0
0
0
0
0
0
0
0
0
0
0
0
0
0
0
0
0
0
0
0
0
0
0
0
0
0
0
0
0
0
0
0
0
0
8.68669e-10
0
0
0
0
0
2.32208e-09
5.44704e-09
4.98865e-09
0
0
3.13123e-09
1.1887e-08
1.87172e-08
1.0046e-08
0
0
0
0
0
0
0
0
0
0
0
0
0
0
0
0
0
0
0
0
0
0
0
0
0
0
0
0
0
0
0
0
0
0
0
0
0
0
0
0
0
0
0
6.87795e-08
1.03502e-07
8.57353e-08
8.07959e-08
1.37577e-07
4.19071e-07
5.71665e-07
2.18257e-07
1.57644e-07
4.97445e-07
1.95539e-06
1.47385e-06
1.37593e-06
8.74178e-07
0
6.51278e-08
1.12963e-07
8.97621e-08
6.01727e-08
4.00076e-08
4.96534e-08
6.8256e-08
6.58375e-08
5.0561e-08
3.62012e-08
4.99534e-08
1.65336e-07
1.81542e-07
1.7901e-07
1.75707e-07
1.64052e-07
1.48248e-07
1.35086e-07
1.23646e-07
1.12735e-07
1.02833e-07
9.61388e-08
9.54845e-08
1.00454e-07
1.08851e-07
1.2206e-07
1.31934e-07
1.35441e-07
1.31133e-07
1.2244e-07
1.12331e-07
1.03754e-07
9.79236e-08
9.52246e-08
9.31002e-08
8.74545e-08
7.74377e-08
6.67799e-08
5.94855e-08
5.71963e-08
5.96411e-08
6.55131e-08
7.01178e-08
6.88698e-08
6.26818e-08
5.71425e-08
5.09679e-08
4.27888e-08
3.38123e-08
2.63029e-08
1.91705e-08
1.29999e-08
8.9401e-09
5.0007e-09
3.15675e-10
0
0
0
0
0
0
0
0
1.73641e-08
1.29758e-08
0
0
0
0
0
7.8668e-09
0
0
0
0
0
0
0
0
0
0
0
0
0
0
0
0
0
0
0
0
0
0
0
0
0
0
0
0
0
0
0
0
0
0
0
0
2.08622e-09
3.97491e-09
3.6471e-09
3.30078e-09
6.38424e-09
1.14928e-08
1.64849e-08
1.94449e-08
5.94119e-09
0
0
4.82801e-09
1.75939e-08
1.97189e-08
5.37508e-09
0
3.0547e-10
0
0
0
0
0
0
0
0
0
0
0
0
0
0
0
0
0
0
0
0
0
0
0
0
0
0
0
0
0
0
0
0
0
0
0
0
0
0
0
0
0
0
0
0
1.16411e-08
1.90953e-09
0
0
0
5.93683e-08
7.86164e-07
1.18152e-06
8.87377e-07
9.07318e-07
0
0
9.74844e-08
1.16881e-07
9.91871e-08
7.45866e-08
5.34008e-08
4.68332e-08
5.33614e-08
5.44914e-08
5.03343e-08
5.11946e-08
7.49293e-08
1.25716e-07
1.62871e-07
1.68325e-07
1.56191e-07
1.36504e-07
1.2005e-07
1.11269e-07
1.06663e-07
1.0163e-07
9.59319e-08
9.2075e-08
9.28351e-08
9.76079e-08
1.04577e-07
1.13481e-07
1.19363e-07
1.22697e-07
1.2112e-07
1.16922e-07
1.11424e-07
1.03323e-07
9.58003e-08
9.00867e-08
8.51291e-08
7.89491e-08
7.06e-08
6.19912e-08
5.54417e-08
5.26314e-08
5.418e-08
5.99119e-08
6.67259e-08
6.89512e-08
6.50503e-08
5.9029e-08
5.16164e-08
4.05757e-08
2.89794e-08
2.15601e-08
1.74785e-08
1.25441e-08
8.4549e-09
5.387e-09
1.89677e-09
0
0
0
0
0
0
0
0
1.5037e-09
1.56986e-08
2.90387e-09
0
0
0
0
5.71301e-09
9.22636e-09
0
0
0
0
0
0
0
0
0
0
0
0
0
0
0
0
0
0
0
0
0
0
0
0
0
0
0
0
0
0
0
0
0
0
0
1.2581e-08
1.00545e-08
6.5755e-09
6.0365e-09
1.29361e-08
3.06499e-08
5.81145e-08
3.69292e-08
0
0
0
5.89617e-10
1.34636e-08
1.69832e-08
9.12592e-09
0
0
0
0
0
0
0
0
0
0
0
0
0
3.45493e-10
2.21978e-09
2.0146e-09
0
0
0
0
0
0
0
0
0
0
0
0
0
0
0
0
0
3.25842e-08
0
0
0
2.56761e-08
2.98485e-08
1.32546e-08
0
0
0
0
0
0
0
0
0
0
5.12541e-09
1.19358e-07
4.72861e-07
5.21127e-07
4.70725e-07
3.98899e-07
0
4.98526e-08
1.14954e-07
1.11651e-07
9.72147e-08
7.96128e-08
6.19478e-08
5.05742e-08
4.56946e-08
4.65338e-08
5.35035e-08
6.21339e-08
7.05935e-08
9.73209e-08
1.32244e-07
1.37185e-07
1.22155e-07
1.06532e-07
9.82541e-08
9.35091e-08
9.1422e-08
8.98466e-08
8.80359e-08
8.74802e-08
8.9853e-08
9.42748e-08
1.00102e-07
1.05429e-07
1.07909e-07
1.10169e-07
1.10876e-07
1.10107e-07
1.07919e-07
1.02487e-07
9.33206e-08
8.44503e-08
7.65199e-08
6.93121e-08
6.30992e-08
5.75857e-08
5.29786e-08
5.00132e-08
5.03075e-08
5.45983e-08
6.19764e-08
6.70179e-08
6.58548e-08
6.06935e-08
5.29175e-08
3.97356e-08
2.4568e-08
1.55226e-08
1.41961e-08
1.18902e-08
7.73857e-09
4.67889e-09
2.15992e-09
0
0
0
0
0
0
0
0
0
5.61757e-09
1.26119e-08
0
0
0
0
0
1.16255e-08
2.62942e-10
0
0
0
0
0
0
0
0
0
0
0
0
0
0
0
0
0
0
0
0
0
0
0
0
0
0
0
0
0
0
0
0
0
0
0
0
0
0
0
8.79723e-10
1.87328e-08
4.52948e-08
9.35394e-09
0
0
0
6.76364e-09
8.89658e-09
9.43332e-10
0
0
0
0
0
0
0
0
0
0
0
0
0
0
0
0
0
0
0
0
0
0
0
0
0
0
0
0
0
0
0
0
0
0
0
1.88284e-08
5.21707e-08
6.87964e-08
7.01956e-08
5.88841e-08
4.35921e-08
2.96835e-08
1.68927e-08
0
0
0
0
0
1.01231e-08
2.74014e-08
4.51562e-08
1.32501e-07
2.13582e-07
2.00609e-07
1.72521e-07
3.01697e-08
3.57181e-09
1.06684e-07
1.194e-07
1.05291e-07
8.86336e-08
7.48761e-08
6.38066e-08
5.60568e-08
5.07677e-08
4.84209e-08
5.20445e-08
5.63486e-08
6.0034e-08
7.49425e-08
9.0331e-08
9.23679e-08
8.81469e-08
8.53356e-08
8.44174e-08
8.193e-08
7.98952e-08
7.94105e-08
8.00687e-08
8.195e-08
8.53793e-08
8.97096e-08
9.50201e-08
9.87687e-08
9.95789e-08
1.01283e-07
1.03684e-07
1.05266e-07
1.04493e-07
9.94855e-08
8.95427e-08
7.81847e-08
6.82174e-08
5.9953e-08
5.55833e-08
5.36544e-08
5.19304e-08
4.96813e-08
4.86555e-08
5.07667e-08
5.65242e-08
6.27773e-08
6.3896e-08
6.01329e-08
5.2759e-08
3.9027e-08
2.07924e-08
9.08354e-09
9.39862e-09
1.05694e-08
6.96429e-09
3.40421e-09
1.18147e-09
0
0
0
0
0
0
0
0
0
0
8.69568e-09
9.82151e-09
0
0
0
0
3.18735e-09
1.38357e-08
0
0
0
0
0
0
0
0
0
0
0
0
0
0
0
0
0
0
0
0
1.53788e-11
1.04292e-10
1.10432e-10
8.92686e-11
5.91349e-11
2.32801e-11
0
0
0
0
0
0
0
0
0
0
0
0
0
3.89581e-09
4.51122e-08
6.09508e-08
1.3144e-08
0
0
0
0
0
0
0
0
0
0
0
0
0
0
0
0
3.63077e-09
0
0
0
0
0
0
0
0
0
0
0
0
0
0
0
0
0
0
0
0
0
0
0
0
2.25634e-08
4.74921e-08
5.75e-08
5.72831e-08
5.05389e-08
4.37495e-08
4.12672e-08
3.85091e-08
2.36839e-08
1.24757e-09
0
0
4.20786e-08
9.10715e-08
5.59894e-08
3.90442e-08
5.39593e-08
4.85823e-08
1.96168e-08
0
0
7.98062e-08
1.08273e-07
1.07178e-07
9.56399e-08
7.77727e-08
6.4312e-08
5.80311e-08
5.67104e-08
5.53981e-08
5.2325e-08
4.9934e-08
4.90609e-08
5.09061e-08
5.90562e-08
6.71706e-08
7.09431e-08
7.2446e-08
7.36394e-08
7.42059e-08
7.19824e-08
6.97208e-08
6.97793e-08
7.17077e-08
7.4981e-08
7.93897e-08
8.41584e-08
8.95001e-08
9.30631e-08
9.41967e-08
9.64535e-08
9.975e-08
1.02109e-07
1.01491e-07
9.51514e-08
8.35947e-08
7.0222e-08
5.99668e-08
5.21106e-08
4.9024e-08
5.01187e-08
5.13968e-08
5.07839e-08
4.91243e-08
4.9069e-08
5.19737e-08
5.70403e-08
5.93223e-08
5.65782e-08
4.98449e-08
3.6539e-08
1.68296e-08
2.62893e-09
3.72552e-09
8.38824e-09
5.92269e-09
1.81416e-09
0
0
0
0
0
0
9.50579e-10
0
0
0
0
1.48419e-09
9.92318e-09
7.17958e-09
0
0
0
0
8.65457e-09
1.52967e-08
0
0
0
0
0
0
0
0
0
0
0
0
0
0
0
0
0
0
1.87044e-10
3.9187e-10
3.87431e-10
3.17359e-10
2.41815e-10
1.78291e-10
1.27281e-10
8.4077e-11
4.62174e-11
0
0
0
0
0
0
0
0
1.98389e-09
5.1409e-09
1.93646e-08
7.72099e-08
1.46022e-07
6.27966e-08
3.13632e-09
0
0
0
0
0
2.02613e-09
1.97429e-09
5.36752e-10
0
0
0
0
0
0
0
0
1.12783e-09
1.95697e-08
0
0
0
0
0
0
0
0
0
0
0
0
0
0
0
0
0
0
0
0
0
0
0
1.36585e-08
2.8301e-08
3.5395e-08
3.93035e-08
4.41546e-08
5.82167e-08
8.83568e-08
1.00817e-07
7.78069e-08
7.41328e-08
9.56575e-08
1.39484e-07
1.86124e-07
2.10788e-07
1.2648e-07
3.37622e-08
2.54113e-10
0
0
0
5.40373e-08
8.62242e-08
9.09574e-08
8.79172e-08
8.0149e-08
6.69616e-08
5.50372e-08
4.92125e-08
4.97218e-08
5.14715e-08
5.05907e-08
4.80706e-08
4.53796e-08
4.50604e-08
4.92558e-08
5.47639e-08
5.83664e-08
6.03539e-08
6.19546e-08
6.26764e-08
6.11976e-08
6.0243e-08
6.10323e-08
6.37656e-08
6.80224e-08
7.33643e-08
7.91041e-08
8.4648e-08
8.86224e-08
9.11529e-08
9.46922e-08
9.83332e-08
1.00147e-07
9.85661e-08
8.97998e-08
7.59593e-08
6.05163e-08
5.09217e-08
4.5981e-08
4.41897e-08
4.73532e-08
5.10379e-08
5.23397e-08
5.10769e-08
4.94167e-08
4.95024e-08
5.15044e-08
5.30367e-08
5.05713e-08
4.38758e-08
3.11566e-08
1.13135e-08
0
0
5.19663e-09
4.17683e-09
0
0
0
0
0
0
0
1.17447e-09
2.25276e-09
0
0
0
0
4.04075e-09
8.91097e-09
4.10444e-09
0
0
0
0
1.72086e-08
1.94584e-08
0
0
0
0
0
0
0
0
0
0
0
0
0
0
0
0
4.66244e-10
1.01152e-09
1.02064e-09
8.42712e-10
6.38698e-10
4.68119e-10
3.43257e-10
2.58117e-10
2.02248e-10
1.70219e-10
0
0
0
0
0
0
1.21172e-07
1.32797e-07
1.36766e-07
1.9116e-07
5.33117e-07
8.48392e-07
4.60943e-07
2.01587e-07
6.56612e-08
4.52279e-09
0
0
0
0
0
0
0
0
0
0
0
0
0
0
0
0
4.57075e-09
1.49032e-08
0
0
0
0
0
0
0
0
0
0
0
0
0
0
0
0
0
0
0
0
0
0
0
0
7.91593e-09
4.62786e-08
9.82491e-08
9.23087e-08
7.30543e-08
5.96804e-08
5.21131e-08
4.75496e-08
5.38725e-08
8.72513e-08
1.12501e-07
1.07117e-07
1.22901e-07
5.85653e-08
0
0
0
3.30762e-08
6.40499e-08
7.17098e-08
7.3193e-08
7.26146e-08
6.84689e-08
6.02909e-08
5.29213e-08
4.84289e-08
4.71813e-08
4.76093e-08
4.7149e-08
4.48999e-08
4.19636e-08
4.13263e-08
4.34964e-08
4.62709e-08
4.78341e-08
4.89534e-08
5.0518e-08
5.13877e-08
5.17834e-08
5.28319e-08
5.48781e-08
5.82278e-08
6.31218e-08
6.94142e-08
7.65606e-08
8.24271e-08
8.66438e-08
9.02147e-08
9.47947e-08
9.85006e-08
9.93295e-08
9.62228e-08
8.44864e-08
6.79049e-08
5.00941e-08
4.12811e-08
4.1138e-08
4.12509e-08
4.57451e-08
5.12109e-08
5.42399e-08
5.40683e-08
5.1798e-08
4.96542e-08
4.84733e-08
4.73871e-08
4.40084e-08
3.66978e-08
2.39196e-08
4.15612e-09
0
0
3.21529e-10
1.28395e-09
0
0
0
0
0
0
1.11035e-09
1.25035e-09
1.83467e-09
2.12946e-09
1.18527e-10
0
0
0
3.17085e-09
6.56233e-09
1.98797e-09
0
0
0
7.24178e-09
2.94878e-08
2.56554e-08
0
0
0
0
0
0
0
0
0
0
0
0
0
0
8.34435e-10
2.23802e-09
2.38458e-09
2.02357e-09
1.54651e-09
1.12251e-09
7.98521e-10
5.73096e-10
4.24612e-10
3.26589e-10
2.10786e-10
0
0
0
0
0
0
1.75425e-07
1.77076e-07
1.71895e-07
1.95652e-07
2.50481e-07
2.8772e-07
2.7042e-07
2.08817e-07
1.34018e-07
7.14771e-08
3.08949e-08
9.19078e-09
0
0
0
0
0
0
0
0
0
0
0
0
0
2.66129e-09
7.36587e-09
7.9633e-09
0
0
0
0
0
0
0
0
0
0
0
0
0
0
0
0
0
0
0
0
0
0
0
0
1.90853e-08
4.54209e-08
4.70152e-08
4.10643e-08
3.51331e-08
3.26882e-08
3.19688e-08
3.11733e-08
3.56002e-08
5.18567e-08
7.18133e-08
7.49945e-08
8.20622e-08
9.5072e-08
5.08212e-08
1.93567e-08
2.71215e-08
4.11197e-08
4.90914e-08
5.68959e-08
6.3053e-08
6.39581e-08
5.9404e-08
5.23176e-08
4.77048e-08
4.5029e-08
4.31993e-08
4.1618e-08
3.92123e-08
3.57379e-08
3.28467e-08
3.20861e-08
3.2333e-08
3.24802e-08
3.25853e-08
3.35806e-08
3.53675e-08
3.70319e-08
3.90545e-08
4.15086e-08
4.44749e-08
4.82393e-08
5.32573e-08
5.97061e-08
6.7519e-08
7.42161e-08
7.8802e-08
8.27787e-08
8.77149e-08
9.15092e-08
9.19493e-08
8.78558e-08
7.40309e-08
5.48336e-08
3.4914e-08
2.7439e-08
3.32603e-08
3.57887e-08
4.05483e-08
4.68432e-08
5.11062e-08
5.22713e-08
5.05568e-08
4.75148e-08
4.4744e-08
4.11976e-08
3.57805e-08
2.74739e-08
1.47912e-08
0
0
0
0
0
0
0
0
0
0
0
9.42289e-10
1.55184e-09
4.5197e-10
9.57888e-10
2.63513e-09
2.16577e-09
0
0
0
6.62041e-10
6.56798e-09
4.24779e-09
0
0
0
2.07654e-08
4.24606e-08
2.86771e-08
0
0
0
0
0
0
0
0
0
0
0
0
1.69277e-09
4.57107e-09
5.11534e-09
4.49497e-09
3.51022e-09
2.56177e-09
1.80508e-09
1.25282e-09
8.77951e-10
6.28912e-10
4.58371e-10
2.75219e-10
3.47157e-11
0
0
0
0
0
0
0
0
0
0
0
0
9.24858e-09
2.22424e-08
2.64826e-08
2.48278e-08
1.99509e-08
1.41078e-08
8.76976e-09
4.54792e-09
1.61986e-09
1.35489e-10
2.25502e-10
1.56541e-09
3.15137e-09
4.07635e-09
4.23492e-09
4.03992e-09
4.42207e-09
7.27581e-09
1.51315e-08
2.76641e-08
3.45884e-08
2.18678e-08
0
0
0
0
0
0
8.93517e-11
4.57147e-09
7.73064e-09
1.02367e-08
1.22743e-08
1.34813e-08
1.3155e-08
1.02793e-08
3.92614e-09
0
0
0
0
0
0
3.07774e-11
1.85931e-08
2.68406e-08
2.73377e-08
2.49134e-08
2.29645e-08
2.21698e-08
2.24579e-08
2.27915e-08
2.32946e-08
2.58541e-08
2.93368e-08
3.15299e-08
2.74428e-08
2.68591e-08
1.72618e-08
0
1.14966e-08
2.06848e-08
2.88906e-08
4.01336e-08
5.0718e-08
5.60075e-08
5.39341e-08
4.55532e-08
3.65085e-08
3.22523e-08
3.09572e-08
2.96905e-08
2.732e-08
2.36813e-08
2.00568e-08
1.82448e-08
1.77792e-08
1.71147e-08
1.58877e-08
1.51008e-08
1.53369e-08
1.64797e-08
1.8539e-08
2.13209e-08
2.44863e-08
2.81196e-08
3.2548e-08
3.79381e-08
4.42453e-08
5.18844e-08
5.91298e-08
6.43013e-08
6.87645e-08
7.42137e-08
7.89875e-08
8.03739e-08
7.62589e-08
6.15884e-08
3.94916e-08
1.69517e-08
9.77718e-09
2.12417e-08
2.68902e-08
3.13287e-08
3.78916e-08
4.31754e-08
4.57035e-08
4.50321e-08
4.19662e-08
3.88986e-08
3.52195e-08
2.80687e-08
1.81788e-08
5.60364e-09
0
0
0
0
0
0
0
0
0
0
0
0
1.34729e-09
0
0
6.00347e-10
3.92453e-09
2.76628e-09
0
0
0
2.29129e-09
1.24862e-08
9.79187e-09
1.32747e-10
0
1.0315e-08
3.67696e-08
5.01579e-08
2.09375e-08
0
0
0
0
0
0
0
0
0
8.43721e-10
6.54361e-09
1.00046e-08
1.07421e-08
9.60894e-09
7.66393e-09
5.68112e-09
4.0113e-09
2.76175e-09
1.87546e-09
1.28477e-09
8.86248e-10
6.1528e-10
3.68034e-10
1.45941e-10
2.99201e-11
0
0
0
0
0
0
0
0
0
2.5301e-09
9.12397e-09
8.56809e-09
3.76974e-09
0
0
0
0
0
0
0
0
5.06309e-10
5.26389e-09
9.24246e-09
9.50686e-09
5.37017e-09
0
0
0
4.0788e-09
1.53249e-08
2.66241e-08
3.22135e-08
2.97094e-08
2.37435e-08
2.13592e-08
2.52361e-08
3.38677e-08
4.40457e-08
5.21226e-08
5.68419e-08
5.88262e-08
5.90976e-08
5.84274e-08
5.72153e-08
5.54394e-08
5.3101e-08
5.02655e-08
4.70108e-08
4.32599e-08
3.88902e-08
3.4839e-08
3.2526e-08
3.1077e-08
2.77333e-08
2.20818e-08
1.63856e-08
1.1998e-08
8.82261e-09
6.60358e-09
5.24639e-09
5.34653e-09
6.68049e-09
7.62315e-09
6.17401e-09
1.94122e-09
0
0
5.97751e-09
7.11472e-09
0
0
0
1.02391e-08
1.92529e-08
2.46244e-08
2.55093e-08
2.1144e-08
1.29494e-08
6.24871e-09
3.88106e-09
4.12233e-09
4.21141e-09
2.69147e-09
0
0
0
0
0
0
0
0
0
0
0
0
2.55245e-09
7.36988e-09
1.3228e-08
1.94109e-08
2.62353e-08
3.30152e-08
3.82774e-08
4.30039e-08
4.88405e-08
5.46255e-08
5.7643e-08
5.5357e-08
4.23952e-08
1.96081e-08
0
0
2.3686e-09
1.12739e-08
1.53707e-08
2.19243e-08
2.82586e-08
3.24326e-08
3.3458e-08
3.11868e-08
2.80813e-08
2.6193e-08
2.04437e-08
9.7071e-09
0
0
0
0
0
0
0
0
0
0
0
0
0
0
0
0
0
9.14511e-10
4.16835e-09
4.26052e-10
0
0
0
1.07181e-08
1.91491e-08
1.26047e-08
3.4141e-09
6.26714e-09
2.56572e-08
4.62318e-08
4.27316e-08
0
0
0
0
0
0
0
2.05105e-08
2.87594e-08
2.79541e-08
2.65643e-08
2.43284e-08
2.08424e-08
1.66211e-08
1.24277e-08
8.85599e-09
6.08535e-09
4.10785e-09
2.73482e-09
1.83745e-09
1.22553e-09
8.25131e-10
4.9234e-10
2.52572e-10
9.50906e-11
2.43955e-11
0
0
0
0
0
0
5.99553e-09
3.50639e-08
4.09076e-08
2.797e-08
4.48589e-09
0
0
0
0
0
0
0
0
0
1.8723e-08
3.57624e-08
4.69977e-08
5.08897e-08
4.88065e-08
4.36613e-08
3.82242e-08
3.45275e-08
3.37563e-08
3.60583e-08
4.02783e-08
4.40251e-08
4.52506e-08
4.43038e-08
4.3414e-08
4.46034e-08
4.88999e-08
5.56608e-08
6.38487e-08
7.23148e-08
7.98631e-08
8.56489e-08
8.92885e-08
9.07819e-08
9.05728e-08
8.93712e-08
8.78082e-08
8.63714e-08
8.4648e-08
8.17287e-08
7.7475e-08
7.04088e-08
5.88354e-08
4.43901e-08
3.04389e-08
1.87745e-08
8.4765e-09
0
0
0
0
0
0
0
0
0
0
0
0
0
0
0
0
0
0
0
0
0
0
0
0
0
0
0
0
0
0
0
0
0
0
0
0
0
0
0
0
0
0
0
0
4.29439e-09
1.03115e-08
1.76904e-08
2.51892e-08
3.0555e-08
3.13649e-08
2.12919e-08
0
0
0
0
0
0
1.77213e-09
9.16867e-09
1.51367e-08
1.87657e-08
1.89006e-08
1.65578e-08
1.60758e-08
1.5085e-08
6.53217e-09
0
0
0
0
0
0
0
0
0
0
0
0
0
0
0
0
0
0
1.32028e-09
3.04979e-09
0
0
0
5.09147e-09
1.85632e-08
1.98769e-08
1.25591e-08
9.92838e-09
2.03322e-08
3.54232e-08
3.94747e-08
1.39105e-08
0
0
0
0
0
4.04012e-09
5.90343e-08
8.09465e-08
7.42053e-08
6.17313e-08
4.93344e-08
3.80295e-08
2.81932e-08
2.00782e-08
1.38484e-08
9.29312e-09
6.16496e-09
4.03166e-09
2.66746e-09
1.73196e-09
1.1511e-09
6.83884e-10
4.01052e-10
1.82082e-10
8.58682e-11
1.03029e-11
0
0
0
3.26785e-08
6.21812e-08
7.18414e-08
6.41214e-08
4.24463e-08
1.35478e-08
0
0
0
0
0
0
0
2.00983e-08
4.80644e-08
7.26452e-08
9.19181e-08
1.05118e-07
1.12249e-07
1.14246e-07
1.12601e-07
1.08921e-07
1.04378e-07
9.96603e-08
9.50847e-08
9.03292e-08
8.48277e-08
7.83181e-08
7.17548e-08
6.66862e-08
6.42446e-08
6.4891e-08
6.8838e-08
7.62559e-08
8.75039e-08
1.02382e-07
1.19346e-07
1.35418e-07
1.47448e-07
1.54075e-07
1.56436e-07
1.56688e-07
1.55918e-07
1.53287e-07
1.47747e-07
1.39611e-07
1.28964e-07
1.15054e-07
9.78804e-08
7.90322e-08
5.96178e-08
4.01776e-08
2.12498e-08
4.4492e-09
0
0
0
0
0
0
0
0
0
0
0
0
0
0
0
0
0
0
0
0
0
0
0
0
0
0
0
0
0
0
0
0
0
0
0
0
0
0
0
0
0
0
0
0
0
0
0
0
4.6863e-09
6.1713e-11
0
0
0
0
0
0
0
0
0
1.84383e-09
6.0539e-09
6.59687e-09
6.40097e-09
8.84699e-09
7.02806e-09
0
0
0
0
0
0
0
0
0
0
0
0
0
0
0
0
0
0
0
1.14754e-09
1.44761e-09
0
0
4.89161e-09
1.42637e-08
1.78713e-08
1.62616e-08
1.61531e-08
2.20972e-08
2.82766e-08
2.71488e-08
1.09603e-08
0
0
0
0
0
4.24606e-08
1.18214e-07
1.56309e-07
1.45582e-07
1.16003e-07
8.77667e-08
6.40204e-08
4.53046e-08
3.11416e-08
2.09345e-08
1.37732e-08
9.00233e-09
5.792e-09
3.78618e-09
2.40261e-09
1.59374e-09
9.40373e-10
6.07142e-10
3.00409e-10
1.84075e-10
5.40034e-11
5.55482e-12
0
0
1.31716e-08
2.47439e-08
2.70801e-08
2.31027e-08
1.51088e-08
5.35444e-09
0
0
0
0
1.48766e-08
3.54851e-08
5.74975e-08
7.76043e-08
9.34409e-08
1.04119e-07
1.09813e-07
1.1135e-07
1.09708e-07
1.05736e-07
1.00369e-07
9.47135e-08
9.01614e-08
8.84253e-08
9.13467e-08
1.00259e-07
1.15032e-07
1.33747e-07
1.52706e-07
1.6811e-07
1.78512e-07
1.84196e-07
1.86465e-07
1.87166e-07
1.88498e-07
1.92565e-07
2.00459e-07
2.11215e-07
2.22421e-07
2.2908e-07
2.27741e-07
2.19512e-07
2.08294e-07
1.98386e-07
1.94594e-07
1.91021e-07
1.8208e-07
1.67718e-07
1.50341e-07
1.31586e-07
1.10215e-07
8.35465e-08
4.90445e-08
1.09431e-08
0
0
0
0
0
0
0
0
0
0
0
0
0
0
0
0
0
0
0
0
0
0
0
0
0
0
0
0
0
0
0
0
0
0
0
0
0
0
0
0
0
0
0
0
0
0
0
0
0
0
0
0
0
0
0
0
0
0
0
0
0
2.17294e-09
4.38369e-09
4.81855e-09
7.01833e-09
7.46189e-09
5.94016e-09
5.54376e-09
4.12277e-09
0
0
0
0
0
0
0
0
4.45823e-09
3.27773e-09
0
0
0
0
0
0
0
3.65817e-10
3.9324e-09
9.63586e-09
1.3367e-08
1.29707e-08
1.27837e-08
1.80651e-08
2.60229e-08
2.68672e-08
1.82299e-08
8.67939e-10
0
0
0
0
8.97576e-10
1.23643e-07
2.1778e-07
2.66976e-07
2.49373e-07
1.92919e-07
1.41384e-07
9.9901e-08
6.87144e-08
4.61661e-08
3.05072e-08
1.97994e-08
1.28081e-08
8.13931e-09
5.28091e-09
3.29342e-09
2.20061e-09
1.28714e-09
9.02614e-10
4.54436e-10
3.44326e-10
1.12414e-10
6.74518e-11
0
0
0
0
0
2.47605e-08
4.88392e-08
7.01515e-08
8.92256e-08
1.07419e-07
1.25534e-07
1.42992e-07
1.5831e-07
1.70364e-07
1.78874e-07
1.84197e-07
1.86887e-07
1.87397e-07
1.86011e-07
1.82828e-07
1.77444e-07
1.69082e-07
1.58252e-07
1.4514e-07
1.30445e-07
1.162e-07
1.06257e-07
1.06063e-07
1.20517e-07
1.50239e-07
1.90329e-07
2.30244e-07
2.59926e-07
2.75806e-07
2.79911e-07
2.77802e-07
2.76006e-07
2.79819e-07
2.90935e-07
3.05747e-07
3.16683e-07
3.16989e-07
3.01537e-07
2.74905e-07
2.45714e-07
2.21044e-07
2.04114e-07
1.95918e-07
1.95609e-07
1.93181e-07
1.84917e-07
1.68951e-07
1.43488e-07
1.07582e-07
6.47374e-08
2.09278e-08
0
0
0
0
0
0
0
0
0
0
0
0
0
0
0
0
0
0
0
0
0
0
0
0
0
0
0
0
0
0
0
0
0
0
0
0
0
0
0
0
0
0
0
0
0
0
0
0
0
2.21375e-09
5.4717e-08
0
0
0
0
0
0
0
0
0
0
0
6.67707e-09
4.93248e-09
3.0892e-09
1.26084e-08
2.76983e-08
3.33487e-08
2.64533e-08
1.37507e-08
8.67794e-10
0
0
0
0
0
0
1.00897e-08
1.49696e-08
6.31743e-09
0
0
0
0
0
0
0
9.38073e-10
7.96863e-09
1.04086e-08
7.91465e-09
7.69107e-09
1.64577e-08
2.80382e-08
2.81499e-08
1.50302e-08
0
0
0
0
1.58405e-08
1.49505e-07
3.05769e-07
4.00741e-07
4.35657e-07
3.91307e-07
2.92931e-07
2.09199e-07
1.44684e-07
9.77859e-08
6.4838e-08
4.24427e-08
2.73471e-08
1.7595e-08
1.11027e-08
7.18312e-09
4.43233e-09
2.9973e-09
1.73265e-09
1.29607e-09
6.31232e-10
5.71759e-10
1.68389e-10
1.84932e-10
0
1.70924e-07
1.72881e-07
1.45114e-07
1.03323e-07
5.9402e-08
2.219e-08
0
0
0
0
0
6.57399e-09
3.52998e-08
6.97923e-08
1.07744e-07
1.47587e-07
1.9053e-07
2.3254e-07
2.6782e-07
2.93345e-07
3.0818e-07
3.1281e-07
3.06383e-07
2.85384e-07
2.51693e-07
2.12836e-07
1.74128e-07
1.45731e-07
1.42368e-07
1.73668e-07
2.2967e-07
2.84035e-07
3.16115e-07
3.21875e-07
3.10546e-07
2.94317e-07
2.8205e-07
2.77868e-07
2.8473e-07
2.97402e-07
3.06191e-07
3.07486e-07
3.00305e-07
2.85946e-07
2.66238e-07
2.42908e-07
2.17306e-07
1.93863e-07
1.7203e-07
1.48241e-07
1.19971e-07
8.91845e-08
6.1489e-08
4.0818e-08
2.58853e-08
1.23748e-08
0
0
0
0
0
0
0
0
0
0
0
0
0
0
0
0
0
0
0
0
9.61252e-08
1.01594e-07
7.50225e-09
0
0
0
0
3.45886e-09
1.54967e-07
8.90243e-08
0
0
0
0
0
0
0
0
0
0
0
0
0
0
0
0
0
4.90206e-09
5.78403e-08
1.28214e-07
1.47084e-07
2.7758e-08
0
0
0
0
0
0
0
0
7.15996e-09
1.40415e-08
5.37708e-09
0
7.16604e-09
4.06366e-08
5.97839e-08
5.13574e-08
2.89865e-08
1.10361e-08
0
0
0
0
0
0
0
1.31958e-08
1.2207e-08
1.58627e-09
0
0
1.72942e-09
5.69289e-10
0
0
0
7.97715e-10
1.95172e-09
0
2.13804e-09
1.58684e-08
3.30644e-08
3.71057e-08
2.21845e-08
2.89686e-09
7.36941e-09
3.91271e-08
9.9233e-08
2.67815e-07
5.37364e-07
6.70991e-07
6.81178e-07
6.47573e-07
5.43284e-07
3.91115e-07
2.72806e-07
1.86045e-07
1.24737e-07
8.23882e-08
5.38321e-08
3.46561e-08
2.22615e-08
1.39904e-08
8.99661e-09
5.45492e-09
3.64794e-09
2.01242e-09
1.53641e-09
6.75792e-10
7.11072e-10
1.55299e-10
3.06939e-10
0
2.31968e-07
2.24076e-07
1.99637e-07
1.69421e-07
1.37158e-07
1.07329e-07
8.60518e-08
7.65179e-08
7.60276e-08
7.7555e-08
7.38406e-08
6.16516e-08
4.35045e-08
2.63967e-08
1.91816e-08
2.96059e-08
6.09481e-08
1.105e-07
1.71735e-07
2.32328e-07
2.80564e-07
3.08912e-07
3.14857e-07
3.00098e-07
2.68198e-07
2.24823e-07
1.81295e-07
1.48042e-07
1.35263e-07
1.4663e-07
1.74223e-07
2.04374e-07
2.27294e-07
2.37906e-07
2.37427e-07
2.29725e-07
2.18782e-07
2.07502e-07
1.97407e-07
1.89629e-07
1.85386e-07
1.84901e-07
1.87045e-07
1.89515e-07
1.89359e-07
1.84876e-07
1.75615e-07
1.62901e-07
1.49214e-07
1.37231e-07
1.2829e-07
1.21193e-07
1.13366e-07
1.01063e-07
8.25692e-08
5.91304e-08
3.37856e-08
9.45733e-09
0
0
0
0
0
0
0
0
0
0
0
0
0
0
0
2.1023e-10
0
2.74555e-08
1.22106e-07
1.06061e-07
0
0
0
6.66313e-08
1.455e-07
1.36395e-07
9.73558e-08
0
0
0
0
0
0
0
2.73206e-07
5.13847e-07
4.23512e-07
1.75343e-07
0
0
0
0
0
0
0
3.47432e-08
6.97501e-08
1.09757e-07
9.25794e-08
1.46207e-08
0
0
0
0
4.82995e-08
7.30293e-08
7.28983e-08
7.24287e-08
7.00252e-08
4.12953e-08
0
0
4.68851e-09
3.47345e-08
5.60552e-08
5.96398e-08
4.30557e-08
2.34246e-08
1.09317e-08
1.72117e-09
0
0
0
0
0
0
3.01073e-09
5.21277e-10
2.08355e-10
6.10189e-09
1.19001e-08
1.11101e-08
6.29793e-09
3.17255e-09
2.5592e-09
1.24466e-09
0
0
8.94658e-10
2.44025e-08
6.28748e-08
9.11102e-08
7.9399e-08
5.64045e-08
8.73013e-08
2.22297e-07
4.91155e-07
6.49339e-07
7.41005e-07
7.44222e-07
7.11061e-07
6.70873e-07
5.65849e-07
4.11613e-07
2.89595e-07
1.98394e-07
1.32785e-07
8.67845e-08
5.53996e-08
3.42496e-08
2.06158e-08
1.17449e-08
6.6792e-09
3.4719e-09
2.11045e-09
1.02519e-09
8.48061e-10
3.08063e-10
4.61976e-10
3.15168e-11
2.83086e-10
0
5.34569e-08
8.24213e-08
9.37671e-08
8.56206e-08
6.44638e-08
3.9827e-08
2.06631e-08
1.16379e-08
1.1997e-08
1.72718e-08
2.20323e-08
2.30664e-08
2.06312e-08
1.69681e-08
1.55319e-08
2.16645e-08
4.13107e-08
7.67583e-08
1.23044e-07
1.6801e-07
1.97108e-07
2.01219e-07
1.81691e-07
1.47681e-07
1.08479e-07
6.96081e-08
3.38096e-08
2.78853e-09
0
0
0
0
0
0
1.40437e-08
4.54197e-08
7.6792e-08
1.05376e-07
1.28697e-07
1.44541e-07
1.53394e-07
1.56955e-07
1.56741e-07
1.52603e-07
1.43079e-07
1.31368e-07
1.25885e-07
1.35135e-07
1.60365e-07
1.92981e-07
2.20443e-07
2.32104e-07
2.22747e-07
1.9408e-07
1.53643e-07
1.10774e-07
7.12225e-08
3.89037e-08
1.43896e-08
0
0
0
0
0
0
0
0
0
0
0
0
0
0
0
0
0
2.86027e-08
4.95016e-08
0
0
9.37759e-08
6.35164e-08
0
4.23135e-08
1.00421e-09
0
4.35533e-08
9.72219e-08
0
0
0
0
1.04528e-06
2.18551e-06
2.37005e-06
1.96802e-06
1.2308e-06
5.41946e-07
2.14333e-07
9.54881e-08
4.65341e-08
2.74106e-08
2.68122e-08
1.54072e-08
1.15356e-08
2.67167e-08
0
0
0
0
0
1.9389e-07
3.88922e-07
4.41882e-07
3.81448e-07
3.15279e-07
2.71752e-07
2.02665e-07
0
0
0
0
2.13793e-08
4.7996e-08
7.06868e-08
8.07511e-08
7.52919e-08
5.50071e-08
2.87794e-08
8.58695e-09
0
0
4.01707e-11
5.32255e-09
3.25723e-09
0
0
0
7.26325e-09
9.26258e-09
5.9551e-09
5.34091e-09
7.19478e-09
8.02883e-09
1.01964e-08
1.75177e-08
4.4258e-08
1.23838e-07
2.5324e-07
3.25952e-07
2.86778e-07
1.73498e-07
8.53673e-08
7.04208e-08
8.61267e-08
1.24463e-07
1.92483e-07
2.61421e-07
3.17821e-07
3.55384e-07
3.30174e-07
2.53563e-07
1.75041e-07
1.07573e-07
5.88108e-08
2.88561e-08
1.2919e-08
5.41606e-09
2.24095e-09
9.33985e-10
4.64307e-10
2.15229e-10
1.71039e-10
6.67213e-11
1.03656e-10
1.03511e-11
8.72169e-11
0
1.02687e-10
0
5.30442e-08
6.43154e-08
6.26215e-08
5.04367e-08
2.77639e-08
0
0
0
0
0
0
0
0
0
0
3.65306e-08
8.7964e-08
1.33024e-07
1.62065e-07
1.71336e-07
1.64792e-07
1.49554e-07
1.33254e-07
1.21123e-07
1.13611e-07
1.08428e-07
1.03117e-07
9.60932e-08
8.63738e-08
7.30984e-08
5.59229e-08
3.52939e-08
1.15365e-08
0
0
0
0
0
0
1.27005e-08
4.73093e-08
7.63931e-08
9.4097e-08
9.65315e-08
8.31444e-08
5.89321e-08
3.64854e-08
3.07029e-08
4.38726e-08
6.49851e-08
8.56952e-08
1.04169e-07
1.16888e-07
1.1774e-07
1.05184e-07
8.39073e-08
6.10406e-08
4.16279e-08
2.71767e-08
1.69919e-08
7.51003e-09
0
0
0
0
0
0
3.25088e-08
7.95716e-08
1.29344e-07
1.53407e-07
1.53787e-07
3.79966e-08
0
0
0
0
3.22045e-08
0
0
0
0
0
5.60635e-08
5.70948e-08
9.77034e-08
2.20487e-07
0
0
0
0
0
0
0
4.05124e-07
9.64535e-07
1.0289e-06
7.79142e-07
4.91575e-07
3.01192e-07
1.55718e-07
6.15572e-08
4.29806e-09
0
0
0
0
0
0
0
0
4.63633e-07
8.75553e-07
8.90872e-07
7.31373e-07
5.81385e-07
4.70748e-07
2.87388e-07
0
0
0
0
5.36979e-08
3.3868e-07
5.26896e-07
6.11717e-07
5.90881e-07
4.47473e-07
2.2523e-07
2.942e-08
0
0
1.09076e-08
6.53647e-08
6.90102e-08
2.3419e-08
0
0
0
0
0
0
0
0
0
3.58006e-09
5.59257e-09
9.60182e-09
2.0613e-08
3.24811e-08
3.3011e-08
1.90347e-08
2.80378e-09
0
0
0
1.51332e-08
3.89555e-08
6.33788e-08
7.39934e-08
5.92395e-08
3.57805e-08
1.7123e-08
6.9243e-09
2.39145e-09
6.83798e-10
1.22616e-10
0
0
0
0
0
1.0058e-11
0
1.42301e-11
0
1.95101e-11
0
3.80723e-11
0
2.85059e-10
1.30745e-08
1.69593e-08
1.44834e-08
8.19308e-09
6.21934e-10
0
0
0
0
1.54233e-08
4.34543e-08
8.70302e-08
1.45016e-07
2.10345e-07
2.70529e-07
3.12773e-07
3.28821e-07
3.16481e-07
2.79698e-07
2.27527e-07
1.73366e-07
1.31205e-07
1.04723e-07
9.09512e-08
8.51976e-08
8.41881e-08
8.64758e-08
9.19045e-08
9.9462e-08
1.06881e-07
1.1114e-07
1.07876e-07
9.16992e-08
5.81008e-08
8.21818e-09
0
0
0
0
0
0
3.6645e-09
1.74092e-08
7.68823e-09
0
0
0
0
0
0
0
0
0
1.83585e-07
2.48373e-07
1.98404e-07
1.4711e-07
1.12844e-07
9.47945e-08
8.38053e-08
7.15794e-08
5.06678e-08
8.23822e-08
4.30836e-09
0
0
0
6.4893e-08
2.24348e-08
3.26514e-08
9.59208e-08
1.52896e-09
0
0
0
1.16657e-07
2.26506e-07
0
0
0
0
0
5.68501e-08
2.59876e-07
4.92638e-07
3.558e-07
0
0
0
0
0
0
0
0
0
0
0
0
0
0
0
0
0
0
0
0
0
0
0
0
0
6.22324e-08
2.96474e-07
3.22823e-07
2.55814e-07
1.62341e-07
3.58828e-08
0
0
0
0
0
3.26708e-08
6.6827e-08
8.40275e-08
8.11798e-08
6.17995e-08
3.32639e-08
3.19606e-09
0
0
0
0
4.15695e-09
3.07827e-09
0
0
0
0
5.72142e-10
0
0
0
0
0
0
0
4.34757e-09
7.29527e-09
3.21979e-09
0
0
0
0
0
0
0
8.49818e-09
1.0346e-08
6.64396e-09
3.04448e-09
1.09078e-09
2.92504e-10
2.13044e-11
0
0
0
0
0
0
0
7.3923e-13
0
3.08393e-12
0
6.80825e-12
0
3.1172e-11
0
0
1.46797e-08
2.50039e-08
2.68882e-08
2.3533e-08
1.64475e-08
6.54595e-09
0
0
0
0
0
0
0
0
2.19636e-08
4.61225e-08
6.73523e-08
8.17133e-08
8.78321e-08
8.78074e-08
8.45696e-08
8.04949e-08
7.65074e-08
7.23706e-08
6.76849e-08
6.22838e-08
5.63179e-08
5.01274e-08
4.40096e-08
3.76739e-08
2.96598e-08
1.73149e-08
0
0
0
0
0
0
0
0
0
0
0
0
0
0
0
0
0
0
0
0
1.11001e-07
2.52415e-07
2.54405e-07
1.93771e-07
1.36376e-07
9.04406e-08
6.69788e-08
6.2389e-08
3.34676e-09
9.12306e-09
6.95505e-08
6.70976e-09
6.98403e-09
2.44432e-08
8.36824e-09
1.32024e-08
0
2.60005e-08
1.19955e-07
2.81557e-08
0
0
0
5.44638e-07
1.0249e-06
0
0
0
0
0
0
2.95459e-07
4.55821e-07
1.67129e-07
0
0
0
0
0
0
0
0
0
0
0
0
0
0
0
0
0
0
0
4.05403e-08
0
0
0
0
0
0
1.7979e-08
4.42783e-08
1.99838e-08
0
0
0
0
0
0
0
0
7.04386e-09
1.51115e-08
1.91375e-08
1.67833e-08
8.11737e-09
0
0
0
0
0
1.74401e-09
6.19711e-12
0
0
0
0
0
0
0
0
0
0
0
0
0
0
0
0
0
0
0
0
0
4.5137e-09
5.20902e-09
3.0803e-09
1.36847e-09
5.37091e-10
1.99664e-10
7.77252e-11
2.96914e-11
1.47062e-11
5.23716e-12
4.30975e-12
8.74489e-13
1.9805e-12
9.84806e-14
1.23014e-12
2.05665e-13
6.2625e-13
9.44167e-13
0
3.98442e-12
0
4.01016e-11
0
0
0
0
1.05418e-08
2.48103e-08
3.35814e-08
3.43841e-08
2.40305e-08
0
0
0
0
0
0
0
0
0
0
0
0
0
0
0
1.42266e-08
2.72851e-08
3.75716e-08
4.40475e-08
4.63081e-08
4.46394e-08
3.96289e-08
3.15575e-08
1.98806e-08
3.36186e-09
0
0
0
0
0
0
0
0
0
0
0
0
0
0
0
0
0
0
0
4.35098e-09
6.90169e-09
9.42942e-09
1.01774e-08
9.06383e-09
5.58816e-09
0
8.84036e-09
3.23332e-08
0
0
2.65773e-08
0
4.98871e-08
4.8223e-08
2.05054e-08
0
0
1.49669e-08
1.38132e-07
0
0
0
0
1.56849e-06
1.90323e-06
0
0
0
0
0
0
8.04756e-08
7.67624e-08
0
0
0
0
0
0
1.26752e-07
1.36311e-07
0
0
0
0
0
0
0
0
0
0
3.97977e-08
3.45445e-07
3.81082e-07
7.87796e-09
0
0
0
0
0
0
0
0
0
0
0
0
0
0
0
0
0
4.24544e-09
5.97369e-09
4.29171e-09
2.0749e-10
0
0
0
0
1.60291e-09
1.10235e-09
0
0
0
0
0
0
0
0
0
0
0
0
0
0
0
0
0
0
0
0
1.96793e-09
3.60853e-09
2.7642e-09
1.41848e-09
5.86923e-10
2.31038e-10
1.03798e-10
5.50566e-11
3.34268e-11
1.93751e-11
1.22836e-11
6.42447e-12
4.64819e-12
2.00592e-12
2.22773e-12
5.85021e-13
1.54275e-12
1.53356e-13
1.34921e-12
3.10552e-13
6.07975e-13
2.79475e-12
0
4.79431e-11
0
0
0
0
0
0
3.06272e-10
7.70346e-09
1.07527e-08
7.38996e-09
0
0
0
0
0
0
0
0
0
0
0
0
0
0
0
0
0
0
0
0
0
0
0
0
0
0
0
0
0
0
0
0
0
0
0
0
0
0
0
0
2.23647e-09
3.33583e-09
3.56118e-09
3.47165e-09
3.36846e-09
4.49019e-09
3.30817e-09
7.06923e-09
4.54374e-09
2.50265e-09
4.59831e-08
4.3081e-08
0
7.47421e-09
0
0
5.60183e-08
6.39206e-08
1.9626e-08
4.15835e-09
0
0
8.59384e-08
0
0
0
0
1.4792e-06
1.62066e-06
0
0
0
0
0
0
7.82821e-08
7.40401e-08
7.48671e-08
7.07436e-08
0
0
0
6.48503e-08
5.91574e-07
2.80136e-07
0
0
0
0
0
0
0
0
0
0
2.07048e-07
7.3928e-07
6.63941e-07
1.3093e-07
0
0
0
1.6786e-08
3.49277e-08
0
0
0
0
0
0
0
0
0
0
0
0
1.61568e-09
1.52018e-09
1.92802e-10
0
0
0
2.90316e-10
1.2281e-09
1.19994e-09
3.11008e-10
0
0
0
0
0
0
0
0
0
0
0
0
0
0
0
0
0
3.22671e-10
1.21246e-09
1.58503e-09
1.389e-09
8.85801e-10
4.20181e-10
1.57364e-10
5.29331e-11
2.358e-11
1.72128e-11
1.35792e-11
1.04026e-11
6.83669e-12
4.83505e-12
2.74302e-12
2.24711e-12
9.81835e-13
1.30313e-12
2.35611e-13
1.06602e-12
0
1.23436e-12
0
1.73327e-12
9.35681e-13
0
3.76902e-11
0
0
0
0
0
0
0
0
0
0
0
0
0
0
0
0
0
0
0
0
0
0
0
0
0
0
0
0
0
0
0
0
0
0
0
0
0
0
0
3.0443e-10
8.19668e-10
1.22742e-09
1.58543e-09
1.83451e-09
2.03191e-09
2.33341e-09
3.01929e-09
2.83045e-09
1.75903e-09
1.28535e-09
1.53057e-09
2.27246e-09
3.48229e-09
4.74657e-09
6.19623e-09
7.35254e-09
6.36947e-09
1.15004e-08
8.03331e-09
2.54097e-08
1.03865e-07
7.86736e-08
0
3.00201e-08
0
0
1.95827e-08
6.92715e-08
2.52518e-08
1.01096e-07
0
0
9.06136e-08
0
0
0
0
3.29252e-06
3.58242e-06
1.63562e-07
0
0
0
0
0
1.25477e-06
1.46856e-06
1.07217e-06
7.80724e-07
3.1403e-07
0
0
2.71017e-07
5.26081e-07
0
0
0
0
0
0
0
0
0
0
0
2.01759e-07
9.50118e-07
9.65661e-07
3.2519e-07
0
0
0
6.11413e-08
4.12501e-08
0
0
0
0
0
0
0
0
0
0
1.27893e-10
2.29394e-09
2.4683e-09
1.51428e-09
5.73187e-10
1.98751e-10
3.63266e-10
6.52938e-10
8.50157e-10
8.47892e-10
5.62322e-10
1.71954e-10
0
0
0
0
0
0
0
0
0
1.50729e-10
2.15889e-10
1.00318e-10
7.82016e-11
2.7024e-10
5.92065e-10
8.22683e-10
8.55896e-10
7.23095e-10
5.09208e-10
3.19146e-10
1.77681e-10
8.20602e-11
2.52484e-11
2.68882e-12
0
0
1.85352e-12
2.37199e-12
2.24822e-12
1.54775e-12
1.20521e-12
5.67144e-13
5.37918e-13
3.75188e-14
2.63807e-13
0
2.19602e-13
0
4.16639e-13
0
1.31757e-12
0
0
1.45488e-11
0
0
0
0
0
0
0
0
0
0
0
0
0
0
0
0
0
0
0
0
0
0
0
0
0
0
0
0
0
0
0
0
0
0
0
0
0
0
0
1.02623e-10
1.96177e-09
4.02641e-09
6.23644e-09
8.3856e-09
1.06355e-08
1.26945e-08
1.46459e-08
1.29637e-08
7.36602e-09
3.05704e-11
0
0
0
0
0
0
0
0
0
3.09197e-08
1.59847e-07
1.58818e-07
0
8.55203e-08
1.89582e-08
0
0
3.17418e-08
0
1.83621e-07
0
0
2.10358e-08
0
0
0
0
1.59528e-05
1.55613e-05
7.62253e-06
2.05162e-06
0
0
0
0
4.91682e-06
4.23354e-06
2.38815e-06
1.3534e-06
7.498e-07
3.46655e-07
6.04725e-08
0
0
0
0
0
0
0
0
0
0
0
0
0
4.05126e-08
5.52134e-07
1.05759e-06
7.30829e-07
2.42963e-07
7.05952e-08
0
0
0
0
0
0
0
0
0
0
0
0
2.08839e-09
4.07997e-09
4.36056e-09
3.41155e-09
2.2115e-09
1.41541e-09
1.04994e-09
8.97151e-10
7.88081e-10
6.82677e-10
6.08117e-10
5.27744e-10
4.46199e-10
3.60254e-10
3.00333e-10
3.00725e-10
3.28031e-10
3.31046e-10
2.8733e-10
2.38516e-10
2.77506e-10
4.09029e-10
5.19218e-10
5.24055e-10
4.53007e-10
3.99404e-10
3.90631e-10
3.68263e-10
2.97813e-10
2.05027e-10
1.21016e-10
6.52875e-11
3.52019e-11
1.8793e-11
8.97092e-12
2.383e-12
0
0
0
0
0
7.25936e-14
0
0
0
0
0
0
0
0
0
0
0
0
0
0
0
0
0
0
0
0
0
0
0
0
0
0
0
0
0
0
0
0
0
0
0
0
0
0
0
0
0
0
0
0
0
0
0
0
0
0
0
0
0
0
0
8.42466e-10
3.84265e-09
7.50218e-09
1.18456e-08
1.68815e-08
2.31048e-08
3.00162e-08
3.3921e-08
2.93295e-08
8.96419e-09
0
0
0
0
0
0
0
0
0
0
7.8942e-08
1.61628e-07
0
9.9517e-08
1.02228e-07
0
0
0
0
4.57287e-07
2.30748e-07
0
0
4.12308e-07
0
0
0
1.95294e-05
1.95643e-05
6.40974e-06
1.05422e-06
5.51416e-07
0
0
0
8.36223e-06
6.08561e-06
9.73299e-07
1.92043e-07
6.80549e-08
2.11508e-08
0
0
0
0
0
0
0
0
0
0
0
0
0
0
2.95817e-08
1.01636e-07
4.05163e-07
1.16546e-06
1.28453e-06
4.98461e-07
0
0
0
0
0
0
0
0
0
0
0
2.46895e-09
4.04468e-09
4.06052e-09
3.22161e-09
2.20833e-09
1.41191e-09
9.54106e-10
7.22914e-10
5.77831e-10
4.90996e-10
4.4043e-10
4.19977e-10
4.09776e-10
3.83001e-10
3.29804e-10
2.79357e-10
2.58122e-10
2.60499e-10
2.61156e-10
2.39737e-10
2.12421e-10
2.16045e-10
2.47403e-10
2.60822e-10
2.25514e-10
1.59838e-10
1.05014e-10
8.19707e-11
6.94058e-11
5.23855e-11
3.4332e-11
1.89061e-11
1.13697e-11
8.63584e-12
7.01402e-12
4.94721e-12
2.5895e-12
5.80191e-13
0
0
0
0
0
0
0
0
0
0
0
0
0
0
0
0
0
0
0
0
0
0
0
0
0
0
0
0
0
0
0
0
0
0
0
0
0
0
0
0
0
0
0
0
0
0
0
0
0
0
0
0
0
0
0
0
0
0
0
0
0
1.1073e-09
4.00411e-09
8.61394e-09
1.66279e-08
3.26403e-08
6.96359e-08
1.47288e-07
1.56969e-07
9.20909e-08
1.67088e-08
0
0
0
0
0
0
0
0
0
0
0
0
1.28929e-07
4.5696e-07
1.4667e-07
0
0
0
2.15022e-06
2.07719e-06
0
0
0
0
0
0
8.30926e-06
1.64436e-05
2.69384e-06
5.5893e-08
3.54111e-07
9.94508e-07
0
0
2.67079e-05
7.29436e-06
4.10605e-07
2.72868e-08
0
0
0
0
0
0
0
0
0
0
0
0
0
0
0
2.31309e-08
4.1604e-08
4.70437e-08
1.52272e-07
7.90144e-07
1.03699e-06
1.23874e-07
0
0
0
0
0
0
0
0
0
0
1.46649e-10
2.12481e-09
2.34811e-09
1.73171e-09
1.054e-09
6.59971e-10
4.28963e-10
3.09494e-10
2.46226e-10
1.96829e-10
1.68188e-10
1.59116e-10
1.58197e-10
1.58371e-10
1.48469e-10
1.27311e-10
1.03176e-10
8.4678e-11
7.80099e-11
7.52834e-11
6.68584e-11
6.07209e-11
6.92239e-11
8.6988e-11
9.36057e-11
7.7831e-11
4.72131e-11
1.88988e-11
6.90033e-12
5.4127e-12
5.68263e-12
5.85311e-12
4.46991e-12
3.78066e-12
3.78153e-12
3.63095e-12
2.74991e-12
1.54617e-12
4.75332e-13
1.67479e-14
0
0
0
0
0
0
0
0
0
0
0
0
0
0
0
0
0
0
0
0
1.67857e-08
1.15364e-08
1.88562e-08
2.26856e-08
1.94892e-08
1.55571e-08
1.25402e-08
1.00965e-08
8.02753e-09
6.29512e-09
5.0117e-09
3.98767e-09
3.44299e-09
2.92869e-09
2.86746e-09
2.09738e-09
1.7344e-09
7.11559e-10
7.32174e-10
0
3.3825e-10
0
3.90993e-10
0
0
4.51738e-09
2.16741e-09
3.82188e-09
5.01517e-09
4.71067e-09
4.15333e-09
3.69679e-09
3.23943e-09
2.85761e-09
2.47444e-09
2.16996e-09
1.92248e-09
1.81395e-09
1.67479e-09
1.75041e-09
1.43944e-09
1.29232e-09
7.29471e-10
8.13079e-10
1.06973e-10
5.87084e-10
0
6.8853e-10
0
0
8.44101e-10
1.08878e-10
4.61455e-10
8.74017e-10
8.93067e-10
9.17932e-10
9.47574e-10
9.39319e-10
9.385e-10
9.17315e-10
9.03456e-10
8.83008e-10
9.15181e-10
9.1897e-10
9.98518e-10
9.25186e-10
9.11033e-10
6.628e-10
7.53519e-10
3.6849e-10
6.89193e-10
5.8391e-11
8.26865e-10
0
0
7.7785e-11
0
0
0
1.85262e-11
3.3516e-11
7.31774e-11
1.3392e-10
1.88036e-10
2.49479e-10
3.11239e-10
3.45061e-10
4.13364e-10
4.62083e-10
5.30465e-10
5.49333e-10
6.427e-10
5.66471e-10
7.29357e-10
5.06294e-10
8.789e-10
3.0775e-10
1.12258e-09
3.2666e-11
4.29974e-10
4.66251e-12
0
0
0
0
0
0
0
0
0
0
0
0
0
0
0
0
0
0
0
0
0
0
0
0
0
0
0
0
0
0
0
0
0
0
0
0
0
0
0
0
0
0
0
0
0
0
0
0
0
0
0
0
0
0
0
0
0
0
0
0
0
0
0
0
0
0
0
0
0
0
0
0
0
0
0
0
0
0
0
0
0
0
0
0
0
0
0
0
0
0
0
0
0
0
0
0
0
0
0
0
0
0
0
0
0
0
0
0
0
0
0
0
0
0
0
0
0
0
0
0
0
0
0
0
0
0
0
0
0
0
0
0
0
0
0
0
0
0
0
0
0
0
0
0
0
0
0
0
0
0
0
0
0
0
0
0
0
0
0
0
0
0
0
0
0
0
0
0
0
0
0
0
0
0
0
0
0
0
0
0
0
0
0
0
0
0
0
0
0
0
0
0
0
0
0
0
0
0
0
0
0
0
0
0
0
0
0
0
0
0
0
0
0
0
0
0
0
0
0
0
0
0
0
0
0
0
0
0
0
0
0
0
0
0
0
0
0
0
0
0
0
0
0
0
0
0
0
0
0
0
0
0
0
0
0
0
0
0
0
0
0
0
0
0
0
0
0
0
0
0
0
0
0
0
0
0
0
0
0
0
0
0
0
0
0
0
0
0
0
0
0
0
0
0
0
0
0
0
0
0
0
0
0
0
0
0
0
0
0
0
0
0
0
0
0
0
0
0
0
0
0
0
0
0
0
0
0
0
0
0
0
0
0
0
0
0
0
0
0
0
0
0
0
0
0
0
0
0
0
0
0
0
0
0
0
0
0
0
0
0
0
0
0
0
0
0
0
0
0
0
0
0
0
0
0
0
0
0
0
0
0
0
0
0
0
0
0
0
0
0
0
0
0
0
0
0
0
0
0
0
0
0
0
0
0
0
0
0
0
0
0
0
0
0
0
0
0
0
0
0
0
0
0
0
0
0
0
0
0
0
0
0
0
0
0
0
0
0
0
0
0
0
0
0
0
0
0
0
0
0
0
0
0
0
0
0
0
0
0
0
0
0
0
0
0
0
0
0
0
0
0
0
0
0
0
0
0
0
0
0
0
0
0
0
0
0
0
0
0
0
0
0
0
0
0
0
0
0
0
0
0
0
0
0
0
0
0
0
0
0
0
0
0
0
0
0
0
0
0
0
0
0
0
0
0
0
0
0
0
0
0
0
0
0
0
0
0
0
0
0
0
0
0
0
0
0
0
0
0
0
0
0
0
0
0
0
0
0
0
0
0
0
0
0
0
0
0
0
0
0
0
0
0
0
0
0
0
0
0
0
0
0
0
0
0
0
0
0
0
0
0
0
0
0
0
0
0
0
0
0
0
0
0
0
0
0
0
0
0
0
0
0
0
0
0
0
0
0
0
0
0
0
0
0
0
0
0
0
0
0
0
0
0
0
0
0
0
0
0
0
0
0
0
0
0
0
0
0
0
0
0
0
0
0
0
0
0
0
0
0
0
0
0
0
0
0
0
0
0
0
0
0
0
0
0
0
0
0
0
0
0
0
0
0
0
0
0
0
0
0
0
0
0
0
0
0
0
0
0
0
0
0
0
0
0
0
0
0
0
0
0
0
0
0
0
0
0
0
0
0
0
0
0
0
0
0
0
0
0
0
0
0
0
0
0
0
0
0
0
0
0
0
0
0
0
0
0
0
0
0
0
0
0
0
0
0
0
0
0
0
0
0
0
0
0
0
0
0
0
0
0
0
0
0
0
0
0
0
0
0
0
0
0
0
0
0
0
0
0
0
0
0
0
0
0
0
0
0
0
0
0
0
0
0
0
0
0
0
0
0
0
0
0
0
0
0
0
0
0
0
0
0
0
0
0
0
0
0
0
0
0
0
0
0
0
0
0
0
0
0
0
0
0
0
0
0
0
0
0
0
0
0
0
0
0
0
0
0
0
0
0
0
0
0
0
0
0
0
0
0
0
0
0
0
0
0
0
0
0
0
0
0
0
0
0
0
0
0
0
0
0
0
0
0
0
0
0
0
0
0
0
0
0
0
0
0
0
0
0
0
0
0
0
0
0
0
0
0
0
0
0
0
0
0
0
0
0
0
0
0
0
0
0
0
0
0
0
0
0
0
0
0
0
0
0
0
0
0
0
0
0
0
0
0
0
0
0
0
0
0
0
0
0
0
0
0
0
0
0
0
0
0
0
0
0
0
0
0
0
0
0
0
0
0
0
0
0
0
0
0
0
0
0
0
0
0
0
0
0
0
0
0
0
0
0
0
0
0
0
0
0
0
0
0
0
0
0
0
0
0
0
0
0
0
0
0
0
0
0
0
0
0
0
0
0
0
0
0
0
0
0
0
0
0
0
0
0
0
0
0
0
0
0
0
0
0
0
0
0
0
0
0
0
0
0
0
0
0
0
0
0
0
0
0
1.33536e-11
0
0
0
0
0
0
0
0
0
0
0
0
0
0
0
0
0
0
0
0
0
0
0
0
2.71612e-11
0
0
0
0
0
0
0
0
0
0
0
0
0
0
0
0
0
0
0
0
0
0
0
0
4.54955e-11
0
0
0
0
0
0
0
0
0
0
0
0
0
0
0
0
0
0
0
0
0
4.89242e-11
0
0
6.78603e-11
0
0
0
0
0
0
0
1.89288e-13
9.96296e-12
2.56526e-11
3.74329e-11
6.67574e-11
6.85732e-11
1.01055e-10
8.74644e-11
1.39897e-10
8.57601e-11
1.91879e-10
4.20414e-11
2.86214e-10
0
4.53675e-10
0
2.79327e-10
9.20635e-11
0
0
0
0
0
8.88667e-12
3.74816e-11
6.99406e-11
8.72727e-11
1.13506e-10
1.18799e-10
1.50323e-10
1.48314e-10
1.79608e-10
1.60703e-10
2.07205e-10
1.55866e-10
2.46784e-10
1.24439e-10
3.23445e-10
2.85283e-11
4.69789e-10
0
1.95884e-10
9.65908e-11
0
0
0
0
3.03229e-11
9.25579e-11
1.31068e-10
1.66391e-10
1.66567e-10
1.737e-10
1.58644e-10
1.60127e-10
1.4387e-10
1.56543e-10
1.32071e-10
1.63653e-10
1.18012e-10
1.86928e-10
9.12211e-11
2.40993e-10
2.5423e-11
3.52268e-10
0
1.20139e-11
9.74713e-11
0
2.50699e-11
1.3046e-10
1.77321e-10
2.2497e-10
2.37874e-10
2.23686e-10
2.0368e-10
1.72248e-10
1.57525e-10
1.37171e-10
1.26718e-10
1.09967e-10
1.15344e-10
9.65555e-11
1.19075e-10
8.51959e-11
1.34312e-10
6.42841e-11
1.69371e-10
2.44849e-11
2.51226e-10
0
0
2.14855e-10
0
6.82622e-10
6.34234e-10
4.61714e-10
3.3937e-10
2.37234e-10
1.73033e-10
1.34062e-10
1.12366e-10
1.03348e-10
9.34294e-11
9.05047e-11
8.03826e-11
8.47479e-11
7.26491e-11
8.72868e-11
6.45533e-11
9.51161e-11
4.81319e-11
1.1448e-10
2.77515e-11
1.71288e-10
0
0
7.82061e-10
8.68457e-10
1.48018e-09
6.74886e-10
2.67645e-10
9.41201e-11
3.18071e-11
1.02674e-11
1.07352e-11
2.288e-11
2.95392e-11
3.1894e-11
3.58775e-11
3.13046e-11
3.37818e-11
2.67771e-11
3.42525e-11
2.12792e-11
3.68059e-11
1.09079e-11
4.56137e-11
2.81576e-12
7.90133e-11
0
0
1.42885e-09
1.64694e-09
1.06105e-09
2.26926e-10
0
0
0
0
0
0
0
0
1.69964e-12
1.12181e-13
1.11234e-12
0
1.16116e-12
0
1.9254e-12
0
5.36494e-12
0
1.99985e-11
0
0
)
;

boundaryField
{
    inlet
    {
        type            zeroGradient;
    }
    outlet
    {
        type            zeroGradient;
    }
    upperWall
    {
        type            zeroGradient;
    }
    lowerWall
    {
        type            zeroGradient;
    }
    frontAndBack
    {
        type            empty;
    }
}


// ************************************************************************* //
