/*--------------------------------*- C++ -*----------------------------------*\
  =========                 |
  \\      /  F ield         | OpenFOAM: The Open Source CFD Toolbox
   \\    /   O peration     | Website:  https://openfoam.org
    \\  /    A nd           | Version:  7
     \\/     M anipulation  |
\*---------------------------------------------------------------------------*/
FoamFile
{
    version     2.0;
    format      ascii;
    class       volScalarField;
    location    "0.053";
    object      p;
}
// * * * * * * * * * * * * * * * * * * * * * * * * * * * * * * * * * * * * * //

dimensions      [0 2 -2 0 0 0 0];

internalField   nonuniform List<scalar> 
12225
(
411.776
409.401
407.006
404.644
402.352
400.07
397.747
395.376
392.98
390.582
388.188
385.795
383.39
380.954
378.461
375.872
373.1
369.934
412.379
409.368
406.985
404.648
402.355
400.067
397.743
395.376
392.986
390.592
388.2
385.809
383.406
380.975
378.489
375.915
373.187
370.172
412.401
409.259
406.94
404.646
402.356
400.067
397.749
395.39
393.007
390.616
388.226
385.837
383.44
381.018
378.549
376.006
373.35
370.531
411.693
409.133
406.894
404.657
402.379
400.087
397.769
395.416
393.039
390.654
388.269
385.886
383.495
381.086
378.641
376.141
373.573
370.943
411.253
408.982
406.843
404.664
402.406
400.117
397.802
395.456
393.086
390.707
388.328
385.951
383.572
381.181
378.767
376.322
373.85
371.386
411.006
408.851
406.796
404.682
402.451
400.168
397.854
395.514
393.152
390.78
388.408
386.041
383.676
381.308
378.932
376.548
374.173
371.85
410.608
408.671
406.763
404.715
402.516
400.241
397.93
395.593
393.238
390.874
388.512
386.157
383.811
381.47
379.136
376.816
374.532
372.327
409.54
408.519
406.762
404.767
402.598
400.336
398.029
395.697
393.349
390.994
388.642
386.302
383.976
381.667
379.378
377.122
374.923
372.815
409.242
408.458
406.808
404.863
402.719
400.467
398.162
395.833
393.49
391.144
388.804
386.48
384.178
381.901
379.658
377.463
375.338
373.312
409.813
408.533
406.917
404.996
402.87
400.629
398.33
396.005
393.667
391.328
389
386.694
384.416
382.173
379.975
377.837
375.776
373.818
408.648
408.666
407.115
405.201
403.079
400.84
398.539
396.214
393.879
391.549
389.234
386.946
384.693
382.483
380.327
378.239
376.234
374.331
409.934
409.077
407.407
405.45
403.316
401.075
398.776
396.452
394.12
391.795
389.49
387.218
384.986
382.805
380.684
378.636
376.674
374.812
411.124
409.659
407.778
405.76
403.61
401.359
399.054
396.727
394.395
392.074
389.778
387.52
385.308
383.152
381.062
379.05
377.125
375.296
413.056
410.461
408.302
406.201
404.018
401.749
399.435
397.102
394.766
392.446
390.157
387.913
385.721
383.591
381.532
379.552
377.659
375.86
415.255
411.374
408.98
406.806
404.587
402.293
399.959
397.611
395.268
392.944
390.657
388.42
386.243
384.133
382.098
380.146
378.281
376.506
412.65
411.672
409.754
407.629
405.386
403.057
400.688
398.313
395.949
393.61
391.317
389.082
386.914
384.818
382.799
380.865
379.017
377.258
413.677
412.94
411.013
408.847
406.533
404.129
401.696
399.267
396.858
394.485
392.167
389.916
387.739
385.642
383.627
381.7
379.861
378.108
420.346
415.782
413.019
410.599
408.15
405.636
403.104
400.585
398.098
395.661
393.292
391.002
388.796
386.676
384.645
382.705
380.855
379.093
414.1
415.983
415.058
412.961
410.467
407.798
405.07
402.364
399.719
397.154
394.682
392.309
390.036
387.864
385.792
383.818
381.938
380.15
424.588
422.306
419.546
416.511
413.382
410.268
407.217
404.258
401.411
398.684
396.079
393.597
391.235
388.991
386.859
384.835
382.914
381.092
434.069
427.832
423.527
419.63
415.893
412.325
408.929
405.707
402.659
399.777
397.052
394.476
392.041
389.738
387.559
385.496
383.541
381.688
434.514
431.113
426.709
422.3
418.094
414.151
410.459
407.007
403.779
400.756
397.919
395.253
392.746
390.385
388.158
386.056
384.07
382.193
438.155
434.653
429.609
424.54
419.836
415.526
411.566
407.917
404.544
401.412
398.493
395.766
393.21
390.81
388.551
386.422
384.414
382.516
445.33
438.603
432.301
426.532
421.37
416.745
412.562
408.745
405.236
401.999
399
396.212
393.61
391.172
388.883
386.728
384.698
382.781
450.873
442.021
434.433
427.973
422.406
417.523
413.167
409.226
405.632
402.337
399.294
396.475
393.847
391.389
389.083
386.915
384.874
382.95
454.715
444.636
436.128
429.145
423.279
418.203
413.714
409.666
405.989
402.633
399.548
396.695
394.043
391.565
389.244
387.063
385.01
383.074
458.871
446.62
437.246
429.855
423.804
418.599
413.996
409.882
406.169
402.782
399.681
396.814
394.149
391.663
389.334
387.148
385.089
383.148
461.737
448.091
438.036
430.397
424.182
418.881
414.212
410.057
406.313
402.906
399.785
396.903
394.229
391.735
389.401
387.21
385.146
383.199
463.121
448.701
438.414
430.661
424.373
419.009
414.306
410.129
406.373
402.958
399.83
396.943
394.265
391.769
389.433
387.24
385.174
383.224
464.445
449.067
438.578
430.798
424.464
419.072
414.358
410.173
406.407
402.985
399.851
396.962
394.284
391.789
389.454
387.26
385.192
383.24
338.379
338.371
338.369
338.362
338.316
338.223
338.079
337.883
337.642
337.361
337.047
336.706
336.346
335.975
335.602
335.236
334.885
334.555
334.249
333.966
333.705
333.46
333.223
332.984
332.735
332.462
332.155
331.8
331.386
330.923
330.432
329.93
329.456
329.055
328.547
328.056
327.557
326.945
326.275
325.628
325.129
324.765
324.151
323.22
322.001
320.582
319.046
317.458
315.863
314.293
312.765
311.293
309.884
308.544
307.276
306.083
304.967
303.927
302.964
302.076
301.258
300.507
299.822
299.195
298.616
298.074
297.559
297.058
296.561
296.062
295.554
295.035
294.505
293.963
293.41
292.848
292.279
291.704
291.125
290.543
289.958
289.372
288.782
288.19
287.593
286.987
286.371
285.737
285.082
284.398
283.679
282.92
282.116
281.265
280.365
279.415
278.415
277.366
276.269
275.124
273.935
272.702
271.429
270.119
268.776
267.403
266.004
264.582
263.14
261.681
260.205
258.716
257.213
255.698
254.171
252.634
251.084
249.524
247.953
246.372
244.779
243.175
241.561
239.935
238.298
236.649
234.99
233.319
231.637
229.942
228.237
226.519
224.789
223.047
221.293
219.526
217.746
215.954
214.148
212.329
210.497
208.651
206.791
204.918
203.03
201.128
199.211
197.28
195.334
193.373
191.397
189.406
187.399
185.377
183.339
181.285
179.215
177.13
175.028
172.909
170.774
168.623
166.455
164.271
162.07
159.852
157.617
155.367
153.099
150.816
148.518
146.204
143.876
141.535
139.182
136.82
134.453
132.084
129.727
127.384
338.367
338.36
338.359
338.34
338.282
338.177
338.023
337.822
337.578
337.296
336.979
336.634
336.268
335.89
335.509
335.135
334.775
334.436
334.123
333.837
333.575
333.333
333.1
332.868
332.625
332.361
332.063
331.723
331.331
330.878
330.422
329.97
329.501
329.063
328.553
327.946
327.431
327.062
326.473
325.504
324.778
324.229
323.508
322.53
321.309
319.92
318.433
316.904
315.37
313.856
312.379
310.95
309.576
308.264
307.019
305.844
304.743
303.716
302.766
301.892
301.093
300.366
299.701
299.091
298.528
298
297.497
297.007
296.52
296.028
295.526
295.011
294.482
293.94
293.387
292.824
292.252
291.675
291.093
290.509
289.922
289.333
288.742
288.148
287.549
286.944
286.328
285.697
285.044
284.363
283.648
282.892
282.091
281.242
280.343
279.395
278.397
277.35
276.255
275.112
273.924
272.694
271.422
270.113
268.771
267.398
266
264.578
263.136
261.677
260.202
258.712
257.21
255.695
254.169
252.631
251.082
249.522
247.951
246.37
244.777
243.173
241.559
239.933
238.296
236.648
234.989
233.318
231.636
229.942
228.236
226.518
224.789
223.047
221.292
219.525
217.746
215.953
214.148
212.329
210.497
208.651
206.791
204.917
203.03
201.128
199.211
197.28
195.334
193.373
191.397
189.406
187.399
185.377
183.339
181.285
179.215
177.13
175.028
172.909
170.774
168.623
166.455
164.271
162.069
159.851
157.617
155.366
153.099
150.816
148.517
146.203
143.874
141.532
139.179
136.816
134.447
132.074
129.712
127.354
338.407
338.402
338.385
338.338
338.251
338.122
337.951
337.737
337.482
337.187
336.857
336.497
336.115
335.72
335.324
334.936
334.568
334.227
333.917
333.638
333.389
333.162
332.946
332.73
332.503
332.259
331.991
331.696
331.376
331.026
330.65
330.237
329.803
329.282
328.775
328.372
327.566
326.86
326.214
325.378
324.468
323.535
322.53
321.417
320.192
318.876
317.495
316.077
314.645
313.217
311.808
310.432
309.1
307.822
306.605
305.456
304.378
303.375
302.449
301.6
300.825
300.119
299.477
298.892
298.354
297.852
297.373
296.905
296.436
295.959
295.468
294.96
294.434
293.894
293.339
292.772
292.197
291.614
291.027
290.437
289.846
289.252
288.657
288.059
287.459
286.853
286.239
285.611
284.963
284.288
283.579
282.83
282.034
281.19
280.295
279.351
278.356
277.313
276.222
275.083
273.9
272.673
271.404
270.098
268.757
267.385
265.988
264.567
263.125
261.667
260.192
258.703
257.202
255.687
254.161
252.624
251.076
249.517
247.946
246.365
244.773
243.17
241.555
239.93
238.293
236.646
234.986
233.316
231.634
229.94
228.234
226.517
224.788
223.046
221.292
219.525
217.746
215.953
214.148
212.329
210.497
208.651
206.791
204.917
203.03
201.128
199.211
197.28
195.334
193.373
191.397
189.406
187.399
185.377
183.339
181.285
179.215
177.129
175.027
172.909
170.774
168.623
166.455
164.27
162.069
159.851
157.616
155.365
153.097
150.814
148.514
146.199
143.87
141.527
139.171
136.805
134.432
132.052
129.677
127.296
338.504
338.49
338.442
338.358
338.236
338.078
337.88
337.641
337.36
337.036
336.672
336.274
335.853
335.42
334.99
334.577
334.192
333.847
333.545
333.289
333.076
332.893
332.725
332.556
332.376
332.172
331.946
331.698
331.422
331.133
330.82
330.43
330.056
329.689
328.907
328.24
327.517
326.672
325.767
324.793
323.77
322.69
321.558
320.372
319.135
317.851
316.529
315.181
313.817
312.451
311.096
309.765
308.471
307.226
306.04
304.922
303.877
302.908
302.018
301.203
300.462
299.793
299.189
298.64
298.137
297.667
297.218
296.775
296.33
295.871
295.393
294.894
294.373
293.832
293.274
292.703
292.119
291.528
290.933
290.335
289.735
289.133
288.531
287.928
287.323
286.716
286.103
285.48
284.839
284.174
283.476
282.736
281.948
281.111
280.222
279.282
278.292
277.254
276.169
275.038
273.861
272.639
271.376
270.073
268.735
267.366
265.969
264.549
263.109
261.652
260.178
258.691
257.19
255.677
254.152
252.615
251.068
249.509
247.939
246.359
244.767
243.164
241.551
239.926
238.289
236.642
234.983
233.313
231.631
229.937
228.232
226.515
224.785
223.044
221.29
219.524
217.744
215.952
214.147
212.328
210.496
208.65
206.79
204.917
203.029
201.127
199.211
197.279
195.333
193.373
191.397
189.405
187.399
185.376
183.339
181.285
179.215
177.129
175.027
172.909
170.774
168.622
166.454
164.269
162.068
159.85
157.615
155.363
153.095
150.811
148.511
146.195
143.864
141.52
139.162
136.792
134.414
132.026
129.636
127.233
338.64
338.604
338.519
338.396
338.24
338.047
337.811
337.53
337.198
336.816
336.386
335.919
335.428
334.93
334.444
333.989
333.58
333.23
332.947
332.734
332.585
332.48
332.394
332.304
332.192
332.053
331.879
331.666
331.427
331.157
330.859
330.533
330.075
329.538
328.856
328.034
327.137
326.16
325.119
324.032
322.918
321.772
320.597
319.394
318.163
316.906
315.623
314.317
312.994
311.666
310.344
309.041
307.774
306.555
305.399
304.314
303.309
302.384
301.54
300.776
300.09
299.474
298.917
298.41
297.943
297.503
297.079
296.658
296.229
295.784
295.316
294.823
294.305
293.764
293.203
292.623
292.029
291.425
290.817
290.207
289.595
288.983
288.37
287.758
287.147
286.537
285.925
285.307
284.676
284.024
283.339
282.613
281.836
281.007
280.123
279.188
278.204
277.172
276.095
274.973
273.805
272.592
271.335
270.038
268.704
267.337
265.943
264.525
263.087
261.631
260.159
258.673
257.173
255.662
254.138
252.603
251.056
249.499
247.93
246.35
244.759
243.157
241.544
239.92
238.284
236.637
234.978
233.308
231.627
229.933
228.228
226.511
224.782
223.041
221.288
219.521
217.742
215.95
214.145
212.327
210.495
208.649
206.789
204.916
203.028
201.126
199.21
197.279
195.333
193.372
191.396
189.405
187.398
185.376
183.338
181.285
179.215
177.129
175.027
172.908
170.773
168.622
166.454
164.269
162.067
159.849
157.613
155.362
153.093
150.808
148.507
146.19
143.858
141.511
139.151
136.777
134.393
131.996
129.592
127.17
338.785
338.727
338.611
338.458
338.269
338.036
337.751
337.408
337.003
336.534
336.008
335.441
334.854
334.27
333.71
333.197
332.752
332.394
332.134
331.978
331.915
331.914
331.938
331.955
331.937
331.864
331.734
331.556
331.327
331.059
330.749
330.34
329.823
329.177
328.4
327.51
326.53
325.482
324.381
323.246
322.095
320.933
319.763
318.577
317.369
316.135
314.871
313.581
312.268
310.945
309.625
308.325
307.064
305.858
304.723
303.67
302.706
301.835
301.055
300.357
299.732
299.171
298.666
298.204
297.775
297.366
296.967
296.565
296.151
295.716
295.254
294.764
294.246
293.703
293.137
292.55
291.945
291.327
290.703
290.077
289.451
288.825
288.199
287.576
286.955
286.339
285.726
285.112
284.492
283.854
283.186
282.475
281.711
280.89
280.011
279.078
278.095
277.068
275.999
274.887
273.731
272.529
271.282
269.992
268.663
267.301
265.91
264.494
263.058
261.604
260.134
258.65
257.153
255.643
254.121
252.587
251.042
249.486
247.919
246.34
244.75
243.149
241.536
239.912
238.277
236.63
234.972
233.303
231.621
229.929
228.224
226.507
224.779
223.038
221.284
219.518
217.74
215.948
214.143
212.325
210.493
208.647
206.788
204.915
203.027
201.125
199.209
197.278
195.332
193.371
191.395
189.404
187.398
185.376
183.338
181.284
179.214
177.129
175.026
172.908
170.773
168.621
166.453
164.268
162.066
159.847
157.612
155.36
153.09
150.805
148.503
146.185
143.851
141.502
139.138
136.76
134.37
131.965
129.548
127.109
338.947
338.874
338.745
338.574
338.356
338.083
337.744
337.331
336.84
336.273
335.647
334.984
334.312
333.652
333.026
332.455
331.971
331.597
331.351
331.239
331.245
331.334
331.456
331.562
331.617
331.606
331.518
331.347
331.116
330.822
330.439
329.957
329.356
328.631
327.798
326.873
325.867
324.799
323.689
322.558
321.419
320.276
319.124
317.953
316.75
315.507
314.221
312.896
311.545
310.181
308.824
307.494
306.213
305.001
303.874
302.844
301.918
301.099
300.382
299.758
299.215
298.739
298.313
297.925
297.559
297.203
296.846
296.478
296.088
295.669
295.217
294.729
294.209
293.659
293.084
292.488
291.871
291.24
290.599
289.956
289.313
288.671
288.03
287.392
286.759
286.132
285.512
284.898
284.283
283.658
283.009
282.318
281.573
280.765
279.894
278.963
277.981
276.954
275.889
274.785
273.639
272.45
271.214
269.933
268.612
267.255
265.868
264.456
263.023
261.572
260.104
258.623
257.128
255.62
254.1
252.568
251.025
249.471
247.905
246.328
244.739
243.139
241.527
239.904
238.269
236.623
234.965
233.296
231.615
229.923
228.218
226.502
224.774
223.033
221.28
219.515
217.736
215.945
214.14
212.322
210.49
208.645
206.786
204.913
203.025
201.124
199.208
197.277
195.331
193.37
191.395
189.404
187.397
185.375
183.337
181.284
179.214
177.128
175.026
172.907
170.772
168.621
166.452
164.267
162.065
159.846
157.61
155.357
153.088
150.801
148.498
146.179
143.843
141.492
139.125
136.743
134.346
131.933
129.503
127.05
339.194
339.116
338.987
338.808
338.57
338.266
337.885
337.418
336.863
336.234
335.555
334.852
334.146
333.45
332.779
332.157
331.623
331.212
330.948
330.837
330.863
330.984
331.146
331.292
331.378
331.375
331.274
331.094
330.833
330.486
330.051
329.51
328.856
328.097
327.243
326.303
325.292
324.231
323.138
322.031
320.914
319.783
318.626
317.43
316.184
314.884
313.533
312.139
310.716
309.285
307.866
306.484
305.165
303.933
302.805
301.796
300.912
300.151
299.515
298.99
298.553
298.184
297.861
297.567
297.285
297.001
296.703
296.379
296.023
295.628
295.19
294.709
294.188
293.633
293.049
292.441
291.811
291.164
290.507
289.845
289.182
288.522
287.864
287.209
286.56
285.919
285.287
284.665
284.05
283.434
282.802
282.134
281.411
280.623
279.765
278.843
277.865
276.841
275.778
274.677
273.539
272.358
271.133
269.862
268.549
267.199
265.817
264.41
262.981
261.534
260.07
258.591
257.099
255.593
254.076
252.546
251.005
249.453
247.889
246.313
244.726
243.127
241.517
239.895
238.261
236.615
234.958
233.289
231.608
229.916
228.212
226.496
224.768
223.028
221.276
219.51
217.732
215.941
214.137
212.319
210.488
208.643
206.784
204.911
203.023
201.122
199.206
197.275
195.33
193.369
191.394
189.403
187.396
185.374
183.337
181.283
179.213
177.128
175.025
172.907
170.772
168.62
166.451
164.266
162.064
159.844
157.608
155.355
153.085
150.797
148.493
146.172
143.835
141.481
139.111
136.724
134.321
131.9
129.46
126.993
339.613
339.539
339.414
339.234
338.988
338.67
338.268
337.777
337.198
336.554
335.873
335.175
334.474
333.775
333.085
332.431
331.856
331.4
331.097
330.948
330.945
331.037
331.166
331.272
331.309
331.259
331.121
330.898
330.593
330.21
329.737
329.16
328.481
327.704
326.838
325.892
324.886
323.837
322.761
321.667
320.552
319.404
318.21
316.957
315.64
314.26
312.823
311.341
309.828
308.307
306.803
305.345
303.966
302.695
301.557
300.568
299.735
299.059
298.52
298.104
297.788
297.543
297.342
297.159
296.973
296.768
296.532
296.258
295.939
295.571
295.152
294.684
294.169
293.613
293.024
292.406
291.765
291.105
290.431
289.75
289.068
288.389
287.714
287.046
286.384
285.732
285.09
284.458
283.837
283.222
282.601
281.948
281.242
280.467
279.62
278.708
277.74
276.724
275.666
274.57
273.436
272.262
271.044
269.781
268.476
267.133
265.758
264.356
262.933
261.49
260.03
258.555
257.066
255.563
254.049
252.522
250.983
249.432
247.87
246.297
244.711
243.114
241.505
239.884
238.251
236.606
234.949
233.281
231.601
229.909
228.205
226.489
224.762
223.022
221.27
219.505
217.728
215.937
214.133
212.315
210.484
208.64
206.781
204.908
203.021
201.12
199.204
197.273
195.328
193.368
191.392
189.402
187.395
185.373
183.336
181.282
179.213
177.127
175.025
172.906
170.771
168.619
166.451
164.265
162.062
159.843
157.606
155.352
153.081
150.793
148.488
146.165
143.826
141.469
139.096
136.705
134.296
131.868
129.418
126.94
340.253
340.182
340.064
339.889
339.645
339.329
338.931
338.441
337.87
337.248
336.599
335.94
335.278
334.612
333.945
333.302
332.721
332.248
331.904
331.692
331.599
331.583
331.594
331.583
331.514
331.376
331.166
330.89
330.55
330.134
329.626
329.019
328.315
327.518
326.637
325.684
324.678
323.632
322.558
321.455
320.315
319.126
317.874
316.549
315.149
313.676
312.134
310.537
308.901
307.251
305.62
304.045
302.568
301.227
300.055
299.074
298.295
297.709
297.293
297.025
296.87
296.788
296.742
296.697
296.627
296.514
296.348
296.124
295.841
295.5
295.1
294.646
294.14
293.588
292.998
292.377
291.729
291.06
290.376
289.684
288.988
288.295
287.608
286.928
286.258
285.598
284.949
284.31
283.681
283.059
282.433
281.783
281.085
280.319
279.477
278.565
277.599
276.591
275.545
274.459
273.332
272.162
270.949
269.692
268.393
267.058
265.69
264.295
262.877
261.44
259.985
258.514
257.029
255.53
254.018
252.494
250.958
249.41
247.85
246.278
244.695
243.099
241.491
239.872
238.24
236.596
234.94
233.272
231.593
229.901
228.198
226.482
224.755
223.016
221.264
219.499
217.722
215.932
214.128
212.311
210.481
208.636
206.778
204.905
203.019
201.117
199.202
197.271
195.326
193.366
191.391
189.4
187.394
185.373
183.335
181.282
179.212
177.126
175.024
172.906
170.77
168.618
166.45
164.264
162.061
159.841
157.604
155.35
153.078
150.789
148.482
146.158
143.817
141.458
139.081
136.686
134.272
131.837
129.378
126.89
341.124
341.059
340.949
340.782
340.549
340.247
339.864
339.396
338.855
338.269
337.663
337.055
336.449
335.846
335.247
334.669
334.139
333.682
333.304
333.007
332.778
332.593
332.423
332.241
332.033
331.79
331.508
331.183
330.798
330.334
329.779
329.13
328.389
327.561
326.657
325.689
324.671
323.613
322.521
321.389
320.206
318.96
317.637
316.23
314.733
313.144
311.467
309.713
307.906
306.078
304.271
302.534
300.918
299.476
298.252
297.271
296.549
296.061
295.796
295.715
295.766
295.893
296.044
296.173
296.247
296.247
296.164
295.996
295.749
295.429
295.043
294.597
294.095
293.545
292.954
292.33
291.682
291.013
290.329
289.633
288.932
288.229
287.529
286.836
286.153
285.481
284.82
284.167
283.524
282.89
282.259
281.61
280.915
280.155
279.325
278.424
277.462
276.454
275.412
274.337
273.222
272.059
270.849
269.596
268.303
266.974
265.614
264.226
262.816
261.385
259.936
258.47
256.989
255.494
253.985
252.464
250.931
249.385
247.827
246.258
244.676
243.083
241.477
239.858
238.228
236.585
234.93
233.263
231.584
229.893
228.19
226.475
224.748
223.009
221.257
219.493
217.716
215.926
214.123
212.307
210.476
208.632
206.774
204.902
203.016
201.115
199.199
197.269
195.324
193.364
191.389
189.399
187.393
185.371
183.334
181.281
179.211
177.126
175.024
172.905
170.77
168.618
166.449
164.263
162.06
159.839
157.602
155.347
153.074
150.784
148.477
146.151
143.808
141.446
139.066
136.667
134.247
131.806
129.339
126.843
342.214
342.156
342.052
341.897
341.682
341.4
341.043
340.606
340.1
339.547
338.974
338.397
337.828
337.268
336.721
336.194
335.696
335.233
334.813
334.436
334.095
333.778
333.473
333.169
332.859
332.537
332.191
331.802
331.347
330.812
330.193
329.487
328.696
327.828
326.891
325.895
324.852
323.767
322.641
321.466
320.229
318.916
317.515
316.013
314.399
312.669
310.823
308.877
306.86
304.816
302.797
300.863
299.078
297.508
296.21
295.215
294.537
294.17
294.079
294.212
294.503
294.874
295.256
295.59
295.834
295.968
295.981
295.877
295.667
295.367
294.991
294.546
294.042
293.485
292.888
292.261
291.614
290.951
290.275
289.585
288.882
288.173
287.461
286.754
286.055
285.366
284.687
284.013
283.345
282.688
282.043
281.4
280.727
279.994
279.183
278.292
277.336
276.329
275.288
274.215
273.106
271.951
270.747
269.497
268.208
266.885
265.532
264.152
262.749
261.325
259.882
258.422
256.946
255.455
253.95
252.432
250.901
249.358
247.803
246.236
244.656
243.065
241.46
239.844
238.215
236.573
234.919
233.253
231.575
229.884
228.182
226.467
224.74
223.001
221.25
219.487
217.71
215.921
214.118
212.302
210.472
208.628
206.77
204.898
203.012
201.112
199.197
197.267
195.322
193.362
191.387
189.397
187.392
185.37
183.333
181.28
179.211
177.125
175.023
172.904
170.769
168.617
166.448
164.262
162.058
159.838
157.6
155.344
153.071
150.78
148.471
146.144
143.799
141.434
139.051
136.648
134.224
131.776
129.303
126.799
343.487
343.432
343.337
343.197
343.003
342.748
342.425
342.026
341.558
341.04
340.492
339.932
339.375
338.826
338.29
337.769
337.267
336.787
336.331
335.901
335.493
335.103
334.724
334.351
333.975
333.583
333.156
332.677
332.132
331.514
330.82
330.049
329.203
328.287
327.309
326.278
325.2
324.078
322.909
321.682
320.385
319.002
317.518
315.915
314.176
312.292
310.263
308.111
305.873
303.602
301.361
299.22
297.257
295.552
294.175
293.165
292.537
292.282
292.36
292.705
293.234
293.849
294.461
294.998
295.414
295.685
295.8
295.764
295.593
295.314
294.948
294.505
293.992
293.42
292.805
292.168
291.522
290.871
290.212
289.538
288.846
288.138
287.42
286.703
285.992
285.291
284.596
283.902
283.205
282.515
281.845
281.194
280.537
279.835
279.056
278.19
277.244
276.235
275.184
274.104
272.993
271.841
270.641
269.395
268.111
266.793
265.447
264.074
262.679
261.262
259.825
258.371
256.9
255.413
253.912
252.397
250.869
249.329
247.777
246.212
244.635
243.045
241.443
239.828
238.201
236.561
234.908
233.243
231.565
229.875
228.173
226.459
224.732
222.994
221.243
219.48
217.704
215.915
214.112
212.296
210.467
208.623
206.766
204.894
203.009
201.108
199.193
197.264
195.319
193.36
191.385
189.395
187.39
185.369
183.332
181.279
179.21
177.124
175.022
172.904
170.768
168.616
166.447
164.26
162.057
159.836
157.597
155.341
153.067
150.775
148.465
146.137
143.789
141.423
139.037
136.63
134.201
131.748
129.269
126.759
344.896
344.844
344.758
344.635
344.465
344.24
343.955
343.601
343.18
342.701
342.184
341.645
341.097
340.55
340.01
339.48
338.967
338.47
337.99
337.525
337.075
336.636
336.201
335.761
335.303
334.813
334.281
333.7
333.061
332.361
331.593
330.759
329.858
328.895
327.875
326.805
325.688
324.524
323.308
322.028
320.672
319.223
317.662
315.965
314.11
312.084
309.889
307.551
305.115
302.643
300.207
297.886
295.77
293.952
292.509
291.483
290.893
290.729
290.946
291.468
292.199
293.019
293.822
294.52
295.064
295.438
295.635
295.657
295.52
295.261
294.907
294.469
293.951
293.361
292.718
292.056
291.399
290.758
290.124
289.483
288.821
288.135
287.429
286.714
286
285.291
284.585
283.871
283.142
282.407
281.695
281.019
280.364
279.682
278.933
278.091
277.158
276.153
275.098
274.008
272.889
271.733
270.535
269.294
268.014
266.702
265.361
263.996
262.607
261.196
259.765
258.317
256.851
255.369
253.871
252.36
250.836
249.299
247.749
246.187
244.612
243.024
241.424
239.811
238.186
236.547
234.895
233.231
231.555
229.865
228.164
226.45
224.725
222.986
221.236
219.473
217.697
215.908
214.106
212.291
210.461
208.618
206.761
204.89
203.005
201.105
199.19
197.261
195.317
193.358
191.383
189.394
187.388
185.367
183.331
181.278
179.209
177.123
175.021
172.903
170.768
168.615
166.446
164.259
162.055
159.834
157.595
155.338
153.064
150.771
148.46
146.13
143.78
141.412
139.023
136.612
134.179
131.721
129.236
126.721
346.396
346.349
346.274
346.167
346.019
345.824
345.577
345.269
344.899
344.471
343.998
343.494
342.972
342.441
341.911
341.386
340.868
340.36
339.86
339.366
338.871
338.368
337.848
337.302
336.724
336.114
335.468
334.785
334.058
333.281
332.449
331.558
330.609
329.604
328.546
327.439
326.284
325.081
323.82
322.493
321.086
319.581
317.956
316.187
314.245
312.116
309.801
307.329
304.751
302.138
299.566
297.125
294.912
293.024
291.538
290.5
289.93
289.824
290.124
290.747
291.606
292.544
293.455
294.242
294.85
295.27
295.506
295.562
295.449
295.205
294.865
294.441
293.926
293.317
292.635
291.929
291.241
290.595
289.984
289.383
288.769
288.128
287.457
286.763
286.056
285.345
284.633
283.911
283.163
282.388
281.619
280.897
280.22
279.54
278.805
277.982
277.063
276.065
275.01
273.917
272.791
271.631
270.432
269.194
267.919
266.613
265.278
263.918
262.534
261.129
259.704
258.26
256.799
255.322
253.829
252.322
250.8
249.266
247.719
246.16
244.587
243.002
241.404
239.793
238.169
236.532
234.882
233.219
231.544
229.855
228.155
226.442
224.717
222.979
221.229
219.466
217.691
215.902
214.1
212.285
210.456
208.613
206.756
204.885
203
201.101
199.186
197.258
195.314
193.355
191.381
189.391
187.386
185.366
183.329
181.277
179.208
177.123
175.021
172.902
170.767
168.615
166.445
164.258
162.054
159.832
157.593
155.336
153.06
150.766
148.454
146.123
143.772
141.401
139.009
136.595
134.159
131.696
129.206
126.685
348.01
347.971
347.912
347.82
347.688
347.513
347.291
347.019
346.693
346.315
345.891
345.433
344.952
344.457
343.955
343.449
342.939
342.424
341.9
341.361
340.797
340.2
339.563
338.887
338.178
337.442
336.685
335.906
335.098
334.253
333.364
332.426
331.438
330.397
329.306
328.165
326.975
325.74
324.44
323.074
321.626
320.079
318.411
316.597
314.61
312.432
310.064
307.533
304.895
302.221
299.596
297.113
294.871
292.962
291.462
290.413
289.837
289.732
290.04
290.679
291.541
292.49
293.407
294.197
294.801
295.204
295.427
295.488
295.385
295.146
294.813
294.408
293.913
293.3
292.577
291.806
291.062
290.386
289.776
289.204
288.641
288.063
287.45
286.796
286.108
285.403
284.693
283.977
283.234
282.45
281.648
280.875
280.149
279.434
278.683
277.861
276.953
275.965
274.916
273.824
272.695
271.531
270.33
269.094
267.824
266.522
265.193
263.839
262.461
261.061
259.641
258.202
256.745
255.273
253.784
252.281
250.763
249.232
247.688
246.131
244.561
242.979
241.383
239.774
238.152
236.517
234.868
233.207
231.532
229.845
228.145
226.433
224.708
222.971
221.222
219.459
217.684
215.896
214.094
212.279
210.45
208.608
206.751
204.881
202.996
201.096
199.183
197.254
195.311
193.352
191.378
189.389
187.385
185.364
183.328
181.276
179.207
177.122
175.02
172.902
170.766
168.614
166.444
164.257
162.053
159.831
157.591
155.333
153.057
150.762
148.449
146.116
143.764
141.391
138.996
136.58
134.139
131.673
129.179
126.653
349.666
349.634
349.587
349.498
349.366
349.19
348.97
348.708
348.405
348.058
347.671
347.25
346.804
346.34
345.861
345.37
344.862
344.336
343.784
343.196
342.564
341.878
341.137
340.349
339.527
338.686
337.833
336.971
336.093
335.191
334.257
333.284
332.267
331.201
330.086
328.921
327.705
326.438
325.112
323.718
322.246
320.678
318.996
317.177
315.198
313.041
310.703
308.21
305.612
302.979
300.396
297.954
295.747
293.859
292.36
291.293
290.682
290.523
290.76
291.31
292.069
292.911
293.718
294.409
294.931
295.259
295.419
295.443
295.333
295.093
294.762
294.369
293.899
293.305
292.565
291.738
290.927
290.201
289.562
288.987
288.452
287.93
287.385
286.789
286.133
285.43
284.713
284.006
283.287
282.519
281.708
280.91
280.145
279.383
278.591
277.748
276.839
275.861
274.821
273.733
272.603
271.437
270.235
268.998
267.73
266.432
265.108
263.759
262.387
260.992
259.577
258.143
256.691
255.223
253.739
252.239
250.725
249.197
247.656
246.102
244.535
242.954
241.36
239.754
238.134
236.5
234.853
233.193
231.52
229.833
228.135
226.423
224.699
222.963
221.214
219.452
217.678
215.889
214.088
212.273
210.444
208.602
206.746
204.875
202.991
201.092
199.178
197.25
195.307
193.349
191.375
189.387
187.382
185.362
183.326
181.274
179.206
177.121
175.019
172.901
170.765
168.613
166.443
164.256
162.052
159.829
157.589
155.331
153.054
150.758
148.444
146.11
143.756
141.381
138.984
136.565
134.121
131.651
129.153
126.624
351.247
351.202
351.136
351.033
350.889
350.701
350.469
350.199
349.894
349.558
349.188
348.787
348.361
347.912
347.441
346.949
346.433
345.887
345.306
344.678
343.994
343.247
342.439
341.578
340.68
339.761
338.834
337.903
336.965
336.016
335.044
334.042
333.003
331.921
330.791
329.61
328.377
327.09
325.746
324.336
322.853
321.282
319.609
317.815
315.881
313.794
311.549
309.165
306.684
304.168
301.694
299.348
297.214
295.372
293.883
292.778
292.126
291.877
291.991
292.388
292.971
293.632
294.262
294.789
295.176
295.395
295.465
295.43
295.298
295.056
294.722
294.334
293.89
293.333
292.613
291.773
290.919
290.131
289.427
288.798
288.248
287.756
287.273
286.743
286.133
285.449
284.726
284.005
283.29
282.541
281.741
280.93
280.136
279.337
278.51
277.648
276.736
275.763
274.731
273.648
272.521
271.354
270.151
268.914
267.646
266.35
265.028
263.683
262.315
260.926
259.516
258.087
256.64
255.176
253.695
252.199
250.688
249.164
247.625
246.073
244.509
242.93
241.339
239.734
238.116
236.484
234.839
233.18
231.508
229.823
228.125
226.414
224.691
222.955
221.207
219.446
217.671
215.884
214.082
212.267
210.439
208.596
206.74
204.87
202.986
201.087
199.174
197.246
195.303
193.345
191.372
189.384
187.38
185.36
183.325
181.273
179.205
177.12
175.018
172.9
170.765
168.612
166.443
164.255
162.05
159.828
157.587
155.328
153.051
150.754
148.439
146.104
143.748
141.371
138.973
136.551
134.104
131.631
129.13
126.597
352.768
352.694
352.58
352.444
352.279
352.074
351.823
351.533
351.213
350.867
350.496
350.1
349.679
349.227
348.749
348.244
347.708
347.137
346.523
345.86
345.139
344.356
343.511
342.612
341.671
340.703
339.723
338.738
337.748
336.752
335.742
334.709
333.646
332.547
331.404
330.213
328.97
327.672
326.316
324.898
323.411
321.846
320.191
318.433
316.559
314.558
312.427
310.179
307.848
305.485
303.156
300.936
298.904
297.131
295.676
294.584
293.837
293.469
293.433
293.649
294.028
294.478
294.906
295.249
295.478
295.575
295.547
295.44
295.278
295.041
294.711
294.316
293.876
293.357
292.697
291.895
291.028
290.177
289.377
288.655
288.049
287.561
287.128
286.667
286.117
285.468
284.754
284.024
283.296
282.546
281.749
280.93
280.114
279.287
278.435
277.557
276.642
275.673
274.645
273.565
272.441
271.276
270.074
268.838
267.571
266.276
264.956
263.613
262.249
260.864
259.458
258.034
256.591
255.131
253.655
252.162
250.654
249.132
247.596
246.046
244.484
242.907
241.318
239.715
238.098
236.468
234.824
233.167
231.496
229.812
228.115
226.405
224.683
222.948
221.2
219.439
217.666
215.878
214.077
212.262
210.433
208.591
206.735
204.865
202.981
201.082
199.169
197.242
195.3
193.342
191.369
189.381
187.378
185.358
183.323
181.271
179.203
177.119
175.018
172.899
170.764
168.612
166.442
164.254
162.049
159.826
157.585
155.326
153.048
150.751
148.435
146.098
143.741
141.363
138.962
136.538
134.089
131.613
129.109
126.572
354.259
354.156
353.991
353.801
353.592
353.351
353.067
352.748
352.403
352.037
351.652
351.244
350.81
350.35
349.857
349.329
348.763
348.158
347.509
346.812
346.062
345.256
344.393
343.479
342.522
341.529
340.519
339.497
338.465
337.426
336.375
335.307
334.215
333.092
331.932
330.729
329.476
328.171
326.809
325.387
323.902
322.346
320.713
318.993
317.178
315.26
313.24
311.127
308.948
306.743
304.568
302.486
300.567
298.87
297.449
296.337
295.537
295.061
294.876
294.91
295.087
295.33
295.562
295.723
295.792
295.763
295.64
295.464
295.27
295.041
294.728
294.329
293.874
293.364
292.762
292.035
291.2
290.308
289.411
288.581
287.903
287.397
286.993
286.586
286.091
285.486
284.796
284.066
283.321
282.555
281.753
280.927
280.091
279.244
278.374
277.482
276.559
275.588
274.562
273.483
272.36
271.197
269.998
268.765
267.5
266.208
264.891
263.551
262.189
260.807
259.405
257.984
256.546
255.089
253.616
252.127
250.622
249.102
247.568
246.02
244.46
242.885
241.298
239.696
238.081
236.453
234.811
233.155
231.485
229.802
228.106
226.396
224.675
222.94
221.193
219.433
217.66
215.873
214.072
212.257
210.429
208.586
206.73
204.86
202.976
201.078
199.165
197.238
195.296
193.339
191.366
189.379
187.375
185.356
183.321
181.27
179.202
177.118
175.017
172.899
170.764
168.611
166.441
164.254
162.048
159.825
157.584
155.324
153.046
150.748
148.431
146.093
143.735
141.356
138.953
136.527
134.076
131.597
129.09
126.551
355.749
355.619
355.402
355.147
354.869
354.567
354.231
353.871
353.494
353.103
352.697
352.272
351.82
351.338
350.819
350.261
349.659
349.013
348.324
347.59
346.812
345.988
345.117
344.2
343.242
342.247
341.224
340.18
339.12
338.046
336.958
335.854
334.729
333.578
332.394
331.172
329.906
328.592
327.225
325.803
324.322
322.778
321.168
319.484
317.724
315.882
313.961
311.969
309.927
307.869
305.838
303.888
302.076
300.455
299.068
297.945
297.095
296.523
296.2
296.068
296.062
296.12
296.174
296.171
296.092
295.943
295.735
295.498
295.272
295.051
294.767
294.374
293.895
293.367
292.797
292.147
291.376
290.488
289.537
288.627
287.873
287.322
286.914
286.528
286.069
285.498
284.829
284.106
283.359
282.586
281.773
280.932
280.079
279.211
278.323
277.418
276.487
275.512
274.484
273.406
272.282
271.12
269.923
268.692
267.432
266.143
264.83
263.494
262.135
260.756
259.357
257.939
256.503
255.05
253.58
252.093
250.591
249.073
247.541
245.996
244.437
242.864
241.278
239.679
238.065
236.438
234.797
233.143
231.474
229.792
228.097
226.388
224.667
222.933
221.187
219.427
217.654
215.868
214.067
212.253
210.424
208.581
206.725
204.855
202.971
201.073
199.161
197.234
195.292
193.335
191.363
189.376
187.373
185.354
183.32
181.269
179.201
177.117
175.016
172.898
170.763
168.611
166.441
164.253
162.048
159.824
157.583
155.322
153.043
150.745
148.427
146.089
143.73
141.349
138.945
136.517
134.064
131.583
129.074
126.532
357.224
357.06
356.781
356.45
356.091
355.712
355.313
354.902
354.488
354.072
353.647
353.206
352.734
352.226
351.674
351.077
350.433
349.743
349.009
348.237
347.428
346.586
345.71
344.796
343.846
342.857
341.835
340.783
339.706
338.608
337.491
336.356
335.2
334.018
332.807
331.562
330.278
328.951
327.576
326.152
324.675
323.144
321.555
319.907
318.196
316.422
314.588
312.701
310.778
308.845
306.94
305.105
303.388
301.834
300.479
299.35
298.457
297.801
297.36
297.085
296.923
296.823
296.725
296.575
296.364
296.109
295.827
295.542
295.287
295.066
294.813
294.444
293.948
293.383
292.806
292.211
291.52
290.677
289.723
288.771
287.949
287.334
286.894
286.507
286.059
285.504
284.851
284.139
283.398
282.627
281.811
280.954
280.077
279.186
278.283
277.367
276.426
275.444
274.413
273.334
272.212
271.051
269.854
268.625
267.367
266.082
264.772
263.439
262.084
260.707
259.312
257.897
256.464
255.013
253.546
252.062
250.562
249.046
247.516
245.972
244.415
242.844
241.26
239.662
238.05
236.424
234.784
233.131
231.464
229.783
228.088
226.381
224.66
222.926
221.18
219.421
217.649
215.863
214.063
212.248
210.42
208.577
206.721
204.85
202.966
201.068
199.156
197.229
195.288
193.331
191.36
189.373
187.371
185.352
183.318
181.267
179.2
177.117
175.016
172.898
170.763
168.61
166.44
164.253
162.047
159.824
157.582
155.321
153.042
150.743
148.424
146.086
143.725
141.343
138.938
136.509
134.054
131.571
129.06
126.516
358.676
358.464
358.107
357.685
357.231
356.765
356.295
355.83
355.383
354.95
354.518
354.066
353.577
353.04
352.451
351.808
351.114
350.373
349.591
348.776
347.936
347.075
346.193
345.286
344.346
343.37
342.356
341.305
340.221
339.109
337.972
336.812
335.628
334.419
333.182
331.914
330.609
329.266
327.88
326.45
324.974
323.452
321.882
320.265
318.598
316.884
315.124
313.326
311.504
309.677
307.877
306.139
304.502
303.004
301.678
300.545
299.617
298.892
298.352
297.96
297.671
297.44
297.209
296.933
296.607
296.259
295.915
295.592
295.314
295.093
294.869
294.53
294.029
293.424
292.814
292.239
291.616
290.836
289.913
288.955
288.09
287.414
286.926
286.521
286.074
285.522
284.874
284.164
283.422
282.651
281.834
280.97
280.077
279.168
278.252
277.326
276.376
275.386
274.35
273.269
272.147
270.987
269.791
268.564
267.307
266.024
264.717
263.387
262.035
260.662
259.269
257.857
256.427
254.979
253.514
252.032
250.534
249.021
247.492
245.95
244.395
242.825
241.243
239.646
238.035
236.411
234.772
233.12
231.454
229.774
228.08
226.373
224.653
222.92
221.174
219.416
217.644
215.858
214.058
212.244
210.416
208.573
206.716
204.846
202.962
201.064
199.152
197.225
195.284
193.328
191.357
189.37
187.368
185.35
183.316
181.266
179.199
177.116
175.015
172.898
170.763
168.61
166.44
164.252
162.047
159.823
157.581
155.32
153.04
150.741
148.422
146.083
143.722
141.339
138.932
136.502
134.045
131.561
129.048
126.503
360.099
359.827
359.376
358.845
358.284
357.719
357.173
356.651
356.171
355.731
355.303
354.849
354.35
353.787
353.16
352.471
351.723
350.926
350.092
349.232
348.359
347.479
346.592
345.691
344.764
343.801
342.798
341.753
340.668
339.548
338.397
337.218
336.013
334.781
333.522
332.232
330.908
329.548
328.149
326.712
325.234
323.717
322.162
320.569
318.94
317.276
315.58
313.857
312.117
310.379
308.666
307.008
305.438
303.988
302.687
301.552
300.596
299.817
299.199
298.713
298.32
297.977
297.634
297.25
296.825
296.392
295.99
295.638
295.347
295.132
294.939
294.637
294.133
293.481
292.824
292.252
291.682
290.961
290.075
289.136
288.263
287.548
287.01
286.567
286.103
285.549
284.902
284.189
283.438
282.657
281.834
280.967
280.067
279.151
278.226
277.291
276.331
275.332
274.291
273.208
272.087
270.928
269.734
268.508
267.253
265.971
264.666
263.339
261.99
260.619
259.229
257.82
256.392
254.946
253.484
252.004
250.508
248.996
247.47
245.929
244.375
242.807
241.226
239.63
238.021
236.398
234.76
233.109
231.444
229.765
228.072
226.366
224.646
222.914
221.168
219.41
217.639
215.854
214.054
212.241
210.412
208.569
206.713
204.842
202.958
201.059
199.147
197.221
195.28
193.324
191.353
189.367
187.366
185.348
183.315
181.265
179.199
177.115
175.015
172.897
170.763
168.61
166.44
164.252
162.047
159.823
157.58
155.319
153.039
150.74
148.42
146.08
143.719
141.335
138.928
136.496
134.039
131.553
129.039
126.493
361.509
361.155
360.584
359.924
359.236
358.558
357.916
357.345
356.846
356.414
356.011
355.575
355.069
354.481
353.815
353.077
352.273
351.418
350.527
349.619
348.71
347.81
346.919
346.025
345.112
344.164
343.173
342.137
341.055
339.93
338.77
337.577
336.355
335.105
333.827
332.518
331.178
329.803
328.392
326.946
325.465
323.951
322.406
320.833
319.234
317.612
315.969
314.308
312.639
310.973
309.333
307.741
306.227
304.818
303.538
302.405
301.428
300.607
299.927
299.364
298.881
298.444
298.01
297.538
297.021
296.502
296.046
295.679
295.392
295.188
295.022
294.751
294.249
293.555
292.844
292.259
291.728
291.06
290.212
289.303
288.442
287.703
287.12
286.635
286.143
285.576
284.925
284.211
283.453
282.659
281.827
280.954
280.052
279.132
278.203
277.259
276.29
275.283
274.237
273.153
272.031
270.873
269.68
268.456
267.202
265.922
264.619
263.294
261.947
260.579
259.191
257.784
256.359
254.916
253.455
251.977
250.483
248.973
247.448
245.909
244.356
242.79
241.21
239.616
238.008
236.385
234.749
233.099
231.435
229.757
228.065
226.359
224.64
222.908
221.163
219.405
217.634
215.849
214.05
212.237
210.409
208.566
206.709
204.838
202.954
201.055
199.143
197.217
195.276
193.32
191.35
189.364
187.363
185.346
183.313
181.264
179.198
177.115
175.015
172.897
170.763
168.61
166.44
164.252
162.047
159.823
157.58
155.319
153.039
150.739
148.419
146.079
143.717
141.332
138.925
136.492
134.034
131.547
129.032
126.485
362.939
362.412
361.672
360.89
360.088
359.313
358.585
357.935
357.401
356.992
356.643
356.245
355.743
355.131
354.422
353.632
352.771
351.853
350.904
349.947
349.003
348.084
347.192
346.308
345.41
344.477
343.497
342.467
341.387
340.26
339.093
337.891
336.657
335.393
334.1
332.777
331.422
330.034
328.613
327.158
325.673
324.16
322.622
321.065
319.492
317.904
316.305
314.697
313.086
311.482
309.901
308.365
306.898
305.524
304.264
303.134
302.141
301.286
300.557
299.928
299.371
298.859
298.354
297.803
297.192
296.584
296.084
295.727
295.466
295.275
295.112
294.848
294.353
293.643
292.895
292.287
291.772
291.142
290.326
289.445
288.603
287.855
287.235
286.711
286.191
285.606
284.945
284.224
283.459
282.657
281.816
280.939
280.035
279.113
278.18
277.229
276.251
275.239
274.188
273.102
271.979
270.821
269.63
268.407
267.155
265.877
264.575
263.252
261.907
260.541
259.156
257.751
256.327
254.886
253.427
251.952
250.459
248.951
247.427
245.89
244.338
242.773
241.194
239.602
237.995
236.374
234.738
233.089
231.426
229.749
228.057
226.353
224.634
222.903
221.158
219.4
217.629
215.845
214.046
212.233
210.405
208.563
206.706
204.835
202.95
201.051
199.139
197.213
195.272
193.317
191.347
189.361
187.361
185.344
183.312
181.263
179.197
177.115
175.015
172.898
170.763
168.611
166.441
164.253
162.047
159.823
157.58
155.319
153.039
150.739
148.418
146.078
143.715
141.331
138.923
136.49
134.031
131.544
129.027
126.48
364.467
363.637
362.73
361.794
360.86
359.933
359.072
358.351
357.807
357.457
357.196
356.861
356.372
355.728
354.977
354.144
353.227
352.246
351.234
350.223
349.241
348.302
347.407
346.537
345.658
344.741
343.775
342.756
341.679
340.549
339.376
338.166
336.922
335.647
334.343
333.008
331.642
330.244
328.814
327.352
325.863
324.349
322.817
321.273
319.72
318.162
316.601
315.038
313.477
311.924
310.394
308.904
307.476
306.131
304.888
303.76
302.756
301.875
301.106
300.423
299.806
299.238
298.676
298.048
297.334
296.64
296.118
295.793
295.573
295.39
295.204
294.918
294.427
293.735
292.988
292.36
291.832
291.212
290.421
289.564
288.741
287.99
287.345
286.788
286.241
285.637
284.963
284.233
283.459
282.649
281.802
280.922
280.017
279.094
278.157
277.2
276.216
275.197
274.144
273.055
271.932
270.774
269.583
268.361
267.11
265.834
264.534
263.212
261.869
260.505
259.122
257.719
256.298
254.858
253.401
251.927
250.436
248.929
247.407
245.871
244.321
242.757
241.179
239.588
237.982
236.362
234.728
233.08
231.417
229.741
228.05
226.346
224.629
222.898
221.153
219.396
217.625
215.841
214.042
212.23
210.402
208.56
206.703
204.831
202.946
201.048
199.135
197.209
195.268
193.313
191.343
189.358
187.358
185.342
183.31
181.262
179.197
177.114
175.015
172.898
170.763
168.611
166.441
164.253
162.047
159.823
157.581
155.319
153.039
150.739
148.418
146.077
143.715
141.33
138.922
136.488
134.029
131.542
129.025
126.477
366.196
364.743
363.581
362.512
361.487
360.483
359.538
358.751
358.18
357.876
357.693
357.427
356.971
356.312
355.544
354.627
353.643
352.593
351.515
350.451
349.431
348.474
347.584
346.731
345.871
344.97
344.016
343.004
341.93
340.799
339.624
338.41
337.159
335.877
334.564
333.221
331.846
330.44
329.002
327.534
326.04
324.526
322.998
321.463
319.928
318.396
316.868
315.345
313.827
312.32
310.834
309.385
307.993
306.676
305.447
304.324
303.312
302.412
301.609
300.879
300.215
299.607
298.994
298.28
297.456
296.69
296.168
295.888
295.706
295.524
295.304
294.981
294.487
293.829
293.111
292.472
291.912
291.282
290.506
289.671
288.862
288.11
287.449
286.865
286.29
285.666
284.979
284.238
283.456
282.638
281.787
280.905
279.998
279.074
278.133
277.171
276.181
275.158
274.1
273.01
271.885
270.727
269.537
268.315
267.066
265.791
264.492
263.172
261.831
260.469
259.088
257.687
256.267
254.83
253.374
251.902
250.413
248.908
247.387
245.852
244.303
242.74
241.164
239.574
237.969
236.351
234.717
233.07
231.408
229.733
228.043
226.34
224.623
222.892
221.148
219.391
217.62
215.836
214.038
212.226
210.399
208.556
206.699
204.828
202.943
201.044
199.131
197.204
195.264
193.309
191.339
189.355
187.355
185.34
183.308
181.261
179.196
177.114
175.015
172.898
170.764
168.612
166.442
164.254
162.048
159.824
157.581
155.32
153.039
150.739
148.419
146.078
143.715
141.33
138.922
136.489
134.029
131.542
129.026
126.477
367.284
365.719
364.444
363.271
362.143
361.056
360.046
359.228
358.661
358.394
358.322
358.15
357.638
356.862
355.995
355.103
354.077
352.953
351.795
350.665
349.596
348.61
347.714
346.881
346.049
345.174
344.244
343.247
342.173
341.037
339.858
338.639
337.382
336.095
334.777
333.428
332.047
330.634
329.19
327.716
326.217
324.701
323.176
321.65
320.131
318.623
317.127
315.642
314.166
312.702
311.256
309.844
308.483
307.19
305.981
304.864
303.847
302.931
302.099
301.331
300.63
299.989
299.321
298.505
297.573
296.759
296.26
296.026
295.87
295.681
295.427
295.065
294.56
293.929
293.247
292.603
292.006
291.355
290.59
289.773
288.973
288.221
287.547
286.941
286.34
285.694
284.991
284.239
283.448
282.624
281.769
280.886
279.978
279.052
278.107
277.14
276.146
275.118
274.058
272.965
271.839
270.68
269.489
268.269
267.021
265.747
264.45
263.131
261.792
260.432
259.053
257.654
256.236
254.8
253.347
251.876
250.389
248.885
247.366
245.832
244.285
242.723
241.148
239.559
237.956
236.339
234.707
233.06
231.399
229.725
228.036
226.333
224.616
222.887
221.143
219.386
217.616
215.832
214.034
212.222
210.395
208.553
206.696
204.825
202.939
201.04
199.127
197.2
195.259
193.304
191.335
189.351
187.352
185.337
183.307
181.26
179.195
177.114
175.015
172.899
170.765
168.613
166.443
164.255
162.049
159.825
157.582
155.321
153.04
150.74
148.42
146.079
143.717
141.332
138.924
136.492
134.033
131.546
129.03
126.482
368.103
366.525
365.174
363.945
362.795
361.717
360.753
359.955
359.383
359.044
358.793
358.43
357.964
357.394
356.673
355.704
354.55
353.314
352.065
350.85
349.713
348.689
347.803
347.009
346.211
345.353
344.434
343.455
342.391
341.263
340.091
338.869
337.607
336.314
334.991
333.636
332.251
330.834
329.384
327.906
326.403
324.885
323.362
321.843
320.338
318.852
317.387
315.938
314.504
313.083
311.678
310.303
308.976
307.707
306.514
305.402
304.383
303.454
302.597
301.796
301.064
300.388
299.652
298.727
297.707
296.873
296.411
296.216
296.073
295.87
295.582
295.186
294.663
294.043
293.38
292.729
292.098
291.425
290.671
289.869
289.074
288.322
287.641
287.014
286.387
285.718
284.998
284.235
283.437
282.607
281.749
280.864
279.955
279.027
278.08
277.109
276.111
275.08
274.017
272.922
271.794
270.635
269.444
268.223
266.976
265.703
264.408
263.091
261.753
260.395
259.017
257.621
256.205
254.771
253.319
251.85
250.364
248.862
247.345
245.813
244.266
242.706
241.133
239.545
237.943
236.327
234.696
233.05
231.391
229.716
228.028
226.326
224.61
222.881
221.139
219.382
217.612
215.828
214.03
212.218
210.392
208.55
206.693
204.822
202.936
201.036
199.123
197.196
195.255
193.3
191.331
189.347
187.349
185.335
183.305
181.259
179.195
177.114
175.016
172.9
170.766
168.614
166.444
164.256
162.05
159.826
157.584
155.322
153.042
150.742
148.422
146.082
143.72
141.336
138.929
136.496
134.038
131.552
129.037
126.49
368.788
367.266
365.917
364.685
363.538
362.476
361.528
360.698
360.059
359.586
359.206
358.813
358.283
357.601
356.773
355.825
354.745
353.539
352.272
351.022
349.861
348.832
347.945
347.151
346.369
345.549
344.676
343.701
342.608
341.459
340.29
339.074
337.817
336.529
335.207
333.851
332.465
331.044
329.59
328.106
326.598
325.076
323.551
322.037
320.545
319.083
317.65
316.241
314.847
313.468
312.098
310.758
309.464
308.225
307.048
305.945
304.924
303.985
303.106
302.278
301.518
300.799
299.982
298.957
297.88
297.057
296.636
296.465
296.318
296.09
295.767
295.338
294.797
294.171
293.511
292.849
292.189
291.499
290.751
289.961
289.169
288.419
287.731
287.083
286.427
285.734
284.999
284.226
283.421
282.587
281.725
280.838
279.929
278.999
278.05
277.077
276.076
275.042
273.977
272.88
271.752
270.591
269.399
268.179
266.932
265.66
264.366
263.05
261.714
260.358
258.983
257.588
256.174
254.741
253.291
251.824
250.34
248.84
247.324
245.793
244.248
242.69
241.117
239.531
237.93
236.315
234.685
233.041
231.382
229.709
228.021
226.32
224.604
222.876
221.134
219.378
217.608
215.824
214.027
212.215
210.388
208.547
206.69
204.819
202.933
201.033
199.119
197.191
195.25
193.295
191.326
189.343
187.345
185.332
183.303
181.258
179.195
177.115
175.017
172.901
170.767
168.615
166.445
164.258
162.052
159.828
157.585
155.324
153.044
150.745
148.425
146.085
143.724
141.341
138.934
136.503
134.046
131.562
129.048
126.503
369.414
367.962
366.634
365.406
364.262
363.204
362.25
361.412
360.71
360.13
359.619
359.077
358.453
357.732
356.905
355.965
354.892
353.705
352.466
351.248
350.114
349.1
348.202
347.391
346.605
345.775
344.863
343.858
342.793
341.699
340.526
339.28
338.007
336.722
335.405
334.056
332.675
331.256
329.801
328.314
326.801
325.276
323.752
322.245
320.77
319.332
317.931
316.56
315.212
313.881
312.545
311.238
309.968
308.751
307.591
306.494
305.469
304.516
303.623
302.775
301.981
301.21
300.311
299.214
298.121
297.334
296.95
296.782
296.608
296.339
295.97
295.505
294.944
294.311
293.647
292.975
292.294
291.585
290.835
290.05
289.265
288.517
287.818
287.144
286.457
285.741
284.992
284.211
283.4
282.562
281.698
280.809
279.898
278.968
278.017
277.043
276.039
275.004
273.938
272.84
271.71
270.549
269.356
268.136
266.889
265.619
264.325
263.011
261.676
260.322
258.948
257.554
256.142
254.712
253.264
251.799
250.316
248.817
247.303
245.773
244.23
242.673
241.102
239.517
237.917
236.303
234.675
233.031
231.373
229.701
228.014
226.313
224.599
222.871
221.129
219.374
217.604
215.821
214.023
212.211
210.385
208.544
206.687
204.816
202.93
201.03
199.115
197.187
195.246
193.291
191.322
189.339
187.342
185.33
183.302
181.257
179.195
177.116
175.018
172.902
170.769
168.617
166.447
164.26
162.054
159.83
157.588
155.327
153.047
150.748
148.429
146.09
143.73
141.347
138.942
136.512
134.057
131.575
129.063
126.519
370.009
368.622
367.324
366.11
364.976
363.924
362.963
362.097
361.331
360.653
360.019
359.377
358.686
357.919
357.063
356.107
355.05
353.913
352.74
351.579
350.477
349.461
348.533
347.674
346.832
345.947
345.003
344.009
342.969
341.855
340.673
339.46
338.225
336.936
335.606
334.255
332.88
331.466
330.014
328.529
327.019
325.494
323.969
322.459
320.985
319.559
318.182
316.845
315.536
314.262
312.948
311.68
310.447
309.261
308.124
307.036
306.008
305.052
304.157
303.284
302.436
301.597
300.645
299.531
298.464
297.728
297.366
297.171
296.944
296.616
296.192
295.684
295.099
294.458
293.788
293.107
292.409
291.682
290.922
290.14
289.361
288.611
287.895
287.191
286.477
285.739
284.976
284.188
283.373
282.531
281.665
280.775
279.864
278.933
277.982
277.006
276.002
274.966
273.899
272.8
271.671
270.508
269.315
268.094
266.848
265.578
264.285
262.972
261.638
260.285
258.913
257.522
256.111
254.683
253.236
251.773
250.292
248.795
247.282
245.754
244.212
242.656
241.087
239.503
237.905
236.292
234.664
233.022
231.365
229.693
228.007
226.307
224.593
222.866
221.125
219.37
217.601
215.817
214.02
212.208
210.382
208.541
206.684
204.813
202.927
201.027
199.112
197.184
195.242
193.286
191.317
189.335
187.338
185.327
183.3
181.256
179.195
177.116
175.019
172.904
170.771
168.619
166.449
164.262
162.056
159.832
157.59
155.33
153.05
150.752
148.434
146.095
143.736
141.355
138.951
136.523
134.07
131.59
129.08
126.54
370.584
369.254
367.991
366.797
365.673
364.619
363.641
362.743
361.922
361.162
360.436
359.71
358.951
358.135
357.248
356.285
355.251
354.159
353.038
351.92
350.841
349.822
348.863
347.948
347.043
346.116
345.154
344.152
343.096
341.978
340.819
339.627
338.388
337.109
335.812
334.486
333.117
331.708
330.261
328.776
327.256
325.71
324.154
322.616
321.126
319.706
318.359
317.067
315.802
314.534
313.327
312.106
310.902
309.736
308.618
307.543
306.517
305.566
304.681
303.797
302.896
301.997
301.017
299.922
298.911
298.233
297.873
297.621
297.318
296.92
296.437
295.882
295.269
294.612
293.932
293.238
292.523
291.779
291.01
290.227
289.449
288.691
287.953
287.223
286.484
285.729
284.953
284.157
283.337
282.493
281.625
280.735
279.824
278.895
277.944
276.969
275.964
274.928
273.861
272.763
271.633
270.47
269.276
268.055
266.808
265.539
264.247
262.934
261.601
260.25
258.879
257.489
256.08
254.654
253.209
251.747
250.268
248.773
247.261
245.735
244.194
242.64
241.072
239.489
237.892
236.281
234.654
233.013
231.356
229.686
228.001
226.301
224.588
222.861
221.12
219.366
217.597
215.814
214.017
212.205
210.379
208.538
206.682
204.811
202.925
201.024
199.109
197.18
195.238
193.282
191.312
189.33
187.334
185.324
183.298
181.256
179.196
177.118
175.021
172.906
170.773
168.621
166.452
164.264
162.058
159.835
157.593
155.333
153.054
150.756
148.439
146.101
143.743
141.364
138.962
136.536
134.086
131.608
129.102
126.564
371.15
369.869
368.639
367.464
366.348
365.292
364.298
363.368
362.495
361.668
360.867
360.068
359.247
358.386
357.473
356.505
355.485
354.422
353.336
352.25
351.188
350.164
349.177
348.216
347.266
346.306
345.321
344.295
343.223
342.112
340.966
339.777
338.548
337.289
336.002
334.684
333.338
331.958
330.53
329.044
327.502
325.916
324.32
322.762
321.287
319.916
318.637
317.411
316.202
314.987
313.789
312.592
311.416
310.275
309.17
308.087
307.036
306.069
305.201
304.356
303.464
302.513
301.478
300.395
299.461
298.838
298.45
298.112
297.715
297.24
296.699
296.101
295.457
294.78
294.081
293.367
292.633
291.875
291.097
290.309
289.525
288.754
287.996
287.242
286.482
285.71
284.923
284.117
283.292
282.445
281.576
280.688
279.779
278.852
277.903
276.929
275.925
274.89
273.823
272.727
271.597
270.434
269.24
268.018
266.771
265.501
264.209
262.897
261.565
260.215
258.845
257.456
256.049
254.624
253.182
251.722
250.244
248.751
247.241
245.716
244.177
242.624
241.057
239.476
237.88
236.27
234.644
233.004
231.348
229.678
227.994
226.295
224.583
222.856
221.116
219.362
217.594
215.811
214.014
212.202
210.376
208.535
206.679
204.808
202.922
201.022
199.107
197.177
195.234
193.278
191.308
189.326
187.33
185.321
183.297
181.255
179.197
177.119
175.023
172.908
170.775
168.624
166.454
164.266
162.061
159.838
157.596
155.336
153.058
150.761
148.444
146.108
143.752
141.374
138.974
136.551
134.104
131.629
129.126
126.592
371.709
370.469
369.268
368.112
367.003
365.943
364.933
363.972
363.054
362.172
361.31
360.451
359.578
358.678
357.742
356.765
355.75
354.704
353.641
352.576
351.523
350.491
349.483
348.492
347.509
346.517
345.502
344.454
343.375
342.266
341.12
339.936
338.721
337.475
336.198
334.891
333.555
332.185
330.77
329.298
327.762
326.178
324.592
323.066
321.642
320.326
319.084
317.887
316.698
315.512
314.334
313.162
312.002
310.863
309.753
308.671
307.628
306.659
305.791
304.965
304.081
303.088
302.012
300.97
300.124
299.524
299.065
298.617
298.12
297.568
296.97
296.332
295.659
294.958
294.236
293.499
292.744
291.971
291.182
290.386
289.592
288.806
288.028
287.253
286.474
285.685
284.884
284.068
283.236
282.386
281.518
280.631
279.727
278.803
277.858
276.886
275.885
274.852
273.788
272.692
271.564
270.401
269.206
267.982
266.735
265.465
264.174
262.862
261.53
260.18
258.811
257.424
256.019
254.595
253.154
251.696
250.221
248.729
247.221
245.697
244.159
242.608
241.042
239.463
237.868
236.259
234.634
232.995
231.34
229.671
227.988
226.29
224.578
222.852
221.112
219.359
217.591
215.808
214.011
212.199
210.373
208.532
206.676
204.805
202.92
201.02
199.104
197.175
195.231
193.274
191.304
189.322
187.327
185.318
183.295
181.255
179.197
177.121
175.025
172.911
170.778
168.626
166.457
164.269
162.064
159.841
157.599
155.34
153.062
150.766
148.45
146.116
143.761
141.385
138.988
136.568
134.124
131.653
129.154
126.624
372.264
371.059
369.882
368.741
367.636
366.571
365.546
364.558
363.604
362.676
361.765
360.859
359.943
359.009
358.049
357.06
356.044
355.006
353.954
352.899
351.85
350.812
349.788
348.775
347.763
346.742
345.703
344.642
343.557
342.443
341.297
340.121
338.915
337.679
336.414
335.119
333.794
332.436
331.038
329.593
328.098
326.572
325.056
323.595
322.215
320.914
319.674
318.463
317.269
316.081
314.899
313.73
312.582
311.462
310.37
309.306
308.275
307.297
306.386
305.515
304.609
303.625
302.608
301.661
300.873
300.236
299.671
299.109
298.52
297.898
297.247
296.569
295.866
295.141
294.397
293.636
292.86
292.069
291.266
290.459
289.652
288.85
288.053
287.257
286.457
285.651
284.835
284.008
283.168
282.315
281.447
280.564
279.664
278.746
277.806
276.84
275.843
274.814
273.753
272.66
271.532
270.37
269.174
267.95
266.702
265.432
264.14
262.827
261.496
260.146
258.778
257.392
255.988
254.566
253.127
251.671
250.198
248.708
247.201
245.679
244.143
242.592
241.028
239.45
237.857
236.249
234.625
232.986
231.333
229.664
227.982
226.285
224.573
222.848
221.109
219.355
217.588
215.806
214.009
212.197
210.37
208.529
206.674
204.803
202.918
201.018
199.103
197.173
195.23
193.272
191.301
189.319
187.323
185.316
183.294
181.255
179.199
177.123
175.028
172.914
170.781
168.629
166.46
164.272
162.067
159.844
157.603
155.344
153.067
150.771
148.457
146.124
143.771
141.397
139.003
136.586
134.146
131.68
129.186
126.661
372.819
371.641
370.485
369.356
368.256
367.186
366.146
365.135
364.149
363.184
362.231
361.283
360.329
359.364
358.382
357.381
356.36
355.324
354.278
353.227
352.178
351.135
350.097
349.064
348.028
346.986
345.931
344.857
343.762
342.642
341.496
340.324
339.125
337.899
336.646
335.366
334.058
332.721
331.352
329.947
328.51
327.056
325.609
324.199
322.843
321.542
320.284
319.056
317.849
316.658
315.483
314.325
313.187
312.07
310.981
309.923
308.899
307.915
306.972
306.057
305.139
304.204
303.271
302.388
301.595
300.885
300.22
299.568
298.906
298.228
297.53
296.814
296.08
295.328
294.559
293.776
292.979
292.169
291.35
290.527
289.705
288.885
288.067
287.25
286.43
285.605
284.774
283.934
283.085
282.228
281.362
280.484
279.591
278.681
277.749
276.79
275.8
274.777
273.721
272.63
271.504
270.341
269.145
267.92
266.671
265.4
264.108
262.794
261.462
260.113
258.745
257.36
255.958
254.538
253.101
251.647
250.175
248.687
247.182
245.662
244.126
242.577
241.015
239.438
237.846
236.239
234.616
232.978
231.325
229.658
227.976
226.28
224.569
222.844
221.105
219.352
217.585
215.803
214.006
212.194
210.368
208.527
206.671
204.801
202.916
201.016
199.101
197.172
195.229
193.271
191.3
189.316
187.321
185.314
183.293
181.256
179.2
177.126
175.031
172.917
170.784
168.632
166.463
164.275
162.07
159.847
157.606
155.348
153.072
150.777
148.464
146.132
143.781
141.41
139.019
136.606
134.169
131.708
129.22
126.701
373.328
372.169
371.028
369.907
368.809
367.734
366.684
365.655
364.646
363.652
362.669
361.689
360.707
359.718
358.717
357.704
356.677
355.638
354.592
353.54
352.488
351.437
350.388
349.338
348.286
347.228
346.158
345.072
343.967
342.842
341.695
340.525
339.332
338.115
336.873
335.608
334.318
333.003
331.662
330.295
328.907
327.507
326.11
324.738
323.403
322.106
320.843
319.609
318.4
317.21
316.036
314.881
313.747
312.639
311.557
310.503
309.476
308.48
307.52
306.59
305.676
304.765
303.863
302.991
302.174
301.413
300.688
299.976
299.262
298.538
297.803
297.054
296.29
295.511
294.717
293.911
293.092
292.263
291.427
290.588
289.748
288.909
288.072
287.234
286.393
285.549
284.7
283.846
282.989
282.129
281.264
280.392
279.509
278.61
277.688
276.74
275.758
274.743
273.692
272.604
271.48
270.317
269.121
267.895
266.645
265.372
264.078
262.764
261.43
260.08
258.713
257.329
255.928
254.51
253.075
251.623
250.154
248.668
247.164
245.645
244.111
242.563
241.002
239.426
237.836
236.23
234.608
232.971
231.318
229.652
227.971
226.275
224.565
222.841
221.102
219.35
217.583
215.801
214.004
212.192
210.365
208.524
206.669
204.799
202.914
201.014
199.1
197.172
195.229
193.271
191.3
189.316
187.32
185.312
183.292
181.256
179.202
177.129
175.034
172.92
170.787
168.635
166.465
164.278
162.073
159.85
157.61
155.352
153.076
150.783
148.471
146.141
143.792
141.423
139.035
136.626
134.195
131.739
129.257
126.745
373.838
372.695
371.565
370.451
369.354
368.275
367.214
366.17
365.14
364.123
363.113
362.107
361.101
360.089
359.071
358.045
357.009
355.965
354.914
353.859
352.801
351.741
350.681
349.618
348.552
347.479
346.395
345.298
344.185
343.055
341.907
340.74
339.551
338.342
337.112
335.86
334.586
333.291
331.975
330.641
329.29
327.932
326.579
325.241
323.927
322.641
321.383
320.152
318.942
317.752
316.582
315.434
314.307
313.202
312.121
311.066
310.038
309.04
308.071
307.128
306.202
305.288
304.39
303.521
302.691
301.899
301.129
300.369
299.609
298.845
298.074
297.294
296.501
295.696
294.877
294.046
293.205
292.355
291.5
290.642
289.784
288.926
288.067
287.207
286.345
285.479
284.611
283.742
282.874
282.01
281.148
280.284
279.414
278.529
277.623
276.688
275.718
274.711
273.666
272.583
271.46
270.298
269.101
267.874
266.622
265.348
264.051
262.734
261.399
260.048
258.681
257.298
255.899
254.483
253.051
251.601
250.134
248.65
247.148
245.63
244.097
242.55
240.99
239.416
237.826
236.222
234.601
232.964
231.312
229.646
227.966
226.271
224.562
222.838
221.1
219.347
217.58
215.799
214.002
212.19
210.364
208.523
206.667
204.797
202.913
201.013
199.1
197.172
195.229
193.272
191.301
189.316
187.32
185.312
183.293
181.258
179.205
177.132
175.038
172.924
170.791
168.639
166.469
164.281
162.076
159.854
157.614
155.357
153.082
150.789
148.479
146.15
143.803
141.437
139.053
136.648
134.222
131.773
129.298
126.793
374.419
373.288
372.167
371.057
369.961
368.876
367.805
366.745
365.697
364.657
363.623
362.592
361.562
360.53
359.493
358.452
357.404
356.35
355.291
354.227
353.16
352.09
351.018
349.942
348.862
347.774
346.678
345.571
344.451
343.317
342.167
341
339.816
338.614
337.394
336.155
334.898
333.623
332.333
331.029
329.714
328.395
327.078
325.77
324.48
323.21
321.963
320.738
319.533
318.348
317.185
316.041
314.917
313.815
312.737
311.684
310.655
309.65
308.669
307.71
306.773
305.856
304.959
304.083
303.231
302.401
301.587
300.782
299.981
299.179
298.372
297.558
296.734
295.898
295.051
294.193
293.325
292.452
291.574
290.695
289.814
288.934
288.051
287.166
286.276
285.384
284.491
283.602
282.721
281.853
280.995
280.144
279.292
278.43
277.546
276.63
275.676
274.682
273.646
272.567
271.447
270.285
269.087
267.858
266.603
265.325
264.025
262.704
261.366
260.013
258.646
257.264
255.868
254.455
253.026
251.579
250.115
248.632
247.132
245.615
244.083
242.538
240.978
239.405
237.817
236.213
234.594
232.958
231.307
229.641
227.961
226.267
224.558
222.835
221.097
219.345
217.579
215.797
214
212.188
210.362
208.521
206.666
204.796
202.912
201.013
199.1
197.172
195.231
193.275
191.304
189.319
187.322
185.314
183.294
181.261
179.209
177.136
175.043
172.928
170.795
168.642
166.472
164.285
162.08
159.857
157.618
155.361
153.087
150.795
148.486
146.159
143.815
141.452
139.071
136.671
134.25
131.808
129.342
126.846
375.085
373.965
372.851
371.743
370.642
369.551
368.468
367.394
366.327
365.266
364.209
363.155
362.101
361.046
359.99
358.93
357.867
356.8
355.729
354.654
353.576
352.495
351.41
350.321
349.227
348.125
347.016
345.898
344.769
343.627
342.474
341.306
340.125
338.93
337.72
336.495
335.257
334.005
332.74
331.466
330.183
328.897
327.613
326.335
325.07
323.82
322.588
321.373
320.177
318.999
317.84
316.701
315.581
314.483
313.406
312.351
311.317
310.305
309.316
308.348
307.401
306.471
305.557
304.66
303.781
302.918
302.067
301.223
300.382
299.542
298.698
297.847
296.988
296.119
295.239
294.351
293.455
292.554
291.649
290.743
289.837
288.929
288.019
287.102
286.178
285.251
284.325
283.408
282.51
281.636
280.786
279.955
279.131
278.302
277.452
276.566
275.636
274.659
273.634
272.562
271.444
270.282
269.082
267.85
266.59
265.306
263.999
262.672
261.329
259.973
258.606
257.227
255.834
254.425
253.001
251.558
250.096
248.616
247.117
245.601
244.07
242.525
240.967
239.395
237.808
236.206
234.587
232.952
231.301
229.636
227.957
226.263
224.556
222.833
221.095
219.343
217.577
215.795
213.999
212.187
210.36
208.519
206.665
204.795
202.912
201.013
199.1
197.173
195.233
193.278
191.307
189.322
187.325
185.317
183.297
181.264
179.213
177.141
175.047
172.933
170.799
168.646
166.476
164.288
162.083
159.861
157.622
155.366
153.092
150.802
148.494
146.169
143.826
141.466
139.089
136.694
134.28
131.845
129.388
126.903
375.843
374.726
373.611
372.501
371.397
370.297
369.203
368.112
367.027
365.945
364.867
363.79
362.715
361.639
360.562
359.484
358.403
357.32
356.234
355.145
354.053
352.957
351.858
350.754
349.646
348.531
347.41
346.281
345.143
343.997
342.84
341.674
340.496
339.308
338.108
336.897
335.676
334.444
333.204
331.957
330.704
329.449
328.195
326.946
325.705
324.475
323.258
322.056
320.87
319.701
318.549
317.416
316.301
315.205
314.128
313.071
312.033
311.014
310.015
309.033
308.068
307.119
306.185
305.265
304.358
303.462
302.573
301.691
300.812
299.933
299.05
298.162
297.265
296.359
295.443
294.52
293.59
292.655
291.719
290.783
289.848
288.91
287.966
287.01
286.042
285.065
284.091
283.133
282.208
281.326
280.49
279.691
278.913
278.136
277.337
276.496
275.601
274.649
273.639
272.575
271.459
270.296
269.093
267.854
266.585
265.291
263.974
262.638
261.287
259.927
258.56
257.184
255.797
254.395
252.976
251.538
250.08
248.602
247.104
245.589
244.059
242.514
240.957
239.386
237.8
236.199
234.581
232.946
231.296
229.632
227.953
226.26
224.553
222.831
221.094
219.342
217.576
215.794
213.998
212.186
210.359
208.518
206.664
204.795
202.912
201.014
199.101
197.175
195.236
193.282
191.312
189.327
187.329
185.32
183.301
181.269
179.219
177.147
175.053
172.937
170.803
168.65
166.479
164.291
162.086
159.865
157.626
155.37
153.098
150.808
148.501
146.178
143.838
141.481
139.107
136.716
134.309
131.882
129.435
126.961
376.697
375.581
374.465
373.35
372.237
371.126
370.017
368.911
367.808
366.707
365.607
364.508
363.41
362.312
361.213
360.114
359.013
357.911
356.807
355.701
354.592
353.481
352.366
351.248
350.126
348.998
347.866
346.727
345.581
344.428
343.268
342.1
340.924
339.741
338.55
337.351
336.146
334.934
333.716
332.494
331.267
330.04
328.813
327.589
326.373
325.164
323.965
322.778
321.605
320.447
319.304
318.177
317.066
315.971
314.893
313.832
312.787
311.758
310.745
309.748
308.765
307.797
306.84
305.894
304.957
304.03
303.108
302.19
301.273
300.355
299.433
298.505
297.569
296.624
295.668
294.703
293.729
292.752
291.776
290.806
289.841
288.875
287.894
286.89
285.861
284.812
283.759
282.732
281.759
280.86
280.042
279.299
278.603
277.915
277.197
276.425
275.583
274.665
273.674
272.619
271.505
270.338
269.127
267.878
266.595
265.285
263.95
262.598
261.235
259.87
258.504
257.134
255.756
254.364
252.953
251.522
250.068
248.592
247.095
245.58
244.05
242.505
240.948
239.378
237.793
236.193
234.576
232.942
231.293
229.628
227.95
226.258
224.552
222.83
221.093
219.341
217.575
215.794
213.997
212.186
210.359
208.518
206.664
204.796
202.913
201.015
199.103
197.178
195.239
193.286
191.316
189.331
187.333
185.325
183.306
181.274
179.224
177.152
175.057
172.941
170.806
168.653
166.482
164.294
162.09
159.868
157.63
155.374
153.102
150.814
148.508
146.186
143.848
141.494
139.123
136.737
134.335
131.917
129.48
127.018
377.674
376.546
375.417
374.288
373.159
372.032
370.906
369.781
368.658
367.536
366.415
365.294
364.174
363.054
361.934
360.813
359.692
358.57
357.447
356.323
355.197
354.069
352.939
351.806
350.671
349.531
348.388
347.24
346.088
344.93
343.768
342.6
341.427
340.249
339.065
337.876
336.683
335.486
334.284
333.081
331.876
330.671
329.468
328.269
327.074
325.887
324.707
323.538
322.379
321.232
320.097
318.975
317.867
316.773
315.693
314.628
313.576
312.539
311.515
310.504
309.504
308.515
307.535
306.564
305.599
304.639
303.683
302.73
301.775
300.818
299.856
298.887
297.907
296.917
295.914
294.899
293.874
292.843
291.815
290.802
289.81
288.825
287.814
286.75
285.632
284.465
283.276
282.118
281.048
280.106
279.31
278.651
278.094
277.569
276.999
276.344
275.586
274.721
273.76
272.715
271.599
270.425
269.2
267.932
266.627
265.29
263.927
262.547
261.164
259.789
258.427
257.071
255.709
254.333
252.935
251.512
250.062
248.588
247.091
245.575
244.043
242.498
240.941
239.371
237.787
236.187
234.571
232.938
231.289
229.626
227.948
226.256
224.55
222.829
221.092
219.34
217.574
215.793
213.997
212.186
210.359
208.518
206.664
204.797
202.914
201.017
199.105
197.181
195.243
193.29
191.321
189.335
187.338
185.33
183.312
181.28
179.23
177.157
175.062
172.945
170.809
168.656
166.485
164.297
162.093
159.871
157.633
155.378
153.107
150.819
148.515
146.194
143.858
141.505
139.138
136.756
134.36
131.949
129.522
127.072
378.707
377.562
376.417
375.272
374.127
372.983
371.84
370.698
369.556
368.414
367.272
366.131
364.99
363.849
362.707
361.566
360.424
359.281
358.138
356.995
355.851
354.706
353.559
352.412
351.263
350.112
348.959
347.803
346.645
345.485
344.321
343.153
341.983
340.808
339.631
338.451
337.267
336.082
334.895
333.707
332.52
331.333
330.148
328.966
327.789
326.618
325.454
324.299
323.153
322.017
320.892
319.779
318.678
317.589
316.513
315.448
314.395
313.354
312.323
311.301
310.287
309.28
308.278
307.282
306.288
305.297
304.308
303.32
302.33
301.335
300.334
299.323
298.298
297.257
296.193
295.107
294.005
292.897
291.807
290.761
289.764
288.793
287.773
286.64
285.37
283.979
282.523
281.101
279.821
278.778
278.036
277.57
277.275
277.02
276.711
276.268
275.649
274.863
273.939
272.904
271.779
270.584
269.335
268.034
266.691
265.31
263.9
262.473
261.054
259.666
258.314
256.985
255.655
254.306
252.928
251.515
250.07
248.595
247.095
245.575
244.04
242.493
240.935
239.365
237.781
236.183
234.568
232.935
231.287
229.623
227.946
226.255
224.55
222.829
221.092
219.34
217.574
215.793
213.998
212.186
210.359
208.519
206.665
204.798
202.916
201.019
199.108
197.184
195.247
193.295
191.325
189.34
187.342
185.335
183.318
181.287
179.235
177.161
175.065
172.948
170.812
168.658
166.487
164.3
162.095
159.874
157.636
155.382
153.111
150.824
148.521
146.201
143.866
141.516
139.152
136.773
134.382
131.978
129.561
127.124
379.625
378.455
377.284
376.115
374.948
373.78
372.614
371.449
370.286
369.123
367.962
366.801
365.641
364.482
363.323
362.165
361.007
359.85
358.693
357.536
356.38
355.223
354.067
352.91
351.752
350.594
349.435
348.275
347.113
345.95
344.785
343.618
342.449
341.278
340.105
338.93
337.755
336.578
335.402
334.226
333.05
331.876
330.704
329.534
328.369
327.209
326.056
324.91
323.773
322.645
321.528
320.422
319.329
318.246
317.176
316.116
315.067
314.026
312.992
311.964
310.94
309.918
308.898
307.881
306.865
305.853
304.841
303.831
302.819
301.804
300.782
299.749
298.696
297.613
296.483
295.298
294.061
292.807
291.633
290.617
289.757
288.923
287.964
286.764
285.244
283.417
281.449
279.512
277.781
276.461
275.709
275.576
275.852
276.195
276.355
276.223
275.793
275.108
274.223
273.186
272.04
270.806
269.529
268.187
266.793
265.351
263.862
262.353
260.875
259.471
258.146
256.872
255.598
254.294
252.941
251.541
250.097
248.617
247.108
245.58
244.04
242.49
240.93
239.36
237.777
236.179
234.565
232.934
231.286
229.622
227.945
226.255
224.55
222.829
221.092
219.34
217.574
215.793
213.998
212.187
210.36
208.52
206.667
204.8
202.918
201.021
199.111
197.187
195.25
193.298
191.328
189.343
187.347
185.34
183.323
181.29
179.237
177.163
175.066
172.948
170.812
168.659
166.488
164.3
162.096
159.875
157.638
155.384
153.113
150.827
148.524
146.205
143.872
141.523
139.161
136.786
134.4
132.001
129.595
127.17
380.194
379.01
377.828
376.647
375.466
374.286
373.108
371.931
370.755
369.581
368.408
367.237
366.067
364.898
363.73
362.563
361.397
360.231
359.066
357.902
356.738
355.574
354.41
353.246
352.083
350.92
349.756
348.593
347.429
346.265
345.101
343.935
342.769
341.601
340.433
339.264
338.094
336.924
335.755
334.586
333.417
332.25
331.085
329.923
328.765
327.611
326.464
325.324
324.192
323.07
321.959
320.86
319.773
318.7
317.638
316.587
315.546
314.511
313.48
312.451
311.421
310.389
309.356
308.322
307.292
306.266
305.245
304.226
303.205
302.182
301.156
300.124
299.069
297.962
296.77
295.474
294.052
292.538
291.177
290.218
289.699
289.283
288.585
287.374
285.493
282.984
280.169
277.36
274.923
273.237
272.588
273.015
274.126
275.254
276.002
276.243
276.016
275.418
274.549
273.494
272.318
271.068
269.733
268.348
266.908
265.402
263.817
262.194
260.63
259.206
257.935
256.744
255.551
254.303
252.98
251.589
250.141
248.65
247.128
245.589
244.04
242.486
240.925
239.356
237.774
236.177
234.564
232.934
231.286
229.623
227.946
226.256
224.551
222.83
221.093
219.341
217.575
215.794
213.999
212.188
210.362
208.521
206.668
204.802
202.92
201.024
199.114
197.191
195.253
193.3
191.331
189.347
187.35
185.343
183.325
181.291
179.238
177.162
175.066
172.948
170.813
168.659
166.489
164.301
162.097
159.876
157.639
155.385
153.115
150.829
148.527
146.209
143.877
141.53
139.17
136.797
134.415
132.022
129.626
127.213
380.685
379.481
378.278
377.079
375.883
374.69
373.498
372.309
371.122
369.937
368.754
367.572
366.392
365.213
364.037
362.862
361.688
360.515
359.344
358.173
357.003
355.833
354.665
353.497
352.33
351.163
349.997
348.833
347.668
346.504
345.34
344.176
343.013
341.849
340.685
339.522
338.358
337.194
336.03
334.867
333.704
332.542
331.382
330.223
329.068
327.916
326.771
325.632
324.503
323.384
322.278
321.186
320.108
319.045
317.996
316.958
315.929
314.905
313.883
312.857
311.826
310.786
309.74
308.69
307.645
306.607
305.58
304.56
303.538
302.515
301.503
300.508
299.506
298.414
297.15
295.653
293.844
291.87
290.232
289.38
289.43
289.76
289.651
288.563
286.209
282.774
278.782
274.714
271.212
269.012
268.633
270.015
272.209
274.278
275.717
276.368
276.333
275.793
274.909
273.811
272.589
271.292
269.932
268.518
267.039
265.456
263.729
261.938
260.256
258.819
257.641
256.593
255.517
254.338
253.044
251.657
250.2
248.692
247.152
245.598
244.039
242.48
240.919
239.351
237.771
236.177
234.565
232.935
231.288
229.625
227.948
226.257
224.552
222.831
221.094
219.342
217.576
215.795
214
212.189
210.363
208.523
206.67
204.804
202.923
201.027
199.117
197.193
195.255
193.302
191.334
189.35
187.353
185.345
183.325
181.29
179.236
177.161
175.065
172.948
170.813
168.66
166.489
164.302
162.098
159.877
157.64
155.387
153.117
150.831
148.53
146.213
143.881
141.535
139.177
136.806
134.428
132.04
129.653
127.251
380.991
379.779
378.57
377.362
376.158
374.956
373.757
372.56
371.366
370.175
368.985
367.798
366.613
365.43
364.249
363.07
361.892
360.715
359.539
358.365
357.192
356.019
354.848
353.678
352.509
351.341
350.175
349.009
347.844
346.681
345.518
344.357
343.196
342.036
340.877
339.718
338.56
337.401
336.243
335.085
333.927
332.769
331.611
330.454
329.299
328.147
327
325.86
324.729
323.611
322.509
321.423
320.355
319.305
318.272
317.251
316.24
315.233
314.224
313.206
312.173
311.123
310.06
308.993
307.929
306.877
305.843
304.815
303.79
302.774
301.797
300.886
300.006
299.078
297.874
296.065
293.426
290.441
288.374
287.947
288.959
290.35
291.007
290.161
287.163
282.844
277.919
272.949
268.779
266.334
266.115
268.034
270.96
273.714
275.666
276.619
276.713
276.191
275.27
274.118
272.846
271.509
270.132
268.708
267.206
265.531
263.603
261.569
259.729
258.296
257.276
256.424
255.498
254.401
253.136
251.747
250.272
248.74
247.177
245.604
244.033
242.47
240.91
239.345
237.769
236.177
234.567
232.938
231.291
229.628
227.95
226.259
224.553
222.832
221.096
219.344
217.577
215.796
214.001
212.19
210.364
208.524
206.671
204.805
202.925
201.029
199.119
197.195
195.257
193.304
191.336
189.351
187.354
185.344
183.324
181.289
179.235
177.16
175.064
172.948
170.813
168.66
166.489
164.302
162.098
159.878
157.641
155.388
153.118
150.833
148.532
146.215
143.884
141.54
139.183
136.814
134.439
132.055
129.676
127.285
381.242
380.019
378.799
377.583
376.37
375.161
373.954
372.751
371.551
370.353
369.159
367.966
366.777
365.589
364.403
363.22
362.038
360.858
359.679
358.502
357.327
356.152
354.979
353.808
352.638
351.469
350.303
349.137
347.974
346.812
345.652
344.493
343.336
342.18
341.026
339.872
338.719
337.566
336.413
335.26
334.106
332.95
331.794
330.637
329.481
328.326
327.174
326.029
324.894
323.774
322.672
321.592
320.534
319.499
318.484
317.486
316.499
315.515
314.525
313.517
312.48
311.412
310.326
309.246
308.17
307.115
306.076
305.018
303.949
302.911
302.007
301.24
300.493
299.846
299.048
297.085
293.306
288.707
285.846
285.713
287.921
290.575
292.24
291.231
287.602
282.924
277.746
272.556
268.243
265.804
265.733
267.795
270.925
273.866
275.965
277.009
277.122
276.568
275.593
274.386
273.072
271.715
270.319
268.909
267.415
265.644
263.47
261.148
259.138
257.723
256.904
256.267
255.503
254.491
253.253
251.855
250.356
248.793
247.201
245.605
244.023
242.456
240.898
239.339
237.767
236.178
234.57
232.942
231.295
229.631
227.953
226.261
224.555
222.834
221.098
219.346
217.579
215.798
214.002
212.191
210.365
208.524
206.671
204.806
202.926
201.031
199.121
197.196
195.258
193.305
191.336
189.352
187.353
185.344
183.323
181.288
179.234
177.16
175.064
172.948
170.813
168.66
166.49
164.302
162.099
159.878
157.642
155.388
153.119
150.834
148.533
146.217
143.887
141.543
139.187
136.82
134.447
132.068
129.696
127.315
381.404
380.175
378.949
377.727
376.508
375.293
374.082
372.874
371.67
370.469
369.271
368.075
366.883
365.692
364.505
363.319
362.135
360.953
359.773
358.595
357.418
356.243
355.07
353.898
352.728
351.56
350.393
349.229
348.066
346.906
345.748
344.592
343.438
342.286
341.137
339.988
338.841
337.695
336.548
335.4
334.25
333.099
331.944
330.786
329.627
328.466
327.307
326.153
325.011
323.885
322.782
321.706
320.657
319.636
318.642
317.67
316.715
315.764
314.804
313.812
312.768
311.663
310.542
309.443
308.356
307.335
306.319
305.218
304.017
302.868
302.015
301.486
301.047
300.568
300.155
298.312
293.598
287.974
284.784
284.834
287.203
290.244
292.243
291.041
287.439
282.948
278.016
273.073
268.919
266.527
266.587
268.568
271.618
274.449
276.458
277.438
277.49
276.874
275.842
274.589
273.243
271.865
270.469
269.096
267.633
265.79
263.411
260.865
258.746
257.355
256.671
256.187
255.54
254.596
253.373
251.961
250.431
248.837
247.216
245.601
244.009
242.441
240.887
239.333
237.766
236.18
234.573
232.945
231.298
229.634
227.955
226.262
224.556
222.836
221.099
219.347
217.58
215.798
214.003
212.192
210.365
208.524
206.672
204.807
202.928
201.032
199.121
197.196
195.258
193.306
191.336
189.351
187.353
185.344
183.323
181.288
179.234
177.16
175.064
172.948
170.813
168.66
166.49
164.303
162.099
159.879
157.642
155.389
153.12
150.835
148.534
146.219
143.889
141.546
139.191
136.825
134.454
132.078
129.711
127.339
381.52
380.284
379.054
377.827
376.604
375.386
374.171
372.96
371.753
370.55
369.349
368.151
366.957
365.764
364.574
363.387
362.201
361.018
359.837
358.658
357.48
356.305
355.132
353.96
352.791
351.623
350.457
349.294
348.133
346.975
345.819
344.666
343.515
342.367
341.222
340.079
338.938
337.798
336.657
335.516
334.371
333.223
332.07
330.912
329.747
328.578
327.408
326.242
325.088
323.954
322.847
321.773
320.733
319.728
318.757
317.814
316.897
315.991
315.074
314.11
313.055
311.896
310.727
309.564
308.453
307.523
306.559
305.443
304.055
302.707
301.839
300.898
300.739
301.281
300.748
298.266
293.766
288.215
285.074
285
287.26
289.905
291.332
290.1
287.075
283.088
278.525
273.857
270.034
267.932
267.913
269.718
272.48
275.103
276.945
277.799
277.763
277.085
276.008
274.72
273.347
271.954
270.57
269.236
267.806
265.928
263.456
260.806
258.642
257.254
256.617
256.194
255.599
254.683
253.462
252.035
250.483
248.864
247.223
245.593
243.994
242.427
240.878
239.329
237.767
236.183
234.577
232.949
231.301
229.636
227.957
226.264
224.557
222.837
221.1
219.348
217.581
215.799
214.004
212.192
210.365
208.524
206.672
204.807
202.928
201.033
199.122
197.197
195.258
193.305
191.336
189.351
187.354
185.344
183.323
181.288
179.234
177.159
175.064
172.948
170.813
168.66
166.49
164.303
162.099
159.879
157.642
155.389
153.12
150.836
148.535
146.22
143.89
141.548
139.193
136.829
134.459
132.085
129.723
127.359
381.59
380.351
379.117
377.887
376.662
375.44
374.224
373.011
371.802
370.597
369.395
368.196
367
365.807
364.616
363.427
362.241
361.057
359.875
358.696
357.518
356.343
355.17
354
352.831
351.665
350.501
349.339
348.18
347.023
345.869
344.719
343.572
342.428
341.287
340.15
339.014
337.881
336.747
335.612
334.473
333.33
332.179
331.019
329.85
328.671
327.486
326.303
325.134
323.989
322.877
321.803
320.769
319.776
318.825
317.914
317.042
316.193
315.34
314.408
313.311
312.106
310.918
309.592
308.446
307.668
306.667
305.567
304.102
302.639
302.077
301.402
300.341
300.128
299.702
298
294.169
289.076
286.136
285.923
287.798
289.592
290.064
289.106
286.809
283.344
279.113
274.731
271.167
269.252
269.147
270.773
273.272
275.656
277.322
278.051
277.933
277.204
276.096
274.792
273.408
271.995
270.615
269.306
267.892
266.025
263.56
260.896
258.731
257.336
256.683
256.252
255.649
254.73
253.504
252.067
250.504
248.875
247.226
245.591
243.99
242.423
240.875
239.328
237.767
236.184
234.578
232.95
231.302
229.638
227.958
226.265
224.558
222.837
221.1
219.348
217.581
215.8
214.004
212.192
210.365
208.525
206.672
204.807
202.928
201.032
199.121
197.196
195.258
193.305
191.336
189.352
187.354
185.344
183.323
181.288
179.234
177.159
175.063
172.947
170.813
168.66
166.49
164.303
162.099
159.879
157.642
155.39
153.121
150.836
148.536
146.221
143.891
141.549
139.195
136.831
134.462
132.09
129.73
127.373
381.636
380.394
379.156
377.924
376.696
375.473
374.254
373.041
371.831
370.626
369.423
368.224
367.028
365.834
364.642
363.453
362.266
361.081
359.899
358.719
357.542
356.367
355.194
354.024
352.856
351.691
350.528
349.368
348.211
347.056
345.904
344.756
343.611
342.471
341.335
340.203
339.074
337.947
336.821
335.692
334.56
333.421
332.273
331.114
329.94
328.75
327.547
326.342
325.152
323.996
322.88
321.808
320.779
319.793
318.851
317.958
317.121
316.328
315.577
314.673
313.436
312.242
311.14
309.616
308.438
307.89
306.837
305.5
303.94
302.625
301.905
301.301
300.706
300.192
299.211
297.739
294.725
290.334
287.588
287.298
288.645
289.587
289.306
288.534
286.756
283.711
279.664
275.431
272.017
270.182
270.038
271.53
273.835
276.033
277.553
278.197
278.016
277.255
276.131
274.814
273.413
272.008
270.632
269.319
267.908
266.08
263.685
261.035
258.87
257.458
256.775
256.304
255.674
254.742
253.512
252.075
250.511
248.879
247.228
245.592
243.99
242.423
240.875
239.328
237.767
236.184
234.579
232.951
231.303
229.638
227.958
226.265
224.558
222.837
221.1
219.348
217.581
215.8
214.004
212.192
210.365
208.525
206.672
204.807
202.928
201.033
199.122
197.197
195.258
193.305
191.336
189.352
187.354
185.345
183.323
181.287
179.233
177.159
175.063
172.947
170.813
168.66
166.49
164.303
162.099
159.879
157.642
155.39
153.121
150.836
148.536
146.221
143.892
141.55
139.195
136.833
134.463
132.093
129.735
127.382
381.658
380.414
379.173
377.938
376.709
375.485
374.266
373.052
371.843
370.637
369.435
368.236
367.04
365.846
364.654
363.464
362.277
361.092
359.909
358.729
357.551
356.377
355.205
354.036
352.87
351.706
350.544
349.386
348.23
347.077
345.927
344.78
343.637
342.5
341.368
340.241
339.118
337.997
336.877
335.754
334.627
333.493
332.347
331.188
330.01
328.811
327.592
326.365
325.151
323.974
322.851
321.782
320.763
319.788
318.853
317.964
317.126
316.34
315.665
314.806
313.476
312.127
311.025
309.528
308.388
307.704
306.651
305.48
304.109
302.944
302.182
301.373
300.629
300.047
299.012
297.588
295.101
291.282
288.772
288.473
289.438
289.793
289.167
288.365
286.805
284.083
280.159
275.946
272.568
270.714
270.57
271.972
274.157
276.24
277.668
278.254
278.039
277.26
276.131
274.817
273.419
272.007
270.631
269.316
267.896
266.096
263.781
261.156
259.002
257.572
256.84
256.333
255.68
254.736
253.502
252.066
250.505
248.879
247.231
245.596
243.994
242.426
240.876
239.328
237.766
236.184
234.578
232.95
231.303
229.638
227.959
226.265
224.558
222.837
221.1
219.348
217.581
215.8
214.004
212.192
210.365
208.525
206.672
204.807
202.928
201.032
199.122
197.197
195.258
193.305
191.336
189.352
187.354
185.345
183.323
181.287
179.233
177.159
175.063
172.947
170.812
168.66
166.49
164.303
162.099
159.879
157.642
155.39
153.121
150.836
148.536
146.221
143.892
141.55
139.196
136.833
134.464
132.094
129.737
127.387
381.671
380.424
379.182
377.945
376.714
375.489
374.27
373.056
371.846
370.641
369.439
368.24
367.044
365.85
364.659
363.469
362.282
361.097
359.914
358.734
357.556
356.382
355.21
354.041
352.875
351.711
350.55
349.392
348.237
347.084
345.935
344.789
343.647
342.511
341.38
340.254
339.133
338.014
336.895
335.775
334.649
333.516
332.37
331.211
330.032
328.831
327.61
326.382
325.167
323.986
322.855
321.78
320.756
319.78
318.845
317.958
317.114
316.305
315.624
314.709
313.462
312.188
311.069
309.651
308.527
307.816
306.71
305.51
304.165
302.959
302.236
301.411
300.683
300.038
298.959
297.507
295.204
291.615
289.188
288.803
289.726
289.922
289.217
288.272
286.739
284.206
280.409
276.227
272.853
270.962
270.793
272.154
274.284
276.313
277.697
278.255
278.034
277.251
276.125
274.81
273.414
272.01
270.636
269.313
267.874
266.08
263.812
261.214
259.074
257.635
256.875
256.345
255.677
254.727
253.493
252.061
250.502
248.878
247.232
245.598
243.996
242.428
240.877
239.328
237.766
236.184
234.578
232.95
231.303
229.638
227.959
226.265
224.558
222.837
221.1
219.348
217.581
215.8
214.004
212.192
210.365
208.525
206.672
204.807
202.928
201.032
199.122
197.197
195.258
193.305
191.336
189.352
187.354
185.345
183.323
181.287
179.233
177.158
175.063
172.947
170.812
168.66
166.49
164.303
162.099
159.879
157.642
155.39
153.121
150.836
148.536
146.221
143.892
141.55
139.196
136.833
134.464
132.094
129.737
127.389
125.227
122.761
120.164
117.415
114.509
111.447
108.224
104.834
101.267
97.5123
93.5562
89.3851
84.984
80.3288
75.4318
70.2336
64.7276
58.8871
52.6851
46.0875
39.064
31.5585
23.5261
14.8319
5.3673
125.116
122.648
120.04
117.292
114.39
111.329
108.106
104.717
101.151
97.3961
93.4405
89.2705
84.8709
80.2301
75.3189
70.1194
64.6132
58.7724
52.571
45.9733
38.9502
31.4436
23.4129
14.7213
5.2703
124.983
122.529
119.92
117.171
114.272
111.215
107.995
104.607
101.042
97.2883
93.3337
89.1648
84.767
80.1258
75.2155
70.0149
64.5089
58.6682
52.4676
45.8703
38.848
31.3413
23.3136
14.6258
5.19749
124.873
122.422
119.811
117.059
114.16
111.105
107.887
104.5
100.935
97.1812
93.2264
89.0572
84.6586
80.0142
75.101
69.9061
64.4007
58.5605
52.3601
45.7633
38.7408
31.2343
23.2067
14.5278
5.12538
124.775
122.318
119.706
116.952
114.053
111
107.783
104.397
100.833
97.0802
93.1263
88.9576
84.5593
79.9148
75.0019
69.8069
64.3015
58.4618
52.262
45.6658
38.6439
31.1383
23.1141
14.4423
5.06859
124.69
122.223
119.61
116.854
113.954
110.901
107.685
104.3
100.736
96.9832
93.0292
88.86
84.4609
79.8153
74.9027
69.7078
64.2031
58.3637
52.1642
45.5684
38.5466
31.0418
23.0191
14.3585
5.0154
124.613
122.136
119.52
116.762
113.86
110.806
107.591
104.206
100.643
96.8904
92.9366
88.7679
84.3692
79.724
74.8123
69.6173
64.1122
58.2731
52.0741
45.4789
38.4579
30.9545
22.9366
14.2845
4.97184
124.543
122.056
119.436
116.675
113.771
110.717
107.502
104.118
100.555
96.8024
92.8487
88.6798
84.2808
79.6345
74.7225
69.5267
64.0229
58.1844
51.9857
45.391
38.3703
30.8682
22.8521
14.213
4.93189
124.478
121.983
119.358
116.595
113.689
110.633
107.418
104.034
100.471
96.7185
92.7649
88.596
84.1971
79.5512
74.6401
69.4439
63.9403
58.1018
51.9036
45.3095
38.2898
30.7894
22.7789
14.1492
4.89793
124.418
121.915
119.285
116.519
113.611
110.554
107.338
103.954
100.391
96.6391
92.6856
88.5168
84.1178
79.4716
74.5598
69.3627
63.8601
58.0223
51.8244
45.2309
38.2117
30.7128
22.7052
14.0886
4.86733
124.363
121.853
119.218
116.449
113.539
110.48
107.264
103.879
100.316
96.5642
92.6106
88.4418
84.0427
79.3966
74.4853
69.2889
63.786
57.9481
51.7506
45.1577
38.1395
30.6427
22.6402
14.034
4.84068
124.312
121.796
119.156
116.384
113.472
110.412
107.194
103.809
100.246
96.4937
92.54
88.3711
83.9721
79.326
74.4146
69.2176
63.7147
57.8776
51.6805
45.0881
38.0706
30.5755
22.5756
13.9827
4.81679
124.265
121.743
119.099
116.324
113.409
110.348
107.129
103.743
100.18
96.4276
92.4738
88.3049
83.9058
79.2597
74.3485
69.152
63.6491
57.8119
51.6152
45.0234
38.0069
30.5139
22.5194
13.9367
4.79571
124.221
121.694
119.046
116.268
113.352
110.288
107.068
103.682
100.119
96.366
92.4121
88.2431
83.8439
79.1978
74.2867
69.09
63.5866
57.7503
51.554
44.9628
37.9471
30.4559
22.4652
13.8937
4.77682
124.181
121.65
118.998
116.217
113.299
110.234
107.013
103.626
100.062
96.3088
92.3547
88.1856
83.7864
79.1403
74.2293
69.0328
63.5297
57.6934
51.4974
44.9067
37.8919
30.4028
22.4169
13.8554
4.76009
124.144
121.609
118.954
116.17
113.25
110.183
106.961
103.574
100.009
96.256
92.3018
88.1326
83.7333
79.0871
74.1762
68.9798
63.4766
57.6405
51.4449
44.8548
37.8409
30.3537
22.3715
13.8198
4.74513
124.111
121.572
118.914
116.128
113.206
110.138
106.915
103.526
99.961
96.2076
92.2533
88.0839
83.6845
79.0384
74.1275
68.9313
63.4283
57.5923
51.397
44.8074
37.7944
30.3091
22.3311
13.7885
4.73192
124.081
121.539
118.878
116.09
113.166
110.096
106.872
103.483
99.9174
96.1637
92.2091
88.0396
83.6402
78.9941
74.0833
68.8871
63.3841
57.5483
51.3533
44.7643
37.7521
30.2686
22.2941
13.7598
4.72019
124.054
121.51
118.846
116.056
113.13
110.06
106.834
103.444
99.8782
96.1242
92.1694
87.9997
83.6002
78.9541
74.0434
68.8473
63.3445
57.5088
51.3141
44.7255
37.7142
30.2323
22.2614
13.7349
4.70995
124.03
121.484
118.818
116.026
113.099
110.027
106.801
103.41
99.8434
96.089
92.134
87.9643
83.5647
78.9185
74.0079
68.8119
63.3092
57.4735
51.2792
44.6911
37.6805
30.2002
22.2323
13.7126
4.70099
124.01
121.461
118.794
116
113.071
109.998
106.771
103.38
99.8129
96.0583
92.103
87.9332
83.5335
78.8874
73.9768
68.7809
63.2783
57.4428
51.2487
44.661
37.6511
30.1722
22.2072
13.6936
4.69333
123.992
121.442
118.773
115.978
113.048
109.974
106.746
103.354
99.7868
96.0319
92.0765
87.9064
83.5068
78.8606
73.9501
68.7543
63.2518
57.4164
51.2225
44.6352
37.6259
30.1483
22.1857
13.6773
4.68683
123.978
121.426
118.756
115.96
113.029
109.954
106.726
103.333
99.7651
96.0098
92.0542
87.8841
83.4844
78.8383
73.9277
68.732
63.2296
57.3944
51.2007
44.6137
37.605
30.1285
22.168
13.664
4.6815
123.966
121.413
118.742
115.945
113.013
109.938
106.709
103.316
99.7477
95.9922
92.0364
87.8662
83.4665
78.8204
73.9099
68.7142
63.2119
57.3768
51.1832
44.5965
37.5884
30.1127
22.154
13.6534
4.67726
123.958
121.404
118.732
115.934
113.002
109.926
106.696
103.303
99.7346
95.9789
92.0229
87.8527
83.4529
78.8068
73.8964
68.7008
63.1986
57.3635
51.1701
44.5837
37.5759
30.101
22.1436
13.6456
4.6741
123.952
121.398
118.726
115.927
112.994
109.918
106.688
103.294
99.7258
95.9699
92.0139
87.8435
83.4438
78.7977
73.8873
68.6918
63.1896
57.3547
51.1614
44.5752
37.5677
30.0933
22.1368
13.6406
4.67197
123.95
121.395
118.722
115.924
112.991
109.914
106.684
103.29
99.7212
95.9652
92.0091
87.8388
83.439
78.793
73.8826
68.6872
63.1851
57.3502
51.157
44.571
37.5637
30.0897
22.1337
13.6382
4.67088
123.95
121.396
118.723
115.924
112.991
109.914
106.684
103.29
99.721
95.9649
92.0088
87.8384
83.4387
78.7927
73.8824
68.687
63.1849
57.3501
51.157
44.5711
37.5639
30.0901
22.1341
13.6386
4.6708
123.955
121.401
118.728
115.93
112.997
109.92
106.69
103.296
99.727
95.9709
92.0147
87.8444
83.4446
78.7987
73.8884
68.6931
63.1911
57.3563
51.1632
44.5774
37.5703
30.0963
22.1399
13.6428
4.67219
123.964
121.411
118.739
115.941
113.008
109.932
106.702
103.308
99.7391
95.9831
92.0269
87.8566
83.457
78.8111
73.9009
68.7056
63.2036
57.3688
51.1757
44.5899
37.5827
30.1083
22.1508
13.651
4.67507
123.978
121.425
118.754
115.957
113.025
109.949
106.72
103.326
99.7575
96.0015
92.0455
87.8753
83.4756
78.8298
73.9196
68.7244
63.2224
57.3877
51.1945
44.6086
37.6012
30.1261
22.167
13.663
4.67946
123.996
121.445
118.775
115.979
113.048
109.973
106.744
103.351
99.7821
96.0263
92.0704
87.9002
83.5006
78.8549
73.9448
68.7496
63.2476
57.4128
51.2196
44.6334
37.6257
30.1497
22.1885
13.6791
4.68539
124.018
121.469
118.801
116.006
113.077
110.002
106.774
103.381
99.813
96.0574
92.1016
87.9316
83.532
78.8863
73.9763
68.7811
63.2791
57.4442
51.2509
44.6645
37.6564
30.1791
22.2153
13.6993
4.69291
124.045
121.498
118.832
116.039
113.111
110.038
106.81
103.418
99.8502
96.0948
92.1392
87.9693
83.5697
78.9241
74.0142
68.819
63.317
57.482
51.2885
44.7018
37.6931
30.2144
22.2476
13.7237
4.70211
124.076
121.532
118.869
116.078
113.151
110.079
106.853
103.461
99.8937
96.1387
92.1832
88.0134
83.6142
78.9683
74.0584
68.8632
63.3612
57.526
51.3323
44.7453
37.736
30.2556
22.2854
13.7525
4.71307
124.112
121.571
118.911
116.122
113.198
110.127
106.901
103.511
99.9437
96.1888
92.2335
88.0638
83.6646
79.0188
74.109
68.9138
63.4117
57.5764
51.3824
44.795
37.785
30.3027
22.3288
13.7859
4.72594
124.153
121.616
118.959
116.173
113.25
110.181
106.957
103.567
100
96.2454
92.2903
88.1206
83.7215
79.0757
74.1659
68.9707
63.4686
57.633
51.4388
44.8509
37.8402
30.3559
22.3779
13.824
4.74089
124.198
121.666
119.012
116.23
113.309
110.242
107.018
103.629
100.063
96.3085
92.3534
88.1838
83.7847
79.1388
74.2293
69.034
63.5318
57.696
51.5015
44.913
37.9016
30.415
22.4329
13.8671
4.75817
124.248
121.721
119.072
116.293
113.375
110.309
107.087
103.698
100.132
96.3779
92.4229
88.2534
83.8543
79.2088
74.299
69.1037
63.6013
57.7653
51.5704
44.9813
37.9692
30.4802
22.4939
13.9155
4.77807
124.304
121.783
119.139
116.363
113.447
110.383
107.162
103.773
100.208
96.4539
92.4989
88.3294
83.9303
79.2847
74.3751
69.1797
63.6772
57.8408
51.6457
45.0558
38.043
30.5515
22.561
13.9695
4.801
124.364
121.851
119.213
116.44
113.527
110.464
107.243
103.856
100.29
96.5363
92.5813
88.4118
84.0127
79.3671
74.4576
69.262
63.7595
57.9227
51.7272
45.1366
38.1231
30.629
22.6344
14.0294
4.82748
124.431
121.926
119.294
116.525
113.614
110.552
107.332
103.945
100.379
96.6252
92.6701
88.5005
84.1015
79.4557
74.5464
69.3507
63.848
58.0109
51.815
45.2236
38.2095
30.7127
22.7142
14.0956
4.8582
124.5
122.005
119.379
116.614
113.704
110.643
107.424
104.036
100.471
96.7165
92.7613
88.5916
84.1926
79.5471
74.6376
69.4416
63.9389
58.1013
51.9051
45.3128
38.2982
30.7989
22.7968
14.1653
4.89247
124.569
122.084
119.464
116.701
113.792
110.732
107.513
104.125
100.559
96.8047
92.8495
88.6796
84.2806
79.635
74.7255
69.5294
64.0266
58.1886
51.9921
45.3989
38.3838
30.8824
22.8772
14.2343
4.92854
124.637
122.162
119.547
116.785
113.878
110.818
107.598
104.21
100.644
96.8889
92.9335
88.7635
84.3645
79.7193
74.8095
69.613
64.1102
58.2718
52.0751
45.4811
38.4656
30.9622
22.9543
14.3017
4.96608
124.704
122.239
119.627
116.867
113.96
110.9
107.679
104.29
100.724
96.9687
93.0131
88.8429
84.4437
79.7984
74.8888
69.6922
64.1893
58.3505
52.1536
45.5588
38.543
31.0381
23.0278
14.3667
5.00481
124.769
122.315
119.704
116.945
114.038
110.977
107.755
104.366
100.799
97.0437
93.088
88.9177
84.5187
79.8733
74.9635
69.7666
64.2638
58.4246
52.2275
45.6321
38.6159
31.1098
23.0973
14.4292
5.04454
124.835
122.387
119.777
117.019
114.112
111.05
107.827
104.437
100.87
97.114
93.1581
88.9876
84.5885
79.943
75.0333
69.8363
64.3334
58.494
52.2967
45.7006
38.684
31.1772
23.1626
14.4883
5.08483
124.9
122.457
119.847
117.09
114.182
111.118
107.894
104.503
100.936
97.1796
93.2236
89.0532
84.6544
80.0084
75.0985
69.9014
64.3984
58.5589
52.3613
45.7648
38.7477
31.2403
23.2238
14.5446
5.1256
124.964
122.523
119.914
117.157
114.247
111.181
107.957
104.565
100.997
97.2405
93.2843
89.1138
84.7148
80.0689
75.159
69.9618
64.4587
58.6191
52.4212
45.8243
38.8067
31.2992
23.2807
14.5968
5.16622
125.027
122.584
119.977
117.219
114.307
111.24
108.014
104.622
101.053
97.297
93.341
89.1707
84.7725
80.1255
75.2153
70.018
64.5147
58.6751
52.4769
45.8797
38.8615
31.3542
23.3338
14.6464
5.2068
125.087
122.641
120.036
117.277
114.363
111.294
108.068
104.675
101.106
97.3489
93.3928
89.2225
84.8242
80.1773
75.2669
70.0697
64.5662
58.7266
52.528
45.9307
38.9117
31.4049
23.3825
14.6918
5.24656
125.142
122.693
120.09
117.33
114.414
111.344
108.117
104.723
101.154
97.3973
93.4413
89.2712
84.8726
80.2256
75.3149
70.1179
64.6141
58.7746
52.5756
45.9783
38.9586
31.4523
23.4282
14.7347
5.28589
125.189
122.74
120.139
117.378
114.46
111.389
108.161
104.767
101.198
97.4411
93.4853
89.3153
84.9163
80.2696
75.3586
70.1617
64.6576
58.8183
52.6189
46.0216
39.0009
31.4955
23.4693
14.7738
5.32375
125.228
122.782
120.183
117.421
114.502
111.431
108.203
104.809
101.24
97.4846
93.5271
89.3569
84.9577
80.3112
75.3998
70.2032
64.699
58.8598
52.6601
46.0628
39.0415
31.5373
23.5097
14.8133
5.36116
125.263
122.819
120.221
117.458
114.539
111.467
108.238
104.845
101.275
97.5197
93.5623
89.3921
84.9928
80.3465
75.435
70.2386
64.7342
58.8951
52.6953
46.0977
39.0767
31.5725
23.5451
14.8481
5.39372
125.295
122.854
120.256
117.493
114.573
111.498
108.267
104.878
101.308
97.5521
93.5937
89.4228
85.0227
80.3761
75.4636
70.2672
64.7626
58.9236
52.724
46.126
39.1061
31.6014
23.575
14.8778
5.4257
)
;

boundaryField
{
    inlet
    {
        type            zeroGradient;
    }
    outlet
    {
        type            fixedValue;
        value           uniform 0;
    }
    upperWall
    {
        type            zeroGradient;
    }
    lowerWall
    {
        type            zeroGradient;
    }
    frontAndBack
    {
        type            empty;
    }
}


// ************************************************************************* //
