/*--------------------------------*- C++ -*----------------------------------*\
  =========                 |
  \\      /  F ield         | OpenFOAM: The Open Source CFD Toolbox
   \\    /   O peration     | Website:  https://openfoam.org
    \\  /    A nd           | Version:  7
     \\/     M anipulation  |
\*---------------------------------------------------------------------------*/
FoamFile
{
    version     2.0;
    format      ascii;
    class       volScalarField;
    location    "0.031";
    object      nut;
}
// * * * * * * * * * * * * * * * * * * * * * * * * * * * * * * * * * * * * * //

dimensions      [0 2 -1 0 0 0 0];

internalField   nonuniform List<scalar> 
12225
(
0
0
0
0
0
0
0
0
0
0
0
0
0
0
0
0
0
0
0
0
0
0
0
0
0
0
0
0
0
0
0
0
0
0
0
0
0
2.36731e-10
9.07414e-10
1.07069e-09
7.01454e-10
0
0
0
0
0
0
0
0
0
0
0
0
0
0
6.04755e-09
1.12282e-08
6.89264e-09
2.20599e-09
0
0
0
0
0
0
0
0
0
0
0
0
0
3.46544e-07
2.71275e-07
1.83184e-07
1.11408e-07
4.73933e-08
0
0
0
2.93675e-10
1.37552e-09
1.57791e-09
1.31967e-09
8.7374e-10
2.35783e-10
0
0
0
0
3.28642e-07
2.95991e-07
3.38176e-07
2.90087e-07
2.85985e-07
2.89576e-07
2.32858e-07
8.18873e-08
2.56932e-08
2.52169e-08
2.20593e-08
1.05978e-08
2.9632e-11
0
0
0
0
0
2.77371e-07
1.48634e-07
3.85503e-07
4.45135e-07
4.33676e-07
3.94619e-07
2.55622e-07
7.17653e-08
0
0
2.17686e-09
1.45617e-10
0
0
2.94878e-09
8.55475e-09
8.40225e-09
2.76938e-09
2.91431e-07
6.12594e-08
2.92017e-07
6.92452e-07
7.70081e-07
4.83915e-07
1.74907e-07
1.80008e-08
0
0
3.52574e-09
0
0
0
4.49669e-09
2.44578e-08
3.632e-08
2.92911e-08
3.30424e-07
1.62224e-07
3.72415e-07
7.55998e-07
1.05382e-06
4.8099e-07
1.78329e-07
5.48626e-08
4.96937e-09
8.64368e-09
1.85908e-08
2.35677e-09
0
0
0
2.07823e-08
4.7944e-08
7.29101e-08
2.86245e-07
1.10189e-07
3.67922e-07
7.75766e-07
8.36388e-07
3.71586e-07
2.49412e-07
1.94771e-07
1.32264e-07
8.05545e-08
4.40461e-08
7.00166e-09
0
0
0
1.9428e-08
5.52238e-08
8.33075e-08
4.27652e-07
1.97141e-07
3.42454e-07
9.88262e-07
6.82521e-07
3.36167e-07
4.31482e-07
4.74355e-07
3.85331e-07
3.26668e-07
2.88254e-07
1.44266e-07
9.31115e-09
0
0
0
1.38829e-08
3.6418e-08
3.74752e-08
9.27767e-08
2.075e-07
8.79387e-07
6.08602e-07
3.42873e-07
5.80901e-07
5.41224e-07
4.45281e-07
4.26993e-07
4.2532e-07
2.12516e-07
1.04905e-09
0
0
0
0
0
0
0
0
0
6.61722e-08
1.8145e-07
3.61964e-07
3.34907e-07
2.31428e-07
2.45166e-07
3.86931e-07
2.5834e-07
6.99843e-09
0
0
0
0
0
0
0
0
0
0
0
0
3.78794e-07
2.13997e-07
2.23477e-07
4.20248e-07
3.41244e-07
1.2199e-07
3.03426e-08
2.86672e-09
0
0
0
0
0
0
0
0
0
0
0
0
1.10836e-07
2.87023e-07
4.10331e-07
4.89801e-07
4.97263e-07
3.13283e-07
0
0
0
0
0
0
0
0
0
0
0
0
3.89044e-08
1.46065e-07
3.87241e-07
6.09727e-07
8.47583e-07
5.79055e-07
0
0
0
0
0
0
0
0
0
0
0
1.29019e-08
7.00718e-08
1.77815e-07
2.1802e-07
2.41334e-07
2.34853e-07
1.13144e-07
1.32851e-08
0
0
0
0
0
0
0
0
0
0
0
5.64237e-08
1.42117e-07
1.23755e-07
4.28479e-08
0
0
0
0
0
3.9302e-07
5.26615e-07
0
0
0
1.10252e-06
4.36767e-07
0
0
0
6.56293e-08
7.53417e-08
0
0
0
0
0
0
0
0
0
7.37383e-07
0
0
0
0
0
0
0
0
0
0
5.03871e-08
1.27001e-07
1.6114e-07
1.54721e-07
2.71467e-07
0
7.84027e-08
3.75094e-07
0
0
0
2.26892e-08
2.26008e-08
0
0
0
0
3.65587e-08
1.06982e-07
1.29312e-07
1.21131e-07
8.94178e-08
0
0
0
0
0
0
7.8049e-08
1.42131e-07
1.35276e-07
9.26794e-08
5.49182e-08
0
0
0
0
0
0
0
0
0
0
0
0
0
8.17226e-08
1.71766e-07
2.68751e-07
3.29228e-07
1.92793e-07
1.05992e-08
0
0
0
0
0
0
0
0
0
0
0
0
8.73451e-08
2.74662e-07
3.55888e-07
1.9752e-07
5.16646e-08
0
0
0
0
0
0
0
0
0
0
0
0
0
1.63869e-07
2.98066e-07
1.80894e-07
2.94957e-08
0
0
0
0
0
0
0
0
0
0
0
0
0
0
0
6.31852e-08
1.27159e-07
9.05731e-08
4.20109e-09
0
0
0
0
0
0
0
1.83595e-09
0
0
0
0
0
0
0
0
0
0
0
0
0
0
0
0
0
4.47819e-09
0
0
0
0
0
0
0
0
0
0
0
0
0
0
0
0
0
5.24653e-09
0
0
0
0
0
0
0
0
0
0
0
0
0
0
0
0
0
3.89452e-08
0
0
0
0
0
0
0
0
0
0
0
0
0
0
0
0
0
7.66977e-09
0
0
0
0
0
0
0
0
0
0
0
0
0
4.36585e-08
6.50049e-07
1.769e-06
3.6176e-06
6.34957e-06
9.99903e-06
1.36668e-05
1.51374e-05
1.32314e-05
9.31692e-06
5.23655e-06
2.41603e-06
9.7575e-07
3.37115e-07
7.55662e-08
0
0
0
3.39694e-09
2.84156e-08
4.71276e-08
5.75739e-08
5.98445e-08
5.65166e-08
5.02004e-08
4.16321e-08
3.22758e-08
2.46919e-08
1.64698e-08
1.11391e-08
6.49249e-09
3.10706e-09
2.07865e-10
0
0
0
0
0
0
0
0
0
0
0
0
0
0
0
0
0
0
0
0
0
0
0
0
0
0
0
0
0
0
0
0
0
0
0
0
0
0
0
0
0
0
0
0
0
0
0
0
0
0
0
0
0
0
0
0
0
0
0
0
0
0
0
0
0
0
0
0
0
0
0
0
0
0
0
0
0
0
0
0
0
0
0
0
0
0
0
0
0
0
0
0
0
0
0
0
0
0
0
0
0
0
0
0
0
0
0
0
0
0
0
0
0
0
0
0
0
0
0
0
0
0
0
0
0
0
0
0
0
0
0
0
0
4.66541e-09
1.51662e-08
0
0
0
0
0
0
0
0
0
0
0
3.36218e-07
8.34874e-07
1.29244e-06
1.62492e-06
1.78485e-06
1.78709e-06
1.68874e-06
1.55055e-06
1.42367e-06
1.25939e-06
1.06608e-06
8.36857e-07
6.15924e-07
4.27541e-07
2.75631e-07
1.55692e-07
6.96685e-08
2.2139e-08
7.71481e-09
1.23814e-08
2.27523e-08
3.2176e-08
3.72562e-08
3.89666e-08
3.85001e-08
3.64664e-08
3.37579e-08
3.03706e-08
2.63953e-08
2.19106e-08
1.71251e-08
1.18403e-08
6.32095e-09
5.73874e-10
0
0
0
0
0
0
0
0
0
0
0
0
0
0
0
0
0
0
0
0
0
0
0
0
0
0
0
0
0
0
1.26993e-08
3.67567e-09
0
0
0
0
0
0
0
0
0
0
0
0
0
0
0
0
0
0
0
0
0
0
0
0
0
0
0
0
0
0
0
0
0
0
0
0
0
0
0
0
0
0
0
0
0
0
0
0
0
0
0
0
0
0
0
0
0
0
0
0
0
0
0
0
0
0
0
0
0
0
0
0
0
0
0
0
0
0
0
0
0
0
0
0
0
0
0
0
0
0
0
0
0
0
0
0
0
0
0
0
0
0
0
0
0
3.84665e-08
8.28491e-08
1.23812e-07
1.6569e-07
2.12054e-07
2.63659e-07
3.18025e-07
3.72216e-07
4.26643e-07
4.82102e-07
5.36017e-07
5.8289e-07
6.13228e-07
6.26824e-07
6.16468e-07
5.83639e-07
5.3265e-07
4.64979e-07
4.2148e-07
3.76502e-07
3.2302e-07
2.66465e-07
2.11831e-07
1.64115e-07
1.21726e-07
8.40086e-08
5.36802e-08
3.31756e-08
2.33501e-08
2.29919e-08
2.91696e-08
3.83364e-08
4.74987e-08
5.44872e-08
5.83895e-08
5.89745e-08
5.5833e-08
4.97582e-08
4.13098e-08
3.14974e-08
2.13395e-08
1.14582e-08
1.79678e-09
0
0
0
0
0
0
0
0
0
0
0
0
0
0
0
0
0
0
0
0
0
0
0
0
0
0
1.40094e-08
2.5364e-08
3.33134e-08
3.75079e-08
3.52466e-08
2.65404e-08
1.40788e-08
0
0
0
0
0
0
0
0
0
0
0
0
0
0
0
0
0
0
0
0
0
0
0
0
0
0
0
0
0
0
0
0
0
0
0
0
0
0
0
0
0
0
0
0
0
0
0
0
0
0
0
0
0
0
0
0
0
0
0
0
0
0
0
0
0
0
0
0
0
0
0
0
0
0
0
0
0
0
0
0
0
0
0
0
0
0
0
0
0
0
0
0
0
0
0
0
0
0
0
0
0
0
0
0
0
0
0
2.47666e-08
8.25424e-08
1.41917e-07
2.00912e-07
2.58141e-07
3.10572e-07
3.5505e-07
3.91332e-07
4.16028e-07
4.2556e-07
4.21654e-07
4.03021e-07
3.72914e-07
3.36616e-07
2.9624e-07
2.58914e-07
2.22802e-07
1.82672e-07
1.37748e-07
8.27951e-08
1.23295e-08
0
0
0
0
0
0
0
0
0
0
0
0
0
0
0
6.38219e-08
1.79698e-07
1.90755e-07
0
0
0
0
0
0
0
5.26438e-08
1.02874e-07
1.45902e-07
1.83229e-07
2.14858e-07
2.38883e-07
2.53139e-07
2.56071e-07
2.48901e-07
2.35684e-07
2.20053e-07
2.04764e-07
1.90843e-07
1.79021e-07
1.67084e-07
1.53252e-07
1.38307e-07
1.22635e-07
1.07261e-07
9.23899e-08
7.82581e-08
6.60521e-08
5.71797e-08
5.03196e-08
4.28656e-08
3.52101e-08
2.861e-08
2.32102e-08
1.86947e-08
1.47969e-08
1.13091e-08
8.08102e-09
4.99397e-09
1.98146e-09
0
0
0
0
0
0
0
0
0
0
0
0
0
0
0
0
0
0
0
0
0
0
0
0
0
0
0
0
0
0
0
0
0
0
0
0
0
0
0
0
0
0
0
0
0
0
0
0
0
0
0
0
0
0
0
0
0
0
0
0
0
7.68661e-16
1.27535e-15
1.4367e-15
1.42925e-15
1.34551e-15
1.24006e-15
1.133e-15
1.04282e-15
9.63632e-16
9.08913e-16
8.58178e-16
8.35897e-16
8.01685e-16
8.07399e-16
7.74832e-16
8.12381e-16
7.66509e-16
8.49738e-16
7.59484e-16
9.12041e-16
7.15247e-16
9.72502e-16
6.46085e-16
9.2966e-16
7.96068e-16
2.60752e-16
2.69237e-15
0
2.96979e-14
0
3.41134e-13
0
0
0
0
0
0
0
0
0
0
0
0
0
0
0
1.12002e-08
3.22248e-08
4.42898e-08
4.6901e-08
3.97931e-08
2.33598e-08
0
0
0
0
0
0
0
0
0
0
0
0
0
0
0
0
0
0
0
1.07585e-07
2.37005e-07
4.00427e-07
6.24122e-07
9.45324e-07
1.37176e-06
1.37581e-06
0
0
0
0
0
0
0
0
0
0
0
0
0
0
7.08552e-08
1.46643e-07
1.9687e-07
2.20152e-07
2.23269e-07
2.14926e-07
2.0161e-07
1.8746e-07
1.70376e-07
1.52156e-07
1.33828e-07
1.16498e-07
1.00807e-07
8.73169e-08
7.7063e-08
6.93381e-08
6.04611e-08
4.93987e-08
3.86904e-08
2.96565e-08
2.23181e-08
1.65153e-08
1.21291e-08
9.01952e-09
6.93079e-09
5.51131e-09
4.37606e-09
3.2888e-09
2.17087e-09
1.04005e-09
0
0
0
0
0
0
0
0
0
0
0
0
0
0
0
0
0
0
0
0
0
0
0
0
0
0
0
0
0
0
0
0
0
0
0
0
0
0
0
0
0
0
2.26059e-12
6.38989e-12
7.57166e-12
7.2627e-12
6.29577e-12
5.13649e-12
4.02199e-12
3.05814e-12
2.27759e-12
1.67343e-12
1.22019e-12
8.86839e-13
6.44332e-13
4.68834e-13
3.42153e-13
2.5088e-13
1.85183e-13
1.3786e-13
1.03623e-13
7.86659e-14
6.02628e-14
4.65434e-14
3.61782e-14
2.82938e-14
2.22151e-14
1.75269e-14
1.38448e-14
1.09685e-14
8.647e-15
6.77921e-15
5.18943e-15
3.80945e-15
2.57651e-15
1.26724e-15
2.24068e-16
0
0
0
0
0
0
0
1.21271e-14
0
6.19477e-13
0
3.18209e-12
0
0
0
0
0
0
0
0
0
0
0
0
0
0
0
0
0
0
0
0
0
0
0
0
0
0
0
0
0
0
0
0
0
0
0
3.29174e-09
1.26225e-07
2.28148e-07
3.09358e-07
3.80359e-07
4.57404e-07
5.62325e-07
7.24049e-07
9.74566e-07
1.34057e-06
1.69057e-06
1.05859e-06
0
0
0
0
0
0
0
0
0
0
0
0
0
0
0
0
0
2.67161e-08
1.50675e-07
2.13294e-07
2.33905e-07
2.23627e-07
1.96415e-07
1.68384e-07
1.4245e-07
1.20475e-07
1.03053e-07
9.04866e-08
8.30502e-08
7.73353e-08
6.8772e-08
5.8311e-08
4.80844e-08
3.83177e-08
2.89932e-08
2.04758e-08
1.30477e-08
6.99158e-09
2.58967e-09
1.3578e-11
0
0
0
0
0
0
0
0
0
0
0
0
0
0
0
0
0
0
0
0
0
0
0
0
0
0
0
0
0
0
0
0
0
0
0
0
0
0
0
0
0
0
0
0
0
0
0
0
0
0
0
0
0
0
0
0
0
0
0
0
0
0
0
0
0
0
0
5.59334e-15
1.20814e-14
1.30746e-14
1.12674e-14
8.01942e-15
4.21601e-15
7.87928e-17
0
0
0
0
0
0
0
0
6.01453e-15
2.05951e-14
1.36687e-13
3.33119e-13
1.8122e-12
3.47923e-12
1.305e-11
1.12486e-11
4.73356e-11
0
2.47457e-11
0
0
0
0
0
0
0
0
0
0
0
0
0
0
0
0
0
0
0
0
0
0
0
0
0
0
0
0
0
0
0
0
0
6.16209e-08
1.96765e-07
2.68886e-07
2.82156e-07
2.5964e-07
2.28477e-07
2.10175e-07
2.21871e-07
2.74678e-07
3.69658e-07
4.86555e-07
5.82333e-07
5.71135e-07
3.25089e-07
0
0
0
0
0
0
0
0
0
0
0
0
0
0
0
0
0
0
0
4.27737e-08
1.90761e-07
2.45983e-07
2.3864e-07
1.95053e-07
1.54967e-07
1.2336e-07
1.02395e-07
8.97064e-08
8.17235e-08
7.46317e-08
6.65984e-08
5.90929e-08
5.22961e-08
4.51971e-08
3.72376e-08
2.84878e-08
1.95839e-08
1.10853e-08
3.34919e-09
0
0
0
0
0
0
0
0
0
0
0
0
0
0
0
0
0
0
0
0
0
0
0
0
0
0
0
0
0
0
0
0
0
0
0
0
0
0
0
0
0
0
0
0
0
0
0
0
0
0
0
0
0
0
0
0
0
0
0
0
0
0
0
0
0
0
0
0
0
0
0
0
0
0
0
0
0
0
8.02263e-15
1.69407e-13
3.14989e-13
5.42687e-13
8.27017e-13
1.43516e-12
2.18307e-12
3.85598e-12
5.43621e-12
9.3831e-12
1.10704e-11
2.00109e-11
1.39026e-11
2.51414e-11
0
0
0
0
0
0
0
0
0
0
0
0
0
0
0
0
0
0
0
0
0
0
0
0
0
0
0
0
0
0
0
0
0
0
1.13847e-07
2.11069e-07
2.33818e-07
1.95926e-07
1.12493e-07
0
0
0
0
0
0
0
4.96237e-09
1.68482e-07
2.20073e-07
2.36899e-07
3.65386e-07
5.6983e-07
7.70586e-07
9.23643e-07
9.2369e-07
8.78075e-07
7.51721e-07
5.21707e-07
2.44248e-07
0
0
0
0
0
0
0
0
0
0
0
1.65152e-07
2.33693e-07
2.18129e-07
1.68041e-07
1.28772e-07
1.05168e-07
9.11018e-08
7.97772e-08
6.94109e-08
6.10665e-08
5.45696e-08
4.93643e-08
4.48561e-08
4.042e-08
3.52422e-08
2.85476e-08
2.03002e-08
1.14499e-08
2.84834e-09
0
0
0
0
0
0
0
0
0
0
0
0
0
0
0
0
0
0
0
0
0
0
0
0
0
0
0
0
0
0
0
0
0
0
0
0
0
0
0
0
0
0
0
0
0
0
0
0
0
0
0
0
0
0
0
0
0
0
0
0
0
0
0
0
0
0
0
0
0
0
0
0
0
0
0
0
0
0
7.97728e-14
2.03386e-13
3.71973e-13
5.8049e-13
9.97041e-13
1.51603e-12
2.58818e-12
3.60545e-12
5.82174e-12
6.60978e-12
1.08029e-11
6.23081e-12
6.4549e-12
0
0
0
0
0
0
0
0
0
0
0
0
0
0
0
0
0
0
0
0
0
0
0
0
0
0
0
0
0
0
0
0
0
1.06914e-07
1.93736e-07
1.95192e-07
1.13451e-07
0
0
0
0
0
0
0
0
4.69117e-07
1.09937e-06
1.49412e-06
9.33656e-07
0
0
0
0
7.56358e-08
4.04462e-07
5.5276e-07
6.00714e-07
5.95391e-07
6.05173e-07
5.61167e-07
4.04498e-07
7.24363e-08
0
0
0
0
0
0
0
0
0
1.47683e-07
1.93069e-07
1.6449e-07
1.28342e-07
1.03571e-07
8.68658e-08
7.40029e-08
6.36562e-08
5.60548e-08
5.04252e-08
4.56138e-08
4.10831e-08
3.68843e-08
3.32682e-08
3.0031e-08
2.61743e-08
2.03452e-08
1.23608e-08
3.30495e-09
0
0
0
0
0
0
0
0
0
0
0
0
0
0
0
0
0
0
0
0
0
0
0
0
0
0
0
0
0
0
0
0
0
0
0
0
0
0
0
0
0
0
0
0
0
0
0
0
0
0
0
0
0
0
0
0
0
0
0
0
0
0
0
0
0
0
0
0
0
0
0
0
0
0
0
0
0
3.00701e-15
9.99303e-14
2.13374e-13
3.41599e-13
5.81375e-13
8.74366e-13
1.43608e-12
1.93377e-12
2.95469e-12
2.96298e-12
3.52005e-12
1.09988e-12
0
0
0
0
0
0
0
0
0
0
0
0
0
0
0
0
0
0
0
0
0
0
0
0
0
0
0
0
0
0
0
0
0
4.80563e-08
1.23273e-07
1.21811e-07
3.99114e-08
0
0
0
0
0
0
0
3.39075e-07
1.41631e-06
3.18189e-06
5.8141e-06
8.62146e-06
5.89424e-06
0
0
0
0
0
2.27855e-07
5.95928e-07
5.83134e-07
3.87565e-07
2.24153e-07
1.7113e-07
2.31504e-07
3.06188e-07
2.53976e-07
0
0
0
0
0
0
0
0
2.39266e-08
1.40265e-07
1.46764e-07
1.21928e-07
9.74579e-08
7.8398e-08
6.50518e-08
5.57579e-08
4.91308e-08
4.46427e-08
4.15341e-08
3.8601e-08
3.50594e-08
3.10806e-08
2.73883e-08
2.45221e-08
2.22477e-08
1.9127e-08
1.34422e-08
5.05066e-09
0
0
0
0
0
0
0
0
0
0
0
0
0
0
0
0
0
0
0
0
0
0
0
0
0
0
0
0
0
0
0
0
0
0
0
0
0
0
0
0
0
0
0
0
0
0
0
0
0
0
0
0
0
0
0
0
0
0
0
0
0
0
0
0
0
0
0
0
0
0
0
0
0
0
0
0
0
1.58399e-14
9.11589e-14
1.60133e-13
2.72901e-13
3.99512e-13
6.20657e-13
7.71082e-13
1.10186e-12
7.82319e-13
4.50061e-13
0
0
0
0
0
0
0
0
0
0
0
0
0
0
0
0
0
0
0
0
0
0
0
0
0
0
0
0
0
0
0
0
0
0
3.54645e-08
5.04751e-08
7.58417e-09
0
0
0
0
0
0
0
5.33617e-07
1.75083e-06
4.03063e-06
8.02228e-06
1.42235e-05
2.23798e-05
1.54538e-05
0
0
0
0
0
0
6.34813e-07
9.89942e-07
8.22949e-07
4.72067e-07
1.88776e-07
3.81708e-08
3.15975e-08
1.21458e-07
1.85323e-07
1.19593e-07
0
0
0
0
0
0
0
9.97185e-08
1.28602e-07
1.07559e-07
8.39134e-08
6.72396e-08
5.60385e-08
4.80121e-08
4.16282e-08
3.67474e-08
3.39243e-08
3.27767e-08
3.17129e-08
2.94385e-08
2.61618e-08
2.28009e-08
2.00082e-08
1.81218e-08
1.65437e-08
1.3348e-08
6.82232e-09
0
0
0
0
0
0
0
0
0
0
0
0
0
0
0
0
0
0
0
0
0
0
0
0
0
0
0
0
0
0
0
0
0
0
0
0
0
0
0
0
0
0
0
0
0
0
0
0
0
0
0
0
0
0
0
0
0
0
0
0
0
0
0
0
0
0
0
0
0
0
0
0
0
0
0
0
0
0
3.61768e-14
7.51845e-14
1.02946e-13
1.50843e-13
1.30982e-13
9.65558e-14
0
0
0
0
0
0
0
7.04595e-11
5.62338e-11
0
0
0
0
0
0
0
0
0
0
0
0
0
0
0
0
0
0
0
0
0
0
0
0
0
0
0
0
0
0
0
0
0
0
0
0
1.48262e-07
8.54725e-07
2.2893e-06
4.62095e-06
7.55286e-06
9.80911e-06
7.82699e-06
0
0
0
0
0
0
0
0
2.35535e-07
5.926e-07
5.32218e-07
3.56156e-07
1.76436e-07
6.25088e-08
5.77123e-08
1.37026e-07
2.24941e-07
2.12884e-07
0
0
0
2.1744e-07
0
0
9.981e-08
1.18808e-07
8.48932e-08
5.95753e-08
4.84406e-08
4.3354e-08
3.95302e-08
3.55518e-08
3.11332e-08
2.74449e-08
2.59182e-08
2.62469e-08
2.63826e-08
2.47115e-08
2.18165e-08
1.90702e-08
1.68275e-08
1.51282e-08
1.40452e-08
1.25185e-08
8.22682e-09
0
0
0
0
0
0
0
0
0
0
0
0
0
0
0
0
0
0
0
0
0
0
0
0
0
0
0
0
0
0
0
0
0
0
0
0
0
0
0
0
0
0
0
0
0
0
0
0
0
0
0
0
0
0
0
0
0
0
0
0
0
0
0
0
0
0
0
0
0
0
0
0
0
0
0
0
0
0
0
0
0
0
0
0
0
0
0
0
0
0
9.4984e-09
7.3675e-09
5.85887e-09
0
0
0
0
0
0
0
0
0
0
0
0
0
0
0
0
0
0
1.54224e-10
4.49909e-09
1.10153e-08
1.75628e-08
1.8056e-08
6.57529e-09
0
0
0
0
0
0
0
0
0
0
0
0
2.03135e-07
6.98287e-07
1.2184e-06
1.31216e-06
6.6357e-08
0
0
0
0
0
0
0
0
0
0
7.03703e-08
2.11917e-07
2.16875e-07
1.49131e-07
5.33276e-08
3.86637e-08
1.34049e-07
2.60859e-07
3.13211e-07
2.20773e-07
0
0
0
0
0
1.13237e-07
1.09728e-07
6.60509e-08
3.91313e-08
3.00856e-08
2.91402e-08
2.98031e-08
2.94222e-08
2.75189e-08
2.44495e-08
2.17834e-08
2.14595e-08
2.2957e-08
2.34527e-08
2.13253e-08
1.80943e-08
1.57624e-08
1.43065e-08
1.29126e-08
1.17757e-08
1.10513e-08
8.83153e-09
1.95879e-09
0
0
0
0
0
0
0
0
0
0
0
0
0
0
0
0
0
0
0
0
0
0
0
0
0
0
0
0
0
0
0
0
0
0
0
0
0
0
0
0
0
0
0
0
0
0
0
0
0
0
0
0
0
0
0
0
0
0
0
0
0
0
0
0
0
0
0
0
0
0
0
0
0
0
0
0
0
0
0
0
0
0
0
0
0
0
0
0
1.51382e-07
5.94435e-08
2.00409e-08
1.087e-08
8.8219e-10
0
0
0
0
1.7554e-09
7.42034e-09
1.54449e-08
2.543e-08
3.51814e-08
4.28166e-08
4.74749e-08
5.12922e-08
5.60299e-08
6.32018e-08
7.24741e-08
8.032e-08
8.56754e-08
9.23422e-08
1.0051e-07
1.07825e-07
1.05962e-07
8.42246e-08
3.5555e-08
0
0
0
0
0
4.59006e-08
8.50393e-08
5.04646e-08
0
0
0
0
0
0
0
0
0
0
0
0
0
0
0
0
0
0
0
1.12793e-08
1.86527e-08
2.90636e-08
0
0
5.21255e-08
2.1805e-07
3.14807e-07
2.87809e-07
7.53129e-08
0
0
0
0
1.15085e-07
9.54648e-08
5.63239e-08
3.16869e-08
2.30844e-08
2.24235e-08
2.38153e-08
2.45984e-08
2.44005e-08
2.32757e-08
2.11894e-08
1.92996e-08
1.966e-08
2.16668e-08
2.19872e-08
1.91755e-08
1.55507e-08
1.33992e-08
1.2384e-08
1.10419e-08
9.38301e-09
8.77619e-09
8.51708e-09
4.4461e-09
0
0
0
0
0
0
0
0
0
0
0
0
0
0
0
0
0
0
0
0
0
0
0
0
0
0
0
0
0
0
0
0
0
0
0
0
0
0
0
0
0
0
0
0
0
0
0
0
0
0
0
0
0
0
0
0
0
0
0
0
0
0
0
0
0
0
0
0
0
0
0
0
0
0
0
0
0
0
0
0
0
0
0
0
0
0
0
8.70327e-07
1.86873e-07
5.24594e-08
2.40159e-08
1.46692e-08
8.53222e-09
1.19227e-08
1.77919e-08
2.6787e-08
3.8e-08
4.99899e-08
6.72846e-08
8.40945e-08
9.96309e-08
1.11747e-07
1.20512e-07
1.26053e-07
1.32561e-07
1.42757e-07
1.56916e-07
1.74551e-07
1.88454e-07
1.96497e-07
2.05779e-07
2.13598e-07
2.11221e-07
1.86301e-07
1.27849e-07
3.19675e-08
0
0
0
0
1.83294e-07
3.90367e-07
4.96976e-07
4.05381e-07
5.31438e-08
0
0
0
0
0
0
0
0
0
0
0
6.39928e-07
1.10848e-06
7.70529e-07
3.74897e-07
1.63995e-07
2.71983e-08
0
0
0
0
0
0
1.30748e-07
2.56399e-07
2.82405e-07
2.1213e-07
0
0
0
2.32863e-08
1.26545e-07
7.66023e-08
4.49785e-08
2.76995e-08
2.18058e-08
2.21496e-08
2.40327e-08
2.43986e-08
2.28083e-08
2.1091e-08
2.03458e-08
1.9594e-08
1.8594e-08
1.91081e-08
2.08819e-08
2.0733e-08
1.75728e-08
1.41511e-08
1.24241e-08
1.14167e-08
9.23575e-09
6.18032e-09
5.19033e-09
7.25155e-09
7.35388e-09
0
0
0
0
0
0
0
0
0
0
0
0
0
0
0
0
0
0
0
0
0
0
0
0
0
0
0
0
0
0
0
0
0
0
0
0
0
0
0
0
0
0
0
0
0
0
0
0
0
0
0
0
0
0
0
0
0
0
0
0
0
0
0
0
0
0
0
0
0
0
0
0
0
0
0
0
0
0
0
0
0
0
0
0
0
0
1.42914e-06
3.8159e-07
1.73005e-07
9.13887e-08
4.17968e-08
9.1429e-09
6.79369e-09
1.92048e-08
3.37014e-08
5.42576e-08
8.07941e-08
1.03368e-07
1.3262e-07
1.57974e-07
1.76443e-07
1.90093e-07
1.99732e-07
2.0748e-07
2.19207e-07
2.36977e-07
2.60083e-07
2.86688e-07
3.09795e-07
3.23986e-07
3.25171e-07
3.1628e-07
2.8718e-07
2.28715e-07
1.32544e-07
1.03605e-08
0
0
0
1.69374e-07
4.74715e-07
7.82676e-07
9.83723e-07
8.23371e-07
2.67043e-07
0
0
0
0
0
0
0
0
2.25323e-06
1.28699e-05
1.13473e-05
7.39304e-06
3.82694e-06
1.66142e-06
6.32897e-07
1.38494e-07
0
0
0
0
0
0
1.04902e-07
2.23268e-07
2.91286e-07
4.58711e-07
5.79448e-07
0
0
5.85368e-08
1.46521e-07
6.36346e-08
3.34251e-08
2.15441e-08
1.85834e-08
2.07032e-08
2.44212e-08
2.63257e-08
2.45253e-08
2.04819e-08
1.78601e-08
1.81192e-08
1.90294e-08
1.909e-08
1.95579e-08
2.02488e-08
1.91059e-08
1.62027e-08
1.40591e-08
1.31173e-08
1.12663e-08
6.94011e-09
2.07743e-09
1.09066e-09
5.56785e-09
9.25739e-09
3.25743e-09
0
0
0
0
0
0
0
0
0
0
0
0
0
0
0
0
0
0
0
0
0
0
0
0
0
0
0
0
0
0
0
0
0
0
0
0
0
0
0
0
0
0
0
0
0
0
0
0
0
0
0
0
0
0
0
0
0
0
0
0
0
0
0
0
0
0
0
0
0
0
0
0
0
0
0
0
0
0
0
0
0
0
0
0
2.91748e-06
1.33173e-06
7.80498e-07
3.60044e-07
1.50739e-07
4.44951e-08
0
1.66654e-08
4.31772e-08
5.80017e-08
7.83633e-08
1.11923e-07
1.39282e-07
1.70159e-07
1.95517e-07
2.13682e-07
2.2714e-07
2.37863e-07
2.47093e-07
2.62421e-07
2.86428e-07
3.14362e-07
3.45038e-07
3.69521e-07
3.91475e-07
3.82488e-07
3.49588e-07
2.92969e-07
2.14471e-07
1.12109e-07
9.16995e-09
0
0
7.87064e-08
3.10242e-07
6.10086e-07
9.45525e-07
1.17085e-06
1.06029e-06
5.69664e-07
0
0
0
0
0
0
0
2.08546e-05
1.97181e-05
1.17757e-05
6.10085e-06
2.86507e-06
1.21587e-06
3.96077e-07
1.42826e-08
0
0
0
1.09116e-08
0
0
6.54024e-08
2.00432e-07
3.64853e-07
1.05386e-06
9.22344e-07
0
0
1.93929e-07
1.51676e-07
5.53469e-08
2.4556e-08
1.42763e-08
1.12452e-08
1.21539e-08
1.54389e-08
1.87067e-08
1.95443e-08
1.70738e-08
1.35922e-08
1.27755e-08
1.47051e-08
1.65149e-08
1.70916e-08
1.70928e-08
1.63692e-08
1.4728e-08
1.32161e-08
1.25802e-08
1.13185e-08
7.39929e-09
1.30221e-09
0
0
3.02369e-09
7.67538e-09
2.84425e-09
0
0
0
0
0
0
0
0
0
0
0
0
0
0
0
0
0
0
0
0
0
0
0
0
0
0
0
0
0
0
0
0
0
0
0
0
0
0
0
0
0
0
0
0
0
0
0
0
0
0
0
0
0
0
0
0
0
0
0
0
0
0
0
0
0
0
0
0
0
0
0
0
0
0
0
0
0
0
0
0
0
0
0
1.99152e-06
3.04735e-06
1.57577e-06
7.81146e-07
3.57593e-07
1.2173e-07
2.18046e-08
0
3.41383e-08
5.55608e-08
6.57164e-08
8.52513e-08
1.16697e-07
1.46698e-07
1.73203e-07
1.97246e-07
2.14495e-07
2.2773e-07
2.38216e-07
2.49163e-07
2.63317e-07
2.88859e-07
3.18253e-07
3.43847e-07
3.69769e-07
3.85262e-07
3.76453e-07
3.37326e-07
2.70373e-07
1.89316e-07
1.02156e-07
2.54161e-08
0
1.77105e-08
1.22344e-07
3.15145e-07
5.73919e-07
8.1869e-07
1.06396e-06
1.00359e-06
7.82889e-07
1.80798e-07
0
0
0
0
0
4.08676e-06
5.31956e-06
3.80243e-06
2.09386e-06
9.61704e-07
2.97447e-07
0
0
0
0
3.9247e-08
3.99462e-08
0
0
0
1.94874e-07
6.40118e-07
1.59931e-06
7.48336e-07
1.20078e-07
7.74355e-08
3.8317e-07
1.61366e-07
6.33575e-08
3.07775e-08
1.89632e-08
1.30604e-08
1.00695e-08
1.00269e-08
1.1788e-08
1.3651e-08
1.3998e-08
1.23577e-08
1.09948e-08
1.22418e-08
1.43395e-08
1.55119e-08
1.56736e-08
1.48013e-08
1.32551e-08
1.17491e-08
1.07871e-08
9.4119e-09
6.25116e-09
4.78451e-10
0
0
0
2.33146e-09
6.05922e-09
1.79588e-09
0
0
0
0
0
0
0
0
0
0
0
0
0
0
0
0
0
0
0
0
0
0
0
0
0
0
0
0
0
0
0
0
0
0
0
0
0
0
0
0
0
0
0
0
0
0
0
0
0
0
0
0
0
0
0
0
0
0
0
0
0
0
0
0
0
0
0
0
0
0
0
0
0
0
0
0
0
0
0
0
0
0
6.65593e-07
2.4192e-06
2.22136e-06
1.15784e-06
8.12173e-07
5.4521e-07
2.66361e-07
1.61304e-07
8.48776e-08
1.05648e-08
4.85257e-08
6.3558e-08
7.79016e-08
1.01358e-07
1.26661e-07
1.48646e-07
1.71161e-07
1.86651e-07
1.99156e-07
2.06888e-07
2.19165e-07
2.28654e-07
2.52561e-07
2.74415e-07
2.97764e-07
3.18163e-07
3.25562e-07
3.18199e-07
2.84525e-07
2.29206e-07
1.56412e-07
8.43128e-08
2.4448e-08
0
1.08012e-08
7.96307e-08
2.07904e-07
3.64075e-07
5.71934e-07
6.74193e-07
7.50619e-07
6.70591e-07
4.46178e-07
1.64596e-07
0
0
1.08854e-07
6.11262e-07
8.49473e-07
6.68798e-07
3.4038e-07
6.72533e-08
0
0
0
0
7.65593e-08
1.02522e-07
3.78158e-08
0
0
0
3.51651e-07
8.40631e-07
8.6608e-07
4.76996e-07
2.61255e-07
3.52003e-07
4.12924e-07
1.68162e-07
8.05717e-08
4.81572e-08
3.5193e-08
2.78097e-08
2.29307e-08
2.10624e-08
2.0954e-08
2.08148e-08
2.0062e-08
1.84687e-08
1.66895e-08
1.67299e-08
1.80598e-08
1.84176e-08
1.81351e-08
1.72397e-08
1.56828e-08
1.37156e-08
1.1341e-08
7.88689e-09
4.209e-09
0
0
0
0
0
4.7355e-09
6.2822e-09
1.84104e-09
0
0
0
0
0
0
0
0
0
0
0
0
0
0
0
0
0
0
0
0
0
0
0
0
0
0
0
0
0
0
0
0
0
0
0
0
0
0
0
0
0
0
0
0
0
0
0
0
0
0
0
0
0
0
0
0
0
0
0
0
0
0
0
0
0
0
0
0
0
0
0
0
0
0
0
0
0
0
0
0
0
1.77581e-07
8.43664e-07
1.91438e-06
5.26955e-07
3.92577e-07
2.50026e-07
0
0
0
0
2.43569e-08
4.23603e-08
5.05855e-08
5.93213e-08
7.49503e-08
9.04197e-08
1.09037e-07
1.25779e-07
1.39149e-07
1.47537e-07
1.55534e-07
1.61984e-07
1.68069e-07
1.82888e-07
1.979e-07
2.15915e-07
2.28072e-07
2.31995e-07
2.23412e-07
1.99549e-07
1.60491e-07
1.08444e-07
5.14315e-08
3.15932e-09
0
0
0
5.61029e-08
1.41926e-07
2.25349e-07
3.16833e-07
3.50477e-07
3.19036e-07
2.66751e-07
1.72793e-07
7.12779e-08
6.94827e-09
0
0
0
0
0
0
0
6.15258e-08
1.41457e-07
1.73071e-07
1.46864e-07
7.46583e-08
1.3399e-09
4.0772e-09
1.2334e-07
2.24925e-07
3.27463e-07
3.14076e-07
2.4836e-07
2.2117e-07
3.93745e-07
3.46397e-07
1.75846e-07
1.00965e-07
6.86801e-08
5.34052e-08
4.40023e-08
3.81127e-08
3.60308e-08
3.58311e-08
3.47655e-08
3.21238e-08
2.85186e-08
2.50818e-08
2.35088e-08
2.39528e-08
2.35325e-08
2.226e-08
2.1037e-08
1.96638e-08
1.78411e-08
1.49513e-08
9.15412e-09
2.32601e-09
0
0
0
0
0
4.78942e-09
8.61659e-09
7.75618e-09
3.32887e-09
0
0
0
0
0
0
0
0
0
0
0
0
0
0
0
0
0
0
0
0
0
0
0
0
0
0
0
0
0
0
0
0
0
0
0
0
0
0
0
0
0
0
0
0
0
0
0
0
0
0
0
0
0
0
0
0
0
0
0
0
0
0
0
0
0
0
0
0
0
0
0
0
0
0
0
0
0
0
0
0
0
1.22586e-07
3.03461e-07
0
0
0
0
0
0
0
1.06022e-08
2.2788e-08
2.94611e-08
3.34372e-08
3.80127e-08
4.63554e-08
5.49809e-08
6.65811e-08
7.76829e-08
8.67752e-08
9.1578e-08
9.48646e-08
9.51144e-08
9.64375e-08
9.97538e-08
1.06572e-07
1.14861e-07
1.20279e-07
1.20429e-07
1.12499e-07
9.70586e-08
7.25222e-08
3.9395e-08
1.25481e-09
0
0
0
0
0
0
0
1.65316e-08
2.1314e-08
8.31376e-09
0
0
0
0
0
0
0
0
1.80722e-08
1.12597e-07
2.18729e-07
2.69707e-07
2.58446e-07
2.24069e-07
2.09723e-07
1.487e-07
7.35688e-08
5.81899e-08
6.08127e-08
8.42555e-08
1.0138e-07
1.06414e-07
1.62347e-07
4.57102e-07
3.16211e-07
1.93701e-07
1.2558e-07
8.91831e-08
6.92802e-08
5.69442e-08
4.98822e-08
4.78111e-08
4.78874e-08
4.67008e-08
4.34158e-08
3.85471e-08
3.29097e-08
2.94937e-08
2.89276e-08
2.83191e-08
2.62257e-08
2.43839e-08
2.30679e-08
2.17467e-08
1.93843e-08
1.32834e-08
3.07156e-09
0
0
0
0
3.10446e-10
6.40191e-09
1.09547e-08
1.27434e-08
1.01375e-08
5.69908e-09
1.13092e-09
0
0
0
0
0
0
0
0
0
0
0
0
0
0
0
0
0
0
0
0
0
0
0
0
0
0
0
0
0
0
0
0
0
0
0
0
0
0
0
0
0
0
0
0
0
0
0
0
0
0
0
0
0
0
0
0
0
0
0
0
0
0
0
0
0
0
0
0
0
0
0
0
0
0
0
0
0
0
0
0
0
0
0
0
0
0
0
0
3.26888e-09
9.46631e-09
1.24914e-08
1.37887e-08
1.40475e-08
1.45443e-08
1.57503e-08
1.84953e-08
2.05751e-08
2.43059e-08
2.47193e-08
2.44883e-08
2.25392e-08
1.98548e-08
1.76696e-08
1.60345e-08
1.49431e-08
1.33784e-08
1.13911e-08
7.66994e-09
1.6038e-09
0
0
0
0
0
0
0
0
0
0
0
0
0
0
0
0
0
0
0
0
7.05174e-08
1.48248e-07
2.63137e-07
3.503e-07
3.60434e-07
3.25467e-07
3.29251e-07
3.3547e-07
1.55061e-07
7.02722e-08
3.20255e-08
2.07777e-08
2.61127e-08
3.85809e-08
6.64904e-08
2.95912e-07
4.75364e-07
2.90307e-07
1.99753e-07
1.37866e-07
9.87658e-08
7.87853e-08
6.79551e-08
6.17987e-08
6.01213e-08
6.03649e-08
5.91892e-08
5.57447e-08
5.01435e-08
4.23194e-08
3.63184e-08
3.39631e-08
3.28518e-08
3.03113e-08
2.77395e-08
2.61613e-08
2.52164e-08
2.34259e-08
1.83693e-08
7.16852e-09
0
0
0
0
4.03596e-10
8.63218e-09
1.3683e-08
1.70089e-08
1.65435e-08
1.24754e-08
6.11506e-09
0
0
0
0
0
0
0
0
0
0
0
0
0
0
0
0
0
0
0
0
0
0
0
0
0
0
0
0
0
0
0
0
0
0
0
0
0
0
0
0
0
0
0
0
0
0
0
0
0
0
0
0
0
0
0
0
0
0
0
0
0
0
0
0
0
0
0
0
0
0
0
0
0
0
0
0
0
0
0
0
0
0
0
0
4.15683e-09
8.59717e-09
0
0
0
0
0
0
0
0
0
0
0
0
0
0
0
0
0
0
0
0
0
0
0
0
0
0
0
0
0
0
0
0
0
0
0
0
0
0
0
0
0
2.16757e-08
1.21555e-07
1.85266e-07
2.73493e-07
3.88875e-07
4.36888e-07
4.04405e-07
3.64253e-07
4.87944e-07
2.7188e-07
1.53442e-07
7.60109e-08
3.01106e-08
1.4697e-08
1.84635e-08
3.69967e-08
1.68954e-07
5.14348e-07
3.50643e-07
2.49067e-07
1.79053e-07
1.2553e-07
9.73885e-08
8.4669e-08
7.82491e-08
7.41563e-08
7.27255e-08
7.26373e-08
7.14859e-08
6.82761e-08
6.24848e-08
5.33574e-08
4.51321e-08
4.04189e-08
3.79905e-08
3.49269e-08
3.16925e-08
2.96371e-08
2.87819e-08
2.73773e-08
2.32018e-08
1.32367e-08
0
0
0
0
0
1.08658e-08
1.6761e-08
2.06662e-08
2.20524e-08
1.91562e-08
1.19011e-08
9.3724e-10
0
0
0
0
0
0
0
0
0
0
0
0
0
0
0
0
0
0
0
0
0
0
0
0
0
0
0
0
0
0
0
0
0
0
0
0
0
0
0
0
0
0
0
0
0
0
0
0
0
0
0
0
0
0
0
0
0
0
0
0
0
0
0
0
0
0
0
0
0
0
0
0
0
0
0
0
0
0
0
0
0
0
0
0
0
0
0
0
0
0
0
0
0
0
0
0
0
0
0
0
0
0
0
0
0
0
0
0
0
0
0
0
0
0
0
0
0
0
0
0
0
0
0
0
0
5.18731e-08
1.4878e-07
2.25764e-07
2.71827e-07
3.84895e-07
4.8249e-07
4.80421e-07
4.00333e-07
6.0374e-07
4.16582e-07
2.68733e-07
1.65896e-07
9.11266e-08
4.46111e-08
3.18307e-08
4.88534e-08
1.53913e-07
3.8725e-07
3.11514e-07
2.41804e-07
1.9196e-07
1.44145e-07
1.1501e-07
9.94598e-08
9.40687e-08
8.97169e-08
8.45969e-08
8.16088e-08
8.0469e-08
7.93867e-08
7.68452e-08
7.22457e-08
6.38957e-08
5.46817e-08
4.83562e-08
4.44066e-08
4.0474e-08
3.64741e-08
3.38178e-08
3.26868e-08
3.13481e-08
2.75597e-08
1.94489e-08
6.65596e-09
0
0
0
0
1.2705e-08
2.00177e-08
2.37613e-08
2.63054e-08
2.50373e-08
1.79163e-08
4.28539e-09
0
0
0
0
0
0
0
0
0
0
0
0
0
0
0
0
0
0
0
0
0
0
0
0
0
0
0
0
0
0
0
0
0
0
0
0
0
0
0
0
0
0
0
0
0
0
0
0
0
0
0
0
0
0
0
0
0
0
0
0
0
0
0
0
0
0
0
0
0
0
0
0
0
0
0
0
0
0
1.29158e-07
1.9546e-07
0
0
0
0
0
0
0
0
0
0
0
0
0
0
0
0
0
0
0
0
0
0
0
0
0
0
0
0
0
0
0
0
0
0
0
0
0
0
0
0
0
0
0
0
0
7.13235e-08
1.83645e-07
2.49486e-07
3.29992e-07
4.76014e-07
5.26756e-07
4.74283e-07
6.29172e-07
5.49238e-07
4.0951e-07
2.962e-07
1.86736e-07
1.16584e-07
9.95959e-08
1.39608e-07
2.89853e-07
3.09333e-07
2.52574e-07
2.15829e-07
1.85207e-07
1.60697e-07
1.3117e-07
1.12853e-07
1.08013e-07
1.05155e-07
9.98452e-08
9.29452e-08
8.74943e-08
8.47565e-08
8.33269e-08
8.16369e-08
7.86555e-08
7.25725e-08
6.37422e-08
5.68904e-08
5.1954e-08
4.70573e-08
4.22139e-08
3.8885e-08
3.72954e-08
3.55672e-08
3.17196e-08
2.49998e-08
1.50098e-08
3.37967e-09
0
0
6.78253e-11
1.40488e-08
2.32181e-08
2.6351e-08
2.91412e-08
2.9511e-08
2.34848e-08
8.28375e-09
0
0
0
0
0
0
0
0
0
0
0
0
0
0
0
0
0
0
0
0
0
0
0
0
0
0
0
0
0
0
0
0
0
0
0
0
0
0
0
0
0
0
0
0
0
0
0
0
0
0
0
0
0
0
0
0
0
0
0
0
0
0
0
0
0
0
0
0
0
0
0
0
0
0
0
0
0
5.15019e-08
7.57193e-08
5.02786e-08
0
0
0
0
0
0
0
0
0
0
0
0
0
0
0
0
0
0
0
0
0
0
0
0
0
0
0
0
0
0
0
0
0
0
0
0
0
0
0
0
0
0
0
0
0
3.44796e-08
1.38588e-07
2.14235e-07
4.02098e-07
5.23827e-07
5.43731e-07
6.45488e-07
6.01802e-07
4.94705e-07
4.26501e-07
3.2128e-07
2.08765e-07
2.0745e-07
2.9731e-07
3.44582e-07
3.26108e-07
2.81678e-07
2.43801e-07
2.13663e-07
1.84595e-07
1.41483e-07
1.19982e-07
1.19048e-07
1.19819e-07
1.15712e-07
1.08006e-07
9.81917e-08
9.13604e-08
8.75402e-08
8.59752e-08
8.50675e-08
8.336e-08
7.88234e-08
7.11125e-08
6.44066e-08
5.89786e-08
5.32533e-08
4.75524e-08
4.36598e-08
4.18006e-08
3.98559e-08
3.55964e-08
2.94662e-08
2.2651e-08
1.32841e-08
4.23844e-09
1.32693e-10
2.79013e-09
1.5166e-08
2.58601e-08
2.81909e-08
3.03074e-08
3.18781e-08
2.75336e-08
1.19963e-08
0
0
0
0
0
0
0
0
0
0
0
0
0
0
0
0
0
0
0
0
0
0
0
0
0
0
0
0
0
0
0
0
0
0
0
0
0
0
0
0
0
0
0
0
0
0
0
0
0
0
0
0
0
0
0
0
0
0
0
0
0
0
0
0
0
0
0
0
0
0
0
0
0
0
0
0
0
0
2.29855e-08
3.32074e-08
1.65644e-08
0
0
0
0
0
0
0
0
0
0
0
0
0
0
0
0
0
0
0
0
0
0
0
0
0
0
0
0
0
0
0
0
0
0
0
0
0
0
0
0
0
0
0
0
0
2.37497e-08
1.56485e-07
4.29466e-07
5.50689e-07
7.15147e-07
5.73462e-07
4.8889e-07
4.71853e-07
4.28248e-07
3.02153e-07
2.62963e-07
2.49797e-07
2.17422e-07
2.18018e-07
2.42323e-07
2.40286e-07
2.12686e-07
1.66697e-07
1.29407e-07
1.18567e-07
1.22003e-07
1.26668e-07
1.2586e-07
1.20308e-07
1.11281e-07
9.97048e-08
9.137e-08
8.68259e-08
8.52429e-08
8.52377e-08
8.48518e-08
8.1816e-08
7.53341e-08
6.91114e-08
6.35834e-08
5.72537e-08
5.07587e-08
4.63203e-08
4.41705e-08
4.21234e-08
3.76243e-08
3.17526e-08
2.75185e-08
2.20933e-08
1.36807e-08
7.61269e-09
7.38963e-09
1.62127e-08
2.68881e-08
2.84163e-08
2.91652e-08
3.11123e-08
2.83089e-08
1.37268e-08
0
0
0
0
0
0
0
0
0
0
0
0
0
0
0
0
0
0
0
0
0
0
0
0
0
0
0
0
0
0
0
0
0
0
0
0
0
0
0
0
0
0
0
0
0
0
0
0
0
0
0
0
0
0
0
0
0
0
0
0
0
0
0
0
0
0
0
0
0
0
0
0
0
0
0
0
0
0
0
1.11524e-08
1.99048e-08
1.73485e-08
2.7178e-09
0
0
0
0
0
0
0
0
0
0
0
0
0
0
0
0
0
0
0
0
0
0
0
0
0
0
0
0
0
0
0
0
0
0
0
0
0
0
0
0
0
0
0
0
3.44632e-07
6.72353e-07
8.11057e-07
4.8324e-07
4.12835e-07
4.38975e-07
4.60341e-07
3.88176e-07
3.06148e-07
2.08701e-07
1.72068e-07
1.55582e-07
1.48937e-07
1.4454e-07
1.3565e-07
1.23121e-07
1.16474e-07
1.18974e-07
1.24592e-07
1.29917e-07
1.30091e-07
1.26126e-07
1.19212e-07
1.09311e-07
9.82402e-08
9.01439e-08
8.53527e-08
8.35922e-08
8.40722e-08
8.47684e-08
8.31155e-08
7.78516e-08
7.23693e-08
6.7235e-08
6.07793e-08
5.36941e-08
4.87036e-08
4.60711e-08
4.34966e-08
3.8875e-08
3.33039e-08
3.08989e-08
2.92375e-08
2.35602e-08
1.68291e-08
1.40468e-08
1.85359e-08
2.74065e-08
2.82681e-08
2.7324e-08
2.87003e-08
2.63738e-08
1.29217e-08
0
0
0
0
0
0
0
0
0
0
0
0
0
0
0
0
0
0
0
0
0
0
0
0
0
0
0
0
0
0
0
0
0
0
0
0
0
0
0
0
0
0
0
0
0
0
0
0
0
0
0
0
0
0
0
0
0
0
0
0
0
0
0
0
0
0
0
0
0
0
0
0
0
0
0
0
0
0
0
8.0051e-10
3.34752e-09
6.29285e-09
4.9739e-09
0
0
0
0
0
0
0
0
0
0
0
0
0
0
0
0
0
0
0
0
0
0
0
0
0
0
0
0
0
0
0
0
0
0
0
0
0
0
0
0
0
0
0
2.43247e-07
7.32319e-07
6.01246e-07
3.06207e-07
2.83957e-07
3.43724e-07
3.95894e-07
3.89337e-07
3.46419e-07
1.96993e-07
1.56406e-07
1.3602e-07
1.22093e-07
1.11317e-07
1.0643e-07
1.09642e-07
1.17284e-07
1.23495e-07
1.26551e-07
1.2866e-07
1.27428e-07
1.23816e-07
1.18482e-07
1.11308e-07
1.02084e-07
9.2994e-08
8.61628e-08
8.1419e-08
7.92848e-08
7.96402e-08
8.09114e-08
8.03082e-08
7.6035e-08
7.12892e-08
6.68294e-08
6.08287e-08
5.36375e-08
4.83351e-08
4.54007e-08
4.25991e-08
3.79986e-08
3.30904e-08
3.23563e-08
3.38015e-08
3.17592e-08
2.62919e-08
2.18368e-08
2.22072e-08
2.73351e-08
2.68744e-08
2.37818e-08
2.39674e-08
2.18153e-08
9.98038e-09
0
0
0
0
0
0
0
0
0
0
0
0
0
0
0
0
0
0
0
0
0
0
0
0
0
0
0
0
0
0
0
0
0
0
0
0
0
8.18302e-14
4.80062e-13
7.2907e-13
8.622e-13
8.80302e-13
8.36714e-13
7.57697e-13
6.47673e-13
5.24067e-13
4.00914e-13
2.69925e-13
1.20419e-13
0
0
0
0
0
0
0
0
0
0
0
0
0
0
0
0
0
0
0
0
0
0
0
0
0
0
0
0
0
0
0
0
0
0
0
0
0
0
0
0
0
0
0
0
0
0
0
0
0
0
0
0
0
0
0
0
0
0
0
0
0
0
0
0
0
0
0
0
0
0
0
0
0
0
0
0
0
5.78205e-08
1.34091e-07
1.41245e-07
1.57582e-07
2.15629e-07
2.7301e-07
2.97736e-07
3.11261e-07
2.03416e-07
1.47221e-07
1.28666e-07
1.14479e-07
1.04926e-07
1.02909e-07
1.08884e-07
1.17254e-07
1.23121e-07
1.24332e-07
1.23119e-07
1.20039e-07
1.15947e-07
1.1155e-07
1.06449e-07
1.00331e-07
9.35987e-08
8.78529e-08
8.265e-08
7.78242e-08
7.49203e-08
7.46891e-08
7.62001e-08
7.65284e-08
7.33553e-08
6.93721e-08
6.55056e-08
6.00549e-08
5.29207e-08
4.72684e-08
4.39024e-08
4.07889e-08
3.62521e-08
3.22284e-08
3.31916e-08
3.691e-08
3.78074e-08
3.46204e-08
3.00404e-08
2.75501e-08
2.86534e-08
2.62561e-08
2.07318e-08
1.92809e-08
1.69596e-08
6.04389e-09
0
0
0
0
0
0
0
0
0
0
0
0
0
0
0
0
0
0
0
0
0
0
0
0
0
0
0
0
0
0
0
0
7.34876e-13
2.70688e-12
3.97346e-12
4.68882e-12
4.97585e-12
4.97576e-12
4.81498e-12
4.53462e-12
4.1511e-12
3.70813e-12
3.27136e-12
2.85018e-12
2.43523e-12
2.04829e-12
1.69637e-12
1.35848e-12
1.03286e-12
7.23699e-13
4.27301e-13
1.37059e-13
0
0
0
0
0
0
0
0
0
0
0
0
0
0
0
0
0
0
0
0
0
0
0
0
0
9.71013e-10
8.41981e-10
0
0
0
0
0
1.38123e-09
1.54405e-09
1.61263e-09
1.41922e-09
0
0
0
0
0
0
0
0
0
0
0
0
4.07073e-09
5.41747e-09
1.0214e-09
0
0
0
0
0
0
0
0
0
0
0
0
0
0
0
0
0
0
0
0
0
0
0
4.70376e-09
3.28884e-08
5.96726e-08
1.00514e-07
1.47919e-07
1.78462e-07
2.21003e-07
2.08712e-07
1.41582e-07
1.23954e-07
1.1057e-07
1.02008e-07
9.95629e-08
1.02057e-07
1.06747e-07
1.10989e-07
1.13641e-07
1.13044e-07
1.08552e-07
1.03689e-07
1.00754e-07
9.82823e-08
9.50482e-08
9.15024e-08
8.75584e-08
8.35767e-08
7.90831e-08
7.38817e-08
6.99984e-08
6.89602e-08
7.04314e-08
7.14141e-08
6.92706e-08
6.62142e-08
6.3145e-08
5.85771e-08
5.1877e-08
4.59917e-08
4.20946e-08
3.82932e-08
3.35792e-08
3.03936e-08
3.30287e-08
3.85119e-08
4.14029e-08
4.04574e-08
3.6941e-08
3.31178e-08
3.10104e-08
2.66068e-08
1.87388e-08
1.5259e-08
1.24552e-08
1.5151e-09
0
0
0
0
0
0
0
0
0
0
0
0
0
0
0
0
0
0
0
0
0
0
0
0
0
0
0
0
0
2.4343e-12
6.8227e-12
9.8408e-12
1.17398e-11
1.27374e-11
1.30272e-11
1.2806e-11
1.22471e-11
1.14733e-11
1.05621e-11
9.56319e-12
8.53748e-12
7.54359e-12
6.61526e-12
5.74988e-12
4.94235e-12
4.20067e-12
3.52182e-12
2.89735e-12
2.32891e-12
1.80795e-12
1.32221e-12
8.66725e-13
4.28598e-13
0
0
0
0
0
0
0
0
0
0
0
0
0
0
0
0
0
0
0
0
0
0
0
0
1.20642e-09
1.38431e-09
0
0
0
5.26736e-11
2.40424e-09
2.9109e-09
1.19426e-09
1.12444e-10
3.86195e-10
1.34763e-09
1.44534e-09
0
0
0
0
0
0
0
0
0
2.8762e-09
6.02955e-09
6.96126e-09
5.11941e-09
0
0
0
0
0
0
0
0
0
0
0
0
0
0
0
0
0
0
0
0
0
0
0
0
0
1.68538e-08
4.90575e-08
8.02749e-08
1.3109e-07
1.79097e-07
1.32237e-07
1.16638e-07
1.05031e-07
9.79938e-08
9.54782e-08
9.56439e-08
9.66523e-08
9.82027e-08
9.94162e-08
9.87849e-08
9.5015e-08
9.1222e-08
8.96832e-08
8.94463e-08
8.81705e-08
8.6044e-08
8.39338e-08
8.20327e-08
7.96274e-08
7.56303e-08
7.00187e-08
6.52351e-08
6.34101e-08
6.45845e-08
6.61369e-08
6.50431e-08
6.248e-08
5.97928e-08
5.60167e-08
5.00955e-08
4.43038e-08
4.0007e-08
3.5423e-08
3.01634e-08
2.75065e-08
3.15182e-08
3.85117e-08
4.25854e-08
4.32563e-08
4.11986e-08
3.73394e-08
3.33914e-08
2.76955e-08
1.8231e-08
1.24767e-08
9.05383e-09
0
0
0
0
0
0
0
0
0
0
0
0
0
0
0
0
0
0
0
0
0
0
0
0
0
0
0
0
6.65609e-12
1.35585e-11
1.85407e-11
2.18463e-11
2.37493e-11
2.45168e-11
2.43901e-11
2.36017e-11
2.23678e-11
2.08456e-11
1.91382e-11
1.73448e-11
1.55571e-11
1.38364e-11
1.22096e-11
1.06927e-11
9.29366e-12
8.00907e-12
6.83771e-12
5.78183e-12
4.83648e-12
3.98955e-12
3.22234e-12
2.5207e-12
1.87558e-12
1.27141e-12
6.86033e-13
9.88043e-14
0
0
0
0
0
0
0
0
0
0
0
0
0
0
0
0
0
0
0
0
0
0
0
0
9.36272e-10
1.62297e-09
2.00052e-09
2.31816e-09
2.97189e-09
2.22569e-09
6.647e-10
0
0
0
0
0
0
0
0
0
0
0
0
0
1.13455e-09
6.70388e-10
0
0
1.77532e-09
2.91131e-09
0
0
0
0
0
0
0
0
0
0
0
0
0
0
1.89765e-09
0
0
0
0
0
0
0
0
0
1.50237e-08
6.35461e-08
1.28893e-07
1.13056e-07
1.01948e-07
9.29877e-08
8.80286e-08
8.68057e-08
8.6737e-08
8.63967e-08
8.58389e-08
8.5292e-08
8.39475e-08
8.22077e-08
8.10838e-08
8.12369e-08
8.26908e-08
8.2531e-08
8.06783e-08
7.85236e-08
7.7034e-08
7.60057e-08
7.4365e-08
7.08473e-08
6.52343e-08
6.01734e-08
5.77911e-08
5.84822e-08
6.03541e-08
6.02182e-08
5.80338e-08
5.54932e-08
5.23366e-08
4.74839e-08
4.21615e-08
3.77401e-08
3.25488e-08
2.6494e-08
2.39423e-08
2.86812e-08
3.69811e-08
4.16944e-08
4.32147e-08
4.23458e-08
3.91366e-08
3.47248e-08
2.89423e-08
1.93488e-08
1.14515e-08
7.28021e-09
0
0
0
0
0
0
0
0
0
0
0
0
0
0
0
0
0
0
0
0
0
0
0
0
0
0
8.00002e-12
1.84677e-11
2.64605e-11
3.21966e-11
3.59563e-11
3.80389e-11
3.87396e-11
3.83339e-11
3.70744e-11
3.51946e-11
3.28972e-11
3.03398e-11
2.76532e-11
2.49559e-11
2.23341e-11
1.98351e-11
1.74886e-11
1.53201e-11
1.33382e-11
1.15347e-11
9.90536e-12
8.44732e-12
7.14506e-12
5.97941e-12
4.93386e-12
3.99344e-12
3.14416e-12
2.36608e-12
1.6339e-12
9.2044e-13
1.90745e-13
0
0
0
0
0
0
0
0
0
0
0
0
0
0
0
0
0
0
0
0
0
3.39728e-09
2.05204e-09
0
0
0
1.49346e-08
3.51129e-08
4.4447e-08
3.82941e-08
2.51088e-08
1.33538e-08
4.69251e-09
0
0
0
0
0
0
0
0
1.4438e-09
1.63572e-09
0
0
0
0
0
0
0
0
0
0
0
0
0
0
0
0
0
0
0
2.7439e-09
6.88665e-09
8.45684e-09
8.52167e-09
5.6153e-09
0
0
0
0
0
0
2.83594e-09
6.69979e-08
7.87214e-08
7.67546e-08
7.3317e-08
7.23557e-08
7.35929e-08
7.50081e-08
7.55235e-08
7.55233e-08
7.53344e-08
7.46648e-08
7.41054e-08
7.43711e-08
7.51875e-08
7.61632e-08
7.61989e-08
7.42387e-08
7.16313e-08
6.98329e-08
6.93397e-08
6.88827e-08
6.75982e-08
6.45881e-08
5.96545e-08
5.51071e-08
5.25434e-08
5.26524e-08
5.45144e-08
5.49701e-08
5.30843e-08
5.0518e-08
4.78588e-08
4.42157e-08
3.97262e-08
3.54857e-08
2.99484e-08
2.3134e-08
2.03394e-08
2.49088e-08
3.4038e-08
3.91861e-08
4.08729e-08
4.07087e-08
3.82667e-08
3.43602e-08
2.96684e-08
2.16903e-08
1.25768e-08
7.25236e-09
0
0
0
0
0
0
0
0
0
0
0
0
0
0
0
0
0
0
0
0
0
0
0
0
2.80474e-12
1.80707e-11
3.03968e-11
3.98448e-11
4.66024e-11
5.09755e-11
5.33334e-11
5.40535e-11
5.34625e-11
5.1842e-11
4.94511e-11
4.6516e-11
4.32339e-11
3.97699e-11
3.62508e-11
3.27696e-11
2.93922e-11
2.6169e-11
2.31399e-11
2.03336e-11
1.77627e-11
1.54238e-11
1.3311e-11
1.14156e-11
9.72163e-12
8.21308e-12
6.87362e-12
5.6834e-12
4.62219e-12
3.66785e-12
2.79259e-12
1.96643e-12
1.15152e-12
2.94025e-13
0
0
0
0
0
0
0
0
0
0
0
0
0
0
0
0
0
0
0
0
9.53926e-09
0
0
0
0
8.59819e-09
1.74036e-08
2.01821e-08
1.85127e-08
1.55739e-08
1.26704e-08
8.99036e-09
3.72182e-09
0
0
0
0
0
0
0
2.26365e-09
2.91243e-08
0
0
0
0
0
0
0
0
0
0
0
0
0
0
0
0
0
0
0
0
0
2.97659e-09
1.06298e-08
1.83443e-08
2.17584e-08
1.95555e-08
8.25487e-09
0
0
7.57674e-09
2.9305e-08
4.36424e-08
4.95677e-08
5.34925e-08
5.85591e-08
6.32274e-08
6.56738e-08
6.64851e-08
6.68694e-08
6.74793e-08
6.78914e-08
6.73086e-08
6.66356e-08
6.64694e-08
6.67398e-08
6.64441e-08
6.49186e-08
6.23342e-08
6.04162e-08
6.01707e-08
6.08364e-08
6.07462e-08
5.96317e-08
5.7038e-08
5.32821e-08
4.96895e-08
4.76922e-08
4.77018e-08
4.90182e-08
4.91863e-08
4.71079e-08
4.43887e-08
4.20147e-08
3.95257e-08
3.6262e-08
3.26318e-08
2.7355e-08
2.03136e-08
1.72347e-08
2.08683e-08
2.98448e-08
3.5457e-08
3.68133e-08
3.68367e-08
3.50772e-08
3.21499e-08
2.92813e-08
2.42222e-08
1.58059e-08
9.03553e-09
1.73078e-09
0
0
0
0
0
0
0
0
0
0
0
0
0
0
0
0
0
0
0
0
0
0
8.32784e-12
2.56987e-11
4.00083e-11
5.13565e-11
5.97434e-11
6.53736e-11
6.85816e-11
6.97371e-11
6.92083e-11
6.73609e-11
6.45267e-11
6.09856e-11
5.69735e-11
5.26927e-11
4.83096e-11
4.39495e-11
3.97069e-11
3.56532e-11
3.18327e-11
2.82639e-11
2.49614e-11
2.19319e-11
1.91715e-11
1.66708e-11
1.44191e-11
1.24024e-11
1.06039e-11
9.00479e-12
7.58398e-12
6.32189e-12
5.19805e-12
4.1891e-12
3.26768e-12
2.40127e-12
1.5448e-12
6.38263e-13
0
0
0
0
0
0
0
0
0
0
0
0
0
0
0
0
0
0
0
7.5041e-08
6.98109e-08
5.69035e-08
4.3014e-08
2.99065e-08
1.95986e-08
1.35393e-08
1.11687e-08
9.8177e-09
7.73151e-09
4.65903e-09
9.10863e-10
0
0
0
0
0
0
0
0
0
0
0
0
0
0
0
0
0
0
0
0
0
0
0
0
0
0
0
0
0
5.14295e-09
1.04108e-08
1.29025e-08
1.49277e-08
1.73902e-08
2.09662e-08
2.34448e-08
2.12985e-08
1.67432e-08
1.61454e-08
2.02547e-08
2.66517e-08
3.33231e-08
4.08088e-08
4.79828e-08
5.2777e-08
5.49405e-08
5.5698e-08
5.6381e-08
5.73858e-08
5.83621e-08
5.87191e-08
5.76883e-08
5.59278e-08
5.46783e-08
5.40389e-08
5.30941e-08
5.17322e-08
5.05802e-08
5.06818e-08
5.1947e-08
5.28228e-08
5.26463e-08
5.14952e-08
4.94085e-08
4.68779e-08
4.45422e-08
4.29886e-08
4.26492e-08
4.33009e-08
4.31257e-08
4.09607e-08
3.8172e-08
3.59866e-08
3.41905e-08
3.20158e-08
2.91903e-08
2.45332e-08
1.78926e-08
1.49077e-08
1.73528e-08
2.48623e-08
3.08536e-08
3.16848e-08
3.12796e-08
3.01212e-08
2.84026e-08
2.76084e-08
2.58211e-08
1.99782e-08
1.2622e-08
6.67657e-09
0
0
0
0
0
0
0
0
0
0
0
0
0
0
0
0
0
0
0
0
0
1.17718e-11
3.10433e-11
4.59344e-11
5.83834e-11
6.81818e-11
7.5122e-11
7.93364e-11
8.11851e-11
8.11121e-11
7.95505e-11
7.68734e-11
7.33786e-11
6.92963e-11
6.481e-11
6.00743e-11
5.52219e-11
5.03659e-11
4.5604e-11
4.1019e-11
3.66749e-11
3.26131e-11
2.88555e-11
2.54105e-11
2.22744e-11
1.94381e-11
1.689e-11
1.46147e-11
1.25926e-11
1.08032e-11
9.22428e-12
7.83521e-12
6.61479e-12
5.54126e-12
4.59165e-12
3.74566e-12
2.98141e-12
2.30265e-12
1.87706e-12
0
0
0
0
0
0
0
0
0
0
0
0
0
0
0
0
0
0
8.56197e-08
7.93212e-08
6.42368e-08
4.71155e-08
2.9801e-08
1.49154e-08
4.60218e-09
0
0
0
0
0
0
0
0
0
0
0
0
0
0
0
0
0
0
0
0
0
0
0
0
0
0
0
0
0
0
0
0
0
9.62164e-10
2.18098e-09
4.72304e-09
8.41288e-09
1.15568e-08
1.37397e-08
1.60788e-08
1.92807e-08
2.26387e-08
2.50259e-08
2.66062e-08
2.83366e-08
3.08979e-08
3.43417e-08
3.79086e-08
4.08457e-08
4.30931e-08
4.49878e-08
4.66638e-08
4.81597e-08
4.9266e-08
4.9469e-08
4.80306e-08
4.53087e-08
4.28812e-08
4.18484e-08
4.1995e-08
4.23458e-08
4.26228e-08
4.32158e-08
4.44209e-08
4.54735e-08
4.58128e-08
4.53183e-08
4.40169e-08
4.26038e-08
4.12893e-08
4.00487e-08
3.89519e-08
3.81725e-08
3.78341e-08
3.70167e-08
3.48199e-08
3.21298e-08
3.01259e-08
2.89153e-08
2.76457e-08
2.56587e-08
2.18727e-08
1.6252e-08
1.39413e-08
1.55627e-08
2.05432e-08
2.62812e-08
2.66772e-08
2.51007e-08
2.43865e-08
2.40213e-08
2.52912e-08
2.65377e-08
2.38576e-08
1.76258e-08
1.19402e-08
1.48166e-09
0
0
0
0
0
0
0
0
0
0
0
0
0
0
0
0
0
0
0
1.50958e-11
4.16805e-11
5.39198e-11
6.36118e-11
7.26563e-11
8.01238e-11
8.52915e-11
8.80295e-11
8.85697e-11
8.72983e-11
8.464e-11
8.09943e-11
7.66994e-11
7.20184e-11
6.71425e-11
6.22037e-11
5.72916e-11
5.24686e-11
4.77827e-11
4.32749e-11
3.89801e-11
3.49258e-11
3.11323e-11
2.76134e-11
2.4375e-11
2.14177e-11
1.87383e-11
1.63287e-11
1.41762e-11
1.22663e-11
1.05815e-11
9.10548e-12
7.82077e-12
6.71285e-12
5.76594e-12
4.97274e-12
4.32926e-12
3.86139e-12
3.54782e-12
0
0
0
0
0
0
0
0
0
0
0
0
0
0
0
0
0
0
4.26891e-08
4.67875e-08
4.46448e-08
3.70731e-08
2.46486e-08
1.04055e-08
0
0
0
0
0
0
0
0
0
0
0
0
0
0
0
0
0
0
0
0
0
0
0
0
0
0
0
0
0
0
0
0
0
0
0
2.60712e-09
8.21589e-09
1.24582e-08
1.51779e-08
1.76004e-08
2.14058e-08
2.68949e-08
3.17892e-08
3.35208e-08
3.22448e-08
3.0365e-08
3.02139e-08
3.19734e-08
3.45538e-08
3.7295e-08
3.97929e-08
4.14718e-08
4.24087e-08
4.2566e-08
4.18779e-08
4.02741e-08
3.76989e-08
3.54296e-08
3.50457e-08
3.6224e-08
3.77511e-08
3.90207e-08
3.99737e-08
4.06297e-08
4.10127e-08
4.12409e-08
4.11384e-08
4.04464e-08
3.94322e-08
3.87299e-08
3.82349e-08
3.75895e-08
3.66271e-08
3.5662e-08
3.46992e-08
3.32126e-08
3.09136e-08
2.83559e-08
2.62709e-08
2.49847e-08
2.41362e-08
2.28129e-08
2.00094e-08
1.59757e-08
1.50005e-08
1.65269e-08
1.88146e-08
2.3097e-08
2.33406e-08
2.02321e-08
1.92061e-08
1.99992e-08
2.31216e-08
2.70514e-08
2.69644e-08
2.25972e-08
1.71181e-08
1.20647e-08
0
0
0
0
0
0
0
0
0
0
0
0
0
0
0
0
0
0
1.16223e-11
6.94505e-11
8.17605e-11
8.09082e-11
8.06471e-11
8.35874e-11
8.73341e-11
9.00772e-11
9.10779e-11
9.0289e-11
8.79628e-11
8.44438e-11
8.00782e-11
7.51745e-11
6.99875e-11
6.47147e-11
5.94999e-11
5.44419e-11
4.96049e-11
4.50289e-11
4.07412e-11
3.67527e-11
3.30583e-11
2.96448e-11
2.64971e-11
2.36008e-11
2.09446e-11
1.85199e-11
1.63195e-11
1.43349e-11
1.2559e-11
1.09837e-11
9.60125e-12
8.40097e-12
7.37746e-12
6.52291e-12
5.8427e-12
5.33673e-12
4.99813e-12
4.35109e-12
7.55015e-13
0
0
0
0
0
0
0
0
0
0
0
0
0
0
0
0
0
5.01091e-09
1.366e-08
1.76784e-08
1.77497e-08
1.36641e-08
7.05602e-09
4.29092e-10
0
0
0
0
0
0
0
0
0
0
0
0
0
1.46401e-09
7.03291e-09
6.50539e-09
0
0
0
0
0
0
0
0
0
0
0
0
0
0
0
0
0
3.85613e-09
8.84866e-09
1.25991e-08
1.54221e-08
1.75657e-08
1.93173e-08
2.08501e-08
2.19733e-08
2.2217e-08
2.16985e-08
2.13901e-08
2.20978e-08
2.38204e-08
2.6203e-08
2.84678e-08
3.01185e-08
3.11115e-08
3.15177e-08
3.15031e-08
3.10691e-08
3.00898e-08
2.85296e-08
2.7211e-08
2.74895e-08
2.90496e-08
3.07003e-08
3.19599e-08
3.28571e-08
3.33691e-08
3.34304e-08
3.33535e-08
3.34018e-08
3.33593e-08
3.28933e-08
3.22607e-08
3.18451e-08
3.165e-08
3.12577e-08
3.03912e-08
2.92985e-08
2.80845e-08
2.64806e-08
2.44701e-08
2.23057e-08
2.04044e-08
1.92938e-08
1.88423e-08
1.81041e-08
1.62137e-08
1.38915e-08
1.44262e-08
1.61308e-08
1.63064e-08
1.85371e-08
1.92935e-08
1.52176e-08
1.28178e-08
1.41239e-08
1.83801e-08
2.40833e-08
2.53151e-08
2.17934e-08
1.66386e-08
1.40538e-08
7.69277e-09
0
0
0
0
0
0
0
0
0
0
0
0
0
0
0
0
0
9.04634e-11
1.29845e-10
1.2362e-10
1.0594e-10
9.16245e-11
8.46466e-11
8.29747e-11
8.29329e-11
8.25678e-11
8.11762e-11
7.86863e-11
7.52674e-11
7.11571e-11
6.65926e-11
6.1784e-11
5.6906e-11
5.20948e-11
4.74485e-11
4.30302e-11
3.88754e-11
3.4996e-11
3.13972e-11
2.80822e-11
2.50484e-11
2.22881e-11
1.97903e-11
1.75415e-11
1.55263e-11
1.37289e-11
1.21317e-11
1.07173e-11
9.46628e-12
8.37131e-12
7.42614e-12
6.63198e-12
5.98117e-12
5.48316e-12
5.1203e-12
4.84317e-12
4.19651e-12
2.43986e-12
1.13885e-12
5.16806e-13
1.73931e-13
4.30392e-15
0
0
0
0
0
0
0
0
0
0
0
0
0
0
0
0
0
0
2.96035e-09
6.03023e-09
6.20153e-09
3.77924e-09
0
0
0
0
0
0
0
0
0
0
0
0
0
0
0
0
0
1.03482e-09
3.45685e-09
4.58973e-09
4.54473e-09
3.99543e-09
3.59706e-09
3.63314e-09
4.54945e-09
7.03924e-09
1.04364e-08
1.28821e-08
1.36291e-08
1.31356e-08
1.19001e-08
1.0377e-08
9.04206e-09
8.23397e-09
7.97873e-09
7.93335e-09
7.58569e-09
6.82056e-09
6.3514e-09
6.82658e-09
7.89894e-09
9.04457e-09
1.02602e-08
1.15297e-08
1.27113e-08
1.37791e-08
1.47622e-08
1.56272e-08
1.62251e-08
1.62995e-08
1.5511e-08
1.36356e-08
1.13277e-08
1.0301e-08
1.12279e-08
1.30433e-08
1.48064e-08
1.62457e-08
1.7265e-08
1.77352e-08
1.76695e-08
1.76691e-08
1.81048e-08
1.8527e-08
1.8526e-08
1.82615e-08
1.80926e-08
1.81939e-08
1.80326e-08
1.72539e-08
1.63044e-08
1.55041e-08
1.45537e-08
1.30958e-08
1.10838e-08
9.13839e-09
8.15923e-09
8.48749e-09
8.77909e-09
7.69765e-09
6.64285e-09
8.38361e-09
1.00819e-08
8.97614e-09
9.59124e-09
1.14056e-08
7.90329e-09
3.71322e-09
5.26253e-09
1.04022e-08
1.71507e-08
1.89086e-08
1.4759e-08
8.99413e-09
6.95808e-09
1.18597e-08
2.78102e-09
0
0
0
0
0
0
0
0
0
0
0
0
0
0
0
0
1.4339e-10
1.75252e-10
1.56572e-10
1.25702e-10
9.90714e-11
8.17117e-11
7.34718e-11
7.06708e-11
6.95467e-11
6.83096e-11
6.64162e-11
6.38444e-11
6.07307e-11
5.72307e-11
5.34809e-11
4.9596e-11
4.56725e-11
4.17918e-11
3.80209e-11
3.44125e-11
3.1004e-11
2.78181e-11
2.48658e-11
2.21498e-11
1.96684e-11
1.7418e-11
1.53915e-11
1.358e-11
1.19708e-11
1.05484e-11
9.30005e-12
8.21406e-12
7.27993e-12
6.48354e-12
5.82268e-12
5.28485e-12
4.87431e-12
4.55624e-12
4.267e-12
3.7219e-12
2.7225e-12
1.70499e-12
1.06784e-12
6.57641e-13
4.37921e-13
2.77759e-13
1.91921e-13
1.06699e-13
5.03484e-14
0
0
0
0
0
0
0
0
0
0
0
0
0
0
0
0
0
0
8.07632e-09
2.16323e-08
2.24582e-08
9.79175e-09
0
0
0
0
0
0
0
5.2172e-09
2.86409e-08
3.70729e-08
3.43331e-08
2.77081e-08
2.20036e-08
1.83129e-08
1.57515e-08
1.36312e-08
1.27853e-08
1.60346e-08
2.74249e-08
4.77314e-08
6.74167e-08
7.17373e-08
5.93268e-08
4.00376e-08
2.17476e-08
7.73025e-09
0
0
0
0
0
0
0
0
1.02165e-09
2.56659e-09
2.37349e-09
4.85754e-10
0
0
0
0
0
0
0
0
0
0
0
0
0
0
0
0
0
0
0
0
0
0
0
0
0
0
0
0
0
0
0
0
0
0
0
0
0
0
0
0
0
0
0
0
0
0
0
0
6.02719e-09
8.40442e-09
3.6438e-09
0
0
4.30037e-09
1.70255e-08
1.55681e-09
0
0
0
0
0
0
0
0
0
0
0
0
0
0
0
1.45059e-10
1.88399e-10
1.69373e-10
1.33347e-10
9.99016e-11
7.55379e-11
6.04663e-11
5.29095e-11
4.97868e-11
4.83342e-11
4.71275e-11
4.56515e-11
4.38052e-11
4.16359e-11
3.92321e-11
3.66838e-11
3.40683e-11
3.14477e-11
2.88728e-11
2.63857e-11
2.40202e-11
2.1798e-11
1.9728e-11
1.78081e-11
1.60325e-11
1.43939e-11
1.289e-11
1.15173e-11
1.02746e-11
9.15842e-12
8.16602e-12
7.29147e-12
6.53226e-12
5.88258e-12
5.34218e-12
4.89961e-12
4.5589e-12
4.27108e-12
3.99616e-12
3.54019e-12
2.85778e-12
2.06546e-12
1.51007e-12
1.07786e-12
8.52439e-13
7.01523e-13
6.41178e-13
5.70449e-13
5.85306e-13
5.3212e-13
5.1502e-13
2.8333e-13
1.82041e-14
0
0
0
0
0
0
0
0
0
0
0
0
0
0
0
3.75018e-08
7.58168e-08
8.40363e-08
6.79029e-08
4.55561e-08
3.09251e-08
2.84781e-08
3.65282e-08
5.05646e-08
6.51559e-08
7.50981e-08
7.65901e-08
6.95491e-08
5.68726e-08
4.22411e-08
2.84078e-08
1.65831e-08
7.55422e-09
4.37771e-09
1.46412e-08
4.65596e-08
9.53798e-08
1.39019e-07
1.54885e-07
1.40209e-07
1.0813e-07
7.2011e-08
3.95182e-08
1.47004e-08
0
0
0
0
0
0
0
0
0
0
0
0
0
0
0
0
0
0
0
0
0
0
0
0
0
0
0
0
0
0
0
0
0
0
0
0
0
0
0
0
0
0
0
0
0
0
0
0
0
0
0
0
0
0
0
0
0
0
0
0
0
0
0
0
0
0
1.46817e-08
2.17852e-08
0
0
0
0
0
0
0
0
0
0
0
0
0
0
0
9.43753e-11
1.75154e-10
1.70018e-10
1.36654e-10
1.01041e-10
7.26888e-11
5.35525e-11
4.22735e-11
3.67067e-11
3.44481e-11
3.34782e-11
3.27522e-11
3.18899e-11
3.08012e-11
2.95005e-11
2.80325e-11
2.6447e-11
2.47917e-11
2.31099e-11
2.14397e-11
1.98126e-11
1.82464e-11
1.67524e-11
1.53363e-11
1.40019e-11
1.27514e-11
1.15869e-11
1.05087e-11
9.51689e-12
8.60947e-12
7.78816e-12
7.05077e-12
6.40178e-12
5.83866e-12
5.36477e-12
4.96569e-12
4.64957e-12
4.35587e-12
4.07784e-12
3.65292e-12
3.09291e-12
2.45642e-12
1.94332e-12
1.52714e-12
1.37035e-12
1.22982e-12
1.25884e-12
1.28769e-12
1.55285e-12
1.70565e-12
2.28385e-12
2.17099e-12
2.42929e-12
1.16876e-12
0
0
0
0
0
0
0
0
0
0
0
0
0
1.18359e-07
2.29043e-07
2.75273e-07
2.7866e-07
2.58588e-07
2.29215e-07
1.99064e-07
1.72558e-07
1.51172e-07
1.3507e-07
1.23988e-07
1.16753e-07
1.12103e-07
1.08818e-07
1.05166e-07
9.90559e-08
8.94715e-08
7.75763e-08
6.74723e-08
6.58183e-08
7.78027e-08
1.02411e-07
1.32482e-07
1.58626e-07
1.68196e-07
1.56668e-07
1.28005e-07
9.09362e-08
5.63241e-08
3.48459e-08
2.90416e-08
3.37703e-08
4.04863e-08
4.26874e-08
3.75241e-08
2.49531e-08
7.61969e-09
0
0
0
0
0
0
0
0
0
0
0
0
0
0
0
0
0
0
0
0
0
0
0
0
0
0
0
0
0
0
0
0
0
0
0
0
0
0
0
0
0
0
0
0
0
0
0
0
0
0
0
0
0
0
0
0
0
0
0
6.13179e-09
2.35449e-08
1.75087e-08
0
0
0
0
0
0
0
0
0
0
0
0
0
0
0
1.06513e-10
1.43258e-10
1.27684e-10
9.81363e-11
7.04959e-11
4.98279e-11
3.66356e-11
2.95023e-11
2.62996e-11
2.51353e-11
2.47359e-11
2.44758e-11
2.41251e-11
2.36198e-11
2.29537e-11
2.2142e-11
2.12111e-11
2.01918e-11
1.91132e-11
1.79945e-11
1.686e-11
1.57285e-11
1.46148e-11
1.35308e-11
1.24861e-11
1.1488e-11
1.05419e-11
9.65143e-12
8.81876e-12
8.05027e-12
7.34682e-12
6.71835e-12
6.164e-12
5.68589e-12
5.27971e-12
4.94054e-12
4.61293e-12
4.31794e-12
3.87697e-12
3.4078e-12
2.85843e-12
2.39448e-12
2.04633e-12
1.9476e-12
1.84586e-12
2.03101e-12
2.21658e-12
2.90876e-12
3.45969e-12
4.97906e-12
5.53524e-12
8.49914e-12
6.31457e-12
7.61495e-12
0
0
0
0
0
0
0
0
0
0
0
0
0
1.09003e-08
1.01893e-07
1.75064e-07
2.23222e-07
2.46037e-07
2.47565e-07
2.34133e-07
2.12217e-07
1.87046e-07
1.64131e-07
1.47245e-07
1.37654e-07
1.34739e-07
1.36092e-07
1.39102e-07
1.4249e-07
1.46071e-07
1.49774e-07
1.53697e-07
1.58375e-07
1.63908e-07
1.70033e-07
1.7441e-07
1.71829e-07
1.55917e-07
1.25248e-07
8.94073e-08
6.1845e-08
4.81713e-08
4.58319e-08
4.9719e-08
5.54601e-08
5.87369e-08
5.22196e-08
2.97133e-08
0
0
0
0
0
0
0
0
0
0
0
0
0
0
0
0
0
0
0
0
0
0
0
0
0
0
0
0
0
0
0
0
0
0
0
0
0
0
0
0
0
0
0
0
0
0
0
0
0
0
0
0
0
0
0
0
0
0
0
0
0
1.53074e-08
2.26427e-08
9.58024e-09
0
0
0
0
0
0
0
0
0
0
0
0
0
0
0
2.43972e-11
7.12959e-11
7.2189e-11
5.84485e-11
4.34674e-11
3.20167e-11
2.50989e-11
2.19625e-11
2.10545e-11
2.10549e-11
2.12741e-11
2.14411e-11
2.14638e-11
2.13132e-11
2.09872e-11
2.04996e-11
1.98733e-11
1.91339e-11
1.83074e-11
1.74153e-11
1.64782e-11
1.55148e-11
1.45437e-11
1.35804e-11
1.26376e-11
1.17233e-11
1.08428e-11
1.00004e-11
9.20462e-12
8.45904e-12
7.77935e-12
7.16367e-12
6.61931e-12
6.13867e-12
5.71659e-12
5.29993e-12
4.92591e-12
4.41944e-12
3.96031e-12
3.42065e-12
2.98962e-12
2.667e-12
2.6415e-12
2.57631e-12
2.96529e-12
3.33043e-12
4.61636e-12
5.64676e-12
8.73753e-12
1.01427e-11
1.70096e-11
1.45281e-11
2.4018e-11
4.73729e-12
9.93127e-13
0
0
0
2.74224e-08
5.13121e-08
6.09021e-08
5.07779e-08
2.48903e-08
0
0
0
0
0
2.19321e-08
6.66453e-08
9.93441e-08
1.14127e-07
1.1378e-07
1.06164e-07
9.92335e-08
9.77604e-08
1.03015e-07
1.13715e-07
1.27496e-07
1.42393e-07
1.58303e-07
1.76848e-07
1.99105e-07
2.23297e-07
2.45592e-07
2.62023e-07
2.70425e-07
2.70908e-07
2.64583e-07
2.51167e-07
2.26636e-07
1.83979e-07
1.23975e-07
6.48183e-08
2.59715e-08
1.22239e-08
1.60905e-08
2.58278e-08
2.81178e-08
1.12664e-08
0
0
0
0
0
0
0
0
0
0
0
0
0
0
0
0
0
0
0
0
0
0
0
0
0
0
0
0
0
0
0
0
0
0
0
0
0
0
0
0
0
0
0
0
0
0
0
0
0
0
0
0
0
0
0
0
0
0
0
0
0
0
3.38332e-09
1.60364e-08
1.74685e-08
5.96833e-09
0
0
0
0
0
0
0
0
0
0
0
0
0
0
0
0
2.40662e-11
3.84006e-11
3.69993e-11
3.24167e-11
2.93272e-11
2.83581e-11
2.86146e-11
2.92404e-11
2.98022e-11
3.01461e-11
3.02351e-11
3.00739e-11
2.9681e-11
2.90814e-11
2.82974e-11
2.73488e-11
2.62552e-11
2.50415e-11
2.37373e-11
2.23734e-11
2.09814e-11
1.95887e-11
1.82172e-11
1.68803e-11
1.55861e-11
1.43402e-11
1.3153e-11
1.20316e-11
1.0993e-11
1.00396e-11
9.17734e-12
8.39621e-12
7.7012e-12
7.02133e-12
6.4244e-12
5.72645e-12
5.12e-12
4.48111e-12
3.98818e-12
3.57667e-12
3.61827e-12
3.56106e-12
4.17172e-12
4.70387e-12
6.70554e-12
8.23275e-12
1.33695e-11
1.55723e-11
2.77847e-11
2.46884e-11
5.31383e-11
1.5781e-11
2.72786e-11
0
0
0
0
0
0
0
0
0
0
3.83341e-08
7.9255e-08
1.07651e-07
1.21159e-07
1.1972e-07
1.07589e-07
9.42059e-08
9.02814e-08
1.01282e-07
1.24169e-07
1.51267e-07
1.75138e-07
1.91382e-07
1.98772e-07
1.99176e-07
1.9703e-07
1.97464e-07
2.03509e-07
2.14055e-07
2.2415e-07
2.282e-07
2.24757e-07
2.18904e-07
2.1465e-07
2.14107e-07
2.14005e-07
2.05647e-07
1.78507e-07
1.25958e-07
5.67129e-08
2.64698e-10
0
0
0
0
0
0
0
0
0
0
0
0
0
0
0
0
0
0
0
0
0
0
0
0
0
0
0
0
0
0
0
0
0
0
0
0
0
0
0
0
0
0
0
0
0
0
0
0
0
0
0
0
0
0
0
0
0
0
0
0
0
0
7.65677e-09
1.27492e-08
4.5494e-09
0
0
0
1.08015e-08
1.03414e-08
1.26926e-09
0
0
0
0
0
0
0
0
0
0
0
0
0
1.14657e-10
1.73641e-10
1.65846e-10
1.39584e-10
1.15969e-10
1.01236e-10
9.40779e-11
9.10053e-11
8.93768e-11
8.78839e-11
8.60444e-11
8.37489e-11
8.10183e-11
7.79163e-11
7.45118e-11
7.08793e-11
6.70789e-11
6.31653e-11
5.9185e-11
5.51949e-11
5.12416e-11
4.73615e-11
4.35901e-11
3.99582e-11
3.64946e-11
3.3213e-11
3.0121e-11
2.72212e-11
2.45212e-11
2.20274e-11
1.97452e-11
1.76846e-11
1.58158e-11
1.41634e-11
1.27256e-11
1.1374e-11
1.01965e-11
8.98245e-12
7.88776e-12
6.84266e-12
6.08224e-12
5.29459e-12
5.34e-12
5.20009e-12
6.00186e-12
6.63961e-12
9.41112e-12
1.13805e-11
1.8817e-11
2.14579e-11
3.98792e-11
3.43396e-11
8.70861e-11
2.63292e-11
9.07402e-11
0
1.08373e-07
5.98635e-08
0
0
0
0
0
0
0
0
0
2.61471e-08
6.49803e-08
6.96386e-08
4.26237e-08
4.14253e-09
0
0
0
0
1.21303e-08
1.82758e-08
1.63295e-08
5.87123e-09
0
0
0
0
0
0
0
0
0
0
0
1.3136e-08
7.92481e-08
1.18531e-07
1.15485e-07
8.20445e-08
5.27788e-08
0
0
0
0
0
0
0
0
0
0
0
0
0
0
0
0
0
0
0
0
0
0
0
0
0
0
0
0
0
0
0
0
0
0
0
0
0
0
0
0
0
0
0
0
0
0
0
0
0
0
0
0
0
0
0
0
0
0
0
0
0
1.26578e-08
1.56915e-08
1.45474e-10
0
0
0
0
1.72805e-08
1.82999e-08
1.02589e-08
1.17724e-08
2.32452e-08
3.62541e-08
4.34451e-08
4.15218e-08
3.06395e-08
2.10781e-08
1.44509e-08
1.00116e-08
6.95431e-09
4.79051e-09
3.25655e-09
2.19104e-09
1.47605e-09
1.01786e-09
7.40157e-10
5.80035e-10
4.8812e-10
4.31032e-10
3.90303e-10
3.57257e-10
3.28214e-10
3.01678e-10
2.77036e-10
2.54001e-10
2.32425e-10
2.12207e-10
1.93294e-10
1.75634e-10
1.59134e-10
1.43871e-10
1.29956e-10
1.17197e-10
1.0545e-10
9.46192e-11
8.464e-11
7.54874e-11
6.70503e-11
5.93264e-11
5.22947e-11
4.5938e-11
4.02241e-11
3.51337e-11
3.05997e-11
2.66027e-11
2.30151e-11
1.98054e-11
1.68548e-11
1.42116e-11
1.18452e-11
9.89999e-12
8.26897e-12
7.21458e-12
6.1519e-12
6.07682e-12
5.95183e-12
6.81672e-12
7.49e-12
1.06545e-11
1.27677e-11
2.15984e-11
2.37362e-11
4.63294e-11
3.56848e-11
1.07535e-10
2.3726e-11
1.70999e-10
0
2.78017e-08
0
0
0
0
0
0
0
0
1.27724e-07
1.49954e-07
9.40902e-08
2.82207e-08
0
0
0
0
0
0
0
0
0
0
0
0
0
0
0
0
0
0
0
0
0
0
0
0
0
2.65444e-07
5.05365e-07
5.19461e-07
3.63974e-07
1.14581e-07
0
0
0
0
0
0
0
0
0
0
0
0
0
0
0
0
0
0
0
0
0
0
0
0
0
0
0
0
0
0
0
0
0
0
0
0
0
0
0
0
0
0
0
0
0
0
0
0
4.00308e-09
1.04666e-08
4.78663e-09
0
0
0
0
0
3.37541e-09
1.01864e-08
1.27326e-08
1.06573e-08
4.13728e-09
0
0
0
1.56858e-08
4.35718e-08
7.88502e-08
1.1653e-07
1.45015e-07
1.65052e-07
1.77702e-07
1.80882e-07
1.7484e-07
1.5693e-07
1.17293e-07
8.08882e-08
5.46619e-08
3.64711e-08
2.40956e-08
1.57816e-08
1.0284e-08
6.73125e-09
4.50317e-09
3.15271e-09
2.35532e-09
1.88053e-09
1.57901e-09
1.36512e-09
1.19798e-09
1.05869e-09
9.38422e-10
8.32723e-10
7.38993e-10
6.55474e-10
5.80811e-10
5.13963e-10
4.54058e-10
4.00354e-10
3.52221e-10
3.08961e-10
2.69885e-10
2.34585e-10
2.02555e-10
1.73257e-10
1.46086e-10
1.20418e-10
9.58468e-11
7.22961e-11
5.05364e-11
3.20959e-11
1.83249e-11
9.4085e-12
4.36039e-12
1.81673e-12
6.69884e-13
2.10741e-13
7.07317e-14
5.2947e-14
9.08124e-14
1.34287e-13
1.91829e-13
2.45827e-13
3.17334e-13
3.97317e-13
5.24963e-13
7.70496e-13
1.10992e-12
1.98792e-12
3.27279e-12
7.37638e-12
1.05656e-11
2.60109e-11
2.05078e-11
8.53725e-11
6.59282e-12
1.84307e-10
0
0
0
0
0
0
0
0
0
2.77041e-08
1.07978e-07
1.74021e-07
2.10143e-07
2.09071e-07
1.74151e-07
1.16704e-07
5.01491e-08
0
0
0
0
0
0
0
0
0
0
0
0
0
0
0
0
0
0
0
0
1.09165e-07
1.6537e-07
1.97773e-07
2.20602e-07
2.33093e-07
2.21927e-07
1.7254e-07
9.22117e-08
1.68697e-08
0
0
0
0
6.29121e-09
2.35524e-08
4.51902e-08
7.11304e-08
9.09218e-08
8.45529e-08
5.29742e-08
2.94103e-08
2.65361e-08
2.97723e-08
2.7576e-08
1.72129e-08
1.05248e-09
0
0
0
0
0
0
0
0
0
0
0
0
0
0
3.32833e-09
2.44124e-08
3.46591e-08
3.11683e-08
1.65351e-08
0
0
0
6.55796e-09
2.03673e-08
2.88664e-08
2.87749e-08
2.30816e-08
1.98822e-08
2.69334e-08
4.52135e-08
6.60271e-08
7.39998e-08
6.20563e-08
4.31727e-08
3.62499e-08
4.56864e-08
6.38626e-08
7.51674e-08
6.95839e-08
5.27822e-08
3.50219e-08
2.90314e-08
4.43922e-08
7.43445e-08
1.14667e-07
1.64445e-07
2.26483e-07
3.31749e-07
5.0454e-07
6.52144e-07
6.32732e-07
5.32793e-07
4.45028e-07
3.79933e-07
3.08428e-07
2.17897e-07
1.49362e-07
1.00798e-07
6.73382e-08
4.46434e-08
2.94388e-08
1.94119e-08
1.29392e-08
8.8611e-09
6.34128e-09
4.78391e-09
3.7869e-09
3.10342e-09
2.59749e-09
2.19527e-09
1.85803e-09
1.56429e-09
1.30129e-09
1.06134e-09
8.40773e-10
6.39769e-10
4.62105e-10
3.1331e-10
1.97549e-10
1.14853e-10
6.08022e-11
2.84169e-11
1.06253e-11
1.74569e-12
0
0
0
0
0
0
0
0
0
0
0
0
0
0
0
0
0
0
0
0
0
0
0
3.7112e-15
3.74194e-14
6.02067e-14
2.14052e-13
1.99463e-13
1.05458e-12
3.25684e-13
8.6019e-12
0
5.58935e-11
0
0
0
0
0
0
0
0
0
0
0
0
0
0
0
1.47886e-08
2.41643e-08
1.99837e-08
4.32037e-09
0
0
0
0
0
0
0
0
0
0
0
0
0
0
0
0
0
0
0
0
5.21235e-08
1.05875e-07
1.40535e-07
1.50944e-07
1.38506e-07
1.16088e-07
1.00494e-07
9.97605e-08
1.10352e-07
1.28731e-07
1.58772e-07
2.05018e-07
2.58031e-07
2.90014e-07
2.70361e-07
1.9759e-07
1.00619e-07
1.64194e-08
0
0
0
0
1.66299e-08
2.72388e-08
3.21305e-08
3.68892e-08
4.46188e-08
5.49008e-08
6.71614e-08
8.0398e-08
9.29564e-08
1.04758e-07
1.18178e-07
1.36007e-07
1.60003e-07
1.93618e-07
2.31947e-07
2.6058e-07
2.72628e-07
2.65787e-07
2.41491e-07
2.034e-07
1.61199e-07
1.35172e-07
1.30095e-07
1.42505e-07
1.62659e-07
1.87331e-07
2.10253e-07
2.28554e-07
2.49868e-07
2.68647e-07
2.92354e-07
3.35548e-07
3.79658e-07
3.91675e-07
3.6509e-07
3.15714e-07
2.82593e-07
2.80279e-07
2.90776e-07
2.83309e-07
2.55125e-07
2.24171e-07
2.00835e-07
1.84295e-07
1.75527e-07
1.94264e-07
2.6363e-07
3.51094e-07
3.95569e-07
3.74438e-07
3.18495e-07
2.71909e-07
2.54169e-07
2.61231e-07
2.79018e-07
2.89327e-07
2.62619e-07
2.03889e-07
1.4855e-07
1.02555e-07
6.74595e-08
4.2474e-08
2.57356e-08
1.51139e-08
8.68373e-09
4.93935e-09
2.81752e-09
1.6209e-09
9.3485e-10
5.33074e-10
2.95063e-10
1.54822e-10
7.39416e-11
2.89384e-11
5.27802e-12
0
0
0
0
0
0
0
0
0
0
0
0
0
0
0
0
0
0
0
0
0
0
0
0
0
0
0
0
0
0
0
0
0
0
0
0
0
0
0
9.92837e-14
0
1.16331e-12
0
1.10829e-11
0
0
0
0
0
0
0
0
0
0
0
0
0
0
0
0
9.63841e-10
1.50081e-08
1.74668e-08
1.06902e-08
0
0
0
0
0
0
0
0
0
0
0
0
0
0
0
0
0
0
0
0
0
4.13704e-08
6.45397e-08
6.75903e-08
7.32835e-08
1.03502e-07
1.73079e-07
2.7203e-07
3.29621e-07
2.82886e-07
1.91348e-07
1.16027e-07
6.79131e-08
3.68198e-08
1.37063e-08
0
0
0
0
5.50378e-10
1.59076e-08
2.64164e-08
2.97206e-08
2.77053e-08
2.67101e-08
2.8013e-08
3.57464e-08
5.08589e-08
6.4473e-08
7.37084e-08
7.98431e-08
8.43037e-08
8.63244e-08
8.50486e-08
8.1234e-08
7.70617e-08
7.02498e-08
6.30554e-08
5.74913e-08
5.39672e-08
4.9113e-08
4.00815e-08
2.966e-08
2.03187e-08
1.48761e-08
1.4933e-08
1.91978e-08
2.43355e-08
2.70386e-08
2.87755e-08
3.03699e-08
3.01328e-08
3.06007e-08
3.45501e-08
3.8575e-08
3.8439e-08
3.37129e-08
2.73533e-08
2.41403e-08
2.55847e-08
2.76756e-08
2.66034e-08
2.3093e-08
1.76994e-08
9.15208e-09
1.08525e-09
8.62415e-10
1.07159e-08
2.40326e-08
3.26657e-08
3.19074e-08
2.41563e-08
1.64895e-08
1.52801e-08
2.33576e-08
3.78766e-08
4.88456e-08
4.60728e-08
3.47455e-08
2.1591e-08
1.16114e-08
5.6744e-09
2.59356e-09
1.11978e-09
4.55669e-10
1.71028e-10
5.41888e-11
8.32357e-12
0
0
0
0
0
0
0
0
0
0
0
0
0
0
0
0
0
0
0
0
0
0
0
0
0
0
0
1.12402e-15
1.85663e-15
2.18218e-15
2.35047e-15
2.25838e-15
2.28425e-15
1.83357e-15
1.83118e-15
6.98901e-16
9.51366e-16
0
0
0
0
0
0
0
2.1601e-15
0
2.9929e-15
0
0
5.32848e-13
0
9.35195e-12
0
0
0
0
0
0
0
0
0
0
0
0
0
0
0
0
3.5547e-09
6.75321e-09
7.05285e-09
5.69717e-09
2.79237e-09
0
0
0
0
0
0
0
0
0
0
0
0
0
0
0
0
0
2.93434e-08
3.58827e-08
3.16512e-08
2.47011e-08
1.89241e-08
1.56476e-08
1.42461e-08
1.40122e-08
1.4125e-08
1.41451e-08
1.38608e-08
1.3267e-08
1.19392e-08
9.78021e-09
9.36838e-09
1.02039e-08
1.0567e-08
5.53862e-09
0
0
0
0
0
1.82159e-09
0
0
0
0
0
4.91183e-09
1.2233e-08
1.59328e-08
1.71459e-08
1.70785e-08
1.60126e-08
1.44619e-08
1.3255e-08
1.28842e-08
1.30078e-08
1.40107e-08
1.58688e-08
1.71929e-08
1.55889e-08
1.13311e-08
6.6155e-09
2.95669e-09
4.76391e-10
0
0
0
0
8.63417e-10
4.9675e-09
7.77553e-09
7.97444e-09
6.63449e-09
5.07301e-09
3.25124e-09
1.03492e-09
0
0
2.10541e-09
5.22455e-09
6.34862e-09
4.19649e-09
0
0
0
0
0
0
0
0
0
0
0
0
1.11204e-09
6.15508e-09
5.92844e-09
3.7809e-09
1.99615e-09
9.71752e-10
4.63234e-10
2.22936e-10
1.09527e-10
5.50004e-11
2.83189e-11
1.50627e-11
8.3228e-12
4.78122e-12
2.84941e-12
1.75663e-12
1.11888e-12
7.36491e-13
5.01e-13
3.52392e-13
2.56128e-13
1.92139e-13
1.47958e-13
1.16249e-13
9.27451e-14
7.48579e-14
6.07765e-14
4.93464e-14
4.00248e-14
3.23863e-14
2.60538e-14
2.08135e-14
1.66264e-14
1.32887e-14
1.06377e-14
8.5353e-15
6.90178e-15
5.6428e-15
4.67747e-15
3.97269e-15
3.43604e-15
3.0551e-15
2.72319e-15
2.49427e-15
2.17834e-15
2.01336e-15
1.56996e-15
1.56541e-15
7.64226e-16
1.1722e-15
0
1.1038e-15
0
2.19934e-15
0
6.94303e-15
0
2.49501e-14
0
1.09145e-13
0
2.48009e-13
0
0
9.3219e-12
0
0
0
0
0
0
0
0
0
0
0
0
0
0
2.07588e-09
1.78049e-09
4.2606e-10
0
0
0
0
0
0
0
0
0
0
0
0
0
0
0
0
0
0
2.09179e-10
3.0315e-09
4.1561e-09
3.93762e-09
2.75965e-09
1.31492e-09
0
0
0
0
3.12882e-10
1.37563e-09
2.45646e-09
3.56694e-09
4.4747e-09
4.83047e-09
5.81495e-09
9.65523e-09
1.50914e-08
1.69165e-08
1.23307e-08
4.38752e-09
0
0
0
0
0
0
0
0
0
0
9.06875e-10
6.32729e-09
8.82874e-09
9.23137e-09
8.81971e-09
8.33974e-09
7.87079e-09
7.64322e-09
7.86028e-09
8.22368e-09
8.55521e-09
8.41801e-09
6.96919e-09
4.3324e-09
1.35542e-09
0
0
0
0
0
0
0
1.10983e-09
3.33639e-09
4.60739e-09
4.31209e-09
2.87738e-09
9.77243e-10
0
0
0
0
0
0
0
0
0
0
0
0
0
0
0
0
0
0
3.65354e-10
3.72646e-09
4.28817e-09
3.08369e-09
1.76553e-09
9.21983e-10
4.98808e-10
2.90088e-10
1.80115e-10
1.16217e-10
7.66367e-11
5.15221e-11
3.53177e-11
2.46431e-11
1.74539e-11
1.25144e-11
9.05859e-12
6.60554e-12
4.8408e-12
3.56024e-12
2.6212e-12
1.92972e-12
1.41767e-12
1.03898e-12
7.57804e-13
5.50332e-13
3.97277e-13
2.85196e-13
2.02147e-13
1.41415e-13
9.73297e-14
6.60675e-14
4.40193e-14
2.88573e-14
1.84565e-14
1.16268e-14
7.20136e-15
4.39453e-15
2.57321e-15
1.42989e-15
6.47963e-16
1.34941e-16
0
0
0
0
0
0
0
0
0
0
0
0
0
4.2008e-16
0
7.1706e-15
0
4.16044e-14
0
3.00009e-13
0
1.81388e-12
0
0
7.49092e-12
0
0
0
0
0
0
0
0
0
0
0
0
0
0
0
0
0
0
0
0
0
0
0
5.78208e-10
1.59255e-09
2.36612e-09
2.82649e-09
2.87686e-09
2.53005e-09
1.9937e-09
1.48573e-09
5.11691e-10
0
0
0
0
2.5036e-09
5.00285e-09
6.65514e-09
6.97062e-09
6.18335e-09
4.62238e-09
3.15035e-09
2.5344e-09
2.68672e-09
3.13323e-09
3.34289e-09
3.49796e-09
3.83327e-09
4.74679e-09
6.30042e-09
1.01043e-08
1.73207e-08
2.411e-08
2.29037e-08
1.45293e-08
6.83777e-09
0
0
0
0
0
0
0
0
0
0
0
8.65286e-10
1.0822e-09
9.92143e-10
1.38933e-09
2.64561e-09
4.12609e-09
5.19367e-09
5.71537e-09
5.49277e-09
4.26779e-09
1.9329e-09
0
0
0
0
0
0
0
5.97464e-10
1.2505e-09
1.58173e-09
1.79473e-09
1.80199e-09
1.50197e-09
8.1326e-10
0
0
0
0
0
0
0
0
0
0
0
0
0
0
0
0
0
8.08218e-10
2.44575e-09
3.19171e-09
2.94778e-09
2.12283e-09
1.2467e-09
6.43274e-10
3.40126e-10
2.03158e-10
1.42358e-10
1.08465e-10
8.51005e-11
6.63372e-11
5.10527e-11
3.8906e-11
2.94604e-11
2.22304e-11
1.67407e-11
1.259e-11
9.45273e-12
7.0818e-12
5.28715e-12
3.93056e-12
2.90438e-12
2.13189e-12
1.55078e-12
1.1177e-12
7.9594e-13
5.59043e-13
3.84932e-13
2.59179e-13
1.69759e-13
1.07787e-13
6.56681e-14
3.81576e-14
2.06449e-14
1.00157e-14
3.9102e-15
7.65343e-16
0
0
0
0
0
0
0
0
0
0
0
0
0
0
0
0
0
0
0
0
0
0
0
1.20541e-14
0
2.44577e-13
0
2.5827e-12
0
7.30252e-13
0
0
0
0
0
0
0
0
0
0
0
0
0
0
0
0
0
0
0
0
0
0
0
0
0
0
0
0
0
0
1.4836e-09
4.29866e-09
6.29385e-09
5.61283e-09
2.33495e-09
0
0
0
0
0
0
0
0
0
0
0
0
0
0
0
0
0
3.70094e-09
1.36909e-08
2.31665e-08
2.23782e-08
1.18149e-08
5.68873e-09
4.5731e-09
7.30176e-09
1.66288e-08
3.12864e-08
3.41776e-08
2.50112e-08
1.47166e-08
8.92197e-09
6.59349e-09
1.69014e-09
0
0
0
0
0
0
0
0
0
0
0
0
0
0
0
0
0
0
0
1.18927e-09
1.68185e-09
1.35046e-09
6.87477e-10
8.50335e-11
0
0
0
0
0
0
1.92969e-10
3.6135e-10
2.40084e-10
1.27827e-10
3.76732e-10
1.11259e-09
1.98983e-09
2.48822e-09
2.47796e-09
2.27873e-09
2.12699e-09
2.06114e-09
1.97043e-09
1.78109e-09
1.44257e-09
1.02657e-09
6.48913e-10
3.72197e-10
1.9841e-10
1.0788e-10
7.11866e-11
5.78063e-11
5.16298e-11
4.66845e-11
4.12776e-11
3.49426e-11
2.85623e-11
2.28082e-11
1.79329e-11
1.39469e-11
1.07535e-11
8.22785e-12
6.24697e-12
4.70427e-12
3.51002e-12
2.59304e-12
1.89394e-12
1.36634e-12
9.71087e-13
6.78592e-13
4.64199e-13
3.09265e-13
1.98762e-13
1.22074e-13
7.04269e-14
3.73474e-14
1.73511e-14
6.5132e-15
1.37209e-15
0
0
0
0
0
0
0
0
0
0
0
0
0
0
0
0
0
0
0
0
0
0
0
0
0
0
0
0
0
0
5.35098e-13
0
3.64005e-14
0
0
0
0
0
0
0
0
0
0
0
0
0
0
0
0
0
0
0
0
0
0
0
0
0
0
0
0
0
0
4.55553e-10
6.05967e-09
1.19607e-08
1.53666e-08
1.32933e-08
2.88983e-09
0
0
0
0
0
0
0
0
0
0
0
0
0
0
0
0
0
0
0
7.88247e-09
5.52729e-09
1.74422e-09
7.43559e-09
3.97235e-08
1.07894e-07
1.9119e-07
2.49545e-07
2.58936e-07
2.11e-07
1.41786e-07
6.32799e-08
0
0
0
0
0
0
0
0
0
0
0
0
0
0
0
0
0
0
0
0
0
0
0
0
0
0
6.81284e-12
3.51545e-10
6.66359e-10
9.67758e-10
1.2298e-09
1.39374e-09
1.43144e-09
1.37858e-09
1.33102e-09
1.37446e-09
1.4637e-09
1.46982e-09
1.3262e-09
1.10884e-09
9.44242e-10
8.68253e-10
8.01476e-10
6.57348e-10
4.78567e-10
3.11466e-10
1.90484e-10
1.18474e-10
7.78395e-11
5.2592e-11
3.7125e-11
2.84595e-11
2.40678e-11
2.079e-11
1.84903e-11
1.63103e-11
1.38569e-11
1.14022e-11
9.16812e-12
7.2485e-12
5.65382e-12
4.35817e-12
3.32114e-12
2.50186e-12
1.86142e-12
1.36667e-12
9.89093e-13
7.04541e-13
4.92609e-13
3.36755e-13
2.23976e-13
1.44041e-13
8.87324e-14
5.16476e-14
2.78329e-14
1.33833e-14
5.40755e-15
1.61098e-15
6.46274e-18
0
0
0
0
0
0
0
0
0
0
0
0
0
0
0
0
0
0
0
0
0
0
0
0
0
0
0
0
0
0
0
0
0
0
0
0
0
0
0
0
0
0
0
0
0
0
0
0
0
0
0
0
0
0
0
0
0
0
0
0
0
0
0
0
1.78522e-10
8.0079e-09
2.73519e-08
4.87692e-08
5.23435e-08
3.0171e-08
3.78311e-09
0
0
0
0
0
0
0
0
0
0
0
0
0
0
0
0
0
0
0
0
0
5.84107e-09
3.8466e-08
1.70159e-07
5.74672e-07
1.22596e-06
1.43669e-06
7.00427e-07
2.45904e-07
5.83926e-08
0
0
0
0
0
0
0
0
0
0
0
0
0
0
0
0
0
0
0
0
0
0
0
0
0
0
0
3.76549e-11
3.16944e-10
4.66906e-10
5.25642e-10
5.12239e-10
4.48506e-10
3.59234e-10
2.69004e-10
2.02412e-10
1.44247e-10
7.89009e-11
1.38687e-11
0
0
6.19993e-11
1.50397e-10
1.76651e-10
1.53673e-10
1.07971e-10
6.7671e-11
4.39757e-11
3.13518e-11
2.30925e-11
1.69855e-11
1.23712e-11
9.48934e-12
7.30185e-12
6.04465e-12
5.07865e-12
4.18701e-12
3.38939e-12
2.69818e-12
2.11855e-12
1.64282e-12
1.25967e-12
9.54437e-13
7.14603e-13
5.27686e-13
3.84071e-13
2.74955e-13
1.93342e-13
1.32924e-13
8.90085e-14
5.75984e-14
3.5812e-14
2.10885e-14
1.15892e-14
5.75677e-15
2.49348e-15
9.33759e-16
2.74791e-16
0
0
0
0
0
0
0
0
0
0
0
0
0
0
0
0
0
0
0
0
0
0
0
0
0
0
0
0
0
0
0
0
0
0
0
0
0
1.46363e-08
6.2902e-09
8.42754e-09
9.59742e-09
6.71297e-09
4.16844e-09
2.77911e-09
1.8045e-09
1.10605e-09
6.35013e-10
4.38433e-10
2.6626e-10
6.46257e-11
0
0
0
0
0
0
0
0
0
0
0
0
2.65962e-09
1.01681e-09
1.51129e-09
1.92735e-09
1.49139e-09
1.0236e-09
7.5693e-10
5.59812e-10
3.90074e-10
2.64753e-10
2.1971e-10
1.64334e-10
7.04294e-11
0
0
0
0
0
0
0
0
0
0
0
0
4.1641e-10
9.16493e-11
2.00522e-10
3.47722e-10
3.30273e-10
2.366e-10
1.87479e-10
1.64042e-10
1.38725e-10
1.14143e-10
1.11801e-10
1.03937e-10
6.81178e-11
1.3401e-11
0
0
0
0
0
0
0
0
0
0
0
7.96963e-11
0
0
2.04618e-11
3.9722e-11
2.80509e-11
2.7719e-11
4.50913e-11
6.36083e-11
6.91548e-11
7.69435e-11
9.03675e-11
9.22666e-11
7.18677e-11
6.4536e-11
4.45193e-11
6.10605e-11
1.5514e-11
7.00906e-11
0
1.32066e-10
0
3.78348e-10
0
1.63243e-10
2.59351e-11
0
0
0
0
0
0
0
0
0
0
0
0
0
0
0
0
0
0
0
0
0
0
0
0
0
0
0
0
0
0
0
0
0
0
0
0
0
0
0
0
0
0
0
0
0
0
0
0
0
0
0
0
0
0
0
0
0
0
0
0
0
0
0
0
0
0
0
0
0
0
0
0
0
0
0
0
0
0
0
0
0
0
0
0
0
0
0
0
0
0
0
0
0
0
0
0
0
0
0
0
0
0
0
0
0
0
0
0
0
0
0
0
0
0
0
0
0
0
0
0
0
0
0
0
0
0
0
0
0
0
0
0
0
0
0
0
0
0
0
0
0
0
0
0
0
0
0
0
0
0
0
0
0
0
0
0
0
0
0
0
0
0
0
0
0
0
0
0
0
0
0
0
0
0
0
0
0
0
0
0
0
0
0
0
0
0
0
0
0
0
0
0
0
0
0
0
0
0
0
0
0
0
0
0
0
0
0
0
0
0
0
0
0
0
0
0
0
0
0
0
0
0
0
0
0
0
0
0
0
0
0
0
0
0
0
0
0
0
0
0
0
0
0
0
0
0
0
0
0
0
0
0
0
0
0
0
0
0
0
0
0
0
0
0
0
0
0
0
0
0
0
0
0
0
0
0
0
0
0
0
0
0
0
0
0
0
0
0
0
0
0
0
0
0
0
0
0
0
0
0
0
0
0
0
0
0
0
0
0
0
0
0
0
0
0
0
0
0
0
0
0
0
0
0
0
0
0
0
0
0
0
0
0
0
0
0
0
0
0
0
0
0
0
0
0
0
0
0
0
0
0
0
0
0
0
0
0
0
0
0
0
0
0
0
0
0
0
0
0
0
0
0
0
0
0
0
0
0
0
0
0
0
0
0
0
0
0
0
0
0
0
0
0
0
0
0
0
0
0
0
0
0
0
0
0
0
0
0
0
0
0
0
0
0
0
0
0
0
0
0
0
0
0
0
0
0
0
0
0
0
0
0
0
0
0
0
0
0
0
0
0
0
0
0
0
0
0
0
0
0
0
0
0
0
0
0
0
0
0
0
0
0
0
0
0
0
0
0
0
0
0
0
0
0
0
0
0
0
0
0
0
0
0
0
0
0
0
0
0
0
0
0
0
0
0
0
0
0
0
0
0
0
0
0
0
0
0
0
0
0
0
0
0
0
0
0
0
0
0
0
0
0
0
0
0
0
0
0
0
0
0
0
0
0
0
0
0
0
0
0
0
0
0
0
0
0
0
0
0
0
0
0
0
0
0
0
0
0
0
0
0
0
0
0
0
0
0
0
0
0
0
0
0
0
0
0
0
0
0
0
0
0
0
0
0
0
0
0
0
0
0
0
0
0
0
0
0
0
0
0
0
0
0
0
0
0
0
0
0
0
0
0
0
0
0
0
0
0
0
0
0
0
0
0
0
0
0
0
0
0
0
0
0
0
0
0
0
0
0
0
0
0
0
0
0
0
0
0
0
0
0
0
0
0
0
0
0
0
0
0
0
0
0
0
0
0
0
0
0
0
0
0
0
0
0
0
0
0
0
0
0
0
0
0
0
0
0
0
0
0
0
0
0
0
0
0
0
0
0
0
0
0
0
0
0
0
0
0
0
0
0
0
0
0
0
0
0
0
0
0
0
0
0
0
0
0
0
0
0
0
0
0
0
0
0
0
0
0
0
0
0
0
0
0
0
0
0
0
0
0
0
0
0
0
0
0
0
0
0
0
0
0
0
0
0
0
0
0
0
0
0
0
0
0
0
0
0
0
0
0
0
0
0
0
0
0
0
0
0
0
0
0
0
0
0
0
0
0
0
0
0
0
0
0
0
0
0
0
0
0
0
0
0
0
0
0
0
0
0
0
0
0
0
0
0
0
0
0
0
0
0
0
0
0
0
0
0
0
0
0
0
0
0
0
0
0
0
0
0
0
0
0
0
0
0
0
0
0
0
0
0
0
0
0
0
0
0
0
0
0
0
0
0
0
0
0
0
0
0
0
0
0
0
0
0
0
0
0
0
0
0
0
0
0
0
0
0
0
0
0
0
0
0
0
0
0
0
0
0
0
0
0
0
0
0
0
0
0
0
0
0
0
0
0
0
0
0
0
0
0
0
0
0
0
0
0
0
0
0
0
0
0
0
0
0
0
0
0
0
0
0
0
0
0
0
0
0
0
0
0
0
0
0
0
0
0
0
0
0
0
0
0
0
0
0
0
0
0
0
0
0
0
0
0
0
0
0
0
0
0
0
0
0
0
0
0
0
0
0
0
0
0
0
0
0
0
0
0
0
0
0
0
0
0
0
0
0
0
0
0
0
0
0
0
0
0
0
0
0
0
0
0
0
0
0
0
0
0
0
0
0
0
0
0
0
0
0
0
0
0
0
0
0
0
0
0
0
0
0
0
0
0
0
0
0
0
0
0
0
0
0
0
0
0
4.48175e-11
0
0
0
0
0
0
0
0
0
0
0
0
0
0
0
0
0
0
0
0
0
0
0
0
7.91724e-11
0
0
0
0
0
0
0
0
0
0
0
0
0
0
0
0
0
0
0
0
0
0
0
0
5.50072e-11
0
0
0
0
0
0
0
0
0
0
0
0
0
0
0
0
0
0
0
0
0
0
0
0
4.75422e-11
0
0
0
0
0
0
0
8.29447e-13
1.99413e-11
4.25251e-11
6.29932e-11
9.60253e-11
9.74988e-11
1.2546e-10
1.05099e-10
1.83184e-10
9.7762e-11
2.59982e-10
9.02538e-12
3.22542e-10
0
3.86784e-10
0
1.26833e-10
5.80153e-11
0
0
0
0
0
3.94151e-11
6.5532e-11
9.08493e-11
1.04418e-10
1.25688e-10
1.36652e-10
1.54032e-10
1.49575e-10
1.73331e-10
1.61148e-10
2.2337e-10
1.64894e-10
2.7592e-10
1.15225e-10
3.2665e-10
5.19936e-12
3.61408e-10
0
9.20337e-11
7.76654e-11
0
0
0
2.38738e-12
6.34776e-11
1.32725e-10
1.57916e-10
1.46432e-10
1.30049e-10
1.21766e-10
1.05629e-10
1.0253e-10
8.96597e-11
1.04901e-10
8.71535e-11
1.30744e-10
8.15469e-11
1.63241e-10
5.18918e-11
2.00225e-10
0
2.24269e-10
0
3.39602e-12
1.47437e-10
0
9.98109e-11
2.33883e-10
2.17708e-10
2.2444e-10
2.15161e-10
2.00559e-10
1.63422e-10
1.33042e-10
1.17873e-10
1.01429e-10
1.00555e-10
9.11577e-11
1.06134e-10
8.87661e-11
1.19035e-10
8.00216e-11
1.34258e-10
5.21443e-11
1.41905e-10
6.87411e-12
1.459e-10
0
0
5.06319e-10
0
8.29878e-10
5.95046e-10
2.81935e-10
1.66145e-10
5.24051e-11
1.03533e-11
0
0
0
0
1.07368e-11
1.18166e-11
2.9143e-11
2.07757e-11
4.42253e-11
2.03997e-11
5.51989e-11
1.16524e-11
6.248e-11
0
6.75689e-11
0
0
1.68914e-09
1.11386e-09
1.39286e-09
3.36698e-10
0
0
0
0
0
0
0
0
0
0
0
0
0
0
0
0
0
0
5.63055e-12
0
0
2.7881e-09
1.77979e-09
8.76358e-10
0
0
0
0
0
0
0
0
0
0
0
0
0
0
0
0
0
0
0
0
0
0
)
;

boundaryField
{
    inlet
    {
        type            zeroGradient;
    }
    outlet
    {
        type            zeroGradient;
    }
    upperWall
    {
        type            zeroGradient;
    }
    lowerWall
    {
        type            zeroGradient;
    }
    frontAndBack
    {
        type            empty;
    }
}


// ************************************************************************* //
