/*--------------------------------*- C++ -*----------------------------------*\
  =========                 |
  \\      /  F ield         | OpenFOAM: The Open Source CFD Toolbox
   \\    /   O peration     | Website:  https://openfoam.org
    \\  /    A nd           | Version:  7
     \\/     M anipulation  |
\*---------------------------------------------------------------------------*/
FoamFile
{
    version     2.0;
    format      ascii;
    class       volScalarField;
    location    "0.108";
    object      p;
}
// * * * * * * * * * * * * * * * * * * * * * * * * * * * * * * * * * * * * * //

dimensions      [0 2 -2 0 0 0 0];

internalField   nonuniform List<scalar> 
12225
(
518.253
522.767
525.613
526.841
526.995
526.348
525.079
523.349
521.28
518.954
516.43
513.756
510.965
508.074
505.069
501.908
498.471
494.488
518.123
522.815
525.674
526.897
527.036
526.379
525.106
523.373
521.302
518.976
516.452
513.778
510.991
508.106
505.111
501.969
498.588
494.8
517.376
522.902
525.783
527.013
527.134
526.458
525.174
523.433
521.356
519.026
516.503
513.833
511.052
508.176
505.198
502.091
498.799
495.258
517.284
523.18
526.019
527.224
527.31
526.601
525.294
523.539
521.451
519.114
516.589
513.922
511.149
508.285
505.333
502.275
499.093
495.798
518.489
523.694
526.362
527.519
527.565
526.815
525.476
523.697
521.592
519.244
516.715
514.051
511.286
508.441
505.521
502.526
499.463
496.382
521.21
524.408
526.844
527.934
527.922
527.116
525.731
523.92
521.791
519.428
516.89
514.227
511.471
508.648
505.768
502.843
499.897
496.995
522.437
525.286
527.5
528.489
528.398
527.521
526.077
524.219
522.056
519.67
517.121
514.456
511.712
508.913
506.077
503.223
500.387
497.629
523.54
526.259
528.328
529.204
529.012
528.044
526.522
524.604
522.398
519.983
517.418
514.75
512.015
509.239
506.447
503.662
500.922
498.279
524.275
527.38
529.379
530.114
529.789
528.705
527.087
525.092
522.829
520.374
517.787
515.111
512.384
509.632
506.881
504.159
501.501
498.948
524.461
528.725
530.702
531.256
530.759
529.527
527.787
525.696
523.362
520.858
518.24
515.551
512.826
510.093
507.379
504.711
502.119
499.636
526.095
530.543
532.365
532.678
531.954
530.531
528.639
526.431
524.007
521.44
518.781
516.072
513.345
510.626
507.943
505.318
502.779
500.349
528.044
532.729
534.272
534.265
533.276
531.639
529.579
527.24
524.718
522.079
519.373
516.636
513.899
511.186
508.521
505.926
503.422
501.027
531.472
535.525
536.548
536.137
534.817
532.917
530.653
528.16
525.522
522.8
520.037
517.265
514.511
511.797
509.144
506.571
504.093
501.723
538.616
539.62
539.703
538.665
536.872
534.613
532.079
529.382
526.59
523.754
520.911
518.088
515.304
512.578
509.927
507.364
504.902
502.548
543.12
544.868
544.001
542.08
539.622
536.868
533.963
530.987
527.987
524.996
522.042
519.141
516.308
513.554
510.892
508.33
505.873
503.528
553.642
552.748
549.918
546.642
543.234
539.798
536.397
533.057
529.786
526.596
523.496
520.491
517.584
514.781
512.086
509.504
507.036
504.68
571.377
563.481
557.559
552.43
547.788
543.497
539.479
535.679
532.064
528.616
525.321
522.169
519.155
516.275
513.526
510.905
508.408
506.034
587.236
575.345
566.339
559.174
553.119
547.836
543.106
538.779
534.77
531.025
527.503
524.178
521.031
518.049
515.221
512.536
509.987
507.568
598.923
584.85
574.078
565.495
558.381
552.308
546.972
542.173
537.788
533.742
529.979
526.462
523.161
520.056
517.128
514.363
511.749
509.276
604.072
588.779
577.657
568.88
561.566
555.247
549.661
544.639
540.06
535.843
531.933
528.289
524.88
521.682
518.674
515.841
513.169
510.645
599.531
587.639
578.054
569.996
562.996
556.784
551.201
546.131
541.48
537.183
533.196
529.482
526.011
522.759
519.704
516.829
514.121
511.565
593.525
584.897
577.292
570.198
563.671
557.68
552.184
547.134
542.47
538.142
534.116
530.361
526.851
523.56
520.469
517.561
514.821
512.238
584.686
582.168
576.488
570.158
563.995
558.19
552.786
547.771
543.108
538.767
534.722
530.946
527.414
524.102
520.99
518.064
515.308
512.71
582.936
581.327
576.187
570.198
564.249
558.573
553.235
548.245
543.585
539.237
535.18
531.39
527.843
524.514
521.385
518.442
515.669
513.055
585.849
582.035
576.383
570.321
564.405
558.788
553.491
548.521
543.865
539.522
535.462
531.666
528.109
524.77
521.633
518.683
515.903
513.283
589.869
583.207
576.746
570.521
564.602
558.999
553.707
548.737
544.089
539.737
535.673
531.871
528.309
524.962
521.819
518.863
516.073
513.444
592.179
584.087
577.032
570.631
564.698
559.103
553.82
548.852
544.205
539.857
535.791
531.986
528.419
525.076
521.93
518.965
516.175
513.542
594.708
585.012
577.31
570.785
564.811
559.197
553.905
548.936
544.288
539.938
535.871
532.065
528.499
525.154
522.006
519.039
516.244
513.607
595.325
585.199
577.395
570.843
564.854
559.234
553.942
548.976
544.327
539.977
535.908
532.101
528.536
525.19
522.042
519.075
516.276
513.637
596.98
585.4
577.443
570.902
564.891
559.259
553.965
548.997
544.345
539.992
535.921
532.116
528.554
525.212
522.065
519.098
516.297
513.655
454.009
453.952
453.854
453.749
453.671
453.63
453.62
453.605
453.543
453.402
453.178
452.876
452.521
452.137
451.733
451.309
450.869
450.419
449.953
449.47
448.963
448.421
447.863
447.312
446.774
446.249
445.743
445.226
444.662
444.054
443.427
442.81
442.221
441.59
440.813
439.875
438.773
437.524
436.152
434.688
433.162
431.603
430.034
428.474
426.94
425.443
423.994
422.602
421.275
420.018
418.837
417.738
416.726
415.804
414.971
414.222
413.554
412.956
412.415
411.914
411.433
410.946
410.432
409.875
409.283
408.69
408.143
407.665
407.221
406.745
406.156
405.492
404.797
404.014
403.13
402.17
401.133
400.03
398.86
397.612
396.212
394.575
392.771
390.912
389.078
387.338
385.738
384.256
382.799
381.238
379.63
378.172
376.602
374.776
373.227
371.607
369.707
367.802
365.913
363.726
361.17
358.406
355.539
352.634
349.725
346.83
343.957
341.117
338.318
335.574
332.901
330.316
327.84
325.49
323.281
321.228
319.339
317.616
316.054
314.64
313.36
312.195
311.125
310.127
309.177
308.246
307.297
306.287
305.166
303.895
302.448
300.814
298.994
297.006
294.876
292.636
290.317
287.939
285.521
283.079
280.625
278.172
275.728
273.296
270.872
268.444
265.999
263.525
261.019
258.482
255.919
253.333
250.722
248.075
245.381
242.621
239.767
236.801
233.755
230.687
227.634
224.602
221.573
218.53
215.467
212.385
209.291
206.19
203.085
199.978
196.867
193.749
190.622
187.483
184.332
181.168
177.995
174.815
171.646
168.486
453.955
453.876
453.746
453.608
453.497
453.445
453.444
453.46
453.431
453.324
453.128
452.853
452.517
452.141
451.743
451.333
450.912
450.466
449.991
449.49
448.952
448.358
447.751
447.173
446.624
446.118
445.69
445.293
444.847
444.284
443.548
442.787
442.074
441.322
440.458
439.458
438.317
437.051
435.68
434.23
432.728
431.197
429.658
428.128
426.619
425.144
423.712
422.334
421.017
419.77
418.6
417.513
416.51
415.59
414.754
414.002
413.327
412.721
412.173
411.667
411.185
410.708
410.216
409.696
409.156
408.62
408.122
407.675
407.256
406.785
406.194
405.52
404.802
404.005
403.113
402.151
401.119
400.019
398.855
397.628
396.24
394.605
392.801
390.919
389.01
387.168
385.48
383.953
382.48
380.92
379.253
377.746
376.286
374.752
373.267
371.657
369.821
367.839
365.773
363.452
360.861
358.107
355.274
352.408
349.536
346.67
343.819
340.992
338.199
335.457
332.782
330.195
327.715
325.364
323.157
321.108
319.222
317.501
315.941
314.532
313.256
312.095
311.027
310.032
309.085
308.158
307.217
306.217
305.11
303.851
302.416
300.79
298.977
296.989
294.86
292.621
290.301
287.923
285.504
283.06
280.604
278.15
275.705
273.274
270.853
268.428
265.985
263.513
261.008
258.472
255.91
253.319
250.694
248.041
245.343
242.583
239.732
236.773
233.738
230.684
227.639
224.609
221.578
218.533
215.467
212.383
209.287
206.185
203.081
199.974
196.864
193.746
190.619
187.48
184.329
181.164
177.99
174.808
171.632
168.458
454.046
453.976
453.86
453.726
453.592
453.5
453.457
453.429
453.362
453.229
453.023
452.755
452.442
452.104
451.751
451.387
451.013
450.607
450.132
449.576
448.964
448.33
447.714
447.13
446.563
446.045
445.57
445.062
444.514
443.921
443.246
442.482
441.649
440.744
439.756
438.677
437.505
436.246
434.911
433.515
432.072
430.599
429.11
427.619
426.141
424.688
423.271
421.903
420.592
419.348
418.176
417.083
416.072
415.151
414.318
413.567
412.892
412.285
411.737
411.235
410.767
410.321
409.885
409.451
409.016
408.594
408.199
407.824
407.417
406.91
406.271
405.538
404.756
403.93
403.037
402.074
401.05
399.968
398.822
397.595
396.125
394.361
392.487
390.648
388.871
387.116
385.41
383.774
382.167
380.524
378.754
377.257
376.158
374.981
373.515
371.752
369.726
367.569
365.282
362.841
360.266
357.592
354.853
352.071
349.263
346.44
343.616
340.803
338.016
335.272
332.59
329.992
327.502
325.139
322.924
320.869
318.983
317.265
315.712
314.31
313.043
311.889
310.827
309.835
308.892
307.972
307.043
306.064
304.982
303.75
302.337
300.73
298.929
296.947
294.821
292.583
290.263
287.884
285.464
283.017
280.558
278.101
275.656
273.228
270.81
268.389
265.951
263.481
260.976
258.438
255.873
253.283
250.667
248.006
245.295
242.523
239.673
236.736
233.732
230.698
227.661
224.629
221.594
218.543
215.471
212.382
209.282
206.179
203.074
199.967
196.857
193.74
190.613
187.474
184.321
181.155
177.978
174.79
171.604
168.411
454.498
454.481
454.442
454.323
454.139
453.944
453.756
453.576
453.381
453.156
452.899
452.622
452.338
452.057
451.785
451.516
451.235
450.88
450.433
449.906
449.29
448.609
447.96
447.352
446.763
446.19
445.621
445.019
444.365
443.653
442.879
442.039
441.131
440.153
439.103
437.978
436.782
435.517
434.191
432.812
431.391
429.94
428.472
426.999
425.535
424.092
422.681
421.316
420.007
418.764
417.598
416.514
415.518
414.603
413.774
413.027
412.359
411.76
411.221
410.732
410.282
409.862
409.466
409.09
408.729
408.377
408.032
407.675
407.262
406.747
406.108
405.377
404.595
403.766
402.869
401.904
400.875
399.778
398.6
397.325
395.785
393.922
392.057
390.349
388.778
387.223
385.53
383.714
381.899
380.06
378.204
376.764
375.835
374.698
373.214
371.414
369.31
367.043
364.678
362.224
359.687
357.079
354.41
351.693
348.937
346.153
343.353
340.55
337.763
335.01
332.314
329.7
327.191
324.812
322.583
320.521
318.631
316.917
315.373
313.984
312.729
311.585
310.53
309.543
308.603
307.69
306.777
305.826
304.781
303.587
302.209
300.631
298.849
296.88
294.759
292.524
290.205
287.826
285.404
282.953
280.489
278.026
275.579
273.151
270.738
268.325
265.892
263.426
260.922
258.383
255.817
253.224
250.601
247.943
245.239
242.471
239.624
236.699
233.714
230.698
227.673
224.646
221.608
218.55
215.471
212.376
209.273
206.168
203.063
199.957
196.848
193.731
190.605
187.465
184.311
181.143
177.961
174.767
171.568
168.354
454.929
454.928
454.9
454.783
454.571
454.304
454.023
453.744
453.469
453.194
452.923
452.66
452.41
452.181
451.961
451.742
451.488
451.154
450.719
450.206
449.643
449.032
448.393
447.743
447.088
446.424
445.74
445.022
444.258
443.443
442.575
441.652
440.672
439.631
438.527
437.357
436.123
434.828
433.479
432.084
430.652
429.195
427.723
426.247
424.779
423.329
421.911
420.537
419.219
417.969
416.798
415.715
414.723
413.823
413.013
412.29
411.648
411.078
410.571
410.116
409.701
409.32
408.966
408.633
408.318
408.015
407.713
407.381
406.982
406.48
405.868
405.169
404.402
403.568
402.664
401.688
400.635
399.493
398.244
396.909
395.346
393.506
391.695
390.124
388.703
387.232
385.502
383.588
381.729
379.872
378.053
376.586
375.534
374.275
372.727
370.839
368.692
366.415
364.057
361.629
359.134
356.578
353.965
351.299
348.585
345.83
343.046
340.247
337.453
334.685
331.968
329.328
326.794
324.392
322.144
320.069
318.176
316.468
314.937
313.565
312.328
311.199
310.154
309.17
308.231
307.321
306.423
305.503
304.504
303.361
302.029
300.491
298.735
296.786
294.674
292.443
290.128
287.75
285.326
282.87
280.396
277.925
275.471
273.043
270.636
268.23
265.805
263.343
260.84
258.3
255.731
253.138
250.516
247.856
245.149
242.386
239.554
236.648
233.683
230.684
227.672
224.65
221.611
218.548
215.462
212.362
209.257
206.151
203.047
199.943
196.835
193.72
190.594
187.454
184.299
181.128
177.942
174.739
171.526
168.293
455.285
455.286
455.233
455.081
454.84
454.562
454.279
454.003
453.737
453.483
453.239
453.002
452.777
452.562
452.347
452.119
451.831
451.478
451.058
450.569
450.021
449.42
448.776
448.095
447.383
446.641
445.866
445.054
444.2
443.299
442.35
441.348
440.291
439.175
437.998
436.761
435.465
434.118
432.724
431.294
429.836
428.357
426.867
425.373
423.886
422.417
420.979
419.585
418.249
416.985
415.804
414.714
413.721
412.83
412.041
411.348
410.744
410.216
409.755
409.348
408.983
408.653
408.348
408.062
407.789
407.524
407.253
406.952
406.586
406.124
405.557
404.895
404.152
403.331
402.431
401.45
400.384
399.225
397.955
396.596
395.079
393.361
391.652
390.193
388.786
387.232
385.383
383.403
381.597
379.943
378.222
376.672
375.329
373.886
372.197
370.228
368.07
365.81
363.475
361.076
358.619
356.107
353.54
350.916
348.234
345.5
342.724
339.922
337.114
334.323
331.577
328.904
326.336
323.904
321.631
319.538
317.642
315.943
314.428
313.08
311.868
310.76
309.726
308.745
307.801
306.887
305.995
305.103
304.154
303.071
301.795
300.303
298.587
296.662
294.565
292.343
290.033
287.659
285.235
282.771
280.286
277.801
275.336
272.904
270.501
268.105
265.689
263.232
260.729
258.188
255.617
253.024
250.404
247.744
245.032
242.27
239.447
236.564
233.626
230.65
227.652
224.636
221.596
218.528
215.438
212.336
209.23
206.126
203.025
199.924
196.819
193.706
190.581
187.441
184.285
181.111
177.919
174.71
171.483
168.231
455.821
455.765
455.646
455.445
455.193
454.923
454.651
454.388
454.14
453.908
453.694
453.487
453.277
453.063
452.833
452.563
452.242
451.869
451.437
450.943
450.387
449.772
449.106
448.393
447.637
446.841
446.002
445.121
444.193
443.217
442.187
441.102
439.958
438.753
437.488
436.167
434.796
433.385
431.941
430.472
428.985
427.483
425.97
424.452
422.938
421.439
419.97
418.546
417.183
415.897
414.701
413.603
412.615
411.745
410.987
410.335
409.775
409.296
408.881
408.518
408.194
407.899
407.626
407.371
407.131
406.899
406.662
406.397
406.074
405.665
405.156
404.547
403.843
403.05
402.169
401.202
400.146
398.997
397.747
396.4
394.962
393.356
391.808
390.324
388.83
387.136
385.173
383.194
381.475
379.907
378.303
376.734
375.22
373.586
371.747
369.707
367.539
365.285
362.964
360.588
358.164
355.69
353.162
350.57
347.913
345.191
342.415
339.602
336.772
333.95
331.164
328.448
325.836
323.364
321.061
318.95
317.05
315.361
313.869
312.552
311.374
310.296
309.281
308.305
307.354
306.425
305.525
304.648
303.744
302.722
301.506
300.069
298.399
296.507
294.43
292.221
289.922
287.556
285.132
282.66
280.159
277.655
275.173
272.731
270.329
267.942
265.538
263.088
260.586
258.041
255.467
252.873
250.256
247.601
244.895
242.119
239.297
236.43
233.523
230.58
227.603
224.596
221.557
218.489
215.398
212.297
209.193
206.093
202.996
199.9
196.799
193.69
190.566
187.427
184.269
181.092
177.895
174.678
171.439
168.171
456.536
456.411
456.186
455.946
455.689
455.425
455.162
454.911
454.674
454.457
454.255
454.057
453.855
453.638
453.383
453.081
452.731
452.329
451.869
451.35
450.77
450.131
449.438
448.694
447.901
447.06
446.17
445.228
444.233
443.181
442.07
440.896
439.66
438.362
437.008
435.608
434.171
432.709
431.23
429.736
428.229
426.705
425.166
423.615
422.06
420.513
418.992
417.516
416.105
414.78
413.557
412.452
411.474
410.627
409.906
409.303
408.803
408.389
408.041
407.739
407.465
407.204
406.95
406.699
406.454
406.219
405.989
405.749
405.47
405.123
404.682
404.137
403.486
402.735
401.888
400.949
399.919
398.797
397.583
396.277
394.89
393.391
391.931
390.401
388.835
387.061
385.068
383.125
381.466
379.971
378.412
376.829
375.188
373.394
371.427
369.323
367.13
364.866
362.548
360.188
357.79
355.348
352.851
350.285
347.642
344.922
342.137
339.303
336.442
333.579
330.742
327.968
325.3
322.777
320.435
318.304
316.398
314.721
313.259
311.983
310.853
309.821
308.84
307.879
306.925
305.977
305.055
304.172
303.295
302.327
301.171
299.79
298.171
296.319
294.269
292.079
289.795
287.441
285.021
282.541
280.021
277.49
274.982
272.522
270.114
267.736
265.345
262.904
260.404
257.855
255.274
252.677
250.063
247.413
244.706
241.923
239.102
236.241
233.36
230.455
227.512
224.524
221.494
218.429
215.342
212.245
209.146
206.052
202.962
199.872
196.777
193.671
190.55
187.411
184.252
181.072
177.87
174.645
171.395
168.113
457.149
457.013
456.787
456.567
456.333
456.09
455.847
455.615
455.395
455.192
454.998
454.794
454.572
454.322
454.031
453.695
453.31
452.871
452.377
451.825
451.214
450.547
449.824
449.047
448.216
447.33
446.386
445.384
444.32
443.192
441.999
440.741
439.421
438.046
436.625
435.172
433.697
432.209
430.71
429.197
427.664
426.106
424.52
422.909
421.282
419.653
418.045
416.48
414.986
413.591
412.32
411.194
410.218
409.39
408.712
408.176
407.762
407.446
407.199
406.993
406.8
406.602
406.386
406.149
405.892
405.625
405.361
405.104
404.839
404.537
404.162
403.69
403.107
402.415
401.617
400.72
399.728
398.646
397.478
396.226
394.89
393.488
392.037
390.523
388.933
387.167
385.207
383.31
381.658
380.16
378.611
376.994
375.241
373.313
371.243
369.079
366.847
364.562
362.239
359.888
357.509
355.091
352.618
350.069
347.432
344.704
341.898
339.034
336.133
333.215
330.31
327.461
324.716
322.125
319.731
317.57
315.654
313.991
312.565
311.344
310.279
309.314
308.39
307.467
306.525
305.566
304.617
303.71
302.84
301.909
300.801
299.472
297.905
296.099
294.083
291.92
289.658
287.321
284.907
282.419
279.875
277.308
274.761
272.269
269.847
267.475
265.101
262.675
260.183
257.63
255.038
252.429
249.81
247.163
244.457
241.666
238.85
235.992
233.128
230.262
227.365
224.412
221.401
218.348
215.27
212.181
209.09
206.004
202.923
199.841
196.753
193.652
190.534
187.395
184.235
181.052
177.845
174.613
171.352
168.057
457.792
457.69
457.534
457.353
457.147
456.928
456.709
456.496
456.289
456.086
455.879
455.656
455.403
455.115
454.786
454.412
453.987
453.51
452.98
452.393
451.749
451.049
450.292
449.477
448.602
447.666
446.667
445.602
444.471
443.273
442.009
440.684
439.303
437.876
436.416
434.933
433.437
431.93
430.408
428.861
427.277
425.648
423.973
422.255
420.508
418.751
417.01
415.315
413.7
412.201
410.851
409.674
408.684
407.887
407.277
406.838
406.545
406.363
406.257
406.188
406.123
406.033
405.899
405.714
405.475
405.195
404.89
404.581
404.278
403.974
403.635
403.226
402.717
402.096
401.363
400.523
399.584
398.552
397.436
396.241
394.972
393.632
392.218
390.768
389.17
387.507
385.607
383.786
382.128
380.58
378.987
377.284
375.401
373.351
371.193
368.967
366.687
364.373
362.038
359.69
357.323
354.922
352.465
349.925
347.285
344.539
341.703
338.8
335.845
332.857
329.865
326.918
324.075
321.396
318.932
316.726
314.794
313.146
311.763
310.606
309.62
308.742
307.902
307.043
306.138
305.184
304.214
303.277
302.402
301.49
300.414
299.127
297.609
295.852
293.878
291.748
289.514
287.197
284.794
282.298
279.724
277.112
274.512
271.972
269.521
267.15
264.799
262.402
259.927
257.374
254.764
252.13
249.49
246.836
244.131
241.319
238.522
235.669
232.823
229.994
227.151
224.249
221.275
218.245
215.182
212.106
209.026
205.951
202.88
199.807
196.727
193.631
190.516
187.379
184.217
181.031
177.82
174.581
171.311
168.004
458.651
458.581
458.465
458.314
458.137
457.93
457.731
457.527
457.321
457.111
456.884
456.629
456.339
456.013
455.646
455.233
454.769
454.255
453.689
453.067
452.389
451.653
450.857
449.999
449.076
448.087
447.03
445.906
444.715
443.459
442.142
440.77
439.35
437.893
436.409
434.906
433.386
431.846
430.277
428.665
426.997
425.265
423.468
421.613
419.715
417.8
415.898
414.046
412.287
410.666
409.224
407.992
406.988
406.218
405.678
405.346
405.189
405.163
405.221
405.314
405.399
405.443
405.421
405.322
405.145
404.894
404.583
404.236
403.877
403.523
403.17
402.788
402.337
401.79
401.131
400.359
399.483
398.511
397.453
396.317
395.109
393.838
392.492
391.087
389.574
387.994
386.281
384.557
382.896
381.275
379.583
377.734
375.69
373.515
371.268
368.973
366.641
364.292
361.939
359.587
357.226
354.834
352.385
349.849
347.199
344.43
341.556
338.603
335.582
332.505
329.407
326.344
323.386
320.603
318.057
315.793
313.842
312.209
310.872
309.784
308.884
308.101
307.361
306.59
305.745
304.816
303.84
302.885
301.988
301.08
300.029
298.775
297.299
295.59
293.663
291.572
289.368
287.073
284.683
282.181
279.574
276.908
274.241
271.631
269.127
266.749
264.439
262.096
259.655
257.099
254.456
251.778
249.097
246.418
243.716
240.98
238.099
235.251
232.435
229.652
226.868
224.031
221.111
218.118
215.08
212.022
208.957
205.894
202.835
199.773
196.701
193.611
190.5
187.363
184.201
181.011
177.795
174.549
171.271
167.955
459.726
459.67
459.574
459.442
459.28
459.097
458.903
458.699
458.485
458.254
457.998
457.705
457.376
457.012
456.61
456.158
455.656
455.108
454.508
453.852
453.14
452.366
451.529
450.625
449.652
448.609
447.497
446.319
445.078
443.778
442.422
441.019
439.574
438.095
436.59
435.06
433.504
431.914
430.278
428.582
426.813
424.964
423.034
421.032
418.976
416.892
414.815
412.789
410.865
409.1
407.549
406.25
405.226
404.481
404.011
403.793
403.785
403.93
404.167
404.436
404.684
404.871
404.968
404.963
404.854
404.653
404.375
404.03
403.639
403.231
402.827
402.425
401.999
401.509
400.923
400.227
399.421
398.515
397.519
396.444
395.296
394.093
392.823
391.475
390.084
388.599
387.064
385.475
383.855
382.174
380.346
378.31
376.089
373.787
371.449
369.08
366.692
364.305
361.93
359.568
357.206
354.817
352.371
349.832
347.171
344.376
341.46
338.449
335.351
332.173
328.958
325.771
322.688
319.792
317.155
314.832
312.853
311.23
309.938
308.923
308.108
307.418
306.779
306.109
305.344
304.456
303.491
302.529
301.611
300.7
299.667
298.439
296.997
295.334
293.453
291.4
289.225
286.953
284.578
282.072
279.43
276.704
273.954
271.239
268.648
266.256
264.009
261.75
259.358
256.794
254.102
251.36
248.619
245.889
243.162
240.398
237.535
234.709
231.949
229.231
226.517
223.756
220.906
217.966
214.964
211.929
208.883
205.836
202.79
199.739
196.675
193.592
190.484
187.349
184.185
180.993
177.772
174.52
171.234
167.908
460.992
460.942
460.853
460.729
460.574
460.395
460.197
459.982
459.749
459.494
459.206
458.876
458.508
458.108
457.672
457.185
456.648
456.068
455.438
454.751
454.004
453.194
452.315
451.364
450.341
449.246
448.083
446.857
445.574
444.238
442.853
441.425
439.959
438.459
436.927
435.362
433.76
432.11
430.4
428.615
426.744
424.781
422.723
420.579
418.365
416.109
413.852
411.644
409.548
407.631
405.959
404.581
403.523
402.799
402.401
402.298
402.439
402.757
403.177
403.625
404.039
404.372
404.591
404.68
404.635
404.473
404.222
403.903
403.521
403.087
402.633
402.181
401.736
401.273
400.746
400.122
399.389
398.549
397.616
396.601
395.515
394.364
393.169
391.899
390.583
389.225
387.81
386.354
384.796
383.069
381.115
378.913
376.531
374.124
371.7
369.263
366.822
364.395
361.992
359.616
357.247
354.857
352.41
349.869
347.196
344.378
341.419
338.346
335.168
331.886
328.553
325.24
322.021
318.992
316.245
313.852
311.833
310.218
308.978
308.047
307.329
306.731
306.186
305.615
304.936
304.109
303.171
302.21
301.277
300.361
299.344
298.139
296.726
295.104
293.265
291.244
289.091
286.839
284.482
281.977
279.304
276.513
273.655
270.796
268.083
265.669
263.498
261.332
258.993
256.415
253.659
250.838
248.016
245.204
242.424
239.647
236.808
234.017
231.343
228.725
226.102
223.429
220.662
217.789
214.834
211.83
208.806
205.778
202.747
199.707
196.652
193.575
190.47
187.335
184.171
180.976
177.75
174.492
171.199
167.865
462.428
462.378
462.289
462.163
462.003
461.815
461.603
461.368
461.109
460.823
460.501
460.136
459.731
459.298
458.831
458.311
457.743
457.133
456.475
455.76
454.984
454.14
453.221
452.225
451.153
450.008
448.796
447.526
446.204
444.835
443.423
441.971
440.481
438.955
437.392
435.789
434.138
432.428
430.648
428.785
426.827
424.767
422.604
420.342
417.999
415.604
413.201
410.851
408.623
406.593
404.834
403.4
402.315
401.596
401.236
401.206
401.451
401.895
402.449
403.031
403.57
404.014
404.33
404.499
404.514
404.38
404.137
403.827
403.465
403.045
402.571
402.07
401.575
401.096
400.603
400.039
399.374
398.601
397.728
396.768
395.737
394.637
393.486
392.29
391.028
389.751
388.416
387.034
385.536
383.799
381.764
379.442
376.973
374.482
371.99
369.496
367.008
364.542
362.111
359.714
357.335
354.94
352.491
349.948
347.27
344.434
341.437
338.305
335.048
331.671
328.223
324.785
321.419
318.24
315.364
312.88
310.813
309.204
308.019
307.183
306.575
306.075
305.619
305.132
304.537
303.78
302.881
301.93
300.989
300.067
299.066
297.886
296.498
294.909
293.106
291.107
288.969
286.736
284.401
281.903
279.206
276.345
273.356
270.318
267.46
265.011
262.906
260.818
258.518
255.921
253.09
250.169
247.242
244.308
241.427
238.632
235.857
233.144
230.596
228.125
225.627
223.058
220.385
217.591
214.693
211.728
208.731
205.722
202.707
199.68
196.633
193.561
190.459
187.325
184.158
180.96
177.73
174.467
171.167
167.826
464.028
463.974
463.877
463.741
463.566
463.358
463.12
462.855
462.563
462.241
461.884
461.485
461.047
460.58
460.084
459.536
458.938
458.301
457.618
456.877
456.076
455.208
454.255
453.218
452.099
450.904
449.643
448.327
446.964
445.561
444.119
442.639
441.122
439.566
437.97
436.327
434.63
432.87
431.035
429.113
427.096
424.975
422.747
420.418
418.002
415.531
413.05
410.625
408.33
406.242
404.435
402.963
401.857
401.131
400.782
400.779
401.066
401.566
402.18
402.816
403.403
403.888
404.239
404.441
404.49
404.383
404.14
403.814
403.451
403.055
402.595
402.07
401.522
400.998
400.498
399.971
399.366
398.656
397.838
396.927
395.935
394.879
393.758
392.599
391.39
390.131
388.84
387.481
386.02
384.288
382.233
379.873
377.362
374.824
372.288
369.755
367.231
364.732
362.271
359.851
357.455
355.052
352.601
350.059
347.383
344.54
341.519
338.339
335.016
331.555
328.004
324.443
320.947
317.633
314.627
312.017
309.92
308.298
307.147
306.392
305.894
305.496
305.113
304.69
304.166
303.48
302.627
301.693
300.75
299.823
298.835
297.68
296.313
294.748
292.972
290.99
288.862
286.644
284.333
281.853
279.143
276.213
273.083
269.855
266.834
264.325
262.26
260.223
257.93
255.301
252.384
249.328
246.257
243.18
240.161
237.309
234.608
232.042
229.684
227.42
225.092
222.65
220.083
217.378
214.547
211.627
208.661
205.673
202.674
199.658
196.619
193.551
190.451
187.316
184.148
180.947
177.713
174.444
171.138
167.789
465.862
465.799
465.688
465.53
465.328
465.087
464.811
464.505
464.169
463.805
463.408
462.973
462.5
461.998
461.47
460.898
460.272
459.607
458.899
458.135
457.302
456.444
455.456
454.383
453.221
451.978
450.664
449.295
447.882
446.434
444.952
443.437
441.887
440.297
438.665
436.985
435.249
433.45
431.578
429.623
427.579
425.438
423.198
420.862
418.445
415.976
413.5
411.08
408.788
406.701
404.887
403.402
402.275
401.528
401.152
401.12
401.376
401.843
402.427
403.032
403.585
404.041
404.365
404.54
404.573
404.472
404.231
403.881
403.493
403.101
402.669
402.147
401.561
400.978
400.442
399.924
399.36
398.701
397.932
397.061
396.101
395.067
393.973
392.82
391.629
390.384
389.082
387.709
386.232
384.535
382.519
380.186
377.685
375.137
372.583
370.029
367.484
364.959
362.47
360.022
357.603
355.187
352.732
350.194
347.528
344.694
341.669
338.462
335.093
331.572
327.942
324.283
320.681
317.258
314.149
311.462
309.274
307.609
306.456
305.745
305.329
305.023
304.702
304.321
303.848
303.222
302.414
301.5
300.559
299.626
298.645
297.512
296.162
294.61
292.855
290.89
288.769
286.56
284.272
281.821
279.115
276.133
272.881
269.483
266.298
263.698
261.623
259.581
257.242
254.541
251.523
248.301
245.024
241.758
238.591
235.672
233.04
230.669
228.576
226.594
224.496
222.213
219.763
217.154
214.398
211.532
208.6
205.634
202.649
199.644
196.611
193.546
190.447
187.311
184.141
180.936
177.698
174.424
171.112
167.757
467.873
467.797
467.663
467.472
467.23
466.943
466.618
466.259
465.871
465.456
465.013
464.537
464.025
463.485
462.92
462.324
461.676
460.986
460.26
459.484
458.648
457.744
456.751
455.662
454.475
453.194
451.831
450.404
448.93
447.42
445.884
444.321
442.728
441.101
439.435
437.722
435.958
434.136
432.249
430.292
428.258
426.144
423.948
421.674
419.333
416.95
414.565
412.233
410.019
407.991
406.211
404.726
403.581
402.79
402.351
402.233
402.383
402.728
403.184
403.664
404.099
404.452
404.698
404.803
404.774
404.637
404.39
404.025
403.603
403.193
402.777
402.274
401.665
401.027
400.438
399.904
399.36
398.735
397.998
397.152
396.211
395.187
394.096
392.944
391.736
390.479
389.152
387.748
386.232
384.547
382.603
380.364
377.923
375.399
372.85
370.296
367.745
365.207
362.696
360.219
357.773
355.337
352.873
350.34
347.69
344.881
341.877
338.675
335.294
331.749
328.082
324.369
320.702
317.206
314.021
311.26
308.993
307.273
306.085
305.365
304.979
304.725
304.441
304.073
303.617
303.028
302.257
301.359
300.421
299.481
298.499
297.378
296.04
294.492
292.752
290.804
288.687
286.476
284.203
281.79
279.116
276.121
272.806
269.306
265.998
263.28
261.106
258.965
256.51
253.68
250.515
247.089
243.548
240.03
236.694
233.724
231.179
229.037
227.278
225.653
223.846
221.757
219.439
216.93
214.253
211.445
208.55
205.606
202.634
199.636
196.609
193.546
190.447
187.31
184.136
180.928
177.685
174.406
171.088
167.728
469.892
469.799
469.634
469.402
469.111
468.771
468.39
467.974
467.526
467.055
466.559
466.036
465.479
464.896
464.293
463.667
463.004
462.298
461.553
460.766
459.925
459.015
458.019
456.925
455.727
454.424
453.025
451.547
450.01
448.433
446.83
445.205
443.56
441.889
440.187
438.447
436.664
434.832
432.947
431.007
429.008
426.95
424.832
422.657
420.435
418.186
415.939
413.739
411.64
409.701
407.977
406.517
405.348
404.501
403.976
403.739
403.743
403.92
404.199
404.51
404.79
405.004
405.132
405.149
405.044
404.85
404.58
404.208
403.763
403.326
402.906
402.413
401.79
401.109
400.469
399.907
399.363
398.756
398.037
397.201
396.263
395.239
394.138
392.975
391.746
390.459
389.104
387.657
386.111
384.423
382.536
380.409
378.065
375.597
373.074
370.533
367.988
365.449
362.926
360.428
357.954
355.494
353.017
350.485
347.852
345.076
342.114
338.948
335.591
332.062
328.401
324.68
320.995
317.47
314.243
311.427
309.101
307.322
306.077
305.303
304.889
304.634
304.348
303.962
303.492
302.912
302.162
301.275
300.335
299.387
298.394
297.275
295.945
294.393
292.658
290.726
288.612
286.391
284.121
281.747
279.127
276.163
272.855
269.338
265.972
263.132
260.776
258.441
255.804
252.793
249.424
245.735
241.872
238.057
234.538
231.531
229.095
227.214
225.837
224.626
223.161
221.298
219.123
216.715
214.116
211.367
208.511
205.59
202.629
199.637
196.613
193.551
190.451
187.312
184.135
180.923
177.675
174.391
171.068
167.703
471.913
471.798
471.595
471.313
470.964
470.564
470.122
469.644
469.134
468.598
468.042
467.46
466.848
466.212
465.562
464.901
464.222
463.51
462.758
461.963
461.119
460.209
459.217
458.126
456.927
455.614
454.194
452.681
451.094
449.455
447.782
446.088
444.378
442.653
440.907
439.136
437.333
435.495
433.619
431.704
429.75
427.757
425.726
423.66
421.566
419.459
417.36
415.303
413.331
411.494
409.839
408.41
407.232
406.333
405.714
405.349
405.193
405.191
405.283
405.413
405.531
405.602
405.609
405.53
405.351
405.1
404.798
404.414
403.953
403.492
403.055
402.554
401.915
401.198
400.516
399.923
399.37
398.765
398.051
397.216
396.272
395.237
394.123
392.938
391.689
390.369
388.983
387.51
385.926
384.227
382.375
380.338
378.109
375.728
373.257
370.742
368.212
365.68
363.155
360.643
358.147
355.662
353.167
350.63
348.012
345.269
342.36
339.254
335.952
332.475
328.858
325.173
321.512
317.996
314.757
311.908
309.533
307.697
306.383
305.53
305.042
304.737
304.41
303.976
303.464
302.868
302.124
301.239
300.292
299.332
298.325
297.198
295.868
294.309
292.568
290.65
288.542
286.308
284.028
281.683
279.127
276.229
272.988
269.531
266.169
263.216
260.627
258.033
255.159
251.913
248.279
244.262
240.016
235.863
232.162
229.147
226.85
225.255
224.296
223.541
222.456
220.844
218.82
216.513
213.988
211.296
208.481
205.585
202.635
199.647
196.623
193.562
190.459
187.317
184.137
180.92
177.668
174.38
171.052
167.681
473.931
473.791
473.541
473.198
472.782
472.315
471.809
471.266
470.689
470.083
469.455
468.802
468.121
467.417
466.707
466.001
465.298
464.592
463.847
463.057
462.215
461.308
460.318
459.231
458.033
456.718
455.289
453.755
452.135
450.449
448.718
446.959
445.183
443.396
441.598
439.786
437.958
436.109
434.24
432.349
430.438
428.509
426.562
424.601
422.629
420.654
418.693
416.77
414.918
413.178
411.591
410.191
409.008
408.063
407.358
406.871
406.567
406.401
406.323
406.29
406.26
406.199
406.091
405.921
405.673
405.372
405.038
404.638
404.163
403.679
403.215
402.689
402.026
401.279
400.566
399.947
399.379
398.766
398.044
397.2
396.245
395.195
394.065
392.858
391.584
390.242
388.823
387.326
385.726
384.005
382.163
380.183
378.051
375.776
373.385
370.919
368.416
365.897
363.377
360.86
358.35
355.843
353.328
350.782
348.171
345.458
342.601
339.567
336.344
332.946
329.407
325.791
322.189
318.713
315.491
312.633
310.223
308.33
306.942
305.994
305.401
305.005
304.601
304.095
303.521
302.889
302.136
301.244
300.286
299.311
298.285
297.141
295.805
294.238
292.485
290.572
288.475
286.232
283.934
281.6
279.103
276.291
273.161
269.827
266.52
263.467
260.622
257.739
254.597
251.068
247.102
242.695
238.018
233.498
229.619
226.63
224.507
223.224
222.707
222.431
221.746
220.403
218.537
216.326
213.871
211.232
208.458
205.587
202.649
199.665
196.64
193.577
190.472
187.326
184.142
180.921
177.664
174.371
171.038
167.663
475.94
475.769
475.461
475.045
474.552
474.013
473.44
472.832
472.186
471.505
470.797
470.059
469.294
468.507
467.721
466.955
466.211
465.521
464.79
464.027
463.204
462.306
461.318
460.229
459.029
457.711
456.277
454.732
453.093
451.376
449.603
447.793
445.96
444.116
442.264
440.408
438.547
436.681
434.809
432.935
431.06
429.187
427.317
425.45
423.587
421.731
419.89
418.083
416.334
414.678
413.148
411.775
410.588
409.604
408.825
408.235
407.805
407.499
407.278
407.104
406.943
406.766
406.56
406.311
406.007
405.664
405.297
404.874
404.382
403.874
403.375
402.812
402.118
401.348
400.613
399.976
399.39
398.761
398.023
397.161
396.19
395.124
393.975
392.751
391.453
390.088
388.648
387.125
385.513
383.789
381.944
379.987
377.919
375.735
373.44
371.049
368.591
366.098
363.589
361.074
358.557
356.037
353.504
350.946
348.337
345.645
342.835
339.872
336.738
333.438
329.999
326.479
322.961
319.552
316.371
313.524
311.096
309.15
307.684
306.632
305.917
305.401
304.894
304.296
303.646
302.964
302.189
301.285
300.309
299.315
298.269
297.103
295.754
294.178
292.41
290.495
288.411
286.165
283.85
281.513
279.056
276.329
273.328
270.148
266.932
263.797
260.705
257.538
254.118
250.269
245.918
241.068
235.926
231.034
226.991
224.061
222.14
221.189
221.127
221.334
221.055
219.984
218.277
216.159
213.767
211.176
208.441
205.596
202.672
199.69
196.663
193.596
190.488
187.339
184.151
180.925
177.664
174.366
171.029
167.649
477.925
477.716
477.339
476.837
476.259
475.644
475.004
474.333
473.621
472.864
472.065
471.23
470.364
469.48
468.606
467.77
466.988
466.265
465.565
464.846
464.063
463.191
462.214
461.123
459.915
458.588
457.146
455.594
453.944
452.21
450.412
448.567
446.692
444.801
442.903
441.004
439.108
437.218
435.337
433.47
431.62
429.79
427.983
426.196
424.427
422.673
420.935
419.225
417.562
415.974
414.49
413.141
411.952
410.937
410.098
409.422
408.889
408.47
408.13
407.841
407.573
407.301
407.014
406.7
406.348
405.968
405.566
405.115
404.6
404.065
403.527
402.919
402.192
401.404
400.659
400.009
399.405
398.752
397.99
397.106
396.115
395.031
393.865
392.623
391.308
389.921
388.464
386.924
385.297
383.575
381.739
379.791
377.752
375.628
373.417
371.112
368.723
366.273
363.787
361.282
358.767
356.24
353.696
351.127
348.514
345.836
343.063
340.164
337.118
333.921
330.594
327.186
323.771
320.448
317.328
314.511
312.083
310.085
308.542
307.385
306.538
305.887
305.258
304.557
303.823
303.084
302.277
301.354
300.358
299.341
298.271
297.081
295.715
294.13
292.347
290.425
288.351
286.111
283.784
281.437
279
276.342
273.46
270.433
267.321
264.129
260.826
257.407
253.716
249.523
244.75
239.425
233.805
228.55
224.363
221.527
219.825
219.22
219.613
220.294
220.404
219.597
218.045
216.014
213.677
211.129
208.429
205.611
202.7
199.721
196.691
193.62
190.507
187.354
184.162
180.932
177.666
174.364
171.022
167.638
479.867
479.611
479.152
478.554
477.884
477.191
476.487
475.757
474.984
474.154
473.261
472.316
471.332
470.335
469.36
468.444
467.611
466.866
466.19
465.513
464.779
463.946
462.992
461.907
460.692
459.354
457.9
456.339
454.682
452.94
451.129
449.264
447.363
445.438
443.504
441.569
439.641
437.726
435.831
433.961
432.125
430.326
428.566
426.844
425.152
423.481
421.827
420.197
418.604
417.07
415.626
414.298
413.109
412.071
411.185
410.445
409.832
409.323
408.891
408.51
408.156
407.808
407.455
407.088
406.694
406.277
405.838
405.351
404.808
404.244
403.661
403.007
402.251
401.452
400.705
400.047
399.421
398.74
397.948
397.039
396.026
394.925
393.743
392.485
391.154
389.751
388.277
386.727
385.09
383.366
381.542
379.61
377.586
375.492
373.335
371.106
368.796
366.408
363.962
361.48
358.974
356.448
353.901
351.325
348.709
346.039
343.293
340.446
337.478
334.38
331.166
327.877
324.576
321.351
318.305
315.531
313.102
311.072
309.458
308.198
307.219
306.426
305.668
304.859
304.04
303.24
302.394
301.446
300.426
299.383
298.289
297.073
295.687
294.091
292.297
290.365
288.297
286.07
283.74
281.383
278.95
276.339
273.556
270.66
267.646
264.42
260.953
257.329
253.382
248.833
243.625
237.817
231.727
226.137
221.829
219.068
217.631
217.385
218.224
219.348
219.817
219.255
217.845
215.893
213.602
211.091
208.423
205.63
202.733
199.756
196.723
193.646
190.529
187.371
184.175
180.942
177.672
174.365
171.019
167.631
481.751
481.427
480.868
480.168
479.407
478.641
477.882
477.108
476.284
475.383
474.395
473.328
472.206
471.073
469.978
468.971
468.087
467.335
466.691
466.06
465.372
464.577
463.644
462.569
461.354
460.01
458.547
456.977
455.313
453.568
451.752
449.879
447.964
446.019
444.06
442.098
440.144
438.207
436.295
434.418
432.585
430.804
429.078
427.406
425.775
424.173
422.589
421.023
419.486
418.002
416.593
415.285
414.098
413.044
412.126
411.337
410.663
410.085
409.58
409.127
408.705
408.295
407.888
407.472
407.037
406.58
406.098
405.573
405
404.403
403.777
403.08
402.3
401.499
400.755
400.089
399.438
398.723
397.899
396.964
395.93
394.81
393.613
392.341
390.996
389.58
388.093
386.534
384.893
383.165
381.35
379.439
377.433
375.355
373.226
371.048
368.807
366.491
364.102
361.656
359.172
356.657
354.114
351.538
348.923
346.259
343.532
340.725
337.82
334.81
331.702
328.528
325.343
322.222
319.258
316.535
314.118
312.062
310.384
309.027
307.921
306.988
306.1
305.185
304.284
303.422
302.533
301.556
300.509
299.438
298.317
297.076
295.669
294.063
292.26
290.318
288.254
286.04
283.717
281.354
278.918
276.336
273.627
270.833
267.896
264.652
261.071
257.291
253.106
248.203
242.571
236.301
229.772
223.884
219.485
216.822
215.634
215.746
217.008
218.531
219.314
218.965
217.68
215.796
213.544
211.061
208.421
205.651
202.767
199.793
196.757
193.675
190.553
187.391
184.191
180.954
177.68
174.369
171.019
167.628
483.595
483.159
482.457
481.637
480.788
479.963
479.17
478.367
477.502
476.538
475.46
474.267
472.99
471.692
470.45
469.338
468.405
467.663
467.079
466.507
465.871
465.111
464.192
463.12
461.903
460.556
459.09
457.516
455.849
454.103
452.288
450.415
448.495
446.541
444.567
442.586
440.613
438.656
436.728
434.84
433.005
431.234
429.534
427.903
426.326
424.784
423.259
421.749
420.264
418.821
417.443
416.153
414.97
413.906
412.963
412.137
411.416
410.783
410.219
409.706
409.226
408.763
408.305
407.843
407.365
406.866
406.341
405.776
405.172
404.541
403.875
403.142
402.347
401.548
400.81
400.134
399.454
398.702
397.845
396.883
395.829
394.693
393.481
392.196
390.839
389.413
387.915
386.348
384.705
382.977
381.167
379.273
377.291
375.231
373.116
370.964
368.771
366.518
364.195
361.802
359.353
356.861
354.331
351.764
349.155
346.498
343.786
341.008
338.154
335.216
332.2
329.131
326.055
323.037
320.156
317.489
315.094
313.021
311.286
309.838
308.616
307.551
306.54
305.525
304.547
303.626
302.69
301.679
300.603
299.502
298.354
297.088
295.661
294.045
292.236
290.287
288.224
286.024
283.713
281.349
278.91
276.346
273.69
270.967
268.083
264.829
261.176
257.283
252.879
247.641
241.619
234.928
228.008
221.872
217.407
214.851
213.901
214.359
216.01
217.873
218.912
218.734
217.552
215.722
213.5
211.039
208.421
205.671
202.8
199.83
196.792
193.705
190.578
187.412
184.209
180.968
177.69
174.376
171.023
167.628
485.447
484.782
483.868
482.911
481.992
481.146
480.359
479.553
478.655
477.633
476.467
475.15
473.709
472.223
470.797
469.537
468.528
467.804
467.319
466.855
466.298
465.573
464.656
463.575
462.35
461
459.533
457.961
456.298
454.557
452.748
450.879
448.96
447.004
445.022
443.031
441.043
439.071
437.128
435.229
433.391
431.627
429.948
428.352
426.823
425.337
423.865
422.406
420.961
419.553
418.202
416.93
415.753
414.682
413.721
412.864
412.104
411.424
410.811
410.246
409.715
409.203
408.698
408.19
407.668
407.127
406.559
405.959
405.324
404.661
403.959
403.199
402.395
401.604
400.87
400.179
399.467
398.676
397.786
396.8
395.726
394.575
393.35
392.053
390.686
389.25
387.745
386.171
384.525
382.801
380.996
379.113
377.153
375.115
373.017
370.878
368.71
366.504
364.24
361.906
359.507
357.05
354.545
351.995
349.399
346.755
344.058
341.304
338.487
335.606
332.665
329.686
326.707
323.784
320.984
318.375
316.006
313.923
312.139
310.611
309.283
308.099
306.976
305.872
304.824
303.845
302.861
301.811
300.703
299.571
298.395
297.105
295.659
294.034
292.223
290.27
288.209
286.021
283.724
281.365
278.925
276.373
273.756
271.078
268.223
264.966
261.274
257.3
252.697
247.156
240.795
233.741
226.491
220.165
215.663
213.212
212.488
213.269
215.261
217.392
218.619
218.565
217.459
215.669
213.467
211.023
208.421
205.688
202.829
199.865
196.826
193.736
190.605
187.435
184.228
180.984
177.703
174.385
171.029
167.632
487.438
486.362
485.18
484.071
483.081
482.217
481.448
480.68
479.8
478.731
477.48
476.031
474.405
472.683
470.994
469.516
468.399
467.706
467.39
467.066
466.618
465.947
465.049
463.963
462.723
461.361
459.891
458.322
456.668
454.938
453.14
451.28
449.368
447.413
445.43
443.432
441.434
439.45
437.497
435.59
433.745
431.981
430.312
428.744
427.257
425.821
424.4
422.982
421.575
420.198
418.872
417.617
416.448
415.375
414.4
413.519
412.726
412.008
411.351
410.741
410.164
409.606
409.057
408.505
407.942
407.36
406.755
406.121
405.458
404.766
404.036
403.257
402.451
401.667
400.934
400.222
399.474
398.646
397.725
396.715
395.625
394.459
393.221
391.914
390.537
389.093
387.582
386.003
384.355
382.634
380.836
378.962
377.018
375.004
372.926
370.8
368.645
366.465
364.245
361.968
359.625
357.216
354.748
352.226
349.652
347.026
344.347
341.615
338.828
335.99
333.108
330.201
327.304
324.463
321.737
319.183
316.843
314.754
312.93
311.333
309.914
308.626
307.406
306.223
305.112
304.077
303.043
301.951
300.808
299.643
298.438
297.126
295.663
294.031
292.219
290.267
288.209
286.032
283.749
281.398
278.961
276.42
273.828
271.175
268.331
265.076
261.369
257.339
252.561
246.759
240.124
232.774
225.267
218.811
214.302
211.954
211.439
212.513
214.783
217.101
218.441
218.459
217.4
215.634
213.444
211.01
208.421
205.702
202.855
199.896
196.859
193.767
190.632
187.458
184.248
181.001
177.718
174.397
171.039
167.639
489.67
487.787
486.324
485.056
483.98
483.075
482.346
481.657
480.844
479.799
478.483
476.885
475.049
473.05
471.07
469.382
468.217
467.621
467.428
467.28
466.952
466.294
465.345
464.227
463.009
461.653
460.185
458.618
456.973
455.259
453.478
451.633
449.731
447.782
445.8
443.8
441.796
439.804
437.841
435.92
434.06
432.286
430.627
429.089
427.643
426.252
424.866
423.485
422.113
420.767
419.467
418.231
417.074
416.001
415.018
414.119
413.299
412.548
411.854
411.203
410.584
409.984
409.392
408.799
408.196
407.578
406.938
406.274
405.584
404.867
404.113
403.321
402.517
401.74
401
400.262
399.474
398.609
397.659
396.628
395.52
394.34
393.09
391.773
390.387
388.936
387.419
385.835
384.186
382.468
380.677
378.812
376.881
374.888
372.833
370.726
368.583
366.417
364.226
361.996
359.709
357.358
354.94
352.46
349.92
347.324
344.671
341.963
339.205
336.404
333.569
330.723
327.895
325.127
322.468
319.966
317.657
315.568
313.71
312.05
310.548
309.167
307.858
306.603
305.431
304.337
303.246
302.104
300.92
299.719
298.483
297.148
295.669
294.032
292.223
290.275
288.223
286.058
283.789
281.449
279.019
276.489
273.915
271.273
268.431
265.181
261.476
257.404
252.468
246.446
239.593
232.005
224.3
217.765
213.276
211.039
210.729
212.075
214.569
216.988
218.368
218.409
217.368
215.612
213.427
210.999
208.42
205.714
202.878
199.928
196.892
193.799
190.661
187.485
184.272
181.022
177.736
174.413
171.052
167.651
491.103
489.059
487.424
486.059
484.918
484.007
483.283
482.575
481.73
480.672
479.331
477.639
475.625
473.4
471.217
469.419
468.264
467.794
467.668
467.56
467.194
466.539
465.653
464.567
463.269
461.901
460.438
458.877
457.244
455.548
453.788
451.963
450.077
448.139
446.163
444.162
442.154
440.153
438.173
436.232
434.354
432.57
430.907
429.375
427.948
426.583
425.252
423.92
422.592
421.284
420.015
418.803
417.66
416.594
415.606
414.693
413.851
413.07
412.341
411.652
410.993
410.351
409.718
409.085
408.444
407.79
407.119
406.426
405.712
404.971
404.199
403.4
402.6
401.825
401.069
400.295
399.467
398.565
397.587
396.534
395.409
394.215
392.954
391.625
390.231
388.773
387.25
385.664
384.012
382.297
380.513
378.66
376.742
374.765
372.734
370.65
368.525
366.37
364.196
361.997
359.759
357.466
355.111
352.689
350.202
347.65
345.036
342.362
339.637
336.869
334.074
331.275
328.504
325.795
323.193
320.738
318.46
316.372
314.485
312.771
311.197
309.734
308.346
307.023
305.79
304.631
303.473
302.271
301.038
299.796
298.526
297.168
295.676
294.037
292.236
290.296
288.254
286.103
283.849
281.52
279.1
276.584
274.022
271.381
268.533
265.295
261.607
257.511
252.45
246.273
239.296
231.569
223.762
217.217
212.785
210.664
210.539
212.105
214.723
217.122
218.439
218.433
217.371
215.606
213.417
210.991
208.419
205.724
202.9
199.957
196.926
193.832
190.692
187.514
184.299
181.047
177.759
174.434
171.072
167.669
492.174
490.164
488.486
487.066
485.871
484.875
484.041
483.287
482.47
481.423
480.023
478.235
476.097
473.763
471.515
469.711
468.604
468.17
468.032
467.879
467.504
466.805
465.837
464.681
463.456
462.127
460.668
459.11
457.492
455.82
454.086
452.286
450.422
448.5
446.532
444.532
442.519
440.506
438.507
436.545
434.639
432.803
431.082
429.527
428.137
426.849
425.597
424.333
423.059
421.791
420.553
419.363
418.233
417.172
416.18
415.255
414.392
413.584
412.821
412.095
411.396
410.714
410.04
409.368
408.69
408.003
407.302
406.583
405.846
405.085
404.299
403.497
402.699
401.916
401.133
400.32
399.45
398.514
397.509
396.436
395.294
394.086
392.813
391.474
390.072
388.607
387.079
385.49
383.838
382.125
380.348
378.507
376.602
374.64
372.629
370.571
368.468
366.329
364.166
361.985
359.78
357.537
355.244
352.89
350.47
347.979
345.419
342.792
340.105
337.373
334.613
331.851
329.12
326.456
323.897
321.477
319.22
317.139
315.229
313.47
311.838
310.308
308.853
307.469
306.174
304.943
303.709
302.439
301.151
299.864
298.559
297.179
295.679
294.042
292.252
290.327
288.3
286.163
283.924
281.609
279.201
276.697
274.143
271.497
268.643
265.418
261.761
257.658
252.522
246.282
239.296
231.561
223.773
217.298
212.955
210.942
210.957
212.645
215.253
217.497
218.647
218.531
217.412
215.619
213.418
210.989
208.421
205.734
202.918
199.983
196.955
193.863
190.723
187.543
184.326
181.073
177.784
174.458
171.095
167.692
493.082
491.171
489.508
488.062
486.805
485.718
484.774
483.888
482.92
481.758
480.326
478.565
476.486
474.23
472.095
470.417
469.379
468.883
468.624
468.3
467.747
466.954
465.985
464.873
463.632
462.287
460.842
459.306
457.711
456.068
454.369
452.602
450.763
448.859
446.9
444.905
442.89
440.866
438.848
436.851
434.86
432.892
431.072
429.524
428.233
427.072
425.926
424.742
423.528
422.306
421.101
419.932
418.813
417.752
416.752
415.811
414.926
414.09
413.295
412.532
411.794
411.072
410.36
409.65
408.939
408.222
407.493
406.751
405.993
405.215
404.418
403.611
402.807
402.005
401.188
400.332
399.424
398.457
397.427
396.334
395.176
393.954
392.669
391.32
389.91
388.439
386.907
385.315
383.664
381.953
380.183
378.353
376.462
374.516
372.522
370.485
368.407
366.29
364.142
361.973
359.787
357.579
355.337
353.049
350.703
348.289
345.799
343.234
340.6
337.909
335.185
332.455
329.756
327.125
324.597
322.204
319.964
317.886
315.959
314.165
312.485
310.9
309.386
307.943
306.581
305.269
303.948
302.6
301.251
299.914
298.573
297.174
295.67
294.042
292.27
290.365
288.356
286.237
284.014
281.713
279.318
276.827
274.278
271.625
268.765
265.56
261.941
257.848
252.694
246.482
239.601
231.993
224.351
218.024
213.801
211.886
211.983
213.671
216.119
218.079
218.974
218.694
217.487
215.649
213.428
210.993
208.426
205.743
202.934
200.005
196.982
193.891
190.752
187.572
184.354
181.101
177.811
174.485
171.122
167.72
493.909
492.096
490.462
488.994
487.678
486.498
485.419
484.376
483.277
482.036
480.585
478.883
476.955
474.948
473.072
471.521
470.459
469.79
469.284
468.728
468.037
467.185
466.167
465.011
463.775
462.447
461.018
459.495
457.916
456.299
454.635
452.906
451.099
449.218
447.277
445.292
443.275
441.236
439.191
437.114
434.948
432.773
430.854
429.376
428.239
427.243
426.225
425.136
423.99
422.818
421.648
420.503
419.397
418.337
417.328
416.37
415.461
414.595
413.767
412.968
412.192
411.433
410.684
409.94
409.199
408.453
407.7
406.935
406.156
405.362
404.554
403.737
402.916
402.084
401.228
400.333
399.39
398.395
397.342
396.229
395.054
393.819
392.522
391.164
389.746
388.27
386.734
385.141
383.49
381.783
380.019
378.199
376.323
374.393
372.415
370.397
368.342
366.249
364.122
361.968
359.795
357.607
355.4
353.163
350.886
348.553
346.148
343.663
341.097
338.461
335.779
333.083
330.412
327.808
325.306
322.934
320.708
318.634
316.693
314.87
313.153
311.52
309.951
308.448
307.01
305.603
304.183
302.75
301.33
299.94
298.562
297.146
295.644
294.032
292.284
290.405
288.42
286.322
284.118
281.832
279.45
276.971
274.426
271.767
268.905
265.723
262.149
258.083
252.964
246.866
240.199
232.852
225.478
219.376
215.295
213.468
213.567
215.112
217.248
218.818
219.391
218.908
217.59
215.694
213.446
211.001
208.433
205.752
202.948
200.024
197.005
193.918
190.78
187.6
184.383
181.129
177.84
174.515
171.153
167.752
494.69
492.959
491.353
489.873
488.511
487.25
486.06
484.895
483.694
482.391
480.941
479.328
477.586
475.806
474.118
472.657
471.52
470.657
469.931
469.203
468.379
467.429
466.372
465.214
463.966
462.634
461.21
459.699
458.129
456.526
454.888
453.195
451.429
449.588
447.678
445.704
443.676
441.619
439.526
437.299
434.859
432.424
430.435
429.105
428.186
427.393
426.523
425.534
424.458
423.335
422.2
421.077
419.981
418.922
417.906
416.933
416.001
415.108
414.247
413.414
412.603
411.808
411.025
410.25
409.478
408.705
407.926
407.137
406.337
405.524
404.698
403.863
403.015
402.148
401.254
400.324
399.351
398.33
397.255
396.122
394.931
393.681
392.374
391.007
389.582
388.1
386.561
384.967
383.317
381.614
379.856
378.046
376.184
374.27
372.31
370.309
368.273
366.204
364.102
361.968
359.81
357.635
355.448
353.245
351.02
348.757
346.438
344.044
341.563
338.998
336.37
333.714
331.076
328.5
326.024
323.673
321.463
319.394
317.445
315.602
313.852
312.175
310.551
308.979
307.452
305.937
304.408
302.878
301.381
299.931
298.515
297.086
295.593
294.005
292.29
290.445
288.489
286.416
284.234
281.964
279.594
277.127
274.586
271.922
269.061
265.907
262.382
258.362
253.329
247.417
241.051
234.09
227.088
221.28
217.359
215.601
215.611
216.871
218.541
219.658
219.87
219.16
217.713
215.749
213.47
211.015
208.443
205.763
202.961
200.041
197.026
193.942
190.806
187.628
184.411
181.159
177.871
174.548
171.188
167.788
495.443
493.778
492.2
490.714
489.316
487.991
486.717
485.462
484.186
482.842
481.403
479.866
478.252
476.619
475.056
473.654
472.464
471.463
470.569
469.683
468.742
467.729
466.63
465.443
464.176
462.837
461.419
459.925
458.37
456.774
455.146
453.479
451.751
449.956
448.085
446.125
444.091
442.014
439.844
437.386
434.59
431.88
429.883
428.748
428.132
427.57
426.854
425.964
424.951
423.87
422.763
421.658
420.57
419.51
418.485
417.496
416.543
415.624
414.735
413.871
413.028
412.201
411.386
410.58
409.777
408.974
408.166
407.351
406.525
405.689
404.84
403.977
403.098
402.198
401.27
400.309
399.308
398.262
397.165
396.013
394.806
393.543
392.225
390.849
389.417
387.93
386.389
384.794
383.147
381.447
379.696
377.895
376.045
374.148
372.205
370.221
368.204
366.155
364.077
361.967
359.829
357.67
355.495
353.312
351.118
348.905
346.657
344.35
341.962
339.483
336.924
334.321
331.722
329.18
326.735
324.413
322.225
320.166
318.219
316.363
314.585
312.863
311.18
309.53
307.9
306.264
304.615
302.979
301.394
299.878
298.423
296.985
295.509
293.955
292.283
290.48
288.561
286.517
284.359
282.106
279.748
277.292
274.755
272.089
269.232
266.11
262.636
258.679
253.775
248.101
242.098
235.614
229.056
223.633
219.957
218.148
217.958
218.82
219.932
220.549
220.381
219.434
217.848
215.81
213.5
211.033
208.458
205.777
202.975
200.058
197.046
193.965
190.832
187.655
184.44
181.189
177.904
174.583
171.226
167.83
496.182
494.568
493.014
491.527
490.102
488.73
487.396
486.078
484.746
483.373
481.942
480.451
478.917
477.384
475.906
474.539
473.308
472.206
471.182
470.179
469.151
468.066
466.916
465.701
464.421
463.076
461.663
460.182
458.64
457.056
455.44
453.785
452.08
450.312
448.463
446.513
444.482
442.393
440.127
437.399
434.24
431.323
429.42
428.571
428.236
427.871
427.272
426.452
425.484
424.434
423.346
422.25
421.165
420.101
419.065
418.06
417.085
416.141
415.224
414.33
413.456
412.599
411.753
410.915
410.08
409.246
408.408
407.564
406.711
405.847
404.97
404.079
403.169
402.237
401.28
400.29
399.264
398.194
397.075
395.904
394.68
393.404
392.076
390.692
389.254
387.762
386.219
384.624
382.978
381.283
379.539
377.747
375.91
374.027
372.101
370.136
368.136
366.105
364.048
361.963
359.849
357.709
355.55
353.378
351.201
349.016
346.815
344.576
342.273
339.883
337.406
334.868
332.32
329.82
327.416
325.133
322.978
320.941
319.004
317.143
315.34
313.574
311.828
310.09
308.344
306.576
304.797
303.044
301.36
299.771
298.274
296.83
295.381
293.874
292.257
290.507
288.631
286.622
284.49
282.253
279.908
277.463
274.93
272.263
269.413
266.325
262.903
259.025
254.283
248.876
243.267
237.291
231.238
226.259
222.786
220.916
220.442
220.818
221.339
221.439
220.904
219.719
217.989
215.878
213.536
211.058
208.48
205.795
202.992
200.075
197.066
193.988
190.857
187.682
184.469
181.221
177.938
174.621
171.268
167.875
496.918
495.343
493.81
492.322
490.879
489.474
488.096
486.73
485.359
483.964
482.537
481.077
479.6
478.13
476.701
475.346
474.084
472.909
471.793
470.697
469.586
468.439
467.248
466.005
464.705
463.348
461.935
460.466
458.941
457.37
455.768
454.134
452.45
450.697
448.851
446.9
444.871
442.777
440.429
437.476
434.074
431.104
429.378
428.817
428.672
428.398
427.835
427.034
426.078
425.037
423.955
422.86
421.772
420.699
419.649
418.625
417.629
416.659
415.714
414.791
413.886
412.997
412.119
411.248
410.381
409.515
408.647
407.772
406.89
405.998
405.093
404.173
403.233
402.273
401.286
400.27
399.218
398.124
396.983
395.794
394.555
393.266
391.927
390.536
389.091
387.596
386.05
384.456
382.813
381.122
379.385
377.603
375.777
373.908
371.999
370.051
368.069
366.057
364.018
361.954
359.865
357.749
355.609
353.453
351.286
349.114
346.937
344.743
342.504
340.193
337.796
335.33
332.842
330.393
328.038
325.804
323.694
321.693
319.777
317.92
316.098
314.29
312.477
310.643
308.773
306.866
304.948
303.066
301.27
299.596
298.053
296.608
295.197
293.751
292.204
290.519
288.695
286.725
284.621
282.402
280.069
277.635
275.105
272.439
269.6
266.545
263.177
259.388
254.825
249.698
244.48
238.993
233.497
228.946
225.652
223.691
222.879
222.734
222.681
222.3
221.419
220.002
218.132
215.951
213.58
211.092
208.509
205.82
203.012
200.093
197.086
194.01
190.881
187.709
184.499
181.253
177.975
174.662
171.313
167.925
497.655
496.11
494.593
493.107
491.652
490.224
488.815
487.417
486.018
484.609
483.184
481.744
480.298
478.863
477.46
476.108
474.82
473.59
472.4
471.227
470.05
468.85
467.616
466.342
465.021
463.653
462.238
460.777
459.269
457.718
456.131
454.517
452.869
451.157
449.352
447.447
445.467
443.396
440.995
437.93
434.495
431.667
430.166
429.725
429.564
429.209
428.573
427.725
426.743
425.687
424.594
423.49
422.39
421.304
420.237
419.194
418.175
417.18
416.207
415.254
414.318
413.397
412.486
411.583
410.683
409.785
408.885
407.98
407.068
406.146
405.212
404.263
403.294
402.305
401.291
400.248
399.171
398.053
396.892
395.685
394.431
393.13
391.781
390.381
388.931
387.432
385.885
384.291
382.651
380.965
379.235
377.462
375.648
373.792
371.898
369.968
368.004
366.01
363.989
361.944
359.876
357.785
355.669
353.532
351.38
349.221
347.056
344.882
342.682
340.43
338.104
335.708
333.283
330.888
328.585
326.406
324.348
322.393
320.509
318.665
316.833
314.987
313.106
311.173
309.177
307.129
305.063
303.037
301.112
299.338
297.743
296.3
294.938
293.572
292.114
290.51
288.748
286.822
284.749
282.547
280.225
277.803
275.276
272.61
269.784
266.761
263.449
259.753
255.378
250.522
245.642
240.652
235.684
231.51
228.352
226.279
225.12
224.479
223.913
223.107
221.909
220.274
218.274
216.03
213.634
211.137
208.548
205.85
203.036
200.114
197.106
194.032
190.906
187.736
184.529
181.287
178.013
174.705
171.362
167.98
498.406
496.883
495.378
493.894
492.43
490.986
489.557
488.136
486.718
485.297
483.871
482.44
481.011
479.593
478.2
476.843
475.528
474.254
473.008
471.776
470.542
469.293
468.019
466.714
465.373
463.994
462.575
461.119
459.625
458.095
456.532
454.942
453.325
451.677
449.984
448.223
446.379
444.387
442.001
439
435.783
433.236
431.864
431.284
430.862
430.263
429.461
428.513
427.472
426.379
425.262
424.138
423.021
421.917
420.83
419.765
418.722
417.701
416.7
415.717
414.751
413.797
412.853
411.916
410.984
410.053
409.121
408.185
407.243
406.291
405.328
404.348
403.351
402.333
401.293
400.224
399.122
397.982
396.801
395.577
394.308
392.995
391.636
390.229
388.774
387.271
385.723
384.13
382.493
380.813
379.09
377.326
375.522
373.68
371.801
369.887
367.941
365.965
363.962
361.935
359.886
357.817
355.725
353.613
351.481
349.336
347.181
345.018
342.839
340.626
338.356
336.023
333.658
331.317
329.063
326.933
324.927
323.02
321.173
319.348
317.513
315.637
313.693
311.667
309.552
307.362
305.139
302.95
300.87
298.973
297.312
295.873
294.577
293.316
291.973
290.47
288.782
286.906
284.865
282.681
280.371
277.96
275.436
272.771
269.957
266.965
263.711
260.106
255.928
251.311
246.722
242.163
237.679
233.827
230.778
228.575
227.092
226.016
225.014
223.844
222.359
220.526
218.414
216.116
213.7
211.195
208.597
205.887
203.063
200.137
197.128
194.055
190.931
187.763
184.559
181.322
178.053
174.751
171.414
168.039
499.107
497.599
496.103
494.62
493.153
491.699
490.256
488.822
487.391
485.961
484.532
483.103
481.679
480.268
478.876
477.51
476.174
474.866
473.578
472.299
471.02
469.731
468.424
467.093
465.735
464.346
462.925
461.473
459.99
458.476
456.937
455.374
453.791
452.189
450.57
448.939
447.264
445.425
443.195
440.475
437.648
435.373
433.94
433.037
432.24
431.351
430.363
429.302
428.193
427.056
425.908
424.761
423.622
422.498
421.391
420.304
419.238
418.191
417.163
416.152
415.155
414.171
413.196
412.228
411.265
410.303
409.341
408.376
407.405
406.424
405.432
404.424
403.4
402.358
401.292
400.2
399.076
397.915
396.716
395.475
394.194
392.869
391.501
390.087
388.627
387.121
385.572
383.98
382.347
380.671
378.955
377.2
375.407
373.576
371.71
369.811
367.881
365.922
363.937
361.928
359.897
357.846
355.776
353.686
351.578
349.452
347.311
345.159
342.994
340.805
338.574
336.293
333.982
331.691
329.479
327.388
325.422
323.553
321.737
319.933
318.098
316.199
314.208
312.108
309.889
307.562
305.174
302.8
300.534
298.483
296.734
295.296
294.083
292.956
291.761
290.386
288.787
286.968
284.961
282.794
280.497
278.097
275.575
272.911
270.108
267.145
263.948
260.433
256.451
252.028
247.694
243.467
239.377
235.776
232.811
230.5
228.747
227.32
225.967
224.486
222.751
220.751
218.549
216.212
213.781
211.266
208.654
205.93
203.094
200.162
197.152
194.079
190.955
187.79
184.59
181.357
178.093
174.798
171.469
168.102
499.821
498.324
496.833
495.351
493.88
492.419
490.967
489.521
488.08
486.642
485.207
483.777
482.353
480.94
479.542
478.164
476.807
475.469
474.146
472.831
471.516
470.194
468.858
467.504
466.128
464.729
463.304
461.854
460.379
458.881
457.362
455.826
454.275
452.711
451.142
449.579
447.997
446.29
444.29
441.963
439.577
437.556
435.929
434.679
433.547
432.416
431.27
430.106
428.928
427.744
426.561
425.387
424.224
423.077
421.948
420.838
419.746
418.674
417.619
416.579
415.554
414.539
413.534
412.535
411.541
410.549
409.557
408.562
407.561
406.552
405.531
404.497
403.448
402.38
401.291
400.176
399.03
397.85
396.633
395.377
394.083
392.748
391.371
389.95
388.485
386.977
385.427
383.836
382.206
380.536
378.827
377.08
375.297
373.478
371.625
369.74
367.825
365.882
363.914
361.922
359.908
357.875
355.824
353.755
351.669
349.565
347.445
345.309
343.159
340.989
338.789
336.552
334.291
332.046
329.872
327.81
325.868
324.022
322.227
320.436
318.602
316.69
314.669
312.513
310.201
307.737
305.169
302.578
300.079
297.823
295.949
294.504
293.399
292.452
291.453
290.242
288.753
286.999
285.031
282.882
280.6
278.213
275.693
273.028
270.235
267.298
264.155
260.734
256.936
252.689
248.566
244.594
240.806
237.38
234.459
232.075
230.12
228.421
226.779
225.03
223.085
220.954
218.686
216.322
213.878
211.349
208.718
205.976
203.128
200.19
197.176
194.103
190.981
187.818
184.621
181.393
178.136
174.848
171.527
168.169
500.656
499.164
497.676
496.194
494.719
493.251
491.789
490.333
488.882
487.435
485.992
484.555
483.125
481.704
480.296
478.901
477.52
476.153
474.796
473.445
472.094
470.739
469.374
467.997
466.604
465.193
463.763
462.314
460.845
459.359
457.857
456.343
454.819
453.284
451.747
450.212
448.665
447.041
445.254
443.283
441.242
439.331
437.649
436.179
434.827
433.526
432.252
430.995
429.749
428.514
427.292
426.084
424.891
423.716
422.56
421.422
420.302
419.199
418.113
417.042
415.983
414.935
413.896
412.864
411.836
410.811
409.786
408.759
407.726
406.686
405.635
404.573
403.496
402.403
401.289
400.149
398.981
397.78
396.545
395.274
393.966
392.62
391.234
389.806
388.337
386.826
385.276
383.687
382.06
380.396
378.694
376.957
375.184
373.377
371.538
369.667
367.768
365.842
363.892
361.918
359.922
357.908
355.875
353.827
351.762
349.681
347.584
345.469
343.339
341.191
339.022
336.828
334.618
332.421
330.282
328.241
326.31
324.469
322.676
320.884
319.052
317.138
315.102
312.905
310.508
307.901
305.117
302.238
299.411
296.859
294.802
293.347
292.4
291.713
290.993
290.006
288.659
286.992
285.068
282.939
280.675
278.302
275.785
273.119
270.334
267.424
264.335
261.008
257.383
253.329
249.349
245.569
242.022
238.751
235.868
233.406
231.28
229.35
227.456
225.476
223.368
221.147
218.836
216.452
213.992
211.442
208.788
206.026
203.165
200.219
197.202
194.128
191.006
187.846
184.653
181.43
178.179
174.899
171.588
168.241
501.642
500.152
498.662
497.175
495.693
494.216
492.744
491.276
489.812
488.353
486.899
485.45
484.008
482.574
481.149
479.734
478.327
476.929
475.538
474.15
472.764
471.375
469.98
468.578
467.165
465.74
464.302
462.851
461.385
459.907
458.417
456.917
455.409
453.893
452.371
450.845
449.303
447.716
446.043
444.264
442.426
440.615
439.003
437.472
436.018
434.62
433.262
431.935
430.631
429.348
428.084
426.84
425.615
424.41
423.224
422.055
420.904
419.769
418.648
417.542
416.447
415.362
414.286
413.217
412.152
411.091
410.03
408.966
407.899
406.826
405.744
404.651
403.546
402.426
401.285
400.121
398.929
397.707
396.453
395.166
393.844
392.487
391.092
389.657
388.183
386.67
385.12
383.533
381.911
380.253
378.559
376.831
375.07
373.276
371.45
369.595
367.713
365.804
363.872
361.917
359.941
357.945
355.932
353.904
351.86
349.801
347.727
345.636
343.53
341.409
339.273
337.122
334.964
332.819
330.72
328.697
326.763
324.908
323.1
321.296
319.46
317.551
315.521
313.305
310.833
308.062
304.996
301.708
298.393
295.402
293.093
291.645
290.946
290.639
290.32
289.644
288.487
286.926
285.054
282.95
280.709
278.356
275.842
273.175
270.399
267.518
264.485
261.252
257.791
253.943
250.058
246.389
243.002
239.87
237.042
234.506
232.225
230.088
227.983
225.836
223.625
221.346
219.007
216.602
214.118
211.54
208.859
206.077
203.203
200.249
197.229
194.153
191.032
187.874
184.685
181.467
178.223
174.951
171.651
168.316
502.785
501.286
499.788
498.291
496.795
495.312
493.828
492.346
490.867
489.393
487.924
486.459
485
483.548
482.101
480.662
479.229
477.801
476.378
474.959
473.54
472.121
470.698
469.271
467.837
466.395
464.945
463.485
462.015
460.536
459.049
457.553
456.051
454.542
453.025
451.5
449.96
448.395
446.786
445.128
443.445
441.779
440.183
438.639
437.146
435.699
434.289
432.912
431.562
430.237
428.935
427.655
426.396
425.157
423.937
422.734
421.548
420.376
419.218
418.073
416.939
415.815
414.699
413.589
412.485
411.383
410.282
409.181
408.076
406.967
405.852
404.728
403.594
402.446
401.279
400.09
398.874
397.631
396.358
395.055
393.72
392.352
390.947
389.506
388.028
386.513
384.964
383.38
381.762
380.11
378.425
376.707
374.958
373.176
371.365
369.526
367.661
365.77
363.857
361.921
359.964
357.989
355.996
353.988
351.964
349.927
347.875
345.81
343.729
341.636
339.533
337.422
335.313
333.218
331.158
329.154
327.218
325.343
323.504
321.682
319.849
317.965
315.967
313.752
311.201
308.223
304.771
300.903
296.905
293.328
290.712
289.316
288.953
289.209
289.423
289.146
288.228
286.797
284.98
282.903
280.691
278.361
275.854
273.188
270.424
267.574
264.599
261.458
258.135
254.486
250.733
247.111
243.744
240.669
237.853
235.275
232.882
230.609
228.38
226.142
223.871
221.557
219.191
216.758
214.242
211.633
208.926
206.126
203.24
200.279
197.254
194.177
191.057
187.901
184.715
181.502
178.265
175.003
171.714
168.393
504.127
502.617
501.107
499.596
498.087
496.573
495.065
493.563
492.064
490.569
489.078
487.591
486.11
484.633
483.161
481.694
480.231
478.773
477.318
475.865
474.414
472.963
471.511
470.056
468.598
467.136
465.669
464.196
462.717
461.231
459.74
458.242
456.739
455.229
453.712
452.188
450.654
449.107
447.541
445.958
444.37
442.782
441.222
439.692
438.195
436.73
435.296
433.89
432.51
431.154
429.821
428.508
427.216
425.943
424.687
423.447
422.222
421.012
419.814
418.628
417.452
416.285
415.126
413.973
412.825
411.68
410.536
409.394
408.25
407.105
405.956
404.801
403.638
402.462
401.269
400.055
398.817
397.554
396.263
394.945
393.597
392.217
390.804
389.356
387.874
386.358
384.81
383.229
381.617
379.972
378.296
376.589
374.851
373.083
371.287
369.463
367.615
365.743
363.848
361.931
359.995
358.04
356.068
354.08
352.078
350.062
348.032
345.99
343.936
341.872
339.8
337.725
335.656
333.601
331.573
329.586
327.646
325.752
323.892
322.059
320.242
318.409
316.478
314.287
311.653
308.407
304.426
299.786
294.939
290.696
287.787
286.597
286.692
287.589
288.396
288.554
287.893
286.6
284.836
282.79
280.612
278.31
275.814
273.157
270.41
267.597
264.679
261.62
258.402
254.936
251.347
247.781
244.416
241.311
238.445
235.818
233.363
231.017
228.718
226.426
224.116
221.771
219.371
216.903
214.353
211.715
208.986
206.169
203.272
200.305
197.277
194.198
191.079
187.925
184.742
181.534
178.303
175.05
171.773
168.466
505.624
504.084
502.546
501.012
499.48
497.948
496.419
494.892
493.37
491.851
490.336
488.824
487.317
485.813
484.313
482.817
481.325
479.835
478.348
476.864
475.382
473.9
472.419
470.937
469.455
467.971
466.485
464.996
463.504
462.009
460.51
459.007
457.5
455.988
454.471
452.948
451.418
449.881
448.336
446.787
445.237
443.699
442.171
440.661
439.173
437.707
436.263
434.842
433.444
432.066
430.708
429.369
428.047
426.742
425.451
424.175
422.913
421.663
420.424
419.195
417.975
416.762
415.556
414.356
413.159
411.967
410.777
409.591
408.407
407.224
406.042
404.857
403.666
402.465
401.249
400.014
398.757
397.477
396.171
394.84
393.48
392.09
390.668
389.213
387.727
386.21
384.663
383.086
381.479
379.842
378.175
376.478
374.752
372.998
371.216
369.409
367.578
365.723
363.847
361.95
360.034
358.1
356.149
354.184
352.204
350.21
348.204
346.186
344.157
342.119
340.077
338.035
336
333.975
331.97
329.994
328.051
326.14
324.259
322.423
320.651
318.925
317.125
315.01
312.304
308.716
304.053
298.501
292.754
287.912
284.806
283.742
284.492
286.039
287.405
287.954
287.53
286.358
284.634
282.617
280.47
278.193
275.715
273.079
270.364
267.594
264.736
261.75
258.615
255.302
251.856
248.391
245.053
241.919
239.011
236.325
233.806
231.396
229.043
226.706
224.355
221.97
219.533
217.029
214.449
211.785
209.037
206.207
203.301
200.328
197.297
194.217
191.098
187.945
184.766
181.562
178.337
175.092
171.827
168.535
507.292
505.718
504.145
502.574
501.006
499.442
497.882
496.325
494.772
493.223
491.677
490.136
488.599
487.065
485.535
484.009
482.486
480.965
479.448
477.932
476.419
474.908
473.398
471.889
470.38
468.872
467.364
465.856
464.346
462.836
461.324
459.811
458.297
456.781
455.263
453.743
452.222
450.699
449.175
447.651
446.129
444.611
443.103
441.606
440.123
438.656
437.206
435.774
434.36
432.964
431.584
430.221
428.872
427.536
426.214
424.903
423.604
422.314
421.033
419.76
418.493
417.231
415.974
414.722
413.474
412.23
410.992
409.759
408.532
407.31
406.092
404.877
403.659
402.436
401.201
399.951
398.682
397.39
396.076
394.736
393.369
391.971
390.541
389.081
387.592
386.075
384.53
382.958
381.357
379.728
378.069
376.382
374.667
372.926
371.159
369.369
367.555
365.718
363.86
361.982
360.085
358.172
356.243
354.3
352.343
350.373
348.392
346.398
344.395
342.382
340.366
338.354
336.348
334.348
332.36
330.39
328.438
326.501
324.588
322.748
321.059
319.53
317.97
316.028
313.292
309.35
304.027
297.692
291.247
286.028
282.91
282.128
283.183
285.102
286.752
287.498
287.212
286.1
284.391
282.391
280.264
278
275.54
272.945
270.291
267.579
264.781
261.86
258.797
255.588
252.255
248.894
245.614
242.488
239.56
236.818
234.234
231.763
229.351
226.964
224.57
222.145
219.672
217.137
214.53
211.845
209.081
206.239
203.326
200.348
197.314
194.234
191.115
187.964
184.787
181.587
178.368
175.131
171.878
168.601
508.62
507.012
505.409
503.81
502.215
500.624
499.037
497.453
495.875
494.3
492.73
491.164
489.603
488.046
486.492
484.942
483.396
481.853
480.313
478.776
477.242
475.71
474.181
472.654
471.129
469.605
468.082
466.56
465.039
463.518
461.997
460.476
458.955
457.434
455.911
454.39
452.868
451.347
449.828
448.312
446.799
445.292
443.793
442.303
440.824
439.358
437.906
436.468
435.045
433.637
432.243
430.863
429.496
428.142
426.798
425.464
424.139
422.82
421.507
420.197
418.89
417.584
416.281
414.979
413.681
412.389
411.104
409.828
408.564
407.31
406.067
404.832
403.601
402.37
401.131
399.88
398.612
397.322
396.008
394.666
393.294
391.889
390.454
388.99
387.5
385.983
384.44
382.871
381.276
379.652
378
376.32
374.614
372.883
371.128
369.35
367.55
365.728
363.885
362.022
360.141
358.244
356.332
354.408
352.471
350.521
348.559
346.584
344.6
342.605
340.611
338.625
336.64
334.661
332.689
330.72
328.75
326.765
324.763
322.877
321.284
320.057
318.86
317.139
314.354
310.144
304.581
298.102
291.562
286.321
283.209
282.414
283.395
285.261
286.765
287.398
287.064
285.915
284.189
282.187
280.051
277.766
275.306
272.769
270.214
267.574
264.821
261.945
258.931
255.784
252.522
249.233
246.004
242.9
239.962
237.189
234.564
232.046
229.59
227.163
224.734
222.277
219.776
217.216
214.589
211.888
209.112
206.262
203.343
200.361
197.326
194.245
191.126
187.976
184.802
181.605
178.392
175.161
171.92
168.657
509.514
507.886
506.261
504.641
503.026
501.415
499.809
498.207
496.61
495.017
493.429
491.845
490.266
488.692
487.122
485.557
483.995
482.437
480.883
479.333
477.785
476.242
474.701
473.163
471.628
470.095
468.564
467.035
465.506
463.979
462.453
460.927
459.402
457.877
456.354
454.832
453.31
451.79
450.273
448.758
447.248
445.743
444.245
442.755
441.275
439.807
438.351
436.909
435.481
434.067
432.667
431.281
429.907
428.543
427.19
425.844
424.503
423.167
421.833
420.498
419.162
417.824
416.483
415.14
413.798
412.461
411.132
409.817
408.519
407.239
405.98
404.739
403.512
402.291
401.065
399.826
398.565
397.279
395.964
394.619
393.242
391.835
390.398
388.934
387.444
385.929
384.388
382.822
381.23
379.61
377.963
376.287
374.587
372.862
371.116
369.348
367.558
365.746
363.912
362.059
360.189
358.304
356.406
354.497
352.575
350.642
348.694
346.734
344.758
342.769
340.794
338.831
336.861
334.899
332.946
330.981
328.987
326.93
324.763
322.729
321.242
320.397
319.554
317.939
315.068
310.772
305.32
299.108
292.834
287.76
284.687
283.764
284.431
285.993
287.133
287.515
287.042
285.813
284.06
282.048
279.894
277.57
275.091
272.615
270.166
267.594
264.866
262.009
259.021
255.912
252.692
249.449
246.256
243.171
240.229
237.441
234.79
232.243
229.758
227.303
224.849
222.37
219.85
217.274
214.632
211.92
209.135
206.279
203.356
200.372
197.335
194.253
191.135
187.987
184.815
181.621
178.412
175.187
171.958
168.709
510.166
508.52
506.879
505.244
503.614
501.99
500.37
498.756
497.146
495.542
493.942
492.347
490.756
489.171
487.591
486.015
484.443
482.875
481.312
479.752
478.196
476.643
475.094
473.547
472.003
470.463
468.924
467.388
465.855
464.323
462.793
461.265
459.738
458.213
456.69
455.167
453.647
452.127
450.61
449.096
447.585
446.078
444.578
443.085
441.601
440.129
438.669
437.223
435.791
434.375
432.972
431.583
430.206
428.839
427.481
426.13
424.783
423.438
422.091
420.739
419.381
418.013
416.637
415.252
413.864
412.477
411.1
409.74
408.406
407.102
405.834
404.598
403.389
402.193
400.994
399.779
398.536
397.26
395.948
394.601
393.219
391.807
390.368
388.903
387.413
385.898
384.358
382.793
381.203
379.585
377.941
376.269
374.573
372.855
371.115
369.354
367.571
365.767
363.941
362.096
360.235
358.36
356.474
354.577
352.67
350.753
348.818
346.869
344.894
342.903
340.945
339.001
337.045
335.106
333.177
331.23
329.218
327.028
324.528
322.184
320.761
320.39
319.863
318.291
315.372
311.213
306.105
300.308
294.38
289.567
286.525
285.434
285.786
286.846
287.614
287.718
287.073
285.757
283.98
281.962
279.799
277.445
274.944
272.53
270.166
267.641
264.921
262.064
259.087
255.999
252.807
249.596
246.427
243.356
240.415
237.618
234.95
232.383
229.878
227.404
224.933
222.438
219.903
217.315
214.664
211.944
209.153
206.292
203.366
200.38
197.342
194.26
191.142
187.995
184.825
181.634
178.429
175.21
171.991
168.755
510.624
508.968
507.318
505.673
504.033
502.398
500.769
499.145
497.526
495.913
494.304
492.701
491.103
489.508
487.92
486.335
484.754
483.179
481.609
480.043
478.48
476.922
475.366
473.816
472.269
470.724
469.184
467.645
466.11
464.577
463.046
461.516
459.989
458.463
456.939
455.416
453.895
452.375
450.858
449.342
447.829
446.32
444.816
443.319
441.83
440.353
438.889
437.44
436.007
434.59
433.188
431.8
430.424
429.059
427.702
426.351
425.004
423.657
422.304
420.943
419.568
418.175
416.763
415.334
413.894
412.452
411.018
409.606
408.23
406.902
405.629
404.413
403.239
402.086
400.927
399.742
398.519
397.253
395.945
394.597
393.214
391.799
390.357
388.889
387.397
385.88
384.34
382.775
381.186
379.571
377.929
376.262
374.571
372.858
371.123
369.367
367.589
365.789
363.969
362.13
360.276
358.409
356.533
354.648
352.755
350.852
348.931
346.99
345.005
343.012
341.073
339.134
337.194
335.29
333.392
331.504
329.544
327.176
324.121
321.331
319.976
320.035
319.72
318.17
315.299
311.474
306.81
301.424
295.894
291.323
288.293
287.006
287.029
287.65
288.07
287.923
287.123
285.731
283.934
281.916
279.756
277.401
274.913
272.526
270.207
267.703
264.978
262.113
259.136
256.059
252.886
249.696
246.545
243.485
240.545
237.742
235.064
232.483
229.964
227.477
224.993
222.487
219.942
217.345
214.687
211.96
209.165
206.301
203.372
200.385
197.346
194.264
191.147
188.001
184.833
181.644
178.443
175.229
172.02
168.796
510.958
509.292
507.632
505.978
504.33
502.688
501.052
499.422
497.796
496.177
494.563
492.954
491.35
489.752
488.157
486.568
484.985
483.404
481.828
480.257
478.69
477.127
475.569
474.015
472.465
470.918
469.375
467.836
466.299
464.766
463.234
461.706
460.179
458.654
457.131
455.608
454.088
452.568
451.049
449.531
448.014
446.5
444.99
443.486
441.991
440.508
439.039
437.588
436.154
434.739
433.339
431.955
430.584
429.223
427.872
426.527
425.185
423.842
422.492
421.127
419.74
418.324
416.876
415.4
413.903
412.398
410.9
409.425
407.996
406.637
405.364
404.182
403.065
401.974
400.869
399.725
398.527
397.274
395.969
394.618
393.229
391.808
390.36
388.887
387.391
385.873
384.331
382.767
381.179
379.566
377.927
376.264
374.577
372.868
371.137
369.384
367.61
365.813
363.996
362.162
360.312
358.451
356.584
354.71
352.834
350.947
349.041
347.103
345.089
343.097
341.189
339.232
337.294
335.443
333.577
331.786
329.947
327.504
323.948
320.459
319.002
319.493
319.298
317.652
314.975
311.638
307.414
302.383
297.164
292.77
289.736
288.272
288.01
288.29
288.434
288.098
287.174
285.721
283.907
281.893
279.748
277.414
274.945
272.571
270.262
267.76
265.028
262.154
259.173
256.102
252.94
249.765
246.626
243.574
240.635
237.829
235.144
232.554
230.025
227.529
225.036
222.522
219.97
217.367
214.703
211.972
209.173
206.307
203.376
200.388
197.348
194.267
191.15
188.006
184.839
181.653
178.455
175.244
172.043
168.83
511.18
509.509
507.843
506.184
504.531
502.884
501.243
499.608
497.979
496.356
494.737
493.124
491.517
489.914
488.316
486.723
485.135
483.552
481.973
480.399
478.829
477.264
475.704
474.149
472.598
471.051
469.508
467.97
466.434
464.902
463.373
461.845
460.321
458.797
457.276
455.755
454.236
452.716
451.197
449.677
448.156
446.635
445.117
443.603
442.097
440.605
439.131
437.677
436.245
434.834
433.44
432.062
430.696
429.342
427.999
426.664
425.334
424.002
422.662
421.303
419.912
418.478
416.993
415.462
413.898
412.32
410.745
409.196
407.704
406.308
405.036
403.893
402.851
401.846
400.815
399.72
398.552
397.312
396.009
394.653
393.256
391.826
390.37
388.89
387.39
385.87
384.328
382.765
381.178
379.567
377.931
376.272
374.588
372.882
371.154
369.403
367.631
365.836
364.021
362.189
360.342
358.486
356.625
354.762
352.903
351.038
349.152
347.208
345.149
343.158
341.288
339.314
337.353
335.527
333.728
331.985
330.242
327.818
324.137
320.387
318.639
319.144
318.82
317.008
314.633
311.803
307.935
303.154
298.151
293.867
290.816
289.207
288.724
288.757
288.702
288.229
287.216
285.718
283.891
281.884
279.758
277.447
274.992
272.62
270.303
267.799
265.064
262.185
259.201
256.132
252.978
249.813
246.683
243.635
240.698
237.891
235.201
232.604
230.069
227.565
225.066
222.547
219.99
217.382
214.713
211.98
209.178
206.31
203.378
200.389
197.349
194.268
191.153
188.009
184.843
181.659
178.463
175.256
172.061
168.857
511.334
509.658
507.988
506.325
504.668
503.017
501.373
499.734
498.1
496.473
494.852
493.236
491.627
490.024
488.425
486.832
485.243
483.658
482.078
480.501
478.93
477.363
475.802
474.245
472.693
471.146
469.604
468.065
466.531
465.001
463.474
461.949
460.428
458.908
457.389
455.872
454.355
452.837
451.318
449.796
448.27
446.741
445.212
443.685
442.167
440.664
439.182
437.725
436.295
434.89
433.504
432.135
430.778
429.433
428.098
426.774
425.457
424.143
422.821
421.478
420.093
418.648
417.132
415.547
413.908
412.241
410.573
408.932
407.365
405.934
404.679
403.595
402.645
401.734
400.781
399.741
398.602
397.371
396.064
394.698
393.288
391.847
390.382
388.897
387.393
385.871
384.329
382.766
381.181
379.572
377.939
376.282
374.601
372.897
371.171
369.423
367.652
365.859
364.045
362.214
360.366
358.512
356.657
354.802
352.96
351.124
349.264
347.297
345.186
343.21
341.35
339.364
337.434
335.523
333.7
332.092
330.208
327.709
324.412
320.845
319.075
319.366
318.649
316.6
314.461
311.994
308.389
303.756
298.875
294.65
291.574
289.855
289.212
289.074
288.885
288.319
287.248
285.716
283.88
281.881
279.77
277.475
275.03
272.651
270.321
267.816
265.085
262.206
259.221
256.152
253.004
249.846
246.721
243.678
240.742
237.933
235.239
232.639
230.098
227.59
225.087
222.563
220.002
217.391
214.72
211.984
209.181
206.311
203.379
200.389
197.349
194.268
191.154
188.011
184.846
181.663
178.468
175.264
172.073
168.878
511.43
509.751
508.079
506.412
504.753
503.099
501.452
499.811
498.176
496.547
494.923
493.306
491.695
490.09
488.491
486.897
485.308
483.722
482.141
480.564
478.991
477.423
475.861
474.304
472.753
471.207
469.667
468.13
466.599
465.071
463.547
462.026
460.507
458.99
457.475
455.961
454.447
452.931
451.412
449.888
448.358
446.821
445.278
443.736
442.204
440.69
439.202
437.744
436.317
434.918
433.541
432.179
430.83
429.493
428.168
426.857
425.557
424.264
422.967
421.644
420.269
418.815
417.272
415.646
413.952
412.211
410.448
408.698
407.034
405.55
404.311
403.321
402.469
401.645
400.764
399.778
398.666
397.441
396.125
394.746
393.323
391.87
390.396
388.905
387.399
385.876
384.334
382.772
381.188
379.58
377.949
376.294
374.615
372.913
371.189
369.441
367.672
365.879
364.065
362.233
360.385
358.53
356.676
354.829
353.002
351.198
349.364
347.356
345.195
343.261
341.401
339.288
337.414
335.668
333.689
331.879
329.931
327.642
324.707
321.437
319.734
319.871
318.683
316.482
314.449
312.181
308.754
304.211
299.385
295.182
292.079
290.279
289.526
289.277
289.001
288.376
287.269
285.716
283.875
281.882
279.78
277.493
275.053
272.665
270.322
267.817
265.092
262.217
259.233
256.165
253.021
249.867
246.747
243.706
240.771
237.961
235.265
232.661
230.117
227.607
225.1
222.574
220.01
217.396
214.724
211.986
209.182
206.311
203.378
200.388
197.349
194.268
191.154
188.012
184.848
181.666
178.472
175.268
172.082
168.894
511.491
509.81
508.135
506.467
504.805
503.149
501.5
499.856
498.218
496.587
494.962
493.345
491.736
490.132
488.535
486.942
485.353
483.767
482.185
480.607
479.033
477.464
475.901
474.344
472.793
471.246
469.706
468.171
466.641
465.117
463.597
462.08
460.566
459.054
457.543
456.033
454.524
453.012
451.497
449.973
448.438
446.89
445.331
443.768
442.215
440.686
439.19
437.734
436.316
434.928
433.562
432.207
430.861
429.527
428.206
426.903
425.617
424.344
423.072
421.777
420.411
418.941
417.364
415.711
414.004
412.247
410.451
408.656
406.941
405.421
404.173
403.197
402.383
401.603
400.76
399.8
398.703
397.481
396.162
394.775
393.344
391.885
390.406
388.913
387.405
385.881
384.339
382.777
381.193
379.587
377.956
376.302
374.624
372.924
371.201
369.455
367.686
365.893
364.079
362.245
360.395
358.541
356.685
354.838
353.029
351.258
349.434
347.386
345.165
343.261
341.478
339.391
337.385
335.525
333.716
331.923
329.923
327.618
324.89
321.877
320.243
320.233
318.779
316.524
314.493
312.3
309
304.533
299.725
295.519
292.386
290.533
289.713
289.395
289.068
288.408
287.281
285.717
283.874
281.885
279.788
277.502
275.064
272.668
270.313
267.807
265.089
262.22
259.239
256.172
253.032
249.881
246.762
243.723
240.789
237.978
235.281
232.675
230.129
227.616
225.108
222.579
220.014
217.399
214.725
211.986
209.181
206.311
203.377
200.387
197.348
194.268
191.154
188.012
184.849
181.667
178.473
175.271
172.086
168.905
511.519
509.837
508.163
506.495
504.834
503.178
501.528
499.882
498.242
496.607
494.98
493.361
491.751
490.149
488.553
486.962
485.374
483.789
482.206
480.626
479.052
477.483
475.92
474.365
472.815
471.272
469.734
468.201
466.673
465.151
463.633
462.118
460.607
459.097
457.589
456.082
454.575
453.068
451.556
450.035
448.499
446.944
445.372
443.793
442.219
440.669
439.161
437.704
436.293
434.917
433.562
432.217
430.878
429.546
428.225
426.922
425.636
424.365
423.102
421.824
420.481
419.016
417.411
415.724
413.997
412.239
410.456
408.672
406.968
405.454
404.201
403.216
402.396
401.613
400.768
399.81
398.715
397.493
396.173
394.786
393.354
391.894
390.413
388.918
387.409
385.885
384.343
382.781
381.197
379.591
377.96
376.306
374.629
372.929
371.206
369.46
367.692
365.898
364.083
362.249
360.397
358.541
356.685
354.835
353.028
351.28
349.47
347.416
345.189
343.249
341.4
339.349
337.442
335.61
333.718
331.892
329.882
327.605
324.961
322.071
320.482
320.381
318.822
316.565
314.518
312.331
309.112
304.722
299.936
295.719
292.56
290.669
289.811
289.457
289.102
288.421
287.286
285.717
283.875
281.888
279.79
277.503
275.066
272.667
270.307
267.798
265.084
262.218
259.24
256.175
253.038
249.888
246.771
243.733
240.799
237.987
235.289
232.682
230.135
227.621
225.111
222.582
220.015
217.399
214.725
211.986
209.18
206.309
203.376
200.386
197.347
194.267
191.153
188.012
184.849
181.667
178.474
175.272
172.088
168.911
511.535
509.851
508.174
506.504
504.841
503.184
501.533
499.887
498.247
496.613
494.986
493.369
491.76
490.159
488.565
486.975
485.387
483.802
482.219
480.639
479.063
477.492
475.928
474.37
472.82
471.276
469.739
468.207
466.682
465.162
463.646
462.133
460.623
459.115
457.608
456.102
454.597
453.089
451.576
450.053
448.515
446.959
445.386
443.805
442.23
440.68
439.17
437.708
436.293
434.913
433.555
432.21
430.872
429.543
428.224
426.919
425.631
424.355
423.084
421.791
420.432
418.968
417.386
415.728
414.019
412.269
410.492
408.716
407.019
405.508
404.258
403.249
402.411
401.617
400.766
399.804
398.708
397.488
396.171
394.785
393.355
391.895
390.415
388.92
387.411
385.886
384.344
382.782
381.198
379.591
377.961
376.307
374.63
372.93
371.207
369.461
367.692
365.899
364.084
362.249
360.398
358.542
356.684
354.837
353.03
351.27
349.446
347.4
345.191
343.27
341.431
339.375
337.428
335.576
333.723
331.9
329.878
327.594
324.971
322.122
320.524
320.398
318.823
316.58
314.515
312.288
309.085
304.78
300.029
295.816
292.644
290.732
289.852
289.481
289.113
288.423
287.283
285.714
283.875
281.889
279.79
277.501
275.064
272.667
270.305
267.794
265.079
262.214
259.236
256.172
253.037
249.889
246.774
243.737
240.804
237.991
235.293
232.685
230.137
227.623
225.112
222.583
220.016
217.399
214.724
211.985
209.18
206.309
203.376
200.385
197.347
194.267
191.153
188.012
184.849
181.667
178.474
175.272
172.089
168.914
165.565
162.387
158.987
155.37
151.541
147.5
143.242
138.758
134.035
129.06
123.818
118.29
112.457
106.298
99.7886
92.9024
85.6115
77.8811
69.6768
60.9508
51.6597
41.7297
31.1154
19.6424
7.15884
165.441
162.243
158.834
155.217
151.388
147.347
143.089
138.605
133.883
128.909
123.666
118.139
112.306
106.147
99.6375
92.7514
85.4603
77.7295
69.5247
60.7982
51.5072
41.5783
30.9647
19.4941
7.02345
165.316
162.104
158.686
155.066
151.239
147.199
142.943
138.46
133.738
128.764
123.523
117.995
112.163
106.004
99.4951
92.6091
85.318
77.5873
69.3823
60.6558
51.3654
41.4379
30.8261
19.3607
6.9143
165.204
161.976
158.549
154.925
151.097
147.058
142.801
138.318
133.597
128.623
123.382
117.854
112.022
105.863
99.3537
92.4676
85.1762
77.4451
69.2396
60.5127
51.2226
41.2964
30.6869
19.2291
6.81385
165.105
161.858
158.422
154.792
150.962
146.923
142.666
138.184
133.463
128.489
123.248
117.721
111.889
105.73
99.2205
92.3343
85.0428
77.3115
69.1059
60.3789
51.0893
41.1648
30.5585
19.1102
6.73048
165.015
161.751
158.305
154.669
150.835
146.795
142.539
138.056
133.335
128.361
123.12
117.592
111.76
105.601
99.0914
92.2049
84.9132
77.1815
68.9756
60.2486
50.9596
41.0368
30.4342
18.9973
6.65562
164.932
161.652
158.197
154.554
150.717
146.675
142.417
137.934
133.212
128.239
122.997
117.47
111.637
105.478
98.9688
92.0822
84.7904
77.0586
68.8526
60.1257
50.8374
40.9167
30.3184
18.894
6.59172
164.857
161.562
158.096
154.448
150.606
146.561
142.302
137.818
133.096
128.123
122.881
117.353
111.521
105.361
98.8516
91.9648
84.6727
76.9407
68.7345
60.0078
50.7202
40.8018
30.2081
18.7972
6.53459
164.787
161.478
158.004
154.348
150.502
146.454
142.194
137.709
132.987
128.012
122.77
117.243
111.41
105.25
98.7403
91.8534
84.561
76.8288
68.6226
59.8961
50.6094
40.6934
30.1047
18.7081
6.48477
164.722
161.402
157.918
154.256
150.406
146.355
142.092
137.606
132.883
127.908
122.666
117.138
111.305
105.145
98.6349
91.7477
84.455
76.7226
68.5163
59.79
50.5042
40.5908
30.0075
18.6254
6.4402
164.661
161.332
157.839
154.171
150.316
146.262
141.997
137.509
132.785
127.81
122.567
117.039
111.206
105.046
98.5353
91.6478
84.3549
76.6222
68.4157
59.6898
50.4049
40.4942
29.9164
18.5491
6.4008
164.606
161.267
157.767
154.092
150.232
146.175
141.908
137.419
132.694
127.718
122.475
116.946
111.113
104.952
98.4417
91.5539
84.2606
76.5277
68.3211
59.5954
50.3115
40.4034
29.8313
18.4788
6.36557
164.554
161.207
157.7
154.02
150.155
146.095
141.825
137.334
132.608
127.632
122.388
116.86
111.026
104.865
98.3541
91.4659
84.1723
76.4391
68.2323
59.5069
50.2239
40.3185
29.7521
18.4141
6.33413
164.507
161.153
157.639
153.953
150.085
146.02
141.749
137.256
132.529
127.551
122.307
116.778
110.945
104.784
98.2724
91.3839
84.0899
76.3564
68.1494
59.4243
50.1422
40.2395
29.6786
18.3548
6.306
164.464
161.103
157.583
153.892
150.02
145.952
141.678
137.184
132.455
127.477
122.233
116.703
110.869
104.708
98.1967
91.3079
84.0135
76.2797
68.0724
59.3475
50.0663
40.1662
29.6108
18.3006
6.28082
164.425
161.058
157.532
153.837
149.961
145.89
141.614
137.117
132.388
127.409
122.164
116.634
110.8
104.639
98.1269
91.2378
83.9431
76.209
68.0015
59.2768
49.9963
40.0988
29.5486
18.2514
6.2583
164.39
161.018
157.487
153.788
149.907
145.834
141.555
137.057
132.326
127.346
122.1
116.57
110.736
104.575
98.063
91.1737
83.8787
76.1443
67.9366
59.212
49.9323
40.0371
29.4918
18.2068
6.23819
164.36
160.982
157.447
153.743
149.86
145.784
141.503
137.003
132.271
127.29
122.043
116.513
110.678
104.517
98.005
91.1155
83.8203
76.0856
67.8777
59.1532
49.8741
39.9812
29.4404
18.1668
6.2203
164.333
160.951
157.412
153.704
149.817
145.739
141.456
136.955
132.221
127.239
121.992
116.461
110.626
104.465
97.9528
91.0632
83.7678
76.0328
67.8247
59.1005
49.8219
39.931
29.3944
18.1313
6.20446
164.311
160.925
157.382
153.671
149.781
145.7
141.415
136.912
132.178
127.195
121.947
116.415
110.58
104.419
97.9066
91.0168
83.7212
75.986
67.7778
59.0536
49.7757
39.8866
29.3538
18.1
6.19057
164.293
160.903
157.356
153.642
149.75
145.667
141.38
136.876
132.14
127.156
121.907
116.375
110.54
104.378
97.8663
90.9763
83.6805
75.9451
67.7368
59.0127
49.7353
39.8479
29.3184
18.0729
6.17853
164.28
160.886
157.336
153.619
149.724
145.639
141.35
136.845
132.108
127.123
121.874
116.341
110.506
104.344
97.8318
90.9418
83.6457
75.9101
67.7016
58.9778
49.7007
39.8148
29.2882
18.05
6.16828
164.27
160.873
157.32
153.601
149.704
145.617
141.327
136.82
132.082
127.096
121.846
116.313
110.477
104.315
97.8031
90.9131
83.6169
75.8811
67.6724
58.9486
49.672
39.7874
29.2632
18.031
6.15977
164.264
160.865
157.309
153.588
149.689
145.6
141.308
136.8
132.061
127.075
121.824
116.291
110.454
104.292
97.7803
90.8903
83.594
75.858
67.6491
58.9253
49.649
39.7655
29.2434
18.016
6.15299
164.262
160.86
157.303
153.579
149.678
145.588
141.296
136.787
132.047
127.06
121.808
116.274
110.437
104.275
97.7633
90.8734
83.577
75.8408
67.6317
58.9079
49.6318
39.749
29.2285
18.0048
6.14791
164.263
160.86
157.301
153.576
149.674
145.582
141.288
136.779
132.038
127.05
121.798
116.263
110.426
104.264
97.752
90.8622
83.5659
75.8296
67.6202
58.8963
49.6202
39.7381
29.2187
17.9974
6.14451
164.269
160.864
157.303
153.577
149.674
145.581
141.287
136.776
132.035
127.046
121.794
116.259
110.421
104.259
97.7466
90.8569
83.5606
75.8242
67.6147
58.8905
49.6143
39.7325
29.2137
17.9937
6.14276
164.279
160.873
157.311
153.584
149.679
145.586
141.291
136.78
132.038
127.049
121.796
116.26
110.422
104.259
97.7471
90.8575
83.5613
75.8248
67.6151
58.8906
49.6141
39.7324
29.2137
17.9937
6.14265
164.296
160.889
157.326
153.598
149.693
145.599
141.304
136.792
132.049
127.059
121.806
116.27
110.432
104.268
97.7561
90.8665
83.5704
75.8339
67.624
58.8991
49.6222
39.7399
29.2207
17.999
6.14484
164.319
160.911
157.347
153.619
149.714
145.62
141.324
136.812
132.069
127.079
121.825
116.288
110.45
104.286
97.7737
90.884
83.5879
75.8515
67.6413
58.916
49.6385
39.7553
29.2347
18.0095
6.14926
164.346
160.939
157.375
153.647
149.742
145.649
141.353
136.841
132.097
127.106
121.852
116.315
110.476
104.313
97.7999
90.91
83.6139
75.8774
67.6671
58.9414
49.6631
39.7786
29.2558
18.0254
6.15584
164.379
160.973
157.41
153.682
149.778
145.685
141.39
136.878
132.134
127.142
121.887
116.35
110.511
104.347
97.8346
90.9446
83.6484
75.9118
67.7014
58.9751
49.6959
39.8098
29.2841
18.0467
6.16457
164.418
161.012
157.451
153.724
149.821
145.729
141.435
136.923
132.179
127.187
121.931
116.394
110.555
104.391
97.8778
90.9878
83.6914
75.9547
67.744
59.0171
49.737
39.8489
29.3197
18.0738
6.17545
164.461
161.058
157.498
153.773
149.872
145.781
141.488
136.976
132.232
127.24
121.984
116.446
110.606
104.442
97.9295
91.0394
83.743
76.006
67.7951
59.0676
49.7864
39.8961
29.3627
18.1067
6.1886
164.51
161.109
157.553
153.83
149.93
145.841
141.549
137.038
132.295
127.302
122.045
116.507
110.667
104.502
97.9895
91.0995
83.803
76.0659
67.8547
59.1264
49.8441
39.9513
29.4132
18.1457
6.20421
164.564
161.167
157.614
153.894
149.997
145.909
141.618
137.109
132.365
127.373
122.115
116.576
110.735
104.571
98.058
91.168
83.8716
76.1343
67.9228
59.1936
49.9101
40.0145
29.4713
18.1911
6.22253
164.623
161.231
157.682
153.966
150.071
145.986
141.696
137.187
132.445
127.452
122.194
116.654
110.813
104.648
98.1348
91.2449
83.9485
76.2111
67.9993
59.2693
49.9845
40.0858
29.5372
18.2429
6.24386
164.688
161.301
157.757
154.045
150.154
146.07
141.782
137.275
132.532
127.54
122.282
116.741
110.899
104.733
98.2201
91.3302
84.0339
76.2963
68.0844
59.3534
50.0672
40.1653
29.6109
18.3017
6.26856
164.758
161.378
157.84
154.133
150.245
146.164
141.877
137.37
132.629
127.637
122.378
116.836
110.993
104.827
98.3137
91.4238
84.1277
76.39
68.1779
59.4459
50.1584
40.253
29.6927
18.3676
6.29702
164.834
161.462
157.931
154.229
150.345
146.266
141.981
137.475
132.734
127.742
122.483
116.941
111.097
104.93
98.4157
91.5257
84.2298
76.492
68.2799
59.5469
50.2581
40.3491
29.7828
18.4412
6.32976
164.916
161.553
158.03
154.334
150.453
146.377
142.093
137.588
132.847
127.856
122.597
117.054
111.209
105.041
98.5262
91.6359
84.3401
76.6024
68.3903
59.6564
50.3663
40.4535
29.8812
18.5229
6.36746
165.003
161.652
158.138
154.448
150.571
146.497
142.215
137.71
132.97
127.978
122.719
117.175
111.329
105.16
98.6451
91.7545
84.4588
76.721
68.5091
59.7743
50.483
40.5663
29.9883
18.6131
6.41102
165.093
161.756
158.251
154.567
150.694
146.622
142.34
137.836
133.095
128.103
122.844
117.299
111.453
105.283
98.7671
91.8759
84.5803
76.8424
68.6308
59.8952
50.603
40.6824
30.099
18.7081
6.45944
165.182
161.858
158.363
154.684
150.814
146.743
142.461
137.957
133.216
128.224
122.964
117.419
111.572
105.401
98.8849
91.9931
84.6976
76.9596
68.7483
60.0119
50.7189
40.7949
30.2068
18.8021
6.51027
165.267
161.958
158.471
154.797
150.93
146.86
142.578
138.072
133.331
128.339
123.079
117.533
111.685
105.514
98.9971
92.1048
84.8092
77.0712
68.8602
60.1232
50.8295
40.9023
30.3101
18.8938
6.56298
165.35
162.055
158.575
154.905
151.041
146.972
142.689
138.182
133.44
128.448
123.187
117.641
111.793
105.62
99.1033
92.2104
84.9149
77.1767
68.966
60.2286
50.9342
41.0042
30.4085
18.9822
6.61717
165.431
162.149
158.675
155.009
151.147
147.077
142.793
138.286
133.543
128.55
123.289
117.742
111.893
105.721
99.2031
92.3098
85.0143
77.2761
69.0655
60.3278
51.0327
41.1004
30.5014
19.067
6.6726
165.511
162.24
158.77
155.108
151.247
147.176
142.891
138.383
133.639
128.645
123.384
117.837
111.988
105.814
99.2965
92.4029
85.1074
77.3691
69.1587
60.4208
51.125
41.1907
30.5887
19.1476
6.72866
165.589
162.326
158.86
155.202
151.341
147.269
142.983
138.473
133.729
128.734
123.472
117.925
112.076
105.902
99.3836
92.4898
85.1942
77.456
69.2456
60.5077
51.2111
41.2753
30.6704
19.224
6.78525
165.666
162.406
158.946
155.291
151.429
147.356
143.068
138.557
133.812
128.817
123.555
118.007
112.157
105.983
99.4643
92.5703
85.2747
77.5367
69.3262
60.5885
51.2911
41.3541
30.7465
19.2957
6.84171
165.739
162.481
159.026
155.373
151.51
147.436
143.147
138.635
133.889
128.894
123.631
118.083
112.232
106.058
99.5393
92.6453
85.3496
77.6117
69.401
60.6636
51.3653
41.4275
30.8173
19.363
6.89903
165.803
162.549
159.101
155.448
151.584
147.509
143.219
138.707
133.96
128.964
123.7
118.152
112.302
106.127
99.6081
92.7143
85.4183
77.6808
69.4699
60.733
51.4339
41.4955
30.8827
19.4255
6.95412
165.86
162.611
159.169
155.516
151.651
147.575
143.285
138.772
134.025
129.028
123.765
118.217
112.366
106.191
99.672
92.7784
85.482
77.7448
69.5336
60.7973
51.4973
41.5586
30.9433
19.4838
7.00824
165.91
162.668
159.23
155.577
151.711
147.635
143.344
138.831
134.084
129.087
123.824
118.275
112.424
106.249
99.7288
92.8351
85.539
77.8032
69.5917
60.8564
51.5553
41.6165
30.9984
19.5354
7.06059
165.957
162.721
159.285
155.632
151.766
147.69
143.399
138.886
134.138
129.142
123.879
118.331
112.479
106.304
99.7828
92.8898
85.5939
77.8588
69.6469
60.9123
51.6103
41.6718
31.0513
19.5852
7.11306
166.001
162.769
159.334
155.681
151.816
147.739
143.448
138.934
134.187
129.191
123.928
118.38
112.528
106.353
99.8317
92.9389
85.6428
77.9083
69.6961
60.9622
51.6593
41.7209
31.0985
19.6287
7.16123
166.044
162.815
159.38
155.726
151.861
147.784
143.492
138.976
134.227
129.23
123.968
118.419
112.567
106.392
99.8703
92.9783
85.682
77.9479
69.7353
61.0015
51.6983
41.76
31.136
19.6646
7.20339
)
;

boundaryField
{
    inlet
    {
        type            zeroGradient;
    }
    outlet
    {
        type            fixedValue;
        value           uniform 0;
    }
    upperWall
    {
        type            zeroGradient;
    }
    lowerWall
    {
        type            zeroGradient;
    }
    frontAndBack
    {
        type            empty;
    }
}


// ************************************************************************* //
