/*--------------------------------*- C++ -*----------------------------------*\
  =========                 |
  \\      /  F ield         | OpenFOAM: The Open Source CFD Toolbox
   \\    /   O peration     | Website:  https://openfoam.org
    \\  /    A nd           | Version:  7
     \\/     M anipulation  |
\*---------------------------------------------------------------------------*/
FoamFile
{
    version     2.0;
    format      ascii;
    class       volScalarField;
    location    "0.08";
    object      s;
}
// * * * * * * * * * * * * * * * * * * * * * * * * * * * * * * * * * * * * * //

dimensions      [0 0 0 0 0 0 0];

internalField   nonuniform List<scalar> 
12225
(
1
1
1
1
1
1
1
1
1
1
1
1
1
1
1
1
1
1
1
1
1
1
1
1
1
1
1
1
1
1
1
1
1
1
1
1
1
1
1
1
1
1
1
1
1
1
1
1
1
1
1
1
1
1
1
1
1
1
1
1
1
1
1
1
1
1
1
1
1
1
1
1
1
1
1
1
1
1
1
1
1
1
1
1
1
1
1
1
1
1
1
1
1
1
1
1
1
1
1
1
1
1
1
1
1
1
1
1
1
1
1
1
1
1
1
1
1
1
1
1
1
1
1
1
1
1
1
1
1
1
1
1
1
1
1
1
1
1
1
1
1
1
1
1
1
1
1
1
1
1
1
1
1
1
1
1
1
1
1
1
1
1
1
1
1
1
1
1
1
1
1
1
1
1
1
1
1
1
1
1
1
1
1
1
1
1
1
1
1
1
1
1
1
1
1
1
1
1
1
1
1
1
1
1
1
1
1
1
1
1
1
1
1
1
1
1
1
1
1
1
1
1
1
1
1
1
1
1
1
1
1
1
1
1
1
1
1
1
1
1
1
1
1
1
1
1
1
1
1
1
1
1
1
1
1
1
1
1
1
1
1
1
1
1
1
1
1
1
1
1
1
1
1
1
1
1
1
1
1
1
1
1
1
1
1
1
1
1
1
1
1
1
1
1
1
1
1
1
1
1
1
1
1
1
1
1
1
1
1
1
1
1
1
1
1
1
1
1
1
1
1
1
1
1
1
1
1
1
1
1
1
1
1
1
1
1
1
1
1
1
1
1
1
1
1
1
1
1
1
1
1
1
1
1
1
1
1
1
1
1
1
1
1
1
1
1
1
1
1
1
1
1
1
1
1
1
1
1
1
1
1
1
1
1
1
1
1
1
1
1
1
1
1
1
1
1
1
1
1
1
1
1
1
1
1
1
1
1
1
1
1
1
1
1
1
1
1
1
1
1
1
1
1
1
1
1
1
1
1
1
1
1
1
1
1
1
1
1
1
1
1
1
1
1
1
1
1
1
1
1
1
1
1
1
1
1
1
1
1
1
1
1
1
1
1
1
1
1
1
1
1
1
1
1
1
1
1
1
1
1
1
1
1
1
1
1
1
1
1
1
1
1
1
1
1
1
1
1
1
1
1
1
1
1
1
1
1
1
1
1
1
1
1
1
1
1
1
1
1
1
1
1
1
1
1
1
1
1
1
1
1
1
1
1
1
1
1
1
1
1
0.15486
0.151306
0.147775
0.148688
0.153179
0.168714
0.195754
0.227364
0.270801
0.296048
0.319903
0.33766
0.356772
0.372639
0.385304
0.394875
0.401601
0.406904
0.41058
0.413617
0.416189
0.417951
0.419566
0.420888
0.421854
0.42285
0.423741
0.424298
0.42454
0.424881
0.425987
0.428371
0.429796
0.431006
0.433172
0.435134
0.438015
0.446046
0.484739
0.451613
0.148008
0.0316937
0.0299704
0.037242
0.0474049
0.0600233
0.0752288
0.0896746
0.100951
0.110682
0.12012
0.127483
0.134601
0.137984
0.13199
0.111701
0.0983108
0.104979
0.13186
0.15674
0.169213
0.17259
0.180521
0.195788
0.229461
0.368769
0.724303
0.857894
0.870221
0.871428
0.872631
0.873548
0.874444
0.874949
0.875728
0.876775
0.877625
0.8786
0.879559
0.880522
0.881408
0.882535
0.883752
0.884585
0.885618
0.886652
0.887565
0.88845
0.889098
0.889589
0.889907
0.890318
0.890649
0.890903
0.890997
0.891105
0.891211
0.891281
0.89138
0.891433
0.891519
0.891567
0.891632
0.891708
0.891552
0.891189
0.890756
0.889886
0.888777
0.88725
0.885338
0.883059
0.880325
0.877162
0.873611
0.869628
0.865629
0.861784
0.858166
0.854729
0.851007
0.846667
0.842359
0.837237
0.82823
0.814962
0.801294
0.786529
0.763156
0.728657
0.692528
0.656923
0.601268
0.513295
0.40833
0.30279
0.208648
0.133234
0.0786445
0.0428334
0.0215086
0.00996611
0.00427195
0.00169609
0.000617275
0.000198625
6.0905e-05
3.09206e-05
1.57936e-05
7.83484e-06
3.76243e-06
1.75643e-06
8.00774e-07
3.5812e-07
1.57797e-07
6.87988e-08
2.98008e-08
1.28705e-08
5.55852e-09
2.40589e-09
1.04502e-09
4.55747e-10
1.99502e-10
8.75765e-11
3.84965e-11
1.69152e-11
7.41489e-12
3.23613e-12
1.40333e-12
6.03466e-13
2.56808e-13
1.07925e-13
4.46747e-14
1.81645e-14
7.22492e-15
2.79935e-15
1.04923e-15
3.77886e-16
1.29249e-16
-1.97671e-16
0.151284
0.157221
0.156605
0.149588
0.102664
0.110289
0.142264
0.206504
0.28937
0.363306
0.41297
0.445829
0.461092
0.468056
0.469267
0.468716
0.46732
0.465474
0.462558
0.459419
0.456751
0.453948
0.450433
0.44711
0.445031
0.442878
0.440585
0.440003
0.440244
0.44109
0.443119
0.446631
0.449635
0.451158
0.452979
0.454578
0.455283
0.456741
0.46944
0.472181
0.456346
0.442594
0.404931
0.223453
0.07447
0.0422115
0.0519808
0.0667463
0.0799071
0.097436
0.116802
0.140747
0.167184
0.196442
0.240362
0.276548
0.2745
0.251422
0.252517
0.266933
0.30117
0.302199
0.289804
0.285232
0.45458
0.772294
0.851767
0.874024
0.878934
0.884173
0.888243
0.892046
0.895345
0.898422
0.901395
0.903942
0.906558
0.909217
0.911149
0.91276
0.914128
0.914756
0.915017
0.915084
0.914749
0.913402
0.911427
0.909138
0.906996
0.904679
0.902767
0.900787
0.898817
0.89665
0.894524
0.892691
0.891109
0.889694
0.888826
0.88856
0.889245
0.890794
0.893228
0.897163
0.901226
0.90625
0.911503
0.916133
0.920397
0.924507
0.928263
0.931448
0.933908
0.935536
0.936417
0.936708
0.935592
0.932871
0.928571
0.922827
0.916632
0.911781
0.9079
0.905584
0.905274
0.907286
0.913591
0.922276
0.932758
0.94481
0.956275
0.964894
0.972537
0.97743
0.977307
0.973694
0.964192
0.943422
0.909104
0.866335
0.814084
0.741547
0.639135
0.51399
0.389957
0.28794
0.20927
0.148968
0.103461
0.0699247
0.0459211
0.0292836
0.0181312
0.0109035
0.00637292
0.00362377
0.00200707
0.00108434
0.00057235
0.000295652
0.000149714
7.44435e-05
3.64021e-05
1.75282e-05
8.31935e-06
3.89512e-06
1.79954e-06
8.2058e-07
3.69148e-07
1.63843e-07
7.16431e-08
3.0874e-08
1.30667e-08
5.44029e-09
2.20919e-09
8.80639e-10
3.37275e-10
1.26876e-10
4.51755e-11
-2.54577e-10
0.106533
0.128645
0.132877
0.135334
0.157171
0.220204
0.328208
0.426723
0.47349
0.494578
0.495478
0.493535
0.489138
0.480795
0.473086
0.460627
0.44641
0.430398
0.412979
0.396474
0.379854
0.363291
0.348389
0.33412
0.320524
0.310418
0.301481
0.293358
0.291144
0.291911
0.294906
0.303529
0.318089
0.336307
0.366185
0.390614
0.417514
0.432518
0.446408
0.46139
0.465853
0.474566
0.47459
0.463791
0.42226
0.326235
0.17778
0.109204
0.0845664
0.0737808
0.0748004
0.102187
0.162086
0.192496
0.239545
0.323659
0.368285
0.385141
0.406807
0.42278
0.435186
0.438707
0.481273
0.648676
0.802667
0.863207
0.87984
0.885794
0.889184
0.892416
0.895433
0.897305
0.898763
0.900371
0.901381
0.901924
0.902059
0.901167
0.898399
0.894103
0.887678
0.879157
0.868161
0.855044
0.840893
0.826799
0.814294
0.80386
0.79492
0.787869
0.781578
0.777009
0.773698
0.771117
0.770108
0.769929
0.770135
0.770854
0.772218
0.774426
0.777325
0.780356
0.783695
0.787968
0.792275
0.798508
0.806366
0.816797
0.829727
0.844517
0.861209
0.87934
0.898588
0.916113
0.930122
0.939636
0.947164
0.952539
0.955551
0.956479
0.955068
0.948113
0.937133
0.923595
0.908965
0.896294
0.888287
0.884118
0.882974
0.883745
0.888927
0.904139
0.923959
0.942959
0.958185
0.970167
0.980467
0.987373
0.989608
0.989545
0.988304
0.984115
0.971338
0.955965
0.943966
0.926815
0.892158
0.809416
0.673177
0.527719
0.397196
0.293075
0.212387
0.150436
0.103855
0.0697997
0.0456715
0.0291183
0.018114
0.0110142
0.00655907
0.0038339
0.0022047
0.00125042
0.000701212
0.000389857
0.000215355
0.000118427
6.48233e-05
3.53061e-05
1.90509e-05
1.01675e-05
5.32304e-06
2.73803e-06
1.36561e-06
6.67318e-07
3.12067e-07
1.42269e-07
6.37568e-08
2.01496e-08
0.0101792
0.0388011
0.114459
0.244234
0.395782
0.480906
0.515979
0.521335
0.518698
0.511288
0.498081
0.476209
0.451111
0.421249
0.388424
0.363082
0.341431
0.321624
0.303383
0.286506
0.27113
0.25651
0.243169
0.231299
0.220377
0.209866
0.202121
0.194637
0.187212
0.183234
0.182799
0.183634
0.187264
0.196196
0.214138
0.239255
0.277555
0.319275
0.361103
0.400386
0.431947
0.456454
0.469245
0.482417
0.48299
0.475902
0.452413
0.396581
0.322852
0.251759
0.23779
0.24553
0.270794
0.322358
0.398666
0.470192
0.504322
0.510566
0.504418
0.508947
0.543378
0.660681
0.740736
0.824524
0.866305
0.88042
0.885037
0.887255
0.889354
0.891083
0.891739
0.890851
0.887903
0.88357
0.876135
0.86501
0.84973
0.828439
0.804899
0.784202
0.76198
0.744616
0.729086
0.720427
0.716758
0.71552
0.715316
0.716332
0.718105
0.720336
0.722946
0.726063
0.729625
0.733452
0.737667
0.742153
0.747413
0.753341
0.759261
0.764598
0.768872
0.772085
0.774039
0.774596
0.773934
0.772282
0.770207
0.768851
0.769368
0.770811
0.773943
0.779211
0.787306
0.801124
0.821512
0.848384
0.87805
0.908594
0.935067
0.953384
0.964794
0.972031
0.975502
0.976268
0.97424
0.963974
0.942778
0.91902
0.898018
0.885151
0.879147
0.877636
0.878335
0.883642
0.901397
0.924275
0.943859
0.959465
0.97176
0.981259
0.988365
0.992932
0.994802
0.995065
0.994895
0.994055
0.991258
0.98157
0.967512
0.956006
0.938321
0.898195
0.78547
0.60869
0.450034
0.323701
0.227716
0.156341
0.104701
0.0684581
0.0437879
0.0274746
0.0169634
0.0103408
0.0062424
0.00374177
0.00222997
0.00132224
0.000778595
0.000454463
0.000261529
0.000148079
8.18883e-05
4.4309e-05
2.32198e-05
1.18863e-05
5.84316e-06
2.79546e-06
1.30355e-06
5.04416e-07
0.0375083
0.250023
0.466881
0.530392
0.549813
0.54721
0.540106
0.5265
0.505515
0.472624
0.444059
0.416654
0.389952
0.364548
0.341346
0.320778
0.302704
0.287269
0.273016
0.258167
0.244589
0.232338
0.221718
0.2117
0.203019
0.194985
0.187795
0.18018
0.174045
0.169233
0.166193
0.164101
0.163115
0.163554
0.167836
0.175879
0.191942
0.229221
0.255777
0.280679
0.325994
0.373557
0.423145
0.460697
0.475756
0.491055
0.498471
0.496589
0.489954
0.472525
0.459313
0.460402
0.467339
0.4846
0.523369
0.55262
0.56308
0.556208
0.535124
0.573622
0.725502
0.788426
0.838897
0.867435
0.878819
0.88248
0.884037
0.884494
0.882669
0.877569
0.86789
0.851629
0.827095
0.800731
0.770689
0.745627
0.724034
0.710066
0.703327
0.698967
0.697156
0.696803
0.699184
0.705295
0.71232
0.723541
0.737737
0.751383
0.765196
0.777488
0.788039
0.798359
0.808148
0.816854
0.825508
0.832824
0.838489
0.841541
0.842085
0.841247
0.839501
0.838284
0.837867
0.837751
0.838479
0.840679
0.841698
0.839589
0.832436
0.821376
0.80669
0.790532
0.779636
0.776276
0.777249
0.782966
0.793481
0.808568
0.832035
0.864716
0.901837
0.936297
0.961164
0.975157
0.982367
0.985155
0.985394
0.982334
0.968563
0.939995
0.912105
0.892673
0.883113
0.880489
0.881044
0.886815
0.907523
0.932029
0.950695
0.964801
0.975726
0.983945
0.989764
0.993727
0.996411
0.997811
0.998135
0.998035
0.997588
0.996758
0.995214
0.991902
0.984623
0.969606
0.936735
0.844154
0.654877
0.479589
0.340064
0.235645
0.159985
0.106648
0.0699977
0.0453743
0.029123
0.0185445
0.0117201
0.00734957
0.00456146
0.00279534
0.00168306
0.000993159
0.000571123
0.000320283
0.000174017
9.20125e-05
4.69104e-05
2.31482e-05
1.1176e-05
4.65373e-06
0.443914
0.545872
0.573449
0.570964
0.561742
0.546973
0.527475
0.5058
0.48163
0.454378
0.425537
0.396763
0.368631
0.342994
0.321501
0.304409
0.291741
0.28334
0.279809
0.279006
0.278941
0.278552
0.277555
0.276126
0.27436
0.271591
0.267759
0.261719
0.255092
0.246835
0.23994
0.23197
0.225844
0.220018
0.212821
0.207674
0.206327
0.211713
0.224285
0.239765
0.258518
0.284531
0.328515
0.378769
0.425796
0.466877
0.491604
0.50668
0.518421
0.525934
0.532846
0.538097
0.543366
0.555776
0.577399
0.588983
0.589232
0.565417
0.560667
0.70474
0.809337
0.845536
0.867316
0.876179
0.879088
0.880154
0.877143
0.868774
0.850201
0.817967
0.781826
0.743224
0.721009
0.705066
0.697096
0.693967
0.693589
0.697982
0.702385
0.709477
0.723958
0.746869
0.776532
0.810017
0.833864
0.852348
0.863614
0.869905
0.873307
0.876151
0.878053
0.879144
0.87927
0.878659
0.876746
0.87349
0.868948
0.862883
0.855105
0.84637
0.838054
0.832407
0.830089
0.829627
0.834086
0.843824
0.85581
0.869842
0.883528
0.894723
0.902833
0.905557
0.896132
0.874052
0.846815
0.821162
0.803995
0.800879
0.805486
0.818354
0.835917
0.859453
0.891937
0.929088
0.959903
0.977883
0.986622
0.989891
0.990374
0.988629
0.978916
0.95083
0.920754
0.900581
0.891144
0.889029
0.890262
0.899452
0.925112
0.94774
0.963704
0.97482
0.982871
0.988926
0.993213
0.995974
0.997647
0.998681
0.999217
0.999377
0.999371
0.99926
0.998861
0.997778
0.995012
0.98791
0.970097
0.921493
0.775862
0.580216
0.419104
0.295778
0.205318
0.140864
0.0957003
0.0644278
0.0429564
0.0283282
0.0184265
0.0117911
0.00739133
0.00452822
0.00269935
0.00156513
0.000879361
0.00047943
0.000252645
0.000128395
6.40017e-05
2.80516e-05
0.608115
0.598229
0.586732
0.57359
0.556802
0.542156
0.525917
0.510082
0.485443
0.455979
0.436619
0.425952
0.4187
0.416621
0.417168
0.424799
0.43733
0.45031
0.462533
0.474124
0.485575
0.49551
0.503471
0.508118
0.510195
0.508593
0.504241
0.497306
0.488315
0.477555
0.464367
0.448574
0.433442
0.416381
0.40108
0.384148
0.368399
0.351931
0.336781
0.325029
0.320134
0.324549
0.345679
0.377956
0.414004
0.450591
0.48293
0.508847
0.529947
0.544571
0.552346
0.56155
0.578744
0.597413
0.608425
0.610392
0.599471
0.564948
0.624173
0.796994
0.846965
0.865657
0.87361
0.875761
0.875911
0.869537
0.85091
0.811583
0.756069
0.719595
0.697404
0.685638
0.682058
0.682702
0.688293
0.695823
0.7065
0.727612
0.758526
0.80933
0.844722
0.871193
0.88218
0.886779
0.888196
0.887922
0.882814
0.878603
0.874934
0.871441
0.868531
0.866134
0.863206
0.858357
0.85031
0.838994
0.823318
0.802793
0.775762
0.743838
0.717564
0.701632
0.694873
0.693116
0.698044
0.715097
0.739648
0.774626
0.818353
0.863705
0.897821
0.923168
0.939064
0.947823
0.951582
0.947134
0.929305
0.898466
0.867649
0.845259
0.839351
0.845268
0.861186
0.880751
0.907163
0.940076
0.968031
0.983661
0.990775
0.993094
0.993237
0.991295
0.981377
0.953969
0.928132
0.912651
0.90666
0.90614
0.909229
0.925199
0.949074
0.965848
0.97708
0.984605
0.989774
0.993446
0.99605
0.997741
0.998748
0.999323
0.99964
0.999763
0.999775
0.999741
0.999576
0.999031
0.997416
0.992732
0.979356
0.940683
0.818074
0.626856
0.465162
0.338432
0.242689
0.172
0.120492
0.083287
0.0566177
0.0377367
0.0245784
0.0156049
0.00963138
0.0057707
0.00335018
0.00188392
0.0010253
0.000537225
0.000276357
0.000126753
0.609117
0.596361
0.590796
0.590118
0.595558
0.594776
0.583201
0.564783
0.555981
0.550314
0.548473
0.552939
0.570145
0.589404
0.605075
0.621025
0.642452
0.666832
0.687717
0.706099
0.722913
0.735201
0.744401
0.749024
0.750851
0.749151
0.74496
0.73637
0.725409
0.710962
0.692994
0.674009
0.653375
0.632159
0.611761
0.592036
0.57514
0.560614
0.54869
0.535465
0.520779
0.506268
0.495717
0.491282
0.492962
0.502971
0.519037
0.538058
0.556965
0.574581
0.592183
0.608177
0.617642
0.620051
0.618917
0.608045
0.576108
0.577007
0.736992
0.838272
0.862641
0.870827
0.873085
0.872445
0.863684
0.837156
0.773791
0.71673
0.687942
0.673856
0.668801
0.672306
0.678743
0.688236
0.705406
0.736122
0.791221
0.834896
0.863812
0.875523
0.879809
0.880316
0.873387
0.858745
0.835268
0.804884
0.777716
0.758787
0.742716
0.728796
0.722321
0.718993
0.717504
0.713981
0.705004
0.691198
0.670806
0.645753
0.6194
0.60688
0.604611
0.606558
0.610717
0.616077
0.622025
0.628446
0.635349
0.645227
0.663313
0.698373
0.760032
0.835685
0.899441
0.936801
0.957813
0.969318
0.975007
0.976825
0.973194
0.958743
0.931815
0.903578
0.884752
0.881761
0.890337
0.90916
0.932092
0.959444
0.979882
0.990197
0.994288
0.995257
0.994945
0.991992
0.97945
0.95643
0.939416
0.930691
0.928439
0.929135
0.935497
0.954464
0.970464
0.980789
0.987389
0.991709
0.994623
0.99662
0.997984
0.998874
0.9994
0.99969
0.99984
0.999894
0.999898
0.999874
0.999752
0.999323
0.997958
0.993783
0.981379
0.944805
0.829066
0.649535
0.495443
0.371037
0.273159
0.197549
0.140049
0.0970637
0.0655818
0.0431041
0.0275063
0.0170235
0.010204
0.00591876
0.00332475
0.00179725
0.000953948
0.000456595
0.610189
0.613758
0.615116
0.619066
0.621347
0.62578
0.632031
0.631514
0.631096
0.639324
0.653997
0.664583
0.685133
0.714137
0.737614
0.763663
0.790091
0.809947
0.828282
0.844729
0.855729
0.866373
0.872212
0.87633
0.877939
0.876683
0.87114
0.862523
0.849406
0.832641
0.81107
0.785312
0.7573
0.731382
0.703904
0.677635
0.654234
0.634425
0.619364
0.610875
0.606715
0.604597
0.60408
0.604639
0.606549
0.610073
0.613848
0.618797
0.623784
0.626894
0.627782
0.626718
0.619219
0.613038
0.605532
0.586572
0.577705
0.654098
0.812573
0.85691
0.8679
0.870477
0.870398
0.861819
0.832855
0.757127
0.695194
0.669202
0.659769
0.657371
0.666798
0.67554
0.692583
0.725923
0.783521
0.832141
0.857163
0.867696
0.870699
0.869195
0.853092
0.817817
0.757172
0.669954
0.584316
0.526851
0.493211
0.479419
0.476651
0.479948
0.494609
0.507524
0.520268
0.530268
0.537653
0.542997
0.547371
0.552078
0.558243
0.566615
0.576443
0.586008
0.594869
0.603161
0.610561
0.616547
0.620823
0.623969
0.628059
0.636254
0.653668
0.691882
0.764819
0.842653
0.903835
0.946017
0.969922
0.981454
0.986996
0.98931
0.989164
0.984968
0.971436
0.946968
0.924814
0.916371
0.920067
0.936574
0.957807
0.977818
0.989732
0.994921
0.996515
0.996613
0.99571
0.99119
0.977954
0.964155
0.955136
0.951353
0.951013
0.952838
0.96218
0.975988
0.984996
0.990509
0.993904
0.996075
0.997513
0.998475
0.999109
0.999513
0.999748
0.999874
0.999933
0.999948
0.999945
0.999915
0.999787
0.999346
0.997951
0.993715
0.981282
0.945009
0.832453
0.663359
0.514721
0.390216
0.288706
0.208075
0.145799
0.0991574
0.06538
0.0417538
0.0258261
0.0154505
0.00895399
0.00499411
0.00273465
0.00136314
0.618607
0.621508
0.621129
0.630794
0.636888
0.643963
0.660308
0.672848
0.691886
0.720616
0.74488
0.772222
0.803369
0.834054
0.855278
0.874129
0.892239
0.900531
0.908968
0.915714
0.918961
0.92257
0.925555
0.928328
0.932602
0.935697
0.939082
0.94228
0.943945
0.943743
0.938294
0.927173
0.906391
0.871969
0.82749
0.774229
0.720381
0.677631
0.643616
0.622171
0.610523
0.603888
0.598554
0.596198
0.596774
0.59843
0.602053
0.605255
0.60561
0.601507
0.595637
0.594149
0.595257
0.599898
0.598071
0.588954
0.620792
0.774964
0.846163
0.864189
0.867875
0.868475
0.860355
0.831964
0.769341
0.696897
0.664484
0.652497
0.649131
0.658617
0.674876
0.698226
0.750344
0.813386
0.843998
0.858788
0.863135
0.86349
0.849754
0.808994
0.718024
0.563276
0.437629
0.374904
0.345832
0.335089
0.3339
0.349393
0.374922
0.401271
0.431549
0.456517
0.476084
0.491037
0.502466
0.511926
0.52117
0.531787
0.544325
0.55789
0.570957
0.582438
0.592423
0.601416
0.609251
0.615402
0.619601
0.622266
0.624988
0.63005
0.640514
0.662949
0.715007
0.780099
0.838323
0.887285
0.928913
0.960704
0.980384
0.989525
0.993485
0.995064
0.995229
0.993652
0.986835
0.968002
0.948984
0.942635
0.946128
0.961376
0.978488
0.990088
0.995522
0.997394
0.997675
0.997346
0.995497
0.989558
0.981143
0.974088
0.96992
0.968719
0.969151
0.972457
0.9816
0.988824
0.993209
0.995807
0.997377
0.998361
0.998993
0.999401
0.999661
0.999821
0.99991
0.999955
0.999971
0.999972
0.999964
0.999923
0.999769
0.999273
0.997763
0.993308
0.980432
0.942676
0.826857
0.659326
0.509802
0.382394
0.277964
0.195626
0.133244
0.0877945
0.0559843
0.0345249
0.0206346
0.0118745
0.0067053
0.00347396
0.620972
0.630121
0.643813
0.663248
0.669968
0.684292
0.718448
0.749917
0.773499
0.811662
0.84106
0.862416
0.887065
0.898972
0.908061
0.913422
0.917694
0.919285
0.919971
0.920137
0.919791
0.919245
0.919434
0.9213
0.925306
0.931003
0.938264
0.946178
0.954337
0.961941
0.967474
0.971211
0.973518
0.970801
0.960827
0.937977
0.89243
0.816694
0.728775
0.665626
0.626177
0.604778
0.588487
0.575864
0.570022
0.564848
0.562075
0.561678
0.562546
0.564689
0.575341
0.610576
0.617394
0.611238
0.606817
0.630877
0.750264
0.831581
0.858879
0.865432
0.866873
0.86357
0.845434
0.79541
0.70279
0.655619
0.642644
0.641097
0.651357
0.677758
0.716593
0.761113
0.814616
0.845349
0.855598
0.858283
0.85547
0.832742
0.765141
0.613681
0.425909
0.33372
0.284273
0.262047
0.254186
0.253617
0.27296
0.299406
0.334448
0.376418
0.417915
0.450919
0.474432
0.492111
0.50493
0.514001
0.522145
0.532024
0.5448
0.559953
0.574643
0.586627
0.596166
0.60447
0.611693
0.617142
0.620768
0.623211
0.626128
0.631462
0.642222
0.664752
0.712263
0.772331
0.826916
0.871303
0.906019
0.934151
0.95816
0.977724
0.989556
0.994852
0.996963
0.997685
0.997636
0.996372
0.990571
0.974435
0.963075
0.961732
0.967382
0.981257
0.991254
0.996242
0.99809
0.99845
0.998312
0.997454
0.994829
0.990354
0.985668
0.982192
0.980653
0.980608
0.981911
0.986877
0.992164
0.995393
0.997259
0.99834
0.99899
0.999391
0.99964
0.999795
0.999889
0.999943
0.999972
0.999984
0.999986
0.999983
0.999968
0.999911
0.99972
0.999136
0.997399
0.99225
0.976823
0.928665
0.7884
0.615922
0.464994
0.338909
0.238546
0.162177
0.106604
0.067728
0.0417007
0.0247368
0.0144047
0.00775307
0.62472
0.645935
0.678232
0.711427
0.727097
0.749302
0.790473
0.819215
0.842634
0.873978
0.888391
0.898335
0.904788
0.907036
0.907826
0.90788
0.902477
0.891675
0.883953
0.877978
0.873692
0.871767
0.870823
0.87032
0.870074
0.871156
0.875106
0.883933
0.899949
0.922516
0.94742
0.966252
0.977838
0.983278
0.985204
0.985101
0.97717
0.954938
0.904351
0.801802
0.709795
0.662492
0.632329
0.613358
0.606501
0.603793
0.609881
0.617096
0.639815
0.676515
0.684266
0.681387
0.663236
0.642292
0.667233
0.752057
0.821584
0.852591
0.86255
0.864862
0.86402
0.853316
0.814458
0.740569
0.667514
0.635704
0.626955
0.628154
0.651502
0.694474
0.750141
0.800548
0.834971
0.849792
0.85408
0.850548
0.825529
0.747777
0.558292
0.382166
0.284715
0.23789
0.214985
0.20503
0.202267
0.21209
0.231807
0.266709
0.313699
0.367529
0.416054
0.460211
0.497593
0.524064
0.541053
0.547852
0.550064
0.553441
0.561864
0.578562
0.595294
0.606337
0.612499
0.616875
0.620737
0.623278
0.624773
0.626372
0.628596
0.63337
0.645576
0.674742
0.724433
0.778853
0.82907
0.871075
0.904124
0.92953
0.949583
0.965844
0.979628
0.989969
0.995526
0.997833
0.998658
0.998814
0.998522
0.996604
0.988214
0.977414
0.974375
0.976069
0.984658
0.992896
0.997028
0.99865
0.999034
0.999005
0.998664
0.997587
0.995145
0.992119
0.989584
0.988255
0.988022
0.988608
0.991284
0.994798
0.99703
0.998316
0.999029
0.999428
0.999662
0.999805
0.999891
0.999942
0.99997
0.999985
0.999992
0.999993
0.999992
0.999986
0.999961
0.999878
0.999616
0.998809
0.996317
0.988442
0.962897
0.876674
0.695812
0.526381
0.383255
0.268989
0.182288
0.11929
0.0756239
0.0461906
0.0276766
0.015426
0.633016
0.669102
0.706672
0.757369
0.779807
0.804451
0.842416
0.863236
0.881216
0.895315
0.900415
0.902578
0.903336
0.901283
0.892556
0.879827
0.871726
0.867995
0.866044
0.865164
0.864871
0.864833
0.864282
0.863286
0.861106
0.858153
0.854893
0.851712
0.849676
0.848293
0.8616
0.897684
0.941469
0.971126
0.985324
0.990645
0.99227
0.989717
0.976867
0.940258
0.847578
0.763669
0.7293
0.719113
0.722918
0.725052
0.73957
0.745628
0.745863
0.740708
0.734247
0.725743
0.718738
0.725221
0.769679
0.820096
0.847477
0.858981
0.862271
0.862764
0.855432
0.829662
0.777718
0.694774
0.630834
0.617409
0.614842
0.618288
0.644962
0.692982
0.751151
0.805741
0.835613
0.846669
0.847184
0.826741
0.74798
0.574224
0.398731
0.277904
0.221049
0.193123
0.180114
0.175513
0.177478
0.188398
0.211738
0.252531
0.307003
0.371104
0.443396
0.506286
0.549407
0.571585
0.579187
0.581299
0.582187
0.584149
0.589154
0.602665
0.618221
0.629447
0.635295
0.63608
0.635574
0.634296
0.631591
0.629782
0.629754
0.63209
0.639817
0.663627
0.71518
0.77468
0.828505
0.873227
0.907762
0.932653
0.949694
0.963849
0.975486
0.984709
0.991869
0.996355
0.998416
0.999172
0.99935
0.999249
0.998357
0.993716
0.98579
0.983068
0.983605
0.988562
0.994722
0.99782
0.999066
0.999403
0.999413
0.999283
0.998843
0.997658
0.995707
0.994015
0.993081
0.992859
0.993133
0.994618
0.996785
0.998193
0.999015
0.999469
0.999711
0.99984
0.999911
0.999951
0.999974
0.999987
0.999993
0.999996
0.999997
0.999996
0.999993
0.99998
0.999936
0.999789
0.999315
0.997768
0.992622
0.975151
0.914802
0.746998
0.562979
0.408362
0.285451
0.192421
0.125559
0.0789083
0.0486124
0.0279797
0.638635
0.69827
0.743525
0.79124
0.819744
0.839995
0.870445
0.884032
0.89458
0.899195
0.900309
0.900439
0.895232
0.882094
0.874655
0.87128
0.870057
0.869783
0.87141
0.873073
0.873793
0.874096
0.874211
0.874265
0.873966
0.872782
0.869505
0.862625
0.850544
0.839091
0.834369
0.832829
0.850328
0.906101
0.960633
0.984727
0.993175
0.995324
0.994871
0.985964
0.955064
0.871176
0.810926
0.785596
0.780808
0.783437
0.781628
0.778716
0.776187
0.774531
0.772035
0.770404
0.775259
0.791508
0.822605
0.844415
0.854962
0.859338
0.86099
0.858279
0.842349
0.81278
0.76307
0.692926
0.61427
0.58301
0.583245
0.598285
0.62742
0.681278
0.742829
0.800799
0.829862
0.83744
0.830212
0.778928
0.636333
0.457586
0.310448
0.225742
0.188622
0.171758
0.164588
0.164235
0.169278
0.180557
0.205211
0.250744
0.328692
0.422743
0.509813
0.566699
0.587081
0.593036
0.59353
0.593021
0.593439
0.595637
0.601543
0.613848
0.627361
0.638338
0.645137
0.648253
0.648721
0.647561
0.642219
0.635645
0.632774
0.632663
0.635336
0.643848
0.667577
0.727812
0.797341
0.856809
0.902592
0.934623
0.954946
0.966244
0.975493
0.983567
0.989798
0.994354
0.997373
0.998905
0.99949
0.999629
0.999572
0.998994
0.995815
0.990537
0.988763
0.989053
0.992176
0.996422
0.998538
0.999386
0.999633
0.999654
0.999603
0.999393
0.998776
0.997634
0.996669
0.996151
0.996031
0.996154
0.996949
0.998202
0.999007
0.999472
0.999727
0.99986
0.999928
0.999963
0.999981
0.99999
0.999995
0.999998
0.999998
0.999998
0.999998
0.999996
0.999988
0.999958
0.999855
0.999505
0.998302
0.994119
0.979423
0.927498
0.769196
0.576739
0.416221
0.289142
0.194199
0.125519
0.0794546
0.0471358
0.648227
0.712712
0.759773
0.80629
0.842254
0.860756
0.882943
0.892202
0.897091
0.898755
0.898426
0.892607
0.88028
0.8746
0.872342
0.871801
0.872446
0.874103
0.874675
0.874847
0.874854
0.87476
0.874813
0.87523
0.875892
0.876936
0.877943
0.87823
0.876107
0.866475
0.842506
0.826536
0.823264
0.837763
0.886514
0.956907
0.984863
0.995129
0.997405
0.997232
0.989271
0.954727
0.852921
0.808943
0.797365
0.799046
0.800399
0.800243
0.801233
0.80193
0.802342
0.805006
0.813153
0.825395
0.841989
0.850377
0.855508
0.858139
0.857881
0.851949
0.835153
0.808814
0.764363
0.700216
0.619622
0.574444
0.55151
0.547013
0.571991
0.634184
0.710536
0.778366
0.808951
0.814681
0.79532
0.70192
0.552578
0.38575
0.271384
0.21208
0.184606
0.170019
0.164152
0.165083
0.170295
0.184378
0.218003
0.293563
0.394325
0.491187
0.564663
0.594759
0.603141
0.603693
0.602913
0.602207
0.603215
0.60685
0.616143
0.628288
0.638485
0.6459
0.651089
0.654432
0.656023
0.656238
0.654316
0.646747
0.641209
0.639475
0.639654
0.643121
0.656463
0.696803
0.770741
0.837728
0.890408
0.92876
0.955182
0.971093
0.979024
0.98466
0.989681
0.993697
0.996515
0.998337
0.999314
0.999699
0.99978
0.999728
0.999232
0.996666
0.993445
0.992544
0.992841
0.995077
0.997796
0.99911
0.999627
0.999781
0.9998
0.999777
0.999669
0.999314
0.998706
0.998249
0.998039
0.998008
0.998067
0.998445
0.999087
0.999504
0.999743
0.999871
0.999937
0.999969
0.999985
0.999993
0.999997
0.999998
0.999999
0.999999
0.999999
0.999999
0.999997
0.999991
0.999966
0.999879
0.999569
0.998456
0.994448
0.979988
0.92811
0.767931
0.572422
0.410186
0.283723
0.188607
0.122645
0.0748938
0.651929
0.728372
0.779789
0.822053
0.857639
0.87196
0.887551
0.893603
0.896527
0.897001
0.892903
0.882501
0.875529
0.872934
0.872199
0.872421
0.873423
0.873809
0.873444
0.872234
0.871781
0.872148
0.872801
0.873032
0.873273
0.873826
0.875768
0.878658
0.880302
0.879396
0.872533
0.843162
0.822408
0.823737
0.841042
0.902071
0.962894
0.988217
0.996969
0.998821
0.998554
0.99118
0.949735
0.850269
0.810498
0.805782
0.811947
0.817211
0.820165
0.821001
0.821744
0.825146
0.83133
0.838219
0.845917
0.85017
0.85322
0.852715
0.847174
0.834727
0.821402
0.803335
0.771989
0.726351
0.653609
0.585597
0.551494
0.530648
0.520438
0.532669
0.586138
0.675116
0.722838
0.731761
0.697679
0.599522
0.477574
0.358301
0.27545
0.220644
0.19317
0.177388
0.175957
0.179415
0.190159
0.215219
0.269916
0.369639
0.477254
0.562709
0.601879
0.614684
0.616093
0.615786
0.615963
0.617782
0.622986
0.632731
0.647976
0.657423
0.660931
0.661826
0.662949
0.665873
0.669003
0.670442
0.670226
0.666263
0.659788
0.657471
0.657668
0.659746
0.667852
0.697176
0.76931
0.837395
0.890362
0.927958
0.954087
0.972421
0.983242
0.988289
0.991345
0.994046
0.99636
0.998021
0.999059
0.999615
0.99983
0.999863
0.9998
0.99929
0.997186
0.995477
0.995139
0.995492
0.997197
0.998776
0.999509
0.999792
0.999878
0.999889
0.999878
0.999817
0.99961
0.999344
0.999183
0.99913
0.999131
0.999173
0.999363
0.999626
0.999797
0.999896
0.999949
0.999976
0.999989
0.999995
0.999998
0.999999
0.999999
1
1
1
0.999999
0.999998
0.999992
0.999969
0.999884
0.99957
0.998405
0.99409
0.978234
0.92076
0.75045
0.554975
0.395765
0.270724
0.180881
0.1136
0.651916
0.726562
0.780915
0.823037
0.860223
0.876207
0.887529
0.893129
0.895062
0.89404
0.888493
0.879192
0.873949
0.872033
0.871787
0.87247
0.87342
0.873544
0.872184
0.869454
0.869331
0.87102
0.87276
0.873454
0.873334
0.873327
0.873742
0.875496
0.879906
0.880684
0.87833
0.862994
0.83289
0.823803
0.83128
0.874982
0.944863
0.980271
0.993963
0.998596
0.999623
0.999552
0.995216
0.960561
0.851894
0.811447
0.81357
0.822887
0.830938
0.833606
0.833906
0.835671
0.838486
0.84193
0.845477
0.846983
0.844848
0.838046
0.826948
0.814193
0.804789
0.793309
0.776516
0.752108
0.71342
0.645071
0.577909
0.540215
0.518487
0.504876
0.5039
0.525996
0.550152
0.557042
0.54494
0.497155
0.425492
0.358426
0.290535
0.247
0.216797
0.202989
0.204515
0.212385
0.232238
0.278153
0.367522
0.485418
0.578677
0.619243
0.632201
0.632534
0.631438
0.631456
0.633595
0.640626
0.654289
0.668715
0.673237
0.672051
0.670604
0.670406
0.671251
0.676263
0.686987
0.69406
0.697051
0.697203
0.693734
0.691871
0.692923
0.697542
0.709883
0.741688
0.809243
0.871837
0.91918
0.948062
0.964197
0.975744
0.985314
0.991378
0.99418
0.995635
0.996892
0.998061
0.998957
0.999518
0.999805
0.999903
0.999905
0.999809
0.999177
0.997658
0.996956
0.996903
0.997343
0.998598
0.999397
0.999759
0.999896
0.999937
0.999942
0.999935
0.999895
0.99979
0.999708
0.999672
0.999667
0.999675
0.999717
0.999819
0.999897
0.999945
0.999972
0.999986
0.999993
0.999997
0.999999
0.999999
1
1
1
1
1
0.999999
0.999998
0.999992
0.999967
0.999874
0.999519
0.998168
0.993084
0.974251
0.905976
0.720757
0.530581
0.374005
0.257001
0.166026
0.651365
0.718511
0.776945
0.819568
0.857772
0.875402
0.886606
0.891991
0.893646
0.893057
0.889039
0.879978
0.874435
0.872157
0.871622
0.872032
0.873138
0.873507
0.873166
0.871619
0.871417
0.871856
0.873316
0.873963
0.873935
0.873891
0.874037
0.875228
0.879288
0.880733
0.878919
0.866366
0.836158
0.826926
0.830751
0.866954
0.939171
0.977627
0.99297
0.998046
0.999505
0.999895
0.999912
0.997577
0.962746
0.845714
0.812116
0.818193
0.829859
0.837055
0.840091
0.84198
0.842892
0.843686
0.84505
0.844719
0.841421
0.833006
0.82031
0.806912
0.796874
0.787869
0.777623
0.763454
0.743802
0.711876
0.659624
0.598037
0.545188
0.514659
0.497911
0.491573
0.486895
0.478897
0.468325
0.443432
0.410369
0.363521
0.319545
0.282824
0.252855
0.24893
0.25367
0.27075
0.311031
0.398987
0.518804
0.598482
0.634362
0.645377
0.645464
0.644517
0.644856
0.647657
0.656643
0.674225
0.690205
0.689522
0.684185
0.678166
0.674966
0.67427
0.674998
0.68036
0.698793
0.716551
0.727408
0.733437
0.73647
0.738569
0.742538
0.751788
0.773205
0.82505
0.886813
0.934566
0.962904
0.978938
0.986897
0.989287
0.990692
0.993454
0.995973
0.997289
0.997939
0.998493
0.999048
0.999496
0.999776
0.999906
0.999934
0.999914
0.999726
0.998913
0.998162
0.997974
0.998048
0.998631
0.999368
0.999738
0.999895
0.999952
0.999968
0.99997
0.999964
0.999938
0.999904
0.999886
0.999882
0.999884
0.999893
0.999925
0.999956
0.999976
0.999987
0.999994
0.999997
0.999999
0.999999
1
1
1
1
1
1
1
0.999999
0.999998
0.99999
0.999962
0.99985
0.999413
0.997729
0.991351
0.967725
0.881911
0.685011
0.499008
0.353268
0.235041
0.649465
0.702822
0.766636
0.811052
0.851138
0.87227
0.884405
0.890336
0.892677
0.892587
0.890558
0.88292
0.876258
0.872947
0.871793
0.871768
0.872088
0.872995
0.873345
0.873379
0.873507
0.873895
0.874067
0.874065
0.873976
0.874016
0.874455
0.87679
0.880903
0.881039
0.878015
0.861334
0.834121
0.827206
0.833552
0.872503
0.941441
0.978171
0.99302
0.998006
0.999481
0.999879
0.999976
0.999951
0.998091
0.96004
0.839114
0.813619
0.823693
0.83557
0.840398
0.843772
0.845496
0.845818
0.845421
0.844682
0.841525
0.833354
0.820561
0.806941
0.796303
0.787546
0.778664
0.768458
0.757869
0.738208
0.712098
0.67404
0.630139
0.576611
0.527116
0.502887
0.487546
0.472122
0.457936
0.438443
0.412028
0.378225
0.345456
0.316378
0.309157
0.313677
0.331567
0.37739
0.470669
0.558398
0.616922
0.648591
0.65993
0.661316
0.6612
0.661735
0.664402
0.673307
0.694877
0.710114
0.708883
0.699888
0.68871
0.68237
0.680128
0.680073
0.68143
0.688184
0.711483
0.74003
0.76058
0.773841
0.781979
0.788302
0.797664
0.81641
0.856661
0.908262
0.944419
0.965827
0.979386
0.988311
0.993607
0.996213
0.997062
0.997084
0.997317
0.998187
0.998726
0.999016
0.999283
0.999557
0.999776
0.999903
0.999946
0.999944
0.999878
0.999492
0.99888
0.99865
0.998649
0.998852
0.999403
0.999741
0.999896
0.999958
0.999979
0.999984
0.999984
0.99998
0.999968
0.999961
0.999959
0.999959
0.999961
0.99997
0.999982
0.99999
0.999995
0.999997
0.999999
0.999999
1
1
1
1
1
1
1
1
1
0.999999
0.999997
0.999988
0.999952
0.999809
0.999245
0.997063
0.988824
0.958382
0.850151
0.645115
0.471431
0.323486
0.642732
0.674105
0.74718
0.794257
0.838593
0.86544
0.880312
0.887896
0.891495
0.892142
0.891607
0.888786
0.881067
0.875498
0.872906
0.872045
0.872033
0.872149
0.872538
0.872891
0.873302
0.873525
0.873652
0.873741
0.873899
0.874359
0.875863
0.880373
0.88234
0.881262
0.873644
0.846716
0.827437
0.827082
0.841167
0.902137
0.962776
0.987915
0.996279
0.998916
0.999703
0.999919
0.99998
0.999994
0.999944
0.997459
0.951843
0.836547
0.817014
0.827542
0.838579
0.843411
0.845759
0.847055
0.846742
0.845693
0.842847
0.8357
0.823059
0.809134
0.7977
0.78858
0.78047
0.77159
0.763619
0.751128
0.736334
0.713304
0.687483
0.65668
0.617526
0.570326
0.529644
0.498999
0.476445
0.454618
0.431969
0.408754
0.391874
0.390564
0.39999
0.428892
0.475079
0.534378
0.589818
0.631942
0.661288
0.675504
0.679783
0.680522
0.681201
0.683414
0.691109
0.713515
0.727558
0.727464
0.719389
0.703042
0.692398
0.687785
0.686958
0.687422
0.690119
0.699693
0.727168
0.760918
0.789498
0.809639
0.822071
0.832397
0.849445
0.885726
0.934123
0.962329
0.977354
0.985234
0.990143
0.993713
0.996379
0.998073
0.998839
0.999045
0.999027
0.998995
0.999136
0.999347
0.999496
0.999652
0.999801
0.999906
0.999952
0.999957
0.99993
0.999743
0.999297
0.999085
0.999061
0.999143
0.999479
0.999763
0.999902
0.999961
0.999983
0.99999
0.999992
0.999992
0.999989
0.999986
0.999984
0.999984
0.999985
0.999988
0.999992
0.999996
0.999998
0.999999
0.999999
1
1
1
1
1
1
1
1
1
1
1
0.999999
0.999996
0.999985
0.999938
0.999748
0.999004
0.99614
0.985382
0.946152
0.809916
0.611823
0.433462
0.634145
0.648014
0.707351
0.77315
0.817813
0.852382
0.872941
0.883677
0.889307
0.891376
0.891442
0.890854
0.888609
0.88304
0.877008
0.874128
0.872914
0.872578
0.872629
0.872799
0.873026
0.873309
0.873577
0.873971
0.874777
0.876564
0.88116
0.883564
0.883057
0.879044
0.860819
0.829372
0.824541
0.830161
0.861971
0.938213
0.977376
0.992411
0.997617
0.999291
0.999797
0.999947
0.999985
0.999997
0.999997
0.999897
0.995876
0.936225
0.836055
0.822605
0.829963
0.841004
0.845202
0.847034
0.847686
0.847349
0.845928
0.841723
0.831384
0.815989
0.802798
0.792393
0.78413
0.775698
0.767772
0.7607
0.751396
0.738411
0.721285
0.701261
0.679144
0.653725
0.622884
0.589667
0.558437
0.530469
0.512917
0.501567
0.50406
0.513756
0.530403
0.557182
0.591255
0.625958
0.658765
0.68572
0.699684
0.703541
0.70367
0.703219
0.704056
0.709038
0.727372
0.739849
0.741051
0.737591
0.722066
0.705431
0.696946
0.694291
0.694295
0.695706
0.700646
0.713644
0.741639
0.774132
0.804663
0.828051
0.844441
0.862296
0.896336
0.939866
0.966766
0.981992
0.990193
0.994556
0.996871
0.998093
0.998769
0.999207
0.999488
0.99962
0.999637
0.999624
0.999581
0.999568
0.999599
0.999698
0.999814
0.999906
0.999954
0.999963
0.999951
0.999847
0.999534
0.999358
0.99933
0.999375
0.999593
0.999808
0.999918
0.999967
0.999987
0.999994
0.999996
0.999996
0.999995
0.999994
0.999994
0.999994
0.999994
0.999994
0.999996
0.999998
0.999999
0.999999
1
1
1
1
1
1
1
1
1
1
1
1
1
0.999999
0.999995
0.99998
0.999917
0.999664
0.998673
0.994889
0.980802
0.929031
0.771308
0.56501
0.637991
0.643583
0.669329
0.735178
0.791962
0.830291
0.8582
0.875781
0.885048
0.889491
0.890927
0.890908
0.890546
0.889234
0.886113
0.88159
0.877516
0.875577
0.874631
0.874418
0.874511
0.874851
0.87558
0.876851
0.87918
0.883412
0.88494
0.884532
0.881655
0.869454
0.833906
0.821521
0.823818
0.843955
0.909476
0.968221
0.990455
0.997225
0.999218
0.999784
0.99994
0.999983
0.999995
0.999998
0.999999
0.999997
0.999759
0.99255
0.91706
0.837051
0.826734
0.832176
0.842545
0.846362
0.847665
0.848
0.84761
0.845946
0.841295
0.830998
0.816667
0.803401
0.793607
0.784189
0.77611
0.771927
0.765408
0.757649
0.747679
0.731766
0.716771
0.701771
0.683758
0.664216
0.644498
0.626901
0.617234
0.610394
0.611922
0.617499
0.629375
0.64769
0.66922
0.690764
0.708925
0.719369
0.722637
0.722688
0.721116
0.721158
0.723936
0.736429
0.74749
0.74995
0.749096
0.741736
0.722237
0.708208
0.702276
0.701319
0.702096
0.705985
0.715789
0.736336
0.762247
0.791376
0.817746
0.837585
0.856472
0.890848
0.935511
0.964575
0.981429
0.990471
0.995107
0.997446
0.99863
0.999231
0.999533
0.999687
0.999772
0.999817
0.999827
0.999824
0.99981
0.999761
0.999728
0.999731
0.999788
0.999894
0.99995
0.999965
0.999959
0.999897
0.999668
0.999513
0.999485
0.999514
0.999671
0.999843
0.999932
0.999973
0.999989
0.999995
0.999997
0.999998
0.999998
0.999997
0.999997
0.999997
0.999997
0.999997
0.999998
0.999999
0.999999
1
1
1
1
1
1
1
1
1
1
1
1
1
1
1
0.999998
0.999993
0.999973
0.999887
0.999545
0.998213
0.993153
0.9743
0.907384
0.71714
0.595325
0.636597
0.651782
0.686947
0.760242
0.807627
0.838999
0.860665
0.876172
0.884925
0.888969
0.890387
0.890484
0.890322
0.88976
0.888394
0.886556
0.884107
0.882493
0.881305
0.881388
0.881862
0.882883
0.884741
0.886266
0.886293
0.885782
0.883076
0.872293
0.837506
0.818823
0.819562
0.834321
0.888783
0.960409
0.987153
0.99607
0.998857
0.999679
0.999911
0.999975
0.999993
0.999998
0.999999
1
1
0.999988
0.999355
0.985598
0.895926
0.836491
0.829404
0.833893
0.843589
0.847005
0.847968
0.848106
0.847678
0.845962
0.841546
0.832139
0.820574
0.809424
0.801897
0.791447
0.786412
0.779442
0.772889
0.767395
0.755873
0.743601
0.733645
0.722933
0.7095
0.699668
0.68763
0.681245
0.679552
0.681011
0.685149
0.69364
0.705458
0.717838
0.729106
0.736794
0.739533
0.7395
0.736902
0.735804
0.737199
0.744541
0.752871
0.755661
0.755677
0.753675
0.742688
0.72331
0.712397
0.708926
0.70889
0.711019
0.719623
0.738311
0.759015
0.784375
0.809643
0.82965
0.847383
0.880068
0.924642
0.95664
0.976963
0.988493
0.99446
0.997354
0.99871
0.999342
0.999641
0.999782
0.999846
0.999876
0.999888
0.999889
0.999887
0.999881
0.999861
0.999807
0.999784
0.99979
0.999849
0.999932
0.99996
0.99996
0.999923
0.999752
0.999607
0.999576
0.999594
0.999715
0.999862
0.99994
0.999976
0.999991
0.999996
0.999998
0.999999
0.999999
0.999999
0.999999
0.999999
0.999999
0.999999
0.999999
0.999999
1
1
1
1
1
1
1
1
1
1
1
1
1
1
1
1
1
0.999998
0.999991
0.999962
0.999844
0.999372
0.997537
0.990559
0.964919
0.867809
0.447641
0.640116
0.64536
0.661748
0.700583
0.771292
0.814643
0.84303
0.862201
0.875861
0.883821
0.887934
0.889536
0.890049
0.89001
0.88984
0.889521
0.88878
0.888269
0.887874
0.88776
0.887801
0.887849
0.887753
0.88747
0.886572
0.883299
0.872207
0.837356
0.814751
0.815188
0.828412
0.876564
0.954266
0.984541
0.99511
0.998535
0.99958
0.999883
0.999967
0.999991
0.999997
0.999999
1
1
1
0.999999
0.999951
0.998127
0.972893
0.876596
0.835561
0.83113
0.835285
0.844321
0.847329
0.848072
0.848087
0.847662
0.846069
0.841967
0.834793
0.822925
0.817341
0.806909
0.801891
0.793416
0.786248
0.782181
0.77337
0.764908
0.756028
0.74882
0.740654
0.734171
0.728311
0.723593
0.723536
0.724682
0.72763
0.733866
0.741542
0.748121
0.752818
0.755048
0.755095
0.752181
0.751118
0.751735
0.754116
0.757545
0.759415
0.759645
0.759288
0.756414
0.743203
0.726931
0.71946
0.717708
0.718188
0.722355
0.73833
0.758389
0.78217
0.807974
0.827885
0.843314
0.873672
0.917545
0.950771
0.972794
0.985984
0.993173
0.996794
0.998528
0.999324
0.999674
0.999821
0.999884
0.999908
0.999916
0.999915
0.99991
0.999905
0.999901
0.999892
0.999856
0.999806
0.999796
0.999812
0.999891
0.999946
0.999954
0.999935
0.999816
0.999678
0.999643
0.999654
0.999745
0.999875
0.999945
0.999978
0.999992
0.999997
0.999999
0.999999
0.999999
0.999999
0.999999
0.999999
0.999999
0.999999
0.999999
1
1
1
1
1
1
1
1
1
1
1
1
1
1
1
1
1
1
0.999999
0.999997
0.999987
0.999946
0.999778
0.999104
0.996478
0.986532
0.947546
0.398361
0.642415
0.644698
0.650948
0.667218
0.704752
0.761615
0.810381
0.839794
0.859634
0.872953
0.881254
0.885809
0.888102
0.889102
0.889482
0.889467
0.889389
0.889221
0.889116
0.888987
0.888724
0.888408
0.887765
0.886119
0.881544
0.868652
0.830793
0.807952
0.809078
0.823794
0.873472
0.951853
0.983272
0.994562
0.998325
0.999508
0.99986
0.999961
0.999989
0.999997
0.999999
1
1
1
1
1
0.999996
0.999755
0.994519
0.95169
0.86137
0.834855
0.83231
0.836517
0.844801
0.847464
0.848045
0.848024
0.847618
0.846169
0.842901
0.835093
0.829042
0.820008
0.815046
0.807203
0.798941
0.794304
0.7864
0.780778
0.77292
0.766996
0.761528
0.757427
0.753844
0.751642
0.751843
0.752892
0.755179
0.759291
0.763214
0.766193
0.768335
0.769115
0.768167
0.764687
0.762352
0.761544
0.761531
0.762027
0.762087
0.762046
0.761548
0.758405
0.745845
0.734018
0.72916
0.728424
0.729377
0.735396
0.753475
0.778177
0.807967
0.831863
0.847131
0.8739
0.91571
0.949583
0.972821
0.986511
0.993681
0.997065
0.998633
0.999358
0.999693
0.999841
0.999903
0.999926
0.999932
0.999931
0.999925
0.999914
0.999907
0.999903
0.999898
0.999882
0.999821
0.999787
0.999789
0.999832
0.999917
0.999943
0.999936
0.999864
0.999739
0.9997
0.999705
0.99977
0.999885
0.999949
0.99998
0.999992
0.999997
0.999999
0.999999
1
1
1
1
1
1
1
1
1
1
1
1
1
1
1
1
1
1
1
1
1
1
1
1
1
1
0.999999
0.999996
0.999981
0.999921
0.999672
0.998674
0.994784
0.97922
0.392351
0.603152
0.644863
0.647749
0.655891
0.672827
0.708166
0.750202
0.798268
0.829952
0.851804
0.866536
0.875998
0.881709
0.884995
0.88683
0.887729
0.888219
0.888243
0.88817
0.887926
0.887344
0.886053
0.883082
0.875775
0.858224
0.815168
0.798222
0.80069
0.818954
0.877055
0.952846
0.983299
0.994434
0.998239
0.999468
0.999845
0.999956
0.999988
0.999996
0.999999
1
1
1
1
1
1
1
0.999968
0.998983
0.987867
0.923934
0.852623
0.834355
0.833125
0.837585
0.845108
0.847462
0.847962
0.847915
0.847525
0.84629
0.843201
0.837313
0.830257
0.825094
0.819636
0.811153
0.805671
0.798401
0.792594
0.786484
0.781001
0.776445
0.773226
0.770725
0.769429
0.769607
0.770335
0.771926
0.774259
0.776185
0.777556
0.778074
0.777497
0.774494
0.770142
0.766937
0.765147
0.76443
0.764037
0.763984
0.763923
0.763495
0.76078
0.750851
0.742825
0.740075
0.740099
0.741735
0.74833
0.767968
0.802984
0.835296
0.852556
0.875638
0.913761
0.946738
0.970875
0.985754
0.993555
0.997067
0.998661
0.999384
0.99971
0.999855
0.999915
0.999938
0.999943
0.99994
0.999936
0.999925
0.999906
0.999897
0.999895
0.999894
0.999887
0.99984
0.999768
0.999755
0.999774
0.999865
0.999923
0.999928
0.999896
0.999796
0.999755
0.999756
0.999799
0.999896
0.999953
0.999981
0.999993
0.999997
0.999999
1
1
1
1
1
1
1
1
1
1
1
1
1
1
1
1
1
1
1
1
1
1
1
1
1
1
1
1
0.999999
0.999994
0.999972
0.999881
0.999504
0.997998
0.991926
0.3744
0.557375
0.635285
0.636165
0.641298
0.647727
0.662787
0.684802
0.72118
0.76266
0.805793
0.834047
0.85282
0.865085
0.872817
0.877786
0.880569
0.88236
0.882962
0.882734
0.88172
0.879062
0.873476
0.861083
0.832687
0.793329
0.787115
0.791748
0.81526
0.886332
0.956312
0.984195
0.994574
0.998228
0.999448
0.999835
0.999952
0.999986
0.999996
0.999999
1
1
1
1
1
1
1
1
0.999996
0.999819
0.997155
0.977643
0.898215
0.845616
0.833776
0.833503
0.838355
0.845244
0.847379
0.847821
0.847741
0.847371
0.846231
0.843566
0.838373
0.832244
0.828654
0.821386
0.81592
0.809267
0.802847
0.797609
0.792093
0.788014
0.7851
0.782302
0.78126
0.781165
0.781412
0.782022
0.782712
0.783201
0.783285
0.782778
0.780507
0.776307
0.77225
0.769023
0.766879
0.765834
0.765672
0.765807
0.765918
0.765732
0.763892
0.757156
0.752799
0.7522
0.753002
0.75626
0.765527
0.791393
0.832228
0.85773
0.879821
0.915986
0.947933
0.972348
0.986447
0.993494
0.996938
0.998582
0.999349
0.999699
0.999856
0.999921
0.999946
0.999951
0.999948
0.99994
0.999931
0.999908
0.999869
0.999858
0.999861
0.99987
0.999871
0.99985
0.999754
0.999703
0.999707
0.99978
0.999886
0.999914
0.999904
0.999846
0.999807
0.999806
0.999832
0.999908
0.999959
0.999983
0.999993
0.999998
0.999999
1
1
1
1
1
1
1
1
1
1
1
1
1
1
1
1
1
1
1
1
1
1
1
1
1
1
1
1
1
0.999998
0.99999
0.999957
0.999818
0.999253
0.99699
0.952678
0.954048
0.946113
0.784107
0.668137
0.649437
0.650794
0.65535
0.665186
0.683971
0.706327
0.740265
0.776415
0.807747
0.830994
0.846306
0.854134
0.859934
0.861392
0.859785
0.854031
0.8395
0.821544
0.78658
0.771997
0.773206
0.783999
0.818285
0.906966
0.962904
0.985929
0.994942
0.998278
0.999444
0.999828
0.999949
0.999985
0.999996
0.999999
1
1
1
1
1
1
1
1
1
1
0.99997
0.999385
0.993827
0.96352
0.877672
0.840931
0.833123
0.833411
0.838382
0.845026
0.847127
0.847575
0.847458
0.847069
0.846035
0.843715
0.838858
0.83525
0.829298
0.82455
0.818481
0.81261
0.80761
0.802012
0.798082
0.794801
0.791812
0.790245
0.789676
0.789612
0.789304
0.788423
0.787803
0.786698
0.784321
0.780825
0.776717
0.772826
0.769816
0.767918
0.767272
0.767321
0.767939
0.768532
0.768602
0.767793
0.764682
0.764187
0.765018
0.767905
0.774829
0.790681
0.827015
0.859911
0.885001
0.919797
0.951667
0.974986
0.98724
0.993641
0.996911
0.998537
0.999321
0.999688
0.999854
0.999925
0.999952
0.999958
0.999956
0.999948
0.999922
0.999901
0.999847
0.999767
0.999757
0.999766
0.999804
0.999833
0.999828
0.999748
0.999632
0.999615
0.999658
0.999811
0.999889
0.999898
0.99988
0.999854
0.999853
0.999869
0.999925
0.999966
0.999986
0.999995
0.999998
0.999999
1
1
1
1
1
1
1
1
1
1
1
1
1
1
1
1
1
1
1
1
1
1
1
1
1
1
1
1
1
0.999999
0.999997
0.999987
0.999943
0.999762
0.999061
0.999561
0.999349
0.999165
0.99745
0.98522
0.952043
0.876264
0.793045
0.727453
0.701087
0.699617
0.702762
0.710487
0.720591
0.732191
0.747811
0.755522
0.766571
0.767336
0.765227
0.760418
0.754543
0.75339
0.755698
0.765195
0.791043
0.854247
0.932661
0.971496
0.988695
0.995774
0.998507
0.9995
0.999841
0.999951
0.999985
0.999996
0.999999
1
1
1
1
1
1
1
1
1
1
1
0.999996
0.999884
0.998536
0.989105
0.945288
0.867102
0.839155
0.832882
0.833166
0.837092
0.844155
0.846548
0.847131
0.847012
0.846591
0.845538
0.843495
0.840369
0.835706
0.831641
0.825973
0.821054
0.81651
0.811266
0.807436
0.804062
0.800531
0.798035
0.797156
0.796354
0.79475
0.793177
0.791408
0.78849
0.784837
0.780877
0.776697
0.772904
0.770094
0.768808
0.768671
0.769052
0.770827
0.772535
0.773299
0.773487
0.77439
0.776186
0.779866
0.787539
0.801328
0.831051
0.864928
0.892184
0.926705
0.959432
0.978754
0.988914
0.994299
0.997134
0.998599
0.999335
0.999692
0.999857
0.999929
0.999957
0.999964
0.999962
0.999956
0.999931
0.999851
0.999799
0.999684
0.999531
0.999519
0.999543
0.999635
0.999745
0.99977
0.999728
0.999555
0.999483
0.999501
0.99966
0.999829
0.999884
0.99989
0.999889
0.999889
0.999902
0.999943
0.999974
0.999989
0.999996
0.999998
0.999999
1
1
1
1
1
1
1
1
1
1
1
1
1
1
1
1
1
1
1
1
1
1
1
1
1
1
1
1
1
1
0.999999
0.999997
0.999986
0.999942
0.999783
0.999996
0.999989
0.999978
0.999929
0.999551
0.997878
0.992363
0.980633
0.95475
0.91703
0.862795
0.823707
0.78557
0.762656
0.75064
0.747232
0.745741
0.741917
0.739584
0.741099
0.745437
0.755525
0.779365
0.808234
0.865957
0.927619
0.964301
0.983767
0.99315
0.997301
0.999002
0.999652
0.999885
0.999963
0.999989
0.999997
0.999999
1
1
1
1
1
1
1
1
1
1
1
1
0.999999
0.999981
0.999708
0.997369
0.984367
0.933944
0.864328
0.839034
0.832914
0.832674
0.835189
0.842153
0.845389
0.846314
0.846251
0.845704
0.844816
0.842993
0.840272
0.837196
0.832281
0.82817
0.82386
0.819162
0.815833
0.812394
0.80825
0.805247
0.803245
0.800806
0.798717
0.796865
0.793651
0.789219
0.784627
0.78034
0.776294
0.772769
0.77072
0.770234
0.770401
0.771629
0.775423
0.778678
0.780672
0.783052
0.785682
0.78997
0.79931
0.815306
0.8432
0.878598
0.905626
0.940145
0.967892
0.982812
0.990844
0.995169
0.997494
0.998732
0.999378
0.999704
0.999861
0.999932
0.999961
0.999968
0.999967
0.999962
0.999942
0.999877
0.99967
0.999548
0.999291
0.999023
0.999017
0.999075
0.999268
0.99955
0.999665
0.999657
0.999484
0.999311
0.999304
0.999444
0.999722
0.999848
0.99989
0.999902
0.999909
0.999929
0.99996
0.999981
0.999992
0.999997
0.999999
1
1
1
1
1
1
1
1
1
1
1
1
1
1
1
1
1
1
1
1
1
1
1
1
1
1
1
1
1
1
1
1
0.999999
0.999997
0.999988
0.999958
1
1
1
0.999998
0.999987
0.999921
0.999635
0.99879
0.996666
0.991933
0.985002
0.972109
0.959416
0.946145
0.923977
0.906549
0.898036
0.887157
0.888161
0.892822
0.903503
0.921558
0.942008
0.961225
0.976641
0.987272
0.993694
0.997138
0.9988
0.999532
0.999828
0.99994
0.99998
0.999994
0.999998
0.999999
1
1
1
1
1
1
1
1
1
1
1
1
1
1
0.999997
0.999951
0.999468
0.996294
0.981701
0.931424
0.865586
0.840093
0.833397
0.832021
0.833317
0.837733
0.842913
0.844704
0.844895
0.84457
0.843623
0.842307
0.840251
0.836738
0.833281
0.829104
0.825018
0.821932
0.818197
0.813909
0.810312
0.806809
0.803554
0.801398
0.798486
0.793616
0.788405
0.784059
0.779939
0.776052
0.773372
0.772509
0.772577
0.773352
0.776519
0.782607
0.787407
0.791543
0.795392
0.800136
0.809346
0.828141
0.85596
0.89501
0.926492
0.95855
0.976752
0.987128
0.992957
0.996186
0.997961
0.998931
0.999455
0.999731
0.99987
0.999936
0.999963
0.999972
0.999972
0.999967
0.999948
0.999894
0.999732
0.999275
0.999018
0.998445
0.998001
0.998016
0.998165
0.998559
0.999154
0.99947
0.999515
0.999384
0.999064
0.998995
0.99909
0.999485
0.999764
0.999869
0.999902
0.999923
0.999948
0.999971
0.999986
0.999994
0.999997
0.999999
1
1
1
1
1
1
1
1
1
1
1
1
1
1
1
1
1
1
1
1
1
1
1
1
1
1
1
1
1
1
1
1
1
0.999999
0.999998
0.999993
1
1
1
1
1
0.999998
0.999987
0.999945
0.99982
0.999504
0.998895
0.997733
0.995454
0.994012
0.991157
0.989049
0.987076
0.987188
0.987617
0.988489
0.989848
0.991691
0.993807
0.995838
0.997483
0.998626
0.999319
0.99969
0.99987
0.999949
0.999981
0.999993
0.999998
0.999999
1
1
1
1
1
1
1
1
1
1
1
1
1
1
1
1
1
0.999993
0.999909
0.999255
0.995734
0.981532
0.937412
0.871401
0.843328
0.834263
0.831559
0.831755
0.833518
0.837887
0.841549
0.842819
0.842697
0.842094
0.840813
0.838452
0.835385
0.831573
0.828126
0.824905
0.820825
0.816486
0.812198
0.808109
0.805325
0.802231
0.79681
0.791097
0.786671
0.782849
0.779193
0.776277
0.775259
0.775315
0.775979
0.778421
0.784979
0.792265
0.799345
0.805555
0.811647
0.821592
0.842965
0.871192
0.91162
0.947321
0.970873
0.9838
0.99097
0.994976
0.997217
0.99847
0.99917
0.999559
0.999772
0.999885
0.999941
0.999966
0.999975
0.999975
0.999972
0.999957
0.999901
0.999762
0.999368
0.998495
0.998014
0.996829
0.996057
0.996117
0.99646
0.997268
0.998372
0.999097
0.999308
0.999239
0.998853
0.99867
0.99874
0.999205
0.999641
0.999825
0.999896
0.999933
0.999959
0.999978
0.999989
0.999995
0.999998
0.999999
1
1
1
1
1
1
1
1
1
1
1
1
1
1
1
1
1
1
1
1
1
1
1
1
1
1
1
1
1
1
1
1
1
1
1
0.999999
1
1
1
1
1
1
1
0.999998
0.999993
0.999978
0.999945
0.999875
0.999711
0.999588
0.999365
0.99917
0.99913
0.999154
0.999224
0.999312
0.999411
0.999524
0.999646
0.999761
0.999855
0.99992
0.99996
0.999981
0.999992
0.999997
0.999999
1
1
1
1
1
1
1
1
1
1
1
1
1
1
1
1
1
1
1
1
0.999999
0.999987
0.999874
0.999161
0.995846
0.983784
0.951686
0.883132
0.85018
0.836445
0.832476
0.830818
0.831061
0.832375
0.835344
0.838063
0.839073
0.838801
0.837694
0.835196
0.83171
0.828694
0.825336
0.821189
0.816716
0.812095
0.808254
0.804413
0.798786
0.793227
0.789103
0.785767
0.782249
0.779291
0.778399
0.778543
0.779347
0.781824
0.788398
0.796859
0.805772
0.814873
0.824363
0.836038
0.859897
0.892823
0.934416
0.963924
0.98021
0.989115
0.993971
0.996635
0.998114
0.998942
0.99941
0.999674
0.999824
0.999906
0.999949
0.99997
0.999977
0.999978
0.999976
0.999966
0.999922
0.99977
0.999442
0.998527
0.997136
0.996295
0.994091
0.992622
0.992733
0.993395
0.994939
0.997067
0.998506
0.998971
0.998941
0.998434
0.998046
0.998065
0.998576
0.999344
0.999716
0.999869
0.999932
0.999964
0.999982
0.999991
0.999996
0.999998
0.999999
1
1
1
1
1
1
1
1
1
1
1
1
1
1
1
1
1
1
1
1
1
1
1
1
1
1
1
1
1
1
1
1
1
1
1
1
1
1
1
1
1
1
1
1
1
0.999999
0.999998
0.999995
0.99999
0.999982
0.999973
0.999968
0.99997
0.999973
0.999976
0.999979
0.999982
0.999986
0.999989
0.999993
0.999996
0.999998
0.999999
0.999999
1
1
1
1
1
1
1
1
1
1
1
1
1
1
1
1
1
1
1
1
1
1
1
1
0.999998
0.999982
0.999862
0.999218
0.996545
0.987828
0.965772
0.91135
0.864115
0.843259
0.83429
0.831465
0.830049
0.829367
0.829397
0.829801
0.830211
0.830237
0.829836
0.828597
0.826732
0.82365
0.819265
0.813954
0.80925
0.805134
0.80018
0.795588
0.792344
0.789191
0.785379
0.782921
0.782617
0.782948
0.784272
0.78725
0.794763
0.802923
0.813103
0.825045
0.838862
0.854911
0.882601
0.921607
0.956542
0.976208
0.987068
0.992974
0.996159
0.997876
0.99881
0.999327
0.999617
0.999781
0.999876
0.99993
0.999959
0.999974
0.999979
0.99998
0.999978
0.999972
0.999944
0.999833
0.999416
0.998744
0.99699
0.994998
0.993598
0.989802
0.986992
0.987121
0.988228
0.991107
0.994682
0.997234
0.998386
0.998533
0.998146
0.997445
0.997381
0.997911
0.999028
0.999592
0.999828
0.999924
0.999965
0.999984
0.999993
0.999997
0.999999
0.999999
1
1
1
1
1
1
0.999999
1
1
1
1
1
1
1
1
1
1
1
1
1
1
1
1
1
1
1
1
1
1
1
1
1
1
1
1
1
1
1
1
1
1
1
1
1
1
1
1
1
1
1
0.999999
0.999999
1
1
1
1
1
1
1
1
1
1
1
1
1
1
1
1
1
1
1
1
1
1
1
1
1
1
1
1
1
1
1
1
1
1
1
1
1
0.999998
0.999981
0.999878
0.99939
0.997557
0.99211
0.977852
0.946868
0.891813
0.858261
0.841891
0.83415
0.830553
0.82846
0.826365
0.824575
0.823199
0.822287
0.821433
0.820256
0.817778
0.814304
0.810692
0.80686
0.80284
0.799539
0.796454
0.792494
0.789155
0.788166
0.788334
0.789097
0.791072
0.796325
0.803296
0.813091
0.822442
0.838943
0.858644
0.881476
0.916638
0.952634
0.973618
0.985526
0.992146
0.99576
0.997706
0.998747
0.999305
0.999607
0.999774
0.999867
0.999921
0.999952
0.999969
0.999978
0.999981
0.999981
0.99998
0.999975
0.999956
0.999887
0.999628
0.998613
0.997443
0.994766
0.992064
0.989582
0.983097
0.978426
0.97855
0.980186
0.984573
0.990682
0.99543
0.997649
0.998009
0.997516
0.996463
0.996311
0.996867
0.998429
0.999337
0.999739
0.999899
0.99996
0.999983
0.999993
0.999997
0.999999
0.999999
0.999999
0.999999
0.999999
0.999999
0.999999
0.999999
0.999999
0.999999
0.999999
0.999999
0.999999
0.999999
0.999999
0.999999
0.999999
0.999999
1
1
1
1
1
1
1
1
1
1
1
1
1
1
1
1
1
1
1
1
1
1
1
1
1
1
1
1
1
1
1
1
1
1
1
1
1
1
1
1
1
1
1
1
1
1
1
1
1
1
1
1
1
1
1
1
1
1
1
1
1
1
1
1
1
1
1
1
1
1
1
1
1
1
0.999998
0.999984
0.999911
0.999601
0.998539
0.995465
0.987808
0.971889
0.939956
0.894402
0.862861
0.845677
0.835929
0.829856
0.825885
0.823322
0.821665
0.820289
0.818638
0.816367
0.813552
0.81019
0.8069
0.803965
0.800447
0.796821
0.795076
0.79505
0.795535
0.797188
0.800094
0.806901
0.816109
0.827314
0.840781
0.86124
0.889299
0.921535
0.954353
0.974063
0.985527
0.992036
0.995664
0.997657
0.998738
0.999316
0.999625
0.99979
0.999879
0.999927
0.999953
0.999968
0.999977
0.999981
0.999983
0.999983
0.999982
0.999977
0.999962
0.999916
0.999754
0.999178
0.997149
0.995419
0.992335
0.98838
0.983513
0.972708
0.966716
0.966918
0.96914
0.975063
0.985067
0.99278
0.996396
0.99718
0.99688
0.995592
0.995159
0.995629
0.997592
0.999004
0.999619
0.999861
0.999949
0.999981
0.999992
0.999997
0.999998
0.999999
0.999999
0.999999
0.999999
0.999999
0.999999
0.999998
0.999998
0.999998
0.999998
0.999998
0.999998
0.999998
0.999998
0.999998
0.999998
0.999999
0.999999
0.999999
1
1
1
1
1
1
1
1
1
1
1
1
1
1
1
1
1
1
1
1
1
1
1
1
1
1
1
1
1
1
1
1
1
1
1
1
1
1
1
1
1
1
1
1
1
1
1
1
1
1
1
1
1
1
1
1
1
1
1
1
1
1
1
1
1
1
1
1
1
1
1
1
1
0.999998
0.999989
0.999947
0.999782
0.999248
0.997765
0.994238
0.985527
0.972405
0.944876
0.915207
0.881892
0.858657
0.844055
0.834879
0.829259
0.82547
0.82238
0.819574
0.816051
0.812613
0.810594
0.807674
0.805428
0.805299
0.805852
0.807551
0.810733
0.817606
0.824943
0.840701
0.85332
0.878242
0.906099
0.93866
0.96303
0.978373
0.98764
0.993058
0.996149
0.997883
0.998846
0.999374
0.999662
0.999815
0.999897
0.99994
0.999962
0.999973
0.999978
0.999982
0.999983
0.999984
0.999984
0.999982
0.999977
0.999964
0.999929
0.999825
0.999454
0.998194
0.995108
0.99294
0.990042
0.98321
0.973405
0.959956
0.953435
0.953734
0.956398
0.963619
0.976402
0.987421
0.994209
0.996344
0.996113
0.994198
0.993339
0.993835
0.996389
0.998479
0.999414
0.99979
0.999928
0.999975
0.999991
0.999996
0.999998
0.999998
0.999998
0.999998
0.999998
0.999998
0.999997
0.999997
0.999997
0.999997
0.999997
0.999997
0.999997
0.999997
0.999997
0.999997
0.999997
0.999997
0.999998
0.999999
0.999999
0.999999
0.999999
0.999999
0.999999
0.999999
0.999999
0.999999
0.999999
0.999999
0.999999
0.999999
1
1
1
1
1
1
1
1
1
1
1
1
1
1
1
1
1
1
1
1
1
1
1
1
1
1
1
1
1
1
1
1
1
1
1
1
1
1
1
1
1
1
1
1
1
1
1
1
1
1
1
1
1
1
1
1
1
1
1
1
1
1
0.999999
0.999994
0.999974
0.999899
0.99967
0.999058
0.997536
0.994372
0.988532
0.97549
0.962297
0.942185
0.918842
0.896994
0.878591
0.863545
0.853337
0.846098
0.839166
0.83511
0.832457
0.832554
0.833595
0.836117
0.841766
0.847919
0.860173
0.872613
0.894799
0.914525
0.941035
0.961295
0.975517
0.985045
0.991144
0.994887
0.997101
0.998377
0.999098
0.999502
0.999726
0.999851
0.999919
0.999954
0.999971
0.999979
0.999982
0.999982
0.999983
0.999983
0.999984
0.999983
0.999981
0.999976
0.999962
0.999931
0.999859
0.999635
0.998786
0.995967
0.993319
0.991092
0.986629
0.975222
0.961351
0.947278
0.940982
0.941315
0.944086
0.950969
0.966522
0.982834
0.992068
0.994705
0.994577
0.992772
0.99179
0.992287
0.995268
0.998007
0.999238
0.99973
0.999908
0.999969
0.999989
0.999995
0.999997
0.999997
0.999997
0.999997
0.999997
0.999996
0.999995
0.999995
0.999994
0.999994
0.999994
0.999994
0.999994
0.999994
0.999994
0.999994
0.999994
0.999995
0.999996
0.999997
0.999998
0.999999
0.999999
0.999999
0.999999
0.999999
0.999999
0.999998
0.999998
0.999998
0.999998
0.999999
0.999999
0.999999
0.999999
0.999999
1
1
1
1
1
1
1
1
1
1
1
1
1
1
1
1
1
1
1
1
1
1
1
1
1
1
1
1
1
1
1
1
1
1
1
1
1
1
1
1
1
1
1
1
1
1
1
1
1
1
1
1
1
1
1
1
1
1
1
0.999999
0.999997
0.999989
0.999959
0.999871
0.99964
0.999103
0.997954
0.995583
0.991119
0.985103
0.977305
0.966098
0.957658
0.945661
0.935664
0.92607
0.919015
0.913093
0.912652
0.913822
0.916846
0.923497
0.932038
0.941615
0.951566
0.961795
0.971499
0.979815
0.986335
0.991108
0.994421
0.996616
0.998007
0.998853
0.999349
0.999634
0.999795
0.999886
0.999937
0.999965
0.999979
0.999985
0.999986
0.999985
0.999983
0.999981
0.999979
0.999978
0.999977
0.999975
0.999969
0.999954
0.999924
0.999866
0.999729
0.999259
0.997383
0.993773
0.99191
0.989161
0.982322
0.965429
0.949947
0.937158
0.931472
0.931683
0.934111
0.940623
0.957039
0.975838
0.98834
0.99327
0.993507
0.991511
0.990072
0.990636
0.994193
0.997505
0.999024
0.999649
0.999881
0.99996
0.999986
0.999993
0.999995
0.999995
0.999995
0.999994
0.999994
0.999993
0.999992
0.999991
0.99999
0.99999
0.999989
0.999989
0.999988
0.999988
0.999988
0.999988
0.999988
0.99999
0.999993
0.999995
0.999996
0.999997
0.999998
0.999998
0.999998
0.999998
0.999997
0.999997
0.999996
0.999996
0.999996
0.999996
0.999997
0.999997
0.999998
0.999998
0.999999
0.999999
1
1
1
1
1
1
1
1
1
1
1
1
1
1
1
1
1
1
1
1
1
1
1
1
1
1
1
1
1
1
1
1
1
1
1
1
1
1
1
1
1
1
1
1
1
1
1
1
1
1
1
1
1
1
1
1
1
1
1
0.999999
0.999996
0.999986
0.999957
0.999886
0.999718
0.999363
0.998671
0.997132
0.995046
0.993226
0.990529
0.985339
0.981629
0.980147
0.977682
0.974851
0.974636
0.975087
0.976481
0.979602
0.982737
0.985489
0.988114
0.990741
0.993199
0.995263
0.996842
0.99797
0.998739
0.99924
0.999554
0.999744
0.999854
0.999917
0.999953
0.999974
0.999985
0.99999
0.999991
0.99999
0.999986
0.999978
0.999967
0.999957
0.999954
0.999953
0.999952
0.999948
0.999937
0.999907
0.999856
0.999757
0.999499
0.998501
0.995045
0.992689
0.99092
0.987262
0.976116
0.955668
0.940588
0.930124
0.925457
0.92549
0.927235
0.932596
0.947006
0.970092
0.985985
0.991528
0.991704
0.989614
0.988222
0.988828
0.992821
0.99689
0.998793
0.999572
0.999857
0.999952
0.999982
0.99999
0.999992
0.999992
0.999991
0.999989
0.999988
0.999988
0.999986
0.999985
0.999983
0.999982
0.999981
0.999979
0.999978
0.999976
0.999976
0.999976
0.999977
0.999981
0.999985
0.999989
0.999992
0.999994
0.999995
0.999996
0.999996
0.999995
0.999994
0.999993
0.999991
0.999991
0.999991
0.999991
0.999991
0.999993
0.999994
0.999995
0.999997
0.999997
1
1
1
1
1
1
1
1
1
1
1
1
1
1
1
1
1
1
1
1
1
1
1
1
1
1
1
1
1
1
1
1
1
1
1
1
1
1
1
1
1
1
1
1
1
1
1
1
1
1
1
1
1
1
1
1
1
1
1
1
1
0.999999
0.999996
0.99999
0.999973
0.999935
0.999856
0.999643
0.999299
0.999053
0.998661
0.997603
0.99666
0.996405
0.996118
0.995618
0.995594
0.995667
0.99591
0.99654
0.997176
0.997663
0.998087
0.998505
0.9989
0.999234
0.999488
0.99967
0.999794
0.999875
0.999926
0.999957
0.999975
0.999986
0.999992
0.999995
0.999995
0.999994
0.999991
0.999982
0.999955
0.999916
0.999888
0.999875
0.999875
0.99988
0.999884
0.999882
0.999868
0.999822
0.999738
0.999566
0.999062
0.996796
0.993315
0.99207
0.990435
0.985458
0.968291
0.947579
0.934091
0.925512
0.921898
0.921894
0.923162
0.927467
0.940709
0.96474
0.981962
0.989227
0.989864
0.988017
0.986525
0.987273
0.992111
0.996699
0.998751
0.999564
0.999855
0.99995
0.999979
0.999986
0.999987
0.999986
0.999983
0.99998
0.999978
0.999977
0.999976
0.999975
0.999972
0.999969
0.999965
0.999961
0.999956
0.999953
0.999951
0.999951
0.999954
0.999961
0.99997
0.999977
0.999983
0.999987
0.99999
0.999991
0.999991
0.99999
0.999989
0.999985
0.999981
0.999979
0.999978
0.999978
0.999978
0.99998
0.999984
0.999987
0.999991
0.999991
1
1
1
1
1
1
1
1
1
1
1
1
1
1
1
1
1
1
1
1
1
1
1
1
1
1
1
1
1
1
1
1
1
1
1
1
1
1
1
1
1
1
1
1
1
1
1
1
1
1
1
1
1
1
1
1
1
1
1
1
1
1
1
0.999999
0.999998
0.999995
0.999989
0.999971
0.999937
0.999914
0.999877
0.999758
0.99963
0.999602
0.999577
0.999554
0.999551
0.999557
0.999579
0.999641
0.999714
0.999765
0.999807
0.999848
0.999888
0.999921
0.999946
0.999965
0.999978
0.999986
0.999992
0.999995
0.999997
0.999998
0.999998
0.999998
0.999995
0.999987
0.999966
0.999917
0.999784
0.999658
0.999617
0.999622
0.999643
0.999693
0.999727
0.999731
0.999718
0.999662
0.999527
0.999221
0.998177
0.994478
0.992525
0.991859
0.990327
0.983083
0.961275
0.942817
0.930727
0.92315
0.920005
0.919904
0.920869
0.924321
0.93495
0.960065
0.980039
0.987369
0.987576
0.985461
0.984501
0.986018
0.992226
0.996782
0.998792
0.999581
0.999859
0.999948
0.999974
0.999979
0.999978
0.999974
0.999968
0.999964
0.999961
0.999958
0.999956
0.999955
0.999952
0.999948
0.999939
0.999927
0.999914
0.999904
0.999899
0.999899
0.999902
0.999918
0.999937
0.999951
0.999962
0.999971
0.999976
0.999978
0.999978
0.999978
0.999976
0.999968
0.999957
0.999951
0.999947
0.999947
0.999947
0.999949
0.999958
0.999964
0.999974
0.999974
1
1
1
1
1
1
1
1
1
1
1
1
1
1
1
1
1
1
1
1
1
1
1
1
1
1
1
1
1
1
1
1
1
1
1
1
1
1
1
1
1
1
1
1
1
1
1
1
1
1
1
1
1
1
1
1
1
1
1
1
1
1
1
1
1
1
0.999999
0.999998
0.999997
0.999995
0.999993
0.999985
0.999976
0.999974
0.999975
0.999974
0.999973
0.999974
0.999975
0.999978
0.999982
0.999986
0.999988
0.999991
0.999993
0.999995
0.999997
0.999998
0.999999
0.999999
0.999999
1
1
1
0.999999
0.999994
0.999975
0.999914
0.999801
0.999556
0.999011
0.998751
0.998754
0.99882
0.999
0.999226
0.999374
0.999417
0.999408
0.999346
0.999155
0.998608
0.996175
0.992805
0.992267
0.992272
0.990821
0.980891
0.957617
0.940639
0.929396
0.922196
0.919252
0.918961
0.919859
0.92357
0.935252
0.960516
0.978134
0.984402
0.984673
0.983304
0.982935
0.985653
0.992861
0.9971
0.998942
0.99964
0.999876
0.999947
0.999964
0.999966
0.999963
0.999953
0.999943
0.999935
0.999929
0.999924
0.99992
0.999918
0.999915
0.999909
0.999896
0.999867
0.999834
0.999805
0.99979
0.999787
0.999792
0.999821
0.999865
0.999895
0.999917
0.999932
0.999942
0.999947
0.999948
0.999948
0.999945
0.999931
0.999905
0.999887
0.999878
0.999875
0.999875
0.999878
0.999892
0.999907
0.999928
0.999925
1
1
1
1
1
1
1
1
1
1
1
1
1
1
1
1
1
1
1
1
1
1
1
1
1
1
1
1
1
1
1
1
1
1
1
1
1
1
1
1
1
1
1
1
1
1
1
1
1
1
1
1
1
1
1
1
1
1
1
1
1
1
1
1
1
1
1
1
1
1
1
0.999999
0.999999
0.999999
0.999999
0.999999
0.999999
0.999999
0.999999
0.999999
0.999999
0.999999
1
1
1
1
1
1
1
1
1
1
1
0.999999
0.999992
0.99996
0.999832
0.999419
0.998905
0.997738
0.996208
0.995917
0.996051
0.996473
0.997315
0.998075
0.998591
0.998799
0.998811
0.998747
0.998482
0.997467
0.993714
0.992169
0.992994
0.99435
0.992367
0.979936
0.956551
0.940248
0.929422
0.922207
0.91923
0.919082
0.920354
0.924724
0.938373
0.962446
0.977991
0.982937
0.982612
0.980844
0.981465
0.986908
0.994356
0.997894
0.999277
0.999753
0.999901
0.99994
0.999945
0.999941
0.999926
0.999909
0.999895
0.999884
0.999875
0.999867
0.999859
0.999854
0.999848
0.999839
0.999817
0.999761
0.999682
0.999611
0.999569
0.999559
0.999565
0.999611
0.999712
0.999779
0.999821
0.999848
0.999865
0.999874
0.999876
0.999875
0.99987
0.999844
0.999787
0.999746
0.999725
0.999718
0.999717
0.999721
0.999742
0.999771
0.999813
0.9998
1
1
1
1
1
1
1
1
1
1
1
1
1
1
1
1
1
1
1
1
1
1
1
1
1
1
1
1
1
1
1
1
1
1
1
1
1
1
1
1
1
1
1
1
1
1
1
1
1
1
1
1
1
1
1
1
1
1
1
1
1
1
1
1
1
1
1
1
1
1
1
1
1
1
1
1
1
1
1
1
1
1
1
1
1
1
1
1
1
1
1
1
0.999999
0.999991
0.999941
0.999712
0.998915
0.996667
0.994746
0.990961
0.9882
0.988081
0.988616
0.990274
0.993052
0.99533
0.996866
0.997597
0.997735
0.997667
0.997272
0.995031
0.991955
0.992112
0.994757
0.996089
0.994009
0.98198
0.960877
0.945916
0.936272
0.927647
0.922619
0.92134
0.92329
0.929582
0.947529
0.967969
0.978302
0.979788
0.978248
0.978452
0.982311
0.991476
0.996754
0.998875
0.999614
0.999842
0.999904
0.999914
0.999905
0.999872
0.999841
0.999817
0.999797
0.999779
0.999765
0.999749
0.999732
0.999717
0.999706
0.99969
0.999653
0.999554
0.999384
0.999224
0.999121
0.99909
0.999096
0.999163
0.999367
0.999524
0.999608
0.999653
0.99968
0.999694
0.999698
0.999697
0.999686
0.999634
0.999519
0.999435
0.99939
0.999375
0.999373
0.99938
0.999411
0.999467
0.999543
0.999502
1
1
1
1
1
1
1
1
1
1
1
1
1
1
1
1
1
1
1
1
1
1
1
1
1
1
1
1
1
1
1
1
1
1
1
1
1
1
1
1
1
1
1
1
1
1
1
1
1
1
1
1
1
1
1
1
1
1
1
1
1
1
1
1
1
1
1
1
1
1
1
1
1
1
1
1
1
1
1
1
1
1
1
1
1
1
1
1
1
1
1
0.999998
0.99999
0.999926
0.999548
0.997966
0.993523
0.985502
0.980936
0.975986
0.972573
0.972502
0.973381
0.976067
0.9831
0.989336
0.993201
0.995369
0.995955
0.99588
0.995066
0.991735
0.991184
0.993211
0.996194
0.996958
0.996189
0.989195
0.970526
0.953809
0.946047
0.939969
0.935892
0.933973
0.937422
0.94781
0.962645
0.971904
0.975899
0.975266
0.976303
0.980177
0.989769
0.996138
0.998668
0.999531
0.999785
0.99985
0.999859
0.99984
0.999756
0.999672
0.999618
0.999576
0.999538
0.9995
0.999473
0.99944
0.999387
0.999335
0.999303
0.999277
0.999221
0.999071
0.998729
0.998378
0.998144
0.998064
0.998072
0.99817
0.99854
0.998891
0.999064
0.999142
0.999182
0.999206
0.999218
0.999218
0.999193
0.999083
0.998873
0.998723
0.998645
0.998622
0.998622
0.99864
0.998701
0.9988
0.99894
0.99884
1
1
1
1
1
1
1
1
1
1
1
1
1
1
1
1
1
1
1
1
1
1
1
1
1
1
1
1
1
1
1
1
1
1
1
1
1
1
1
1
1
1
1
1
1
1
1
1
1
1
1
1
1
1
1
1
1
1
1
1
1
1
1
1
1
1
1
1
1
1
1
1
1
1
1
1
1
1
1
1
1
1
1
1
1
1
1
1
1
0.999999
0.999996
0.999986
0.999925
0.999506
0.997144
0.98853
0.977393
0.973492
0.971174
0.966307
0.962646
0.962515
0.963202
0.965085
0.969154
0.979131
0.987795
0.991524
0.992514
0.992465
0.990981
0.989913
0.991506
0.995203
0.996804
0.997501
0.997457
0.99539
0.986159
0.966891
0.95675
0.952731
0.9513
0.951889
0.955385
0.961611
0.967954
0.971798
0.97306
0.974826
0.978996
0.989267
0.996049
0.998647
0.999505
0.999734
0.99978
0.999778
0.999711
0.999405
0.999098
0.998949
0.998863
0.998781
0.998722
0.998671
0.998617
0.998553
0.998414
0.998241
0.998123
0.998065
0.997983
0.99777
0.997157
0.996386
0.995867
0.995679
0.995685
0.995846
0.996513
0.997198
0.997516
0.997648
0.997724
0.997775
0.997797
0.997795
0.997745
0.997542
0.997241
0.99705
0.996968
0.996962
0.996983
0.99709
0.997267
0.997429
0.997698
0.99749
1
1
1
1
1
1
1
1
1
1
1
1
1
1
1
1
1
1
1
1
1
1
1
1
1
1
1
1
1
1
1
1
1
1
1
1
1
1
1
1
1
1
1
1
1
1
1
1
1
1
1
1
1
1
1
1
1
1
1
1
1
1
1
1
1
1
1
1
1
1
1
1
1
1
1
1
1
1
1
1
1
1
1
1
1
1
1
0.999999
0.999997
0.999989
0.99997
0.999912
0.999619
0.99766
0.986939
0.973966
0.972188
0.971266
0.968175
0.960041
0.957298
0.95807
0.960072
0.961683
0.964363
0.97122
0.980466
0.987641
0.990346
0.98979
0.988308
0.989648
0.993775
0.995873
0.996982
0.997673
0.997925
0.9974
0.994555
0.984904
0.967769
0.960379
0.958353
0.958467
0.962121
0.965383
0.969175
0.971836
0.973833
0.978976
0.98949
0.99617
0.998678
0.999488
0.999677
0.999682
0.999504
0.998282
0.994845
0.994017
0.994145
0.994563
0.995412
0.995868
0.996178
0.996302
0.996264
0.996135
0.995836
0.995393
0.9951
0.994979
0.994834
0.994449
0.993313
0.991884
0.990942
0.990608
0.990614
0.990853
0.991879
0.992999
0.993494
0.99372
0.993919
0.99408
0.994142
0.994139
0.994012
0.993655
0.993431
0.993389
0.99342
0.993548
0.993917
0.994487
0.994742
0.995114
0.995594
0.995152
1
1
1
1
1
1
1
1
1
1
1
1
1
1
1
1
1
1
1
1
1
1
1
1
1
1
1
1
1
1
1
1
1
1
1
1
1
1
1
1
1
1
1
1
1
1
1
1
1
1
1
1
1
1
1
1
1
1
1
1
1
1
1
1
1
1
1
1
1
1
1
1
1
1
1
1
1
1
1
1
1
1
1
1
1
0.999999
0.999997
0.99999
0.999967
0.999907
0.99981
0.999563
0.998499
0.991501
0.972341
0.970056
0.971357
0.970512
0.964195
0.955753
0.9528
0.953839
0.958375
0.961368
0.964875
0.969799
0.97723
0.98405
0.986366
0.986788
0.988624
0.992365
0.994641
0.99602
0.996995
0.997697
0.998077
0.998136
0.997485
0.994904
0.987847
0.974108
0.967911
0.965915
0.966188
0.969009
0.971688
0.974891
0.981584
0.991226
0.996642
0.998785
0.999471
0.999607
0.999505
0.997933
0.989601
0.95933
0.950751
0.954008
0.963589
0.974924
0.982326
0.986379
0.988548
0.989841
0.98994
0.989772
0.98924
0.988241
0.987647
0.987422
0.987059
0.985988
0.983724
0.981601
0.980316
0.979932
0.979977
0.980385
0.981915
0.983279
0.983975
0.984544
0.985133
0.985571
0.985739
0.985742
0.985431
0.985039
0.985037
0.985252
0.986087
0.987941
0.989439
0.990488
0.991113
0.992177
0.992548
0.990881
1
1
1
1
1
1
1
1
1
1
1
1
1
1
1
1
1
1
1
1
1
1
1
1
1
1
1
1
1
1
1
1
1
1
1
1
1
1
1
1
1
1
1
1
1
1
1
1
1
1
1
1
1
1
1
1
1
1
1
1
1
1
1
1
1
1
1
1
1
1
1
1
1
1
1
1
1
1
1
1
1
1
0.999999
0.999998
0.999995
0.999986
0.999965
0.999909
0.99972
0.99933
0.998981
0.998226
0.995237
0.978155
0.966635
0.96886
0.971221
0.969522
0.962917
0.9551
0.952257
0.952581
0.95661
0.961689
0.96582
0.970654
0.978002
0.983819
0.985416
0.987176
0.990574
0.992912
0.994364
0.99546
0.996504
0.997451
0.998063
0.9983
0.998338
0.997801
0.99584
0.991563
0.984829
0.979812
0.977833
0.978495
0.981538
0.987409
0.993781
0.997363
0.998944
0.999449
0.999539
0.999344
0.996313
0.97454
0.902277
0.846045
0.840708
0.848054
0.870256
0.910236
0.940053
0.958876
0.968668
0.973861
0.97448
0.973994
0.972181
0.969899
0.968713
0.96777
0.966204
0.963853
0.961302
0.959408
0.958603
0.958547
0.958868
0.960362
0.962206
0.963756
0.965607
0.967079
0.967698
0.96806
0.96838
0.96873
0.969498
0.971616
0.974329
0.977386
0.981109
0.983849
0.985168
0.986973
0.988164
0.988228
0.987403
0.976685
1
1
1
1
1
1
1
1
1
1
1
1
1
1
1
1
1
1
1
1
1
1
1
1
1
1
1
1
1
1
1
1
1
1
1
1
1
1
1
1
1
1
1
1
1
1
1
1
1
1
1
1
1
1
1
1
1
1
1
1
1
1
1
1
1
1
1
1
1
1
1
1
1
1
1
1
1
1
1
0.999999
0.999998
0.999996
0.99999
0.999978
0.999943
0.999867
0.999702
0.999297
0.998166
0.996438
0.995524
0.994118
0.986677
0.967059
0.963504
0.968301
0.970114
0.969375
0.966592
0.958881
0.955875
0.955828
0.958632
0.963158
0.967382
0.973112
0.980725
0.984073
0.985134
0.987047
0.989075
0.990215
0.991452
0.992879
0.994554
0.996213
0.997484
0.998203
0.998485
0.998552
0.998253
0.99724
0.995184
0.992831
0.99178
0.991914
0.993778
0.996338
0.998171
0.99909
0.99941
0.999463
0.999263
0.996522
0.966186
0.853605
0.806536
0.800836
0.800862
0.80461
0.81541
0.840787
0.880319
0.909345
0.926064
0.936381
0.941411
0.941592
0.941041
0.93983
0.93833
0.93526
0.931271
0.927803
0.925633
0.924723
0.924632
0.925157
0.927288
0.930411
0.933203
0.936075
0.939492
0.942753
0.945674
0.949437
0.953853
0.958133
0.963328
0.969171
0.973257
0.976697
0.980732
0.983003
0.982991
0.982224
0.979955
0.975128
0.963083
0.90093
1
1
1
1
1
1
1
1
1
1
1
1
1
1
1
1
1
1
1
1
1
1
1
1
1
1
1
1
1
1
1
1
1
1
1
1
1
1
1
1
1
1
1
1
1
1
1
1
1
1
1
1
1
1
1
1
1
1
1
1
1
1
1
1
1
1
1
1
1
1
1
1
1
1
1
0.999999
0.999998
0.999997
0.999993
0.999987
0.999976
0.999945
0.999884
0.999774
0.999462
0.998934
0.997973
0.995558
0.990152
0.986236
0.985655
0.984308
0.973212
0.960073
0.95921
0.964327
0.968552
0.969851
0.969827
0.967439
0.961824
0.960086
0.962528
0.966576
0.971879
0.978832
0.982153
0.983466
0.982551
0.980513
0.978242
0.979214
0.982007
0.98507
0.988621
0.992191
0.995043
0.996985
0.998112
0.998599
0.998725
0.998728
0.998414
0.997841
0.997516
0.997587
0.998182
0.998823
0.999183
0.999331
0.999347
0.999113
0.997273
0.975212
0.841453
0.778073
0.787138
0.799358
0.80132
0.80262
0.806158
0.816799
0.843668
0.867289
0.887663
0.903235
0.90852
0.908439
0.906998
0.902265
0.896451
0.894138
0.894126
0.894562
0.895919
0.899631
0.90328
0.907479
0.913146
0.918656
0.923011
0.927419
0.932614
0.938004
0.943701
0.950681
0.958033
0.963605
0.967766
0.972404
0.975885
0.976534
0.975475
0.97003
0.949932
0.93161
0.912309
0.870137
0.801819
0.595892
1
1
1
1
1
1
1
1
1
1
1
1
1
1
1
1
1
1
1
1
1
1
1
1
1
1
1
1
1
1
1
1
1
1
1
1
1
1
1
1
1
1
1
1
1
1
1
1
1
1
1
1
1
1
1
1
1
1
1
1
1
1
1
1
1
1
1
1
1
1
1
0.999999
0.999997
0.999993
0.999987
0.999974
0.99996
0.999935
0.999891
0.999845
0.999741
0.999405
0.998885
0.998204
0.996141
0.993483
0.989064
0.97502
0.966707
0.965736
0.959339
0.954692
0.950713
0.948907
0.949145
0.954376
0.963277
0.968646
0.970317
0.970905
0.970579
0.969925
0.970558
0.97417
0.97789
0.979798
0.980753
0.977455
0.963587
0.949897
0.944894
0.95063
0.957865
0.964269
0.971744
0.979909
0.986866
0.991837
0.995336
0.997538
0.998524
0.998844
0.998918
0.998923
0.998883
0.998928
0.999042
0.999129
0.999172
0.999095
0.998732
0.997384
0.986692
0.887226
0.745937
0.748454
0.798133
0.810211
0.807216
0.80474
0.806453
0.813103
0.830673
0.852521
0.874225
0.886098
0.887458
0.885067
0.875179
0.869286
0.869222
0.872203
0.880074
0.885202
0.889241
0.895697
0.904887
0.915062
0.925041
0.933123
0.940073
0.94732
0.953249
0.956558
0.957398
0.957023
0.956481
0.955693
0.952165
0.946065
0.937715
0.919384
0.869982
0.752355
0.652288
0.600859
0.505701
0.332013
0.21261
0.0653509
1
1
1
1
1
1
1
1
1
1
1
1
1
1
1
1
1
1
1
1
1
1
1
1
1
1
1
1
1
1
1
1
1
1
1
1
1
1
1
1
1
1
1
1
1
1
1
1
1
1
1
1
1
1
1
1
1
1
1
1
1
1
1
1
1
1
1
1
0.999999
0.999996
0.999986
0.999956
0.999912
0.999817
0.999719
0.999566
0.999388
0.999134
0.998907
0.998612
0.997812
0.994729
0.991992
0.989015
0.978416
0.969911
0.952696
0.922587
0.919834
0.922367
0.922837
0.926708
0.938886
0.941379
0.939856
0.940062
0.950329
0.964236
0.969328
0.971274
0.972834
0.974136
0.975204
0.976541
0.977172
0.976971
0.97157
0.953896
0.941539
0.934331
0.924336
0.915195
0.91212
0.917722
0.929095
0.944785
0.960239
0.972738
0.982611
0.990651
0.995615
0.997774
0.998514
0.99873
0.998785
0.998811
0.998794
0.998676
0.99838
0.997765
0.996263
0.989422
0.938508
0.73884
0.666868
0.723768
0.801198
0.814596
0.809592
0.807824
0.809023
0.815747
0.833846
0.85765
0.872578
0.874233
0.864015
0.820622
0.801181
0.805065
0.829216
0.873903
0.910648
0.935919
0.946137
0.947642
0.944279
0.92556
0.897233
0.880419
0.874544
0.870029
0.855206
0.812976
0.764601
0.731346
0.715143
0.704375
0.681637
0.616745
0.436278
0.262988
0.148177
0.0785734
0.0387904
0.018373
0.00801136
0.00337371
0.0015194
-0.0037889
1
1
1
1
1
1
1
1
1
1
1
1
1
1
1
1
1
1
1
1
1
1
1
1
1
1
1
1
1
1
1
1
1
1
1
1
1
1
1
1
1
1
1
1
1
1
1
1
1
1
1
1
1
1
1
1
1
1
1
1
1
1
1
1
1
1
1
0.999994
0.999954
0.999799
0.999455
0.99875
0.99794
0.996993
0.995895
0.994954
0.993486
0.992589
0.992096
0.990915
0.984423
0.9593
0.95515
0.948875
0.899072
0.884124
0.900486
0.901074
0.894328
0.893919
0.897619
0.908303
0.929892
0.936678
0.936504
0.934081
0.935005
0.952676
0.964824
0.968327
0.971025
0.97244
0.973126
0.973305
0.971132
0.964571
0.950986
0.943672
0.940255
0.937871
0.933084
0.916429
0.876791
0.845214
0.840305
0.858106
0.88274
0.906049
0.927907
0.950769
0.972938
0.9872
0.993894
0.996259
0.996608
0.996589
0.996201
0.99533
0.99368
0.990147
0.979294
0.934096
0.756249
0.581686
0.556727
0.644396
0.76666
0.815393
0.82422
0.822655
0.825626
0.835782
0.851776
0.859737
0.854598
0.793182
0.614245
0.543038
0.555399
0.672497
0.829006
0.895504
0.900275
0.842433
0.622278
0.404067
0.260714
0.168203
0.107206
0.0665097
0.0395921
0.0222858
0.0116568
0.00557831
0.00254813
0.00155653
0.00114111
0.000811635
0.000563042
0.000378787
0.000245042
0.000152016
9.01115e-05
5.10506e-05
2.75074e-05
1.41938e-05
6.89189e-06
3.23467e-06
1.36219e-06
3.90676e-07
1
1
1
1
1
1
1
1
1
1
1
1
1
1
1
1
1
1
1
1
1
1
1
1
1
1
1
1
1
1
1
1
1
1
1
1
1
1
1
1
1
1
1
1
1
1
1
1
1
1
1
1
1
1
1
1
1
1
1
1
1
1
1
1
1
0.999999
0.999972
0.99962
0.997574
0.992211
0.984402
0.978918
0.972441
0.968317
0.965463
0.959866
0.957068
0.957677
0.962858
0.955922
0.868921
0.829164
0.855472
0.862915
0.848552
0.850881
0.859484
0.856615
0.851609
0.853862
0.858667
0.869087
0.895213
0.915218
0.925158
0.928329
0.930521
0.939934
0.957787
0.960788
0.962749
0.964646
0.965331
0.962834
0.957319
0.948328
0.941289
0.938192
0.937316
0.935908
0.932473
0.92238
0.888529
0.800739
0.724078
0.693393
0.699032
0.714361
0.731744
0.760867
0.809533
0.865096
0.909961
0.93244
0.940178
0.940293
0.933717
0.918062
0.890133
0.840177
0.745778
0.583554
0.427851
0.364786
0.358393
0.427187
0.576673
0.713326
0.789906
0.811197
0.809186
0.796594
0.748013
0.589281
0.327178
0.144777
0.0777721
0.0552448
0.0452733
0.036845
0.0264114
0.0144019
0.00556618
0.00162139
0.00038809
0.000161794
7.40752e-05
3.67167e-05
1.9266e-05
1.04016e-05
5.62407e-06
2.98795e-06
1.54693e-06
7.86379e-07
4.05533e-07
2.21895e-07
1.28581e-07
7.72214e-08
4.70301e-08
2.85263e-08
1.69908e-08
9.85252e-09
5.52089e-09
2.98136e-09
1.5429e-09
7.67258e-10
3.60244e-10
1.63146e-10
4.87525e-11
1.21383e-10
1
1
1
1
1
1
1
1
1
1
1
1
1
1
1
1
1
1
1
1
1
1
1
1
1
1
1
1
1
1
1
1
1
1
1
1
1
1
1
1
1
1
1
1
1
1
1
1
1
1
1
1
1
1
1
1
1
1
1
1
1
1
1
1
0.999997
0.999936
0.998917
0.988042
0.933963
0.893703
0.889547
0.896928
0.905574
0.910567
0.914183
0.917024
0.918456
0.917111
0.906733
0.860164
0.815246
0.799324
0.798062
0.796727
0.79296
0.798722
0.815326
0.824269
0.830002
0.835696
0.843546
0.859313
0.883247
0.908755
0.925721
0.930411
0.931258
0.936484
0.95486
0.957748
0.953231
0.949532
0.945962
0.940284
0.931599
0.923369
0.920807
0.920377
0.92045
0.91949
0.915934
0.903735
0.866691
0.784615
0.691468
0.615016
0.567739
0.53331
0.493114
0.4532
0.442074
0.442807
0.454581
0.474474
0.482991
0.483515
0.466405
0.431671
0.386302
0.334449
0.287302
0.257806
0.238809
0.229501
0.228842
0.242183
0.262814
0.282342
0.298713
0.317964
0.290806
0.213625
0.111939
0.0351196
0.007836
0.0010295
0.000309877
0.000180104
0.000117097
6.65872e-05
3.21516e-05
1.2368e-05
3.41315e-06
5.75631e-07
5.09828e-08
7.64209e-09
2.79291e-09
1.40643e-09
7.53889e-10
4.06403e-10
2.16685e-10
1.13836e-10
5.93305e-11
3.12363e-11
1.69928e-11
9.63572e-12
5.63125e-12
3.3384e-12
1.97864e-12
1.15913e-12
6.65395e-13
3.7217e-13
2.01856e-13
1.05886e-13
5.34628e-14
2.59389e-14
1.19283e-14
5.23715e-15
1.65212e-15
-2.15946e-12
2.73733e-11
3.32854e-11
2.60072e-11
1.47672e-11
6.34088e-12
2.47304e-12
8.92136e-13
3.00948e-13
9.57178e-14
2.87764e-14
8.17713e-15
2.18143e-15
5.46004e-16
1.26378e-16
2.71988e-17
5.17278e-18
8.56411e-19
2.02557e-19
4.51786e-20
9.69511e-21
2.021e-21
4.08044e-22
7.98333e-23
1.52274e-23
5.03118e-24
9.47185e-10
1.03698e-09
8.61605e-10
5.42036e-10
2.73121e-10
1.25395e-10
5.35463e-11
2.14806e-11
8.14978e-12
2.93574e-12
1.0058e-12
3.27661e-13
1.01531e-13
2.98834e-14
8.36252e-15
2.22037e-15
5.62038e-16
1.35068e-16
3.11341e-17
6.82274e-18
1.451e-18
2.98124e-19
6.03099e-20
1.18e-20
2.28043e-21
2.48949e-08
2.15395e-08
1.50021e-08
8.55888e-09
4.41064e-09
2.10319e-09
9.41619e-10
3.98824e-10
1.60592e-10
6.16431e-11
2.25873e-11
7.90298e-12
2.64138e-12
8.43091e-13
2.57188e-13
7.49881e-14
2.09511e-14
5.61009e-15
1.44618e-15
3.58712e-16
8.62348e-17
2.00303e-17
4.5572e-18
1.01133e-18
1.94206e-19
3.89797e-07
2.59239e-07
1.55167e-07
8.50804e-08
4.32302e-08
2.0601e-08
9.29326e-09
3.99005e-09
1.63559e-09
6.41215e-10
2.40561e-10
8.63606e-11
2.96665e-11
9.74773e-12
3.06481e-12
9.22301e-13
2.66167e-13
7.37176e-14
1.96618e-14
5.05298e-15
1.25802e-15
3.03021e-16
7.12975e-17
1.63842e-17
3.20123e-18
3.13402e-06
1.9389e-06
1.11114e-06
5.95303e-07
2.99865e-07
1.429e-07
6.48065e-08
2.80774e-08
1.16453e-08
4.62799e-09
1.76248e-09
6.42902e-10
2.24536e-10
7.50365e-11
2.3997e-11
7.3457e-12
2.15578e-12
6.07137e-13
1.64592e-13
4.29928e-14
1.08722e-14
2.66047e-15
6.35225e-16
1.48281e-16
2.92214e-17
1.77786e-05
1.06408e-05
5.98104e-06
3.17596e-06
1.59882e-06
7.65763e-07
3.50255e-07
1.53409e-07
6.4432e-08
2.59597e-08
1.00303e-08
3.7137e-09
1.31668e-09
4.46659e-10
1.44964e-10
4.50206e-11
1.33981e-11
3.82494e-12
1.0505e-12
2.77901e-13
7.11266e-14
1.76117e-14
4.25106e-15
1.0037e-15
1.99127e-16
7.79821e-05
4.59611e-05
2.56555e-05
1.36138e-05
6.88425e-06
3.32488e-06
1.53733e-06
6.81781e-07
2.90268e-07
1.1864e-07
4.65238e-08
1.7486e-08
6.29305e-09
2.1666e-09
7.13411e-10
2.24702e-10
6.77855e-11
1.96078e-11
5.45341e-12
1.46038e-12
3.78134e-13
9.47002e-14
2.31003e-14
5.51404e-15
1.10175e-15
0.000277221
0.000162536
9.07742e-05
4.83919e-05
2.46688e-05
1.2043e-05
5.63893e-06
2.53548e-06
1.09534e-06
4.54497e-07
1.80985e-07
6.90786e-08
2.52425e-08
8.82173e-09
2.94756e-09
9.41689e-10
2.88012e-10
8.44299e-11
2.37855e-11
6.44952e-12
1.69002e-12
4.2821e-13
1.05596e-13
2.54874e-14
5.13107e-15
0.000825021
0.000484444
0.000272048
0.00014625
7.53592e-05
3.72582e-05
1.76919e-05
8.07455e-06
3.54264e-06
1.49338e-06
6.04208e-07
2.34293e-07
8.69582e-08
3.08566e-08
1.04638e-08
3.39136e-09
1.05172e-09
3.12474e-10
8.91742e-11
2.44844e-11
6.49316e-12
1.66458e-12
4.15011e-13
1.01296e-13
2.05566e-14
0.00210988
0.00124669
0.000706433
0.00038401
0.000200415
0.000100499
4.84517e-05
2.24665e-05
1.00183e-05
4.29304e-06
1.76563e-06
6.95838e-07
2.62392e-07
9.45571e-08
3.25484e-08
1.07026e-08
3.36568e-09
1.01355e-09
2.93035e-10
8.1481e-11
2.18724e-11
5.6741e-12
1.43055e-12
3.53148e-13
7.22593e-14
0.00474439
0.00282986
0.00162196
0.000893251
0.000472897
0.000240793
0.000117969
5.56149e-05
2.5221e-05
1.09918e-05
4.59713e-06
1.84186e-06
7.05782e-07
2.58324e-07
9.02624e-08
3.01117e-08
9.60168e-09
2.93049e-09
8.58252e-10
2.41644e-10
6.56481e-11
1.72305e-11
4.39228e-12
1.09643e-12
2.26228e-13
0.00955146
0.00576975
0.00335298
0.00187405
0.00100769
0.000521492
0.000259807
0.000124596
5.74878e-05
2.54898e-05
1.08435e-05
4.41725e-06
1.72009e-06
6.39385e-07
2.26748e-07
7.67263e-08
2.48011e-08
7.66925e-09
2.27457e-09
6.48277e-10
1.782e-10
4.73112e-11
1.21919e-11
3.07703e-12
6.40183e-13
0.0175657
0.010764
0.00635082
0.00360649
0.00197149
0.00103773
0.00052603
0.000256734
0.000120556
5.43934e-05
2.35379e-05
9.74866e-06
3.85704e-06
1.45567e-06
5.23749e-07
1.79681e-07
5.88476e-08
1.8428e-08
5.53185e-09
1.59516e-09
4.43434e-10
1.19025e-10
3.09918e-11
7.90403e-12
1.65771e-12
0.0300562
0.0187086
0.0112175
0.0064764
0.00360071
0.00192824
0.000994692
0.000494116
0.000236153
0.00010842
4.77198e-05
2.00894e-05
8.07282e-06
3.09185e-06
1.12797e-06
3.9207e-07
1.30011e-07
4.11976e-08
1.25079e-08
3.64647e-09
1.02439e-09
2.77804e-10
7.3044e-11
1.88138e-11
3.97611e-12
0.0485698
0.0307408
0.0187451
0.0110086
0.00622705
0.00339338
0.00178159
0.000900789
0.000438143
0.000204654
9.15895e-05
3.91753e-05
1.59798e-05
6.20639e-06
2.29394e-06
8.07135e-07
2.70735e-07
8.67292e-08
2.66067e-08
7.83484e-09
2.22233e-09
6.08376e-10
1.614e-10
4.19495e-11
8.92825e-12
0.0750156
0.0483209
0.0299853
0.0179204
0.0103159
0.00572138
0.00305742
0.00157343
0.000778818
0.000370036
0.000168331
7.31162e-05
3.02536e-05
1.19058e-05
4.45394e-06
1.5847e-06
5.37083e-07
1.73739e-07
5.37951e-08
1.59828e-08
4.57254e-09
1.26232e-09
3.37581e-10
8.84585e-11
1.89472e-11
0.111767
0.0733285
0.0463315
0.0281869
0.0165156
0.0093235
0.00507147
0.00265647
0.00133803
0.000646569
0.000298887
0.000131779
5.52766e-05
2.20234e-05
8.33102e-06
2.99409e-06
1.02411e-06
3.34116e-07
1.04282e-07
3.12205e-08
8.99748e-09
2.50175e-09
6.73624e-10
1.77747e-10
3.82798e-11
0.161493
0.108006
0.0695211
0.0430694
0.0256923
0.0147656
0.00817673
0.00436017
0.0022351
0.00109854
0.000516011
0.000230882
9.81394e-05
3.95634e-05
1.5122e-05
5.4847e-06
1.89139e-06
6.21657e-07
1.95357e-07
5.88635e-08
1.70673e-08
4.77366e-09
1.29254e-09
3.43005e-10
7.41958e-11
0.227093
0.154928
0.101638
0.0641373
0.0389608
0.0228005
0.012858
0.00698229
0.00364403
0.00182226
0.000869941
0.000395037
0.000170135
6.93779e-05
2.67817e-05
9.79725e-06
3.40388e-06
1.12621e-06
3.56026e-07
1.07865e-07
3.14345e-08
8.83493e-09
2.40301e-09
6.40602e-10
1.39047e-10
0.311183
0.216682
0.144929
0.0931798
0.057654
0.0343683
0.0197462
0.0109257
0.00580882
0.00295714
0.00143547
0.000661741
0.000288801
0.00011912
4.64324e-05
1.71268e-05
5.99269e-06
1.995e-06
6.34108e-07
1.93062e-07
5.65143e-08
1.59506e-08
4.35495e-09
1.16536e-09
2.53656e-10
0.415181
0.295228
0.201401
0.131973
0.0832092
0.0505559
0.0296167
0.0167131
0.00906101
0.00470022
0.00232169
0.00108709
0.000480888
0.000200636
7.89618e-05
2.93609e-05
1.03434e-05
3.46353e-06
1.10649e-06
3.38413e-07
9.94651e-08
2.81787e-08
7.7194e-09
2.07248e-09
4.52164e-10
0.538772
0.391506
0.272581
0.182169
0.117141
0.0726214
0.0434374
0.0250381
0.0138634
0.00733761
0.00369186
0.00175687
0.000787933
0.000332507
0.000132088
4.94931e-05
1.7547e-05
5.9075e-06
1.89607e-06
5.82309e-07
1.71782e-07
4.88319e-08
1.34175e-08
3.61284e-09
7.89854e-10
0.678911
0.505084
0.359294
0.245221
0.16108
0.102095
0.0624926
0.0368832
0.0209042
0.0113102
0.00580382
0.00280873
0.00127715
0.000544907
0.000218343
8.23745e-05
2.9366e-05
9.93199e-06
3.20028e-06
9.86271e-07
2.91855e-07
8.32048e-08
2.29207e-08
6.18728e-09
1.35505e-09
0.828325
0.633813
0.461727
0.322582
0.217049
0.141094
0.0886894
0.0537845
0.0313006
0.0173529
0.0090949
0.00447828
0.00206392
0.000889527
0.00035908
0.000136208
4.87557e-05
1.65428e-05
5.34457e-06
1.65097e-06
4.89584e-07
1.39859e-07
3.85977e-08
1.04386e-08
2.28903e-09
0.929284
0.77454
0.579415
0.415915
0.287841
0.192791
0.125049
0.0782777
0.0469547
0.0267455
0.0143379
0.00718527
0.00335435
0.00145851
0.000592154
0.000225423
8.08641e-05
2.74738e-05
8.88398e-06
2.74631e-06
8.1493e-07
2.3297e-07
6.43384e-08
1.74149e-08
3.82076e-09
0.971522
0.898305
0.710959
0.527165
0.377317
0.261897
0.176293
0.114487
0.0710605
0.0416908
0.0228875
0.0116749
0.00551705
0.00241718
0.000985454
0.000375807
0.000134843
4.57854e-05
1.47901e-05
4.56702e-06
1.35374e-06
3.8667e-07
1.06703e-07
2.88678e-08
6.33005e-09
0.989011
0.960079
0.851341
0.658191
0.49011
0.354671
0.249133
0.168589
0.108609
0.0657504
0.0369941
0.0192105
0.00918621
0.00405291
0.00165777
0.000632648
0.000226779
7.68521e-05
2.47645e-05
7.62715e-06
2.25498e-06
6.42574e-07
1.7693e-07
4.77766e-08
1.04586e-08
0.996481
0.987031
0.950846
0.824077
0.64405
0.489977
0.361791
0.256604
0.172315
0.107962
0.0623849
0.0330265
0.0159976
0.00711248
0.00292007
0.00111534
0.000399363
0.00013502
4.33729e-05
1.33121e-05
3.92156e-06
1.11358e-06
3.0557e-07
8.22528e-08
1.79548e-08
0.999173
0.996957
0.988614
0.957545
0.851605
0.689133
0.53786
0.40157
0.281953
0.183266
0.10899
0.0589477
0.028986
0.0130145
0.00537405
0.00205817
0.000737261
0.000248954
7.97829e-05
2.44108e-05
7.16509e-06
2.02683e-06
5.53952e-07
1.48519e-07
3.23021e-08
0.99984
0.999422
0.997926
0.992676
0.974838
0.916996
0.780163
0.614353
0.450633
0.303917
0.186216
0.103086
0.0515872
0.0234604
0.00977469
0.0037658
0.00135372
0.00045787
0.000146756
4.48571e-05
1.31411e-05
3.7077e-06
1.01018e-06
2.69892e-07
5.84972e-08
0.999973
0.999901
0.999653
0.998822
0.996123
0.987533
0.960384
0.874893
0.68386
0.479106
0.302978
0.172111
0.0879287
0.0406462
0.0171526
0.00667366
0.00241699
0.000821977
0.000264455
8.10216e-05
2.37616e-05
6.70481e-06
1.82523e-06
4.86904e-07
1.05319e-07
0.999996
0.999983
0.999941
0.999799
0.999329
0.997789
0.992632
0.974781
0.911075
0.710613
0.464184
0.271445
0.142084
0.0670102
0.0287501
0.01134
0.00415366
0.00142572
0.000462139
0.000142425
4.19573e-05
1.18776e-05
3.24019e-06
8.65372e-07
1.87209e-07
0.999999
0.999997
0.99999
0.999964
0.999874
0.999555
0.998366
0.993758
0.975442
0.902147
0.664173
0.401006
0.215943
0.104299
0.0456563
0.0183188
0.00680883
0.00236668
0.000775448
0.000241178
7.1596e-05
2.03967e-05
5.59247e-06
1.49969e-06
3.25272e-07
1
1
0.999998
0.999993
0.999975
0.999901
0.999585
0.998185
0.991932
0.964421
0.84691
0.552358
0.307863
0.152879
0.068492
0.0280325
0.0106008
0.00374094
0.00124218
0.000390895
0.000117237
3.36983e-05
9.31051e-06
2.51344e-06
5.47802e-07
1
1
1
0.999999
0.999995
0.999975
0.999879
0.999392
0.996958
0.985202
0.931165
0.714543
0.413398
0.211485
0.0971724
0.040642
0.0156631
0.0056211
0.00189475
0.000604335
0.000183455
5.33042e-05
1.48695e-05
4.04924e-06
8.88472e-07
1
1
1
1
0.999999
0.999993
0.999959
0.999769
0.998713
0.993164
0.965754
0.840324
0.525016
0.27766
0.130984
0.0560159
0.0220135
0.00803914
0.00275294
0.000890744
0.000273961
8.05557e-05
2.27163e-05
6.24881e-06
1.38215e-06
1
1
1
1
1
0.999998
0.999984
0.999901
0.999399
0.996554
0.981545
0.908834
0.642574
0.348918
0.168756
0.0737569
0.029545
0.0109767
0.00381835
0.00125343
0.000390687
0.000116303
3.31729e-05
9.22434e-06
2.05831e-06
1
1
1
1
1
0.999999
0.999993
0.999953
0.999694
0.998121
0.989251
0.94399
0.744247
0.421488
0.208999
0.0932398
0.0380302
0.0143615
0.00507128
0.00168804
0.000533038
0.000160618
4.6338e-05
1.30273e-05
2.93343e-06
0.999999
0.999999
1
1
1
0.999999
0.999996
0.999975
0.999831
0.998893
0.993303
0.96335
0.822096
0.490973
0.249744
0.113611
0.0471203
0.0180649
0.00646869
0.00218146
0.000697369
0.000212587
6.20094e-05
1.76207e-05
4.00359e-06
0.999998
0.999998
0.999999
0.999999
0.999999
0.999999
0.999997
0.999985
0.999899
0.999307
0.995587
0.97465
0.871944
0.559238
0.289071
0.133788
0.0563367
0.0218976
0.00794239
0.00271106
0.000876723
0.000270213
7.9653e-05
2.28709e-05
5.24268e-06
0.999994
0.999996
0.999997
0.999997
0.999997
0.999997
0.999996
0.999988
0.999932
0.999534
0.996899
0.981355
0.902185
0.617957
0.32448
0.152338
0.0650027
0.0255794
0.00938675
0.00323998
0.00105905
0.000329786
9.81867e-05
2.8473e-05
6.58276e-06
0.999982
0.999987
0.99999
0.999992
0.999992
0.999992
0.999991
0.999985
0.999943
0.999643
0.997574
0.984897
0.918566
0.658518
0.351446
0.167112
0.072176
0.0287319
0.0106614
0.00371953
0.00122842
0.00038634
0.000116135
3.4003e-05
7.92715e-06
0.999947
0.999962
0.999972
0.999976
0.999977
0.999977
0.999976
0.99997
0.999935
0.999679
0.997869
0.986448
0.925432
0.676628
0.363671
0.173893
0.0755956
0.0303273
0.0113538
0.00400009
0.00133499
0.00042444
0.000129002
3.81986e-05
8.99436e-06
0.999855
0.999892
0.999918
0.999933
0.999938
0.999938
0.999936
0.99993
0.999896
0.99966
0.997941
0.986902
0.927368
0.681812
0.367233
0.175875
0.0765916
0.0307913
0.0115571
0.00408479
0.00136863
0.000437215
0.000133643
3.98424e-05
9.44621e-06
0.999632
0.999722
0.999779
0.999816
0.999837
0.999843
0.999842
0.999835
0.999796
0.999535
0.997682
0.985884
0.922862
0.669956
0.360423
0.172922
0.0754906
0.0304254
0.0114468
0.00405464
0.00136131
0.00043575
0.000133464
3.98795e-05
9.4767e-06
0.999131
0.99933
0.999451
0.999534
0.999598
0.999629
0.999631
0.999621
0.999562
0.999196
0.996745
0.981848
0.905296
0.628461
0.336224
0.161589
0.0708243
0.0286875
0.0108492
0.00386241
0.0013028
0.00041878
0.000128752
3.86036e-05
9.20167e-06
0.998092
0.998492
0.998741
0.998938
0.999096
0.999162
0.999164
0.999137
0.999008
0.998326
0.994259
0.971533
0.861836
0.550842
0.292787
0.140479
0.0617073
0.0251153
0.00955683
0.00342562
0.00116352
0.000376614
0.000116556
3.51759e-05
8.43485e-06
0.996198
0.996875
0.997365
0.997797
0.998051
0.998099
0.998077
0.99795
0.997522
0.995765
0.986956
0.943214
0.752863
0.442203
0.230746
0.109596
0.0479765
0.0195465
0.00746686
0.0026926
0.000921118
0.00030058
9.38102e-05
2.85654e-05
6.91046e-06
0.992438
0.993479
0.994452
0.99509
0.995208
0.995149
0.994848
0.994089
0.99221
0.986218
0.961475
0.853393
0.561153
0.314022
0.159192
0.0740791
0.0319738
0.0129086
0.0049044
0.00176444
0.00060343
0.000197275
6.17563e-05
1.88939e-05
4.60223e-06
0.979742
0.982249
0.98446
0.984902
0.984684
0.98338
0.980971
0.977266
0.968599
0.942729
0.845138
0.578107
0.335423
0.175593
0.0841271
0.0373726
0.0155351
0.00608748
0.0022583
0.000797587
0.000268675
8.68443e-05
2.69356e-05
8.1848e-06
1.99318e-06
0.917947
0.932242
0.940605
0.941048
0.93888
0.930948
0.920185
0.898537
0.842448
0.6726
0.438569
0.253917
0.132546
0.0632853
0.0280321
0.0116542
0.00457905
0.00170955
0.000607807
0.000206733
6.73003e-05
2.11066e-05
6.36242e-06
1.884e-06
4.5344e-07
0.649026
0.724523
0.745838
0.741163
0.720247
0.678906
0.609861
0.494893
0.353108
0.223618
0.127733
0.0659667
0.0310081
0.0134441
0.00545756
0.00209484
0.000764459
0.000266424
8.8835e-05
2.84893e-05
8.75822e-06
2.60612e-06
7.45428e-07
2.10054e-07
4.94546e-08
0.116481
0.218534
0.264035
0.260935
0.246298
0.216517
0.171481
0.120382
0.0751074
0.0419884
0.0211452
0.00963435
0.0040058
0.00154203
0.000558508
0.000192612
6.36131e-05
2.01986e-05
6.1535e-06
1.80838e-06
5.0877e-07
1.39147e-07
3.64854e-08
9.48479e-09
2.19942e-09
0.00954714
0.0397198
0.0573096
0.0565864
0.0524321
0.0428831
0.029155
0.0173028
0.00907665
0.00426148
0.00180559
0.000693678
0.000243558
7.93924e-05
2.44956e-05
7.23992e-06
2.063e-06
5.67645e-07
1.50214e-07
3.84325e-08
9.3759e-09
2.2453e-09
5.1175e-10
1.19085e-10
3.07977e-11
0.00089367
0.00551035
0.00860106
0.00822964
0.00710234
0.00479752
0.00261707
0.00121503
0.000490591
0.000176337
5.72736e-05
1.68828e-05
4.58276e-06
1.16773e-06
2.82847e-07
6.55926e-08
1.46551e-08
3.17415e-09
6.71955e-10
1.37449e-10
2.54455e-11
5.5945e-12
1.60584e-12
4.87735e-13
2.16631e-13
7.81659e-05
0.000618218
0.000759058
0.000661746
0.000450928
0.000213028
7.86635e-05
2.32111e-05
5.87458e-06
1.3499e-06
2.81415e-07
5.36958e-08
9.54077e-09
1.40757e-09
3.44448e-10
8.15794e-11
1.87874e-11
4.20781e-12
9.7286e-13
2.07402e-13
4.52878e-14
9.21133e-15
2.10215e-15
5.65359e-16
5.53975e-16
4.17198e-06
2.89684e-05
2.31442e-05
1.33728e-05
5.1e-06
1.21343e-06
1.61562e-07
1.68344e-08
1.59964e-09
2.55505e-10
3.84632e-11
5.59716e-12
8.01851e-13
1.11089e-13
1.73159e-14
3.11077e-15
9.2981e-16
1.53725e-16
9.21422e-17
1.12829e-17
6.32092e-18
6.76826e-19
4.46699e-19
8.7046e-20
5.32804e-19
)
;

boundaryField
{
    inlet
    {
        type            fixedValue;
        value           uniform 1;
    }
    outlet
    {
        type            inletOutlet;
        inletValue      uniform 0;
        value           nonuniform List<scalar> 
57
(
5.03118e-24
2.28043e-21
1.94206e-19
3.20123e-18
2.92214e-17
1.99127e-16
1.10175e-15
5.13107e-15
2.05566e-14
7.22593e-14
2.26228e-13
6.40183e-13
1.65771e-12
3.97611e-12
8.92825e-12
1.89472e-11
3.82798e-11
7.41958e-11
1.39047e-10
2.53656e-10
4.52164e-10
7.89854e-10
1.35505e-09
2.28903e-09
3.82076e-09
6.33005e-09
1.04586e-08
1.79548e-08
3.23021e-08
5.84972e-08
1.05319e-07
1.87209e-07
3.25272e-07
5.47802e-07
8.88472e-07
1.38215e-06
2.05831e-06
2.93343e-06
4.00359e-06
5.24268e-06
6.58276e-06
7.92715e-06
8.99436e-06
9.44621e-06
9.4767e-06
9.20167e-06
8.43485e-06
6.91046e-06
4.60223e-06
1.99318e-06
4.5344e-07
4.94546e-08
2.19942e-09
3.07977e-11
2.16631e-13
5.53975e-16
5.32804e-19
)
;
    }
    upperWall
    {
        type            zeroGradient;
    }
    lowerWall
    {
        type            zeroGradient;
    }
    frontAndBack
    {
        type            empty;
    }
}


// ************************************************************************* //
