/*--------------------------------*- C++ -*----------------------------------*\
  =========                 |
  \\      /  F ield         | OpenFOAM: The Open Source CFD Toolbox
   \\    /   O peration     | Website:  https://openfoam.org
    \\  /    A nd           | Version:  7
     \\/     M anipulation  |
\*---------------------------------------------------------------------------*/
FoamFile
{
    version     2.0;
    format      ascii;
    class       volScalarField;
    location    "0.068";
    object      nut;
}
// * * * * * * * * * * * * * * * * * * * * * * * * * * * * * * * * * * * * * //

dimensions      [0 2 -1 0 0 0 0];

internalField   nonuniform List<scalar> 
12225
(
0
0
0
0
0
0
0
2.4887e-11
1.37925e-10
0
0
0
0
0
0
7.97941e-11
8.558e-10
0
0
0
0
0
0
0
0
1.69718e-10
2.59084e-10
0
0
0
0
0
0
4.24425e-11
8.70431e-10
0
0
5.71447e-10
0
0
0
1.08144e-12
2.11298e-10
2.57339e-10
1.57747e-10
0
0
0
0
0
0
0
3.13282e-10
0
0
2.84255e-08
1.21653e-08
1.6243e-09
1.95044e-10
0
0
0
0
0
0
0
0
0
0
0
0
0
0
2.24627e-07
1.05452e-07
0
0
0
0
0
0
0
0
1.59467e-10
5.60641e-10
0
0
0
0
0
0
1.92966e-07
2.18685e-07
3.57717e-08
0
2.68575e-08
1.33849e-07
1.91303e-07
9.08727e-08
5.21448e-08
2.77806e-08
7.61881e-09
0
0
0
0
0
0
0
6.26303e-07
7.11523e-07
7.17391e-07
3.89197e-07
4.01124e-07
4.076e-07
1.31965e-07
1.26792e-08
0
0
0
0
0
0
0
0
0
4.61508e-07
9.02296e-07
8.01133e-07
5.99056e-07
4.4735e-07
1.74583e-07
2.93896e-08
0
0
0
0
0
0
0
0
0
0
0
3.55642e-07
8.74011e-07
7.87494e-07
4.45827e-07
2.31326e-07
0
0
0
0
0
0
0
9.92014e-09
8.26437e-10
0
0
0
0
1.72345e-08
8.07138e-07
6.25739e-07
8.39963e-08
9.07905e-08
0
0
0
0
0
0
0
0
0
0
0
0
0
0
3.13409e-07
2.41417e-07
4.0377e-08
9.98315e-08
0
0
0
0
0
0
0
0
0
0
0
0
0
0
0
4.36668e-08
3.70943e-07
3.45534e-07
1.7297e-07
0
0
0
0
0
0
0
0
0
0
0
0
0
0
3.02707e-07
6.55777e-07
9.12992e-07
1.12618e-06
1.94621e-06
1.83284e-06
0
0
0
0
0
0
0
0
0
0
2.2685e-07
0
2.27935e-08
2.7676e-07
5.18053e-07
1.09935e-06
1.47788e-06
1.75912e-06
1.1222e-06
0
0
0
0
0
0
0
0
0
2.7694e-07
6.94706e-08
0
4.1632e-08
2.1958e-08
3.44559e-07
9.92147e-07
1.21795e-06
5.6308e-07
0
0
0
0
0
0
0
0
0
0
0
7.34544e-08
1.54804e-07
1.55635e-07
1.67472e-07
0
0
0
0
0
0
0
0
0
0
0
0
5.28737e-07
1.49776e-07
0
0
4.40999e-08
1.52654e-08
0
0
0
0
0
0
0
0
0
0
0
0
1.64069e-07
0
0
0
0
0
0
0
0
0
0
0
0
0
0
0
0
0
4.37362e-07
4.78003e-07
8.18229e-08
0
0
0
0
0
0
0
0
0
0
0
0
0
0
0
1.99099e-07
3.70521e-07
0
0
0
0
0
0
0
0
0
0
0
0
0
0
0
0
0
2.54078e-07
0
0
0
0
0
0
0
5.81059e-08
0
0
0
0
0
0
0
0
0
0
0
0
0
0
0
0
0
4.01645e-08
6.16191e-08
0
0
0
0
0
0
0
0
0
0
0
0
0
0
0
0
1.0036e-07
2.62413e-07
2.06375e-07
0
0
0
0
0
0
0
0
0
0
0
0
0
0
0
1.69194e-07
2.63711e-07
2.39323e-07
1.82361e-07
1.00022e-07
0
0
0
0
0
0
0
0
1.37735e-07
2.17368e-07
1.0023e-07
0
0
6.44872e-09
4.14694e-08
3.7331e-08
1.93279e-08
5.00468e-09
0
0
0
0
0
0
0
0
2.27881e-07
2.87257e-07
1.95613e-07
7.81145e-08
0
0
0
0
0
0
0
0
0
0
8.1405e-08
0
0
0
0
0
0
0
0
0
0
0
0
0
0
0
0
0
8.82208e-09
0
0
0
0
0
0
0
0
0
0
0
0
0
0
0
0
0
9.23773e-09
0
0
0
0
0
0
0
0
0
0
0
0
0
0
0
0
0
7.36539e-08
0
0
0
0
0
0
0
0
0
0
0
0
0
0
0
0
0
0
1.091e-06
2.99474e-06
2.28832e-06
0
0
0
0
0
0
1.21051e-06
1.15521e-06
5.13018e-07
0
0
0
0
0
0
0
0
0
0
0
1.39772e-08
5.88175e-08
8.93188e-08
1.03004e-07
9.52422e-08
6.33551e-08
9.58585e-09
0
0
8.12596e-08
1.06054e-07
0
0
0
1.4146e-07
0
0
0
0
1.42445e-07
1.96623e-06
2.17479e-06
2.03054e-06
3.44037e-06
9.79408e-06
1.6777e-05
2.27988e-05
3.0491e-05
4.22484e-05
3.68664e-05
1.41809e-05
2.23061e-06
3.94924e-07
4.40002e-08
0
0
1.29541e-08
3.2578e-08
4.39614e-08
4.83757e-08
4.73233e-08
4.41234e-08
3.90992e-08
3.27984e-08
2.80522e-08
2.1751e-08
1.70433e-08
1.31117e-08
9.07939e-09
5.97786e-09
3.21647e-09
5.90741e-10
0
0
0
0
0
0
0
0
0
0
0
0
0
0
0
0
0
0
0
0
0
0
0
0
0
0
0
0
0
0
0
0
0
0
0
0
0
0
0
0
0
0
0
0
0
0
0
0
0
0
0
0
0
0
0
0
0
0
0
0
0
0
0
0
0
0
0
0
0
0
0
0
0
0
0
0
0
0
0
0
0
0
0
0
0
0
0
0
0
0
0
0
0
0
0
0
0
0
0
0
0
5.4971e-12
5.32658e-10
3.6414e-11
0
0
2.26404e-06
3.07101e-06
0
0
0
0
0
4.7018e-07
1.30709e-06
1.53031e-06
1.26323e-06
7.17698e-07
1.60912e-07
0
0
0
0
0
0
0
0
0
2.79803e-08
8.00483e-08
1.1538e-07
1.29617e-07
1.14846e-07
6.76906e-08
0
0
7.99047e-08
2.85883e-07
1.62013e-07
0
0
1.15479e-07
4.44901e-07
5.71654e-07
3.13053e-07
0
0
0
3.43346e-07
1.26835e-06
1.8113e-06
7.31065e-07
6.67475e-07
4.37484e-07
1.65611e-06
2.51573e-06
2.58134e-06
2.9325e-06
2.0087e-06
8.16053e-07
3.1941e-07
1.08431e-07
3.68694e-08
2.55583e-08
3.21503e-08
3.89124e-08
4.17562e-08
4.18046e-08
3.97165e-08
3.6946e-08
3.38106e-08
3.04064e-08
2.71402e-08
2.36957e-08
2.02868e-08
1.67934e-08
1.3195e-08
9.47359e-09
5.5963e-09
1.54174e-09
0
0
0
0
0
0
0
0
0
0
0
0
0
0
0
0
0
0
0
0
0
0
0
0
0
0
0
0
0
0
0
0
0
0
0
0
0
0
0
0
0
0
0
0
0
0
0
0
0
0
0
0
0
0
0
0
0
0
0
0
0
0
0
0
0
0
0
0
0
0
0
0
0
0
0
0
0
0
0
0
0
0
0
0
0
0
0
0
0
0
0
0
0
0
0
0
0
0
0
0
0
1.14527e-12
2.87765e-10
0
1.20601e-08
2.72748e-07
5.79293e-07
0
0
0
0
0
0
0
7.79992e-07
1.12363e-06
1.23328e-06
1.17462e-06
9.56281e-07
5.98437e-07
1.60793e-07
0
0
0
0
0
0
0
1.59915e-07
2.84995e-07
3.48774e-07
3.33081e-07
2.34021e-07
9.04992e-08
0
0
1.23482e-07
4.9654e-07
3.96329e-07
1.63003e-07
3.98012e-07
7.94255e-07
1.07064e-06
1.31314e-06
1.6823e-06
1.34046e-06
0
0
0
0
0
0
0
0
0
2.78237e-07
2.17054e-07
3.17299e-07
3.92779e-07
2.65223e-07
1.52605e-07
1.13742e-07
1.19304e-07
1.39915e-07
1.57374e-07
1.66075e-07
1.63642e-07
1.54868e-07
1.42526e-07
1.28353e-07
1.14439e-07
1.00663e-07
8.77074e-08
7.52278e-08
6.34211e-08
5.20776e-08
4.10709e-08
3.02508e-08
1.94669e-08
8.48748e-09
0
0
0
0
0
0
0
0
0
0
0
0
0
0
0
0
0
0
0
0
0
0
0
0
0
0
0
0
0
0
0
0
0
0
0
0
0
0
0
0
0
0
0
0
0
0
0
0
1.19198e-10
8.81291e-10
1.25775e-09
1.3141e-09
1.18257e-09
9.6875e-10
6.84458e-10
3.30156e-10
0
0
0
0
0
0
0
0
0
0
0
0
0
0
0
0
0
0
0
0
0
0
0
0
0
0
0
0
0
0
0
0
0
0
0
0
0
0
0
0
0
0
0
0
0
0
7.86912e-11
0
4.91607e-07
1.66286e-06
1.16929e-06
9.59398e-07
9.2472e-07
3.37363e-07
0
0
0
0
4.63744e-07
6.61003e-07
5.8445e-07
3.26305e-07
0
0
0
0
0
0
0
0
0
0
8.17515e-06
6.82288e-06
4.61392e-06
2.96597e-06
1.77589e-06
9.21742e-07
3.49518e-07
2.13193e-10
0
5.29387e-08
1.67001e-07
2.81327e-07
6.13063e-07
8.80055e-07
9.47018e-07
8.28342e-07
5.28112e-07
0
0
0
0
0
0
0
0
0
2.64609e-08
1.31595e-07
1.87212e-09
0
6.07489e-08
5.59873e-08
7.94124e-08
1.5932e-07
2.58755e-07
3.31002e-07
3.56341e-07
3.45741e-07
3.15816e-07
2.81283e-07
2.49289e-07
2.21247e-07
1.98588e-07
1.7963e-07
1.63676e-07
1.49163e-07
1.34457e-07
1.17797e-07
9.74275e-08
7.19296e-08
4.11429e-08
7.15206e-09
0
0
0
0
0
0
0
0
0
0
0
0
0
0
0
0
0
0
0
0
0
0
0
0
0
0
0
0
0
0
0
0
0
0
0
0
0
0
0
0
0
0
0
0
0
0
0
0
0
0
0
1.02581e-08
1.62057e-08
1.70419e-08
1.53278e-08
1.25644e-08
9.52377e-09
6.68504e-09
4.28726e-09
2.34096e-09
7.83637e-10
0
0
0
0
0
0
0
0
0
0
0
0
0
0
0
0
0
0
0
0
0
0
0
0
0
0
0
0
0
0
0
0
0
0
0
0
0
0
0
0
0
6.11523e-11
0
2.5157e-06
1.56035e-06
2.11238e-06
2.41723e-06
2.15459e-06
1.67872e-06
1.08021e-06
5.99026e-07
1.92859e-07
0
0
0
0
0
0
0
0
0
0
0
0
0
0
0
1.13128e-05
1.01097e-05
8.41057e-06
6.86294e-06
5.22917e-06
3.5851e-06
2.11078e-06
9.12851e-07
5.48227e-08
0
0
0
0
0
0
0
0
0
0
0
0
0
0
0
1.90682e-07
1.95694e-07
7.59897e-08
3.124e-08
0
0
1.47508e-07
2.65062e-07
3.08172e-07
2.85775e-07
2.35804e-07
1.84294e-07
1.41095e-07
1.08748e-07
8.54218e-08
6.94209e-08
5.89852e-08
5.27816e-08
4.96675e-08
4.86644e-08
4.86461e-08
4.83436e-08
4.66024e-08
4.21369e-08
3.34456e-08
1.91911e-08
0
0
0
0
0
0
0
0
0
0
0
0
0
0
0
0
0
0
1.73202e-09
4.63349e-09
3.50055e-09
0
0
0
0
0
0
0
0
0
0
0
0
0
0
0
0
0
0
0
0
0
0
0
0
0
0
0
0
0
0
0
0
0
0
0
0
0
0
3.10351e-09
1.02785e-08
8.92998e-09
1.74569e-09
0
0
0
0
0
0
4.38525e-09
7.81329e-09
8.77097e-09
7.82014e-09
6.19722e-09
4.73898e-09
3.65308e-09
2.83455e-09
2.13879e-09
1.48631e-09
9.06843e-10
4.28329e-10
2.72063e-11
0
0
0
0
0
0
0
0
0
0
0
0
0
0
0
0
0
0
0
0
0
0
1.03609e-10
0
1.0887e-06
1.11888e-06
1.33824e-06
1.17253e-06
9.86535e-07
8.66455e-07
7.56686e-07
3.89187e-07
0
0
0
0
0
0
0
0
0
0
0
0
0
0
0
1.02706e-05
8.5095e-06
6.3501e-06
5.10765e-06
4.53101e-06
4.32234e-06
3.96233e-06
3.02042e-06
1.74519e-06
6.10031e-07
0
0
0
0
0
0
0
0
0
0
0
0
0
8.14855e-08
9.74242e-08
4.58462e-08
1.18726e-08
1.00143e-08
1.08369e-07
2.76114e-07
4.49245e-07
5.15329e-07
4.95411e-07
4.31728e-07
3.51657e-07
2.72666e-07
2.05017e-07
1.5221e-07
1.14038e-07
8.80698e-08
7.19794e-08
6.34161e-08
6.01678e-08
6.03723e-08
6.23339e-08
6.46886e-08
6.61496e-08
6.55775e-08
6.15339e-08
5.17529e-08
3.30244e-08
2.72936e-09
0
0
0
0
0
0
0
0
0
0
0
0
0
0
0
0
0
0
0
0
0
0
0
0
0
0
0
0
0
0
0
0
0
0
0
0
0
0
0
0
0
0
0
0
0
0
0
0
0
0
0
0
0
0
0
0
0
0
0
0
0
0
0
0
0
0
0
0
0
0
0
0
0
0
0
0
0
0
0
0
0
0
0
0
0
0
0
0
0
0
0
0
0
0
0
0
0
0
0
0
0
0
0
0
0
1.13112e-06
6.05634e-07
3.57247e-07
3.90607e-07
5.5937e-07
6.15993e-07
2.39864e-07
0
0
0
0
0
0
0
0
0
0
0
0
0
0
0
1.13147e-06
6.72345e-06
5.90701e-06
4.43486e-06
3.3287e-06
2.61062e-06
2.17246e-06
2.04661e-06
2.0475e-06
1.65799e-06
8.96332e-07
2.13602e-07
0
0
0
0
0
0
0
0
0
0
0
0
0
0
0
1.88856e-08
3.41373e-07
5.84548e-07
6.71866e-07
6.64821e-07
6.11843e-07
5.31868e-07
4.36065e-07
3.40839e-07
2.57196e-07
1.91199e-07
1.43284e-07
1.11799e-07
9.34678e-08
8.45757e-08
8.16033e-08
8.21442e-08
8.47661e-08
8.82406e-08
9.18274e-08
9.52924e-08
9.82845e-08
9.90243e-08
9.24693e-08
6.80074e-08
1.06934e-08
0
0
0
0
0
0
0
0
0
0
0
0
0
0
0
0
0
0
0
0
0
0
0
0
0
0
0
0
0
0
0
0
0
0
0
0
0
0
0
0
0
0
0
0
0
0
0
0
0
0
0
0
0
0
0
0
0
0
0
0
0
0
0
0
0
0
0
0
0
0
0
0
0
0
0
0
0
0
0
0
0
0
0
0
0
0
0
0
0
0
0
0
0
0
0
0
0
0
0
0
0
0
0
0
0
1.77802e-07
2.6348e-07
3.36783e-07
4.88409e-07
6.7262e-07
1.15071e-07
0
0
0
0
0
2.75932e-07
3.15485e-07
0
0
0
0
0
0
0
0
0
0
0
7.17756e-07
1.04561e-06
8.95259e-07
6.00609e-07
3.00998e-07
1.72913e-07
4.53876e-07
8.27527e-07
7.49228e-07
3.60255e-07
0
0
0
0
0
0
0
0
0
0
0
0
0
0
4.02053e-08
4.57816e-07
6.42661e-07
6.33346e-07
5.7156e-07
5.13444e-07
4.57635e-07
3.91031e-07
3.17611e-07
2.48081e-07
1.91203e-07
1.50338e-07
1.24337e-07
1.10135e-07
1.03794e-07
1.01581e-07
1.01572e-07
1.03128e-07
1.06256e-07
1.12083e-07
1.21982e-07
1.37768e-07
1.61974e-07
1.96166e-07
2.35938e-07
2.52704e-07
1.51493e-07
0
0
0
0
0
0
0
0
0
0
0
0
0
0
0
0
0
0
0
0
0
0
0
0
0
0
0
0
0
0
0
0
0
0
0
0
0
0
0
0
0
0
0
0
0
0
0
0
0
0
0
0
0
0
0
0
0
0
0
0
0
0
0
0
0
0
0
0
0
0
0
0
0
0
0
0
0
0
0
0
0
0
0
0
0
0
0
0
0
0
0
0
0
0
0
0
0
0
0
0
0
0
0
0
0
6.53355e-09
4.44891e-08
1.56469e-07
4.24722e-07
0
0
1.17092e-07
2.13495e-08
0
1.45929e-08
1.0973e-07
0
0
0
0
0
0
0
0
0
0
0
0
0
0
0
0
0
0
0
0
0
0
1.75201e-07
1.03792e-07
0
0
0
0
0
0
0
0
0
0
0
0
8.57439e-08
5.40608e-07
5.76273e-07
4.04147e-07
2.88005e-07
2.45047e-07
2.34146e-07
2.24468e-07
2.03751e-07
1.7379e-07
1.43776e-07
1.22043e-07
1.11318e-07
1.09132e-07
1.11244e-07
1.14205e-07
1.16774e-07
1.1858e-07
1.20423e-07
1.23287e-07
1.28874e-07
1.40212e-07
1.62438e-07
2.03292e-07
2.76008e-07
3.99831e-07
5.86335e-07
6.92953e-07
0
0
0
0
0
0
0
6.91629e-09
1.51629e-08
1.37726e-08
8.48227e-09
1.05554e-09
0
0
0
0
0
0
0
0
0
0
0
0
0
0
0
0
0
0
0
0
0
0
0
0
0
0
0
0
0
0
0
0
0
0
0
0
0
0
0
0
0
0
0
0
0
0
0
0
0
0
0
0
0
0
0
0
0
0
0
0
0
0
0
0
0
0
0
0
0
0
0
0
0
0
0
0
0
0
0
0
0
0
0
0
0
0
0
0
0
0
0
0
0
0
0
0
0
2.32044e-08
7.37756e-07
5.85457e-07
1.43592e-07
0
0
0
0
0
2.72937e-07
7.41654e-07
1.09934e-06
1.1776e-06
8.07428e-07
0
0
0
0
0
0
0
0
0
0
0
0
0
0
0
0
0
0
0
0
0
0
0
0
0
0
0
0
1.64952e-07
5.52766e-07
2.11355e-07
0
0
0
0
1.62263e-08
4.39674e-08
5.57329e-08
5.62471e-08
5.55596e-08
6.16326e-08
7.6658e-08
9.62512e-08
1.13708e-07
1.23967e-07
1.2479e-07
1.15988e-07
1.0004e-07
8.10857e-08
6.30953e-08
4.82915e-08
3.76731e-08
3.30089e-08
3.99367e-08
6.92572e-08
1.3367e-07
2.27912e-07
2.7822e-07
2.61683e-07
3.1515e-07
3.85897e-07
4.16298e-07
4.12578e-07
3.69007e-07
3.02007e-07
2.28471e-07
1.60947e-07
1.08204e-07
6.86655e-08
4.21793e-08
2.60032e-08
1.68145e-08
1.05017e-08
1.32425e-08
3.08427e-08
4.95248e-08
4.94123e-08
2.40939e-08
0
0
0
0
0
0
0
0
0
0
0
0
0
0
0
0
0
0
0
0
0
0
0
0
0
0
0
0
0
0
0
0
0
0
0
0
0
0
0
0
0
0
0
0
0
0
0
0
0
0
0
0
0
0
0
0
0
0
0
0
0
0
0
0
0
0
0
0
0
0
0
0
0
0
0
0
0
0
0
0
0
0
0
0
0
0
0
0
2.831e-07
3.10738e-07
0
0
0
0
0
0
5.30347e-08
4.78394e-07
9.2055e-07
1.30129e-06
1.50586e-06
1.29195e-06
2.25936e-07
0
0
0
0
0
0
0
0
0
0
0
0
0
0
0
0
0
0
0
0
0
0
0
0
0
0
1.67003e-07
0
0
0
0
0
0
0
0
0
0
0
0
2.86005e-08
6.79518e-08
1.05686e-07
1.27798e-07
1.24119e-07
9.46686e-08
4.89139e-08
5.88996e-10
0
0
0
0
0
0
1.61243e-07
5.14839e-07
9.31196e-07
3.77048e-07
0
0
3.12957e-08
2.92017e-07
4.36307e-07
4.78965e-07
4.46782e-07
3.5752e-07
2.53638e-07
1.49961e-07
5.92528e-08
0
0
0
0
0
0
0
0
0
0
0
0
0
0
0
0
0
0
0
0
0
0
0
0
0
0
0
0
0
0
0
0
0
0
0
0
0
0
0
0
0
0
0
0
0
0
0
0
0
0
0
0
0
0
0
0
0
0
0
0
0
0
0
0
0
0
0
0
0
0
0
0
0
0
0
0
0
0
0
0
0
0
0
0
0
0
0
0
0
0
0
0
0
0
0
0
0
0
0
0
0
0
0
0
0
0
0
1.59083e-07
4.55919e-07
6.71563e-07
6.12352e-07
0
0
0
0
0
0
0
0
0
0
0
0
0
0
0
0
2.08181e-07
3.7212e-07
1.22256e-07
1.3698e-07
6.60849e-08
0
0
0
0
9.73503e-08
0
0
0
0
0
0
0
0
0
0
0
0
0
0
1.17123e-08
6.42727e-08
1.00519e-07
1.032e-07
6.71017e-08
4.95447e-09
0
0
0
0
0
6.56251e-09
2.22961e-07
6.55119e-07
1.45893e-06
2.76503e-06
2.32856e-06
0
0
0
0
0
0
3.07058e-07
4.52578e-07
4.69579e-07
4.1247e-07
3.13802e-07
1.97406e-07
6.84628e-08
0
0
0
0
0
0
0
0
0
0
0
0
0
0
0
0
0
0
0
0
0
0
0
0
0
0
0
0
0
0
0
0
0
5.66196e-09
6.29082e-09
2.99757e-09
0
0
0
0
0
0
0
0
0
0
0
0
0
0
0
0
0
0
0
0
0
0
2.81753e-09
9.5253e-09
0
0
0
0
0
0
0
0
0
0
0
0
0
0
0
0
0
0
0
0
0
0
0
0
0
0
0
0
0
0
0
0
0
0
0
0
0
0
0
0
0
0
0
0
0
0
0
0
0
1.11714e-08
0
0
0
0
0
0
0
0
0
0
0
0
4.81689e-08
5.22303e-07
9.32753e-07
1.28933e-06
1.85297e-06
1.67611e-06
9.27321e-07
6.75468e-07
4.28068e-07
2.45198e-07
1.41716e-07
2.98095e-07
8.01371e-07
0
0
0
0
0
0
0
0
0
0
0
0
0
0
0
4.39667e-09
5.58561e-08
7.38673e-08
4.99403e-08
0
0
0
0
0
0
1.15246e-07
3.89968e-07
8.77761e-07
1.66028e-06
2.43861e-06
1.56056e-06
0
0
0
0
0
0
0
0
8.80625e-08
2.68729e-07
3.45427e-07
3.59484e-07
3.35473e-07
2.77905e-07
1.64851e-07
0
0
0
0
0
0
0
0
0
0
0
0
0
0
0
0
0
0
0
0
0
0
0
0
0
0
0
0
0
0
5.37715e-09
1.11195e-08
1.81797e-08
2.26984e-08
2.1983e-08
1.9273e-08
1.83022e-08
1.89669e-08
1.90293e-08
1.37746e-08
2.41186e-09
0
0
0
0
0
0
0
0
0
0
0
0
8.48814e-10
0
0
0
0
7.1854e-09
1.05215e-08
0
0
0
0
0
0
0
0
0
0
0
0
0
0
0
0
0
0
0
0
0
0
0
0
0
0
0
0
0
0
0
0
0
0
0
0
0
0
0
0
0
0
0
0
0
0
0
0
0
0
4.0627e-08
1.64886e-07
3.42723e-07
5.26316e-07
6.62487e-07
7.39772e-07
7.89572e-07
8.50333e-07
9.46694e-07
1.08177e-06
1.23951e-06
1.40821e-06
1.54851e-06
1.70542e-06
2.07967e-06
2.2913e-06
1.67226e-06
1.29458e-06
9.66204e-07
7.33024e-07
6.73192e-07
1.00511e-06
9.83009e-07
2.16187e-07
0
0
0
0
0
0
0
0
0
0
0
0
0
0
0
0
2.58599e-08
2.46182e-08
0
0
0
0
0
0
9.75148e-08
3.0815e-07
6.3605e-07
1.06384e-06
1.27472e-06
3.48184e-07
0
0
0
0
0
0
0
0
0
0
1.42582e-08
1.51172e-07
1.95507e-07
2.04101e-07
2.22197e-07
2.45992e-07
2.11828e-07
5.01913e-08
0
0
0
0
0
0
0
0
0
0
0
0
0
0
0
0
0
0
0
0
0
0
0
0
0
0
0
0
1.91913e-08
3.31152e-08
4.08728e-08
4.64407e-08
4.31782e-08
3.34552e-08
2.64054e-08
2.68493e-08
3.13388e-08
3.41726e-08
2.90265e-08
1.63348e-08
2.38575e-09
0
0
0
0
0
0
0
0
0
0
2.31005e-09
6.0368e-09
5.35037e-09
2.62279e-09
1.14239e-09
2.42489e-09
4.97754e-09
2.39453e-09
0
0
0
0
0
0
0
0
0
0
0
0
0
0
0
0
0
0
0
0
0
0
0
0
0
0
0
0
0
0
0
0
0
0
0
0
0
0
0
0
0
0
0
0
0
0
0
0
3.13608e-07
5.90412e-07
7.98504e-07
9.6404e-07
1.10458e-06
1.21552e-06
1.28228e-06
1.30304e-06
1.28121e-06
1.22927e-06
1.16892e-06
1.10459e-06
1.06501e-06
1.10455e-06
1.36164e-06
1.89718e-06
1.97894e-06
1.71522e-06
1.41927e-06
1.21551e-06
1.24624e-06
1.35504e-06
9.08375e-07
4.0545e-07
1.34236e-07
0
0
0
0
0
0
0
0
0
0
0
0
0
0
0
0
0
0
0
0
0
0
0
2.42735e-08
1.58476e-07
3.24988e-07
4.66222e-07
3.48733e-07
0
0
0
0
0
0
0
0
0
0
0
0
0
1.04672e-07
1.47946e-07
1.27769e-07
9.93241e-08
9.01727e-08
1.13283e-07
1.36014e-07
7.80371e-08
0
0
0
0
0
0
0
0
0
0
0
0
0
0
0
0
0
0
0
0
0
0
0
0
0
0
0
1.12555e-08
5.4937e-08
7.48009e-08
8.40509e-08
7.6517e-08
4.55015e-08
1.37428e-08
3.31473e-09
1.4214e-08
3.23155e-08
4.39898e-08
4.25744e-08
3.10008e-08
1.6156e-08
1.6443e-09
0
0
0
0
0
0
0
0
0
5.83052e-09
9.76377e-09
8.22733e-09
4.77586e-09
1.86534e-09
0
0
0
0
0
0
0
0
0
0
0
0
0
0
0
0
0
0
0
0
0
0
0
0
0
0
0
0
0
0
0
0
0
0
0
0
0
0
0
0
0
0
0
0
0
0
0
0
0
1.50188e-07
4.28163e-07
6.84032e-07
8.72367e-07
9.80327e-07
1.01762e-06
9.75271e-07
8.71962e-07
7.24738e-07
5.62924e-07
3.84741e-07
1.81865e-07
0
0
0
2.14281e-07
1.00836e-06
1.34867e-06
1.36786e-06
1.31673e-06
1.30716e-06
1.14252e-06
7.93075e-07
4.89368e-07
2.88129e-07
1.43106e-07
1.98918e-08
0
0
0
0
0
0
0
0
0
0
0
0
0
0
0
0
0
0
0
0
0
0
0
0
0
0
0
0
0
0
0
0
0
0
0
0
0
0
0
0
6.56088e-08
1.33128e-07
1.35071e-07
1.0894e-07
6.19706e-08
0
0
0
0
0
0
0
0
0
0
0
0
0
0
0
0
0
0
0
0
0
0
0
0
0
0
0
0
0
0
0
3.97947e-08
7.86394e-08
9.46634e-08
9.2217e-08
4.96974e-08
0
0
0
0
2.39553e-08
4.97825e-08
5.4035e-08
4.42853e-08
2.6193e-08
3.10462e-09
0
0
0
0
0
0
0
0
0
8.72877e-09
1.02668e-08
6.28481e-09
1.32882e-09
0
0
0
0
0
0
0
0
0
0
0
0
0
0
0
0
0
0
0
0
0
0
0
0
0
0
0
0
0
0
0
0
0
0
0
0
0
0
0
0
0
0
0
0
1.66662e-07
4.91893e-07
6.43882e-07
3.68916e-07
0
0
0
0
0
0
4.32752e-07
7.0737e-07
6.81733e-07
4.5295e-07
1.8314e-07
0
0
0
0
0
6.63972e-08
4.29141e-07
6.77095e-07
8.18154e-07
8.53524e-07
7.67631e-07
6.08559e-07
4.50349e-07
3.24989e-07
2.26816e-07
1.44436e-07
6.79074e-08
0
0
0
0
0
0
0
0
0
0
0
0
0
0
0
0
0
0
0
0
0
0
0
0
0
0
0
0
0
0
0
0
0
0
0
0
0
0
0
0
8.24891e-08
1.15424e-07
1.02264e-07
7.80932e-08
6.67651e-08
3.79355e-08
0
0
0
0
0
0
0
0
0
0
0
0
0
0
3.56562e-08
4.55683e-08
2.32887e-08
2.61409e-09
0
0
0
0
0
4.98581e-09
1.76429e-08
1.99402e-08
1.14058e-08
0
0
5.23917e-09
3.98845e-08
7.72839e-08
9.89051e-08
1.01475e-07
7.32408e-08
0
0
0
0
0
1.99663e-08
4.65001e-08
4.83122e-08
3.74356e-08
1.93913e-08
0
0
0
0
0
0
0
0
0
1.60507e-09
7.05727e-09
3.59987e-09
0
0
0
0
0
0
0
0
0
0
0
0
0
0
0
0
0
0
0
0
0
0
0
0
0
0
0
0
0
0
0
0
0
0
0
0
0
0
0
0
0
0
9.27907e-08
5.99285e-07
1.13893e-06
1.7847e-06
2.45741e-06
2.68156e-06
0
0
0
0
0
0
0
0
2.68295e-07
7.0069e-07
6.33062e-07
3.8978e-07
1.60489e-07
1.5268e-08
0
0
1.0388e-07
2.62761e-07
4.1461e-07
5.28245e-07
5.65195e-07
5.32228e-07
4.5799e-07
3.69196e-07
2.9158e-07
2.29128e-07
1.7708e-07
1.29177e-07
8.2054e-08
3.08981e-08
0
0
0
0
0
0
0
0
0
7.30248e-09
1.21513e-08
3.76649e-09
0
0
0
0
2.02266e-08
3.52596e-08
0
0
0
0
0
0
0
0
0
0
0
0
0
0
0
0
0
0
0
4.67377e-08
1.27247e-07
1.01827e-07
9.84725e-08
9.97474e-08
5.94253e-08
1.34742e-08
6.15715e-09
3.99954e-09
0
0
0
0
0
0
0
0
0
0
0
0
0
1.78923e-08
5.98245e-08
5.70741e-08
4.37784e-08
3.73745e-08
2.97894e-08
1.51678e-08
3.82346e-09
6.73004e-09
2.06398e-08
3.93589e-08
5.96382e-08
7.24122e-08
7.38817e-08
6.92637e-08
6.80699e-08
7.73405e-08
9.4505e-08
1.06112e-07
1.03244e-07
8.51506e-08
4.83511e-08
0
0
0
0
0
3.00684e-08
3.91937e-08
2.89031e-08
1.4452e-08
3.22846e-09
0
0
0
0
0
0
0
0
0
0
0
0
0
0
0
0
0
0
0
0
0
0
0
0
0
0
0
0
0
0
0
0
0
0
0
0
0
0
0
0
0
0
0
0
0
0
0
0
0
0
0
0
8.30746e-08
2.90782e-07
5.01104e-07
7.05373e-07
8.18982e-07
6.29253e-07
0
0
0
0
0
0
0
0
0
0
2.98964e-07
4.81991e-07
3.8982e-07
2.7052e-07
1.87414e-07
1.46614e-07
1.46707e-07
1.90533e-07
2.67706e-07
3.38084e-07
3.68997e-07
3.6235e-07
3.27356e-07
2.78016e-07
2.2974e-07
1.87793e-07
1.53305e-07
1.24306e-07
9.59435e-08
6.7173e-08
3.75264e-08
7.92684e-09
0
0
0
0
0
0
0
0
3.16503e-09
1.19235e-08
1.28221e-08
5.08473e-09
0
0
3.83151e-09
3.59197e-08
6.93071e-08
6.1937e-08
0
0
0
0
0
0
0
0
0
0
0
0
0
0
0
0
0
0
3.49706e-08
1.51883e-07
1.27726e-07
8.51857e-08
9.96486e-08
9.82393e-08
2.25399e-08
0
0
0
0
0
0
0
0
0
0
0
0
0
0
0
5.85574e-08
7.65345e-08
6.18908e-08
5.07707e-08
5.2082e-08
6.14186e-08
6.59981e-08
6.05501e-08
5.21885e-08
5.15926e-08
6.26131e-08
8.31682e-08
1.03275e-07
1.12839e-07
1.13448e-07
1.10411e-07
1.08198e-07
1.08879e-07
1.08105e-07
9.76415e-08
8.08101e-08
6.24345e-08
3.8956e-08
1.27226e-08
0
0
8.84714e-09
2.6861e-08
3.323e-08
2.22252e-08
6.1068e-09
0
0
0
0
0
0
0
8.67471e-11
0
0
0
0
0
0
0
0
0
0
0
0
0
0
0
0
0
0
0
0
0
0
0
0
0
0
0
0
0
0
0
0
0
0
0
0
0
0
0
0
0
0
0
0
2.65413e-08
1.06565e-08
0
0
0
0
0
0
0
0
0
9.68417e-08
2.0491e-07
0
0
0
0
0
2.2785e-07
2.25481e-07
1.65659e-07
1.63641e-07
1.55583e-07
1.43708e-07
1.51077e-07
1.88194e-07
2.21684e-07
2.29677e-07
2.1855e-07
1.95954e-07
1.64025e-07
1.33638e-07
1.07331e-07
8.68568e-08
7.13148e-08
5.62252e-08
4.10992e-08
2.77483e-08
1.61473e-08
5.38214e-09
0
0
0
0
0
0
0
0
2.52902e-09
7.60628e-09
7.43101e-09
2.02408e-09
0
2.75464e-10
2.07812e-08
5.40147e-08
7.22264e-08
5.30967e-08
9.62274e-09
0
1.13279e-08
1.34812e-07
3.3694e-07
5.91272e-07
8.33471e-07
1.07009e-06
1.23882e-06
1.25167e-06
1.41028e-06
1.52347e-06
1.02199e-06
1.141e-09
0
0
0
0
1.09435e-07
1.54817e-07
1.02058e-07
7.62139e-08
9.52275e-08
7.44281e-08
0
0
0
0
0
0
0
0
0
0
0
0
0
0
6.857e-08
1.7452e-07
1.80558e-07
1.35166e-07
8.53366e-08
6.33763e-08
7.03646e-08
8.82781e-08
1.00699e-07
1.02275e-07
9.91927e-08
9.99168e-08
1.11185e-07
1.27718e-07
1.36857e-07
1.36932e-07
1.32955e-07
1.27056e-07
1.19813e-07
1.11024e-07
9.81042e-08
8.09972e-08
6.71931e-08
5.63409e-08
4.43243e-08
3.28681e-08
2.65433e-08
2.80869e-08
3.46832e-08
3.58565e-08
2.28183e-08
4.27402e-09
0
0
0
0
0
0
0
1.0543e-08
7.64922e-09
0
0
0
0
0
0
0
0
0
0
0
0
0
0
0
0
0
0
0
0
0
0
0
0
0
0
0
0
0
0
0
0
0
0
0
0
0
0
0
0
0
3.02557e-08
6.15957e-08
3.236e-08
0
0
0
0
0
0
0
0
0
0
0
7.12541e-08
2.01924e-07
0
0
0
0
9.24577e-08
1.2255e-07
9.70473e-08
9.22188e-08
1.21186e-07
1.18638e-07
1.09372e-07
1.25508e-07
1.42041e-07
1.3696e-07
1.23223e-07
1.07618e-07
8.56514e-08
6.3314e-08
4.50931e-08
3.35149e-08
2.72672e-08
2.21212e-08
1.74081e-08
1.54808e-08
1.62602e-08
1.81002e-08
1.98812e-08
2.06715e-08
1.93017e-08
1.51075e-08
8.63837e-09
1.54308e-09
0
0
0
0
0
0
0
0
0
2.72987e-09
2.4028e-08
3.72058e-08
4.77641e-08
8.20007e-08
1.82428e-07
3.70931e-07
5.96743e-07
9.03621e-07
1.17672e-06
1.49876e-06
1.75538e-06
2.1193e-06
2.88616e-06
3.72067e-06
3.29557e-06
2.19071e-07
0
0
0
0
7.52946e-08
1.52335e-07
1.41223e-07
9.48139e-08
8.22867e-08
9.30178e-08
3.66484e-08
0
0
0
0
0
0
0
0
0
0
1.70956e-08
1.62347e-08
4.19617e-08
1.51569e-07
2.52907e-07
2.78049e-07
2.32338e-07
1.73562e-07
1.19864e-07
9.60441e-08
1.02879e-07
1.21587e-07
1.36964e-07
1.43058e-07
1.45368e-07
1.47839e-07
1.55667e-07
1.60972e-07
1.57389e-07
1.49741e-07
1.41507e-07
1.31088e-07
1.17276e-07
1.03213e-07
8.80533e-08
7.53665e-08
6.74189e-08
5.96488e-08
5.09316e-08
4.36627e-08
4.05211e-08
4.11327e-08
3.93542e-08
2.65727e-08
6.4614e-09
0
0
9.83644e-10
2.43046e-10
0
0
1.41288e-09
8.65308e-09
1.38473e-08
6.84091e-09
0
0
0
0
0
0
0
0
0
0
0
0
7.04456e-09
0
0
0
0
0
0
0
0
0
0
0
0
0
0
0
0
0
0
0
0
0
0
0
0
0
0
0
3.37426e-08
6.00579e-08
4.15104e-08
0
0
0
0
0
0
0
0
0
0
0
3.62431e-08
2.81364e-07
1.31882e-07
0
0
6.52478e-09
9.0246e-08
8.36088e-08
5.49544e-08
4.41608e-08
5.09078e-08
7.20857e-08
7.0403e-08
6.91997e-08
7.10963e-08
6.4355e-08
5.37543e-08
4.3007e-08
2.7912e-08
1.20714e-08
4.42614e-10
0
0
0
1.11963e-09
6.42088e-09
1.46668e-08
2.43278e-08
3.34953e-08
4.00414e-08
4.21702e-08
3.93582e-08
3.14958e-08
2.07675e-08
8.91531e-09
0
0
0
0
0
0
0
0
0
0
0
2.25482e-08
1.0153e-07
2.24532e-07
3.94759e-07
5.10005e-07
6.31712e-07
7.21119e-07
8.33899e-07
9.56953e-07
1.32763e-06
2.05546e-06
3.1957e-06
4.82622e-06
5.44761e-07
0
0
0
0
7.30613e-08
1.39726e-07
1.55756e-07
1.16434e-07
7.70045e-08
6.98103e-08
6.19125e-08
0
0
0
0
0
0
0
0
0
0
6.47059e-08
9.94038e-08
1.30215e-07
1.97694e-07
2.7188e-07
3.12744e-07
2.92627e-07
2.43884e-07
1.93036e-07
1.51474e-07
1.36037e-07
1.43241e-07
1.59399e-07
1.73889e-07
1.82346e-07
1.86082e-07
1.86285e-07
1.86576e-07
1.80178e-07
1.67606e-07
1.55777e-07
1.4382e-07
1.27526e-07
1.1132e-07
9.80034e-08
8.68674e-08
7.96763e-08
7.20649e-08
6.1617e-08
5.17958e-08
4.5548e-08
4.32024e-08
3.99817e-08
2.86599e-08
8.78522e-09
0
0
1.23922e-09
6.1557e-09
5.3227e-09
4.35749e-09
4.60067e-09
6.07074e-09
1.05821e-08
1.22773e-08
2.42532e-09
0
0
0
0
0
0
0
0
0
0
0
2.21145e-08
4.61981e-09
0
0
0
0
0
0
0
0
0
0
0
0
0
0
0
0
0
0
0
0
0
3.55321e-09
1.37842e-08
0
0
0
0
2.82286e-08
4.39286e-08
8.12812e-09
0
0
0
0
0
0
0
0
0
3.16248e-08
2.16178e-07
4.17265e-07
3.19717e-07
0
3.10817e-08
1.19386e-07
1.50316e-07
9.86764e-08
4.64497e-08
2.42545e-08
1.6042e-08
1.69466e-08
2.73953e-08
2.58712e-08
1.60775e-08
3.17366e-09
0
0
0
0
0
0
0
0
0
1.0761e-09
1.34603e-08
2.69643e-08
3.96403e-08
4.87054e-08
5.24453e-08
5.10576e-08
4.44538e-08
3.43582e-08
2.22312e-08
8.44872e-09
0
0
0
0
0
0
0
0
0
0
0
9.16e-08
1.93724e-07
2.51127e-07
2.12266e-07
1.40579e-07
7.76514e-08
3.35896e-08
7.76478e-08
2.98218e-07
7.00078e-07
1.28915e-06
2.14635e-06
1.22547e-06
0
0
0
0
6.76948e-08
1.17746e-07
1.39525e-07
1.14197e-07
6.9447e-08
4.42615e-08
4.09414e-08
2.92509e-08
0
0
0
0
0
6.73132e-09
0
0
5.08838e-08
8.52831e-08
1.02106e-07
1.28139e-07
1.7848e-07
2.42266e-07
2.9643e-07
3.10797e-07
2.90418e-07
2.45607e-07
2.06353e-07
1.80629e-07
1.74957e-07
1.81963e-07
1.95616e-07
2.08967e-07
2.16645e-07
2.1622e-07
2.10816e-07
2.03225e-07
1.89231e-07
1.73156e-07
1.58124e-07
1.40262e-07
1.21768e-07
1.08827e-07
9.9227e-08
9.25355e-08
8.51406e-08
7.23028e-08
5.8126e-08
4.79816e-08
4.3222e-08
3.95468e-08
2.97055e-08
1.06541e-08
0
0
0
8.28561e-09
1.0792e-08
9.98303e-09
8.11791e-09
5.00065e-09
4.46481e-09
9.13757e-09
8.97312e-09
0
0
0
0
0
0
0
0
0
0
0
0
3.26381e-08
0
0
0
0
0
0
0
0
0
0
0
0
0
0
0
0
0
0
0
0
0
3.21797e-08
4.80217e-08
0
0
0
0
0
0
1.58843e-09
0
0
0
0
0
0
0
0
0
1.25244e-07
2.93826e-07
4.76401e-07
6.45001e-07
4.52362e-07
2.21033e-07
2.06935e-07
2.13266e-07
1.41236e-07
6.87148e-08
3.39511e-08
1.65037e-08
4.90661e-09
2.96702e-10
0
0
0
0
0
0
0
0
0
0
0
0
0
1.28351e-08
2.77757e-08
4.10755e-08
5.00304e-08
5.32451e-08
5.1788e-08
4.6002e-08
3.74506e-08
2.74171e-08
1.52845e-08
2.09532e-09
0
0
0
0
0
0
0
0
0
4.20635e-09
1.28071e-07
1.77665e-07
9.43459e-08
0
0
0
0
0
0
8.27314e-09
3.20849e-07
7.60703e-07
9.87155e-07
0
0
0
0
5.16045e-08
9.15488e-08
1.09438e-07
9.46932e-08
5.94312e-08
3.14256e-08
1.97641e-08
2.09063e-08
2.02873e-08
4.62523e-09
0
0
0
2.50046e-08
4.69902e-08
6.66623e-08
9.86759e-08
1.08098e-07
1.09803e-07
1.28394e-07
1.73143e-07
2.42775e-07
2.98661e-07
3.14197e-07
3.11399e-07
2.846e-07
2.49462e-07
2.24509e-07
2.11157e-07
2.08587e-07
2.13093e-07
2.26161e-07
2.38136e-07
2.41658e-07
2.33271e-07
2.22175e-07
2.08793e-07
1.91974e-07
1.73882e-07
1.53379e-07
1.32173e-07
1.18632e-07
1.10254e-07
1.03517e-07
9.65343e-08
8.35087e-08
6.56542e-08
5.09345e-08
4.30696e-08
3.92254e-08
3.08792e-08
1.25559e-08
0
0
0
7.64268e-09
1.37989e-08
1.42655e-08
1.16916e-08
5.48844e-09
0
4.60055e-10
7.76005e-09
5.0272e-09
0
0
0
0
0
0
0
0
0
0
0
9.25493e-09
1.46747e-08
0
0
0
0
0
0
0
0
0
0
0
0
0
0
0
0
0
0
0
0
2.85156e-08
4.71256e-09
0
0
0
0
0
0
0
0
0
0
3.64883e-08
1.40268e-07
1.73713e-07
0
0
3.04291e-08
1.75732e-07
3.39376e-07
6.36382e-07
7.56462e-07
4.53407e-07
2.70277e-07
2.59328e-07
2.4963e-07
1.68845e-07
9.46134e-08
5.03017e-08
3.15148e-08
1.51605e-08
5.07245e-10
0
0
0
0
0
0
0
0
0
0
0
0
0
1.23143e-08
2.81435e-08
4.09278e-08
4.89272e-08
5.07479e-08
4.81748e-08
4.20901e-08
3.38876e-08
2.49834e-08
1.48328e-08
3.43755e-09
0
0
0
0
0
0
0
0
0
1.09877e-07
2.77441e-07
2.39393e-07
0
0
0
0
0
0
0
0
0
2.26313e-07
7.45988e-07
0
0
0
0
3.52941e-08
6.58955e-08
7.68574e-08
6.76765e-08
4.73048e-08
2.71852e-08
1.27651e-08
9.13388e-09
1.5873e-08
1.79961e-08
8.51146e-09
0
0
1.46582e-08
5.00443e-08
8.96259e-08
1.14462e-07
1.22329e-07
1.23939e-07
1.4152e-07
1.87001e-07
2.66497e-07
3.23047e-07
3.36361e-07
3.31978e-07
3.07965e-07
2.79371e-07
2.61045e-07
2.47893e-07
2.38695e-07
2.32941e-07
2.37108e-07
2.50332e-07
2.58522e-07
2.53838e-07
2.38605e-07
2.23194e-07
2.06668e-07
1.87269e-07
1.64065e-07
1.39933e-07
1.24943e-07
1.17754e-07
1.10956e-07
1.04103e-07
9.24965e-08
7.42293e-08
5.63666e-08
4.54898e-08
4.0768e-08
3.35364e-08
1.54772e-08
0
0
0
5.01304e-09
1.46252e-08
1.69458e-08
1.5002e-08
7.46227e-09
0
0
0
7.10492e-09
2.38497e-11
0
0
0
0
0
0
0
0
0
0
0
1.45463e-08
0
0
0
0
0
0
0
0
0
0
0
0
0
0
0
0
0
0
0
0
0
0
0
0
0
0
0
0
0
0
0
0
0
0
1.2438e-08
0
0
4.04917e-08
2.09249e-07
4.75963e-07
5.74246e-07
4.47472e-07
3.4205e-07
2.8213e-07
2.9227e-07
2.51892e-07
1.73105e-07
9.40657e-08
5.95678e-08
4.23932e-08
2.87029e-08
1.24866e-08
0
0
0
0
0
0
0
0
0
0
0
0
0
1.16112e-08
2.86942e-08
4.12815e-08
4.86408e-08
4.9338e-08
4.54116e-08
3.85415e-08
2.98157e-08
2.06414e-08
1.12215e-08
9.18619e-10
0
0
0
0
0
0
0
0
3.9391e-08
2.85094e-07
5.79514e-07
4.08323e-07
0
0
0
0
0
0
0
0
0
1.46737e-08
4.65195e-07
5.37614e-07
0
0
0
2.78641e-08
4.75328e-08
5.23068e-08
4.59794e-08
3.50963e-08
2.34533e-08
1.194e-08
5.72363e-09
8.42301e-09
1.58023e-08
1.69375e-08
1.17848e-08
9.14217e-09
1.87323e-08
5.85012e-08
1.09629e-07
1.3059e-07
1.3318e-07
1.36879e-07
1.60074e-07
2.1163e-07
2.9791e-07
3.5105e-07
3.61619e-07
3.55811e-07
3.28345e-07
2.97056e-07
2.81876e-07
2.74e-07
2.64511e-07
2.52474e-07
2.46797e-07
2.54374e-07
2.64462e-07
2.64589e-07
2.49751e-07
2.31537e-07
2.13676e-07
1.9205e-07
1.65154e-07
1.3846e-07
1.22967e-07
1.18293e-07
1.11688e-07
1.04372e-07
9.48583e-08
8.04329e-08
6.39098e-08
5.15703e-08
4.53456e-08
3.85021e-08
2.0491e-08
0
0
0
1.07431e-09
1.33617e-08
1.76523e-08
1.73103e-08
1.03181e-08
0
0
0
0
5.33829e-09
0
0
0
0
0
0
0
0
0
0
0
0
4.44091e-09
0
0
0
0
0
0
0
0
0
0
0
0
0
0
0
0
0
0
0
0
0
0
0
0
0
0
0
0
0
0
0
0
0
0
0
1.92568e-07
3.37008e-07
3.71399e-07
3.40742e-07
2.94493e-07
2.52469e-07
2.83364e-07
2.77007e-07
2.80705e-07
2.28841e-07
1.52479e-07
8.85254e-08
5.86906e-08
4.55245e-08
3.46256e-08
2.23688e-08
2.47175e-09
0
0
0
0
0
0
0
0
0
0
0
0
1.02375e-08
2.88112e-08
4.197e-08
4.93003e-08
4.97425e-08
4.51815e-08
3.77068e-08
2.83039e-08
1.82746e-08
8.43836e-09
0
0
0
0
0
0
0
0
0
1.02232e-07
4.66701e-07
1.05781e-06
5.9642e-07
0
0
0
0
0
0
0
0
0
0
1.49393e-07
3.47151e-07
1.46779e-08
0
0
2.31276e-08
3.32139e-08
3.41632e-08
2.95143e-08
2.26073e-08
1.59331e-08
9.90412e-09
6.36502e-09
7.24682e-09
1.40407e-08
2.14491e-08
2.34815e-08
2.42222e-08
3.9525e-08
9.04222e-08
1.35218e-07
1.46235e-07
1.44314e-07
1.49961e-07
1.77046e-07
2.3139e-07
3.16862e-07
3.61855e-07
3.69729e-07
3.6374e-07
3.37505e-07
2.99265e-07
2.83489e-07
2.78765e-07
2.73167e-07
2.59944e-07
2.48027e-07
2.48769e-07
2.5681e-07
2.58871e-07
2.4645e-07
2.271e-07
2.07923e-07
1.8305e-07
1.50696e-07
1.20593e-07
1.05629e-07
1.06488e-07
1.02683e-07
9.48683e-08
8.70882e-08
7.80049e-08
6.7361e-08
5.7299e-08
5.01679e-08
4.3126e-08
2.67774e-08
0
0
0
0
1.01487e-08
1.61955e-08
1.76645e-08
1.25826e-08
0
0
0
0
1.91186e-09
2.52673e-09
0
0
0
0
0
0
0
0
0
0
0
8.65418e-10
0
0
0
0
0
0
0
0
0
0
0
0
0
0
0
0
0
0
0
0
0
0
0
0
0
0
0
0
0
0
0
0
0
0
0
8.16879e-08
1.82758e-07
1.7962e-07
1.6503e-07
1.599e-07
2.08057e-07
2.52193e-07
2.62105e-07
2.35316e-07
1.89189e-07
1.24973e-07
8.21124e-08
5.66728e-08
4.27205e-08
3.11476e-08
2.16482e-08
8.7179e-09
0
0
0
0
0
0
0
0
0
0
0
0
8.20894e-09
2.85241e-08
4.28427e-08
5.08443e-08
5.20891e-08
4.79489e-08
4.02285e-08
2.99346e-08
1.90451e-08
8.99906e-09
0
0
0
0
0
0
0
0
0
1.17472e-07
5.17542e-07
1.48247e-06
4.07061e-07
0
0
0
0
0
0
0
0
0
0
0
8.20593e-08
3.26608e-08
0
4.62042e-09
1.64929e-08
2.13474e-08
2.17197e-08
1.91445e-08
1.49564e-08
1.15567e-08
1.02279e-08
1.09827e-08
1.51952e-08
2.60202e-08
3.88833e-08
4.61676e-08
5.34873e-08
8.20605e-08
1.29077e-07
1.5154e-07
1.51776e-07
1.47476e-07
1.55989e-07
1.86421e-07
2.40519e-07
3.23358e-07
3.64073e-07
3.72133e-07
3.67887e-07
3.49401e-07
3.06298e-07
2.85253e-07
2.8259e-07
2.81936e-07
2.72283e-07
2.57248e-07
2.51184e-07
2.5512e-07
2.57046e-07
2.4653e-07
2.26403e-07
2.05275e-07
1.76653e-07
1.37861e-07
1.02455e-07
8.55625e-08
8.99144e-08
9.24056e-08
8.50658e-08
7.85334e-08
7.41011e-08
7.04717e-08
6.53457e-08
5.77258e-08
4.78937e-08
3.20488e-08
7.24967e-09
0
0
0
6.81246e-09
1.43031e-08
1.731e-08
1.42057e-08
7.30405e-10
0
0
0
0
4.65616e-09
0
0
0
0
0
4.44873e-08
0
0
0
0
0
0
5.40081e-09
0
0
0
0
0
0
0
0
0
0
0
0
0
0
0
0
0
0
0
0
0
0
0
0
0
0
0
0
0
0
0
0
0
0
0
3.97039e-08
6.72672e-08
8.98608e-08
1.57782e-07
2.34007e-07
2.31304e-07
1.96303e-07
1.66223e-07
1.3019e-07
9.45265e-08
6.76099e-08
4.96259e-08
3.70281e-08
2.50225e-08
1.45767e-08
6.45403e-09
0
0
0
0
0
0
0
0
0
0
0
0
6.11386e-09
2.70039e-08
4.27287e-08
5.25659e-08
5.60518e-08
5.33483e-08
4.59891e-08
3.57774e-08
2.52765e-08
1.54741e-08
5.13299e-09
0
0
0
0
0
0
0
0
8.58322e-08
3.27821e-07
7.73784e-07
0
0
0
0
0
0
0
0
0
0
0
0
0
0
0
9.13316e-09
1.97109e-08
2.30584e-08
2.26436e-08
2.03483e-08
1.74478e-08
1.61968e-08
1.85697e-08
2.56792e-08
3.92934e-08
5.81589e-08
7.15157e-08
7.62199e-08
8.27174e-08
1.04906e-07
1.29831e-07
1.4079e-07
1.40246e-07
1.37286e-07
1.43594e-07
1.67009e-07
2.13654e-07
2.86637e-07
3.26832e-07
3.39924e-07
3.41368e-07
3.34361e-07
3.02197e-07
2.73204e-07
2.67208e-07
2.72136e-07
2.71381e-07
2.58047e-07
2.4677e-07
2.4432e-07
2.43959e-07
2.33971e-07
2.1461e-07
1.92921e-07
1.63006e-07
1.20814e-07
8.25017e-08
6.45951e-08
6.82701e-08
7.64699e-08
7.25418e-08
6.744e-08
6.68428e-08
6.86713e-08
6.89403e-08
6.31527e-08
4.96151e-08
3.05931e-08
1.03254e-08
0
0
0
4.3464e-09
1.11818e-08
1.51033e-08
1.45505e-08
4.52725e-09
0
0
0
0
0
3.14797e-09
0
0
0
0
4.13569e-08
6.18874e-08
0
0
0
0
0
1.8655e-09
2.89629e-09
0
0
0
0
0
0
0
0
0
2.03308e-08
0
0
0
0
0
0
0
0
0
0
0
0
0
0
0
0
0
0
0
0
0
0
0
0
1.80217e-08
5.70334e-08
1.44667e-07
2.11165e-07
2.01147e-07
1.5738e-07
1.29296e-07
1.08654e-07
9.07935e-08
7.34718e-08
5.62811e-08
4.09017e-08
2.87282e-08
1.74078e-08
6.6199e-09
0
0
0
0
0
0
0
0
0
0
0
0
0
1.06381e-08
2.92441e-08
4.27699e-08
5.2192e-08
5.77068e-08
5.89843e-08
5.58035e-08
5.00579e-08
4.26242e-08
3.27687e-08
1.98727e-08
4.80949e-09
0
0
0
0
0
0
4.45391e-09
7.45662e-08
1.11162e-07
0
0
7.99504e-08
3.03078e-08
0
0
0
0
0
0
0
0
0
0
0
0
3.28775e-08
5.00198e-08
5.13384e-08
4.64783e-08
4.11098e-08
3.85295e-08
4.14885e-08
5.1694e-08
7.02427e-08
9.11805e-08
9.77137e-08
9.07936e-08
8.17932e-08
8.02954e-08
9.33601e-08
1.10045e-07
1.19634e-07
1.2328e-07
1.27155e-07
1.36949e-07
1.531e-07
1.85147e-07
2.39733e-07
2.79458e-07
2.99555e-07
3.09464e-07
3.12334e-07
2.98559e-07
2.70125e-07
2.58702e-07
2.62681e-07
2.67986e-07
2.62332e-07
2.49728e-07
2.42329e-07
2.38479e-07
2.28e-07
2.08817e-07
1.86193e-07
1.55598e-07
1.11233e-07
7.02806e-08
5.18352e-08
5.38407e-08
6.37009e-08
6.55068e-08
6.189e-08
6.32198e-08
6.80997e-08
7.15647e-08
6.76902e-08
5.1634e-08
2.58999e-08
2.93644e-09
0
1.87774e-09
1.53342e-09
3.91351e-09
8.37917e-09
1.25741e-08
1.43266e-08
8.4894e-09
0
0
0
0
0
4.04488e-10
0
0
0
0
1.73681e-08
6.40619e-08
4.93983e-08
0
0
0
0
0
7.26311e-09
0
0
0
0
0
0
0
0
0
0
1.27457e-09
0
0
0
0
0
0
4.49182e-10
0
0
0
0
0
0
0
0
0
0
0
0
0
0
0
5.81308e-09
5.41586e-08
1.39087e-07
1.5246e-07
1.38077e-07
1.08125e-07
8.93971e-08
7.86717e-08
7.33734e-08
6.88598e-08
6.01493e-08
4.72245e-08
3.36925e-08
2.22054e-08
1.19112e-08
1.73309e-09
0
0
0
0
0
0
0
0
0
0
0
0
0
9.21274e-09
3.69292e-08
5.3181e-08
5.83631e-08
5.78039e-08
5.7788e-08
6.04571e-08
6.39398e-08
6.40444e-08
5.85621e-08
4.75797e-08
3.23052e-08
1.35619e-08
0
0
0
0
0
2.16146e-08
6.18197e-08
2.72681e-08
0
5.40798e-08
7.16106e-08
2.39133e-08
2.57014e-09
0
0
0
0
0
0
0
0
0
0
0
1.74717e-07
1.96537e-07
1.72631e-07
1.45827e-07
1.27718e-07
1.22973e-07
1.27672e-07
1.32529e-07
1.29199e-07
1.1399e-07
9.28797e-08
7.24205e-08
5.9397e-08
6.01169e-08
7.21545e-08
8.48204e-08
9.31335e-08
1.00096e-07
1.10811e-07
1.2782e-07
1.47599e-07
1.72772e-07
2.0501e-07
2.35351e-07
2.56177e-07
2.72165e-07
2.83977e-07
2.85559e-07
2.70792e-07
2.5572e-07
2.55951e-07
2.63142e-07
2.63498e-07
2.55021e-07
2.44011e-07
2.35695e-07
2.24418e-07
2.05741e-07
1.82569e-07
1.51593e-07
1.06558e-07
6.36587e-08
4.52375e-08
4.65645e-08
5.49779e-08
6.08791e-08
6.04402e-08
6.23952e-08
6.85326e-08
7.33653e-08
7.01611e-08
5.24304e-08
2.00963e-08
0
0
5.16647e-09
8.31497e-09
4.70887e-09
5.73569e-09
9.58634e-09
1.2923e-08
1.08532e-08
0
0
0
0
0
0
1.64545e-09
0
0
0
4.61222e-10
3.26712e-08
6.16077e-08
2.78859e-08
0
0
0
0
1.78941e-09
8.61513e-09
0
0
0
0
0
0
0
0
0
5.0423e-08
0
0
0
0
0
0
0
0
0
0
0
0
0
0
0
0
0
0
0
0
0
1.10999e-08
5.5014e-08
6.86337e-08
7.01857e-08
6.60711e-08
6.14883e-08
5.78247e-08
5.6928e-08
5.86461e-08
6.05142e-08
5.71596e-08
4.82505e-08
3.6763e-08
2.62821e-08
1.79851e-08
1.08491e-08
2.83585e-09
0
0
0
0
0
0
0
0
0
0
0
0
0
0
3.3108e-09
3.1328e-08
4.73577e-08
5.2855e-08
5.68239e-08
6.15196e-08
6.37893e-08
6.52782e-08
7.08751e-08
7.50237e-08
6.53074e-08
4.04018e-08
1.06451e-08
0
0
0
0
1.70984e-08
5.51157e-08
9.81549e-08
1.23075e-07
6.13204e-08
0
0
7.01612e-08
1.81795e-07
1.24954e-07
0
0
0
0
0
0
0
0
0
8.00243e-08
1.29285e-07
1.49726e-07
1.51384e-07
1.47903e-07
1.47508e-07
1.46267e-07
1.33352e-07
1.10725e-07
8.42657e-08
5.71564e-08
3.61278e-08
2.78871e-08
3.33179e-08
4.63278e-08
5.87328e-08
6.7897e-08
7.72499e-08
9.16315e-08
1.12319e-07
1.37283e-07
1.59897e-07
1.82386e-07
2.04088e-07
2.20814e-07
2.36886e-07
2.55396e-07
2.66169e-07
2.66149e-07
2.56253e-07
2.52662e-07
2.58865e-07
2.62107e-07
2.58406e-07
2.46915e-07
2.34603e-07
2.21919e-07
2.04499e-07
1.81906e-07
1.50118e-07
1.04779e-07
6.11593e-08
4.35878e-08
4.52163e-08
5.17531e-08
5.77113e-08
6.08347e-08
6.37115e-08
6.98126e-08
7.47943e-08
7.14109e-08
5.17591e-08
1.38503e-08
0
0
0
9.50137e-09
5.18452e-09
2.896e-09
5.94903e-09
1.01766e-08
1.08348e-08
2.03632e-09
0
0
0
0
0
0
2.64811e-09
0
0
0
9.45033e-09
3.49683e-08
4.40476e-08
1.07927e-08
0
0
0
0
7.51424e-09
6.9868e-09
0
0
0
0
0
0
0
0
0
4.71774e-08
0
0
0
0
0
0
0
0
0
0
0
0
0
0
0
0
0
0
0
3.95445e-09
1.76197e-08
2.58389e-08
3.0471e-08
3.41174e-08
3.79083e-08
4.20705e-08
4.54867e-08
4.85871e-08
4.92572e-08
4.64421e-08
4.05936e-08
3.31173e-08
2.55943e-08
1.89562e-08
1.3539e-08
9.1991e-09
4.23771e-09
0
0
0
0
0
0
0
0
0
0
0
0
0
0
0
0
0
0
1.8498e-08
3.54458e-08
4.13425e-08
4.83099e-08
6.9093e-08
8.82048e-08
8.2269e-08
5.57823e-08
2.78667e-08
7.07988e-09
0
0
0
8.37274e-09
7.24443e-08
1.52906e-07
1.30193e-07
0
0
0
5.73135e-07
7.70319e-07
6.03614e-07
2.80499e-07
1.16652e-08
0
0
0
0
0
0
1.79847e-08
4.47537e-08
6.30393e-08
7.48883e-08
8.15214e-08
8.57128e-08
8.97672e-08
9.08634e-08
7.94579e-08
5.61948e-08
3.16452e-08
1.26035e-08
2.22286e-09
1.77704e-09
1.02591e-08
2.37977e-08
3.7322e-08
4.88246e-08
6.02235e-08
7.52298e-08
9.55227e-08
1.21461e-07
1.44643e-07
1.64206e-07
1.82381e-07
1.97357e-07
2.11582e-07
2.30558e-07
2.49207e-07
2.56075e-07
2.55958e-07
2.51754e-07
2.55679e-07
2.59983e-07
2.58604e-07
2.48598e-07
2.33239e-07
2.18095e-07
2.01567e-07
1.81291e-07
1.49438e-07
1.02509e-07
5.88767e-08
4.43895e-08
4.74992e-08
5.26816e-08
5.65389e-08
6.05787e-08
6.52006e-08
7.09338e-08
7.52097e-08
7.12216e-08
4.98147e-08
7.08077e-09
0
0
0
8.64086e-10
3.33715e-09
0
1.30581e-09
5.87826e-09
8.16804e-09
3.3589e-09
0
0
0
0
0
0
4.98827e-10
5.49137e-09
4.57816e-09
5.58835e-10
1.06853e-09
1.20917e-08
2.74716e-08
2.52143e-08
1.91606e-09
0
0
0
0
1.08116e-08
3.47401e-09
0
0
0
0
0
0
0
0
0
3.86561e-09
0
0
0
0
0
0
0
0
0
0
0
0
0
0
0
0
0
3.71064e-09
1.02683e-08
1.53302e-08
1.98122e-08
2.43988e-08
2.92113e-08
3.31137e-08
3.52e-08
3.5185e-08
3.3693e-08
3.1564e-08
2.90337e-08
2.56561e-08
2.15879e-08
1.70772e-08
1.21961e-08
7.29343e-09
2.98305e-09
0
0
0
0
0
0
0
0
0
0
0
0
0
0
0
0
0
0
0
0
0
0
0
2.92604e-08
5.85134e-08
6.27627e-08
5.06681e-08
3.96313e-08
2.74063e-08
5.66021e-09
0
0
0
5.85098e-08
1.09761e-07
5.25258e-08
0
0
1.11662e-06
1.88803e-06
1.66619e-06
1.24019e-06
6.54934e-07
2.12671e-07
0
0
0
0
0
8.06442e-09
2.70427e-08
3.94708e-08
4.78877e-08
5.39604e-08
5.80584e-08
6.01349e-08
5.98311e-08
5.30981e-08
3.34352e-08
8.98134e-09
0
0
0
0
0
4.37302e-09
1.87431e-08
3.28542e-08
4.68443e-08
6.20411e-08
8.03093e-08
1.02807e-07
1.26831e-07
1.48079e-07
1.67868e-07
1.85252e-07
2.00514e-07
2.18653e-07
2.39595e-07
2.505e-07
2.53815e-07
2.51743e-07
2.52722e-07
2.56991e-07
2.5689e-07
2.47228e-07
2.30158e-07
2.12598e-07
1.96163e-07
1.7856e-07
1.47212e-07
9.62623e-08
5.05482e-08
4.35018e-08
5.06911e-08
5.48361e-08
5.68409e-08
5.9407e-08
6.48412e-08
7.08129e-08
7.41395e-08
6.92831e-08
4.63713e-08
0
0
0
0
0
0
0
0
0
2.74701e-09
2.10999e-10
0
0
0
0
0
0
0
3.99609e-09
1.02552e-08
9.93797e-09
4.44198e-09
2.70357e-09
9.39783e-09
1.72319e-08
1.26351e-08
0
0
0
0
2.91636e-09
1.33704e-08
1.68067e-09
0
0
0
0
0
0
0
0
0
0
0
0
0
0
0
0
0
0
0
0
0
0
0
1.81413e-09
6.13618e-09
9.56685e-09
1.23262e-08
1.49683e-08
1.77273e-08
2.02753e-08
2.19545e-08
2.22804e-08
2.15183e-08
2.03394e-08
1.94268e-08
1.91112e-08
1.8994e-08
1.83066e-08
1.65212e-08
1.36182e-08
9.84222e-09
5.43616e-09
9.63935e-10
0
0
0
0
0
0
0
0
0
0
0
0
0
0
0
0
0
0
0
0
0
0
0
0
0
1.02775e-08
2.07449e-08
2.5054e-08
3.34892e-08
3.26677e-08
6.23689e-09
0
0
0
1.73749e-09
2.70161e-08
0
0
4.3071e-07
3.00289e-06
2.74067e-06
2.35842e-06
1.77052e-06
9.38528e-07
3.29524e-07
4.17799e-08
0
0
0
9.77102e-09
2.22533e-08
3.24999e-08
4.044e-08
4.61694e-08
5.00687e-08
5.2198e-08
5.20143e-08
4.83712e-08
3.52847e-08
5.49777e-09
0
0
0
0
0
0
0
6.64785e-10
1.59527e-08
3.23548e-08
4.89736e-08
6.67757e-08
8.78681e-08
1.09404e-07
1.31816e-07
1.57486e-07
1.80414e-07
1.97718e-07
2.15742e-07
2.35092e-07
2.4685e-07
2.51742e-07
2.51466e-07
2.49768e-07
2.52561e-07
2.52717e-07
2.42645e-07
2.24005e-07
2.04321e-07
1.87683e-07
1.72744e-07
1.42154e-07
8.38033e-08
2.86181e-08
3.25132e-08
5.10971e-08
5.48034e-08
5.56343e-08
5.71339e-08
6.19427e-08
6.85384e-08
7.13697e-08
6.55189e-08
4.13265e-08
0
0
0
0
0
0
0
0
0
0
0
0
0
0
0
0
0
0
0
7.73569e-09
1.48755e-08
1.29393e-08
4.90073e-09
1.17461e-09
4.9805e-09
9.51122e-09
6.31654e-09
0
0
0
0
5.97821e-09
2.0058e-08
9.84545e-09
0
0
0
0
0
0
0
0
0
0
0
0
0
0
0
0
0
0
4.24081e-09
8.86438e-09
1.02763e-08
1.02766e-08
1.00417e-08
9.89877e-09
9.93333e-09
1.036e-08
1.10547e-08
1.13026e-08
1.05483e-08
9.0727e-09
7.79139e-09
7.36604e-09
7.78906e-09
8.58044e-09
9.09681e-09
8.86309e-09
7.82643e-09
6.23294e-09
4.31755e-09
2.21955e-09
0
0
0
0
0
0
0
0
0
0
0
0
0
0
0
0
0
0
0
0
0
0
0
0
0
0
0
0
0
0
4.63077e-09
1.18031e-08
0
0
0
0
0
0
0
1.26136e-07
1.16115e-06
2.51385e-06
2.73711e-06
2.74938e-06
2.08692e-06
9.75318e-07
3.06043e-07
1.00631e-07
5.37663e-08
3.92021e-08
3.46833e-08
3.46608e-08
3.75838e-08
4.29303e-08
4.89444e-08
5.37556e-08
5.67201e-08
5.79307e-08
5.68957e-08
5.18203e-08
3.2732e-08
0
0
0
0
0
0
0
0
0
0
1.62283e-08
3.46405e-08
5.317e-08
7.35334e-08
9.49219e-08
1.18475e-07
1.47585e-07
1.7587e-07
1.97464e-07
2.16881e-07
2.34103e-07
2.44407e-07
2.49459e-07
2.50528e-07
2.4774e-07
2.48527e-07
2.46633e-07
2.35221e-07
2.14661e-07
1.92893e-07
1.75887e-07
1.63325e-07
1.3398e-07
6.54405e-08
0
1.06864e-09
4.17259e-08
4.79585e-08
4.9499e-08
5.25353e-08
5.75993e-08
6.47014e-08
6.79563e-08
6.10074e-08
3.51262e-08
0
0
0
0
0
0
0
0
0
0
0
0
0
0
1.94156e-08
1.85975e-08
7.34899e-09
0
0
1.15471e-09
1.05554e-08
1.67226e-08
1.22283e-08
2.89721e-09
0
1.68549e-09
5.19052e-09
3.32822e-09
0
0
0
0
1.31453e-08
3.99167e-08
3.80597e-08
0
0
0
0
0
0
0
0
0
0
0
0
0
0
0
0
7.79784e-09
1.61922e-08
1.89084e-08
1.71814e-08
1.28684e-08
8.07401e-09
4.28672e-09
2.19132e-09
1.71793e-09
2.06209e-09
2.26969e-09
2.00765e-09
1.51394e-09
1.07744e-09
7.67459e-10
4.14977e-10
0
0
0
0
0
0
0
0
0
0
0
0
0
0
0
0
0
0
0
0
0
0
0
0
0
0
0
0
0
0
0
0
1.66598e-08
3.11211e-08
2.52814e-08
3.84666e-09
0
0
0
0
0
0
0
0
0
0
2.1986e-07
1.04286e-06
1.75092e-06
2.26371e-06
2.79578e-06
1.87823e-06
5.38588e-07
2.51124e-07
1.8398e-07
1.23213e-07
8.10862e-08
5.83567e-08
4.88812e-08
4.83007e-08
5.33095e-08
6.02325e-08
6.58824e-08
6.95377e-08
7.19036e-08
7.29389e-08
7.13665e-08
5.38211e-08
0
0
0
0
0
0
0
0
0
0
2.78477e-09
2.29648e-08
4.36942e-08
6.43464e-08
8.43642e-08
1.07195e-07
1.36109e-07
1.68418e-07
1.97687e-07
2.21735e-07
2.38181e-07
2.46143e-07
2.50359e-07
2.5141e-07
2.49477e-07
2.48562e-07
2.43312e-07
2.29152e-07
2.05576e-07
1.81055e-07
1.63128e-07
1.51678e-07
1.22558e-07
4.1106e-08
0
0
1.74221e-08
2.99352e-08
3.58048e-08
4.4306e-08
5.27651e-08
6.11845e-08
6.57707e-08
5.81708e-08
2.93654e-08
0
0
0
0
0
0
0
0
0
0
0
0
0
0
2.73555e-08
4.2696e-08
2.77717e-08
9.28892e-09
0
0
1.96441e-09
1.07945e-08
1.47688e-08
8.99525e-09
5.39786e-10
0
0
2.7614e-09
1.61302e-09
0
0
0
0
3.12536e-08
7.92672e-08
8.01048e-08
1.2474e-08
0
0
0
0
0
0
0
0
0
0
0
0
0
0
0
1.3727e-08
2.328e-08
2.48784e-08
2.13941e-08
1.56998e-08
1.01651e-08
6.06033e-09
3.40575e-09
1.47988e-09
0
0
0
0
0
0
0
0
0
0
0
0
0
0
0
0
0
0
0
0
0
0
0
0
0
0
0
0
0
0
0
0
0
0
0
0
0
0
1.06364e-08
5.75887e-08
5.77438e-08
2.64131e-08
0
0
0
0
0
0
0
0
0
0
1.64442e-07
6.5763e-07
9.51457e-07
1.29341e-06
1.63659e-06
3.87346e-07
3.34797e-07
3.56992e-07
2.63424e-07
1.70368e-07
1.10175e-07
7.66339e-08
6.08589e-08
5.64557e-08
5.88934e-08
6.45659e-08
7.07748e-08
7.62997e-08
8.10654e-08
8.45197e-08
8.6658e-08
8.33318e-08
0
0
0
0
0
0
0
0
0
0
0
1.46134e-08
3.95888e-08
6.48036e-08
8.79525e-08
1.09737e-07
1.33791e-07
1.65255e-07
2.02974e-07
2.33939e-07
2.50149e-07
2.57499e-07
2.60306e-07
2.58376e-07
2.55819e-07
2.52797e-07
2.44602e-07
2.2698e-07
1.98978e-07
1.71037e-07
1.52108e-07
1.40957e-07
1.10549e-07
1.28117e-08
0
0
0
1.28878e-09
1.37354e-08
3.16204e-08
4.71346e-08
5.8796e-08
6.56351e-08
5.89639e-08
2.60883e-08
0
0
0
0
0
0
0
0
0
0
0
0
0
0
1.05514e-08
4.74843e-08
4.42489e-08
2.20628e-08
4.62891e-09
0
0
1.08162e-09
8.00769e-09
1.04083e-08
5.38038e-09
0
0
0
1.30677e-09
1.38682e-09
0
0
0
1.0367e-08
6.57474e-08
1.19984e-07
9.99265e-08
0
0
0
0
0
0
0
0
0
0
0
0
0
0
0
6.71536e-09
2.04632e-08
2.44147e-08
2.15161e-08
1.50291e-08
7.61533e-09
8.07428e-10
0
0
0
0
0
0
0
0
0
0
0
0
0
0
0
0
0
0
0
0
0
0
0
0
0
0
0
0
0
0
0
0
0
0
0
0
0
0
0
0
0
0
0
0
0
0
0
0
0
0
0
0
0
0
4.2181e-08
1.70495e-07
1.43447e-07
3.15267e-08
0
2.49109e-07
4.09375e-07
3.44472e-07
2.26841e-07
1.45265e-07
9.85857e-08
7.40287e-08
6.19962e-08
5.68229e-08
5.57249e-08
5.75555e-08
6.12727e-08
6.58415e-08
7.00313e-08
7.13669e-08
6.72926e-08
5.10417e-08
8.97427e-09
0
0
0
0
0
0
0
0
0
0
0
3.0063e-08
6.05922e-08
8.97415e-08
1.15868e-07
1.39568e-07
1.65201e-07
2.01695e-07
2.32281e-07
2.48414e-07
2.55033e-07
2.52921e-07
2.46484e-07
2.43667e-07
2.41297e-07
2.32504e-07
2.12865e-07
1.82589e-07
1.5314e-07
1.34155e-07
1.24863e-07
9.51818e-08
0
0
0
0
0
0
1.16323e-08
3.64429e-08
5.31605e-08
6.29925e-08
5.97232e-08
2.45831e-08
0
0
0
0
0
0
0
0
0
0
0
0
0
0
0
2.86999e-08
4.45761e-08
2.97646e-08
1.09524e-08
0
0
0
0
3.66994e-09
5.95441e-09
2.31819e-09
0
0
0
2.13181e-09
3.89473e-09
0
0
0
3.7905e-08
9.86515e-08
1.21392e-07
6.61802e-08
0
0
0
0
0
0
0
5.0132e-08
0
0
0
0
0
0
0
0
0
8.57229e-10
0
0
0
0
0
0
0
0
0
0
0
0
0
0
0
0
0
0
0
0
0
0
0
0
0
0
0
0
0
0
0
0
0
0
0
0
0
0
0
0
0
0
0
0
0
0
0
0
0
0
0
0
0
0
0
0
2.90872e-09
4.95358e-08
5.90294e-09
0
0
2.03027e-07
3.46164e-07
3.23786e-07
2.10912e-07
1.32353e-07
8.80887e-08
6.43924e-08
5.20667e-08
4.56966e-08
4.23518e-08
4.09857e-08
4.15492e-08
4.39896e-08
4.81967e-08
5.30133e-08
5.54337e-08
5.28323e-08
3.79679e-08
1.43979e-08
0
0
0
0
0
0
0
0
0
0
0
3.37608e-09
4.23661e-08
7.93317e-08
1.11722e-07
1.40429e-07
1.69034e-07
2.00739e-07
2.28673e-07
2.46627e-07
2.49858e-07
2.36614e-07
2.23139e-07
2.17057e-07
2.14346e-07
2.07235e-07
1.89663e-07
1.61267e-07
1.3395e-07
1.17653e-07
1.11595e-07
8.54016e-08
0
0
0
0
0
0
0
1.89564e-08
4.35603e-08
5.70069e-08
5.7928e-08
2.47016e-08
0
0
0
0
0
0
0
0
0
0
0
0
0
0
0
5.71378e-09
3.07357e-08
2.833e-08
1.35043e-08
2.63516e-09
0
0
0
0
2.81003e-10
2.51547e-09
0
0
0
0
6.36331e-09
7.0588e-09
9.04485e-10
0
2.32933e-08
6.82588e-08
9.34666e-08
7.4463e-08
0
0
0
0
0
0
4.74118e-08
1.40432e-07
0
0
0
0
0
0
0
0
0
0
0
0
0
0
0
0
0
0
0
0
0
0
0
0
0
0
0
0
0
0
0
0
0
0
0
0
0
0
0
1.83665e-09
5.39951e-09
9.98932e-09
1.53556e-08
2.07165e-08
2.52499e-08
2.83028e-08
3.00331e-08
3.15693e-08
3.42347e-08
3.93428e-08
4.75392e-08
6.09447e-08
6.88041e-08
6.2953e-08
3.3523e-08
0
0
0
0
0
0
0
0
0
0
3.67791e-08
1.57784e-07
1.72631e-07
9.26762e-08
5.59039e-08
1.25892e-07
1.9525e-07
1.78217e-07
1.12956e-07
6.8078e-08
4.21315e-08
2.76235e-08
1.96346e-08
1.52132e-08
1.26466e-08
1.09754e-08
1.003e-08
1.00972e-08
1.15251e-08
1.52358e-08
2.07744e-08
2.69524e-08
3.27852e-08
3.34735e-08
3.4019e-08
2.00599e-08
3.10547e-09
0
0
0
0
0
0
0
0
0
0
0
4.25748e-08
8.22879e-08
1.17842e-07
1.5111e-07
1.85562e-07
2.17558e-07
2.32562e-07
2.22966e-07
2.05011e-07
1.90055e-07
1.83484e-07
1.79325e-07
1.69922e-07
1.52184e-07
1.28352e-07
1.07934e-07
9.78489e-08
9.64626e-08
7.78048e-08
0
0
1.13901e-07
0
0
0
0
0
2.96039e-08
4.82665e-08
5.11071e-08
2.00063e-08
0
0
0
1.69488e-08
1.3009e-08
0
0
0
0
0
0
0
0
0
0
0
1.48956e-08
2.00944e-08
1.07529e-08
1.9537e-09
0
0
0
0
0
0
0
0
0
0
4.63803e-09
9.59808e-09
8.34727e-09
8.40495e-09
2.35742e-08
5.05038e-08
6.24979e-08
4.92969e-08
5.60931e-09
0
0
0
0
3.82428e-09
1.42676e-07
2.70521e-07
0
0
0
0
0
0
0
0
0
0
0
0
0
0
0
0
0
0
0
0
0
0
0
0
0
0
0
0
0
0
0
0
0
0
0
0
5.00984e-09
1.24272e-08
1.91162e-08
2.51341e-08
3.10214e-08
3.73174e-08
4.4179e-08
5.14663e-08
5.85481e-08
6.46425e-08
6.95968e-08
7.41883e-08
7.77286e-08
8.06966e-08
8.53505e-08
9.59939e-08
1.15038e-07
1.30267e-07
1.34912e-07
1.27967e-07
1.14591e-07
9.54935e-08
6.07264e-08
0
0
0
0
0
0
0
1.41982e-07
1.85257e-07
1.28791e-07
7.6461e-08
4.80687e-08
2.12701e-08
0
0
0
0
0
0
0
0
0
0
0
0
0
0
0
5.50893e-09
1.90369e-08
3.97699e-08
4.91502e-08
6.54022e-08
1.03163e-07
1.47766e-07
1.68893e-07
3.70864e-08
0
0
0
0
0
0
0
3.60773e-09
5.07918e-08
8.95812e-08
1.19786e-07
1.51986e-07
1.83763e-07
1.93685e-07
1.76994e-07
1.5132e-07
1.32879e-07
1.27571e-07
1.27893e-07
1.24569e-07
1.13238e-07
9.63578e-08
8.25009e-08
7.68403e-08
7.54071e-08
5.74047e-08
2.9166e-08
1.59023e-07
1.52437e-07
1.42298e-09
0
0
0
0
1.56477e-08
4.41263e-08
5.00873e-08
1.71885e-08
0
0
0
5.4659e-08
2.58401e-08
1.42249e-09
0
0
0
0
0
0
0
2.47355e-09
0
0
8.67323e-09
1.32711e-08
6.11483e-09
0
0
0
0
0
0
0
0
0
0
0
3.0023e-09
7.50106e-09
1.02284e-08
1.67921e-08
3.10765e-08
4.34772e-08
4.06772e-08
2.45555e-08
4.91684e-09
0
0
0
0
1.36736e-07
3.29203e-07
4.78287e-07
0
0
0
0
0
0
0
0
0
0
0
0
0
0
0
0
0
0
0
0
0
0
0
0
0
0
0
0
0
0
0
0
0
0
0
1.16661e-08
2.47378e-08
3.6597e-08
4.7371e-08
5.76092e-08
6.7886e-08
7.80752e-08
8.85932e-08
9.93404e-08
1.09861e-07
1.21434e-07
1.32636e-07
1.41068e-07
1.4624e-07
1.49303e-07
1.53114e-07
1.62118e-07
1.76202e-07
1.84872e-07
1.875e-07
1.89656e-07
1.97071e-07
2.21124e-07
2.30669e-07
2.12154e-07
1.73584e-07
1.19423e-07
4.94464e-08
0
0
0
7.32285e-08
1.19599e-07
9.94938e-08
5.17662e-08
6.08985e-09
0
0
0
0
0
0
0
0
0
0
0
0
0
0
0
0
0
0
1.94317e-08
4.59099e-08
1.21768e-07
1.83965e-07
6.04669e-08
0
0
0
0
0
0
0
7.91335e-08
1.51063e-07
1.87834e-07
2.13151e-07
2.12906e-07
1.89435e-07
1.73714e-07
1.74015e-07
1.68518e-07
1.49553e-07
1.27485e-07
1.09066e-07
9.8576e-08
9.28126e-08
8.792e-08
8.16888e-08
7.33306e-08
6.70319e-08
6.69755e-08
6.82268e-08
5.30875e-08
4.80152e-08
1.06827e-07
9.39593e-08
5.51248e-09
0
0
0
0
0
3.76984e-08
4.84853e-08
1.02946e-08
0
0
0
8.58496e-08
2.89036e-08
0
0
0
0
0
0
0
0
1.36133e-08
1.9108e-08
1.61379e-08
1.72058e-08
1.47851e-08
4.50646e-09
0
0
0
0
9.90944e-10
0
0
0
0
0
0
2.80169e-09
4.23775e-09
8.52163e-09
2.1665e-08
3.69947e-08
3.86995e-08
2.43849e-08
6.69065e-09
3.35681e-09
1.05991e-08
0
0
1.2383e-07
4.02118e-07
6.23769e-07
7.23654e-07
0
0
0
0
0
0
0
0
0
0
0
0
0
0
0
0
0
0
0
0
0
0
0
0
0
0
0
0
0
0
0
0
0
6.66046e-09
2.13026e-08
3.61233e-08
5.24275e-08
7.03148e-08
8.92245e-08
1.09356e-07
1.28379e-07
1.44819e-07
1.60875e-07
1.76067e-07
1.90014e-07
2.01543e-07
2.09878e-07
2.15789e-07
2.19901e-07
2.23951e-07
2.30372e-07
2.386e-07
2.46302e-07
2.49827e-07
2.51885e-07
2.57575e-07
2.74778e-07
2.94055e-07
2.9729e-07
2.89203e-07
2.80924e-07
2.78661e-07
2.77493e-07
2.52835e-07
2.11037e-07
1.7306e-07
1.52159e-07
1.33463e-07
9.37929e-08
4.01936e-08
0
0
0
0
0
0
0
0
0
0
0
0
0
0
0
0
0
0
0
0
7.37126e-09
0
0
0
0
0
0
0
0
0
0
2.35261e-06
2.36995e-06
1.81531e-06
1.30832e-06
8.96126e-07
5.71343e-07
3.58829e-07
2.30672e-07
1.27383e-07
5.36181e-08
3.04541e-08
4.10006e-08
6.03059e-08
7.22509e-08
7.20898e-08
6.22863e-08
4.90676e-08
4.1686e-08
4.62143e-08
5.78293e-08
6.11421e-08
7.12185e-08
9.08495e-08
7.1057e-08
7.5945e-09
0
0
0
0
0
4.01214e-08
5.63564e-08
8.86409e-09
0
0
3.66301e-08
1.18191e-07
3.19913e-08
0
0
0
0
0
0
0
0
1.04432e-08
2.86394e-08
3.69303e-08
3.70018e-08
2.81668e-08
1.11108e-08
0
0
0
0
0
1.51393e-09
9.31619e-10
0
0
0
4.45819e-09
5.48065e-09
2.79975e-09
8.07702e-09
2.63538e-08
4.18239e-08
3.57047e-08
1.4651e-08
0
7.48189e-09
3.87392e-08
6.98265e-08
1.77027e-07
5.21278e-07
7.98919e-07
8.95378e-07
8.52349e-07
0
0
0
0
0
2.82901e-08
5.04551e-07
6.57379e-07
6.32409e-07
5.47297e-07
4.43779e-07
3.30312e-07
2.10483e-07
9.42465e-08
0
0
0
0
0
0
0
0
0
0
0
0
0
0
0
0
0
1.31633e-08
3.44177e-08
5.82186e-08
8.5309e-08
1.14523e-07
1.40756e-07
1.58294e-07
1.66484e-07
1.69317e-07
1.71199e-07
1.75206e-07
1.83444e-07
1.97661e-07
2.21443e-07
2.49673e-07
2.7535e-07
2.99238e-07
3.23415e-07
3.46675e-07
3.64677e-07
3.73851e-07
3.75064e-07
3.73828e-07
3.76183e-07
3.88452e-07
3.98101e-07
3.98343e-07
3.911e-07
3.82559e-07
3.73451e-07
3.57859e-07
3.32871e-07
3.00902e-07
2.64634e-07
2.25423e-07
1.82447e-07
1.36703e-07
8.46961e-08
2.78145e-08
0
0
0
0
0
0
0
0
0
0
0
0
0
0
0
0
0
0
0
0
0
0
0
0
0
0
0
0
0
0
0
1.41546e-06
5.98533e-06
5.50086e-06
4.1938e-06
2.98224e-06
2.02919e-06
1.2352e-06
6.73833e-07
2.89644e-07
6.14803e-08
0
0
0
0
4.0553e-10
1.43448e-09
1.0671e-08
2.63944e-08
4.49772e-08
6.2417e-08
7.50526e-08
9.37142e-08
1.01022e-07
6.61786e-08
0
0
0
0
0
1.30804e-08
8.17884e-08
9.625e-08
3.02366e-08
0
0
3.01108e-08
1.21964e-07
1.37838e-08
0
0
0
0
4.92793e-10
0
0
0
1.68413e-10
1.75841e-08
3.43802e-08
4.4381e-08
4.23798e-08
2.60012e-08
4.83651e-09
0
0
0
0
0
0
0
0
5.51736e-09
1.38776e-08
1.20923e-08
5.7651e-09
1.24076e-08
3.43362e-08
4.97146e-08
3.89337e-08
1.74345e-08
7.10119e-09
3.32068e-08
1.1951e-07
3.68893e-07
6.02903e-07
6.91865e-07
7.16429e-07
7.63109e-07
6.62815e-07
0
0
0
0
0
0
2.81185e-07
5.07436e-07
5.27794e-07
4.44139e-07
3.27385e-07
2.06919e-07
9.49438e-08
0
0
0
0
0
0
0
0
0
0
0
0
0
0
0
0
0
0
0
0
2.08073e-08
5.80741e-08
9.68603e-08
1.34382e-07
1.65163e-07
1.8582e-07
1.96526e-07
2.00023e-07
2.00302e-07
2.00958e-07
2.05761e-07
2.17535e-07
2.38589e-07
2.69898e-07
3.06052e-07
3.43961e-07
3.77516e-07
3.99483e-07
4.08328e-07
4.09028e-07
4.07566e-07
4.06633e-07
4.0564e-07
4.02901e-07
3.96955e-07
3.86457e-07
3.70937e-07
3.52298e-07
3.30226e-07
3.04562e-07
2.77439e-07
2.52337e-07
2.16534e-07
1.74358e-07
1.28892e-07
8.00609e-08
2.96748e-08
0
0
0
0
0
0
0
0
0
0
0
0
0
0
0
0
0
0
0
0
0
0
0
0
1.5054e-07
1.90018e-06
0
0
0
0
0
0
0
2.6584e-07
1.00241e-06
1.19641e-06
1.13454e-06
1.05478e-06
8.81452e-07
4.97317e-07
1.41836e-07
0
0
0
0
0
2.37937e-08
3.68989e-08
3.36702e-08
2.87642e-08
3.61514e-08
5.14652e-08
7.54438e-08
6.56009e-08
9.32687e-09
0
0
0
0
6.06893e-08
2.66767e-07
3.4991e-07
2.93021e-07
9.48504e-08
0
0
0
7.56986e-08
0
0
0
4.93801e-09
2.28674e-08
2.2046e-08
8.37513e-09
0
0
0
2.86043e-09
1.90059e-08
3.11716e-08
3.76529e-08
3.43682e-08
2.02638e-08
1.31252e-09
0
0
0
0
0
0
0
5.55341e-09
1.68718e-08
1.58735e-08
1.00445e-08
1.98886e-08
4.4992e-08
6.61803e-08
7.65237e-08
9.95803e-08
1.45662e-07
2.46868e-07
2.75751e-07
2.11471e-07
1.86408e-07
2.46129e-07
2.84025e-07
3.87467e-07
3.16624e-07
0
0
0
0
0
0
1.92359e-07
5.92427e-07
5.92793e-07
4.14272e-07
2.30492e-07
8.10666e-08
0
0
0
0
0
0
0
0
0
0
0
0
1.64873e-08
3.01787e-08
3.28764e-08
3.09006e-08
2.94572e-08
3.06338e-08
3.37215e-08
3.68891e-08
3.87108e-08
3.91369e-08
3.90063e-08
4.00514e-08
4.57236e-08
6.09703e-08
8.93606e-08
1.29216e-07
1.72364e-07
2.06368e-07
2.23302e-07
2.23547e-07
2.14257e-07
2.0523e-07
2.04254e-07
2.12688e-07
2.26652e-07
2.42392e-07
2.60987e-07
2.76035e-07
2.85712e-07
2.89304e-07
2.86721e-07
2.79381e-07
2.68975e-07
2.55281e-07
2.36831e-07
2.15506e-07
1.96878e-07
1.81254e-07
1.66705e-07
1.51359e-07
1.37176e-07
1.22274e-07
1.02553e-07
7.93524e-08
5.34508e-08
2.53729e-08
0
0
0
0
0
0
0
0
0
0
0
0
0
0
0
0
0
0
0
0
0
0
0
0
2.4396e-06
3.37574e-06
4.06363e-08
0
0
0
0
0
0
0
0
0
0
0
0
0
0
0
0
0
0
1.21546e-08
6.12309e-09
0
0
0
0
0
0
0
0
0
0
0
0
7.21724e-07
1.21902e-06
1.27016e-06
1.01455e-06
5.35066e-07
0
0
7.11038e-07
1.01849e-07
0
0
0
3.10335e-08
5.76438e-08
5.18555e-08
2.22636e-08
0
0
0
0
3.14395e-09
1.30084e-08
2.22754e-08
3.3806e-08
3.61807e-08
2.43914e-08
5.54908e-09
0
0
0
0
0
0
0
0
0
0
0
0
5.29815e-09
5.172e-08
7.35157e-08
6.73956e-08
5.26717e-08
3.93283e-08
3.77645e-08
3.90002e-08
7.2104e-08
7.94304e-08
1.61496e-07
8.92181e-08
0
0
0
0
0
0
0
6.01896e-08
1.1719e-07
1.20635e-07
7.319e-08
1.17483e-09
0
0
0
0
0
0
0
0
0
0
0
0
0
0
3.47213e-08
8.78883e-08
1.28695e-07
1.46123e-07
1.38083e-07
1.08859e-07
6.5739e-08
1.7366e-08
0
0
0
0
0
0
8.27202e-08
1.56521e-07
1.88233e-07
1.77129e-07
1.47275e-07
1.23501e-07
1.14393e-07
1.1901e-07
1.32817e-07
1.51491e-07
1.75226e-07
2.00235e-07
2.19092e-07
2.29623e-07
2.3116e-07
2.24147e-07
2.09369e-07
1.87406e-07
1.59064e-07
1.31403e-07
1.10956e-07
9.8974e-08
9.389e-08
9.18101e-08
8.86649e-08
8.14103e-08
7.02652e-08
5.60612e-08
3.91431e-08
1.96745e-08
1.37303e-10
0
0
0
0
0
0
0
1.38695e-08
5.3566e-08
5.40835e-08
0
0
0
0
0
0
0
0
0
0
0
0
0
2.92856e-06
2.93081e-06
0
0
0
0
0
0
0
0
0
0
0
0
0
0
0
0
0
0
0
0
0
0
0
0
0
0
0
0
0
0
0
0
0
1.18854e-06
2.30671e-06
2.45027e-06
2.03478e-06
1.3696e-06
5.59274e-07
0
0
0
0
0
0
0
0
5.67669e-09
0
0
0
0
0
0
0
1.09197e-07
2.11774e-07
2.41562e-07
1.83394e-07
7.3221e-08
0
0
0
0
0
0
0
0
0
0
0
0
0
4.29622e-09
1.24503e-08
1.25645e-08
8.57759e-09
2.59101e-09
1.72788e-09
0
1.78803e-08
1.09101e-08
7.15207e-08
0
4.0208e-08
9.18286e-08
9.68716e-08
9.28612e-08
8.82158e-08
8.50006e-08
8.16872e-08
7.52065e-08
6.27928e-08
4.43201e-08
2.39213e-08
7.9074e-09
7.14418e-11
2.12813e-11
5.3623e-09
1.3751e-08
2.29576e-08
2.99766e-08
3.07048e-08
2.11763e-08
1.95652e-10
0
0
0
0
0
0
0
3.15603e-08
6.324e-08
7.16767e-08
5.28983e-08
1.24172e-08
0
0
0
0
0
0
5.38371e-08
1.32628e-07
1.88461e-07
2.05915e-07
1.9039e-07
1.57335e-07
1.20235e-07
8.6532e-08
6.15957e-08
4.95555e-08
4.92007e-08
5.82383e-08
7.30006e-08
8.85212e-08
9.9372e-08
1.01099e-07
9.2271e-08
7.358e-08
4.80647e-08
2.08105e-08
0
0
0
9.6762e-09
3.15595e-08
4.86227e-08
5.67319e-08
5.65536e-08
5.02827e-08
3.86358e-08
2.20724e-08
4.18303e-09
0
0
0
0
0
0
0
0
0
4.04472e-08
0
0
0
2.71393e-07
2.84525e-07
2.21398e-07
8.76268e-08
0
0
0
0
0
0
5.30476e-06
4.24325e-06
5.84307e-07
0
0
0
0
0
0
4.95215e-08
0
0
0
0
0
0
0
0
0
0
0
0
0
0
0
0
0
0
0
0
0
0
0
0
0
0
3.72255e-07
9.361e-07
9.44075e-07
6.03803e-07
6.67957e-08
0
0
0
0
0
0
0
0
0
0
0
0
0
0
0
0
2.15074e-08
4.91749e-08
5.14045e-08
3.31905e-08
1.14191e-08
0
0
0
0
0
0
0
0
0
0
0
0
0
1.44988e-09
1.73622e-09
0
0
0
0
0
4.0918e-09
0
3.19317e-08
0
0
0
9.67112e-09
1.31684e-07
1.92697e-07
2.02875e-07
1.78328e-07
1.32594e-07
7.77383e-08
2.76985e-08
0
0
0
0
0
9.4717e-09
1.74061e-08
2.00477e-08
1.56169e-08
3.50218e-09
0
0
0
0
0
0
0
0
0
0
4.51249e-09
1.08194e-08
4.82476e-09
0
0
0
0
0
0
0
0
4.52166e-08
9.19428e-08
1.22848e-07
1.28205e-07
1.09367e-07
7.49391e-08
3.61932e-08
5.9442e-09
0
4.7195e-10
2.01229e-08
4.23975e-08
5.75321e-08
6.04781e-08
5.16189e-08
3.46852e-08
1.32283e-08
0
0
0
0
0
0
0
7.27992e-09
1.37672e-08
1.87097e-08
1.4799e-08
6.00173e-09
0
0
0
6.92242e-08
3.35712e-08
0
0
0
0
3.63723e-08
1.95775e-07
0
0
0
2.97978e-07
7.30802e-07
8.01084e-07
7.37886e-07
0
0
0
0
0
0
4.21826e-06
3.12224e-06
6.56881e-07
0
0
0
0
0
3.96872e-07
6.1335e-07
3.79789e-07
0
0
0
0
0
0
0
0
0
0
0
0
0
0
0
0
0
0
0
0
0
0
0
0
0
0
7.48539e-08
1.07769e-08
0
0
0
0
0
0
0
0
0
0
0
8.29545e-09
1.17833e-08
2.56991e-09
0
0
0
0
0
9.70484e-09
1.27538e-08
8.84036e-09
2.76873e-09
0
0
0
0
0
0
0
0
0
0
0
0
0
0
0
0
0
0
0
0
6.32244e-09
0
1.24595e-08
0
0
0
0
0
0
0
0
0
1.08011e-08
3.2961e-08
4.80624e-08
5.26666e-08
4.79826e-08
3.92743e-08
3.15566e-08
2.67897e-08
2.42953e-08
2.21518e-08
1.81932e-08
1.07421e-08
0
0
0
0
0
0
0
0
0
0
8.65302e-09
1.30026e-08
1.0389e-08
1.13984e-09
0
0
0
0
0
0
0
0
0
8.6091e-09
2.69012e-08
2.16953e-08
3.25631e-10
0
0
0
1.50656e-08
3.50414e-08
4.95284e-08
5.57378e-08
5.2646e-08
4.15199e-08
2.5121e-08
5.38278e-09
0
0
0
0
0
0
0
0
0
1.90875e-10
0
2.12014e-08
3.38234e-08
0
3.79522e-08
1.23764e-07
2.90132e-08
0
1.03999e-07
0
0
1.96533e-07
6.70364e-07
0
0
0
0
4.65607e-07
9.04167e-07
1.07444e-06
0
0
0
0
0
8.83992e-07
7.30072e-06
4.09214e-06
1.50997e-06
0
0
0
0
0
1.13517e-06
1.19151e-06
5.74625e-07
0
0
0
0
0
0
0
0
0
0
0
0
0
0
0
0
0
3.34673e-07
5.36858e-07
2.31707e-07
0
0
0
0
1.27959e-08
1.75117e-08
0
0
0
0
0
0
2.92237e-08
8.1492e-09
0
0
0
0
1.05159e-09
5.78071e-09
4.4198e-09
0
0
0
0
0
9.19411e-10
5.12721e-09
5.14753e-09
2.72319e-09
3.52971e-10
0
0
0
0
0
0
0
0
0
0
0
0
0
0
0
0
0
0
0
9.294e-10
4.48406e-09
0
3.80829e-09
0
0
0
0
0
0
0
0
0
0
0
0
0
9.53746e-09
2.07226e-08
2.80953e-08
3.36084e-08
3.89838e-08
4.34142e-08
4.29294e-08
3.26759e-08
1.12596e-08
0
0
0
0
0
0
0
0
0
0
3.30263e-09
9.48781e-09
1.40732e-08
1.50744e-08
1.16932e-08
3.98866e-09
0
0
0
0
0
0
0
0
0
0
0
0
0
0
0
0
0
0
0
0
0
0
0
0
0
0
0
0
0
0
5.7791e-09
0
2.51832e-08
0
0
1.23738e-07
1.4244e-07
3.06452e-08
3.71336e-08
0
0
0
5.59981e-07
1.31979e-06
0
0
0
0
0
5.35029e-08
0
0
0
1.45021e-05
0
0
4.05935e-06
9.20732e-06
6.55951e-06
2.79398e-06
7.46378e-07
5.29959e-07
0
0
0
2.01083e-06
1.42174e-06
1.5318e-07
0
0
0
0
0
0
0
0
0
0
0
0
0
0
0
0
2.62411e-07
9.64467e-07
1.1633e-06
6.49631e-07
0
0
0
2.33721e-08
1.67553e-07
5.60103e-08
0
0
0
0
0
0
0
0
0
0
0
0
0
3.08499e-10
0
0
0
0
0
0
1.43955e-09
2.09149e-09
1.21495e-09
1.13971e-10
0
0
0
0
0
0
0
0
0
0
0
0
0
0
0
0
0
0
1.0312e-09
1.37571e-09
1.01583e-09
1.13926e-09
0
1.1032e-09
0
0
0
0
0
0
0
0
0
0
0
1.69329e-08
3.4124e-08
4.73136e-08
5.54431e-08
5.82741e-08
5.56939e-08
4.8499e-08
3.83382e-08
2.70464e-08
1.61637e-08
6.60892e-09
0
0
0
0
0
0
0
3.49375e-09
6.76669e-09
7.86992e-09
7.0393e-09
5.41914e-09
4.11152e-09
3.31639e-09
3.09282e-09
3.3443e-09
3.84727e-09
4.28835e-09
4.38256e-09
3.98733e-09
2.81322e-09
4.68553e-10
0
0
0
0
0
0
0
0
0
0
0
0
0
0
0
0
0
0
0
0
1.91312e-09
1.54626e-09
0
2.79047e-08
2.91732e-08
9.27666e-09
3.90273e-08
0
0
1.99147e-07
1.69873e-07
0
0
0
0
0
7.85547e-07
1.70729e-06
2.78094e-07
0
0
0
0
0
0
0
7.65581e-06
2.12388e-05
3.37279e-05
0
6.38598e-06
1.00733e-05
9.62733e-06
3.93272e-06
2.36722e-06
1.22008e-06
5.39059e-08
0
0
2.36571e-06
7.08591e-07
0
0
0
0
0
0
0
0
0
0
0
0
0
0
0
0
0
2.26766e-07
1.13105e-06
1.52318e-06
9.45317e-07
1.72793e-07
0
0
1.05672e-07
2.0595e-07
0
0
0
0
0
0
0
0
0
0
0
0
1.58627e-10
9.41791e-11
0
0
0
0
0
0
2.00251e-10
5.64186e-10
3.68209e-10
0
0
0
0
0
0
0
0
0
0
0
0
0
0
0
0
1.56482e-10
4.74412e-10
8.14651e-10
6.56704e-10
6.28615e-10
2.86331e-10
1.98504e-10
1.59225e-10
0
3.19075e-10
0
0
0
0
0
0
0
0
0
0
0
0
2.85018e-10
7.4327e-10
1.19851e-09
1.64718e-09
2.05943e-09
2.39299e-09
2.60369e-09
2.64426e-09
2.47835e-09
2.11267e-09
1.60668e-09
1.0347e-09
4.70635e-10
0
0
0
4.43349e-10
1.18553e-09
1.9784e-09
2.74805e-09
3.12619e-09
3.13037e-09
3.21719e-09
3.37139e-09
3.40856e-09
3.27233e-09
2.99728e-09
2.61559e-09
2.11644e-09
1.47252e-09
6.52797e-10
0
0
0
0
0
0
0
0
0
0
0
0
0
3.92736e-10
0
0
0
0
2.16359e-10
2.55096e-09
1.91e-09
6.41578e-09
0
0
7.29607e-08
8.24971e-08
5.88368e-08
1.01406e-07
0
0
2.0673e-07
1.74034e-07
0
0
0
0
0
1.36728e-06
2.95975e-06
1.02321e-06
0
0
0
0
0
0
0
8.35011e-07
6.32297e-06
1.13481e-05
5.07115e-06
1.11712e-05
1.14559e-05
1.25743e-05
6.17735e-06
2.84794e-06
2.58245e-06
2.45228e-06
1.21277e-06
0
3.00453e-07
0
0
0
0
0
0
0
0
0
0
0
0
0
0
0
0
0
0
0
6.97034e-07
1.41605e-06
1.16102e-06
4.8349e-07
0
0
1.47087e-07
1.35978e-07
0
0
0
0
0
0
0
0
0
0
1.73097e-09
3.33436e-09
2.39537e-09
9.62424e-10
0
0
0
0
0
1.06434e-10
1.71638e-10
1.70043e-10
9.73999e-11
0
0
0
0
0
0
0
0
0
0
0
0
7.8891e-11
2.13701e-10
3.13427e-10
3.3465e-10
3.95964e-10
3.14429e-10
2.78767e-10
1.06958e-10
9.44367e-11
0
1.3479e-11
0
0
7.46771e-11
0
0
0
0
0
0
0
0
0
0
0
0
0
0
0
0
0
0
0
0
0
0
0
0
0
0
0
0
0
0
0
0
0
0
0
0
0
0
0
0
0
0
0
0
0
0
0
0
0
0
0
1.73297e-09
3.84749e-09
5.94285e-09
9.26836e-09
1.41398e-08
1.50518e-08
7.13052e-09
0
0
0
0
0
0
0
0
0
8.56129e-08
1.3234e-07
1.48407e-07
2.57377e-07
0
0
0
1.92134e-07
0
0
0
0
0
6.58885e-06
8.94716e-06
5.19694e-06
1.3841e-06
0
0
0
0
0
0
0
0
0
0
5.4667e-06
1.27274e-05
1.5979e-05
1.20211e-05
3.46546e-06
1.1622e-06
2.94126e-07
6.43194e-08
5.33871e-09
0
0
0
0
0
0
0
0
0
0
0
0
0
0
0
0
0
0
0
0
1.01239e-07
4.49723e-07
1.01515e-06
9.51629e-07
4.13208e-07
8.66121e-08
0
0
0
0
0
0
0
0
0
0
0
3.23003e-09
5.25649e-09
4.27527e-09
2.18452e-09
6.3132e-10
0
0
0
1.71917e-11
1.44893e-10
1.79283e-10
1.7879e-10
1.71064e-10
1.43234e-10
8.9618e-11
3.55992e-11
1.38128e-11
1.64886e-11
1.41903e-11
1.52257e-11
5.27974e-11
1.10691e-10
1.37593e-10
1.1365e-10
9.00044e-11
9.78511e-11
1.36178e-10
1.39882e-10
1.28219e-10
9.18307e-11
8.64121e-11
4.27856e-11
3.4892e-11
0
0
0
0
0
0
5.11799e-12
0
0
0
0
0
0
0
0
0
0
0
0
0
0
0
0
0
0
0
0
0
0
0
0
0
0
0
0
0
0
0
0
0
0
0
0
0
0
0
0
0
0
0
0
0
0
0
0
0
0
1.72284e-09
4.14433e-09
7.12122e-09
1.07878e-08
1.73194e-08
2.86725e-08
4.33224e-08
4.29064e-08
9.38749e-10
0
0
0
0
0
0
0
0
0
0
1.20578e-07
3.25507e-07
6.53747e-08
0
0
4.12127e-08
0
0
0
0
5.58487e-07
5.63497e-06
1.13139e-05
5.30592e-06
7.67854e-07
0
0
0
0
0
0
0
0
0
0
1.11501e-07
4.48303e-06
2.11714e-05
2.39901e-05
6.14814e-06
4.54707e-07
2.14301e-08
0
0
0
0
0
0
0
0
0
0
0
0
0
0
0
0
0
0
0
0
0
1.32361e-08
2.49488e-08
4.63526e-08
2.20541e-07
1.01493e-06
1.50814e-06
3.2985e-07
0
0
0
0
0
0
0
0
0
0
1.3241e-09
3.45949e-09
3.41368e-09
2.23605e-09
9.87598e-10
1.98461e-10
0
0
0
4.85736e-11
1.06467e-10
1.22098e-10
1.2907e-10
1.31754e-10
1.18273e-10
8.84002e-11
5.8789e-11
4.66611e-11
4.54511e-11
3.89667e-11
3.21984e-11
4.21617e-11
5.91654e-11
5.85187e-11
3.49133e-11
1.49256e-11
1.19025e-11
2.27112e-11
1.86063e-11
1.19898e-11
0
2.61683e-12
0
0
0
0
0
0
0
0
0
0
0
0
0
0
0
0
0
0
0
0
0
0
0
0
0
0
0
0
0
0
0
0
0
0
0
0
0
0
0
0
0
0
0
0
0
0
0
0
0
0
0
0
0
0
0
0
0
0
0
7.52665e-10
2.08416e-09
4.13006e-09
7.97896e-09
1.95012e-08
6.23988e-08
1.91393e-07
2.20738e-07
1.03702e-07
0
0
0
0
0
0
0
0
0
0
0
3.65119e-07
4.69446e-07
0
0
1.61707e-07
2.4486e-07
0
0
0
2.8805e-07
1.86518e-06
7.24205e-06
2.23567e-06
7.49303e-08
0
0
0
0
0
2.24402e-08
0
0
0
0
0
0
1.24364e-05
3.52911e-05
5.90879e-06
1.2426e-07
0
0
0
0
0
0
0
0
0
0
0
0
0
0
2.48947e-08
6.10011e-09
0
0
0
0
0
1.12079e-08
2.26146e-08
1.98214e-08
1.31357e-08
5.35696e-08
4.66559e-07
6.64896e-07
6.05715e-08
0
0
0
0
0
0
0
0
0
0
5.41479e-10
1.43807e-09
1.32853e-09
9.01147e-10
4.46272e-10
1.39539e-10
0
0
0
2.00778e-11
4.23708e-11
4.83108e-11
5.26453e-11
5.61004e-11
5.14958e-11
3.82421e-11
2.42613e-11
1.65701e-11
1.25983e-11
7.56343e-12
4.22528e-12
8.02766e-12
1.36422e-11
1.10155e-11
0
0
0
0
0
0
0
0
0
0
0
0
0
0
0
0
0
0
1.14682e-08
8.60708e-09
1.65693e-08
2.18284e-08
2.0249e-08
1.70103e-08
1.44038e-08
1.18367e-08
9.69124e-09
7.72948e-09
6.12753e-09
4.75848e-09
3.93308e-09
3.08168e-09
2.83899e-09
2.2604e-09
2.47184e-09
1.9064e-09
2.42606e-09
9.55367e-10
1.97646e-09
0
1.93546e-09
0
0
2.92365e-09
1.37366e-09
3.52862e-09
4.5319e-09
4.92253e-09
4.3753e-09
4.13462e-09
3.66871e-09
3.34247e-09
2.90726e-09
2.62689e-09
2.2407e-09
2.07774e-09
1.80668e-09
1.79413e-09
1.58686e-09
1.78703e-09
1.50665e-09
1.90373e-09
9.90441e-10
1.76962e-09
2.70105e-10
1.99575e-09
0
0
5.09689e-10
0
3.31245e-10
6.75853e-10
9.03755e-10
8.4088e-10
9.8191e-10
9.62877e-10
1.04425e-09
9.94542e-10
1.05036e-09
1.00573e-09
1.04415e-09
1.01107e-09
1.08077e-09
1.05164e-09
1.21098e-09
1.12783e-09
1.37918e-09
9.35637e-10
1.46672e-09
5.68387e-10
1.77235e-09
1.09867e-10
0
4.37124e-11
0
0
0
0
0
2.05774e-11
7.95088e-11
1.61263e-10
2.3124e-10
3.0105e-10
3.90799e-10
4.67505e-10
5.34702e-10
6.19624e-10
6.79915e-10
7.93833e-10
7.99163e-10
1.02503e-09
7.89898e-10
1.33587e-09
6.08274e-10
1.84709e-09
2.22219e-10
9.25715e-10
0
0
0
0
0
0
0
0
0
0
0
0
0
0
0
0
0
0
0
0
0
0
0
0
0
0
0
0
0
0
0
0
0
0
0
0
0
0
0
0
0
0
0
0
0
0
0
0
0
0
0
0
0
0
0
0
0
0
0
0
0
0
0
0
0
0
0
0
0
0
0
0
0
0
0
0
0
0
0
0
0
0
0
0
0
0
0
0
0
0
0
0
0
0
0
0
0
0
0
0
0
0
0
0
0
0
0
0
0
0
0
0
0
0
0
0
0
0
0
0
0
0
0
0
0
0
0
0
0
0
0
0
0
0
0
0
0
0
0
0
0
0
0
0
0
0
0
0
0
0
0
0
0
0
0
0
0
0
0
0
0
0
0
0
0
0
0
0
0
0
0
0
0
0
0
0
0
0
0
0
0
0
0
0
0
0
0
0
0
0
0
0
0
0
0
0
0
0
0
0
0
0
0
0
0
0
0
0
0
0
0
0
0
0
0
0
0
0
0
0
0
0
0
0
0
0
0
0
0
0
0
0
0
0
0
0
0
0
0
0
0
0
0
0
0
0
0
0
0
0
0
0
0
0
0
0
0
0
0
0
0
0
0
0
0
0
0
0
0
0
0
0
0
0
0
0
0
0
0
0
0
0
0
0
0
0
0
0
0
0
0
0
0
0
0
0
0
0
0
0
0
0
0
0
0
0
0
0
0
0
0
0
0
0
0
0
0
0
0
0
0
0
0
0
0
0
0
0
0
0
0
0
0
0
0
0
0
0
0
0
0
0
0
0
0
0
0
0
0
0
0
0
0
0
0
0
0
0
0
0
0
0
0
0
0
0
0
0
0
0
0
0
0
0
0
0
0
0
0
0
0
0
0
0
0
0
0
0
0
0
0
0
0
0
0
0
0
0
0
0
0
0
0
0
0
0
0
0
0
0
0
0
0
0
0
0
0
0
0
0
0
0
0
0
0
0
0
0
0
0
0
0
0
0
0
0
0
0
0
0
0
0
0
0
0
0
0
0
0
0
0
0
0
0
0
0
0
0
0
0
0
0
0
0
0
0
0
0
0
0
0
0
0
0
0
0
0
0
0
0
0
0
0
0
0
0
0
0
0
0
0
0
0
0
0
0
0
0
0
0
0
0
0
0
0
0
0
0
0
0
0
0
0
0
0
0
0
0
0
0
0
0
0
0
0
0
0
0
0
0
0
0
0
0
0
0
0
0
0
0
0
0
0
0
0
0
0
0
0
0
0
0
0
0
0
0
0
0
0
0
0
0
0
0
0
0
0
0
0
0
0
0
0
0
0
0
0
0
0
0
0
0
0
0
0
0
0
0
0
0
0
0
0
0
0
0
0
0
0
0
0
0
0
0
0
0
0
0
0
0
0
0
0
0
0
0
0
0
0
0
0
0
0
0
0
0
0
0
0
0
0
0
0
0
0
0
0
0
0
0
0
0
0
0
0
0
0
0
0
0
0
0
0
0
0
0
0
0
0
0
0
0
0
0
0
0
0
0
0
0
0
0
0
0
0
0
0
0
0
0
0
0
0
0
0
0
0
0
0
0
0
0
0
0
0
0
0
0
0
0
0
0
0
0
0
0
0
0
0
0
0
0
0
0
0
0
0
0
0
0
0
0
0
0
0
0
0
0
0
0
0
0
0
0
0
0
0
0
0
0
0
0
0
0
0
0
0
0
0
0
0
0
0
0
0
0
0
0
0
0
0
0
0
0
0
0
0
0
0
0
0
0
0
0
0
0
0
0
0
0
0
0
0
0
0
0
0
0
0
0
0
0
0
0
0
0
0
0
0
0
0
0
0
0
0
0
0
0
0
0
0
0
0
0
0
0
0
0
0
0
0
0
0
0
0
1.62201e-08
1.00692e-08
0
0
0
0
0
0
0
0
0
0
0
0
0
0
0
0
0
0
0
0
0
0
0
1.02027e-07
8.36611e-08
2.78184e-08
0
0
0
0
0
0
0
0
0
0
0
0
0
0
0
0
0
0
0
0
0
0
2.20552e-07
1.968e-07
1.1532e-07
3.58491e-09
0
0
0
0
0
0
0
0
0
0
0
0
0
0
0
0
0
0
0
0
0
3.74864e-07
3.4458e-07
2.47119e-07
9.69578e-08
0
0
0
0
0
0
0
0
0
0
0
0
0
0
0
0
0
0
0
0
0
5.836e-07
5.31896e-07
4.06864e-07
2.70103e-07
0
0
0
0
0
0
0
0
0
0
0
0
0
0
0
0
0
0
0
0
0
7.72009e-07
6.77271e-07
5.13504e-07
3.61275e-07
0
0
0
0
0
0
0
0
0
0
0
0
0
0
0
0
0
0
0
0
0
8.27989e-07
6.88933e-07
4.83007e-07
2.61225e-07
0
0
0
0
0
0
0
0
0
0
0
0
0
0
0
0
0
0
0
0
0
6.49372e-07
5.22773e-07
3.1472e-07
9.43646e-08
0
0
0
0
0
0
0
0
0
0
0
0
0
0
0
0
0
0
0
0
0
3.3998e-07
2.5287e-07
1.00797e-07
0
0
0
0
0
0
0
0
0
0
0
0
0
0
0
0
0
0
0
0
0
0
1.17124e-07
5.22635e-08
0
0
0
0
0
0
0
0
0
0
0
0
0
0
0
0
0
0
0
0
0
0
0
2.89004e-08
0
0
0
0
0
0
0
0
0
0
0
0
0
0
0
0
0
0
0
0
0
0
0
0
7.87667e-09
0
0
0
0
0
0
0
0
0
0
0
0
0
0
0
0
0
0
0
0
0
0
0
0
3.16978e-09
0
0
0
0
0
0
0
0
0
0
3.52307e-13
5.54267e-12
4.17347e-13
1.04872e-11
0
1.15862e-11
0
2.41086e-11
0
6.68695e-11
0
1.47799e-10
0
0
1.40951e-09
0
0
0
0
0
0
0
6.23977e-12
1.74565e-11
2.9475e-11
3.68114e-11
5.86924e-11
6.35705e-11
9.55081e-11
8.9032e-11
1.41604e-10
9.15782e-11
1.89429e-10
4.95367e-11
2.74014e-10
0
4.32798e-10
0
2.77274e-10
6.05019e-10
0
0
0
0
0
3.05111e-12
3.62778e-11
6.46177e-11
8.50189e-11
1.1563e-10
1.2274e-10
1.53138e-10
1.51123e-10
1.8069e-10
1.63505e-10
2.12522e-10
1.63979e-10
2.50452e-10
1.30485e-10
3.17601e-10
3.71033e-11
4.4906e-10
0
1.94497e-10
2.33976e-10
0
0
0
0
1.74989e-11
7.85827e-11
1.2039e-10
1.69785e-10
1.81917e-10
1.96891e-10
1.86072e-10
1.96624e-10
1.80775e-10
1.94144e-10
1.64351e-10
1.93706e-10
1.46964e-10
2.09998e-10
1.13948e-10
2.51178e-10
4.72009e-11
3.53727e-10
0
2.01276e-11
1.12717e-10
0
0
8.89853e-11
1.45698e-10
2.0513e-10
2.32336e-10
2.2348e-10
2.13123e-10
1.86218e-10
1.66992e-10
1.4521e-10
1.39452e-10
1.24039e-10
1.3052e-10
1.08606e-10
1.27433e-10
9.25713e-11
1.36092e-10
6.85257e-11
1.6244e-10
2.66959e-11
2.39789e-10
0
0
1.7036e-10
0
5.86117e-10
5.57391e-10
4.26948e-10
3.12384e-10
2.20337e-10
1.56276e-10
1.08047e-10
8.14465e-11
7.09843e-11
6.54732e-11
6.40207e-11
5.77753e-11
6.58914e-11
5.52305e-11
6.74326e-11
4.45949e-11
7.20366e-11
2.95946e-11
8.91394e-11
7.72069e-12
1.4153e-10
0
0
6.15989e-10
7.19874e-10
1.26536e-09
5.72887e-10
2.14574e-10
4.9186e-11
0
0
0
0
0
0
4.16488e-12
6.04356e-12
1.50395e-11
1.07654e-11
1.61362e-11
1.8182e-12
1.56664e-11
0
2.46814e-11
0
5.51741e-11
0
0
1.14296e-09
1.34311e-09
8.5856e-10
1.62383e-10
0
0
0
0
0
0
0
0
0
0
0
0
0
0
0
0
0
0
1.04138e-11
0
0
)
;

boundaryField
{
    inlet
    {
        type            zeroGradient;
    }
    outlet
    {
        type            zeroGradient;
    }
    upperWall
    {
        type            zeroGradient;
    }
    lowerWall
    {
        type            zeroGradient;
    }
    frontAndBack
    {
        type            empty;
    }
}


// ************************************************************************* //
