/*--------------------------------*- C++ -*----------------------------------*\
  =========                 |
  \\      /  F ield         | OpenFOAM: The Open Source CFD Toolbox
   \\    /   O peration     | Website:  https://openfoam.org
    \\  /    A nd           | Version:  7
     \\/     M anipulation  |
\*---------------------------------------------------------------------------*/
FoamFile
{
    version     2.0;
    format      ascii;
    class       volScalarField;
    location    "0.092";
    object      nut;
}
// * * * * * * * * * * * * * * * * * * * * * * * * * * * * * * * * * * * * * //

dimensions      [0 2 -1 0 0 0 0];

internalField   nonuniform List<scalar> 
12225
(
0
0
0
0
0
0
0
0
0
0
0
0
0
0
0
1.36193e-09
0
0
0
0
0
0
0
0
0
0
0
0
0
0
0
0
0
9.96099e-10
0
0
0
4.5124e-10
7.26543e-11
0
0
0
0
0
0
0
0
0
0
0
0
8.87308e-10
0
0
0
1.88611e-08
1.56057e-08
3.70186e-09
0
0
0
0
0
0
0
0
0
1.59941e-10
0
5.60214e-10
0
0
1.01477e-07
3.18795e-07
2.71505e-07
9.33045e-08
0
0
0
0
5.82241e-10
1.61018e-09
1.60239e-09
1.22112e-09
6.00944e-10
1.57439e-10
0
0
0
0
6.78364e-08
3.09913e-07
2.95727e-07
1.71557e-07
9.16022e-08
3.40418e-08
4.30648e-08
4.71933e-08
4.13549e-08
4.10049e-08
2.83137e-08
1.02667e-08
0
0
0
0
0
0
2.98312e-07
5.21382e-07
3.70778e-07
2.92619e-07
2.24035e-07
9.27245e-08
1.10171e-07
1.2354e-07
7.95879e-08
5.15064e-08
3.06693e-08
1.04407e-08
2.34595e-09
5.26807e-09
1.22441e-08
1.70965e-08
1.93467e-08
1.57936e-08
6.64838e-07
5.58975e-07
3.91383e-07
4.77236e-07
3.28977e-07
1.2545e-07
2.33585e-07
1.69268e-07
7.71639e-08
3.8405e-08
1.94915e-08
1.79983e-09
0
0
1.02752e-08
1.8961e-08
2.23199e-08
1.63971e-08
9.28288e-07
8.93135e-07
8.54942e-07
6.32405e-07
2.03846e-07
3.26699e-07
9.52881e-07
5.39332e-07
1.75432e-07
7.99869e-08
6.25561e-08
3.5874e-08
1.31621e-08
7.51453e-09
1.32784e-08
1.80223e-08
1.47607e-08
1.35131e-09
8.37194e-07
9.95033e-07
1.17025e-06
8.60976e-07
4.52198e-07
6.35302e-07
6.05738e-07
2.56262e-07
8.94356e-08
4.29545e-08
2.63833e-08
6.59516e-09
0
0
7.31356e-09
1.60874e-08
1.26753e-08
7.9842e-10
2.59125e-07
1.00551e-06
1.65135e-06
1.17481e-06
6.36709e-07
2.60868e-07
1.28078e-07
5.63872e-08
3.41162e-08
1.95383e-08
0
0
0
0
0
1.71387e-09
2.09796e-09
0
0
0
1.86897e-06
1.3181e-06
6.02879e-07
6.21836e-08
3.97597e-09
1.39164e-08
3.86766e-08
4.04283e-08
5.07075e-09
0
0
0
0
0
0
0
0
6.16068e-07
1.58442e-06
1.3205e-06
7.08106e-07
0
0
3.12945e-08
1.21848e-07
1.15165e-07
3.63961e-08
0
0
0
0
0
0
0
8.86935e-07
7.47918e-07
7.60205e-07
6.01396e-07
1.71241e-07
2.84666e-07
0
3.18762e-07
4.48984e-07
1.34484e-07
0
0
0
0
0
0
0
0
8.20791e-07
8.05699e-07
1.50776e-07
0
1.9836e-07
5.59432e-07
0
8.91175e-08
1.19653e-10
0
0
0
0
0
0
7.70047e-09
4.85e-08
5.80872e-08
0
0
0
7.83145e-09
1.05021e-07
2.22476e-07
1.74587e-07
0
0
0
0
0
0
0
0
3.222e-08
4.48408e-08
4.36903e-08
0
0
0
1.98199e-07
0
0
0
7.63037e-09
2.03339e-08
3.69916e-08
5.12095e-09
0
0
0
0
4.92643e-08
9.07285e-08
1.36533e-07
0
0
0
7.60598e-08
0
2.4822e-07
4.1714e-07
1.81621e-07
9.49543e-08
9.29758e-08
6.63021e-08
0
0
0
0
4.27752e-09
4.52119e-08
1.29575e-07
0
0
9.52726e-08
1.27363e-07
6.85479e-08
4.24134e-07
6.49529e-07
5.19607e-07
2.47194e-07
2.1895e-08
0
0
0
0
0
0
0
0
0
0
8.10062e-08
2.00959e-07
1.36643e-07
3.47114e-07
7.1595e-07
5.30585e-07
1.86997e-07
6.51976e-08
3.08737e-08
0
0
0
0
0
0
0
0
0
0
6.03242e-08
7.25624e-08
2.91694e-07
5.3534e-07
2.29341e-07
0
0
0
0
0
0
0
0
0
0
2.0588e-07
2.94446e-07
0
0
2.67985e-08
8.02496e-08
0
0
0
0
0
0
0
9.75211e-09
2.58975e-08
2.4847e-08
2.02813e-08
1.23833e-08
0
6.94739e-08
8.16237e-08
0
0
0
0
0
0
0
0
0
0
0
0
0
0
0
2.49206e-08
1.72196e-07
1.69847e-07
0
0
0
0
0
0
0
0
0
0
0
0
0
0
0
0
5.6707e-08
0
0
0
0
0
0
0
0
0
0
0
0
0
0
0
0
0
0
0
0
0
0
0
0
0
0
0
0
0
0
0
0
0
0
0
0
0
0
0
0
0
0
0
0
0
0
0
0
0
0
0
0
1.97076e-09
0
0
0
0
0
0
0
0
0
0
0
0
0
0
0
0
0
4.62155e-09
0
0
0
0
0
0
0
0
0
0
0
0
0
0
0
0
0
4.01476e-08
0
0
0
0
0
0
0
0
0
0
0
0
0
0
0
0
0
1.54616e-06
1.84089e-06
2.06782e-06
1.7624e-06
1.09628e-06
4.88046e-07
5.94767e-08
0
0
0
0
0
8.55861e-07
2.29058e-06
4.41292e-06
7.14344e-06
9.44416e-06
9.16946e-06
7.07432e-06
4.93206e-06
3.26145e-06
2.03515e-06
1.18504e-06
7.4844e-07
7.70913e-07
1.07794e-06
1.30666e-06
1.26419e-06
1.04882e-06
8.08082e-07
6.09043e-07
4.55649e-07
3.2754e-07
2.2484e-07
1.66418e-07
1.9034e-07
3.42171e-07
6.20368e-07
8.32598e-07
8.20461e-07
5.80499e-07
2.76947e-07
7.85923e-08
0
0
0
0
0
0
0
0
0
0
0
0
0
0
0
0
0
0
0
0
0
0
0
2.66107e-06
5.75517e-06
6.36687e-08
0
7.08061e-06
5.31031e-06
0
0
2.05471e-06
6.98098e-06
2.0066e-05
4.40119e-05
5.64124e-05
5.01404e-05
1.76714e-05
2.88052e-06
5.33184e-07
8.32055e-08
1.90372e-08
3.3756e-08
5.27973e-08
6.18415e-08
6.08387e-08
5.41681e-08
4.54185e-08
3.5233e-08
2.58901e-08
1.83356e-08
1.13442e-08
5.4324e-09
0
0
0
0
0
0
0
0
0
0
0
0
0
0
0
0
0
0
0
0
0
0
0
0
0
0
0
0
0
0
0
0
0
0
0
0
0
0
0
0
0
0
0
0
0
0
0
0
0
0
0
0
0
0
0
0
0
0
0
0
0
0
0
0
0
0
0
0
0
0
0
2.14832e-12
8.73046e-12
2.20159e-11
2.16e-11
3.97509e-11
2.44738e-11
5.75627e-11
2.53894e-11
1.08829e-10
1.18759e-10
2.78647e-10
2.38566e-09
0
1.10419e-06
1.84478e-06
2.79058e-06
3.13093e-06
2.67387e-06
1.80217e-06
8.08985e-07
0
0
0
0
0
0
0
1.74809e-07
7.68405e-07
2.00341e-06
3.85931e-06
5.5958e-06
6.34888e-06
5.49015e-06
3.30204e-06
1.46755e-06
5.61357e-07
8.71841e-08
0
0
0
0
0
0
0
5.80083e-08
1.67589e-07
2.62935e-07
3.86065e-07
6.0623e-07
9.19652e-07
1.12319e-06
1.04979e-06
7.42183e-07
4.21789e-07
2.59154e-07
2.26667e-07
2.21146e-07
1.73602e-07
5.64492e-08
0
0
0
1.90799e-07
3.24911e-07
7.65089e-08
0
0
0
0
0
0
0
0
0
0
0
0
0
1.53751e-07
0
0
0
0
0
1.35008e-07
2.01258e-06
4.90209e-06
1.20064e-05
1.27594e-05
1.36058e-05
1.16167e-05
7.17174e-06
3.31756e-06
1.39045e-06
6.20092e-07
2.62007e-07
1.36174e-07
1.0388e-07
9.57073e-08
8.98082e-08
8.19598e-08
7.27158e-08
6.27772e-08
5.24034e-08
4.1867e-08
3.13303e-08
2.09477e-08
1.08392e-08
8.65657e-10
0
0
0
0
0
0
0
0
0
0
0
0
0
0
0
0
0
0
0
0
0
0
0
0
0
0
0
0
0
0
6.51473e-09
8.93617e-10
0
0
0
0
0
0
0
0
0
0
0
0
0
0
0
0
0
0
0
0
0
0
0
0
0
0
0
0
0
0
0
0
0
0
0
0
9.69215e-12
4.905e-11
8.89743e-11
9.78184e-11
1.32996e-10
1.16777e-10
1.63987e-10
1.15722e-10
1.9382e-10
1.19219e-10
2.40081e-10
2.45921e-10
2.61601e-10
1.33538e-09
0
4.55408e-07
1.64544e-06
2.61125e-06
3.20725e-06
3.12737e-06
2.4341e-06
1.56898e-06
7.33788e-07
1.03389e-07
0
0
1.09458e-08
5.88141e-08
1.19532e-07
2.6992e-07
5.32911e-07
8.27208e-07
1.02792e-06
1.05019e-06
5.56368e-07
0
0
0
0
0
0
0
0
0
0
0
0
0
0
5.40431e-08
8.21911e-07
1.42987e-06
1.69759e-06
1.59063e-06
1.23295e-06
8.8502e-07
7.96056e-07
9.28263e-07
1.12117e-06
1.35275e-06
1.60096e-06
1.73733e-06
1.68351e-06
1.50156e-06
1.29729e-06
1.13779e-06
1.06857e-06
1.09206e-06
1.24775e-06
1.86972e-06
2.84078e-06
2.73413e-06
1.59621e-06
0
0
0
0
0
0
0
0
0
0
0
0
0
0
0
3.82044e-06
7.45889e-06
2.75048e-06
2.03664e-06
1.8376e-06
1.01819e-06
7.19897e-07
6.70415e-07
6.07314e-07
5.26335e-07
4.94677e-07
4.86455e-07
4.69387e-07
4.34325e-07
3.81965e-07
3.25398e-07
2.68755e-07
2.16625e-07
1.70107e-07
1.29119e-07
9.33245e-08
6.21884e-08
3.44714e-08
8.62496e-09
0
0
0
0
0
0
0
0
0
0
0
0
0
0
0
0
0
0
0
0
0
0
0
0
0
0
0
0
0
0
0
0
0
2.26561e-08
3.80126e-08
4.25456e-08
3.97982e-08
3.35287e-08
2.61859e-08
1.90455e-08
1.29532e-08
8.15951e-09
4.63585e-09
2.24932e-09
3.94763e-10
0
0
0
0
0
0
0
0
0
0
0
0
0
0
0
0
0
0
0
0
0
1.20259e-10
3.55095e-10
4.81851e-10
5.00326e-10
5.1357e-10
4.55341e-10
4.63099e-10
3.74378e-10
4.22321e-10
3.06544e-10
4.02731e-10
2.996e-10
3.58057e-10
5.38797e-10
0
1.49457e-09
0
2.29119e-07
1.05215e-06
2.27053e-06
2.82553e-06
1.45556e-06
1.67322e-07
0
0
4.09009e-08
1.6429e-06
3.23077e-06
3.28979e-06
2.28493e-06
1.30112e-06
5.99364e-07
1.21101e-07
0
0
0
0
0
0
0
0
0
0
0
0
0
0
0
0
0
0
0
0
0
0
0
0
0
2.17444e-07
3.77537e-07
4.72759e-07
5.33686e-07
5.74365e-07
5.84726e-07
5.69012e-07
5.40753e-07
5.22932e-07
5.41257e-07
6.40851e-07
8.24586e-07
1.05835e-06
1.58025e-06
2.76555e-06
3.09172e-06
2.09336e-06
5.7793e-07
0
0
0
0
0
0
0
3.35916e-07
8.02304e-07
1.04686e-06
9.04855e-07
4.80569e-07
0
1.04056e-06
3.30145e-06
8.0209e-07
1.60165e-07
2.17541e-07
2.89537e-07
1.04967e-07
4.78123e-08
1.45962e-07
2.42624e-07
3.09123e-07
3.20073e-07
2.9199e-07
2.59447e-07
2.39581e-07
2.3232e-07
2.37284e-07
2.49118e-07
2.66391e-07
2.86892e-07
3.10807e-07
3.32065e-07
3.17174e-07
1.81499e-07
0
0
0
0
0
0
0
0
0
0
0
0
0
0
0
0
0
0
0
0
0
0
0
0
0
0
0
0
0
0
0
0
0
0
0
0
0
0
0
0
0
0
0
0
0
0
0
0
5.51625e-09
2.87166e-09
2.46574e-09
2.73994e-09
5.46224e-10
0
0
0
0
0
0
0
0
0
0
0
0
0
6.66106e-10
1.31743e-09
1.70095e-09
1.85943e-09
1.78915e-09
1.64608e-09
1.36922e-09
1.15959e-09
8.68522e-10
7.23853e-10
5.33143e-10
3.79737e-10
4.65421e-10
0
8.6987e-10
0
2.28368e-09
0
5.40513e-08
2.90713e-07
1.39145e-06
1.50846e-06
0
0
0
0
4.9444e-07
5.13223e-06
8.2191e-06
6.13426e-06
2.97922e-06
9.78414e-07
0
0
0
0
0
0
0
0
0
0
0
0
0
0
0
0
0
0
0
0
0
0
0
0
6.03513e-08
2.55906e-07
4.25032e-07
5.39768e-07
5.98014e-07
6.14542e-07
5.9461e-07
5.57778e-07
5.13677e-07
4.73878e-07
4.3604e-07
4.06987e-07
3.89128e-07
4.03556e-07
4.5741e-07
5.41211e-07
8.53003e-07
1.59173e-06
1.28282e-06
0
0
0
0
0
0
0
0
0
0
8.54886e-07
1.30476e-06
1.44483e-06
1.80209e-06
2.01747e-06
9.73871e-07
2.2753e-08
0
0
0
0
0
0
1.93511e-08
5.78783e-08
2.6872e-08
0
0
0
0
0
8.0734e-09
1.74097e-08
2.1544e-08
1.98673e-08
1.16186e-08
0
0
0
0
0
3.83976e-09
8.32035e-09
6.75782e-09
1.80753e-09
0
0
0
0
0
0
0
0
0
0
0
0
0
0
0
0
0
0
0
0
0
0
0
0
0
0
0
0
0
0
0
0
0
0
0
0
0
0
0
0
0
0
0
1.54871e-08
3.65885e-08
9.27846e-09
0
0
0
0
0
0
0
0
0
0
0
0
0
0
0
0
0
0
0
0
0
0
1.007e-09
5.90189e-10
1.51575e-09
0
1.67501e-09
0
2.65591e-09
0
4.82927e-09
0
4.90714e-09
9.5047e-08
6.51213e-07
0
0
0
0
9.64692e-07
4.76479e-06
8.66758e-06
9.99629e-06
7.80781e-06
4.14668e-06
1.55052e-06
2.361e-07
0
0
0
0
0
0
0
0
0
0
0
0
0
0
0
0
0
0
0
0
0
0
0
0
0
0
1.34004e-07
3.17575e-07
4.53191e-07
5.17851e-07
5.2478e-07
4.9228e-07
4.45415e-07
3.9261e-07
3.49651e-07
3.25663e-07
3.21872e-07
3.52369e-07
4.21214e-07
6.48595e-07
9.48262e-07
0
0
0
0
0
0
0
0
0
0
0
3.88859e-06
3.62332e-06
2.42938e-06
1.85827e-06
8.37102e-07
0
0
0
0
0
0
0
0
1.65396e-08
2.1117e-08
4.59571e-09
0
0
0
8.34461e-09
1.78197e-08
2.19992e-08
2.04825e-08
1.29979e-08
0
0
0
0
0
0
2.68607e-08
3.93134e-08
3.91615e-08
3.41936e-08
2.72232e-08
1.90931e-08
1.06578e-08
1.93566e-09
0
0
0
0
0
0
0
0
0
0
0
0
0
0
0
0
0
0
0
0
0
0
0
0
0
0
0
0
0
0
0
0
0
0
0
0
0
0
0
0
0
3.30596e-08
7.1851e-08
4.87915e-08
0
0
0
0
0
0
0
0
0
0
0
0
0
0
0
0
0
0
0
0
0
0
0
0
0
8.411e-09
0
1.42569e-08
0
1.43402e-08
0
0
0
1.53458e-07
0
5.33942e-07
1.61224e-06
2.65398e-06
4.2983e-06
6.6635e-06
8.37923e-06
8.50473e-06
6.72663e-06
3.70247e-06
1.48492e-06
3.63179e-07
0
0
0
0
0
0
0
0
0
0
0
0
0
0
0
0
0
0
0
0
0
0
0
0
0
0
0
0
0
0
2.41112e-07
3.7213e-07
3.97481e-07
3.69049e-07
3.19712e-07
2.80117e-07
2.52426e-07
2.37488e-07
2.53638e-07
3.53972e-07
5.73787e-07
0
0
0
0
0
0
0
0
0
0
4.06909e-07
3.0267e-06
4.79962e-06
2.20741e-06
8.49594e-07
0
0
0
0
0
0
0
0
0
8.11408e-08
6.84757e-08
4.05537e-08
2.06721e-08
1.35967e-08
1.43379e-08
1.74047e-08
1.82807e-08
1.54632e-08
8.39889e-09
0
0
0
0
0
0
1.48985e-08
5.80935e-08
6.00884e-08
5.23043e-08
4.19643e-08
3.21069e-08
2.1943e-08
1.2831e-08
3.53573e-09
0
0
0
0
0
0
0
0
0
0
0
0
0
0
0
0
0
0
0
0
0
0
0
0
0
0
0
0
0
0
0
0
0
0
0
0
0
0
0
0
0
1.73782e-08
4.87257e-08
8.72794e-08
6.83381e-08
0
0
0
0
0
0
0
0
3.62351e-09
2.87481e-09
0
0
0
0
0
0
6.7444e-10
0
0
0
0
0
0
1.59795e-09
1.10745e-08
7.40316e-09
1.49308e-08
0
0
0
0
0
0
1.70676e-06
2.45545e-06
3.08997e-06
3.64885e-06
4.35122e-06
5.2217e-06
5.86231e-06
5.79861e-06
4.69461e-06
2.92116e-06
1.50823e-06
6.00319e-07
7.009e-09
0
0
0
0
0
0
0
0
0
0
0
0
1.16488e-07
0
0
0
0
0
0
0
0
0
0
0
0
0
0
0
0
0
0
1.17395e-07
2.64832e-07
2.83696e-07
2.60988e-07
2.2924e-07
1.91749e-07
1.55072e-07
1.70024e-07
7.24053e-07
6.09399e-07
0
0
0
0
0
0
0
0
0
8.47653e-08
8.57705e-07
1.61839e-06
8.91821e-07
1.84421e-07
0
0
0
0
0
0
0
0
3.93988e-08
1.10352e-07
7.4526e-08
3.76606e-08
1.65124e-08
1.12063e-08
1.3126e-08
1.70365e-08
1.95058e-08
1.8074e-08
9.88088e-09
0
0
0
0
0
0
1.21986e-07
1.37084e-07
1.06869e-07
7.2756e-08
4.33402e-08
2.20483e-08
6.23143e-09
0
0
0
0
0
0
0
0
0
0
0
0
0
0
0
0
0
0
0
0
0
0
0
0
0
0
0
0
0
1.06706e-09
0
0
1.44586e-09
2.0675e-08
3.05367e-08
0
0
0
0
0
0
0
7.09564e-10
2.12756e-08
3.62164e-08
5.71651e-08
9.08209e-08
6.90702e-08
0
0
0
0
0
0
0
0
4.14317e-08
3.05575e-08
1.55715e-08
6.8583e-09
0
0
0
0
0
1.2735e-08
9.56997e-09
1.48863e-09
0
0
1.64158e-09
9.33299e-09
8.76252e-09
1.43368e-08
4.96065e-09
0
0
0
0
0
8.11545e-07
1.44996e-06
1.86677e-06
2.24506e-06
2.65266e-06
3.05318e-06
3.4142e-06
3.50494e-06
3.14193e-06
2.45603e-06
1.65888e-06
9.15442e-07
2.95307e-07
0
0
0
0
0
0
0
0
3.48521e-07
1.00139e-06
1.39791e-06
1.28373e-06
7.42907e-07
7.80506e-08
0
0
0
0
0
0
0
5.48873e-08
2.10671e-07
2.65871e-07
1.75152e-07
0
0
0
0
0
0
0
0
1.40923e-07
2.19604e-07
2.11545e-07
1.84241e-07
1.5131e-07
1.32971e-07
5.01775e-07
7.98899e-08
0
0
3.39827e-08
0
0
0
0
0
0
0
0
0
0
0
0
0
0
0
0
0
0
0
2.38407e-08
6.77409e-08
3.60379e-08
1.01369e-08
5.48799e-09
1.22063e-08
1.99604e-08
2.58286e-08
2.81691e-08
2.45087e-08
1.10623e-08
0
0
0
0
0
7.30603e-07
7.18387e-07
5.23747e-07
3.51621e-07
2.12075e-07
1.02655e-07
2.33401e-08
0
0
0
0
0
0
0
0
0
0
0
0
0
0
0
0
0
0
0
0
0
0
0
0
0
0
0
0
0
4.91491e-09
1.88058e-08
2.49263e-08
2.49331e-08
2.2874e-08
2.61402e-08
4.81613e-08
8.45189e-08
8.53644e-08
3.96457e-08
9.48965e-09
7.38312e-09
1.2746e-08
5.95773e-09
1.90345e-08
3.42393e-08
4.36484e-08
4.88752e-08
5.992e-08
8.56739e-08
5.42896e-08
0
0
0
0
0
0
0
1.60679e-08
5.17785e-08
4.46919e-08
2.68771e-08
1.15218e-08
0
0
0
0
0
1.05953e-08
1.96856e-08
7.21739e-09
2.21138e-09
9.93422e-10
6.61027e-09
7.24468e-09
1.20394e-08
7.35791e-09
5.72195e-09
0
0
0
0
0
5.22867e-07
7.97662e-07
1.01408e-06
1.22099e-06
1.4371e-06
1.65323e-06
1.76477e-06
1.74517e-06
1.57006e-06
1.25112e-06
8.34994e-07
3.84967e-07
0
0
0
0
0
6.70901e-07
1.75789e-06
2.98735e-06
3.58085e-06
3.28229e-06
2.58527e-06
1.93241e-06
1.41818e-06
1.11966e-06
9.43215e-07
7.68218e-07
5.36049e-07
2.89986e-07
1.22296e-07
1.04431e-07
2.27541e-07
4.23405e-07
6.51351e-07
8.9732e-07
1.14735e-06
1.35938e-06
1.44267e-06
1.27353e-06
7.01303e-07
0
0
0
0
0
8.55941e-09
1.66702e-07
1.75177e-07
1.38994e-07
8.49042e-08
0
0
0
0
9.96098e-08
4.40268e-07
4.56993e-07
3.75411e-07
2.75989e-07
1.5703e-07
0
0
0
0
0
3.27267e-08
0
0
0
0
0
0
0
0
0
2.85533e-08
1.35882e-08
1.09206e-08
2.26218e-08
3.26292e-08
3.57923e-08
3.7407e-08
3.75823e-08
3.32482e-08
1.65973e-08
0
0
0
0
0
2.43668e-06
1.67503e-06
1.19328e-06
8.26126e-07
5.45238e-07
3.28319e-07
1.59699e-07
2.44995e-08
0
0
0
0
0
0
0
0
0
0
0
0
0
0
0
0
0
0
0
0
0
0
0
0
0
0
0
0
1.69874e-08
3.97622e-08
5.68263e-08
6.79387e-08
8.10484e-08
9.36132e-08
1.04938e-07
1.4141e-07
1.89383e-07
1.98543e-07
1.77959e-07
1.64693e-07
1.54784e-07
1.191e-07
6.75537e-08
6.05897e-08
6.16514e-08
6.12226e-08
5.7908e-08
5.87064e-08
7.13197e-08
2.02145e-08
0
0
0
0
0
0
0
2.81147e-08
5.5104e-08
5.31022e-08
3.34678e-08
1.19599e-08
0
0
0
0
0
6.30028e-09
2.37401e-08
1.50762e-08
5.11278e-09
5.73446e-09
5.51701e-09
9.03624e-09
6.03711e-09
6.28e-09
0
0
0
0
0
0
0
1.06748e-08
1.58569e-07
3.03887e-07
4.22643e-07
4.97856e-07
5.27465e-07
5.03463e-07
4.27275e-07
3.21257e-07
2.39261e-07
2.70838e-07
5.14635e-07
1.00058e-06
1.48298e-06
1.67508e-06
1.77026e-06
2.12203e-06
2.45851e-06
2.31684e-06
1.96013e-06
1.71818e-06
1.78999e-06
2.07243e-06
2.28852e-06
2.10638e-06
1.36339e-06
2.87214e-07
0
0
0
0
0
0
0
0
8.75004e-10
5.29077e-07
1.12406e-06
1.50065e-06
1.34332e-06
3.71465e-07
0
0
0
0
4.57072e-09
1.82293e-07
1.62665e-07
1.14856e-07
7.88894e-09
0
0
0
0
3.96054e-07
6.37239e-07
8.07746e-07
8.97146e-07
8.90587e-07
7.67338e-07
5.51786e-07
2.96875e-07
3.98811e-08
7.60821e-07
7.03887e-07
2.39614e-07
0
0
0
0
0
0
0
1.43188e-08
5.3335e-08
4.43636e-08
4.96581e-08
5.62443e-08
5.31075e-08
4.79389e-08
4.88721e-08
5.35842e-08
5.49904e-08
3.76438e-08
0
0
0
0
1.14691e-06
2.65521e-06
1.91972e-06
1.39391e-06
1.03389e-06
7.47863e-07
5.3358e-07
3.47986e-07
1.80547e-07
2.37979e-08
0
0
0
0
0
0
0
5.63247e-09
3.9023e-09
0
0
0
0
0
0
0
0
0
0
0
0
0
0
0
0
0
0
3.80217e-08
7.05735e-08
9.9855e-08
1.20934e-07
1.40124e-07
1.71927e-07
2.11186e-07
2.51753e-07
2.87613e-07
3.19143e-07
3.21285e-07
3.07271e-07
2.98818e-07
2.80741e-07
2.02057e-07
1.14313e-07
9.07167e-08
8.00439e-08
7.23987e-08
6.19424e-08
5.12721e-08
4.00991e-08
0
0
0
0
0
0
0
8.4501e-09
4.10564e-08
5.87047e-08
5.46684e-08
3.21986e-08
6.289e-09
0
0
0
0
0
2.24095e-09
2.29851e-08
1.6774e-08
9.49913e-09
5.58821e-09
6.98827e-09
3.78823e-09
4.04978e-09
0
0
0
0
0
0
0
0
0
0
0
0
0
0
0
5.06178e-08
3.35346e-07
6.54389e-07
7.85444e-07
6.09542e-07
3.19242e-07
1.81006e-07
3.04807e-07
5.6565e-07
7.2294e-07
7.08329e-07
8.37586e-07
1.33928e-06
2.29934e-06
3.68546e-06
5.10865e-06
5.14986e-06
2.17182e-06
0
0
0
0
0
0
0
0
0
0
0
0
4.02459e-07
1.07553e-06
1.12969e-06
2.80922e-07
0
0
0
0
1.50774e-07
1.79779e-07
1.15527e-07
5.27471e-08
0
0
0
0
4.28755e-07
7.24143e-07
8.51232e-07
9.15456e-07
8.84821e-07
7.36214e-07
4.53474e-07
9.97414e-08
4.80709e-07
1.88877e-06
1.14691e-06
5.18305e-07
2.3793e-08
0
0
0
0
0
0
1.43495e-07
1.07364e-07
8.29162e-08
7.22775e-08
6.15521e-08
5.1555e-08
5.01234e-08
5.77815e-08
6.97986e-08
7.49641e-08
4.80553e-08
0
0
0
0
0
1.64379e-06
1.43223e-06
1.10826e-06
8.4004e-07
6.18641e-07
4.52011e-07
3.2705e-07
2.15102e-07
1.09246e-07
8.03437e-09
0
0
0
0
0
3.07518e-08
9.0905e-08
8.38717e-08
2.89156e-08
0
0
0
0
0
0
0
0
0
0
0
0
0
0
0
0
4.11559e-09
7.83987e-08
1.31817e-07
1.7638e-07
2.16394e-07
2.46796e-07
2.82315e-07
3.35158e-07
3.88625e-07
4.20226e-07
4.29139e-07
4.34045e-07
4.24202e-07
4.15435e-07
4.06687e-07
3.76864e-07
2.50993e-07
1.45688e-07
1.11732e-07
9.28624e-08
7.92346e-08
6.03026e-08
3.25976e-08
0
0
0
0
0
0
0
5.43276e-09
3.4384e-08
5.21016e-08
5.88831e-08
4.91487e-08
2.43234e-08
0
0
0
0
0
0
1.86632e-09
1.73133e-08
1.71858e-08
9.53615e-09
7.70245e-09
2.58693e-09
1.51148e-09
0
0
0
0
0
0
0
0
0
0
0
0
0
0
0
2.49345e-07
4.29192e-07
4.3855e-07
2.85889e-07
8.16455e-08
0
0
2.90499e-08
9.09597e-08
1.04235e-07
2.0649e-07
5.42001e-07
1.21039e-06
2.30911e-06
3.97057e-06
6.48725e-06
8.7962e-06
0
0
0
0
0
0
0
0
0
0
0
0
0
0
9.74275e-08
6.69778e-07
6.42075e-07
0
0
0
0
5.6981e-08
1.49469e-07
8.4618e-08
2.3592e-08
0
0
0
0
0
2.83271e-07
2.07048e-07
6.43257e-09
0
0
0
0
1.1291e-06
2.1989e-06
1.41608e-06
7.03374e-07
1.08274e-07
0
0
0
0
0
0
7.41942e-08
5.52286e-08
5.06545e-08
4.4819e-08
3.97172e-08
4.10302e-08
4.94212e-08
6.17401e-08
7.15142e-08
5.99766e-08
2.37918e-09
0
0
0
0
0
9.79048e-07
1.08977e-06
8.35537e-07
5.58731e-07
3.28103e-07
1.97231e-07
1.447e-07
1.15961e-07
8.51116e-08
3.82919e-08
0
0
0
0
2.17799e-08
1.55662e-07
2.27665e-07
1.9092e-07
1.00033e-07
0
0
0
0
0
0
0
0
0
0
0
0
0
0
0
0
0
1.17078e-07
2.15999e-07
2.8678e-07
3.46837e-07
3.96172e-07
4.39302e-07
4.89792e-07
5.37578e-07
5.57078e-07
5.43327e-07
5.20541e-07
5.08749e-07
5.00265e-07
4.95902e-07
4.86157e-07
4.37212e-07
2.69005e-07
1.66231e-07
1.24693e-07
9.98349e-08
7.87019e-08
4.75611e-08
0
0
0
0
0
0
0
1.566e-08
4.03143e-08
5.21335e-08
5.57792e-08
5.33304e-08
3.85991e-08
1.27192e-08
0
0
0
0
0
0
2.09847e-09
1.36217e-08
1.28129e-08
1.12674e-08
3.74014e-09
9.16847e-10
0
0
0
0
0
0
0
0
0
0
0
0
0
2.07358e-08
2.30969e-07
3.59775e-07
3.55821e-07
2.47086e-07
8.993e-08
0
0
0
0
0
0
7.29316e-08
2.32602e-07
4.53411e-07
6.47558e-07
6.22941e-07
0
0
0
0
0
0
0
0
0
0
0
0
0
0
0
0
0
2.2805e-07
4.73299e-07
2.17234e-07
0
0
0
7.03311e-08
1.20415e-07
5.4509e-08
6.89662e-10
0
0
0
0
0
0
0
0
0
0
0
0
1.61074e-06
2.01865e-06
1.59856e-06
1.05077e-06
5.80972e-07
0
0
0
0
0
0
0
0
0
0
6.8247e-09
1.98667e-08
2.97029e-08
3.16487e-08
2.05211e-08
0
0
0
0
0
0
0
8.24202e-07
1.02452e-06
7.98873e-07
4.93541e-07
2.2747e-07
7.80724e-08
4.15573e-08
5.1078e-08
4.74505e-08
2.06128e-08
0
0
0
1.49656e-09
1.46162e-07
3.28686e-07
3.92046e-07
3.10706e-07
1.80347e-07
4.34339e-08
0
0
0
0
0
0
0
0
0
0
0
0
0
0
0
0
1.32788e-07
2.77727e-07
3.87695e-07
4.70801e-07
5.37195e-07
5.89571e-07
6.34313e-07
6.61051e-07
6.57772e-07
6.24991e-07
5.76699e-07
5.43119e-07
5.39682e-07
5.43796e-07
5.43373e-07
5.31693e-07
4.46699e-07
2.68116e-07
1.75724e-07
1.28412e-07
9.86517e-08
6.59964e-08
1.64984e-08
0
0
0
0
0
0
4.11123e-08
6.05709e-08
6.40527e-08
5.85372e-08
5.22256e-08
4.42678e-08
2.54115e-08
0
0
0
0
0
0
0
4.03018e-09
7.77758e-09
1.25076e-08
6.12971e-09
3.46576e-09
0
0
0
0
0
0
0
0
0
0
0
0
7.40576e-08
2.47993e-07
3.585e-07
3.63886e-07
2.83849e-07
1.58351e-07
3.97806e-08
0
0
0
2.02708e-08
2.91759e-08
7.1553e-09
0
0
0
0
0
0
0
0
0
0
0
0
0
0
0
0
0
0
0
0
0
0
2.16549e-07
4.02489e-07
2.7728e-07
0
0
0
1.66926e-07
9.94871e-08
2.40655e-08
0
0
0
0
0
0
0
0
0
0
0
0
7.1702e-07
1.26363e-06
1.51508e-06
1.538e-06
1.57567e-06
2.37789e-06
5.01458e-06
1.17208e-06
1.07907e-07
0
0
0
0
0
0
0
0
0
0
0
0
0
0
0
0
0
0
0
1.11177e-07
4.72889e-07
4.20887e-07
2.97094e-07
2.1747e-07
1.59782e-07
1.19005e-07
9.375e-08
5.81431e-08
1.79631e-08
0
0
0
8.98444e-08
2.96911e-07
4.86121e-07
5.26904e-07
4.18152e-07
2.58687e-07
9.42617e-08
0
0
0
0
0
0
0
0
0
0
0
0
0
0
0
7.83058e-09
1.27455e-07
2.75126e-07
4.10442e-07
5.18208e-07
5.98314e-07
6.51666e-07
6.89284e-07
7.04794e-07
6.81997e-07
6.40631e-07
5.85709e-07
5.39438e-07
5.24373e-07
5.40506e-07
5.528e-07
5.55795e-07
5.33068e-07
4.04655e-07
2.56351e-07
1.7283e-07
1.2231e-07
8.48575e-08
3.67982e-08
0
0
0
0
0
5.62588e-08
9.67441e-08
1.04977e-07
9.46917e-08
7.59635e-08
5.80736e-08
4.71703e-08
3.41683e-08
8.59633e-09
0
0
0
0
0
0
0
7.8617e-10
7.71215e-09
4.65987e-09
7.21064e-09
0
0
0
0
0
0
0
0
0
0
0
1.08286e-07
2.60877e-07
3.55674e-07
3.81026e-07
3.29793e-07
2.28166e-07
1.2108e-07
4.94547e-08
2.99684e-08
4.71496e-08
7.82748e-08
1.04744e-07
9.64069e-08
1.26032e-08
0
0
0
0
0
0
0
0
0
0
0
0
0
0
0
0
0
0
4.3774e-08
0
0
0
2.84938e-07
4.08479e-07
3.08989e-07
0
0
2.09665e-07
2.30521e-07
6.96307e-08
0
0
0
0
0
0
0
0
0
0
0
2.12882e-07
5.80248e-07
6.99721e-07
8.59322e-07
1.06852e-06
1.34604e-06
1.99305e-06
3.69755e-06
4.21949e-06
1.17852e-06
2.51285e-07
6.49534e-08
1.9478e-07
1.21103e-07
0
0
0
0
0
0
0
0
0
0
0
0
0
0
0
0
0
0
1.10822e-08
4.79428e-09
1.36675e-07
2.36281e-07
2.37392e-07
1.81555e-07
1.09799e-07
5.01736e-08
7.69253e-09
0
4.40606e-08
2.17313e-07
4.80163e-07
6.41733e-07
6.34434e-07
5.0231e-07
3.35572e-07
1.59207e-07
0
0
0
0
0
0
0
0
0
0
0
0
0
0
0
4.14632e-08
1.19909e-07
2.17896e-07
3.4464e-07
4.68162e-07
5.65862e-07
6.25406e-07
6.57005e-07
6.70218e-07
6.48335e-07
6.1064e-07
5.67274e-07
5.2563e-07
5.0168e-07
5.05599e-07
5.29716e-07
5.47735e-07
5.49673e-07
4.90371e-07
3.52539e-07
2.37969e-07
1.60419e-07
1.08415e-07
5.73259e-08
0
0
0
0
8.73824e-08
2.49583e-07
2.48549e-07
2.12407e-07
1.67823e-07
1.24247e-07
8.74747e-08
6.20645e-08
4.48828e-08
1.8869e-08
0
0
0
0
0
0
0
0
1.34433e-09
0
7.48181e-09
0
1.05721e-07
0
0
0
0
0
0
0
4.37251e-08
1.56496e-07
2.51129e-07
3.30515e-07
3.64395e-07
3.40235e-07
2.69195e-07
1.77749e-07
1.03748e-07
7.1965e-08
8.20964e-08
1.19526e-07
1.70982e-07
2.19873e-07
2.25273e-07
1.40439e-07
0
0
0
0
0
0
0
0
0
0
0
0
0
0
3.70107e-07
6.42548e-07
5.61946e-07
4.18317e-07
2.71084e-07
6.47866e-08
0
8.40789e-08
3.27517e-07
3.78338e-07
3.49099e-07
2.2546e-07
0
4.70782e-07
1.87578e-07
3.00898e-08
0
0
0
0
0
0
0
0
0
0
0
1.57901e-07
4.2255e-07
4.95028e-07
6.05791e-07
8.05004e-07
1.11868e-06
1.65307e-06
2.40007e-06
2.14735e-06
8.94918e-07
2.6812e-07
2.52177e-07
4.60489e-07
3.12739e-07
8.43927e-08
0
0
0
0
0
0
0
0
0
0
0
0
0
0
1.54665e-07
1.04229e-06
1.10037e-06
6.44875e-07
3.27157e-07
3.11361e-07
3.31365e-07
2.88607e-07
2.23383e-07
1.50658e-07
8.86457e-08
4.4436e-08
4.164e-08
1.42247e-07
4.08565e-07
6.89231e-07
7.97344e-07
7.46681e-07
5.9518e-07
4.19061e-07
2.3275e-07
3.87054e-08
0
0
0
0
0
0
0
0
0
0
0
0
0
9.55704e-09
8.75796e-08
1.54407e-07
2.23936e-07
2.92932e-07
3.68304e-07
4.54922e-07
5.15314e-07
5.46888e-07
5.62259e-07
5.63239e-07
5.47296e-07
5.2689e-07
5.02068e-07
4.82656e-07
4.76903e-07
4.8786e-07
5.16234e-07
5.30112e-07
5.1025e-07
4.03928e-07
2.98799e-07
2.09452e-07
1.38391e-07
8.08721e-08
1.74637e-08
0
0
3.75672e-08
2.40579e-07
4.7891e-07
5.52373e-07
4.60876e-07
3.35653e-07
2.34318e-07
1.62833e-07
1.12332e-07
7.3655e-08
3.26864e-08
0
0
0
0
0
0
0
0
0
0
2.47651e-09
0
3.87503e-06
8.13195e-07
6.25406e-08
4.64081e-08
2.7051e-08
4.4695e-08
1.03677e-07
1.86009e-07
2.70841e-07
3.38147e-07
3.64468e-07
3.62393e-07
3.35278e-07
2.79271e-07
2.06623e-07
1.35478e-07
9.3391e-08
9.24765e-08
1.27426e-07
1.91469e-07
2.73008e-07
3.50062e-07
3.86317e-07
3.43287e-07
1.97297e-07
0
0
0
0
0
0
0
0
0
0
0
7.64717e-07
2.58632e-06
2.08537e-06
1.36369e-06
8.01384e-07
4.47741e-07
2.28792e-07
6.48856e-08
3.9844e-08
2.25814e-07
3.56437e-07
3.5589e-07
4.76156e-07
6.74397e-07
2.57469e-07
4.72291e-07
1.378e-07
1.67026e-08
0
0
0
0
0
0
0
0
0
0
0
0
2.84071e-07
3.9888e-07
4.86257e-07
6.2511e-07
8.41416e-07
1.11579e-06
1.30288e-06
1.05115e-06
4.86932e-07
1.085e-07
2.25178e-07
4.78825e-07
4.19458e-07
1.69969e-07
6.89654e-09
0
0
0
0
0
0
0
0
0
3.43382e-07
1.21968e-06
2.27812e-06
3.50955e-06
4.50461e-06
4.5051e-06
3.24026e-06
1.61675e-06
7.26327e-07
4.65525e-07
3.74746e-07
3.298e-07
2.67874e-07
1.91639e-07
1.29788e-07
8.9632e-08
1.10997e-07
2.97188e-07
6.64378e-07
9.1816e-07
9.75218e-07
8.82542e-07
7.23654e-07
5.23797e-07
3.28022e-07
1.10815e-07
0
0
0
0
0
0
0
0
0
0
0
0
0
6.44002e-08
1.84797e-07
2.37372e-07
2.8238e-07
3.34128e-07
3.78278e-07
4.11746e-07
4.5336e-07
4.86214e-07
5.02204e-07
5.09619e-07
5.08879e-07
5.041e-07
4.94554e-07
4.82299e-07
4.76782e-07
4.76801e-07
4.93049e-07
5.10232e-07
5.04631e-07
4.30373e-07
3.2724e-07
2.54628e-07
1.7863e-07
1.12117e-07
4.55087e-08
0
1.35852e-08
1.30285e-07
3.09728e-07
4.73648e-07
5.0971e-07
5.42795e-07
5.43275e-07
4.17397e-07
2.95785e-07
2.13883e-07
1.46164e-07
6.30059e-08
0
0
0
0
0
0
0
0
0
0
0
0
3.75508e-06
1.46595e-06
2.44225e-07
1.41297e-07
1.99974e-07
2.43842e-07
2.93845e-07
3.59348e-07
4.25942e-07
4.68437e-07
4.54029e-07
3.96033e-07
3.16319e-07
2.26615e-07
1.43061e-07
7.79744e-08
4.87663e-08
6.31394e-08
1.15271e-07
1.98252e-07
2.99932e-07
3.93613e-07
4.52278e-07
4.49962e-07
3.68931e-07
2.00607e-07
0
0
0
0
0
0
0
0
0
0
5.29256e-06
3.28495e-06
1.85673e-06
1.00617e-06
5.14374e-07
2.64149e-07
1.44895e-07
1.06901e-07
2.09394e-07
3.64775e-07
3.98647e-07
4.26915e-07
8.9734e-07
1.57513e-06
1.09646e-06
3.70096e-07
1.07881e-07
2.52501e-08
0
0
0
0
0
0
0
0
0
0
0
0
1.42223e-07
3.07786e-07
3.75039e-07
4.51967e-07
5.71303e-07
6.68502e-07
6.44808e-07
4.05686e-07
4.87873e-08
0
0
0
3.31579e-07
2.48555e-07
4.71196e-08
0
0
0
0
0
0
7.331e-08
4.16245e-07
1.28774e-06
2.76814e-06
4.68164e-06
6.72443e-06
8.59627e-06
9.71759e-06
8.95246e-06
5.29154e-06
1.64903e-06
3.27218e-07
1.48827e-07
2.41072e-07
3.15137e-07
2.83154e-07
2.30865e-07
1.82776e-07
1.49129e-07
2.09822e-07
5.06337e-07
9.30669e-07
1.13932e-06
1.15133e-06
1.03181e-06
8.5838e-07
6.32937e-07
4.64665e-07
2.44178e-07
3.19094e-08
0
0
0
0
0
0
0
0
0
0
0
0
2.18746e-07
4.14089e-07
4.42041e-07
4.20595e-07
4.16813e-07
4.29669e-07
4.46355e-07
4.6083e-07
4.73816e-07
4.85023e-07
4.90875e-07
4.92938e-07
4.91147e-07
4.90079e-07
4.85554e-07
4.82164e-07
4.813e-07
4.82417e-07
4.93926e-07
4.89668e-07
4.40466e-07
3.32544e-07
2.69626e-07
2.12037e-07
1.47246e-07
8.19136e-08
3.39578e-08
6.64585e-08
1.97073e-07
3.53822e-07
4.70865e-07
5.30434e-07
4.77753e-07
4.62958e-07
4.77257e-07
3.86386e-07
2.85398e-07
1.96937e-07
7.71335e-08
0
0
0
0
0
0
0
0
0
0
0
0
1.64677e-06
2.2088e-06
5.85564e-07
2.20059e-07
2.33144e-07
3.00036e-07
3.33847e-07
3.87967e-07
4.36051e-07
4.66581e-07
4.51005e-07
3.89715e-07
3.04747e-07
2.08908e-07
1.18084e-07
4.49424e-08
3.19705e-09
2.11255e-09
4.0938e-08
1.11966e-07
2.09349e-07
3.09678e-07
3.85957e-07
4.19452e-07
3.95854e-07
3.11539e-07
1.64244e-07
0
0
0
0
0
0
0
0
1.4055e-06
2.38736e-06
1.64564e-06
9.42571e-07
4.83758e-07
2.31123e-07
1.27193e-07
1.08081e-07
1.91409e-07
3.87578e-07
4.86755e-07
4.83342e-07
7.17591e-07
1.95744e-06
2.27444e-06
9.70974e-07
2.62349e-07
9.73149e-08
4.09757e-08
1.93996e-08
1.5862e-08
2.0612e-08
2.30985e-08
2.52898e-08
2.62639e-08
2.50601e-08
2.03402e-08
8.08781e-09
0
0
0
0
1.7512e-07
2.40531e-07
2.74389e-07
3.12578e-07
3.23557e-07
2.39224e-07
5.84782e-08
0
0
0
0
0
2.02442e-07
1.1681e-07
0
0
0
0
0
5.16099e-08
2.58359e-07
9.07133e-07
2.33682e-06
4.47162e-06
7.12128e-06
1.01369e-05
1.29778e-05
1.54549e-05
1.50634e-05
6.47377e-06
0
0
0
7.91293e-08
3.11788e-07
3.24171e-07
2.88214e-07
2.36604e-07
2.06317e-07
3.29241e-07
7.54068e-07
1.1745e-06
1.33814e-06
1.30787e-06
1.21382e-06
9.3099e-07
7.65436e-07
6.2669e-07
4.55439e-07
1.60936e-07
0
0
0
0
0
0
0
0
0
0
0
0
5.42407e-07
8.81073e-07
8.66309e-07
7.22961e-07
5.95304e-07
5.25085e-07
4.97148e-07
4.92987e-07
4.96423e-07
4.97224e-07
4.95877e-07
4.93176e-07
4.91097e-07
4.90307e-07
4.89883e-07
4.89646e-07
4.90305e-07
4.85374e-07
4.85814e-07
4.77007e-07
4.39553e-07
3.40278e-07
2.62547e-07
2.2188e-07
1.73278e-07
1.19695e-07
7.50928e-08
1.15399e-07
2.50142e-07
3.83804e-07
4.4632e-07
4.87947e-07
5.20063e-07
4.79961e-07
4.32291e-07
3.71791e-07
2.59261e-07
1.32246e-07
0
0
0
0
0
0
0
0
0
0
0
0
0
5.9598e-07
2.14295e-06
7.59002e-07
2.9312e-07
2.65733e-07
2.64023e-07
2.10227e-07
2.61515e-07
3.15272e-07
3.37607e-07
3.3298e-07
2.95166e-07
2.38644e-07
1.71643e-07
1.00862e-07
3.57502e-08
0
0
0
4.46679e-09
6.20516e-08
1.38591e-07
2.16524e-07
2.74459e-07
2.98388e-07
2.8374e-07
2.31319e-07
1.46232e-07
3.43203e-08
0
0
0
0
0
1.03436e-07
6.43874e-07
7.71456e-07
5.36971e-07
2.5983e-07
7.16659e-08
1.18522e-08
3.61734e-08
1.35912e-07
3.77088e-07
5.78276e-07
6.20703e-07
6.93174e-07
1.56397e-06
2.93485e-06
2.05923e-06
6.29466e-07
2.09807e-07
1.03612e-07
5.96226e-08
4.19879e-08
3.99699e-08
4.33065e-08
4.45261e-08
4.45916e-08
4.89545e-08
4.7872e-08
4.50166e-08
3.30901e-08
1.81702e-08
0
0
0
0
9.63487e-08
1.09001e-07
8.60667e-08
4.3055e-08
0
0
0
0
0
0
0
0
8.86509e-08
3.82122e-08
0
0
0
0
2.76845e-08
2.66588e-07
9.7057e-07
2.63302e-06
4.98238e-06
8.08149e-06
1.18038e-05
1.58478e-05
2.15239e-05
2.5976e-05
3.4668e-06
0
0
0
1.30575e-07
3.77214e-07
3.79676e-07
3.34892e-07
2.62509e-07
2.42881e-07
4.82111e-07
1.01702e-06
1.40955e-06
1.5236e-06
1.49222e-06
1.28912e-06
8.3599e-07
8.86218e-07
7.29425e-07
6.47218e-07
3.29547e-07
0
0
0
0
0
0
0
0
0
0
0
0
7.9629e-07
1.61858e-06
1.60848e-06
1.26254e-06
9.22441e-07
7.0146e-07
5.87363e-07
5.40976e-07
5.24239e-07
5.15868e-07
5.08833e-07
5.03475e-07
5.01015e-07
4.99206e-07
4.97285e-07
4.96036e-07
4.9656e-07
4.9198e-07
4.83921e-07
4.66715e-07
4.31083e-07
3.43525e-07
2.51532e-07
2.10778e-07
1.79488e-07
1.45875e-07
1.14552e-07
1.60843e-07
2.95424e-07
4.01196e-07
4.14963e-07
3.91141e-07
3.78533e-07
3.90729e-07
3.84946e-07
2.72527e-07
1.02151e-07
0
0
0
0
1.32761e-07
9.2881e-08
0
0
0
0
0
0
0
0
2.09644e-07
1.22913e-06
6.09395e-07
1.7417e-07
4.94689e-08
0
0
8.83374e-09
9.62436e-08
1.35091e-07
1.38171e-07
1.20277e-07
9.41816e-08
6.52869e-08
3.26219e-08
0
0
0
0
0
0
1.29701e-08
5.9087e-08
1.10193e-07
1.52401e-07
1.78381e-07
1.86727e-07
1.81262e-07
1.65958e-07
1.49059e-07
1.36237e-07
1.36037e-07
1.51043e-07
2.01973e-07
2.90114e-07
3.08153e-07
1.64272e-07
0
0
0
0
5.34094e-08
3.23767e-07
6.27632e-07
7.62776e-07
7.97737e-07
1.29299e-06
2.90645e-06
2.4725e-06
1.39966e-06
3.78098e-07
1.71013e-07
1.04878e-07
7.41106e-08
6.25988e-08
6.20953e-08
6.2919e-08
6.16095e-08
5.99563e-08
6.28487e-08
6.55762e-08
6.09969e-08
5.26013e-08
3.65947e-08
8.80949e-09
0
0
0
0
0
0
0
0
0
0
0
0
0
0
0
0
6.39857e-10
0
0
0
0
0
1.89961e-07
7.93374e-07
2.35354e-06
4.60287e-06
7.79134e-06
1.17162e-05
1.65398e-05
2.51458e-05
3.98376e-05
0
0
0
0
2.71617e-07
4.22041e-07
4.09646e-07
3.30375e-07
2.37037e-07
2.72011e-07
6.94788e-07
1.27962e-06
1.62917e-06
1.7028e-06
1.65271e-06
9.48602e-07
8.88164e-07
9.36807e-07
7.30122e-07
6.65659e-07
5.80645e-07
0
0
0
0
0
0
0
0
0
0
0
0
1.29876e-07
2.27542e-06
2.67689e-06
2.09598e-06
1.43763e-06
9.89616e-07
7.37479e-07
6.15824e-07
5.62779e-07
5.36508e-07
5.20483e-07
5.12404e-07
5.10727e-07
5.09583e-07
5.06099e-07
5.03078e-07
5.01294e-07
4.96405e-07
4.82937e-07
4.58159e-07
4.2006e-07
3.44244e-07
2.45378e-07
1.93057e-07
1.69024e-07
1.5281e-07
1.42918e-07
2.00166e-07
3.36543e-07
4.12229e-07
3.78639e-07
2.93034e-07
2.00404e-07
1.04507e-07
2.14424e-08
0
0
0
0
0
0
9.11663e-08
1.2632e-07
5.58972e-08
0
0
0
0
0
0
0
0
0
0
3.20927e-08
0
0
0
0
0
0
0
0
0
0
0
0
0
0
0
0
0
0
0
1.29312e-08
4.75895e-08
8.54022e-08
1.23265e-07
1.6072e-07
1.98568e-07
2.3894e-07
2.81165e-07
3.20709e-07
3.48046e-07
3.49888e-07
2.75935e-07
5.10273e-08
0
0
0
0
0
2.7012e-07
6.30331e-07
8.63359e-07
9.35627e-07
1.23078e-06
2.59674e-06
2.54919e-06
1.73231e-06
7.27746e-07
2.70947e-07
1.64714e-07
1.16336e-07
9.24595e-08
8.45783e-08
8.2821e-08
7.99797e-08
7.49153e-08
7.19847e-08
7.14459e-08
7.69341e-08
7.45728e-08
6.55653e-08
4.95792e-08
3.27589e-08
0
0
0
0
0
0
0
0
0
0
0
0
0
0
0
0
0
0
0
0
0
0
1.66163e-07
6.82058e-07
1.94408e-06
3.85763e-06
6.80702e-06
1.03193e-05
1.44681e-05
1.99613e-05
1.89621e-05
0
0
0
0
3.81662e-07
4.46083e-07
3.86389e-07
2.59018e-07
1.62078e-07
3.53375e-07
9.47508e-07
1.52405e-06
1.79905e-06
1.86285e-06
1.37207e-06
7.95235e-07
1.01833e-06
8.98279e-07
6.4242e-07
4.85135e-07
4.56648e-07
0
0
0
0
0
0
0
0
0
0
0
0
0
1.77313e-06
3.80129e-06
3.2262e-06
2.17195e-06
1.40942e-06
9.63924e-07
7.28823e-07
6.17784e-07
5.62871e-07
5.33067e-07
5.20458e-07
5.19708e-07
5.20472e-07
5.16259e-07
5.10314e-07
5.04831e-07
4.98173e-07
4.81373e-07
4.51563e-07
4.08726e-07
3.41017e-07
2.42466e-07
1.76618e-07
1.51336e-07
1.44798e-07
1.55082e-07
2.29198e-07
3.75741e-07
4.22921e-07
3.39102e-07
2.00974e-07
5.85774e-08
0
0
0
0
0
0
0
0
3.38784e-08
9.43553e-08
6.9372e-08
1.43386e-08
0
0
0
0
0
0
0
0
0
2.98861e-07
0
0
0
0
0
0
0
0
0
0
0
0
0
0
0
0
0
0
0
0
0
3.28555e-08
7.58684e-08
1.29934e-07
1.92511e-07
2.63011e-07
3.34385e-07
3.9622e-07
4.33463e-07
3.93998e-07
1.9525e-07
0
0
0
0
0
2.77109e-07
6.42334e-07
9.19039e-07
1.04579e-06
1.28321e-06
2.29765e-06
2.4128e-06
1.69021e-06
1.0972e-06
3.95129e-07
2.24072e-07
1.56936e-07
1.21706e-07
1.06768e-07
1.02582e-07
1.00044e-07
9.44298e-08
8.63396e-08
8.06803e-08
7.83371e-08
8.03827e-08
8.30996e-08
7.47403e-08
5.80781e-08
4.06358e-08
1.09072e-08
0
0
0
0
0
0
0
0
0
0
0
0
0
0
0
0
0
0
0
0
1.69857e-08
2.29284e-07
6.96131e-07
1.60554e-06
3.18061e-06
5.66997e-06
8.31246e-06
1.08727e-05
1.22028e-05
4.5807e-06
0
0
0
2.29002e-07
4.13709e-07
4.02905e-07
2.7767e-07
1.16048e-07
9.09523e-08
5.23084e-07
1.19709e-06
1.71503e-06
1.92076e-06
1.77635e-06
8.66669e-07
1.028e-06
1.04813e-06
8.09699e-07
5.07129e-07
2.77357e-07
2.51037e-07
0
0
0
0
0
0
0
0
0
1.50841e-06
2.63767e-06
1.75596e-06
0
0
3.98198e-06
4.45622e-06
3.11595e-06
1.99246e-06
1.29923e-06
9.06396e-07
7.02804e-07
6.01122e-07
5.50372e-07
5.3125e-07
5.31613e-07
5.3464e-07
5.29598e-07
5.19739e-07
5.09195e-07
4.9893e-07
4.7862e-07
4.44507e-07
3.96349e-07
3.32724e-07
2.38771e-07
1.62299e-07
1.31603e-07
1.29849e-07
1.53553e-07
2.44356e-07
4.11862e-07
4.3742e-07
3.02506e-07
1.18154e-07
0
0
0
0
0
0
0
0
0
0
5.6132e-08
6.44816e-08
3.07896e-08
0
0
0
0
0
0
0
2.46397e-07
0
0
0
0
0
0
0
0
0
0
0
0
0
0
0
0
0
0
0
0
0
0
2.7546e-08
7.83477e-08
1.35702e-07
2.04447e-07
2.80478e-07
3.65524e-07
4.47587e-07
5.19555e-07
5.50516e-07
4.6347e-07
1.63554e-07
0
0
0
0
3.47151e-07
6.9239e-07
9.54502e-07
1.11957e-06
1.37863e-06
2.1052e-06
2.11117e-06
1.53469e-06
1.09247e-06
5.79904e-07
2.86291e-07
1.97269e-07
1.52804e-07
1.30903e-07
1.22933e-07
1.18559e-07
1.11949e-07
1.02268e-07
9.38313e-08
8.73315e-08
8.41999e-08
8.34858e-08
8.64967e-08
8.18262e-08
6.49379e-08
4.22431e-08
2.82659e-08
0
0
0
0
0
0
0
0
0
0
0
4.40073e-08
0
0
0
0
0
0
1.19661e-08
6.24077e-08
1.49148e-07
3.53723e-07
7.68578e-07
1.48018e-06
2.7517e-06
4.65934e-06
6.41764e-06
7.75472e-06
7.05545e-06
0
0
0
0
3.12222e-07
3.58316e-07
2.64968e-07
8.08359e-08
0
1.07968e-07
7.49291e-07
1.39909e-06
1.78679e-06
1.86526e-06
1.06369e-06
1.05749e-06
1.15634e-06
9.84696e-07
7.04176e-07
4.05817e-07
2.78692e-07
2.73926e-07
0
0
0
0
0
0
0
0
9.42891e-07
3.27561e-06
5.318e-06
5.38776e-06
2.62438e-06
0
2.36669e-06
5.24182e-06
4.12219e-06
2.6515e-06
1.67248e-06
1.10687e-06
8.00462e-07
6.43847e-07
5.68135e-07
5.4042e-07
5.40118e-07
5.44354e-07
5.37816e-07
5.22187e-07
5.06564e-07
4.92734e-07
4.7304e-07
4.34811e-07
3.81119e-07
3.18826e-07
2.31016e-07
1.49406e-07
1.12998e-07
1.135e-07
1.45593e-07
2.47419e-07
4.41445e-07
4.57739e-07
2.69273e-07
4.39874e-08
0
0
0
0
0
0
0
0
0
0
2.41748e-08
4.83706e-08
4.05875e-08
1.12648e-08
0
0
0
0
0
1.93238e-07
1.04104e-07
0
0
0
0
0
0
0
0
0
0
0
0
0
0
0
0
0
0
0
0
0
0
0
7.59424e-08
1.58257e-07
2.43969e-07
3.32059e-07
4.20167e-07
4.98422e-07
5.5561e-07
5.44243e-07
3.77912e-07
0
0
0
1.32321e-09
4.32105e-07
7.65508e-07
9.88096e-07
1.18332e-06
1.48487e-06
1.93214e-06
1.6989e-06
1.29078e-06
9.31157e-07
6.84885e-07
3.48256e-07
2.40523e-07
1.80863e-07
1.47559e-07
1.34001e-07
1.3081e-07
1.27485e-07
1.19729e-07
1.08281e-07
9.93639e-08
9.26614e-08
8.79407e-08
8.55995e-08
8.55458e-08
8.34663e-08
6.99502e-08
4.25412e-08
2.53159e-08
0
0
0
0
0
0
0
0
0
0
0
1.02734e-07
1.14323e-07
1.49354e-08
0
0
0
0
8.45151e-08
1.92508e-07
3.21122e-07
5.36397e-07
9.07816e-07
1.52647e-06
2.6255e-06
3.90795e-06
5.01972e-06
5.47356e-06
3.32655e-06
0
0
0
1.65262e-07
2.57515e-07
1.99874e-07
3.05034e-08
0
0
2.43443e-07
9.55388e-07
1.48214e-06
1.67683e-06
1.19311e-06
9.65835e-07
1.2311e-06
1.13044e-06
8.63709e-07
5.85527e-07
3.39773e-07
3.2001e-07
2.8484e-07
0
0
0
0
0
0
0
0
1.80136e-06
4.5129e-06
7.07543e-06
8.00209e-06
7.09507e-06
6.17931e-07
0
4.93499e-06
4.96886e-06
3.37622e-06
2.16429e-06
1.40093e-06
9.55376e-07
7.14328e-07
5.96084e-07
5.52584e-07
5.4815e-07
5.51955e-07
5.41847e-07
5.19229e-07
4.97715e-07
4.79235e-07
4.54075e-07
4.19374e-07
3.66439e-07
3.05202e-07
2.25404e-07
1.4231e-07
1.00821e-07
1.02061e-07
1.39158e-07
2.45003e-07
4.58473e-07
4.84482e-07
2.42317e-07
0
0
0
0
0
0
0
0
0
0
0
4.60662e-09
2.90076e-08
3.74866e-08
2.69287e-08
5.08497e-09
0
0
0
0
1.26491e-07
9.31985e-08
9.52395e-09
0
0
0
0
0
0
0
0
0
0
0
0
0
0
0
0
0
0
0
0
0
0
0
9.62964e-08
2.10491e-07
3.20033e-07
4.14508e-07
4.71879e-07
4.5133e-07
3.1049e-07
5.06719e-08
0
0
1.3518e-07
4.77327e-07
7.89482e-07
1.01459e-06
1.26123e-06
1.59571e-06
1.61134e-06
1.22758e-06
9.76734e-07
7.43384e-07
6.09774e-07
3.85296e-07
2.59006e-07
1.96126e-07
1.61129e-07
1.44228e-07
1.38007e-07
1.3427e-07
1.27043e-07
1.15342e-07
1.05039e-07
9.793e-08
9.23276e-08
8.70636e-08
8.39665e-08
8.1996e-08
7.88938e-08
7.01669e-08
4.40861e-08
1.69649e-08
8.10961e-09
0
0
0
0
0
0
0
0
0
0
5.40648e-08
1.97374e-07
2.00732e-07
1.37054e-07
7.95163e-08
6.69568e-08
1.08555e-07
1.98924e-07
3.27467e-07
4.91724e-07
7.35772e-07
1.09724e-06
1.68664e-06
2.50306e-06
3.31381e-06
3.87819e-06
3.36191e-06
7.9977e-07
0
0
1.72156e-08
1.19491e-07
7.90984e-08
0
0
0
0
4.36346e-07
1.04793e-06
1.33399e-06
1.09862e-06
6.40392e-07
1.1661e-06
1.20986e-06
9.78277e-07
7.03e-07
4.64165e-07
3.11669e-07
3.27351e-07
2.70693e-07
0
0
0
0
0
0
0
0
2.38924e-06
5.47859e-06
8.04303e-06
9.36569e-06
9.42997e-06
7.70955e-06
0
3.19074e-06
5.29897e-06
3.86723e-06
2.50488e-06
1.61822e-06
1.07524e-06
7.6008e-07
6.02894e-07
5.43797e-07
5.34906e-07
5.36713e-07
5.20496e-07
4.91221e-07
4.65136e-07
4.44382e-07
4.19152e-07
3.86206e-07
3.32839e-07
2.73731e-07
2.03683e-07
1.28053e-07
8.6444e-08
8.91626e-08
1.29918e-07
2.32246e-07
4.38272e-07
4.96531e-07
2.24181e-07
0
0
0
0
0
0
0
0
0
0
0
2.73592e-09
1.85973e-08
2.61529e-08
2.87557e-08
2.08708e-08
3.19054e-09
0
0
0
5.26808e-08
9.80461e-08
8.97354e-08
6.18092e-09
0
0
0
0
0
0
0
0
0
0
0
0
0
0
0
0
0
0
0
0
0
0
0
3.54982e-08
1.09743e-07
1.23266e-07
6.41583e-08
0
0
0
0
1.30683e-07
4.34805e-07
7.33201e-07
1.04041e-06
1.42062e-06
1.56062e-06
1.1222e-06
8.36379e-07
6.78096e-07
5.55669e-07
4.86264e-07
3.93761e-07
2.63207e-07
2.06147e-07
1.68393e-07
1.45078e-07
1.35568e-07
1.3305e-07
1.30322e-07
1.2324e-07
1.11257e-07
1.02323e-07
9.58224e-08
9.04722e-08
8.53583e-08
8.03036e-08
7.57337e-08
7.0008e-08
6.40716e-08
4.50691e-08
1.1466e-08
0
0
0
0
0
0
0
0
0
0
0
0
1.70795e-07
2.89599e-07
3.15635e-07
2.94349e-07
2.89108e-07
3.13192e-07
4.02903e-07
5.36576e-07
7.24132e-07
1.00126e-06
1.38143e-06
1.88552e-06
2.40721e-06
2.81375e-06
2.63827e-06
1.41144e-06
5.51151e-08
0
0
0
0
0
0
0
0
0
6.13794e-07
1.0083e-06
9.26089e-07
4.26347e-07
1.00274e-06
1.25231e-06
1.10965e-06
8.02014e-07
5.76272e-07
3.91614e-07
3.13523e-07
3.32094e-07
2.53378e-07
0
0
0
0
9.94961e-08
0
0
3.39608e-07
3.22136e-06
6.8791e-06
9.28676e-06
1.05987e-05
1.08628e-05
1.20952e-05
6.23349e-06
0
5.14225e-06
4.40261e-06
2.95327e-06
1.91973e-06
1.26387e-06
8.75364e-07
6.70102e-07
5.85048e-07
5.62837e-07
5.50533e-07
5.22815e-07
4.83419e-07
4.49339e-07
4.25284e-07
3.99541e-07
3.69015e-07
3.20543e-07
2.64148e-07
1.98999e-07
1.2725e-07
8.33516e-08
8.69127e-08
1.32805e-07
2.34028e-07
4.14865e-07
5.01418e-07
2.31952e-07
0
0
0
0
0
1.67047e-08
6.05332e-08
0
0
0
0
2.38324e-08
3.19299e-08
2.45037e-08
2.24617e-08
2.39926e-08
1.63653e-08
0
0
0
1.42713e-08
1.85443e-08
2.0994e-08
7.65582e-09
0
0
0
0
0
0
0
0
0
0
0
0
0
0
0
0
0
0
0
0
0
0
0
0
0
0
0
0
0
0
9.10709e-08
3.31128e-07
6.68054e-07
1.19558e-06
1.40913e-06
1.0397e-06
7.30052e-07
5.65009e-07
4.48051e-07
3.92933e-07
3.78952e-07
3.77092e-07
2.54114e-07
1.99266e-07
1.63237e-07
1.40949e-07
1.29679e-07
1.27296e-07
1.26359e-07
1.22366e-07
1.13309e-07
1.01229e-07
9.31015e-08
8.75179e-08
8.26117e-08
7.86432e-08
7.28313e-08
6.71019e-08
5.9649e-08
5.29774e-08
4.14282e-08
1.10026e-08
0
0
0
0
0
0
0
0
0
0
0
0
7.90417e-08
2.57301e-07
3.7388e-07
4.33828e-07
4.68807e-07
5.04856e-07
6.02624e-07
7.18562e-07
9.00256e-07
1.17727e-06
1.47454e-06
1.74926e-06
1.95501e-06
1.87349e-06
1.25682e-06
4.2537e-07
5.74713e-09
0
0
0
0
0
0
0
0
1.81023e-07
6.38438e-07
7.00952e-07
3.39573e-07
7.84556e-07
1.18439e-06
1.16375e-06
8.76502e-07
5.98189e-07
4.43268e-07
3.31576e-07
3.05443e-07
3.25666e-07
2.53216e-07
0
0
3.27237e-07
7.35399e-07
8.09643e-07
6.65996e-07
6.4947e-07
1.14418e-06
3.86334e-06
8.2205e-06
1.03065e-05
1.10722e-05
1.1062e-05
1.2865e-05
1.68363e-05
1.129e-06
4.03573e-06
4.51719e-06
3.20682e-06
2.17298e-06
1.47025e-06
1.00284e-06
7.29795e-07
6.05335e-07
5.6208e-07
5.39982e-07
4.99892e-07
4.46515e-07
4.02542e-07
3.74826e-07
3.5207e-07
3.29268e-07
2.93193e-07
2.41972e-07
1.84049e-07
1.21257e-07
8.0026e-08
8.46759e-08
1.36089e-07
2.35932e-07
3.72254e-07
4.22171e-07
2.22164e-07
0
0
0
0
0
1.03639e-07
1.6291e-07
7.10913e-08
0
0
0
5.85744e-08
7.05522e-08
4.0151e-08
1.83339e-08
1.47226e-08
1.51522e-08
1.06941e-08
0
0
6.30899e-09
1.87829e-10
0
5.06153e-10
0
0
0
0
0
0
0
0
0
0
0
0
0
0
0
0
0
0
0
0
0
0
0
0
0
0
0
0
0
0
0
0
2.6357e-07
5.99804e-07
5.59775e-07
4.43558e-07
3.32383e-07
2.80829e-07
2.70437e-07
3.1069e-07
3.52169e-07
2.34028e-07
1.78263e-07
1.48582e-07
1.28866e-07
1.16271e-07
1.12558e-07
1.15167e-07
1.14377e-07
1.09298e-07
9.87276e-08
9.0135e-08
8.44076e-08
7.95742e-08
7.42496e-08
6.87427e-08
6.24491e-08
5.59007e-08
4.82222e-08
4.03185e-08
3.30157e-08
1.28096e-08
0
0
0
0
0
0
0
0
0
0
0
0
0
1.69759e-07
3.27718e-07
4.52715e-07
5.46262e-07
6.20821e-07
7.20615e-07
8.28453e-07
9.52758e-07
1.14529e-06
1.2802e-06
1.34543e-06
1.27791e-06
9.73626e-07
5.05667e-07
1.45174e-07
0
0
0
0
0
0
0
0
0
2.86944e-07
4.32911e-07
2.42124e-07
6.34006e-07
1.10627e-06
1.15832e-06
9.47508e-07
6.40932e-07
4.6537e-07
3.71497e-07
3.03456e-07
3.00233e-07
3.26761e-07
2.82794e-07
3.53454e-08
4.36086e-07
9.67941e-07
1.25171e-06
1.1527e-06
1.08299e-06
1.31415e-06
1.89784e-06
4.18143e-06
1.01024e-05
1.20257e-05
1.16143e-05
1.09923e-05
1.23297e-05
1.69527e-05
2.00484e-05
3.82722e-06
4.47651e-06
3.41219e-06
2.35491e-06
1.60483e-06
1.10738e-06
8.14233e-07
6.73344e-07
6.06044e-07
5.50702e-07
4.87073e-07
4.21365e-07
3.68523e-07
3.35362e-07
3.14165e-07
2.98805e-07
2.73331e-07
2.31128e-07
1.8262e-07
1.29289e-07
9.17903e-08
9.8195e-08
1.57595e-07
2.62349e-07
3.60692e-07
3.28967e-07
1.72395e-07
0
0
0
0
0
1.46486e-07
1.63257e-07
1.05311e-07
1.84027e-08
0
0
7.09374e-08
1.17814e-07
7.33365e-08
2.5852e-08
6.91791e-09
4.41083e-09
8.40566e-09
5.92905e-09
2.064e-09
5.62372e-09
0
0
0
2.22646e-09
1.61318e-09
0
0
0
0
0
0
0
0
0
0
0
0
0
0
0
0
0
0
0
0
0
0
0
0
0
0
0
0
0
0
5.40721e-08
1.57453e-07
1.74293e-07
1.76829e-07
1.89134e-07
2.28821e-07
3.13146e-07
3.12255e-07
2.01971e-07
1.52059e-07
1.28627e-07
1.13293e-07
1.01581e-07
9.68767e-08
1.01194e-07
1.0322e-07
1.00696e-07
9.35796e-08
8.39223e-08
7.75843e-08
7.3476e-08
6.93197e-08
6.44064e-08
5.88636e-08
5.32097e-08
4.67498e-08
3.9236e-08
3.04295e-08
2.34811e-08
1.255e-08
0
0
0
0
0
0
0
0
0
0
0
0
0
6.33049e-08
2.5146e-07
3.96105e-07
5.23363e-07
6.27007e-07
7.17043e-07
8.04162e-07
8.64703e-07
9.47033e-07
9.53697e-07
8.92118e-07
7.4318e-07
5.00589e-07
2.39788e-07
2.04583e-08
0
0
0
0
0
0
0
0
0
1.48672e-07
6.67589e-08
5.1209e-07
1.04723e-06
1.13031e-06
9.86011e-07
6.70729e-07
4.60693e-07
3.68682e-07
3.23431e-07
2.8691e-07
2.91632e-07
3.3302e-07
3.38872e-07
3.51521e-07
9.38949e-07
1.40594e-06
1.46584e-06
1.19136e-06
1.19698e-06
1.61531e-06
2.29285e-06
3.29247e-06
1.15329e-05
1.43907e-05
1.18702e-05
1.04666e-05
1.11028e-05
1.43037e-05
2.02956e-05
1.05354e-05
4.59788e-06
3.5586e-06
2.61005e-06
1.89047e-06
1.35767e-06
1.01545e-06
8.082e-07
6.74578e-07
5.73826e-07
4.82533e-07
4.00381e-07
3.38914e-07
3.01485e-07
2.80775e-07
2.70263e-07
2.60373e-07
2.32998e-07
1.92805e-07
1.47161e-07
1.14271e-07
1.21315e-07
1.8215e-07
2.7945e-07
3.39309e-07
2.58332e-07
9.2286e-08
0
0
0
0
1.19036e-07
1.89599e-07
1.19407e-07
7.46332e-08
2.72109e-08
0
0
3.81341e-08
1.28277e-07
1.01871e-07
3.88854e-08
5.00467e-09
0
0
2.35574e-09
9.78036e-09
5.58852e-09
0
0
1.59451e-09
4.47561e-09
2.29261e-09
0
0
0
7.74604e-10
0
0
0
0
0
0
0
0
0
0
0
0
0
0
0
0
0
0
0
0
0
0
0
0
0
0
4.58592e-08
9.09672e-08
1.33809e-07
1.91591e-07
2.72854e-07
3.13992e-07
2.27202e-07
1.54608e-07
1.21927e-07
1.06291e-07
9.54626e-08
8.58527e-08
8.1284e-08
8.49319e-08
9.04649e-08
9.06966e-08
8.73361e-08
7.98831e-08
7.23563e-08
6.7719e-08
6.42085e-08
5.98567e-08
5.40023e-08
4.77841e-08
4.22232e-08
3.69047e-08
3.06559e-08
2.26466e-08
1.48675e-08
8.26026e-09
0
0
0
0
0
0
0
0
0
0
0
0
0
0
1.7836e-07
3.5574e-07
4.9119e-07
6.00907e-07
6.86134e-07
7.44931e-07
7.70142e-07
7.79645e-07
7.41234e-07
6.60547e-07
5.34761e-07
3.66897e-07
1.79651e-07
0
0
0
0
0
0
0
0
0
0
0
4.12457e-07
9.84315e-07
1.09656e-06
9.76212e-07
6.79807e-07
4.67059e-07
3.51864e-07
3.15651e-07
2.94209e-07
2.72465e-07
2.82192e-07
3.43131e-07
4.17274e-07
6.85975e-07
1.30991e-06
1.63838e-06
1.44023e-06
1.09643e-06
1.26021e-06
1.8184e-06
2.49913e-06
2.23004e-06
3.77445e-06
1.57733e-05
1.10401e-05
9.23389e-06
9.39981e-06
1.13934e-05
1.45415e-05
1.62772e-05
6.1439e-06
3.75681e-06
2.76427e-06
2.07057e-06
1.53378e-06
1.16077e-06
9.23322e-07
7.53265e-07
6.06315e-07
4.74732e-07
3.7239e-07
3.08621e-07
2.7412e-07
2.56116e-07
2.51792e-07
2.57692e-07
2.39802e-07
2.05547e-07
1.68562e-07
1.43263e-07
1.50985e-07
2.07019e-07
2.85699e-07
3.06705e-07
1.90287e-07
1.32739e-08
0
0
8.39401e-08
1.2479e-06
6.80972e-07
2.44344e-07
9.67e-08
4.14848e-08
1.07408e-08
0
0
0
9.9092e-08
1.09688e-07
4.67166e-08
3.72693e-09
0
0
0
6.48864e-09
7.92085e-09
7.72382e-09
1.83586e-09
0
0
0
0
0
0
0
0
0
0
0
0
0
0
0
0
0
0
0
0
0
0
0
0
0
0
0
0
0
0
0
2.8298e-08
5.39809e-08
8.35765e-08
1.36361e-07
2.14944e-07
2.2997e-07
1.74637e-07
1.30309e-07
1.04334e-07
9.03739e-08
8.25521e-08
7.62175e-08
7.05754e-08
6.80765e-08
7.00122e-08
7.57798e-08
7.79146e-08
7.65106e-08
7.27567e-08
6.58465e-08
5.99575e-08
5.67212e-08
5.39489e-08
5.00288e-08
4.49472e-08
3.90542e-08
3.35641e-08
2.87603e-08
2.3425e-08
1.64279e-08
8.50404e-09
2.26091e-09
0
0
0
0
0
0
0
0
0
0
0
0
0
0
3.14998e-09
3.02784e-07
4.91106e-07
6.23323e-07
7.15438e-07
7.71378e-07
7.941e-07
7.87944e-07
7.52008e-07
6.87063e-07
5.87198e-07
4.49638e-07
2.63348e-07
0
0
0
0
0
0
0
0
0
0
3.88245e-07
9.25325e-07
1.04182e-06
9.28491e-07
6.53327e-07
4.60936e-07
3.39277e-07
2.89797e-07
2.83925e-07
2.71591e-07
2.57886e-07
2.72287e-07
3.57199e-07
5.1175e-07
9.99394e-07
1.56788e-06
1.69181e-06
1.32928e-06
1.11836e-06
1.61518e-06
2.31562e-06
2.83907e-06
2.31366e-06
0
3.46673e-06
7.64453e-06
6.90814e-06
7.27442e-06
8.59011e-06
1.00121e-05
1.17503e-05
9.59983e-06
4.3387e-06
2.93432e-06
2.21547e-06
1.69885e-06
1.32814e-06
1.05877e-06
8.31879e-07
6.27162e-07
4.56307e-07
3.42996e-07
2.87306e-07
2.63954e-07
2.51849e-07
2.47524e-07
2.53455e-07
2.41857e-07
2.17573e-07
1.93136e-07
1.7722e-07
1.84631e-07
2.24722e-07
2.63451e-07
2.39859e-07
9.67665e-08
0
2.41799e-08
2.53902e-07
7.72777e-07
1.30918e-06
7.5482e-07
2.87198e-07
9.42348e-08
2.36794e-08
0
0
0
0
6.1178e-08
1.08027e-07
5.17887e-08
0
0
0
0
4.13035e-09
1.18273e-08
7.38886e-09
0
0
0
1.45592e-09
0
0
0
0
0
0
0
0
0
0
0
0
0
0
0
0
0
0
0
0
0
0
0
0
0
0
3.56235e-09
2.30177e-08
4.82226e-08
9.09179e-08
1.17244e-07
9.94307e-08
8.33358e-08
7.41843e-08
6.76796e-08
6.35137e-08
6.12274e-08
6.00367e-08
5.94383e-08
5.88229e-08
5.84624e-08
5.87529e-08
6.07972e-08
6.38304e-08
6.4516e-08
6.29986e-08
5.94236e-08
5.34709e-08
4.89682e-08
4.65778e-08
4.42946e-08
4.06849e-08
3.57761e-08
3.04388e-08
2.53788e-08
2.12517e-08
1.70947e-08
1.15208e-08
4.12703e-09
0
0
0
0
0
0
0
0
0
0
0
0
0
0
0
0
0
3.36014e-07
5.59216e-07
7.00371e-07
7.88242e-07
8.34495e-07
8.49278e-07
8.36128e-07
7.93211e-07
7.10573e-07
5.80198e-07
3.83014e-07
6.29057e-08
0
0
0
0
0
0
0
0
4.09658e-07
8.92185e-07
9.76489e-07
8.41762e-07
5.978e-07
4.27025e-07
3.21726e-07
2.66897e-07
2.56234e-07
2.62305e-07
2.50594e-07
2.41969e-07
2.62173e-07
3.73368e-07
6.13128e-07
1.25774e-06
1.72655e-06
1.66473e-06
1.28398e-06
1.35521e-06
2.32707e-06
3.06817e-06
3.22354e-06
2.59702e-06
0
0
1.77075e-06
3.58255e-06
4.7272e-06
5.88841e-06
6.64989e-06
7.17579e-06
8.20438e-06
5.85217e-06
3.36277e-06
2.60034e-06
2.09861e-06
1.70039e-06
1.34191e-06
9.94986e-07
6.86712e-07
4.58454e-07
3.32682e-07
2.88421e-07
2.81146e-07
2.7615e-07
2.66693e-07
2.62467e-07
2.55698e-07
2.40969e-07
2.21722e-07
2.08957e-07
2.11331e-07
2.19834e-07
2.10002e-07
1.35039e-07
0
0
2.26777e-07
5.40624e-07
8.74792e-07
9.95743e-07
6.75977e-07
3.03086e-07
9.68933e-08
1.50325e-08
0
0
0
0
1.88267e-08
1.04765e-07
6.61443e-08
4.34302e-10
0
0
0
8.30626e-09
3.5518e-09
0
0
0
0
0
0
0
0
0
0
0
0
0
0
0
0
0
0
0
0
0
0
0
0
0
0
0
0
0
0
0
6.06367e-09
2.39533e-08
3.30705e-08
3.58189e-08
3.68702e-08
3.73494e-08
3.79422e-08
3.89344e-08
4.03225e-08
4.24639e-08
4.56445e-08
4.84286e-08
4.98252e-08
4.93693e-08
4.80921e-08
4.74405e-08
4.87851e-08
5.13102e-08
5.2015e-08
5.05979e-08
4.70405e-08
4.17205e-08
3.82288e-08
3.66692e-08
3.50652e-08
3.23539e-08
2.83504e-08
2.35424e-08
1.86895e-08
1.45147e-08
1.09092e-08
6.65987e-09
7.03318e-10
0
0
0
0
0
0
0
0
0
0
0
0
0
0
0
0
0
0
1.16391e-07
3.96705e-07
5.6805e-07
6.7189e-07
7.30533e-07
7.55927e-07
7.49783e-07
7.04529e-07
6.17671e-07
4.85135e-07
2.63838e-07
0
0
0
0
0
0
0
4.54056e-07
8.51781e-07
9.04902e-07
7.27134e-07
5.18476e-07
3.75709e-07
2.87851e-07
2.44593e-07
2.29637e-07
2.36454e-07
2.42474e-07
2.29207e-07
2.25379e-07
2.52063e-07
3.89501e-07
7.14054e-07
1.45812e-06
1.81453e-06
1.63823e-06
1.35891e-06
1.78403e-06
3.1887e-06
3.84125e-06
3.7119e-06
2.89335e-06
0
0
0
8.00306e-07
2.11102e-06
3.36289e-06
3.93963e-06
3.98082e-06
4.37931e-06
6.83257e-06
4.25977e-06
3.14658e-06
2.66228e-06
2.19834e-06
1.69718e-06
1.19601e-06
7.6909e-07
4.76342e-07
3.33444e-07
2.98618e-07
3.03548e-07
2.99206e-07
2.81813e-07
2.71785e-07
2.61436e-07
2.4507e-07
2.29679e-07
2.22005e-07
2.2082e-07
2.02345e-07
1.37816e-07
8.02456e-09
0
2.51991e-09
2.47536e-07
5.01283e-07
7.26368e-07
8.04581e-07
6.05124e-07
3.00754e-07
9.42347e-08
5.9863e-09
0
0
0
0
0
8.45894e-08
8.72962e-08
1.58289e-08
0
0
0
7.5917e-09
0
0
0
0
0
0
0
0
0
0
0
0
0
0
0
0
0
0
0
0
0
0
0
0
0
0
0
0
0
0
1.07944e-09
1.19428e-08
1.5515e-08
1.70328e-08
1.86083e-08
2.04043e-08
2.23039e-08
2.43686e-08
2.66534e-08
2.91453e-08
3.18532e-08
3.46673e-08
3.68309e-08
3.76402e-08
3.72153e-08
3.62612e-08
3.57658e-08
3.65182e-08
3.87667e-08
4.07466e-08
4.07934e-08
3.88967e-08
3.49692e-08
3.05338e-08
2.85349e-08
2.78375e-08
2.67491e-08
2.46066e-08
2.12838e-08
1.71444e-08
1.27949e-08
8.70993e-09
5.17158e-09
1.73318e-09
0
0
0
0
0
0
0
0
0
0
0
0
0
0
0
0
0
0
0
0
0
6.80128e-08
2.79996e-07
4.22947e-07
5.19238e-07
5.81743e-07
6.09913e-07
5.99331e-07
5.31509e-07
3.59931e-07
0
0
0
0
0
0
5.00929e-07
7.91826e-07
7.85446e-07
5.87743e-07
4.26157e-07
3.1581e-07
2.48095e-07
2.15185e-07
2.06351e-07
2.09117e-07
2.17565e-07
2.2402e-07
2.09136e-07
2.08693e-07
2.41757e-07
4.03683e-07
8.01853e-07
1.5954e-06
1.87347e-06
1.64996e-06
1.53003e-06
2.33745e-06
3.99298e-06
4.4794e-06
4.31131e-06
3.72685e-06
1.66304e-06
5.32794e-07
1.09677e-06
2.97558e-07
4.28625e-07
1.21247e-06
1.68913e-06
1.67108e-06
1.74652e-06
3.77826e-06
5.89284e-06
3.72459e-06
3.06921e-06
2.46876e-06
1.83943e-06
1.25223e-06
7.91183e-07
4.98274e-07
3.63054e-07
3.31803e-07
3.31286e-07
3.14145e-07
2.84599e-07
2.65705e-07
2.51192e-07
2.37662e-07
2.2704e-07
2.21429e-07
2.09401e-07
1.54347e-07
4.22278e-08
0
0
0
1.14069e-07
3.18089e-07
5.25942e-07
6.56612e-07
5.55592e-07
2.91705e-07
8.316e-08
0
0
0
0
0
0
4.13333e-08
9.21654e-08
4.00683e-08
0
0
0
0
0
0
0
0
0
0
0
0
0
0
0
0
0
0
0
0
0
0
0
0
0
0
0
0
0
0
0
1.34395e-10
5.56915e-09
9.22372e-09
1.01947e-08
1.03105e-08
1.08286e-08
1.1995e-08
1.38518e-08
1.61248e-08
1.84823e-08
2.07211e-08
2.26773e-08
2.41855e-08
2.52381e-08
2.59041e-08
2.61176e-08
2.61983e-08
2.64396e-08
2.70262e-08
2.79505e-08
2.90764e-08
3.04234e-08
3.07422e-08
2.98098e-08
2.75462e-08
2.41927e-08
2.15863e-08
2.07759e-08
2.04988e-08
1.96483e-08
1.78923e-08
1.50626e-08
1.13706e-08
7.39255e-09
3.46693e-09
0
0
0
0
0
0
0
0
0
0
0
0
0
0
0
0
0
0
0
0
0
0
0
0
0
1.53777e-07
2.96556e-07
3.82313e-07
4.23984e-07
4.07235e-07
2.86461e-07
4.1912e-08
0
0
0
0
1.71711e-08
5.22728e-07
7.05466e-07
6.10575e-07
4.54115e-07
3.34224e-07
2.53408e-07
2.08146e-07
1.87181e-07
1.8203e-07
1.8692e-07
1.92527e-07
2.04504e-07
2.05545e-07
1.89425e-07
1.91975e-07
2.32088e-07
4.18762e-07
8.88766e-07
1.72293e-06
1.93103e-06
1.70417e-06
1.75756e-06
2.90409e-06
4.58023e-06
4.8845e-06
4.76729e-06
4.66287e-06
5.74336e-06
2.7974e-06
1.64214e-06
1.15618e-06
3.89637e-07
1.04484e-07
6.59562e-08
0
0
1.02417e-06
7.36886e-06
4.52202e-06
3.4858e-06
2.70975e-06
1.97641e-06
1.3522e-06
8.92292e-07
5.99655e-07
4.48956e-07
3.89495e-07
3.57245e-07
3.1434e-07
2.75431e-07
2.47127e-07
2.23401e-07
2.05043e-07
1.93375e-07
1.84206e-07
1.52167e-07
7.03935e-08
0
0
0
0
0
1.42136e-07
3.26098e-07
4.96258e-07
4.96968e-07
2.76079e-07
6.52305e-08
0
0
1.69772e-09
7.49375e-09
0
0
1.00846e-08
7.02775e-08
5.42241e-08
0
0
0
0
0
0
0
0
0
0
0
0
0
0
0
0
0
0
0
0
0
0
0
0
0
0
0
0
0
0
0
1.33233e-09
3.57007e-09
5.36556e-09
7.43606e-09
1.00978e-08
1.27339e-08
1.4839e-08
1.65321e-08
1.7948e-08
1.90465e-08
1.97831e-08
2.01432e-08
2.01962e-08
2.01855e-08
2.02134e-08
2.05245e-08
2.1282e-08
2.22389e-08
2.30187e-08
2.3433e-08
2.35879e-08
2.34675e-08
2.29875e-08
2.194e-08
2.0269e-08
1.83521e-08
1.69176e-08
1.62963e-08
1.57943e-08
1.48045e-08
1.31638e-08
1.06981e-08
7.44095e-09
3.76432e-09
0
0
0
0
0
0
0
0
0
0
0
0
0
0
0
0
0
0
0
0
0
0
0
0
0
0
0
2.9373e-08
8.76397e-08
9.01257e-08
2.06814e-08
0
0
0
0
0
2.32357e-07
5.19705e-07
5.47595e-07
4.40811e-07
3.3309e-07
2.5265e-07
2.01335e-07
1.73896e-07
1.64888e-07
1.63526e-07
1.67648e-07
1.73714e-07
1.83689e-07
1.92085e-07
1.88719e-07
1.71459e-07
1.76518e-07
2.25359e-07
4.40979e-07
1.00305e-06
1.85472e-06
1.99519e-06
1.78646e-06
2.00513e-06
3.42959e-06
4.87376e-06
4.91259e-06
4.74017e-06
4.90342e-06
7.77642e-06
5.1552e-06
8.94932e-07
8.51001e-07
8.66475e-07
2.95614e-07
0
0
0
0
4.63651e-06
5.6343e-06
4.18545e-06
3.28724e-06
2.46149e-06
1.76926e-06
1.23395e-06
8.40953e-07
5.88296e-07
4.43726e-07
3.49036e-07
2.64585e-07
2.02007e-07
1.63632e-07
1.4255e-07
1.2958e-07
1.20376e-07
1.04424e-07
5.40176e-08
0
0
0
0
0
0
1.74176e-08
1.62669e-07
3.25254e-07
3.94025e-07
2.39339e-07
4.50219e-08
0
0
9.91803e-09
9.07866e-08
8.82589e-08
3.95468e-08
3.42739e-08
5.56834e-08
5.05276e-08
0
0
0
0
0
0
0
0
0
0
0
0
0
0
0
0
0
0
0
0
0
0
0
0
0
0
0
0
0
0
0
3.51738e-09
9.0007e-09
1.38824e-08
1.74317e-08
1.90048e-08
1.91967e-08
1.871e-08
1.8123e-08
1.76815e-08
1.73972e-08
1.72456e-08
1.71776e-08
1.71663e-08
1.7131e-08
1.68856e-08
1.6373e-08
1.57652e-08
1.55231e-08
1.56986e-08
1.58757e-08
1.58047e-08
1.5583e-08
1.53381e-08
1.489e-08
1.38987e-08
1.24157e-08
1.10644e-08
1.02857e-08
9.79217e-09
9.00095e-09
7.66626e-09
5.70006e-09
3.13865e-09
1.43977e-10
0
0
0
0
0
0
0
0
0
0
0
0
0
0
0
0
0
0
0
0
0
0
0
0
0
0
0
0
0
0
0
0
0
0
6.75448e-08
2.9062e-07
3.80456e-07
3.51708e-07
2.87176e-07
2.26539e-07
1.81194e-07
1.53335e-07
1.404e-07
1.37309e-07
1.39556e-07
1.4269e-07
1.47033e-07
1.55546e-07
1.62416e-07
1.6616e-07
1.60631e-07
1.44141e-07
1.51472e-07
2.06817e-07
4.36613e-07
1.04602e-06
1.85278e-06
1.93625e-06
1.76607e-06
2.10315e-06
3.57502e-06
4.59368e-06
4.26064e-06
3.99204e-06
4.22149e-06
6.50537e-06
6.80086e-06
1.33473e-06
1.72123e-07
3.0097e-07
4.58429e-07
1.54067e-07
0
0
0
9.90937e-07
5.66551e-06
4.76835e-06
4.01421e-06
3.18639e-06
2.34194e-06
1.58012e-06
1.01244e-06
6.50218e-07
4.30284e-07
2.75319e-07
1.51784e-07
7.56521e-08
4.34764e-08
3.26506e-08
2.46304e-08
1.10857e-08
0
0
0
0
0
0
0
0
0
5.17933e-08
1.7882e-07
2.63308e-07
1.7956e-07
2.36592e-08
0
0
0
1.14435e-07
2.26346e-07
2.21293e-07
1.44501e-07
8.86141e-08
5.249e-08
7.15307e-09
0
0
0
0
0
0
0
0
0
0
0
0
0
0
0
0
0
0
0
7.4796e-09
1.25208e-08
1.49144e-08
1.56687e-08
1.58216e-08
1.59196e-08
1.55757e-08
1.4643e-08
1.4519e-08
1.51942e-08
1.52142e-08
1.40881e-08
1.26765e-08
1.17517e-08
1.15336e-08
1.16077e-08
1.13857e-08
1.04082e-08
8.79033e-09
7.18469e-09
6.14384e-09
5.7238e-09
5.46782e-09
4.67238e-09
2.64808e-09
0
0
0
0
0
0
0
0
0
0
0
0
0
0
0
0
0
0
0
0
0
0
0
0
0
0
0
0
0
0
0
0
0
0
0
0
0
0
0
0
0
0
0
0
0
0
0
0
0
0
0
0
4.74561e-08
1.47083e-07
2.0818e-07
2.23515e-07
2.06744e-07
1.77591e-07
1.50431e-07
1.31048e-07
1.1771e-07
1.10909e-07
1.10192e-07
1.12361e-07
1.15769e-07
1.18212e-07
1.23271e-07
1.28732e-07
1.3154e-07
1.3417e-07
1.25799e-07
1.13824e-07
1.23061e-07
1.81647e-07
4.0883e-07
1.03349e-06
1.76938e-06
1.82038e-06
1.70295e-06
2.11808e-06
3.46781e-06
3.93781e-06
3.35063e-06
3.23476e-06
3.66959e-06
5.11124e-06
9.96616e-06
3.5282e-06
1.17574e-06
2.803e-07
1.25612e-07
2.33303e-07
5.59032e-07
1.14756e-06
2.17791e-06
2.72077e-06
4.21442e-06
4.83776e-06
4.35795e-06
3.39566e-06
2.41929e-06
1.57868e-06
9.7383e-07
5.90455e-07
3.48191e-07
1.58339e-07
8.93782e-09
0
0
0
0
0
0
0
0
0
0
0
0
0
0
0
8.77165e-08
1.59388e-07
1.16955e-07
0
0
0
0
7.38113e-08
2.27326e-07
3.42433e-07
2.98172e-07
1.77035e-07
8.43368e-08
1.86639e-08
0
0
0
0
0
0
0
0
0
0
0
0
0
0
0
0
0
4.78519e-10
3.61098e-08
6.46834e-08
7.81945e-08
7.69599e-08
6.66846e-08
5.3652e-08
4.18032e-08
3.23557e-08
2.46446e-08
1.83634e-08
1.35782e-08
1.00036e-08
7.11282e-09
4.4323e-09
1.70637e-09
0
0
0
0
0
0
0
0
0
0
0
0
0
0
0
0
0
0
0
0
0
0
0
0
0
0
0
0
0
0
0
0
0
0
0
0
0
0
0
0
0
0
0
0
0
0
0
0
0
0
0
0
0
0
0
0
0
0
7.48959e-09
7.55885e-09
2.10136e-08
5.356e-08
8.62904e-08
1.05872e-07
1.12944e-07
1.11591e-07
1.04783e-07
9.65279e-08
8.99802e-08
8.61418e-08
8.36644e-08
7.97112e-08
7.73336e-08
7.79985e-08
7.90454e-08
8.01371e-08
8.08452e-08
8.29434e-08
8.46916e-08
8.65132e-08
8.75837e-08
8.12024e-08
7.71099e-08
8.79537e-08
1.42207e-07
3.39062e-07
9.08775e-07
1.52767e-06
1.57687e-06
1.53128e-06
1.94842e-06
2.95538e-06
2.86234e-06
2.46607e-06
2.72217e-06
3.22996e-06
4.17374e-06
9.65365e-06
6.78837e-06
3.54021e-06
2.00975e-06
1.26232e-06
9.56675e-07
1.05881e-06
2.01856e-06
4.64087e-06
7.47239e-06
2.50866e-06
4.72152e-06
4.52472e-06
3.34774e-06
2.20127e-06
1.32769e-06
7.61394e-07
4.24184e-07
1.93633e-07
0
0
0
0
0
0
0
0
0
0
0
0
0
0
0
0
0
5.38237e-08
1.05725e-07
7.21534e-08
0
0
0
0
3.02354e-08
1.53392e-07
3.03406e-07
3.55374e-07
2.69158e-07
1.44088e-07
4.56346e-08
1.17674e-08
0
4.69962e-09
4.66386e-08
2.61256e-08
4.81079e-10
0
0
0
0
0
0
0
0
0
0
0
1.01426e-08
4.01446e-08
6.70489e-08
8.83746e-08
1.0239e-07
1.0712e-07
1.04026e-07
9.56209e-08
8.37626e-08
6.89133e-08
5.25893e-08
3.75865e-08
2.65293e-08
2.00884e-08
1.68921e-08
1.4879e-08
1.20262e-08
6.72793e-09
0
0
0
0
0
0
0
0
0
0
0
0
0
0
0
0
0
0
0
0
0
0
0
0
0
0
0
0
0
0
0
0
0
0
0
0
0
0
0
0
0
2.36219e-09
7.63702e-09
1.13472e-08
1.31492e-08
1.34917e-08
1.32809e-08
1.38369e-08
1.7283e-08
2.55659e-08
4.306e-08
6.10814e-08
8.08732e-08
9.61559e-08
1.00805e-07
9.90679e-08
9.09643e-08
8.24439e-08
7.92859e-08
7.53594e-08
6.85434e-08
6.28378e-08
5.91528e-08
5.68221e-08
5.54942e-08
5.52188e-08
5.52486e-08
5.41424e-08
5.134e-08
4.60882e-08
4.31404e-08
4.24703e-08
4.06243e-08
3.8594e-08
3.64087e-08
3.68099e-08
3.80842e-08
4.02205e-08
4.45973e-08
4.4905e-08
4.58586e-08
5.61391e-08
9.85465e-08
2.44702e-07
6.98531e-07
1.18865e-06
1.26755e-06
1.29814e-06
1.64205e-06
2.15709e-06
1.91362e-06
2.00814e-06
2.44492e-06
2.73876e-06
3.15023e-06
5.36738e-06
9.23836e-06
5.84246e-06
4.23012e-06
3.46705e-06
3.08288e-06
2.8184e-06
3.33367e-06
5.14978e-06
5.54144e-06
2.31347e-06
4.48762e-06
4.63526e-06
3.46732e-06
2.06035e-06
1.07128e-06
5.17415e-07
2.23256e-07
0
0
0
0
0
0
0
0
0
0
0
0
0
0
0
0
0
3.38212e-09
6.02714e-08
9.32511e-08
5.46083e-08
0
0
0
0
3.26197e-09
1.08081e-07
2.48007e-07
3.32703e-07
3.09828e-07
2.04294e-07
9.00179e-08
3.75036e-08
2.46669e-08
3.87654e-08
2.80783e-08
1.52046e-08
0
0
0
0
0
0
0
2.4072e-09
4.28264e-08
8.20716e-08
1.12194e-07
1.28773e-07
1.31845e-07
1.25314e-07
1.15726e-07
1.10859e-07
1.17355e-07
1.37358e-07
1.64359e-07
1.85562e-07
1.91377e-07
1.78929e-07
1.51678e-07
1.16522e-07
7.96718e-08
4.54318e-08
1.67729e-08
0
0
0
0
0
0
0
0
0
0
0
0
0
0
0
0
0
0
0
0
0
0
0
0
0
0
0
0
0
0
0
0
0
0
0
0
0
0
0
0
4.11926e-09
1.31604e-08
1.83275e-08
2.21744e-08
2.76622e-08
3.54146e-08
4.39699e-08
5.0993e-08
5.54923e-08
5.80464e-08
5.94607e-08
6.13422e-08
6.54386e-08
7.61683e-08
8.59343e-08
9.57688e-08
1.0355e-07
1.02284e-07
9.65414e-08
8.84042e-08
7.92127e-08
7.01762e-08
6.05005e-08
5.22743e-08
4.68509e-08
4.30094e-08
3.9859e-08
3.70448e-08
3.42808e-08
3.05147e-08
2.36461e-08
1.20635e-08
0
0
0
0
0
0
0
0
4.56598e-10
9.32987e-09
1.3929e-08
1.77642e-08
2.55316e-08
4.92338e-08
1.21386e-07
3.82866e-07
7.23575e-07
8.51751e-07
9.57497e-07
1.1873e-06
1.3286e-06
1.37128e-06
1.79495e-06
2.12231e-06
2.13925e-06
2.19307e-06
2.93418e-06
5.66123e-06
7.07311e-06
5.63146e-06
4.97115e-06
4.65346e-06
4.27475e-06
4.09357e-06
4.15706e-06
3.12961e-06
1.6114e-06
2.91264e-06
4.11894e-06
3.53914e-06
2.14188e-06
1.0175e-06
4.33204e-07
1.31654e-07
0
0
0
0
0
0
0
0
0
0
0
0
0
0
0
0
0
1.4082e-08
6.15883e-08
8.21816e-08
4.93155e-08
0
0
0
0
0
9.11873e-08
2.26378e-07
2.98695e-07
2.94864e-07
2.15775e-07
1.26161e-07
6.85655e-08
8.30201e-08
9.50533e-08
1.69409e-07
1.96216e-07
2.04989e-07
2.04621e-07
1.95559e-07
1.80433e-07
1.65496e-07
1.59786e-07
1.72056e-07
2.04494e-07
2.4862e-07
2.89923e-07
3.12927e-07
3.09669e-07
2.81718e-07
2.38693e-07
1.95077e-07
1.68048e-07
1.69824e-07
2.01053e-07
2.49853e-07
2.91401e-07
3.02206e-07
2.76509e-07
2.24165e-07
1.60353e-07
9.69947e-08
4.03663e-08
0
0
0
0
0
0
0
0
0
0
0
0
0
0
0
0
0
0
0
0
0
0
0
0
0
0
0
0
0
0
0
0
0
0
0
0
0
0
0
0
0
1.04293e-08
3.36219e-08
4.84009e-08
5.5755e-08
6.02689e-08
6.62666e-08
7.54481e-08
8.67144e-08
9.80476e-08
1.06401e-07
1.13285e-07
1.18232e-07
1.20699e-07
1.22492e-07
1.23588e-07
1.24183e-07
1.2276e-07
1.17323e-07
1.09707e-07
1.02032e-07
9.43912e-08
8.48141e-08
7.3777e-08
6.38958e-08
5.60071e-08
4.94358e-08
4.44085e-08
4.0147e-08
3.64702e-08
3.15495e-08
1.88186e-08
0
0
0
0
0
0
0
0
0
0
0
0
0
0
0
0
0
1.22418e-07
2.94729e-07
4.89502e-07
6.12155e-07
5.92418e-07
8.78585e-07
1.39628e-06
1.6012e-06
1.51099e-06
1.48282e-06
1.8824e-06
2.46786e-06
3.79093e-06
5.60678e-06
5.27612e-06
4.85671e-06
4.26245e-06
3.54004e-06
2.77157e-06
1.80277e-06
9.05298e-07
1.072e-06
2.18048e-06
2.64248e-06
2.01887e-06
1.1367e-06
5.73764e-07
2.01749e-07
0
0
0
0
0
0
0
0
0
0
0
0
0
0
0
0
0
0
3.35019e-08
5.67042e-08
4.13887e-08
0
0
0
0
0
8.74599e-08
2.38281e-07
2.92664e-07
2.68379e-07
1.74163e-07
1.25956e-07
7.67381e-08
1.7517e-07
1.7635e-07
1.95858e-07
2.50707e-07
2.81516e-07
2.97776e-07
3.02705e-07
3.0041e-07
2.96758e-07
2.97894e-07
3.09472e-07
3.34808e-07
3.70969e-07
4.02716e-07
4.0435e-07
3.57532e-07
2.73841e-07
1.92593e-07
1.50093e-07
1.54618e-07
1.91313e-07
2.41758e-07
2.96604e-07
3.38428e-07
3.54973e-07
3.42158e-07
3.01595e-07
2.38158e-07
1.61277e-07
8.45823e-08
1.66448e-08
0
0
0
0
0
0
0
0
0
0
0
0
0
0
0
0
0
0
0
0
0
0
0
0
0
0
0
0
0
0
0
0
0
0
0
0
0
0
0
0
8.88962e-09
4.03017e-08
6.88519e-08
9.09313e-08
1.05467e-07
1.15018e-07
1.23781e-07
1.35176e-07
1.49336e-07
1.63077e-07
1.73453e-07
1.78528e-07
1.79931e-07
1.82558e-07
1.89926e-07
1.95572e-07
1.95515e-07
1.88417e-07
1.76629e-07
1.62334e-07
1.43643e-07
1.2062e-07
9.9202e-08
8.21489e-08
6.85483e-08
5.83584e-08
5.2124e-08
4.7898e-08
4.60891e-08
4.60003e-08
4.37314e-08
9.07195e-09
0
0
0
0
0
0
0
0
0
0
0
0
0
0
0
0
0
0
0
8.65872e-08
5.74762e-08
2.9937e-07
7.88454e-07
1.05074e-06
1.07074e-06
1.14046e-06
1.62248e-06
2.26035e-06
1.92466e-06
1.45584e-06
3.4115e-06
3.62225e-06
3.219e-06
2.55012e-06
1.78621e-06
1.0777e-06
4.6477e-07
1.85135e-07
5.74922e-07
1.09412e-06
1.0685e-06
6.70274e-07
3.72351e-07
6.91307e-08
0
0
0
0
0
0
0
0
0
0
0
0
0
0
0
0
0
0
2.61197e-09
3.81532e-08
3.67928e-08
1.15677e-09
0
0
0
0
7.71626e-08
2.56977e-07
3.13501e-07
2.56604e-07
1.03814e-07
9.15528e-08
3.99499e-08
2.58402e-07
2.20894e-07
0
0
0
0
1.3356e-08
8.77638e-08
1.50012e-07
2.00151e-07
2.40725e-07
2.7227e-07
2.9351e-07
3.01544e-07
2.9273e-07
2.63431e-07
2.12492e-07
1.46793e-07
7.98631e-08
2.8664e-08
8.33819e-09
2.45408e-08
7.03139e-08
1.29484e-07
1.82675e-07
2.13974e-07
2.16711e-07
1.95547e-07
1.61237e-07
1.21474e-07
7.79734e-08
3.01434e-08
0
0
0
0
0
0
0
0
0
0
0
0
0
0
0
0
0
0
0
0
0
0
0
0
0
0
0
0
0
0
0
0
0
0
0
0
0
9.82757e-09
1.49738e-08
1.57658e-08
1.87693e-08
2.92638e-08
4.86554e-08
7.53761e-08
1.05511e-07
1.34765e-07
1.61544e-07
1.84593e-07
2.00453e-07
2.06749e-07
2.03541e-07
1.94714e-07
1.86729e-07
1.84946e-07
1.93821e-07
2.08864e-07
2.16102e-07
2.10507e-07
1.92292e-07
1.65356e-07
1.35044e-07
1.05371e-07
7.97027e-08
5.90005e-08
4.62503e-08
3.99134e-08
3.71172e-08
3.82451e-08
4.70332e-08
7.74366e-08
1.52808e-07
1.72043e-07
7.39779e-08
0
0
0
0
0
0
0
0
0
0
0
0
0
0
0
0
0
6.67262e-08
2.27849e-07
5.14096e-07
9.14026e-07
1.20478e-06
1.34159e-06
1.56488e-06
2.27104e-06
3.25816e-06
3.60184e-06
2.09533e-06
8.34131e-07
2.94158e-06
3.2083e-06
2.79931e-06
2.09476e-06
1.34078e-06
5.85253e-07
0
0
0
0
0
0
0
0
0
0
0
0
0
0
0
0
0
0
0
0
0
0
0
0
0
0
1.59785e-08
2.66054e-08
0
0
0
0
0
1.9432e-08
2.21699e-07
2.78851e-07
2.24171e-07
5.80449e-08
8.59737e-08
6.82721e-09
1.66409e-07
0
0
0
0
0
0
0
0
5.87191e-08
1.25385e-07
1.65227e-07
1.80922e-07
1.76188e-07
1.54948e-07
1.2106e-07
7.88893e-08
3.31792e-08
0
0
0
0
0
0
0
2.49353e-08
1.1807e-07
1.60215e-07
1.43021e-07
1.02309e-07
6.37348e-08
3.39515e-08
1.21054e-08
0
0
0
0
0
0
0
0
0
0
0
0
0
0
0
0
0
0
0
0
0
0
0
0
0
0
0
0
0
0
0
0
0
0
1.34085e-08
3.52546e-08
4.95659e-08
4.65834e-08
2.77417e-08
4.68679e-09
0
0
1.09214e-08
3.96088e-08
7.18847e-08
1.00738e-07
1.23357e-07
1.40599e-07
1.47758e-07
1.44974e-07
1.35649e-07
1.24387e-07
1.15295e-07
1.13135e-07
1.17361e-07
1.22523e-07
1.2177e-07
1.1445e-07
1.01949e-07
8.67927e-08
7.1547e-08
5.57404e-08
4.36567e-08
3.92239e-08
3.64063e-08
3.37863e-08
3.353e-08
4.29522e-08
6.98266e-08
7.48403e-08
3.68294e-08
0
0
0
0
0
0
1.57876e-10
1.23959e-08
2.81445e-08
3.34735e-08
2.3407e-08
3.34107e-09
0
0
0
0
0
2.7571e-07
6.90701e-07
9.68143e-07
1.21025e-06
1.52011e-06
1.6314e-06
1.75634e-06
2.13923e-06
3.066e-06
4.16109e-06
4.68012e-06
3.63615e-06
3.39992e-08
1.37018e-06
5.02293e-06
4.65157e-06
3.54869e-06
2.32718e-06
1.12785e-06
0
0
0
0
0
0
0
0
0
0
0
0
0
0
0
0
0
0
0
0
0
0
0
0
0
0
0
0
0
0
0
0
0
0
0
0
0
4.7393e-08
1.68058e-07
0
2.85921e-08
0
0
0
0
0
0
0
0
0
0
0
1.09011e-08
1.88473e-08
0
0
0
0
0
0
0
0
0
0
0
0
0
0
0
1.70802e-07
2.05843e-07
1.45399e-07
8.31551e-08
4.53222e-08
3.38404e-08
4.32002e-08
6.1583e-08
6.83164e-08
4.17159e-08
0
0
0
0
0
0
0
0
0
0
0
0
0
0
0
0
0
0
0
0
0
0
0
0
0
0
0
0
0
0
0
0
2.63266e-09
1.37476e-08
1.4363e-08
8.11498e-09
2.14801e-09
2.14705e-09
8.29355e-09
1.81149e-08
3.0839e-08
4.58562e-08
6.13645e-08
7.31232e-08
7.78957e-08
7.59206e-08
6.99995e-08
6.35999e-08
5.89007e-08
5.7375e-08
5.69726e-08
5.65765e-08
5.46936e-08
4.94388e-08
3.89014e-08
2.32552e-08
1.89967e-08
2.51165e-08
2.12181e-08
6.93776e-09
0
0
0
0
0
0
0
0
6.19275e-08
3.47773e-07
4.43198e-07
4.104e-07
3.69762e-07
3.32306e-07
2.76883e-07
2.18081e-07
1.60086e-07
1.2813e-07
1.91351e-07
0
0
0
5.73325e-07
1.39994e-06
1.64255e-06
1.73254e-06
1.84168e-06
1.84118e-06
1.92914e-06
2.47377e-06
3.77085e-06
4.9869e-06
5.55828e-06
4.91013e-06
1.61006e-06
0
6.03281e-06
7.77491e-06
5.56469e-06
3.335e-06
1.41409e-06
0
0
0
0
0
0
0
0
0
0
0
0
0
0
0
0
0
0
0
0
0
0
0
0
0
0
0
0
0
0
0
0
0
0
0
0
0
0
4.44765e-08
0
5.52985e-08
0
8.69036e-09
0
0
0
0
0
0
0
0
0
0
4.95369e-08
9.51355e-08
9.14722e-08
5.06473e-08
0
0
0
0
0
0
0
0
0
0
0
0
6.0485e-08
1.3748e-07
1.58097e-07
1.62842e-07
1.71247e-07
1.82737e-07
1.90258e-07
1.87271e-07
1.71456e-07
1.4575e-07
1.15815e-07
8.53612e-08
5.43048e-08
2.20501e-08
0
0
0
0
0
1.37034e-09
3.73334e-09
0
0
0
0
0
0
0
0
0
0
0
0
0
0
0
0
0
0
0
0
0
0
0
3.28846e-09
5.57517e-09
0
0
0
0
0
0
2.04047e-09
9.5954e-09
1.82536e-08
2.34121e-08
2.39371e-08
2.11733e-08
1.71179e-08
1.54346e-08
1.65576e-08
2.06544e-08
1.82849e-08
7.42528e-09
0
0
0
0
0
0
0
0
0
0
0
0
0
0
0
0
8.24335e-08
3.1543e-07
5.8008e-07
7.07107e-07
6.93849e-07
6.27443e-07
5.22512e-07
3.92135e-07
4.995e-07
1.61184e-07
0
0
0
1.69093e-06
2.02741e-06
1.94881e-06
2.00195e-06
2.06833e-06
2.25033e-06
2.63706e-06
3.64996e-06
5.32903e-06
6.18475e-06
6.10888e-06
4.31306e-06
0
0
1.20049e-05
7.47678e-06
3.63877e-06
8.31711e-07
0
0
0
0
0
0
0
0
0
0
0
0
0
0
0
0
0
0
0
0
0
0
0
0
0
0
0
0
0
0
0
0
0
0
0
0
5.19576e-09
0
3.08007e-08
0
4.77552e-08
0
0
0
0
0
0
0
0
0
0
0
0
0
0
2.4313e-08
5.22937e-08
5.68128e-08
3.98464e-08
9.27477e-09
0
0
0
0
0
0
0
6.31899e-09
3.53586e-09
0
0
0
1.36945e-08
3.66483e-08
5.09848e-08
5.20763e-08
4.11598e-08
2.27768e-08
2.30602e-09
0
0
0
0
0
0
1.50958e-09
1.09766e-08
2.27898e-08
3.46014e-08
4.03158e-08
3.57076e-08
2.23086e-08
6.64935e-09
0
0
0
0
0
0
0
0
0
0
0
0
0
0
0
1.7846e-09
2.60069e-09
0
0
0
0
0
0
0
0
0
0
0
0
0
0
0
0
0
0
0
0
0
0
0
0
0
0
0
0
0
4.67159e-08
6.00051e-09
0
0
0
0
0
0
0
0
0
0
1.52772e-07
3.10081e-07
4.34112e-07
5.82701e-07
6.67646e-07
6.535e-07
8.89715e-07
1.79099e-07
0
0
0
1.89038e-06
2.34571e-06
1.89629e-06
1.77435e-06
1.89806e-06
2.38897e-06
3.15859e-06
3.61695e-06
4.75742e-06
6.21839e-06
6.72018e-06
6.11657e-06
3.28619e-06
0
1.20646e-05
8.23233e-06
2.62599e-06
0
0
0
0
0
0
0
0
0
0
0
0
0
0
0
0
0
0
0
0
0
0
0
0
0
0
0
0
0
0
6.46217e-09
7.14877e-09
0
0
0
0
0
6.175e-09
0
1.96489e-08
0
3.21791e-08
0
0
0
0
0
0
0
0
0
0
0
0
0
0
0
0
9.92419e-09
1.15184e-08
4.5377e-09
0
0
0
0
0
1.4958e-08
3.23748e-08
4.62322e-08
5.36948e-08
5.32265e-08
4.53151e-08
3.37663e-08
2.52767e-08
2.45198e-08
2.7551e-08
2.56878e-08
1.59439e-08
1.90775e-09
0
0
0
0
0
0
0
6.42846e-09
1.6055e-08
2.74416e-08
3.77056e-08
4.12364e-08
3.71623e-08
3.31802e-08
3.96645e-08
5.99953e-08
8.84062e-08
1.09855e-07
1.13548e-07
1.0263e-07
8.64303e-08
7.10401e-08
5.79336e-08
4.70636e-08
3.77577e-08
3.00325e-08
2.55606e-08
2.57384e-08
2.81678e-08
2.61127e-08
1.56108e-08
3.02124e-09
0
9.32473e-10
4.33839e-09
3.84978e-09
0
0
0
0
0
0
0
0
0
0
0
0
0
0
0
0
0
0
0
0
0
4.86962e-08
5.403e-08
0
4.87681e-08
5.53901e-08
0
0
0
0
0
0
0
0
5.58361e-08
1.01841e-07
5.52883e-08
4.40876e-08
5.37838e-08
9.5927e-08
1.61855e-07
1.83571e-07
1.69517e-07
2.65751e-07
0
0
0
0
2.30917e-06
2.673e-06
1.72444e-06
1.28912e-06
1.38815e-06
1.99746e-06
2.87015e-06
3.72828e-06
4.29349e-06
5.43385e-06
6.57743e-06
6.78326e-06
5.60392e-06
1.8441e-06
2.69245e-07
5.20731e-06
0
0
0
0
0
0
0
0
0
0
0
0
0
0
0
0
0
0
0
0
0
0
0
0
0
0
0
0
0
0
3.02369e-09
3.04552e-09
0
0
0
0
0
0
4.64648e-09
0
1.15659e-08
0
2.03303e-08
0
0
0
0
0
0
0
0
0
0
0
0
0
0
0
0
0
3.9223e-11
8.08024e-09
1.23733e-08
1.10483e-08
3.70687e-09
0
0
0
0
0
0
0
1.20863e-08
2.51099e-08
3.44268e-08
4.05491e-08
4.4007e-08
4.49868e-08
4.52017e-08
4.70131e-08
5.2119e-08
6.10801e-08
7.19751e-08
8.06544e-08
8.47176e-08
8.35462e-08
8.18842e-08
8.51779e-08
9.46021e-08
1.07612e-07
1.19672e-07
1.2623e-07
1.25614e-07
1.2016e-07
1.14183e-07
1.10761e-07
1.11386e-07
1.12134e-07
1.0974e-07
1.06155e-07
1.03583e-07
1.0394e-07
1.0617e-07
1.06935e-07
1.02858e-07
9.12165e-08
7.27995e-08
5.23681e-08
3.56301e-08
2.46546e-08
1.84654e-08
1.43068e-08
5.99357e-09
0
0
0
0
0
0
0
0
0
0
0
0
0
0
0
0
0
0
0
0
7.72274e-09
2.49031e-08
0
0
8.07253e-08
6.50173e-08
4.325e-09
3.2067e-08
0
0
0
0
1.35362e-07
3.41784e-08
0
0
1.4775e-07
3.7387e-07
3.79615e-07
2.4498e-07
8.72282e-08
0
0
0
0
0
0
0
0
0
0
2.98903e-06
2.94027e-06
1.53555e-06
8.71007e-07
1.00052e-06
1.63633e-06
2.1226e-06
2.2697e-06
2.67916e-06
3.90653e-06
5.64483e-06
6.61039e-06
6.27679e-06
4.32084e-06
1.45198e-07
0
0
0
0
0
0
0
0
0
0
0
0
0
0
0
0
0
0
0
0
0
0
0
0
0
0
0
0
0
0
0
0
0
0
0
0
0
0
1.95487e-10
2.20925e-09
0
5.49162e-09
0
1.11816e-08
0
0
0
0
0
0
0
0
0
0
0
0
0
0
4.7593e-09
1.24937e-08
1.82089e-08
2.13199e-08
2.11911e-08
1.75802e-08
1.12924e-08
3.9864e-09
0
0
0
0
0
0
0
6.42681e-10
2.3329e-09
3.43466e-09
3.9507e-09
3.93014e-09
3.60256e-09
3.25807e-09
3.01362e-09
3.12269e-09
3.54838e-09
3.97086e-09
4.08056e-09
3.17397e-09
1.15704e-09
0
0
0
1.18314e-09
3.37527e-09
5.26775e-09
6.38974e-09
6.77307e-09
6.53463e-09
5.88007e-09
5.162e-09
4.2717e-09
3.25629e-09
2.52173e-09
2.24779e-09
2.57894e-09
3.72168e-09
5.25797e-09
6.74073e-09
7.56328e-09
7.22697e-09
5.80506e-09
3.84363e-09
1.87187e-09
2.10638e-10
0
0
0
0
0
0
0
0
0
0
0
0
0
0
0
0
0
1.0561e-10
3.84208e-09
0
0
1.53635e-09
3.17041e-08
3.61968e-08
0
0
1.01501e-07
4.81565e-08
0
0
0
0
0
0
3.69202e-07
6.49004e-07
3.7391e-07
1.48668e-10
0
1.84407e-07
3.37358e-07
2.85898e-07
1.00747e-07
0
0
0
0
0
0
0
0
0
2.19732e-06
4.5693e-06
3.3919e-06
1.34842e-06
5.65767e-07
7.53938e-07
1.48332e-06
1.8601e-06
1.627e-06
1.35197e-06
1.33458e-06
2.01831e-06
4.81841e-06
6.01475e-06
5.07029e-06
1.93892e-06
0
0
0
0
0
0
0
0
0
0
0
0
0
0
0
0
0
0
0
0
0
0
0
0
0
0
0
0
0
0
0
0
0
0
0
0
0
0
3.22824e-11
5.51236e-10
0
2.29759e-09
0
6.02415e-09
0
0
0
0
0
0
0
0
0
0
0
0
0
0
0
3.18034e-10
8.9501e-10
1.45071e-09
1.92399e-09
2.20596e-09
2.18106e-09
1.85123e-09
1.25803e-09
4.99248e-10
0
0
0
3.86656e-10
1.18924e-09
1.85531e-09
2.34377e-09
2.68219e-09
2.89141e-09
2.99529e-09
3.01693e-09
2.8712e-09
2.62616e-09
2.66379e-09
3.22075e-09
4.29161e-09
5.46066e-09
5.79022e-09
4.86443e-09
2.90147e-09
8.60533e-10
0
0
0
1.56501e-10
5.47497e-10
2.54278e-10
0
0
0
0
0
0
0
0
0
0
2.65139e-11
5.49503e-10
9.35765e-10
9.72648e-10
5.83896e-10
0
0
0
0
0
3.80498e-10
1.1023e-09
1.83774e-09
2.37083e-09
2.33647e-09
1.96707e-09
8.51516e-10
0
0
0
5.55008e-10
6.21859e-10
2.03676e-09
1.35251e-09
1.91892e-09
4.19373e-09
0
0
1.17084e-08
4.61896e-08
4.92998e-08
0
0
9.18378e-08
0
0
0
0
0
0
0
2.9069e-06
5.16468e-06
2.77868e-06
6.28957e-07
0
0
1.57808e-07
2.01739e-07
2.81266e-08
0
0
0
0
0
0
0
0
0
0
1.5094e-06
2.88986e-06
1.76135e-06
9.09772e-07
1.08661e-06
1.6771e-06
1.90158e-06
1.79977e-06
1.65154e-06
1.2358e-06
9.89239e-07
1.19118e-06
1.63488e-06
1.731e-06
7.54024e-07
0
0
0
0
0
0
0
0
0
0
0
0
0
0
0
0
0
0
0
0
0
0
0
0
0
0
0
0
0
0
0
0
0
0
0
0
0
0
0
0
0
7.52843e-10
0
3.09731e-09
0
0
0
0
0
0
0
0
0
0
0
0
0
0
0
0
0
0
0
0
0
0
0
0
7.80874e-10
1.59961e-09
1.96581e-09
1.89656e-09
1.21955e-09
0
0
0
0
0
0
0
0
0
0
0
0
0
0
0
0
0
0
0
0
0
0
0
0
0
0
0
0
2.01463e-11
4.80647e-10
4.88313e-10
4.73579e-10
6.97795e-10
1.19217e-09
1.82009e-09
2.41988e-09
2.85654e-09
3.21979e-09
3.76206e-09
4.61183e-09
5.70489e-09
6.88468e-09
7.99949e-09
8.78064e-09
8.98259e-09
8.42449e-09
7.13104e-09
5.9503e-09
5.26808e-09
5.17393e-09
5.77605e-09
6.34094e-09
5.78927e-09
1.18451e-09
0
0
0
0
0
0
0
2.97835e-08
4.96672e-08
0
0
0
0
0
0
0
0
0
2.61825e-06
1.41804e-05
1.49106e-05
8.86343e-06
4.2082e-06
1.4149e-06
3.61176e-07
0
0
0
0
0
0
0
0
0
0
0
0
0
2.87208e-08
1.93074e-07
1.56852e-07
1.51158e-07
3.97105e-07
1.41125e-06
2.81675e-06
3.34018e-06
4.20142e-06
3.71847e-06
2.58097e-06
1.07656e-06
2.60112e-07
1.86216e-08
0
0
0
0
0
0
0
0
0
0
0
0
0
0
2.31244e-08
3.24203e-08
2.46423e-08
1.12997e-08
0
0
0
0
0
0
0
0
0
0
0
0
0
0
0
0
0
0
0
0
0
0
0
0
2.5666e-11
0
1.37752e-09
0
0
0
0
0
0
0
0
0
0
0
0
0
0
0
0
0
0
0
0
0
0
0
0
0
1.87737e-09
3.18399e-09
3.36046e-09
2.23067e-09
0
0
0
0
0
0
0
0
0
0
0
0
0
0
0
0
0
0
0
0
0
0
0
0
0
0
0
0
0
0
8.9175e-10
2.10129e-09
3.32101e-09
4.46964e-09
5.49304e-09
6.38616e-09
7.23788e-09
8.26069e-09
9.6849e-09
1.14284e-08
1.31463e-08
1.44335e-08
1.49654e-08
1.45918e-08
1.3396e-08
1.16227e-08
9.57566e-09
8.15104e-09
7.95406e-09
8.42026e-09
9.44416e-09
1.00454e-08
8.05782e-09
0
0
0
0
0
0
0
0
0
1.38698e-08
0
0
0
0
0
0
0
3.30426e-07
3.54537e-07
6.62606e-07
4.50298e-06
1.63471e-05
9.72757e-06
1.62668e-06
2.97218e-07
4.68884e-08
0
0
0
0
0
0
0
0
0
0
0
0
0
2.19802e-08
9.41667e-08
5.39887e-08
1.31216e-08
1.90323e-08
1.22818e-07
4.69247e-07
2.00495e-06
8.77457e-06
1.3166e-05
9.25243e-06
1.80602e-06
9.5903e-08
0
0
0
0
0
0
0
0
0
0
0
0
0
2.57476e-08
5.33915e-08
4.18759e-08
2.76755e-08
1.44662e-08
1.94295e-09
0
0
0
0
0
0
0
0
0
0
0
0
0
0
0
0
0
0
0
0
0
0
0
0
0
0
4.56076e-10
0
0
0
0
0
0
0
0
0
0
0
0
0
0
0
0
0
0
0
0
0
0
0
0
0
3.57609e-10
2.36132e-09
3.59648e-09
3.84453e-09
2.91624e-09
7.91866e-10
0
0
0
0
0
0
0
0
0
0
0
0
0
0
0
0
0
0
0
0
0
0
0
0
0
0
0
0
7.90076e-11
2.13866e-09
4.43922e-09
6.53081e-09
8.16879e-09
9.53533e-09
1.08532e-08
1.22329e-08
1.37865e-08
1.52668e-08
1.63834e-08
1.6563e-08
1.56488e-08
1.40454e-08
1.19551e-08
9.6646e-09
7.38302e-09
6.06634e-09
6.13961e-09
6.77784e-09
8.57767e-09
9.72122e-09
7.19299e-09
0
0
0
0
0
0
0
0
0
0
0
0
3.94579e-07
0
0
0
3.44931e-08
4.26489e-07
2.56856e-07
2.48227e-07
1.45015e-06
7.53745e-06
6.32079e-06
5.59605e-07
4.84209e-08
0
0
0
0
0
0
0
0
0
0
0
0
0
0
2.11139e-08
5.05097e-08
2.6944e-08
0
0
2.83574e-08
1.50309e-07
5.77465e-07
3.08774e-06
1.30769e-05
1.18923e-05
1.79226e-06
2.03422e-08
0
0
0
0
3.15776e-09
4.99947e-09
3.52488e-09
0
0
0
0
0
0
4.72027e-08
3.50234e-08
2.19448e-08
1.15946e-08
4.17405e-09
0
0
0
0
0
0
0
0
0
0
0
0
0
0
0
0
0
0
0
0
0
0
0
0
0
0
0
8.47036e-11
0
4.99017e-09
4.25338e-09
1.10949e-08
1.52937e-08
1.57425e-08
1.42584e-08
1.29919e-08
1.11662e-08
9.55195e-09
8.02147e-09
6.81624e-09
5.60284e-09
4.69195e-09
3.64002e-09
3.0737e-09
2.09305e-09
1.91014e-09
8.38382e-10
1.07598e-09
0
5.24489e-10
0
3.64526e-10
0
0
1.85891e-09
7.58595e-10
2.81299e-09
3.72263e-09
4.12911e-09
3.68116e-09
3.82857e-09
3.34274e-09
3.29682e-09
2.84288e-09
2.73608e-09
2.35597e-09
2.2287e-09
1.86388e-09
1.77715e-09
1.3634e-09
1.38205e-09
8.21336e-10
1.04678e-09
1.57186e-10
7.84238e-10
0
7.68726e-10
0
0
1.01148e-09
0
6.7163e-10
1.31312e-09
1.23696e-09
1.09942e-09
1.1073e-09
1.0088e-09
1.06143e-09
9.61733e-10
1.03394e-09
9.35819e-10
1.01313e-09
9.03581e-10
9.92383e-10
8.47342e-10
9.69281e-10
7.2793e-10
9.40074e-10
4.71726e-10
9.30668e-10
1.13023e-11
1.08342e-09
0
0
4.07683e-10
0
0
0
0
0
0
8.91085e-11
2.09773e-10
2.61731e-10
3.13545e-10
3.30004e-10
3.97456e-10
4.01029e-10
5.26273e-10
5.02982e-10
7.02747e-10
5.81381e-10
8.94157e-10
5.16105e-10
1.12134e-09
1.89912e-10
1.5656e-09
0
7.63811e-10
0
0
0
0
0
0
0
0
0
0
0
0
0
0
0
0
0
0
0
0
0
0
0
0
0
0
0
0
0
0
0
0
0
0
0
0
0
0
0
0
0
0
0
0
0
0
0
0
0
0
0
0
0
0
0
0
0
0
0
0
0
0
0
0
0
0
0
0
0
0
0
0
0
0
0
0
0
0
0
0
0
0
0
0
0
0
0
0
0
0
0
0
0
0
0
0
0
0
0
0
0
0
0
0
0
0
0
0
0
0
0
0
0
0
0
0
0
0
0
0
0
0
0
0
0
0
0
0
0
0
0
0
0
0
0
0
0
0
0
0
0
0
0
0
0
0
0
0
0
0
0
0
0
0
0
0
0
0
0
0
0
0
0
0
0
0
0
0
0
0
0
0
0
0
0
0
0
0
0
0
0
0
0
0
0
0
0
0
0
0
0
0
0
0
0
0
0
0
0
0
0
0
0
0
0
0
0
0
0
0
0
0
0
0
0
0
0
0
0
0
0
0
0
0
0
0
0
0
0
0
0
0
0
0
0
0
0
0
0
0
0
0
0
0
0
0
0
0
0
0
2.81392e-09
2.25799e-10
0
9.78317e-10
9.34099e-12
0
0
0
0
0
0
0
0
0
0
0
0
0
0
0
0
0
0
0
0
7.91645e-09
6.61772e-09
4.72553e-09
5.04925e-09
5.67452e-09
3.2709e-09
0
0
0
0
0
0
0
0
0
0
0
0
0
0
0
0
0
0
0
1.24197e-08
1.46021e-08
1.25612e-08
1.04315e-08
9.16419e-09
8.50241e-09
6.73495e-09
0
0
0
0
0
0
0
0
0
0
0
0
0
0
0
0
0
0
1.37796e-08
2.24746e-08
2.30341e-08
1.88844e-08
1.44742e-08
1.207e-08
1.26195e-08
1.21641e-08
0
0
0
0
0
0
0
0
0
0
0
0
0
0
0
0
0
9.76663e-09
2.67049e-08
3.45932e-08
3.06149e-08
2.2398e-08
1.70026e-08
1.66183e-08
1.96732e-08
1.87545e-08
0
0
0
0
0
0
0
0
0
0
0
0
0
0
0
0
0
2.31648e-08
4.23519e-08
4.39873e-08
3.09194e-08
2.06374e-08
1.96063e-08
2.36845e-08
2.84853e-08
1.88938e-08
0
0
0
0
0
0
0
0
0
0
0
0
0
0
0
0
1.13641e-08
3.97057e-08
5.46724e-08
3.84029e-08
1.58836e-08
1.35418e-08
2.28578e-08
3.18539e-08
3.23809e-08
6.32776e-09
0
0
0
0
0
0
0
0
0
0
0
0
0
0
0
0
2.71198e-08
5.61602e-08
4.88312e-08
5.30275e-09
0
5.68436e-09
2.73658e-08
3.56012e-08
2.59215e-08
0
0
0
0
0
0
0
0
0
0
0
0
0
0
0
0
1.11283e-08
4.79859e-08
6.17116e-08
8.76045e-09
0
0
3.84217e-09
2.93915e-08
3.06554e-08
3.95722e-09
0
0
0
0
0
0
0
0
0
0
0
0
0
0
0
0
3.87867e-08
6.93366e-08
3.40909e-08
0
0
0
5.52766e-09
2.49557e-08
1.34453e-08
0
0
0
0
0
0
0
0
0
0
0
0
0
0
0
0
3.1787e-08
7.37026e-08
6.59016e-08
0
0
0
0
5.09997e-09
1.07693e-08
0
0
0
0
0
0
0
0
0
0
0
0
0
0
0
0
1.27773e-08
7.98551e-08
9.01769e-08
1.44767e-08
0
0
0
0
0
0
0
0
0
0
0
0
0
0
0
0
0
0
0
0
0
0
7.4849e-08
1.02754e-07
5.56354e-08
0
0
0
0
0
0
0
0
0
0
0
0
0
0
0
0
0
0
0
0
0
0
4.22245e-08
1.0715e-07
8.58257e-08
0
0
0
0
0
0
0
0
2.48542e-09
2.43987e-08
0
0
0
0
0
0
0
0
0
0
0
0
0
8.1252e-08
9.55466e-08
3.41187e-08
0
0
0
0
0
0
0
6.83438e-09
4.77271e-08
5.86908e-08
0
0
0
0
0
0
0
0
0
0
0
0
4.65313e-08
8.51224e-08
5.83199e-08
0
0
0
0
0
0
0
4.8607e-09
4.43476e-08
9.09144e-08
7.71303e-08
0
0
0
0
0
0
6.98855e-10
0
0
0
0
2.57904e-08
6.17758e-08
5.90754e-08
7.71402e-09
0
0
0
0
0
0
3.63437e-10
3.83978e-08
8.68075e-08
1.23854e-07
0
0
0
0
0
0
4.6547e-09
1.03738e-08
1.10212e-08
8.0936e-09
1.13296e-08
2.53114e-08
4.32978e-08
4.64702e-08
1.91505e-08
0
0
0
0
0
0
0
3.48202e-08
7.87286e-08
1.27592e-07
4.51859e-08
0
0
0
0
0
1.73968e-09
1.63663e-08
2.94318e-08
3.30082e-08
3.38289e-08
3.6194e-08
3.75289e-08
3.30971e-08
1.59698e-08
0
0
0
0
0
0
0
2.87273e-08
7.55726e-08
1.23538e-07
9.3512e-08
0
0
0
0
0
4.71046e-09
1.97465e-08
4.0936e-08
5.2208e-08
5.32893e-08
4.98415e-08
4.08931e-08
2.5973e-08
7.84763e-09
0
0
0
0
0
0
0
5.61907e-09
7.78536e-08
1.2583e-07
1.19309e-07
4.21896e-08
0
0
0
0
1.4657e-08
2.97453e-08
5.24095e-08
6.84949e-08
7.05889e-08
6.30003e-08
4.74377e-08
2.47454e-08
1.57476e-09
0
0
0
0
0
0
0
0
7.40435e-08
1.38807e-07
1.42154e-07
9.27837e-08
0
0
0
0
1.43029e-08
3.79054e-08
6.45001e-08
8.42401e-08
8.74123e-08
7.61409e-08
5.43362e-08
2.58009e-08
0
0
0
0
0
0
0
0
0
3.93678e-08
1.54771e-07
1.65912e-07
1.23896e-07
0
0
0
0
3.36366e-10
2.97905e-08
6.32101e-08
9.11613e-08
1.00235e-07
8.91591e-08
6.19853e-08
2.72931e-08
0
0
0
0
0
0
0
0
0
0
1.46948e-07
1.77976e-07
1.39746e-07
0
0
0
0
0
1.73447e-08
4.91853e-08
8.12465e-08
9.98847e-08
9.72031e-08
7.0358e-08
2.98891e-08
0
0
0
0
0
0
0
0
0
0
1.06591e-07
1.63065e-07
1.4023e-07
0
0
0
0
0
1.76e-08
4.26677e-08
6.85705e-08
8.83653e-08
9.50443e-08
7.60545e-08
3.42164e-08
0
0
0
0
0
0
0
0
0
0
6.28719e-08
1.27947e-07
1.27145e-07
0
0
0
0
7.33298e-09
3.02673e-08
5.18843e-08
6.96685e-08
8.2514e-08
9.00606e-08
7.80294e-08
3.90838e-08
5.98596e-10
0
0
0
0
0
0
0
0
0
3.25013e-08
8.86552e-08
1.07218e-07
0
0
0
0
1.81599e-08
4.29263e-08
6.47261e-08
8.10712e-08
9.07212e-08
9.53059e-08
8.36425e-08
4.54675e-08
4.79465e-09
0
0
0
0
0
0
0
0
0
1.15535e-08
5.47308e-08
8.72975e-08
0
0
0
0
3.1904e-08
5.6523e-08
7.0916e-08
8.57907e-08
1.02464e-07
1.11571e-07
9.86898e-08
5.74477e-08
1.2089e-08
0
0
0
0
0
0
0
0
0
0
2.52956e-08
7.0895e-08
0
2.65695e-08
0
0
5.93217e-08
8.68889e-08
7.89947e-08
7.842e-08
9.9307e-08
1.18406e-07
1.09611e-07
6.92655e-08
2.10498e-08
0
0
0
0
0
0
0
0
0
0
0
5.26284e-08
0
2.52376e-07
0
0
1.14221e-07
1.50039e-07
1.02458e-07
7.37599e-08
8.81179e-08
1.09402e-07
1.05209e-07
6.96141e-08
2.44559e-08
0
0
0
0
0
0
0
0
0
0
0
0
0
6.41201e-08
0
0
1.73256e-07
2.18298e-07
1.15711e-07
5.70189e-08
6.11786e-08
7.91966e-08
7.92697e-08
4.88309e-08
8.50163e-09
0
0
0
0
0
0
0
0
0
0
0
0
0
1.67026e-08
0
0
0
0
0
0
0
0
0
0
0
0
0
0
0
0
0
0
0
0
0
0
0
0
1.615e-08
0
0
0
0
0
0
0
0
0
0
0
0
0
0
0
0
0
0
0
0
0
0
0
0
1.664e-08
0
0
4.81362e-09
0
0
0
0
0
0
0
0
0
0
0
0
0
0
0
0
0
0
0
0
0
1.45275e-08
0
0
2.24606e-08
0
0
0
0
0
0
0
0
0
0
0
0
0
0
0
0
0
0
0
3.0161e-09
0
1.05343e-08
0
0
2.24742e-08
0
0
0
0
0
0
0
0
0
0
0
0
0
0
0
0
0
0
0
5.52652e-09
5.79056e-10
5.88334e-09
0
9.98549e-10
1.72604e-08
0
0
0
0
0
0
0
0
0
0
0
0
0
0
0
0
0
1.67913e-09
1.25177e-09
3.80162e-09
6.89966e-10
2.68171e-09
0
7.00511e-10
1.03139e-08
0
0
0
0
0
0
0
0
0
4.9551e-10
7.69593e-10
9.32604e-10
8.2129e-10
1.03986e-09
1.00479e-09
1.43669e-09
1.07647e-09
1.59691e-09
9.32992e-10
1.70808e-09
3.62872e-10
1.1854e-09
0
2.77729e-10
5.16516e-09
0
0
0
0
0
0
8.71731e-10
1.45211e-09
1.63392e-09
1.66933e-09
1.59535e-09
1.43264e-09
1.17607e-09
1.101e-09
8.88489e-10
9.07699e-10
5.95964e-10
7.23113e-10
3.9767e-10
6.93796e-10
1.6151e-10
5.59305e-10
0
4.46171e-11
2.28575e-09
0
0
0
4.85972e-10
1.38761e-09
1.82352e-09
1.85736e-09
1.65595e-09
1.35099e-09
1.11327e-09
8.96233e-10
7.18156e-10
5.11298e-10
4.30903e-10
3.1561e-10
3.26309e-10
2.06887e-10
2.73816e-10
1.48434e-10
2.89413e-10
7.47205e-11
2.94705e-10
0
0
1.40916e-09
0
2.45406e-09
2.412e-09
2.17668e-09
1.77509e-09
1.32991e-09
9.38754e-10
6.14279e-10
3.76171e-10
2.69037e-10
1.71078e-10
1.19193e-10
5.40055e-11
5.19094e-11
3.16901e-11
5.96809e-11
2.81173e-11
7.30246e-11
3.4061e-11
1.12776e-10
2.13263e-11
1.46431e-10
0
0
1.77185e-09
1.6598e-09
3.04872e-09
1.99526e-09
1.18346e-09
5.79605e-10
2.12627e-10
2.75802e-11
0
0
0
0
0
0
0
0
0
0
0
0
2.01208e-11
0
4.0168e-11
0
0
1.85959e-09
1.95819e-09
1.71842e-09
7.99015e-10
2.73229e-10
0
0
0
0
0
0
0
0
0
0
0
0
0
0
0
0
0
0
0
0
)
;

boundaryField
{
    inlet
    {
        type            zeroGradient;
    }
    outlet
    {
        type            zeroGradient;
    }
    upperWall
    {
        type            zeroGradient;
    }
    lowerWall
    {
        type            zeroGradient;
    }
    frontAndBack
    {
        type            empty;
    }
}


// ************************************************************************* //
