/*--------------------------------*- C++ -*----------------------------------*\
  =========                 |
  \\      /  F ield         | OpenFOAM: The Open Source CFD Toolbox
   \\    /   O peration     | Website:  https://openfoam.org
    \\  /    A nd           | Version:  7
     \\/     M anipulation  |
\*---------------------------------------------------------------------------*/
FoamFile
{
    version     2.0;
    format      ascii;
    class       volScalarField;
    location    "0.082";
    object      nut;
}
// * * * * * * * * * * * * * * * * * * * * * * * * * * * * * * * * * * * * * //

dimensions      [0 2 -1 0 0 0 0];

internalField   nonuniform List<scalar> 
12225
(
0
0
0
0
0
0
4.46382e-11
0
0
0
0
0
0
0
0
0
0
0
0
0
0
0
0
2.29498e-10
3.49251e-10
1.447e-11
0
0
0
0
0
0
0
0
0
0
0
0
0
0
7.4131e-10
1.21651e-09
1.04384e-09
1.82485e-10
0
0
0
0
0
0
0
9.2882e-12
0
0
0
5.96359e-09
8.9066e-09
4.63069e-09
2.73558e-09
1.90667e-09
7.68972e-10
0
0
0
0
0
0
0
0
2.80172e-10
0
0
0
0
1.35065e-07
5.50971e-08
0
0
0
0
0
0
4.82624e-10
9.32567e-10
8.52395e-10
7.05863e-10
0
0
0
0
0
0
2.1758e-07
1.19564e-07
0
0
0
1.35019e-09
1.35367e-08
1.41257e-08
0
0
0
0
0
0
0
0
0
2.26896e-07
4.67619e-07
2.40535e-07
0
0
0
6.76261e-09
0
0
0
0
0
0
0
0
0
0
1.54074e-07
3.63147e-07
7.75623e-07
8.73189e-07
4.24394e-07
1.05072e-07
5.68458e-08
0
0
0
0
0
0
0
0
0
0
3.15256e-10
1.95378e-07
3.81817e-07
9.76087e-07
1.00842e-06
6.24519e-07
3.80092e-07
1.42853e-07
0
0
0
0
0
0
0
0
0
0
0
1.62151e-07
5.47314e-07
1.18477e-06
9.77497e-07
6.73812e-07
3.56729e-07
3.55969e-08
0
0
0
0
0
0
0
0
0
0
0
0
4.21935e-07
8.7171e-07
6.76003e-07
4.3957e-07
1.82613e-07
0
0
0
0
0
0
2.8816e-08
1.84745e-08
0
0
0
0
0
4.82126e-07
5.67373e-07
3.05958e-07
0
0
0
0
6.89321e-09
0
0
0
0
0
0
0
0
0
0
6.87971e-07
5.6253e-07
3.46548e-07
0
0
0
0
2.01852e-08
1.85461e-08
0
0
0
0
0
0
1.7675e-08
4.26033e-08
2.68e-07
7.94237e-07
8.14149e-07
7.8397e-07
2.0342e-07
0
0
0
1.21116e-07
1.91508e-07
0
0
0
0
0
0
4.81996e-08
5.5382e-08
1.34588e-07
8.48388e-07
1.14776e-06
6.99432e-07
3.59455e-08
0
1.36733e-07
2.9189e-07
3.69956e-07
5.95551e-07
1.26017e-07
0
0
0
0
0
0
0
4.21361e-07
8.42136e-07
5.44122e-07
2.45692e-07
0
0
9.65138e-07
8.57464e-07
5.05426e-07
4.54311e-07
0
0
0
0
0
0
0
0
0
0
6.25834e-08
9.63755e-08
0
0
6.57816e-07
5.95587e-07
3.44737e-07
0
0
0
0
0
0
0
0
0
0
0
0
3.73672e-08
0
0
1.80604e-07
1.52363e-07
0
0
0
0
0
0
0
0
0
6.72873e-09
0
0
0
1.79003e-07
0
0
1.43687e-07
3.62886e-07
2.65455e-07
0
0
0
0
0
0
0
0
0
0
0
0
0
0
0
0
0
0
0
0
0
6.9935e-08
2.8956e-07
3.6118e-07
3.10604e-07
1.38338e-07
0
0
0
0
0
0
0
0
0
0
0
0
0
0
0
6.21565e-09
1.15887e-07
1.48633e-07
1.23302e-07
0
0
0
0
0
0
0
0
0
0
0
0
0
0
0
5.96874e-08
1.66524e-07
2.28114e-07
0
0
1.12569e-08
8.11029e-08
6.29465e-08
0
0
0
0
0
0
0
0
0
0
6.82858e-08
2.04423e-07
2.93047e-07
3.02142e-07
0
0
8.36895e-08
1.48925e-07
0
0
0
0
0
0
4.64355e-08
8.72764e-08
1.56031e-08
0
0
0
0
9.49103e-07
0
0
0
4.04566e-09
0
0
0
0
0
2.48173e-08
4.9168e-08
8.52957e-09
0
0
0
0
0
8.55869e-07
0
0
0
0
5.47038e-08
2.01435e-08
0
0
0
0
0
0
0
0
0
0
5.74449e-09
0
0
0
0
0
0
0
0
0
0
0
0
0
0
0
0
1.08103e-09
1.6339e-09
4.33398e-09
0
0
0
0
0
0
0
0
0
0
0
0
0
0
0
0
0
7.25877e-09
0
0
0
0
0
0
0
0
0
0
0
0
0
0
0
0
0
6.22491e-08
0
0
0
0
0
0
0
0
0
0
0
0
0
0
0
0
0
0
2.74592e-06
6.19397e-06
6.74625e-07
0
0
0
0
0
0
4.10768e-07
5.49236e-07
3.49052e-07
7.91511e-08
0
0
0
0
0
0
0
0
0
0
0
0
0
0
0
0
0
0
0
0
0
0
0
0
1.91197e-08
3.52112e-07
0
0
0
0
0
0
0
7.33029e-07
5.25562e-06
1.01339e-05
1.23725e-05
1.03878e-05
4.76649e-06
0
0
0
0
0
0
0
3.51348e-09
1.05201e-06
4.21339e-07
1.664e-06
1.33886e-05
3.37713e-05
4.53161e-05
5.40058e-05
4.93392e-05
1.87743e-05
3.608e-06
7.16705e-07
1.13449e-07
0
0
2.11674e-08
4.35037e-08
5.45698e-08
5.60834e-08
5.19234e-08
4.17847e-08
3.35787e-08
2.42215e-08
1.61921e-08
1.01397e-08
5.01369e-09
4.44752e-10
0
0
0
0
0
0
0
0
0
0
0
0
0
0
0
0
0
0
0
0
0
0
0
0
0
0
0
0
0
0
0
0
0
0
0
0
0
0
0
0
0
0
0
0
0
0
0
0
0
0
0
0
0
0
0
0
0
0
0
0
0
0
0
0
0
0
0
0
0
0
0
0
0
0
0
0
0
0
0
0
0
0
0
0
0
0
0
0
6.05176e-12
4.26816e-12
7.34371e-11
1.60144e-09
0
0
0
0
0
0
0
0
0
0
0
3.564e-07
5.12003e-07
2.6575e-07
0
0
0
0
0
0
0
0
0
0
0
0
0
0
0
0
0
0
0
0
0
0
0
0
0
0
0
0
0
0
0
0
0
0
0
7.22594e-07
1.70735e-06
2.28361e-06
2.38084e-06
1.68168e-06
1.24081e-09
0
0
0
0
1.81196e-07
5.52424e-07
1.46468e-06
2.08491e-06
2.96754e-06
7.89107e-06
6.49563e-06
5.66174e-06
6.98804e-06
5.77532e-06
4.66292e-06
2.84546e-06
1.33388e-06
6.0339e-07
2.45795e-07
9.76694e-08
5.47236e-08
5.10115e-08
5.39489e-08
5.43449e-08
5.27786e-08
4.92196e-08
4.44111e-08
3.88611e-08
3.30099e-08
2.60503e-08
1.87865e-08
1.03805e-08
1.61024e-09
0
0
0
0
0
0
0
0
0
0
0
0
0
0
0
0
0
0
0
0
0
0
0
0
0
0
0
0
0
0
0
0
0
0
0
0
0
0
0
0
0
0
0
0
0
0
0
0
0
0
0
0
0
0
0
0
0
0
0
0
0
0
0
0
0
0
0
0
0
0
0
0
0
0
0
0
0
0
1.79459e-12
0
0
0
0
0
0
0
0
0
1.71976e-11
1.86248e-11
3.28169e-11
6.92632e-10
0
2.88132e-06
3.26969e-06
1.85242e-06
5.84313e-07
0
0
0
0
0
0
0
0
0
0
0
0
0
0
0
0
0
0
0
0
0
0
0
0
0
0
0
0
0
0
0
0
0
0
0
0
0
0
0
0
0
0
0
0
0
4.14352e-08
5.10762e-08
1.52307e-08
0
3.31268e-08
0
0
0
9.86432e-08
6.04261e-07
1.02527e-06
2.53052e-06
4.73438e-06
2.61829e-06
1.03392e-06
5.43761e-07
6.95274e-07
6.4154e-07
3.98653e-07
4.35644e-07
5.14405e-07
4.40817e-07
3.3871e-07
2.81562e-07
2.63573e-07
2.63659e-07
2.6655e-07
2.62653e-07
2.51419e-07
2.35652e-07
2.17369e-07
1.9507e-07
1.68263e-07
1.36253e-07
1.02896e-07
7.01663e-08
3.95705e-08
1.06701e-08
0
0
0
0
0
0
0
0
0
0
0
0
0
0
0
0
0
0
0
0
0
0
0
0
0
0
0
0
0
0
0
0
0
0
0
0
0
0
0
0
0
0
5.54005e-09
9.69943e-09
1.12255e-08
1.09947e-08
9.49897e-09
7.53631e-09
5.69319e-09
4.07763e-09
2.69038e-09
1.30693e-09
0
0
0
0
0
0
0
0
0
0
0
0
0
0
0
0
0
0
0
0
0
0
0
3.04846e-11
5.90656e-11
6.47408e-11
6.12563e-11
3.81056e-11
2.21263e-11
0
0
0
0
0
0
0
0
5.5408e-11
0
5.13435e-10
0
5.72127e-07
1.30271e-06
1.56647e-06
1.45536e-06
9.47795e-07
0
0
0
0
0
0
3.88056e-07
5.17108e-07
4.1856e-07
2.55615e-07
1.25576e-07
3.94367e-08
0
0
0
0
0
0
0
0
0
0
0
0
0
0
0
0
0
0
0
0
0
0
0
0
0
0
0
0
0
0
0
0
0
0
0
3.90221e-09
5.12637e-07
1.0252e-06
1.0407e-06
1.20153e-06
1.5429e-06
9.35092e-07
0
6.04395e-07
5.05983e-07
2.93314e-07
0
0
0
0
0
0
6.54668e-08
1.47561e-07
2.21811e-07
2.99683e-07
3.57873e-07
3.88679e-07
3.99319e-07
3.94867e-07
3.75075e-07
3.59088e-07
3.51854e-07
3.62405e-07
3.95352e-07
4.52832e-07
5.41452e-07
6.51266e-07
6.28482e-07
8.11428e-09
0
0
0
0
0
0
0
0
0
0
0
0
0
0
0
0
0
0
0
0
0
0
0
0
0
0
0
0
0
0
0
0
0
0
0
0
0
0
0
0
0
0
0
0
0
0
0
1.69833e-08
3.35478e-08
4.38429e-08
4.64041e-08
4.03948e-08
2.8597e-08
1.49878e-08
3.24102e-09
0
0
0
0
0
0
0
0
0
0
2.59071e-10
8.33584e-10
1.15401e-09
1.26674e-09
1.22676e-09
1.09448e-09
9.23294e-10
7.57677e-10
6.20517e-10
5.22491e-10
4.50264e-10
3.97982e-10
3.43013e-10
2.90943e-10
2.19015e-10
1.55585e-10
6.87979e-11
1.39571e-11
0
0
0
0
0
0
1.66131e-11
0
7.51787e-10
0
0
3.10633e-07
5.88256e-07
6.42192e-10
0
0
0
0
5.08426e-07
5.13113e-07
3.14264e-07
1.7212e-07
6.31199e-08
0
0
0
0
0
0
0
0
0
0
0
0
0
0
0
9.31225e-09
4.61271e-08
7.59318e-08
9.32783e-08
9.65579e-08
7.52117e-08
4.07886e-08
0
0
0
0
3.55973e-08
6.61402e-08
2.27208e-08
0
0
0
0
0
0
0
0
0
8.81919e-08
1.11229e-06
2.25911e-06
3.09764e-06
2.89932e-06
2.46067e-06
1.25361e-06
0
0
0
0
4.66129e-07
6.8899e-07
3.42208e-07
9.566e-08
0
0
0
1.26283e-08
1.14299e-07
1.45226e-07
1.3449e-07
1.14243e-07
8.96288e-08
6.5342e-08
4.59103e-08
3.31162e-08
2.66119e-08
2.46465e-08
2.55798e-08
2.69402e-08
2.44894e-08
1.01016e-08
0
0
0
0
0
0
0
0
0
0
0
0
0
0
0
0
0
0
0
0
0
0
0
0
0
0
0
0
0
0
0
0
0
0
0
0
0
0
0
0
0
0
0
0
0
0
0
0
0
0
0
0
0
0
0
0
1.20143e-08
2.10347e-08
2.47585e-08
2.57667e-08
2.34935e-08
1.62509e-08
5.96277e-09
0
0
0
0
0
0
0
0
0
0
0
0
0
0
0
5.22209e-10
7.29344e-10
7.72054e-10
7.39766e-10
6.90685e-10
5.91991e-10
5.10069e-10
2.957e-10
2.27972e-10
0
0
0
0
0
1.78031e-10
0
1.19529e-09
0
0
0
0
0
0
2.38205e-07
6.37616e-08
5.66565e-08
1.97115e-07
2.37388e-07
2.09221e-07
9.1275e-08
0
0
0
0
0
0
0
0
0
0
0
0
0
4.51837e-08
1.19507e-07
1.96685e-07
2.74085e-07
3.48797e-07
4.18291e-07
4.77668e-07
5.24087e-07
5.52854e-07
5.65722e-07
5.6055e-07
5.35019e-07
5.05292e-07
4.6271e-07
4.17856e-07
3.80062e-07
3.16888e-07
2.66234e-07
2.48519e-07
1.99968e-07
1.11404e-07
0
0
0
0
0
9.4929e-07
4.69653e-06
4.19928e-06
2.60544e-06
8.29184e-07
0
0
0
0
0
0
4.16933e-07
7.6681e-07
5.34393e-07
2.41878e-07
3.76209e-08
7.64963e-09
9.59539e-08
1.43386e-07
1.48175e-07
1.39918e-07
1.20672e-07
8.99128e-08
5.64613e-08
2.57573e-08
5.18829e-10
0
0
0
0
0
6.92758e-08
2.33304e-07
3.5977e-08
0
0
0
0
0
0
0
0
0
0
0
0
0
0
0
0
0
0
0
0
0
0
0
0
0
0
0
0
0
0
0
0
0
0
0
0
0
0
0
0
0
0
0
0
0
0
0
0
0
0
0
0
0
0
0
0
5.72213e-09
1.71056e-08
1.35267e-08
5.99088e-09
5.07966e-09
7.68998e-09
7.07228e-09
1.50871e-09
0
0
0
0
0
0
0
0
0
0
0
0
0
0
0
0
0
0
0
2.68299e-09
1.98464e-09
2.35411e-10
0
0
0
0
0
0
0
0
0
0
0
0
0
2.31284e-07
5.75423e-08
0
0
0
0
0
0
0
0
0
0
0
0
0
0
0
0
0
0
0
8.96367e-08
2.11692e-07
3.39404e-07
4.68452e-07
5.94446e-07
7.13938e-07
8.21805e-07
9.14798e-07
9.87231e-07
1.0382e-06
1.06394e-06
1.06231e-06
1.0279e-06
9.48553e-07
8.3202e-07
7.04806e-07
5.68678e-07
4.41062e-07
3.52279e-07
2.86105e-07
2.06649e-07
1.00569e-07
0
0
0
0
0
8.23679e-07
8.29004e-07
0
0
0
0
0
0
0
0
0
2.53876e-08
1.3206e-07
2.54095e-07
3.71393e-07
3.78547e-07
3.21238e-07
2.76907e-07
2.41614e-07
1.91131e-07
1.34281e-07
7.75604e-08
2.58428e-08
0
0
0
0
0
7.5822e-08
2.59105e-07
7.09023e-07
7.25883e-07
0
0
0
0
0
0
0
0
0
0
0
0
0
0
0
0
0
0
0
0
0
0
0
0
0
0
0
0
0
0
0
0
0
0
0
0
0
0
0
0
0
0
0
0
0
0
0
0
0
0
0
0
0
0
0
0
0
0
0
1.10422e-08
2.23879e-08
2.07021e-08
1.91374e-08
2.15622e-08
2.18921e-08
1.72179e-08
9.25035e-09
1.91239e-10
0
0
0
0
0
0
0
0
0
0
0
0
0
0
0
0
0
0
0
0
0
0
0
0
0
0
0
0
0
0
0
0
0
0
0
0
0
0
0
0
0
0
0
0
0
0
0
0
0
0
0
0
3.75434e-09
1.75192e-07
3.45809e-07
5.12914e-07
6.76081e-07
8.34696e-07
9.86147e-07
1.12638e-06
1.2497e-06
1.34416e-06
1.4091e-06
1.44699e-06
1.45682e-06
1.43584e-06
1.3799e-06
1.2864e-06
1.16165e-06
1.02608e-06
8.89967e-07
7.48531e-07
5.90944e-07
4.07395e-07
1.86644e-07
0
0
0
0
0
0
6.02201e-07
0
0
0
0
0
0
0
0
0
0
0
1.61541e-07
3.90265e-07
4.29355e-07
4.14523e-07
3.66777e-07
2.88991e-07
2.0462e-07
1.17602e-07
4.00663e-08
0
0
0
0
1.3568e-08
1.27765e-07
3.99273e-07
9.95391e-07
1.79374e-06
0
0
0
0
0
0
9.89433e-10
1.6113e-08
3.3781e-09
0
0
0
0
0
0
0
0
0
0
0
0
0
0
0
0
0
0
0
0
0
0
0
0
0
0
0
0
0
0
0
0
0
0
0
0
0
0
0
0
0
0
0
0
0
0
0
0
0
0
0
0
1.20758e-08
3.39901e-08
4.75055e-08
4.86029e-08
4.42735e-08
3.7083e-08
2.66695e-08
1.41535e-08
6.51707e-10
0
0
0
0
0
0
0
0
0
0
0
0
0
0
0
0
0
0
0
0
0
0
0
0
0
0
0
0
0
0
0
0
0
0
0
0
0
0
0
0
0
0
0
0
0
0
0
0
0
0
0
0
0
0
7.4946e-08
2.01398e-07
3.50479e-07
5.12442e-07
6.7788e-07
8.40699e-07
1.00396e-06
1.16245e-06
1.31356e-06
1.45132e-06
1.54972e-06
1.54834e-06
1.47893e-06
1.36441e-06
1.26963e-06
1.18525e-06
1.09206e-06
9.90267e-07
8.76297e-07
7.20064e-07
4.82315e-07
1.07964e-07
0
0
0
0
1.92146e-06
3.42595e-07
0
0
0
0
0
0
0
0
0
0
2.11065e-07
4.02207e-07
4.61455e-07
4.36879e-07
3.64083e-07
2.68005e-07
1.582e-07
5.49931e-08
0
0
0
0
1.68049e-08
1.24074e-07
3.77412e-07
9.06587e-07
1.80364e-06
1.5363e-06
0
0
1.94162e-07
8.36311e-07
1.01321e-06
9.46024e-07
7.88174e-07
6.37523e-07
5.14831e-07
3.79498e-07
2.48957e-07
1.36257e-07
3.96014e-08
0
0
0
0
0
0
0
0
0
0
0
0
0
0
0
0
0
0
0
0
0
0
0
0
0
0
0
0
0
0
0
0
0
0
0
0
0
0
0
0
0
0
0
2.34691e-10
0
0
0
0
1.49091e-08
3.30406e-08
5.1764e-08
6.78717e-08
6.92311e-08
5.4771e-08
3.65399e-08
1.93692e-08
3.52994e-09
0
0
0
0
0
0
8.41848e-09
0
0
0
0
0
0
0
0
0
0
0
0
0
0
0
0
0
0
0
0
0
0
0
0
0
0
0
0
0
0
0
0
0
0
0
0
0
0
1.03649e-07
2.20029e-07
1.50973e-07
0
0
0
0
0
0
0
0
0
0
0
1.08963e-09
2.71263e-07
4.47408e-07
5.74765e-07
6.98396e-07
8.7635e-07
1.13295e-06
1.31018e-06
1.30357e-06
1.20173e-06
1.09324e-06
1.00605e-06
9.14044e-07
7.93163e-07
6.5437e-07
5.07735e-07
3.39223e-07
1.01958e-07
0
0
8.75949e-07
2.09638e-06
2.36792e-06
1.48179e-06
0
0
0
0
0
0
0
0
2.00457e-08
4.0795e-07
5.07874e-07
4.41851e-07
3.61763e-07
2.79623e-07
1.72937e-07
6.352e-08
0
0
0
0
1.51286e-08
1.01982e-07
2.96749e-07
6.94679e-07
1.37309e-06
2.23013e-06
2.75505e-07
0
0
0
2.12574e-07
5.77211e-07
6.55032e-07
5.4569e-07
4.23831e-07
2.93634e-07
1.72923e-07
7.09787e-08
0
0
0
0
0
0
0
0
0
0
0
0
0
0
0
0
0
0
0
0
7.02961e-09
0
0
0
0
0
0
0
0
0
0
0
0
0
0
0
0
0
0
0
0
0
0
0
0
0
5.1356e-09
5.61375e-09
7.19188e-09
1.56004e-08
3.01598e-08
4.6838e-08
6.05643e-08
7.15615e-08
8.0608e-08
7.76409e-08
5.5337e-08
2.82396e-08
6.70137e-09
0
0
0
0
0
0
0
1.76704e-08
1.28694e-08
0
0
0
0
0
0
0
0
0
0
0
0
0
0
0
0
0
0
0
0
0
0
0
0
0
0
0
0
0
0
0
0
0
4.65159e-07
1.06209e-06
1.55021e-06
1.7754e-06
1.5745e-06
9.08428e-07
0
0
0
0
0
0
0
0
0
0
0
0
0
0
1.95161e-07
3.30248e-07
3.60771e-07
3.95634e-07
5.4354e-07
7.76864e-07
8.61321e-07
7.8182e-07
6.3976e-07
4.84379e-07
3.14912e-07
1.0088e-07
0
0
0
0
0
0
0
1.56966e-06
3.46848e-06
1.4739e-06
1.81294e-07
0
0
0
0
0
0
3.72872e-07
7.36389e-07
4.04412e-07
2.65753e-07
2.24484e-07
1.50644e-07
5.34766e-08
0
0
0
0
1.32471e-08
7.98928e-08
2.0182e-07
4.35775e-07
8.74183e-07
1.50877e-06
1.5064e-06
0
0
0
0
0
1.3727e-07
4.93677e-07
4.83828e-07
3.45701e-07
2.15761e-07
1.10047e-07
4.50588e-08
1.03235e-08
0
0
0
0
0
0
0
0
3.7951e-08
1.23761e-08
0
0
0
0
0
0
0
0
0
0
0
0
0
0
0
0
0
0
0
0
0
0
0
0
0
0
0
3.46547e-09
1.58931e-08
4.20596e-09
0
0
0
0
0
6.53327e-09
1.63096e-08
2.25705e-08
3.3861e-08
4.99968e-08
6.68198e-08
7.99707e-08
8.55082e-08
8.52157e-08
8.29113e-08
7.25214e-08
4.62307e-08
1.54245e-08
0
0
0
0
0
0
0
0
1.99491e-08
2.44155e-08
3.32828e-09
0
0
0
0
0
0
0
0
0
0
0
0
0
0
0
0
0
0
0
0
0
0
0
0
0
0
0
0
0
4.34836e-07
1.04526e-06
1.50353e-06
1.80436e-06
1.9789e-06
2.01844e-06
1.80119e-06
1.29174e-06
5.80904e-07
0
0
0
0
0
0
0
0
0
0
0
0
0
0
2.05441e-07
3.70803e-07
3.26575e-07
1.97759e-07
1.64884e-07
3.01696e-07
3.8184e-07
2.40947e-07
0
0
0
0
0
0
0
0
0
0
4.28541e-06
4.76975e-06
1.61926e-06
4.31114e-07
0
0
0
0
0
0
0
0
0
0
5.01161e-08
2.32654e-08
0
0
0
0
2.69504e-09
5.6964e-08
1.21299e-07
2.12718e-07
3.75905e-07
5.89925e-07
6.21721e-07
0
0
0
0
0
0
0
4.53675e-07
4.45112e-07
2.86324e-07
1.49068e-07
5.10182e-08
1.37312e-09
0
0
4.33408e-09
7.32096e-09
0
0
0
5.03123e-09
1.97431e-08
2.79531e-08
2.061e-08
0
0
0
0
0
0
0
0
0
0
0
0
0
0
0
0
0
0
0
0
0
0
0
0
0
0
0
7.07901e-09
4.95278e-08
7.04258e-08
7.02751e-08
4.77729e-08
1.37681e-08
0
8.2985e-09
2.32187e-08
3.72749e-08
4.9681e-08
6.48303e-08
8.3981e-08
1.00888e-07
1.10927e-07
1.12238e-07
1.03621e-07
8.96721e-08
7.66813e-08
6.10843e-08
3.43966e-08
2.91321e-09
0
0
0
0
0
0
0
0
1.9845e-08
2.78545e-08
8.08831e-09
0
0
0
0
0
0
0
0
0
0
0
0
0
0
0
0
0
0
0
0
0
0
0
0
0
0
0
5.56979e-07
9.73652e-07
1.18922e-06
1.32411e-06
1.50321e-06
1.78984e-06
2.22207e-06
2.6418e-06
2.65289e-06
1.89953e-06
6.38129e-07
0
0
0
0
6.08557e-07
1.19992e-06
1.58515e-06
1.58345e-06
1.03178e-06
0
0
0
0
0
2.305e-08
2.8348e-07
2.65631e-07
1.23507e-07
0
0
0
0
0
0
0
0
0
0
0
0
0
5.96872e-06
4.49005e-06
1.79428e-06
4.43206e-07
0
0
0
0
0
0
0
0
0
0
0
0
0
0
0
0
3.78101e-08
7.53226e-08
9.25239e-08
6.55267e-08
0
0
0
0
0
0
0
0
0
0
0
1.13499e-07
1.05402e-07
2.60668e-08
0
0
0
0
0
0
0
0
0
2.88829e-09
2.59406e-08
1.72712e-08
0
0
0
0
0
0
0
0
0
0
0
0
0
8.61367e-09
0
0
0
0
0
0
0
0
0
0
0
0
0
0
0
4.57351e-08
9.71497e-08
1.21403e-07
1.2579e-07
1.10423e-07
8.12488e-08
6.63449e-08
7.5966e-08
9.58682e-08
1.12765e-07
1.31151e-07
1.48886e-07
1.62789e-07
1.65632e-07
1.56587e-07
1.38229e-07
1.12648e-07
8.7131e-08
6.78977e-08
5.02714e-08
2.25162e-08
0
0
0
0
0
0
0
0
0
1.97717e-08
2.50303e-08
6.27032e-09
0
0
0
0
0
0
0
0
0
0
0
0
0
0
0
0
0
0
0
0
0
0
0
0
0
4.47597e-07
7.25182e-07
8.35089e-07
9.40632e-07
1.14125e-06
1.60295e-06
2.45435e-06
3.7234e-06
5.44048e-06
6.92527e-06
6.12609e-06
2.33282e-07
0
0
0
0
0
0
0
6.79005e-07
1.41213e-06
1.39937e-06
2.5567e-07
0
0
0
0
0
1.26975e-07
1.15802e-07
0
0
0
0
0
0
0
0
0
0
0
0
0
8.69799e-06
6.0664e-06
3.15755e-06
1.27873e-06
1.51537e-07
0
0
0
0
0
0
0
0
0
0
0
0
0
8.06818e-09
3.21357e-08
6.04662e-08
6.64955e-08
0
0
0
0
0
0
0
0
0
0
0
0
0
0
8.43111e-08
2.23813e-08
0
0
0
0
0
0
0
0
0
0
0
1.29837e-08
2.79501e-09
0
0
0
0
0
0
0
0
0
2.03632e-08
4.9603e-08
6.47765e-08
6.00829e-08
3.86647e-08
1.25986e-08
0
8.66402e-10
5.16506e-10
0
6.21092e-09
2.64746e-08
3.78549e-08
2.94114e-08
4.10654e-09
0
0
0
0
2.43571e-08
9.77173e-08
1.48593e-07
1.69321e-07
1.73679e-07
1.61302e-07
1.41002e-07
1.393e-07
1.66339e-07
2.23803e-07
2.70566e-07
2.89614e-07
2.88775e-07
2.72998e-07
2.42338e-07
2.02134e-07
1.60039e-07
1.19934e-07
8.83214e-08
6.65572e-08
4.44683e-08
8.60473e-09
0
0
0
0
0
0
0
0
6.35513e-09
1.83081e-08
1.73201e-08
0
0
0
0
0
0
0
0
0
0
0
0
0
0
0
0
0
0
0
0
0
0
0
0
1.52683e-07
3.29491e-07
4.19181e-07
5.04839e-07
6.44721e-07
9.5482e-07
1.54918e-06
2.49369e-06
3.82607e-06
5.4885e-06
7.03076e-06
3.55973e-06
0
0
0
0
0
0
0
0
0
0
2.85792e-07
7.12017e-07
0
0
0
0
0
0
7.28785e-08
2.34192e-08
0
0
0
0
0
0
0
0
0
0
0
2.42864e-06
5.59558e-06
6.81512e-06
5.70693e-06
4.22587e-06
3.46864e-06
1.16483e-06
2.89886e-07
4.88325e-09
0
0
0
0
0
0
0
0
7.9956e-09
2.59296e-08
4.80371e-08
7.8055e-08
1.06783e-07
8.73602e-08
0
0
0
0
0
0
0
0
0
0
0
0
0
8.30775e-08
1.27897e-07
3.74105e-08
0
0
3.09931e-09
7.2889e-10
0
4.14814e-09
1.24595e-08
8.06881e-09
0
0
0
6.52576e-10
1.4544e-08
1.22752e-08
0
0
0
0
0
0
0
0
0
8.61366e-09
2.86055e-08
3.74579e-08
3.82062e-08
2.77435e-08
1.30111e-08
6.06235e-09
2.41468e-09
0
1.18049e-09
2.97164e-08
6.42114e-08
7.54927e-08
6.6483e-08
4.50003e-08
1.1308e-08
0
0
4.27732e-09
8.12482e-08
1.59659e-07
2.00276e-07
2.15789e-07
2.20272e-07
2.09917e-07
2.01648e-07
2.17447e-07
2.59874e-07
3.19755e-07
3.78537e-07
4.22699e-07
4.3172e-07
3.9252e-07
3.2274e-07
2.48636e-07
1.87855e-07
1.42227e-07
1.09948e-07
8.26851e-08
4.1754e-08
0
0
0
0
0
0
0
0
0
9.45814e-09
1.24614e-08
4.77983e-09
0
0
0
0
0
0
0
0
0
0
0
0
0
0
0
0
0
0
0
0
0
0
0
0
0
0
6.03767e-08
1.584e-07
3.02196e-07
5.23933e-07
7.86966e-07
9.41829e-07
7.34239e-07
0
0
0
0
0
0
0
0
0
0
0
0
0
6.54718e-08
2.94497e-07
0
0
0
0
0
5.50625e-08
2.94e-08
0
0
0
0
0
0
6.53441e-08
3.16895e-07
4.96019e-07
6.22645e-07
7.9554e-07
1.13913e-06
1.63223e-06
2.17914e-06
2.66631e-06
2.73844e-06
1.75455e-06
7.97602e-07
3.28693e-07
8.95595e-08
0
0
0
0
0
0
7.32289e-08
6.21534e-08
2.92935e-08
1.74357e-08
3.35249e-08
6.96512e-08
1.07821e-07
9.63471e-08
0
0
0
0
0
0
0
0
0
0
0
0
0
2.72641e-07
1.73007e-07
6.12633e-08
2.28489e-08
1.85462e-08
1.3969e-08
6.91689e-10
0
0
4.71043e-09
8.68362e-09
2.26995e-09
0
0
0
5.60725e-10
8.08809e-09
1.1654e-08
1.22302e-08
9.03236e-09
2.61925e-09
0
0
0
0
0
3.35928e-09
2.42824e-08
4.12862e-08
6.03077e-08
6.70297e-08
5.53412e-08
3.97925e-08
2.24292e-08
6.25983e-10
0
1.6473e-09
4.96734e-08
9.7764e-08
1.11342e-07
1.02356e-07
8.44907e-08
5.81676e-08
3.56642e-08
2.76829e-08
7.52214e-08
1.60268e-07
2.32331e-07
2.6318e-07
2.76229e-07
2.82604e-07
2.74398e-07
2.79601e-07
3.02336e-07
3.34365e-07
3.61859e-07
3.77156e-07
4.03268e-07
4.49274e-07
4.53218e-07
3.81868e-07
2.95961e-07
2.34107e-07
1.93704e-07
1.59673e-07
1.13297e-07
2.37e-08
0
0
0
0
0
0
0
0
4.33201e-09
5.45097e-09
5.97251e-10
0
0
0
0
0
0
0
0
0
0
0
0
0
0
0
0
1.1636e-07
1.65747e-07
2.0663e-07
1.91286e-07
9.44881e-08
0
0
0
0
0
0
0
0
0
0
0
0
0
0
0
0
0
0
0
0
0
0
0
0
0
5.38407e-08
3.53693e-07
3.35674e-09
0
0
0
7.25402e-09
5.42088e-08
2.00988e-08
0
0
0
0
0
0
0
5.97601e-08
1.36955e-07
2.34091e-07
4.1676e-07
6.72677e-07
9.46149e-07
1.20594e-06
1.36115e-06
1.20807e-06
7.97763e-07
4.43257e-07
2.33215e-07
1.02557e-07
0
0
0
0
0
0
6.98886e-08
1.25073e-07
1.0435e-07
6.06849e-08
3.59167e-08
4.23496e-08
6.33339e-08
5.88153e-08
0
0
0
0
0
0
0
0
0
0
0
0
2.39584e-07
2.94769e-07
1.63863e-07
7.43216e-08
4.17267e-08
3.11415e-08
1.84007e-08
8.7296e-10
0
0
4.31155e-09
5.12441e-09
0
0
0
0
0
0
0
0
0
9.79049e-10
2.93129e-09
3.63752e-09
2.96818e-09
5.7156e-09
1.7616e-08
4.01434e-08
6.75633e-08
9.02724e-08
1.02007e-07
9.64715e-08
7.88565e-08
6.42773e-08
5.83156e-08
4.35526e-08
1.83412e-08
3.33111e-09
2.36622e-08
8.01064e-08
1.28119e-07
1.4558e-07
1.42046e-07
1.29e-07
1.09913e-07
9.81848e-08
1.03933e-07
1.63623e-07
2.61027e-07
3.12517e-07
3.33692e-07
3.47911e-07
3.50141e-07
3.44317e-07
3.49955e-07
3.60622e-07
3.7377e-07
3.8412e-07
3.77537e-07
3.59907e-07
3.75469e-07
3.99026e-07
3.59989e-07
2.99423e-07
2.54225e-07
2.1954e-07
1.75096e-07
9.03935e-08
0
0
0
0
0
0
0
0
1.28146e-09
0
0
0
0
0
0
0
0
0
0
0
0
0
0
0
0
5.75926e-09
1.44958e-07
4.65878e-07
5.79388e-07
6.22292e-07
5.81307e-07
4.38138e-07
1.84489e-07
0
0
0
0
0
0
0
0
0
0
0
0
0
0
0
0
0
4.05736e-07
5.29557e-07
4.26433e-07
2.95911e-07
1.65272e-07
5.98988e-09
0
1.34207e-07
3.26665e-07
1.48943e-07
0
0
0
6.22906e-08
5.27954e-08
7.17183e-09
0
0
0
0
0
0
0
4.27329e-09
6.50745e-08
1.33754e-07
2.626e-07
4.19252e-07
5.55812e-07
6.48975e-07
6.56909e-07
5.42653e-07
3.72178e-07
2.3106e-07
1.41809e-07
8.1049e-08
2.85497e-08
0
0
0
0
0
0
2.3754e-10
9.21798e-08
1.21752e-07
1.12001e-07
9.91551e-08
9.48999e-08
8.76271e-08
6.41599e-08
1.38253e-08
0
0
0
0
0
0
0
0
0
0
0
1.3447e-07
1.00217e-07
5.52493e-08
3.48161e-08
2.43409e-08
1.18225e-08
0
0
2.77638e-09
9.02186e-09
7.18415e-09
0
0
0
0
0
0
0
5.18372e-10
7.16539e-10
0
0
0
0
3.85564e-09
2.0065e-08
4.8796e-08
9.51854e-08
1.36567e-07
1.36972e-07
1.09131e-07
7.71179e-08
5.64616e-08
5.72685e-08
6.81738e-08
6.24058e-08
4.37085e-08
3.67214e-08
6.63902e-08
1.23224e-07
1.65801e-07
1.89747e-07
1.89951e-07
1.78784e-07
1.70127e-07
1.70904e-07
1.97724e-07
2.90764e-07
3.69598e-07
4.00795e-07
4.17377e-07
4.26728e-07
4.11485e-07
4.00489e-07
3.90701e-07
3.81352e-07
3.77768e-07
3.84167e-07
3.86866e-07
3.59497e-07
3.36483e-07
3.31579e-07
2.99406e-07
2.56265e-07
2.14577e-07
1.6334e-07
7.84571e-08
0
0
0
0
0
0
0
0
0
0
0
0
0
0
0
0
0
0
0
0
0
0
0
0
1.24019e-07
2.63252e-07
3.94595e-07
5.93049e-07
7.54507e-07
8.21745e-07
7.84819e-07
6.6413e-07
4.5063e-07
1.63375e-07
0
0
0
0
0
0
0
0
0
0
0
0
0
0
6.16299e-07
2.24435e-06
1.90561e-06
1.31841e-06
8.58809e-07
5.57715e-07
3.23787e-07
1.13386e-07
5.05628e-08
1.89007e-07
3.3432e-07
2.77608e-07
0
0
6.58342e-08
1.36134e-07
6.14687e-08
3.14339e-09
0
0
0
0
0
0
0
0
3.85312e-08
1.02559e-07
1.71031e-07
2.35961e-07
2.85871e-07
3.14097e-07
3.01786e-07
2.38854e-07
1.60241e-07
9.93164e-08
6.31009e-08
4.08824e-08
2.66238e-08
2.02729e-08
1.49918e-08
0
0
0
0
0
0
3.47911e-09
8.42334e-08
1.26815e-07
1.46113e-07
1.57923e-07
1.85335e-07
2.55689e-07
4.3363e-07
9.3812e-07
1.75308e-06
2.90363e-06
4.59489e-06
6.60858e-06
8.35097e-06
0
0
0
0
0
2.96121e-08
2.17517e-08
1.79464e-08
1.45876e-08
7.66049e-09
1.68568e-09
1.85754e-09
5.57954e-09
5.50347e-09
5.60119e-11
0
0
0
0
1.11603e-09
6.72155e-10
0
4.51082e-10
3.74995e-09
8.31811e-09
1.24836e-08
1.38662e-08
1.3161e-08
1.68358e-08
3.35143e-08
7.16296e-08
1.31528e-07
1.60616e-07
1.35921e-07
1.02365e-07
7.51865e-08
5.56813e-08
4.83519e-08
5.70052e-08
7.18231e-08
7.43042e-08
6.88621e-08
7.7956e-08
1.19773e-07
1.76872e-07
2.16866e-07
2.45129e-07
2.44698e-07
2.35363e-07
2.38439e-07
2.52842e-07
3.1858e-07
4.21687e-07
4.66838e-07
4.85963e-07
4.9842e-07
4.79717e-07
4.49023e-07
4.17442e-07
3.84208e-07
3.52585e-07
3.29636e-07
3.27382e-07
3.47111e-07
3.55168e-07
3.27731e-07
2.81661e-07
2.23535e-07
1.6015e-07
8.15595e-08
0
0
0
0
0
0
0
0
0
0
0
0
0
0
0
0
0
0
0
0
0
0
0
0
0
7.42966e-07
7.35049e-07
5.82593e-07
5.60747e-07
7.08561e-07
7.90086e-07
7.83649e-07
6.85655e-07
5.3841e-07
3.40749e-07
1.22883e-07
0
0
0
0
0
0
0
0
0
0
0
0
0
4.23779e-06
3.12854e-06
1.87364e-06
1.12775e-06
6.8551e-07
4.2361e-07
2.60624e-07
1.46249e-07
1.57598e-07
2.79877e-07
3.93555e-07
5.7024e-07
1.01806e-06
3.32646e-07
3.75545e-07
1.70403e-07
7.01863e-08
1.25629e-08
0
0
4.87417e-11
7.5e-11
0
0
0
0
0
7.41724e-08
1.16324e-07
1.35476e-07
1.45271e-07
1.47496e-07
1.29735e-07
9.11756e-08
4.95931e-08
1.97678e-08
5.72374e-09
1.27491e-09
2.62472e-09
1.31164e-08
3.72265e-08
5.89378e-08
5.32754e-08
2.7746e-09
0
0
0
0
0
0
3.34604e-08
8.87199e-08
1.5657e-07
2.86235e-07
5.61355e-07
1.20895e-06
2.1054e-06
3.53074e-06
5.50954e-06
7.67452e-06
9.71913e-06
0
0
0
0
0
0
0
7.44211e-10
7.35016e-09
6.83862e-09
5.47947e-09
6.28948e-09
6.29191e-09
1.7104e-09
0
0
0
0
5.67181e-09
9.43743e-09
7.18914e-09
2.45892e-09
0
0
5.12596e-09
1.27839e-08
1.93417e-08
2.54897e-08
3.8865e-08
7.43132e-08
1.36905e-07
1.82484e-07
1.5819e-07
1.11571e-07
7.76988e-08
5.79165e-08
4.80961e-08
4.49777e-08
4.72892e-08
5.82333e-08
7.45108e-08
8.65617e-08
9.85588e-08
1.28833e-07
1.86807e-07
2.43052e-07
2.84269e-07
3.1477e-07
3.05909e-07
3.01653e-07
3.14282e-07
3.53097e-07
4.58954e-07
5.22561e-07
5.46354e-07
5.60434e-07
5.44591e-07
4.99242e-07
4.48335e-07
3.88381e-07
3.25906e-07
2.70682e-07
2.29734e-07
2.10578e-07
2.24775e-07
2.55266e-07
2.14808e-07
1.30003e-07
3.22665e-08
0
0
0
0
0
0
0
0
0
0
0
0
0
0
0
0
0
0
0
0
0
0
0
0
0
0
1.9088e-06
9.49261e-07
4.24911e-07
3.35048e-07
4.66245e-07
5.69127e-07
6.0341e-07
5.64621e-07
4.59897e-07
3.36678e-07
2.00334e-07
6.96803e-08
0
0
0
0
0
0
0
0
0
0
0
0
1.92509e-06
1.66459e-06
1.06785e-06
6.5909e-07
4.13808e-07
3.00505e-07
2.39097e-07
2.19003e-07
2.82013e-07
3.99361e-07
6.33144e-07
1.55671e-06
2.43048e-06
1.46484e-06
4.6957e-07
1.80632e-07
7.9489e-08
2.73531e-08
1.06166e-08
1.40766e-08
1.83724e-08
1.63314e-08
1.24827e-08
6.41357e-09
0
0
0
1.64042e-08
5.79012e-08
6.9369e-08
6.27959e-08
4.97705e-08
2.87335e-08
4.05216e-09
0
0
0
0
0
0
9.82444e-09
4.11465e-08
7.27401e-08
7.95135e-08
4.30221e-08
0
0
0
0
0
0
0
0
1.2967e-07
4.18318e-07
9.44622e-07
1.76659e-06
3.11829e-06
4.71506e-06
6.23417e-06
5.94822e-06
0
0
0
0
0
0
0
0
0
4.26333e-09
5.75013e-09
6.28437e-09
4.14891e-09
0
0
0
0
5.05567e-09
1.22234e-08
1.47921e-08
1.21126e-08
7.04897e-09
3.37934e-09
4.31048e-09
1.0982e-08
2.08409e-08
3.16401e-08
4.93844e-08
8.86106e-08
1.55255e-07
2.08832e-07
1.90757e-07
1.41431e-07
9.57245e-08
5.99091e-08
3.7339e-08
2.91073e-08
3.1691e-08
3.737e-08
4.48579e-08
6.06969e-08
8.51948e-08
1.11249e-07
1.45197e-07
1.98978e-07
2.72792e-07
3.29461e-07
3.72367e-07
3.86862e-07
3.69886e-07
3.77272e-07
4.01475e-07
4.85926e-07
5.66513e-07
5.95868e-07
6.0998e-07
5.99704e-07
5.46925e-07
4.83069e-07
4.01267e-07
3.106e-07
2.2733e-07
1.60287e-07
1.11033e-07
8.37763e-08
8.84335e-08
6.53312e-08
0
0
0
0
0
0
0
0
0
0
0
0
0
0
0
0
0
0
0
0
0
0
0
0
0
0
0
0
1.83572e-06
7.69119e-07
2.35898e-07
1.67094e-07
1.85351e-07
2.5568e-07
3.10529e-07
3.18853e-07
2.75275e-07
1.96213e-07
1.17281e-07
4.16042e-08
0
0
0
0
0
0
0
0
0
0
0
1.49181e-07
4.31467e-07
4.06514e-07
2.78939e-07
1.87329e-07
1.77805e-07
2.32381e-07
3.02485e-07
3.73668e-07
4.59942e-07
6.54698e-07
1.40721e-06
2.56122e-06
1.57427e-06
1.05773e-06
3.55294e-07
1.59189e-07
8.32138e-08
4.29653e-08
3.02271e-08
3.4304e-08
3.79756e-08
3.47349e-08
2.82828e-08
2.31346e-08
1.60388e-08
4.74342e-09
0
0
0
0
0
0
0
0
0
0
0
0
0
0
0
8.03744e-09
3.62234e-08
6.91978e-08
8.72819e-08
7.01575e-08
1.51837e-08
0
0
0
0
0
0
4.25228e-08
3.35584e-07
8.11137e-07
1.61205e-06
2.78043e-06
4.00539e-06
4.95589e-06
2.78187e-06
0
0
0
0
0
0
0
0
0
1.94237e-09
6.55875e-09
7.39215e-09
4.24557e-09
0
0
0
4.08595e-09
1.09302e-08
1.60641e-08
1.73249e-08
1.48773e-08
1.08357e-08
8.3974e-09
1.14247e-08
2.1865e-08
3.96228e-08
6.82023e-08
1.20472e-07
2.00246e-07
2.62037e-07
2.44552e-07
1.83241e-07
1.19867e-07
7.0104e-08
3.77981e-08
1.78009e-08
7.91567e-09
1.07179e-08
2.20217e-08
3.34464e-08
4.79996e-08
7.55883e-08
1.14559e-07
1.59899e-07
2.15307e-07
3.02922e-07
3.86803e-07
4.3902e-07
4.70425e-07
4.50652e-07
4.41487e-07
4.57548e-07
5.11563e-07
6.00015e-07
6.34438e-07
6.47109e-07
6.41022e-07
5.85625e-07
5.16086e-07
4.20874e-07
3.08046e-07
2.03247e-07
1.20428e-07
5.80173e-08
1.21922e-08
0
0
0
0
0
0
0
0
0
0
0
0
0
0
0
0
0
0
0
0
0
0
0
0
2.27049e-08
0
0
0
0
0
2.61424e-06
7.21855e-07
2.06032e-07
1.41943e-07
3.00772e-08
0
4.23124e-08
6.72131e-08
5.25446e-08
1.26854e-08
0
0
0
0
0
0
0
0
0
3.18654e-08
7.2959e-08
1.09707e-07
1.13873e-07
4.70665e-08
0
0
0
4.73515e-08
2.1712e-07
3.8684e-07
5.01648e-07
5.62546e-07
7.11583e-07
1.29058e-06
2.21272e-06
1.43273e-06
9.12968e-07
6.70011e-07
2.76092e-07
1.55653e-07
9.49355e-08
6.2102e-08
5.25896e-08
5.5475e-08
5.61903e-08
5.17365e-08
4.39054e-08
3.49968e-08
2.79701e-08
1.97971e-08
4.95992e-09
0
0
0
0
0
0
0
0
0
0
0
0
0
0
0
1.07113e-08
3.49554e-08
6.36888e-08
8.88383e-08
9.21448e-08
6.49907e-08
1.75976e-08
0
0
0
1.71247e-08
1.80203e-07
4.73826e-07
9.65271e-07
1.7566e-06
2.7068e-06
3.66598e-06
3.93553e-06
1.03517e-06
0
0
0
0
0
0
0
0
0
0
7.55095e-09
9.86222e-09
7.08312e-09
3.46532e-09
3.13857e-09
6.8254e-09
1.2661e-08
1.78461e-08
2.00715e-08
1.89129e-08
1.64685e-08
1.54587e-08
1.87863e-08
3.02373e-08
5.27078e-08
9.20029e-08
1.58862e-07
2.5117e-07
3.2015e-07
3.09513e-07
2.5044e-07
1.7368e-07
9.7001e-08
4.27595e-08
1.15358e-08
0
0
0
9.64322e-10
2.16312e-08
4.03497e-08
6.76331e-08
1.14634e-07
1.73729e-07
2.38919e-07
3.32591e-07
4.52145e-07
5.21749e-07
5.60885e-07
5.52329e-07
5.15301e-07
5.19639e-07
5.47422e-07
6.23722e-07
6.6282e-07
6.73751e-07
6.68978e-07
6.1306e-07
5.40701e-07
4.41317e-07
3.15338e-07
1.96352e-07
1.04573e-07
3.62204e-08
0
0
0
0
0
0
0
0
0
0
0
0
0
0
0
0
0
0
0
0
0
0
0
0
0
1.93446e-08
4.47273e-08
0
0
0
0
1.43814e-06
4.30621e-07
8.85187e-08
7.73228e-08
0
0
0
0
0
0
0
0
0
0
0
0
0
0
0
4.98807e-08
1.18038e-07
1.58668e-07
1.19396e-07
0
0
0
0
2.17864e-07
4.50613e-07
6.22978e-07
6.95454e-07
8.22267e-07
1.29818e-06
1.81493e-06
1.13468e-06
6.92457e-07
6.38779e-07
4.24018e-07
2.23458e-07
1.41505e-07
9.68161e-08
7.49583e-08
7.19858e-08
7.49783e-08
7.26739e-08
6.48728e-08
5.59324e-08
4.46209e-08
3.4237e-08
2.57329e-08
1.69786e-08
0
0
0
0
0
0
0
0
0
0
0
0
0
0
0
4.5923e-09
1.91298e-08
4.00372e-08
6.67488e-08
9.30558e-08
1.13715e-07
1.22187e-07
1.16762e-07
1.21137e-07
1.57108e-07
2.47717e-07
4.34535e-07
7.51963e-07
1.27034e-06
1.93381e-06
2.68636e-06
3.23637e-06
2.84943e-06
4.49942e-07
0
0
0
0
0
0
0
0
0
0
1.01207e-08
1.4464e-08
1.31144e-08
1.13718e-08
1.26655e-08
1.66163e-08
2.12476e-08
2.42849e-08
2.38246e-08
2.0898e-08
2.04677e-08
2.69758e-08
4.47445e-08
7.93056e-08
1.37106e-07
2.19792e-07
3.09803e-07
3.67113e-07
3.5742e-07
3.04939e-07
2.36157e-07
1.48457e-07
6.66418e-08
1.63232e-08
0
0
0
0
0
5.29633e-09
3.57631e-08
6.7488e-08
1.19131e-07
1.91175e-07
2.71681e-07
3.70363e-07
5.21572e-07
6.20251e-07
6.64804e-07
6.73002e-07
6.09026e-07
5.86765e-07
5.96995e-07
6.43093e-07
6.82682e-07
6.91986e-07
6.87067e-07
6.30176e-07
5.52953e-07
4.55326e-07
3.26957e-07
2.0257e-07
1.07378e-07
3.65039e-08
0
0
0
0
0
0
0
0
0
0
0
0
0
0
0
0
0
0
0
0
0
0
0
0
0
0
5.81979e-08
3.76256e-08
0
0
0
0
0
0
0
0
0
0
0
0
0
0
0
0
0
0
0
0
0
0
0
0
0
0
0
0
5.9869e-08
2.80757e-07
5.25289e-07
7.2756e-07
8.37692e-07
9.7772e-07
1.38051e-06
1.44497e-06
8.14353e-07
5.22746e-07
4.51702e-07
5.10097e-07
2.9452e-07
1.98263e-07
1.38086e-07
1.03027e-07
8.96496e-08
8.90608e-08
8.95098e-08
8.4321e-08
7.45381e-08
6.23101e-08
5.04487e-08
3.80056e-08
2.63998e-08
1.8769e-08
4.49668e-09
0
0
0
0
0
0
0
0
0
0
0
0
0
1.74912e-09
9.17714e-09
1.89595e-08
3.3166e-08
5.4381e-08
8.02608e-08
1.11541e-07
1.46909e-07
1.80895e-07
2.36863e-07
3.12348e-07
4.32399e-07
6.48875e-07
9.739e-07
1.39616e-06
1.90143e-06
2.40705e-06
2.71973e-06
2.44717e-06
8.12203e-07
0
0
0
0
0
0
0
0
0
0
1.67488e-08
2.31385e-08
2.3425e-08
2.36911e-08
2.59467e-08
2.86552e-08
3.02991e-08
2.91454e-08
2.50677e-08
2.43852e-08
3.51936e-08
6.38113e-08
1.15017e-07
1.94838e-07
2.95369e-07
3.77192e-07
4.04706e-07
3.79187e-07
3.34285e-07
2.91362e-07
2.28278e-07
1.23838e-07
3.55014e-08
0
0
0
0
0
0
0
2.81092e-08
7.54785e-08
1.3645e-07
2.21493e-07
3.20849e-07
4.29795e-07
5.90416e-07
7.26335e-07
7.79029e-07
7.93668e-07
7.207e-07
6.56736e-07
6.50991e-07
6.66713e-07
6.9619e-07
7.02389e-07
6.96497e-07
6.38376e-07
5.53487e-07
4.56818e-07
3.3511e-07
2.15003e-07
1.2093e-07
4.85485e-08
0
0
0
0
0
0
0
0
0
0
0
0
0
0
0
0
0
0
0
0
0
0
0
0
0
0
2.49768e-08
5.10249e-08
1.94131e-08
0
0
9.89934e-08
0
0
0
0
0
0
0
0
0
0
0
0
0
0
0
0
0
0
0
0
0
0
3.21584e-09
1.4226e-07
3.41305e-07
5.80215e-07
7.8288e-07
9.3168e-07
1.12822e-06
1.46272e-06
1.08671e-06
5.93058e-07
4.01701e-07
3.36582e-07
4.40598e-07
3.46253e-07
2.31922e-07
1.65035e-07
1.20585e-07
1.02036e-07
9.95138e-08
1.02298e-07
9.96847e-08
9.10899e-08
7.9445e-08
6.54203e-08
5.28533e-08
4.01104e-08
2.58703e-08
1.49514e-08
6.81337e-09
0
0
0
0
0
0
0
0
0
0
0
0
0
9.81402e-09
1.89793e-08
2.74164e-08
3.79186e-08
5.47705e-08
7.70485e-08
1.07684e-07
1.44906e-07
1.92653e-07
2.70123e-07
3.61186e-07
4.84424e-07
6.95288e-07
9.66757e-07
1.30527e-06
1.71617e-06
2.13067e-06
2.49091e-06
2.78282e-06
2.82059e-06
0
0
0
0
0
0
0
0
0
5.48032e-09
2.72897e-08
3.61092e-08
3.86884e-08
4.03042e-08
4.14642e-08
4.0756e-08
3.67172e-08
2.97394e-08
2.64652e-08
3.92788e-08
8.09372e-08
1.54625e-07
2.52193e-07
3.55659e-07
4.2063e-07
4.18782e-07
3.79531e-07
3.4239e-07
3.13993e-07
2.86723e-07
2.22491e-07
1.00181e-07
3.14582e-09
0
0
0
0
0
0
0
1.30094e-08
8.57314e-08
1.67162e-07
2.67562e-07
3.86813e-07
5.09447e-07
6.56306e-07
8.32961e-07
9.02642e-07
9.1892e-07
8.53419e-07
7.37927e-07
6.96918e-07
6.9348e-07
6.98452e-07
6.99896e-07
6.92946e-07
6.36574e-07
5.43578e-07
4.42414e-07
3.29002e-07
2.21595e-07
1.33719e-07
5.97267e-08
0
0
0
0
0
0
0
0
0
0
0
0
0
0
0
0
0
0
0
0
0
0
0
0
0
0
0
3.88606e-08
2.51976e-08
7.80491e-09
0
4.96622e-08
1.19716e-08
0
0
0
0
0
0
0
0
0
0
0
0
0
0
0
0
0
0
0
0
0
1.03395e-08
2.19475e-07
4.67665e-07
7.14803e-07
9.51428e-07
1.296e-06
1.43588e-06
8.09577e-07
4.60902e-07
3.17751e-07
2.6357e-07
3.38118e-07
3.49306e-07
2.42695e-07
1.89406e-07
1.37815e-07
1.1251e-07
1.06449e-07
1.09439e-07
1.09089e-07
1.02333e-07
9.193e-08
7.85948e-08
6.36994e-08
5.16533e-08
3.99181e-08
2.53307e-08
1.10479e-08
1.58337e-09
0
0
0
0
0
0
0
0
0
0
0
0
0
1.5949e-08
3.01349e-08
3.97747e-08
4.8884e-08
6.21316e-08
8.10303e-08
1.07537e-07
1.40066e-07
1.85615e-07
2.61885e-07
3.51707e-07
4.65368e-07
6.46528e-07
8.64005e-07
1.13864e-06
1.47761e-06
1.8501e-06
2.30712e-06
3.05477e-06
4.71025e-06
4.38872e-06
0
0
0
0
0
0
0
0
1.69833e-08
4.20361e-08
5.37096e-08
5.84107e-08
5.9962e-08
5.79014e-08
4.93815e-08
3.67335e-08
2.78566e-08
3.77693e-08
8.7096e-08
1.81534e-07
2.93046e-07
3.78631e-07
4.14918e-07
3.93061e-07
3.52162e-07
3.24868e-07
3.08486e-07
2.97423e-07
2.79871e-07
2.15872e-07
7.74071e-08
0
0
0
0
0
0
0
0
0
9.23671e-08
2.08807e-07
3.2446e-07
4.56463e-07
5.87591e-07
7.06525e-07
8.81067e-07
9.75873e-07
9.90906e-07
9.48113e-07
8.04335e-07
7.20096e-07
6.8984e-07
6.7865e-07
6.70689e-07
6.55517e-07
5.95074e-07
5.05825e-07
4.04913e-07
2.98274e-07
2.06962e-07
1.31367e-07
5.79456e-08
0
0
0
0
0
0
0
0
0
0
0
0
0
0
0
0
0
0
0
0
0
0
0
0
0
0
0
1.26172e-08
2.08591e-08
1.23948e-08
2.06335e-09
2.89852e-08
2.21786e-08
0
0
0
0
0
0
0
0
0
0
0
0
0
0
0
0
0
0
0
0
0
7.20353e-08
3.07988e-07
5.84041e-07
9.87612e-07
1.36039e-06
1.03195e-06
5.87792e-07
3.73385e-07
2.62474e-07
2.17317e-07
2.74364e-07
3.10193e-07
2.28558e-07
1.8979e-07
1.46448e-07
1.15791e-07
1.04663e-07
1.06943e-07
1.10113e-07
1.04999e-07
9.62105e-08
8.47937e-08
7.16251e-08
5.80868e-08
4.69498e-08
3.66097e-08
2.35893e-08
8.39593e-09
0
0
0
0
0
0
0
0
0
0
0
0
0
0
1.64746e-08
3.88256e-08
5.32284e-08
6.37874e-08
7.50648e-08
9.17987e-08
1.14944e-07
1.43412e-07
1.83044e-07
2.47754e-07
3.27827e-07
4.27858e-07
5.72967e-07
7.47787e-07
9.72693e-07
1.25271e-06
1.59269e-06
2.06925e-06
2.85521e-06
4.26289e-06
4.14407e-06
0
0
0
0
0
0
0
0
3.54903e-08
6.44892e-08
7.97684e-08
8.60357e-08
8.6661e-08
7.49251e-08
5.5272e-08
3.86928e-08
4.35518e-08
9.69362e-08
2.0657e-07
3.26363e-07
3.92529e-07
3.931e-07
3.55518e-07
3.24149e-07
3.03638e-07
2.95165e-07
2.93687e-07
2.94173e-07
2.84306e-07
2.29415e-07
5.59674e-08
0
0
0
0
0
0
0
0
0
1.05741e-07
2.83687e-07
4.39748e-07
5.84885e-07
7.32364e-07
8.46802e-07
9.67877e-07
1.09312e-06
1.10948e-06
1.06872e-06
9.01246e-07
7.68158e-07
7.09021e-07
6.84217e-07
6.67652e-07
6.39212e-07
5.69731e-07
4.83677e-07
3.81811e-07
2.73791e-07
1.84284e-07
1.13457e-07
3.77985e-08
0
0
0
0
0
0
0
0
0
0
2.5873e-08
2.71566e-08
0
0
0
0
0
0
0
0
0
0
3.00046e-08
4.2338e-08
0
0
0
0
1.51452e-08
9.96072e-09
4.89673e-09
9.41095e-09
8.75628e-09
0
0
0
0
0
0
0
0
0
0
0
0
0
0
0
0
0
0
0
0
0
0
0
1.88341e-07
5.01193e-07
4.95044e-07
3.78151e-07
2.80789e-07
2.17358e-07
1.95792e-07
2.58853e-07
2.685e-07
2.03765e-07
1.74057e-07
1.42416e-07
1.14769e-07
9.96092e-08
1.0048e-07
1.06668e-07
1.04655e-07
9.71676e-08
8.63527e-08
7.36008e-08
6.29055e-08
5.2199e-08
4.13559e-08
3.10714e-08
1.95552e-08
5.81554e-09
0
0
0
0
0
0
0
0
0
0
0
0
0
0
6.65027e-09
3.86317e-08
6.09454e-08
7.69262e-08
9.0088e-08
1.0503e-07
1.26401e-07
1.52414e-07
1.86784e-07
2.3954e-07
3.06803e-07
3.936e-07
5.07744e-07
6.51887e-07
8.38182e-07
1.07554e-06
1.38556e-06
1.83016e-06
2.52601e-06
3.60532e-06
3.58217e-06
6.04981e-08
0
0
0
0
0
0
6.46279e-09
6.10501e-08
9.52439e-08
1.13454e-07
1.22059e-07
1.10595e-07
8.48948e-08
5.9538e-08
5.75598e-08
1.11108e-07
2.2361e-07
3.30223e-07
3.66128e-07
3.35238e-07
3.00851e-07
2.78931e-07
2.6655e-07
2.62727e-07
2.65903e-07
2.74024e-07
2.83199e-07
2.85408e-07
2.63165e-07
3.51774e-08
0
0
0
0
0
0
0
0
0
1.1353e-07
3.8034e-07
6.07808e-07
7.83483e-07
8.95065e-07
9.84521e-07
1.05507e-06
1.15341e-06
1.19184e-06
1.16281e-06
1.03176e-06
8.36036e-07
7.27113e-07
6.74477e-07
6.31391e-07
5.76012e-07
5.08575e-07
4.30365e-07
3.3512e-07
2.31468e-07
1.41173e-07
6.83782e-08
0
0
0
0
0
0
0
0
0
0
0
6.91918e-08
6.41392e-08
1.45978e-08
0
0
0
0
0
0
0
0
0
2.37594e-08
9.84618e-08
7.84661e-08
0
0
0
8.48189e-09
6.38275e-09
0
5.00319e-09
5.25992e-10
0
0
0
0
0
0
0
0
0
0
0
0
0
0
0
0
0
0
0
0
0
0
0
0
1.04936e-07
1.51469e-07
1.59048e-07
1.59884e-07
1.89749e-07
2.66172e-07
2.28683e-07
1.72888e-07
1.47127e-07
1.23984e-07
1.0378e-07
8.98163e-08
9.0054e-08
9.68147e-08
9.69821e-08
9.10303e-08
8.15544e-08
6.89878e-08
5.87947e-08
5.04414e-08
4.29469e-08
3.50487e-08
2.55438e-08
1.47459e-08
2.88329e-09
0
0
0
0
0
0
0
0
0
0
0
0
0
0
0
2.65484e-08
5.89754e-08
8.2879e-08
1.02523e-07
1.207e-07
1.41825e-07
1.68089e-07
2.00841e-07
2.47097e-07
3.06829e-07
3.85584e-07
4.85151e-07
6.14047e-07
7.81916e-07
9.99503e-07
1.29334e-06
1.71294e-06
2.35662e-06
3.3513e-06
3.51982e-06
2.46371e-07
0
0
0
0
0
0
3.24875e-08
9.60034e-08
1.3773e-07
1.61786e-07
1.54168e-07
1.23126e-07
8.63717e-08
7.33275e-08
1.25665e-07
2.37053e-07
3.1691e-07
3.15042e-07
2.78109e-07
2.49883e-07
2.35753e-07
2.31487e-07
2.32561e-07
2.38354e-07
2.48893e-07
2.67292e-07
2.85212e-07
2.99909e-07
3.19844e-07
3.67612e-08
0
0
0
0
0
0
0
0
0
9.54162e-08
4.92757e-07
8.54762e-07
1.10815e-06
1.18895e-06
1.19577e-06
1.21591e-06
1.25668e-06
1.29601e-06
1.26407e-06
1.14981e-06
9.15098e-07
7.63288e-07
6.72199e-07
5.97965e-07
5.26172e-07
4.57027e-07
3.82393e-07
2.91786e-07
1.91934e-07
9.97715e-08
1.86791e-08
0
0
0
0
0
0
0
0
0
0
0
1.11726e-07
8.68518e-08
3.3469e-08
0
0
0
0
0
0
0
0
0
1.35258e-08
7.2949e-08
1.2668e-07
9.65039e-08
2.92063e-08
3.45672e-09
7.39031e-09
4.0608e-09
0
3.92903e-09
0
0
0
0
0
0
0
0
0
0
0
0
0
0
0
0
0
0
0
0
0
0
0
0
0
5.45508e-08
8.81783e-08
1.24534e-07
1.98816e-07
2.36778e-07
1.72858e-07
1.3452e-07
1.14571e-07
1.01117e-07
8.73385e-08
7.91537e-08
8.0675e-08
8.62761e-08
8.78005e-08
8.36139e-08
7.6362e-08
6.54414e-08
5.52557e-08
4.74633e-08
4.08577e-08
3.47203e-08
2.8178e-08
2.02435e-08
1.04861e-08
1.22883e-10
0
0
0
0
0
0
0
0
0
0
0
0
0
0
0
0
4.31732e-08
7.90976e-08
1.07715e-07
1.32059e-07
1.57355e-07
1.85833e-07
2.20772e-07
2.65086e-07
3.22696e-07
3.9805e-07
4.92645e-07
6.15536e-07
7.75925e-07
9.86504e-07
1.27223e-06
1.68471e-06
2.32604e-06
3.35228e-06
3.8617e-06
3.52871e-07
0
0
0
0
0
0
5.20036e-08
1.33015e-07
1.82774e-07
1.87713e-07
1.54953e-07
1.0564e-07
7.92822e-08
1.32869e-07
2.4595e-07
2.9076e-07
2.5636e-07
2.22949e-07
2.01964e-07
1.93344e-07
1.94735e-07
2.01427e-07
2.10397e-07
2.22693e-07
2.41733e-07
2.6958e-07
2.90614e-07
2.99559e-07
2.99173e-07
0
0
0
0
0
0
0
0
0
0
1.30443e-08
5.86228e-07
1.15754e-06
1.5675e-06
1.63434e-06
1.50473e-06
1.41494e-06
1.40685e-06
1.41604e-06
1.37424e-06
1.25091e-06
9.80291e-07
7.88351e-07
6.63847e-07
5.6507e-07
4.78366e-07
4.02933e-07
3.28744e-07
2.4243e-07
1.47438e-07
5.73011e-08
0
0
0
0
0
0
0
0
0
0
0
8.36137e-09
1.57244e-07
9.5642e-08
3.60709e-08
3.53951e-09
0
0
0
0
0
0
2.99362e-09
2.44994e-09
1.26818e-08
4.60816e-08
9.82623e-08
1.26737e-07
9.30091e-08
4.17946e-08
1.77249e-08
4.59212e-09
0
4.30125e-09
0
0
0
0
0
0
0
0
0
0
0
0
0
0
0
0
0
0
0
0
0
0
0
0
2.54483e-08
5.82873e-08
1.13596e-07
1.72021e-07
1.37953e-07
1.06387e-07
9.05834e-08
8.29779e-08
7.68227e-08
7.15988e-08
7.08543e-08
7.38926e-08
7.74285e-08
7.73664e-08
7.37481e-08
6.81637e-08
6.00995e-08
5.09398e-08
4.28809e-08
3.64653e-08
3.12085e-08
2.66178e-08
2.19524e-08
1.5797e-08
7.32782e-09
0
0
0
0
0
0
0
0
0
0
0
0
0
0
0
0
0
0
5.06823e-08
9.62859e-08
1.33866e-07
1.6781e-07
2.01878e-07
2.40309e-07
2.85977e-07
3.43645e-07
4.1696e-07
5.10647e-07
6.31519e-07
7.879e-07
9.9538e-07
1.27767e-06
1.68633e-06
2.34193e-06
3.47051e-06
4.57191e-06
3.58284e-07
0
0
0
0
0
0
9.60118e-10
9.36365e-08
1.29274e-07
1.09596e-07
5.90572e-08
3.57349e-08
1.12783e-07
2.38705e-07
2.49667e-07
2.06731e-07
1.74035e-07
1.57186e-07
1.51915e-07
1.55813e-07
1.66558e-07
1.80568e-07
1.9557e-07
2.1524e-07
2.44088e-07
2.74826e-07
2.8719e-07
2.74307e-07
2.11686e-07
0
0
0
0
0
0
0
0
0
0
0
6.43291e-07
1.44287e-06
2.08481e-06
2.23672e-06
1.9586e-06
1.67193e-06
1.55884e-06
1.51497e-06
1.45179e-06
1.34502e-06
1.10774e-06
8.57795e-07
6.75605e-07
5.3631e-07
4.30729e-07
3.46388e-07
2.69617e-07
1.87923e-07
1.0236e-07
2.21037e-08
0
0
0
0
0
0
0
0
0
0
0
6.418e-08
2.01587e-07
1.05032e-07
2.85591e-08
0
0
0
0
0
0
0
1.01213e-08
1.77026e-08
2.20159e-08
3.67626e-08
6.8372e-08
1.02862e-07
1.1028e-07
7.58484e-08
3.76803e-08
1.10759e-08
9.69933e-10
2.58819e-09
0
0
0
0
0
0
0
0
0
0
0
0
0
0
0
0
0
0
0
0
0
0
0
1.96085e-08
5.72677e-08
7.73677e-08
6.75888e-08
5.90829e-08
5.48573e-08
5.42283e-08
5.57741e-08
5.88367e-08
6.19996e-08
6.56759e-08
6.70223e-08
6.76949e-08
6.51352e-08
6.16079e-08
5.7285e-08
5.18762e-08
4.57303e-08
3.92605e-08
3.30975e-08
2.77766e-08
2.32939e-08
1.93745e-08
1.587e-08
1.15749e-08
5.10036e-09
0
0
0
0
0
0
0
0
0
0
0
0
0
0
0
0
0
0
0
3.22122e-08
9.5695e-08
1.49144e-07
1.98715e-07
2.48463e-07
3.02017e-07
3.63999e-07
4.38999e-07
5.32466e-07
6.51137e-07
8.03933e-07
1.00772e-06
1.28389e-06
1.68546e-06
2.34442e-06
3.55655e-06
5.53798e-06
0
0
0
0
0
0
0
0
0
0
0
6.66573e-09
1.42847e-07
2.21222e-07
2.0763e-07
1.6274e-07
1.30325e-07
1.14084e-07
1.09965e-07
1.15126e-07
1.27895e-07
1.46281e-07
1.66735e-07
1.87897e-07
2.15158e-07
2.51815e-07
2.76604e-07
2.74085e-07
2.41629e-07
1.35113e-07
0
0
0
0
0
0
0
0
0
0
0
7.18784e-07
1.61619e-06
2.51428e-06
2.92287e-06
2.61303e-06
2.07209e-06
1.72765e-06
1.59518e-06
1.50465e-06
1.39853e-06
1.20093e-06
8.98808e-07
6.67848e-07
4.99984e-07
3.80973e-07
2.91093e-07
2.11794e-07
1.34795e-07
6.51081e-08
7.26844e-09
0
0
0
0
7.01353e-07
1.61338e-07
0
0
0
0
0
1.46151e-08
2.26588e-07
1.21998e-07
2.41573e-08
0
0
0
0
0
0
0
4.12675e-09
2.57045e-08
3.57619e-08
4.21427e-08
5.64243e-08
7.71371e-08
9.48265e-08
8.70686e-08
5.76934e-08
2.42058e-08
6.52878e-09
1.86661e-09
0
0
0
0
0
0
0
0
0
0
0
0
0
0
0
0
0
0
0
0
0
0
1.39321e-08
2.01525e-08
2.30068e-08
2.52269e-08
2.77765e-08
3.15807e-08
3.69947e-08
4.35458e-08
4.92434e-08
5.33188e-08
5.47016e-08
5.47003e-08
5.309e-08
5.06946e-08
4.75964e-08
4.46945e-08
4.17271e-08
3.84097e-08
3.43331e-08
2.94837e-08
2.42407e-08
1.96664e-08
1.58249e-08
1.27256e-08
1.01521e-08
7.32821e-09
2.92406e-09
0
0
0
0
0
0
0
0
0
0
0
0
0
0
0
0
0
0
0
0
0
4.94569e-08
1.26483e-07
1.96677e-07
2.66597e-07
3.4135e-07
4.25482e-07
5.24977e-07
6.45372e-07
7.95393e-07
9.90847e-07
1.24479e-06
1.59304e-06
2.10918e-06
2.79811e-06
2.38594e-06
0
0
0
0
0
0
0
0
0
2.36963e-07
3.73713e-07
3.89101e-07
3.09048e-07
1.92762e-07
1.16841e-07
9.03715e-08
7.21811e-08
6.58902e-08
7.09559e-08
8.48856e-08
1.0568e-07
1.31408e-07
1.57324e-07
1.84797e-07
2.20719e-07
2.59631e-07
2.73356e-07
2.5874e-07
2.13163e-07
7.89025e-08
0
0
0
0
0
0
0
0
0
0
0
8.87691e-07
1.65872e-06
2.70854e-06
3.5096e-06
3.22745e-06
2.4756e-06
1.98314e-06
1.77636e-06
1.64215e-06
1.50285e-06
1.26631e-06
9.11634e-07
6.43235e-07
4.53938e-07
3.28192e-07
2.3924e-07
1.62316e-07
9.08229e-08
3.66448e-08
5.1423e-09
0
0
0
1.2322e-07
8.61588e-07
6.31601e-07
1.01859e-07
0
0
0
0
0
2.07045e-07
1.39853e-07
2.78536e-08
0
0
0
0
0
0
0
0
2.33471e-08
4.37818e-08
5.28107e-08
5.89976e-08
6.59234e-08
7.56585e-08
7.8274e-08
6.61922e-08
3.85597e-08
1.81717e-08
0
0
0
0
0
0
0
0
0
0
0
0
0
0
0
0
0
0
0
0
6.69756e-10
7.4473e-09
1.07887e-08
1.2165e-08
1.36462e-08
1.64928e-08
2.07009e-08
2.57752e-08
3.08894e-08
3.53688e-08
3.80325e-08
3.89414e-08
3.86208e-08
3.7833e-08
3.70613e-08
3.61672e-08
3.48374e-08
3.31962e-08
3.16451e-08
3.0024e-08
2.76229e-08
2.43192e-08
2.03897e-08
1.64048e-08
1.27442e-08
9.5984e-09
7.0108e-09
4.83483e-09
2.71884e-09
0
0
0
0
0
0
0
0
0
0
0
0
0
0
0
0
0
0
0
0
0
0
0
0
1.56906e-08
1.16171e-07
2.08741e-07
3.021e-07
4.02208e-07
5.16082e-07
6.43896e-07
7.89967e-07
9.39228e-07
1.04439e-06
9.76781e-07
5.00306e-07
0
0
0
0
0
0
2.24736e-08
2.17674e-07
3.50293e-07
4.14646e-07
4.04365e-07
3.246e-07
2.59067e-07
2.07663e-07
1.21461e-07
3.50283e-08
3.08126e-08
2.21593e-08
2.49872e-08
3.82097e-08
5.91168e-08
8.66999e-08
1.1903e-07
1.50883e-07
1.85868e-07
2.31585e-07
2.65639e-07
2.68238e-07
2.47615e-07
1.88e-07
3.91336e-08
0
0
0
0
0
0
0
0
0
0
0
9.28241e-07
1.48826e-06
2.5103e-06
3.82641e-06
3.7897e-06
2.91289e-06
2.24786e-06
1.90416e-06
1.67908e-06
1.48014e-06
1.2246e-06
8.77256e-07
6.0095e-07
4.01607e-07
2.7417e-07
1.91603e-07
1.24175e-07
6.10399e-08
1.55863e-08
0
5.71961e-10
1.78171e-08
5.25525e-08
1.57822e-07
5.70742e-07
8.31867e-07
2.84598e-07
6.35179e-08
0
0
0
0
1.43059e-07
1.42542e-07
3.66635e-08
0
0
0
0
0
0
0
1.40512e-09
2.29293e-08
4.50772e-08
5.87859e-08
6.54607e-08
6.63188e-08
6.59253e-08
6.4664e-08
6.10254e-08
4.46395e-08
3.29367e-08
0
0
0
0
0
0
0
0
0
0
0
0
0
0
0
0
0
2.28489e-09
5.71553e-09
7.99957e-09
8.97299e-09
9.33948e-09
1.02407e-08
1.21612e-08
1.48604e-08
1.78017e-08
2.04338e-08
2.23154e-08
2.33456e-08
2.3668e-08
2.36004e-08
2.34091e-08
2.35024e-08
2.39176e-08
2.41209e-08
2.35987e-08
2.2511e-08
2.14917e-08
2.05857e-08
1.93539e-08
1.73836e-08
1.47313e-08
1.19682e-08
9.29892e-09
6.60348e-09
3.98736e-09
1.69344e-09
0
0
0
0
0
0
0
0
0
0
0
0
0
0
0
0
0
0
0
0
0
0
0
0
0
0
0
0
0
0
4.99786e-08
1.33566e-07
1.99448e-07
2.33264e-07
2.06543e-07
1.15419e-07
0
0
0
0
1.47907e-08
1.33889e-07
2.42143e-07
3.26924e-07
3.81576e-07
4.01604e-07
3.77204e-07
3.00084e-07
2.29512e-07
1.79643e-07
1.49898e-07
1.33416e-07
9.95139e-08
0
0
0
0
1.15623e-08
3.70728e-08
7.04625e-08
1.10405e-07
1.4996e-07
1.97047e-07
2.47456e-07
2.72437e-07
2.66919e-07
2.42559e-07
1.63372e-07
1.92888e-08
0
0
0
0
0
0
0
0
0
9.39479e-08
0
1.84269e-07
6.59111e-07
1.75373e-06
3.69826e-06
4.17356e-06
3.28632e-06
2.43766e-06
1.95661e-06
1.656e-06
1.42375e-06
1.20459e-06
8.62178e-07
5.54406e-07
3.39783e-07
2.15989e-07
1.4635e-07
9.36997e-08
4.26758e-08
2.2942e-09
0
0
1.30056e-08
5.59824e-08
1.43627e-07
4.00925e-07
6.70603e-07
3.36157e-07
1.9395e-07
1.32966e-07
0
0
0
8.63608e-08
1.18711e-07
4.21411e-08
0
0
0
0
0
7.00165e-10
8.05213e-09
2.0277e-08
3.66477e-08
5.21857e-08
6.21909e-08
6.83624e-08
6.92192e-08
6.50546e-08
5.69167e-08
5.1558e-08
3.94472e-08
4.09186e-08
0
0
0
0
0
0
0
0
0
0
0
0
0
0
0
4.42712e-09
9.24451e-09
1.2688e-08
1.42957e-08
1.46482e-08
1.44583e-08
1.4415e-08
1.48184e-08
1.53169e-08
1.54656e-08
1.52051e-08
1.47399e-08
1.42718e-08
1.39671e-08
1.38386e-08
1.38984e-08
1.4154e-08
1.44421e-08
1.43924e-08
1.36892e-08
1.25583e-08
1.15825e-08
1.10028e-08
1.04899e-08
9.58137e-09
8.15485e-09
6.51134e-09
4.91391e-09
3.21874e-09
1.20451e-09
0
0
0
0
0
0
0
0
0
0
0
0
0
0
0
0
0
0
0
0
0
0
0
0
0
0
0
0
0
0
0
0
0
0
0
0
0
0
2.41176e-08
9.76876e-08
1.72716e-07
2.42624e-07
3.01711e-07
3.40102e-07
3.6243e-07
3.55634e-07
3.25364e-07
2.58992e-07
2.01661e-07
1.58222e-07
1.28657e-07
1.10489e-07
9.98532e-08
8.98688e-08
8.73484e-08
0
0
0
0
0
1.6841e-08
5.94749e-08
1.11527e-07
1.65257e-07
2.25406e-07
2.76164e-07
2.89907e-07
2.81028e-07
2.43487e-07
1.44706e-07
2.38737e-08
0
0
0
0
0
0
0
2.56178e-07
2.50845e-06
8.65037e-07
0
0
0
2.27879e-07
3.01835e-06
4.21292e-06
3.43231e-06
2.47127e-06
1.91563e-06
1.55929e-06
1.28552e-06
1.05884e-06
7.36814e-07
4.41634e-07
2.45029e-07
1.43481e-07
9.773e-08
6.60596e-08
3.0314e-08
0
0
0
0
3.07348e-08
1.09992e-07
2.97629e-07
4.913e-07
2.61249e-07
1.81181e-07
2.7641e-07
3.47177e-07
2.33214e-07
1.05013e-07
9.13969e-08
8.66016e-08
3.72845e-08
0
0
0
0
0
0
7.68088e-09
2.91355e-08
5.40513e-08
7.01726e-08
7.30417e-08
7.15782e-08
6.96686e-08
6.66486e-08
5.59874e-08
4.68553e-08
3.15727e-08
3.69177e-08
0
0
0
0
0
0
0
0
0
0
0
0
0
3.57856e-10
7.75313e-09
1.30611e-08
1.52108e-08
1.50382e-08
1.41699e-08
1.36115e-08
1.35983e-08
1.39226e-08
1.41348e-08
1.38038e-08
1.28644e-08
1.16579e-08
1.06569e-08
1.00311e-08
9.63582e-09
9.32458e-09
9.015e-09
8.58334e-09
7.84573e-09
6.78946e-09
5.69911e-09
4.92698e-09
4.57095e-09
4.41812e-09
4.11803e-09
3.44272e-09
2.53143e-09
1.65786e-09
7.99669e-10
0
0
0
0
0
0
0
0
0
0
0
0
0
0
0
0
0
0
0
0
0
0
0
0
0
0
0
0
0
0
0
0
0
0
0
0
0
0
6.8789e-09
8.57801e-08
1.52322e-07
2.07293e-07
2.47087e-07
2.76942e-07
2.81735e-07
2.7138e-07
2.40092e-07
1.98716e-07
1.6374e-07
1.35992e-07
1.15562e-07
1.01704e-07
9.21036e-08
8.32266e-08
7.03168e-08
4.74775e-08
2.26834e-08
0
0
0
0
0
0
5.11808e-08
1.26342e-07
2.02137e-07
2.78012e-07
3.26258e-07
3.35177e-07
3.11931e-07
2.51249e-07
1.40171e-07
5.21232e-08
2.34979e-08
0
0
0
0
0
0
4.34286e-06
7.85765e-06
1.06397e-07
0
0
0
0
1.82723e-06
3.89199e-06
3.35676e-06
2.39494e-06
1.81953e-06
1.41832e-06
1.10751e-06
8.56923e-07
5.6043e-07
2.85935e-07
1.21457e-07
5.54951e-08
4.27875e-08
3.72337e-08
1.90098e-08
0
0
0
0
0
6.36515e-08
2.0676e-07
3.35731e-07
1.77939e-07
1.17488e-07
2.32702e-07
4.34188e-07
5.31827e-07
3.69078e-07
1.70866e-07
7.83844e-08
2.67739e-08
0
0
0
0
0
0
0
1.4579e-08
4.55789e-08
7.64402e-08
8.66096e-08
8.02944e-08
7.09849e-08
6.72112e-08
5.76088e-08
4.79547e-08
2.92724e-08
2.98521e-08
0
0
0
0
0
0
0
0
0
0
0
0
0
0
0
0
0
0
0
0
5.12114e-09
9.17539e-09
1.12717e-08
1.15004e-08
1.02929e-08
8.22707e-09
5.90615e-09
3.88031e-09
2.47177e-09
1.70852e-09
1.3927e-09
1.23913e-09
1.06797e-09
8.7095e-10
7.00151e-10
5.49394e-10
3.44915e-10
0
0
0
0
0
0
0
0
0
0
0
0
0
0
0
0
0
0
0
0
0
0
0
0
0
0
0
0
0
0
0
0
0
0
0
0
0
0
0
0
0
0
0
0
5.10703e-08
9.5817e-08
1.27788e-07
1.46578e-07
1.54341e-07
1.47948e-07
1.36586e-07
1.23623e-07
1.11464e-07
1.01281e-07
9.34269e-08
8.78113e-08
8.35745e-08
7.96322e-08
7.34706e-08
6.19676e-08
4.26153e-08
1.71649e-08
0
0
0
0
0
0
0
2.38128e-08
1.30924e-07
2.34089e-07
3.28612e-07
3.7746e-07
3.68398e-07
3.25152e-07
2.43379e-07
1.42107e-07
9.17623e-08
8.76078e-08
1.25039e-08
0
0
0
0
1.75031e-06
9.52164e-06
1.60592e-05
0
0
0
0
0
4.0894e-07
3.18917e-06
2.9423e-06
2.09977e-06
1.5653e-06
1.1479e-06
7.97256e-07
5.09641e-07
2.3911e-07
4.81149e-08
0
0
0
6.19936e-09
8.08919e-09
0
0
0
0
0
1.23616e-08
1.13348e-07
1.92738e-07
1.02614e-07
6.61123e-08
1.60197e-07
3.43512e-07
5.0386e-07
4.88493e-07
2.7838e-07
1.03721e-07
2.32501e-08
0
0
0
0
0
0
0
1.63415e-09
2.16038e-08
5.40663e-08
7.94936e-08
8.32516e-08
7.2933e-08
6.71004e-08
5.84565e-08
5.08562e-08
3.28429e-08
2.9695e-08
3.6157e-08
1.28686e-09
0
0
0
0
0
0
0
0
0
0
0
0
0
0
0
0
0
0
7.64448e-09
1.43122e-08
1.61575e-08
1.39662e-08
9.08713e-09
2.90643e-09
0
0
0
0
0
0
0
0
0
0
0
0
0
0
0
0
0
0
0
0
0
0
0
0
0
0
0
0
0
0
0
0
0
0
0
0
0
0
0
0
0
0
0
0
0
0
0
0
0
0
0
0
0
1.68343e-08
3.80119e-08
5.45034e-08
6.57717e-08
7.2212e-08
7.47033e-08
7.4487e-08
7.28475e-08
7.09217e-08
6.95434e-08
6.91962e-08
6.96245e-08
7.0095e-08
6.99737e-08
6.86073e-08
6.56319e-08
5.865e-08
4.64687e-08
3.17453e-08
1.24136e-08
0
0
0
0
0
0
0
0
1.1613e-07
2.65319e-07
3.82792e-07
4.19085e-07
3.93331e-07
3.25301e-07
2.27596e-07
1.54519e-07
1.35216e-07
1.47785e-07
1.68382e-08
0
0
0
0
2.08267e-06
6.82754e-06
0
0
0
0
0
0
0
2.39924e-06
2.36741e-06
1.68806e-06
1.1991e-06
7.66278e-07
3.72345e-07
6.58963e-08
0
0
0
0
0
0
0
0
0
0
0
0
0
2.8973e-08
7.52196e-08
3.53455e-08
2.56619e-08
1.05218e-07
2.58049e-07
4.05754e-07
4.47429e-07
3.30269e-07
1.45654e-07
3.26941e-08
0
0
0
0
0
0
1.06048e-09
4.6087e-09
1.12128e-08
3.04297e-08
5.55068e-08
6.92406e-08
6.62995e-08
6.29691e-08
5.64216e-08
5.15578e-08
3.81991e-08
3.83929e-08
2.78582e-08
0
0
0
0
0
0
0
0
0
9.90115e-10
5.5877e-09
3.09671e-09
0
0
0
0
0
0
0
0
0
0
0
0
0
0
0
0
0
0
0
0
0
0
0
0
0
0
0
0
0
0
0
0
0
0
0
0
0
0
0
0
0
0
0
0
0
0
0
0
2.8273e-09
4.72519e-09
5.09956e-09
4.536e-09
3.61603e-09
2.72735e-09
2.05464e-09
1.69945e-09
1.83772e-09
2.56549e-09
4.16663e-09
6.74575e-09
9.68918e-09
1.38173e-08
1.76195e-08
2.14672e-08
2.50675e-08
2.96148e-08
3.50983e-08
3.86963e-08
4.01777e-08
4.0865e-08
4.11844e-08
4.11261e-08
4.10323e-08
4.14451e-08
4.26766e-08
4.47556e-08
4.73472e-08
4.97689e-08
5.14508e-08
5.21528e-08
5.17922e-08
5.05232e-08
4.62383e-08
4.18159e-08
3.87997e-08
2.76218e-08
1.3274e-08
0
0
0
0
0
0
0
1.14589e-07
2.93937e-07
4.18374e-07
4.40588e-07
3.92864e-07
2.95119e-07
2.01095e-07
1.66982e-07
1.69977e-07
1.86222e-07
2.44453e-08
1.71675e-08
3.75912e-07
5.10517e-07
0
0
0
0
0
0
0
0
0
0
1.51049e-06
1.57063e-06
1.08149e-06
6.36367e-07
1.98307e-07
0
0
0
0
0
0
0
0
0
0
0
0
0
0
0
0
0
0
0
5.70154e-08
1.9032e-07
3.29013e-07
3.78403e-07
3.12107e-07
1.72303e-07
4.83335e-08
0
0
0
0
0
0
1.09863e-08
2.03548e-08
2.12233e-08
2.67592e-08
4.08945e-08
5.18006e-08
5.2141e-08
5.16398e-08
4.80405e-08
4.59185e-08
4.03858e-08
5.0484e-08
0
0
0
0
0
0
0
0
0
0
0
0
0
0
0
0
0
0
0
0
0
0
0
0
0
0
0
0
0
0
0
0
0
0
0
0
0
0
0
0
0
0
0
0
0
0
0
0
0
0
0
0
0
6.26373e-10
2.9946e-09
3.79991e-09
4.51006e-09
6.73042e-09
1.12478e-08
1.78082e-08
2.51488e-08
3.15967e-08
3.61249e-08
3.85691e-08
3.94635e-08
3.97806e-08
4.01167e-08
4.0704e-08
4.15024e-08
4.25017e-08
4.30457e-08
4.35892e-08
4.32918e-08
4.26476e-08
4.21688e-08
4.09098e-08
4.02014e-08
3.9683e-08
3.92129e-08
3.77775e-08
3.55807e-08
3.35079e-08
3.18955e-08
3.04584e-08
2.89919e-08
2.78457e-08
2.74517e-08
2.79274e-08
2.91912e-08
3.08175e-08
3.21697e-08
3.33702e-08
3.4416e-08
3.58076e-08
3.80735e-08
3.93098e-08
4.52355e-08
5.45746e-08
5.60621e-08
7.60324e-08
1.13202e-07
9.71875e-08
0
0
0
0
2.27115e-07
3.03814e-07
3.96112e-07
4.82419e-07
4.71033e-07
3.8118e-07
2.55164e-07
1.82597e-07
1.75372e-07
1.91956e-07
2.03309e-07
8.8533e-08
3.01165e-07
8.50002e-07
7.30864e-07
0
0
0
0
0
0
0
0
0
0
7.12711e-07
6.99949e-07
3.11201e-07
0
0
0
0
0
0
0
0
0
0
0
0
8.44397e-09
0
0
0
0
0
0
0
0
1.41259e-08
1.40932e-07
2.83197e-07
3.47593e-07
2.95045e-07
1.76962e-07
5.94995e-08
0
0
0
0
0
0
1.11917e-08
3.34404e-08
4.33762e-08
4.41056e-08
4.78245e-08
4.85996e-08
4.50595e-08
4.15278e-08
3.73426e-08
3.35572e-08
3.62808e-08
5.49309e-08
0
0
1.28795e-08
2.37321e-08
2.56011e-08
2.83166e-08
3.69913e-08
5.16656e-08
6.87456e-08
8.3482e-08
9.19189e-08
9.23396e-08
8.55982e-08
7.44556e-08
6.25978e-08
5.36118e-08
4.95736e-08
4.95581e-08
4.85391e-08
3.85484e-08
1.45583e-08
0
0
0
0
0
0
0
0
0
0
0
0
0
0
0
0
0
0
0
0
0
0
0
0
0
0
0
0
0
0
0
0
0
9.78126e-09
2.00698e-08
2.88634e-08
3.77863e-08
4.72752e-08
5.64842e-08
6.47934e-08
7.25242e-08
7.96636e-08
8.55414e-08
9.00252e-08
9.33838e-08
9.64873e-08
9.92755e-08
1.01215e-07
1.02776e-07
1.02847e-07
1.01388e-07
9.81623e-08
9.42122e-08
8.95498e-08
8.41986e-08
7.95218e-08
7.62488e-08
7.25962e-08
6.74024e-08
6.16555e-08
5.6152e-08
5.05619e-08
4.4471e-08
3.81795e-08
3.23066e-08
2.72505e-08
2.30811e-08
1.98056e-08
1.66177e-08
1.31231e-08
1.01046e-08
6.90799e-09
6.65108e-09
1.03779e-08
1.43291e-08
3.3002e-08
5.62019e-08
8.46897e-08
2.34041e-07
5.40931e-07
7.52788e-07
6.1819e-07
3.25256e-07
8.6764e-07
2.01289e-06
1.82995e-06
1.08813e-06
7.60214e-07
6.50955e-07
5.15014e-07
3.33329e-07
1.98389e-07
1.60681e-07
1.5765e-07
1.84422e-07
1.80575e-07
1.8863e-07
5.13096e-07
1.09187e-06
5.1567e-07
0
0
0
0
0
0
0
0
0
0
4.11697e-08
0
0
0
0
0
0
0
0
0
0
0
0
0
0
6.41137e-09
1.03764e-08
0
0
0
0
0
0
0
0
9.69457e-08
2.43905e-07
3.22602e-07
2.83066e-07
1.71295e-07
5.82089e-08
0
0
0
0
0
0
2.48145e-09
2.73252e-08
5.19533e-08
6.14971e-08
6.39381e-08
5.64836e-08
4.94844e-08
3.91278e-08
3.2084e-08
1.96283e-08
2.92047e-08
4.49595e-08
1.80178e-08
6.8401e-08
7.68328e-08
5.65542e-08
1.95531e-08
0
0
0
3.14107e-08
1.36659e-07
2.42565e-07
3.10631e-07
3.28151e-07
3.05685e-07
2.61481e-07
2.11071e-07
1.63895e-07
1.23619e-07
8.96936e-08
5.76607e-08
2.28521e-08
0
0
0
0
0
0
0
0
0
0
0
0
0
0
0
0
0
0
0
0
0
0
0
0
0
0
0
0
0
0
0
0
0
0
1.16103e-08
3.76481e-08
6.35783e-08
8.73291e-08
1.06083e-07
1.18888e-07
1.26967e-07
1.3286e-07
1.3893e-07
1.46122e-07
1.53562e-07
1.5997e-07
1.6463e-07
1.67563e-07
1.6867e-07
1.67175e-07
1.62696e-07
1.55934e-07
1.48e-07
1.40034e-07
1.3283e-07
1.25636e-07
1.17215e-07
1.07052e-07
9.50814e-08
8.20667e-08
6.88609e-08
5.54877e-08
4.18298e-08
2.86296e-08
1.66935e-08
6.06216e-09
0
0
0
0
0
0
0
0
0
0
1.86223e-08
9.64857e-08
6.40607e-07
1.65716e-06
2.07762e-06
5.93142e-07
0
6.42961e-06
8.8546e-06
5.03995e-06
2.70721e-06
1.68223e-06
1.05297e-06
5.77728e-07
2.33554e-07
1.12808e-07
1.01488e-07
9.03518e-08
1.24834e-07
1.45554e-07
2.54609e-07
5.6951e-07
1.02776e-06
1.87277e-07
0
0
0
0
0
0
0
0
0
0
0
0
0
0
0
0
0
0
0
0
0
0
0
0
0
0
0
2.4383e-09
0
0
0
0
0
0
0
5.47473e-08
2.10726e-07
3.00984e-07
2.685e-07
1.58958e-07
4.66679e-08
0
0
0
0
0
0
0
1.34348e-08
4.08883e-08
5.8099e-08
6.473e-08
5.55535e-08
5.38679e-08
3.99734e-08
3.69386e-08
1.20185e-08
3.30821e-08
3.28255e-08
8.22094e-08
1.03713e-07
8.40255e-08
3.25624e-08
0
0
0
0
0
1.09788e-07
3.63774e-07
5.05247e-07
4.76793e-07
3.58797e-07
2.42443e-07
1.62271e-07
1.15487e-07
8.75197e-08
6.28482e-08
2.90686e-08
0
0
0
0
0
0
0
0
0
0
0
0
0
0
0
0
0
0
0
0
0
0
0
0
0
0
0
0
0
0
0
0
0
0
4.19483e-09
2.7564e-08
4.83294e-08
6.67602e-08
8.45615e-08
1.02749e-07
1.20681e-07
1.37073e-07
1.51426e-07
1.64455e-07
1.77661e-07
1.92292e-07
2.0795e-07
2.22594e-07
2.33602e-07
2.3894e-07
2.3803e-07
2.31876e-07
2.22243e-07
2.11172e-07
2.02934e-07
1.9651e-07
1.86243e-07
1.7061e-07
1.50531e-07
1.26815e-07
9.97299e-08
7.048e-08
4.27182e-08
1.82031e-08
0
0
0
0
0
0
0
0
0
0
0
0
0
0
5.90784e-08
1.55262e-06
3.37214e-06
1.21054e-06
0
0
5.17285e-06
7.46064e-06
4.9677e-06
3.13376e-06
2.12461e-06
1.41995e-06
6.80109e-07
2.18621e-07
9.60734e-08
4.40649e-08
0
2.23251e-08
1.32729e-07
2.60991e-07
5.16563e-07
8.57494e-07
2.06501e-07
0
0
0
0
0
0
0
0
0
0
0
0
0
0
0
0
0
0
0
0
0
0
1.05913e-08
0
0
0
0
0
5.17428e-10
0
0
0
0
0
0
2.07213e-08
1.90411e-07
2.95711e-07
2.57024e-07
1.36016e-07
2.22504e-08
0
0
0
0
0
0
0
3.53872e-09
2.94484e-08
4.82765e-08
5.49941e-08
4.18776e-08
4.78461e-08
3.43278e-08
4.73504e-08
1.64885e-08
5.7843e-08
3.65801e-08
0
0
0
0
0
0
0
0
0
0
0
1.12212e-07
1.86773e-07
2.07993e-07
1.6992e-07
9.81885e-08
2.6535e-08
0
0
0
0
0
0
0
0
0
0
0
0
0
0
0
0
0
0
0
0
0
0
0
0
0
0
0
0
0
0
0
0
0
0
0
0
4.47381e-09
2.40349e-08
4.01292e-08
5.1615e-08
5.99403e-08
6.7537e-08
7.64146e-08
8.74352e-08
1.00478e-07
1.15665e-07
1.328e-07
1.51698e-07
1.73038e-07
1.9649e-07
2.19802e-07
2.3925e-07
2.5153e-07
2.55467e-07
2.5242e-07
2.45112e-07
2.36539e-07
2.31122e-07
2.2366e-07
2.09865e-07
1.88161e-07
1.58067e-07
1.21929e-07
8.57112e-08
5.6315e-08
3.49221e-08
1.77809e-08
3.3068e-09
0
0
0
0
0
0
0
0
0
0
0
0
0
1.21321e-07
3.423e-06
3.34809e-06
0
0
0
0
1.36013e-06
1.2052e-06
5.15298e-07
6.62215e-08
0
0
0
0
0
0
0
1.34867e-07
2.88313e-07
5.92975e-07
1.1507e-06
1.10302e-06
6.78914e-07
2.24817e-07
0
0
0
0
0
0
0
0
0
0
0
0
0
0
0
0
0
0
0
0
1.65359e-07
6.46573e-08
0
0
0
0
0
0
0
0
0
0
0
0
1.67735e-07
3.00447e-07
2.51969e-07
9.89191e-08
0
0
0
0
5.41784e-09
8.49442e-09
0
0
0
1.7977e-08
3.98079e-08
4.78115e-08
3.49501e-08
6.5835e-08
8.6185e-08
1.46502e-07
1.31583e-07
1.69292e-07
0
0
0
0
0
0
0
0
0
0
0
0
2.1117e-08
4.4819e-08
7.52106e-08
1.46745e-07
2.2022e-07
1.13757e-07
0
0
0
0
0
0
0
1.27937e-08
4.50878e-08
4.65277e-08
2.19985e-08
0
0
0
0
0
0
0
0
0
0
0
0
0
0
0
0
0
0
0
0
0
0
0
1.47682e-08
3.03803e-08
4.05553e-08
4.61902e-08
4.94734e-08
5.15559e-08
5.28847e-08
5.41372e-08
5.55682e-08
5.64929e-08
5.63864e-08
5.64651e-08
5.95425e-08
6.75071e-08
8.06672e-08
9.77472e-08
1.16445e-07
1.33049e-07
1.43992e-07
1.46953e-07
1.4152e-07
1.29907e-07
1.15918e-07
1.03372e-07
9.56415e-08
9.32139e-08
8.98609e-08
7.87574e-08
6.08815e-08
4.18075e-08
2.56486e-08
1.28464e-08
1.36166e-09
0
0
0
0
0
0
0
0
0
0
0
0
0
0
5.68103e-07
4.40393e-06
1.3119e-06
0
0
0
0
0
0
0
0
0
0
0
0
0
0
0
1.85561e-07
3.60053e-07
6.6378e-07
1.60984e-06
2.3062e-06
2.32918e-06
1.8998e-06
8.74533e-07
0
0
3.02632e-06
1.32474e-06
0
0
0
0
0
0
0
0
0
0
0
0
0
0
0
4.67706e-07
1.6795e-07
0
0
0
0
0
0
0
0
0
0
0
0
0
1.34055e-07
1.23883e-07
3.06879e-09
0
0
0
0
0
0
0
0
0
0
0
0
2.88875e-08
1.40147e-07
1.13822e-07
1.28444e-07
0
6.4605e-08
0
3.82515e-08
0
0
0
0
0
0
1.11488e-07
1.39053e-07
9.16267e-08
2.63528e-08
0
0
0
3.55719e-08
1.11695e-07
1.53003e-07
1.3386e-07
9.43699e-08
6.48969e-08
4.77836e-08
5.18376e-08
8.13763e-08
1.03972e-07
9.18361e-08
5.2573e-08
5.18173e-09
0
0
0
0
0
0
0
0
0
0
0
6.91556e-09
3.13726e-08
3.92229e-08
2.72598e-08
0
0
0
0
0
0
0
5.60486e-09
2.86099e-08
4.53301e-08
5.50447e-08
5.89637e-08
6.00823e-08
6.10226e-08
6.21089e-08
6.22699e-08
6.04248e-08
5.53224e-08
4.6128e-08
3.32779e-08
1.90468e-08
7.00012e-09
1.06068e-09
4.31693e-09
1.74867e-08
3.73869e-08
5.75056e-08
7.00089e-08
7.00559e-08
5.82976e-08
3.78993e-08
1.28216e-08
0
0
0
3.92246e-10
2.22852e-08
3.25055e-08
3.26738e-08
2.66976e-08
1.43691e-08
0
0
0
0
3.50099e-09
0
0
0
0
0
0
0
0
0
0
1.64618e-06
4.94551e-06
1.03249e-06
0
0
0
0
0
0
0
0
0
0
0
0
0
0
6.71787e-08
2.8877e-07
5.16631e-07
8.56968e-07
1.79612e-06
3.34092e-06
3.73958e-06
3.12396e-06
1.55648e-06
0
3.63261e-07
1.57825e-06
0
0
0
0
0
0
0
0
0
0
0
0
0
0
0
0
2.02151e-07
0
0
0
0
0
0
0
0
0
0
0
0
0
0
0
0
0
0
0
0
0
0
0
0
0
0
0
0
0
0
1.59141e-08
6.90717e-09
3.11182e-08
0
3.87372e-08
0
1.93993e-07
1.40296e-07
0
0
0
0
0
5.8102e-07
5.43085e-07
3.22186e-07
1.30683e-07
1.3619e-08
0
3.41718e-09
6.08437e-08
1.17573e-07
1.54146e-07
1.67199e-07
1.64119e-07
1.55476e-07
1.5074e-07
1.57372e-07
1.79089e-07
2.07009e-07
2.10989e-07
1.65726e-07
9.52183e-08
3.71526e-08
1.02858e-09
0
0
0
0
0
9.59768e-09
4.18532e-08
7.96396e-08
1.15851e-07
1.41464e-07
1.49126e-07
1.34694e-07
9.86281e-08
5.05256e-08
2.33465e-09
0
0
0
0
0
8.3589e-09
2.42154e-08
3.6114e-08
3.95502e-08
3.41613e-08
2.43437e-08
1.55084e-08
9.9476e-09
7.11177e-09
6.98902e-09
1.0039e-08
1.51631e-08
1.9755e-08
2.15326e-08
2.05204e-08
1.94309e-08
2.18579e-08
2.91426e-08
3.76542e-08
4.1233e-08
3.60114e-08
2.21895e-08
1.55958e-09
0
0
0
0
0
0
2.03803e-08
2.92137e-08
2.96683e-08
3.09031e-08
2.19148e-08
0
0
0
4.23811e-08
3.73966e-08
2.78364e-10
3.67914e-08
7.4692e-08
6.04807e-08
4.21217e-08
0
0
1.36685e-07
1.81603e-07
0
2.28028e-06
5.81636e-06
2.45137e-06
0
0
0
0
0
0
0
0
0
0
0
0
0
0
9.06025e-08
3.87845e-07
6.57781e-07
9.92089e-07
1.68091e-06
3.23822e-06
4.67351e-06
4.33275e-06
2.64968e-06
6.86582e-07
9.18846e-08
0
0
0
0
0
0
0
0
0
0
0
0
0
0
0
0
0
0
0
0
0
0
0
0
0
0
0
0
0
0
0
0
0
0
0
1.7779e-08
6.16808e-09
0
0
0
0
0
0
0
0
0
0
0
5.83874e-09
2.88346e-10
1.68412e-08
0
2.69629e-08
0
1.66659e-07
0
0
0
0
0
0
0
0
0
0
2.11325e-08
5.31973e-08
7.32082e-08
8.41937e-08
9.20194e-08
9.90433e-08
1.0269e-07
1.00206e-07
9.28477e-08
8.631e-08
8.85632e-08
1.05282e-07
1.33931e-07
1.62206e-07
1.76362e-07
1.68478e-07
1.36558e-07
8.77668e-08
3.86464e-08
3.18831e-09
0
0
0
1.63296e-08
4.29454e-08
7.10787e-08
9.58889e-08
1.11993e-07
1.14099e-07
9.84937e-08
6.52848e-08
2.28901e-08
0
0
0
0
0
0
0
0
0
0
0
0
0
0
0
0
0
0
0
0
0
0
0
0
5.21874e-09
1.15301e-08
1.03572e-08
2.26527e-09
0
0
0
0
0
0
5.76537e-08
1.32718e-07
1.02099e-07
6.42542e-08
4.64652e-08
2.19966e-08
0
0
3.61401e-08
1.09853e-07
0
0
1.01847e-07
7.20937e-08
7.34138e-09
0
0
1.30561e-07
4.61185e-07
6.13661e-07
1.09631e-07
1.17838e-06
5.29499e-06
3.62248e-06
0
0
0
0
0
1.71216e-08
1.69403e-06
5.27295e-07
0
0
0
0
0
0
7.85896e-08
4.87294e-07
8.12634e-07
1.10357e-06
1.5286e-06
2.38712e-06
4.01684e-06
4.94497e-06
3.59041e-06
1.24049e-06
0
0
0
0
0
0
0
0
0
0
0
0
0
0
0
0
0
0
0
0
0
0
0
0
0
0
0
0
8.1367e-09
2.39423e-09
0
0
0
0
0
6.0432e-09
1.06717e-08
4.70859e-09
0
0
0
0
7.78896e-10
0
0
0
0
0
0
4.09757e-09
6.51629e-10
9.86036e-09
0
1.76097e-08
0
0
0
9.61197e-08
2.07609e-07
2.57203e-07
2.42811e-07
1.91082e-07
1.32717e-07
8.58983e-08
5.63266e-08
4.38694e-08
4.82756e-08
7.12347e-08
1.13739e-07
1.60014e-07
1.68133e-07
1.21319e-07
5.66375e-08
1.13464e-08
0
1.03578e-08
3.66261e-08
6.36169e-08
8.32762e-08
9.30317e-08
9.36844e-08
8.80082e-08
7.92948e-08
6.98516e-08
6.04511e-08
5.06159e-08
4.04666e-08
3.22604e-08
2.88275e-08
3.04502e-08
3.43455e-08
3.76498e-08
3.87116e-08
3.68513e-08
3.1261e-08
2.03946e-08
3.20412e-09
0
0
0
0
0
0
0
0
0
0
0
0
0
2.18486e-09
0
0
0
0
0
0
0
0
0
0
0
0
0
0
0
0
0
0
0
0
0
0
5.713e-08
3.61688e-08
3.21705e-08
7.67714e-09
4.31789e-08
0
0
4.94919e-08
8.83922e-08
0
3.03979e-08
7.06537e-08
3.38148e-08
0
0
0
0
4.24727e-07
9.37681e-07
0
0
2.19563e-06
3.58191e-06
1.49099e-06
0
0
0
0
6.38501e-06
2.04747e-06
2.60841e-07
0
0
0
0
0
0
2.68777e-08
5.996e-07
1.00871e-06
1.27681e-06
1.49148e-06
1.86008e-06
2.65022e-06
3.78607e-06
3.93979e-06
1.68619e-06
0
0
0
0
0
0
0
0
0
0
0
0
0
0
0
3.96705e-08
1.53917e-08
0
0
0
0
0
0
0
0
0
4.66341e-08
4.70836e-08
2.8703e-08
9.04817e-09
0
0
0
0
0
1.2516e-10
4.31875e-10
0
0
0
0
0
0
0
0
0
0
0
5.42544e-10
2.66726e-09
4.26424e-10
5.4834e-09
0
1.08544e-08
0
0
0
0
4.69486e-08
8.64714e-08
1.1395e-07
1.3007e-07
1.36802e-07
1.35401e-07
1.26301e-07
1.12472e-07
9.68529e-08
8.03171e-08
6.26051e-08
4.49767e-08
3.10258e-08
2.41281e-08
2.46667e-08
2.85047e-08
2.95769e-08
2.62893e-08
2.21235e-08
1.97929e-08
1.91789e-08
1.88477e-08
1.77647e-08
1.62768e-08
1.61861e-08
2.00663e-08
3.04118e-08
4.96504e-08
8.05724e-08
1.24909e-07
1.74873e-07
2.07683e-07
2.02665e-07
1.65554e-07
1.18627e-07
7.90015e-08
5.3596e-08
4.19829e-08
3.79183e-08
3.4698e-08
2.98481e-08
2.52397e-08
2.2686e-08
2.12033e-08
1.81444e-08
1.17364e-08
1.9386e-09
0
0
0
0
0
0
0
0
0
0
0
0
0
0
0
0
0
0
0
0
0
0
0
0
0
0
0
4.249e-09
0
0
0
1.9895e-08
3.75483e-08
0
0
8.84184e-08
9.25942e-08
3.72583e-09
4.50623e-08
3.73107e-08
0
0
0
0
0
0
0
0
0
0
4.72031e-06
3.89481e-06
1.37623e-06
0
0
0
3.92196e-06
4.76045e-07
0
0
0
0
0
0
0
0
8.33674e-07
1.30215e-06
1.48732e-06
1.53295e-06
1.61956e-06
1.89098e-06
2.41823e-06
2.75263e-06
1.79896e-06
0
0
0
0
0
0
0
0
0
0
0
0
0
0
6.02257e-08
9.9482e-08
7.16683e-08
0
0
0
0
0
0
0
7.50915e-09
3.19422e-08
8.87144e-09
0
0
0
0
0
0
0
0
0
0
0
0
0
0
0
0
0
0
0
0
2.69024e-11
3.61147e-10
1.03011e-09
0
2.48635e-09
0
6.24698e-09
0
4.4603e-09
1.32248e-08
2.08154e-08
2.72167e-08
3.03426e-08
2.89892e-08
2.42526e-08
1.90699e-08
1.61736e-08
1.63242e-08
1.81861e-08
1.96757e-08
1.92241e-08
1.66027e-08
1.27499e-08
8.95483e-09
6.18204e-09
4.82677e-09
4.84352e-09
6.05783e-09
8.09892e-09
1.03126e-08
1.20642e-08
1.2995e-08
1.30081e-08
1.21194e-08
1.09123e-08
1.03004e-08
1.07723e-08
1.24998e-08
1.51395e-08
1.77936e-08
1.9436e-08
1.94451e-08
1.78969e-08
1.4856e-08
1.09529e-08
6.99129e-09
3.44088e-09
1.05068e-09
0
0
0
0
0
1.39172e-10
1.20243e-09
1.86449e-09
1.45621e-09
0
0
0
0
0
0
0
0
0
0
0
0
0
0
0
0
0
0
0
0
0
0
0
0
1.92089e-09
4.16196e-09
3.58662e-09
5.47782e-09
8.1941e-09
0
0
1.27854e-08
3.75916e-08
3.71749e-08
0
0
1.20418e-07
6.92969e-08
0
0
0
0
0
0
0
0
0
0
0
0
1.16294e-07
8.51325e-06
7.30831e-06
3.95877e-06
2.02996e-06
3.15555e-07
0
0
0
0
0
0
0
0
0
0
0
6.77353e-07
1.36474e-06
1.60221e-06
1.57677e-06
1.52565e-06
1.51492e-06
1.62598e-06
1.76591e-06
1.35384e-06
0
0
0
0
0
0
0
0
0
0
0
0
2.33491e-08
2.53918e-08
7.87917e-08
1.17338e-07
7.48172e-08
0
0
0
0
0
0
0
0
0
0
0
0
0
0
0
0
0
0
0
0
0
0
0
0
0
0
0
0
0
0
0
0
1.38963e-10
0
1.06909e-09
0
3.64436e-09
0
3.31023e-09
2.83408e-09
2.23793e-09
1.49124e-09
6.79938e-10
0
0
0
0
0
0
0
0
0
0
3.50412e-10
1.82703e-09
3.40518e-09
4.94712e-09
6.2546e-09
7.19247e-09
7.7011e-09
7.66909e-09
7.01041e-09
5.61934e-09
3.35961e-09
4.88329e-10
0
0
0
0
2.77063e-10
4.57661e-09
8.83269e-09
1.21696e-08
1.3718e-08
1.38664e-08
1.29931e-08
1.10302e-08
8.49853e-09
6.02318e-09
3.85976e-09
2.12827e-09
1.09325e-09
6.53822e-10
2.671e-10
2.85965e-11
0
0
0
0
0
0
0
0
3.83956e-10
9.48097e-10
1.03846e-09
7.11216e-10
1.06259e-10
0
0
0
0
0
0
0
0
0
1.16881e-09
1.4539e-09
1.24777e-09
1.65128e-09
1.57178e-09
2.79321e-09
1.92454e-09
5.25816e-09
6.26762e-09
0
0
3.44879e-08
6.78452e-08
5.30767e-08
0
0
8.63687e-08
0
0
0
0
0
0
4.28426e-07
2.25915e-07
0
0
0
0
0
5.3317e-06
1.27379e-05
1.17908e-05
6.47027e-06
4.06959e-06
2.5494e-06
8.36113e-07
0
0
0
0
0
0
0
0
0
0
4.22767e-07
1.00452e-06
1.22965e-06
1.16887e-06
1.12108e-06
1.0715e-06
9.8504e-07
8.43293e-07
5.82825e-07
0
0
0
0
0
0
0
0
0
0
0
3.65462e-07
2.46997e-07
8.3493e-08
7.76792e-08
1.04932e-07
2.59533e-08
0
0
0
0
0
0
0
0
0
0
0
0
0
8.46604e-11
2.78006e-10
0
0
0
0
0
0
0
0
0
0
0
0
0
0
0
0
0
0
0
4.22537e-10
0
1.89073e-09
0
0
0
0
0
0
0
0
0
0
0
0
0
0
0
0
0
0
0
0
0
0
0
0
0
0
0
0
0
0
0
0
0
0
0
0
0
0
0
0
0
0
0
0
0
0
0
0
0
0
0
0
0
5.93197e-10
1.82834e-09
2.80481e-09
3.45299e-09
3.79521e-09
3.89492e-09
3.83315e-09
3.63151e-09
3.24411e-09
2.63781e-09
2.4635e-09
2.77291e-09
3.07785e-09
3.40155e-09
4.15786e-09
6.27338e-09
9.4146e-09
1.14668e-08
8.45747e-09
5.42742e-10
0
0
0
0
0
0
0
0
1.84242e-08
9.51988e-08
8.97802e-08
0
0
0
0
0
0
0
0
2.22204e-08
1.43513e-06
1.16387e-06
6.65455e-07
0
0
0
0
1.75185e-06
1.60038e-05
1.73563e-05
1.04275e-05
5.32053e-06
1.4648e-06
7.83712e-08
0
0
0
0
0
0
0
0
0
3.24121e-08
2.00488e-06
3.31425e-06
3.1574e-06
1.9713e-06
1.0631e-06
4.82715e-07
1.44214e-07
2.08206e-08
0
0
0
0
0
0
0
0
0
0
0
2.26559e-07
9.40353e-07
8.5454e-07
3.98281e-07
9.93608e-08
0
0
0
0
0
0
0
0
0
0
0
0
0
0
1.32952e-09
1.5002e-09
6.13846e-10
0
0
0
0
0
0
0
0
0
0
0
0
0
0
0
0
0
0
0
6.56032e-11
0
7.57967e-10
0
0
0
0
0
0
0
0
0
0
0
0
0
0
0
0
0
0
0
0
0
0
0
0
0
0
0
0
0
0
0
0
0
0
0
0
0
0
0
0
0
0
0
0
0
0
0
0
0
0
0
0
1.4653e-10
1.86259e-09
3.25229e-09
4.18361e-09
4.69148e-09
4.90845e-09
4.97731e-09
4.95817e-09
4.7988e-09
4.40784e-09
3.72052e-09
3.29211e-09
3.48748e-09
3.9742e-09
4.78599e-09
6.45189e-09
1.00208e-08
1.56081e-08
2.09574e-08
1.95238e-08
8.85896e-10
0
0
0
0
0
0
0
0
0
2.65118e-08
1.27173e-07
0
0
0
0
0
0
0
2.32587e-07
1.27916e-06
2.34027e-06
2.36015e-06
0
0
0
0
0
0
4.09537e-06
1.88001e-05
1.73018e-05
4.59356e-06
1.30413e-07
0
0
0
0
0
0
0
0
0
0
2.05968e-07
9.29339e-07
3.1175e-06
7.90691e-06
5.86909e-06
1.83552e-06
3.32318e-07
2.35737e-08
0
0
0
0
0
0
0
0
0
0
0
0
1.15654e-07
1.14071e-06
2.39336e-06
6.69059e-07
2.07486e-08
0
0
0
0
0
0
0
0
0
0
0
0
0
5.32362e-10
1.13239e-09
8.25783e-10
1.88615e-10
0
0
0
0
0
0
0
0
0
0
0
0
0
0
0
0
0
0
0
0
0
2.00941e-10
0
0
0
0
0
0
0
0
0
0
0
0
0
0
0
0
0
0
0
0
0
0
0
0
0
0
0
0
0
0
0
0
0
0
0
0
0
0
0
0
0
0
0
0
0
0
0
0
0
0
0
0
2.19426e-10
1.41111e-09
2.36876e-09
3.0378e-09
3.43111e-09
3.63883e-09
3.75635e-09
3.79529e-09
3.65434e-09
3.27823e-09
2.63442e-09
2.05899e-09
1.94802e-09
2.142e-09
2.70066e-09
4.15905e-09
8.27445e-09
2.19549e-08
4.34925e-08
4.01654e-08
1.01536e-08
0
0
0
0
0
0
0
0
0
0
1.2411e-07
1.47478e-07
0
0
0
0
0
0
6.5477e-07
8.20076e-07
9.81666e-07
2.75563e-06
0
0
0
0
0
0
9.04143e-07
7.38842e-06
1.69471e-05
2.69208e-06
0
0
0
0
0
0
0
0
0
0
0
1.53363e-07
3.51778e-07
8.90812e-07
2.50891e-06
5.37562e-06
1.95516e-06
1.54894e-07
0
0
0
0
0
0
0
0
0
0
0
0
0
1.43722e-08
5.12377e-07
1.09807e-06
1.15117e-07
0
0
0
0
0
0
0
0
0
0
0
0
0
0
1.63736e-10
4.44788e-10
3.42451e-10
6.53222e-11
0
0
0
0
0
0
0
0
0
0
0
0
0
0
0
0
0
0
0
0
0
2.38916e-11
0
5.56924e-09
4.75898e-09
1.23928e-08
1.77153e-08
1.7712e-08
1.61803e-08
1.46482e-08
1.27683e-08
1.10437e-08
9.18167e-09
7.61417e-09
6.01913e-09
4.75939e-09
3.35226e-09
2.46725e-09
1.24926e-09
9.11812e-10
2.29792e-11
4.52826e-10
0
6.4762e-10
0
1.2468e-09
0
0
1.63031e-09
6.64055e-10
2.6398e-09
3.71347e-09
4.33937e-09
3.95193e-09
4.18151e-09
3.72882e-09
3.7204e-09
3.25832e-09
3.08725e-09
2.61207e-09
2.36095e-09
1.857e-09
1.61384e-09
1.07934e-09
9.97718e-10
4.98622e-10
8.1693e-10
2.00935e-10
1.03257e-09
0
1.56365e-09
0
0
4.76694e-10
0
3.10872e-10
6.90401e-10
8.17293e-10
7.848e-10
9.64488e-10
9.31516e-10
1.0923e-09
1.01965e-09
1.14111e-09
1.03767e-09
1.08967e-09
9.83508e-10
9.89209e-10
8.5523e-10
9.05974e-10
7.38884e-10
9.71548e-10
6.76201e-10
1.26044e-09
5.90259e-10
1.74531e-09
1.49232e-10
0
2.68071e-11
0
0
0
0
0
0
1.96908e-11
9.35781e-11
1.41122e-10
2.22781e-10
2.55604e-10
3.57583e-10
3.89438e-10
5.09982e-10
5.28313e-10
7.35522e-10
6.66603e-10
1.02919e-09
7.74501e-10
1.48847e-09
7.26238e-10
2.15957e-09
3.44911e-10
1.19774e-09
0
0
0
0
0
0
0
0
0
0
0
0
0
0
0
0
0
0
0
0
0
0
0
0
0
0
0
0
0
0
0
0
0
0
0
0
0
0
0
0
0
0
0
0
0
0
0
0
0
0
0
0
0
0
0
0
0
0
0
0
0
0
0
0
0
0
0
0
0
0
0
0
0
0
0
0
0
0
0
0
0
0
0
0
0
0
0
0
0
0
0
0
0
0
0
0
0
0
0
0
0
0
0
0
0
0
0
0
0
0
0
0
0
0
0
0
0
0
0
0
0
0
0
0
0
0
0
0
0
0
0
0
0
0
0
0
0
0
0
0
0
0
0
0
0
0
0
0
0
0
0
0
0
0
0
0
0
0
0
0
0
0
0
0
0
0
0
0
0
0
0
0
0
0
0
0
0
0
0
0
0
0
0
0
0
0
0
0
0
0
0
0
0
0
0
0
0
0
0
0
0
0
0
0
0
0
0
0
0
0
0
0
0
0
0
0
0
0
0
0
0
0
0
0
0
0
0
0
0
0
0
0
0
0
0
0
0
0
0
0
0
0
0
0
0
0
0
0
0
0
0
0
0
0
0
0
0
0
0
0
0
0
0
0
0
0
0
0
0
0
0
0
0
0
0
0
0
0
0
0
0
0
0
0
0
0
0
0
0
0
0
0
0
0
0
0
0
0
0
0
0
0
0
0
0
0
0
0
0
0
0
0
0
0
0
0
0
0
0
0
0
0
0
0
0
0
0
0
0
0
0
0
0
0
0
0
0
0
0
0
0
0
0
0
0
0
0
0
0
0
0
0
0
0
0
0
0
0
0
0
0
0
0
0
0
0
0
0
0
0
0
0
0
0
0
0
0
0
0
0
0
0
0
0
0
0
0
0
0
0
0
0
0
0
0
0
0
0
0
0
0
0
0
0
0
0
0
0
0
0
0
0
0
0
0
0
0
0
0
0
0
0
0
0
0
0
0
0
0
0
0
0
0
0
0
0
0
0
0
0
0
0
0
0
0
0
0
0
0
0
0
0
0
0
0
0
0
0
0
0
0
0
0
0
0
0
0
0
0
0
0
0
0
0
0
0
0
0
0
0
0
0
0
0
0
0
0
0
0
0
0
0
0
0
0
0
0
0
0
0
0
0
0
0
0
0
0
0
0
0
0
0
0
0
0
0
0
0
0
0
0
0
0
0
0
0
0
0
0
0
0
9.18381e-09
0
0
0
0
0
0
0
0
0
0
0
0
0
0
0
0
0
0
0
0
0
0
0
0
6.11447e-09
1.47653e-08
0
0
0
0
0
0
0
0
0
0
0
0
0
0
0
0
0
0
0
0
0
0
0
0
5.49238e-08
0
0
0
0
0
0
0
0
0
0
0
0
0
0
0
0
0
0
0
0
0
0
0
0
0
1.13047e-07
0
0
0
0
0
0
0
0
0
0
0
0
0
0
0
0
0
0
0
0
0
0
0
0
5.85527e-08
1.23551e-07
0
0
0
0
0
0
0
0
0
0
0
0
0
0
0
0
0
0
0
0
0
0
0
0
1.05367e-07
7.19275e-08
0
0
0
0
0
0
0
0
0
0
0
0
0
0
0
0
0
0
0
0
0
0
0
3.72064e-08
1.09703e-07
0
0
0
0
0
0
0
0
0
0
0
0
0
0
0
0
0
0
0
0
0
0
0
0
6.3269e-08
5.27756e-08
0
0
0
0
0
0
0
0
0
0
0
0
0
0
0
0
0
4.41966e-09
3.36747e-08
3.64074e-08
1.2359e-08
0
0
6.92653e-09
6.01532e-08
0
0
0
0
0
0
0
0
0
0
0
0
0
0
0
0
0
3.08834e-09
4.68456e-08
8.15839e-08
7.5787e-08
2.68903e-08
0
0
2.82377e-08
0
0
0
0
0
0
0
0
0
0
0
0
0
1.35971e-08
0
0
0
2.13462e-09
4.41799e-08
8.47876e-08
1.15552e-07
9.60989e-08
1.71791e-08
0
0
1.08647e-08
0
0
0
0
0
0
0
0
0
0
0
0
2.03457e-08
1.30192e-08
0
0
3.27525e-09
4.40348e-08
7.57064e-08
1.01076e-07
1.386e-07
9.57951e-08
9.10126e-09
0
1.09614e-08
0
0
0
0
0
0
0
0
0
0
0
0
1.44618e-08
1.9568e-08
1.12133e-08
0
8.3172e-09
4.75917e-08
7.85904e-08
8.05084e-08
1.17383e-07
1.58079e-07
9.2079e-08
2.91408e-08
1.15378e-08
0
0
0
0
0
0
0
0
0
0
0
0
6.4905e-09
1.63409e-08
1.70433e-08
8.48311e-09
1.8132e-08
5.56541e-08
8.58622e-08
7.65125e-08
8.41106e-08
1.52364e-07
1.6096e-07
8.04712e-08
2.04515e-08
0
0
0
0
0
0
0
0
0
0
0
0
7.59906e-09
1.42479e-08
1.72128e-08
1.21246e-08
2.75068e-08
6.65273e-08
9.1062e-08
7.5892e-08
6.45192e-08
1.17762e-07
1.69743e-07
1.15109e-07
3.42469e-08
1.86871e-08
5.24428e-08
0
0
0
0
0
0
0
0
0
0
1.96716e-08
2.35808e-08
2.10719e-08
1.2264e-08
3.09499e-08
7.2713e-08
9.11661e-08
7.03245e-08
5.14057e-08
8.85858e-08
1.44553e-07
1.22233e-07
4.98881e-08
7.02597e-08
1.93537e-07
1.3922e-07
0
0
0
0
0
0
0
0
0
3.21679e-08
4.49623e-08
3.57912e-08
1.70237e-08
3.23079e-08
7.14863e-08
8.62027e-08
6.15342e-08
4.10799e-08
6.99829e-08
1.18334e-07
1.16927e-07
7.79457e-08
1.95827e-07
4.4479e-07
4.58937e-07
4.51707e-08
0
0
0
0
0
0
0
0
2.58301e-08
6.19221e-08
5.5179e-08
2.94637e-08
3.73116e-08
6.48912e-08
7.54405e-08
5.09689e-08
3.24645e-08
5.6604e-08
9.69193e-08
1.10086e-07
1.67922e-07
5.46284e-07
9.15553e-07
9.48724e-07
3.76704e-07
0
0
0
0
0
0
0
0
5.13708e-09
6.19731e-08
6.26789e-08
4.0969e-08
4.39413e-08
5.55767e-08
5.89857e-08
3.69454e-08
2.12907e-08
4.19454e-08
7.66112e-08
1.35077e-07
4.95719e-07
8.3979e-07
9.72486e-07
1.01991e-06
6.2286e-07
0
0
0
0
0
0
0
0
0
3.74913e-08
3.57098e-08
2.10247e-08
2.08526e-08
1.63822e-08
4.82739e-09
0
0
0
0
3.59968e-08
8.27989e-08
1.33315e-07
1.72706e-07
1.35793e-07
1.2847e-08
0
0
0
0
0
0
0
0
0
0
0
0
0
0
0
0
0
0
0
0
0
0
0
0
0
0
0
0
0
0
0
0
0
2.03336e-09
0
0
0
0
0
0
0
0
0
0
0
0
0
0
0
4.02759e-09
0
0
0
0
0
0
0
0
1.29008e-08
0
0
0
0
0
0
0
0
0
0
0
0
0
0
2.09761e-09
3.72316e-09
0
0
0
0
0
0
0
0
1.4418e-08
0
0
0
0
0
0
0
0
0
0
0
0
2.27454e-09
5.33013e-09
2.70059e-09
2.21776e-09
0
4.8888e-10
0
0
0
0
0
0
1.20493e-08
0
0
0
0
0
0
0
0
0
0
0
3.95259e-09
5.08748e-09
3.58043e-09
1.50245e-09
1.27774e-09
4.66903e-10
6.79537e-10
0
3.35092e-10
0
2.80439e-10
0
0
8.80889e-09
0
0
0
0
0
0
0
0
0
1.00576e-09
3.18293e-09
3.72629e-09
2.53966e-09
1.55233e-09
7.77606e-10
6.76147e-10
3.40327e-10
4.16197e-10
1.2755e-10
3.61311e-10
0
4.79323e-10
0
2.8832e-10
5.7234e-09
0
0
0
0
0
0
0
8.34362e-10
1.82046e-09
2.21627e-09
1.99778e-09
1.56821e-09
1.03212e-09
6.92286e-10
4.13567e-10
3.73018e-10
2.36096e-10
3.12252e-10
1.61472e-10
3.49878e-10
5.69511e-11
4.93264e-10
0
2.0207e-10
3.16234e-09
0
0
0
0
0
6.65918e-10
1.34712e-09
1.5563e-09
1.34638e-09
9.81806e-10
6.86732e-10
5.36e-10
3.91228e-10
3.05335e-10
2.17267e-10
2.3044e-10
1.69377e-10
2.34925e-10
1.29235e-10
2.76188e-10
5.73599e-11
3.87643e-10
0
4.51971e-11
1.43206e-09
0
0
3.15072e-10
8.42911e-10
1.2585e-09
1.23175e-09
9.87483e-10
7.25978e-10
5.0798e-10
3.49675e-10
2.48995e-10
2.22015e-10
1.89205e-10
1.81204e-10
1.4802e-10
1.67447e-10
1.31535e-10
1.8045e-10
1.08293e-10
2.10859e-10
6.31418e-11
2.87207e-10
0
0
8.45516e-10
0
1.68813e-09
1.57096e-09
1.26002e-09
9.07636e-10
5.5163e-10
3.25726e-10
1.8889e-10
1.12367e-10
9.33406e-11
9.18801e-11
1.16211e-10
1.17456e-10
1.2353e-10
1.07176e-10
1.20036e-10
9.89804e-11
1.29695e-10
8.63232e-11
1.49638e-10
5.76852e-11
1.94146e-10
2.68512e-12
0
1.0119e-09
1.13856e-09
2.02174e-09
1.14658e-09
5.5863e-10
1.79093e-10
1.66284e-12
0
0
0
0
0
3.14113e-11
4.25901e-11
4.73952e-11
4.07928e-11
4.74182e-11
3.67351e-11
5.1739e-11
3.0305e-11
6.26992e-11
1.20051e-11
8.31663e-11
0
0
1.10779e-09
1.5585e-09
1.29434e-09
4.62426e-10
6.83369e-11
0
0
0
0
0
0
0
0
0
1.85635e-12
7.86786e-14
2.90601e-12
0
4.42092e-12
0
9.26928e-12
0
1.60259e-11
0
0
)
;

boundaryField
{
    inlet
    {
        type            zeroGradient;
    }
    outlet
    {
        type            zeroGradient;
    }
    upperWall
    {
        type            zeroGradient;
    }
    lowerWall
    {
        type            zeroGradient;
    }
    frontAndBack
    {
        type            empty;
    }
}


// ************************************************************************* //
