/*--------------------------------*- C++ -*----------------------------------*\
  =========                 |
  \\      /  F ield         | OpenFOAM: The Open Source CFD Toolbox
   \\    /   O peration     | Website:  https://openfoam.org
    \\  /    A nd           | Version:  7
     \\/     M anipulation  |
\*---------------------------------------------------------------------------*/
FoamFile
{
    version     2.0;
    format      ascii;
    class       volScalarField;
    location    "0.039";
    object      p;
}
// * * * * * * * * * * * * * * * * * * * * * * * * * * * * * * * * * * * * * //

dimensions      [0 2 -2 0 0 0 0];

internalField   nonuniform List<scalar> 
12225
(
60.0406
54.5892
50.0933
46.6404
44.054
42.0841
40.5269
39.2366
38.1398
37.2077
36.4141
35.726
35.1174
34.578
34.0979
33.6669
33.2596
32.8236
60.5266
54.5343
50.0315
46.6031
44.0238
42.0574
40.503
39.2161
38.1237
37.1973
36.4083
35.7231
35.1158
34.5765
34.0969
33.6672
33.2655
32.845
60.6301
54.3463
49.869
46.505
43.9547
42.0022
40.4579
39.1825
38.1017
37.1828
36.3975
35.7143
35.1101
34.5739
34.0967
33.6662
33.2646
32.8568
60.6767
54.0872
49.6457
46.3646
43.8568
41.9238
40.393
39.1322
38.0651
37.1559
36.3771
35.6998
35.1011
34.5683
34.0921
33.6599
33.258
32.863
60.3398
53.6557
49.3064
46.1385
43.6998
41.8049
40.2988
39.0592
38.0102
37.1138
36.3438
35.6735
35.081
34.5527
34.0791
33.649
33.2504
32.8688
59.5933
53.0372
48.8565
45.8368
43.4943
41.6511
40.176
38.9619
37.9353
37.0564
36.2989
35.6379
35.0528
34.5302
34.0609
33.6348
33.2419
32.8737
58.0762
52.1906
48.2851
45.4449
43.2196
41.4471
40.0173
38.8372
37.8378
36.9791
36.2362
35.5867
35.0115
34.4972
34.0347
33.615
33.2299
32.8746
56.2736
51.1185
47.5654
44.9487
42.8727
41.1917
39.8181
38.6778
37.7109
36.8781
36.1549
35.5207
34.9581
34.4542
34.0003
33.5885
33.2126
32.869
54.3158
49.7954
46.7013
44.3553
42.4485
40.8755
39.5746
38.4867
37.5591
36.7561
36.0552
35.4384
34.89
34.398
33.9541
33.5519
33.1861
32.8533
51.1946
48.2212
45.6931
43.6527
41.9421
40.4969
39.2805
38.2513
37.3676
36.5992
35.9262
35.332
34.8022
34.3259
33.8957
33.5054
33.1508
32.8295
47.8355
46.4498
44.5533
42.8475
41.3504
40.0491
38.9325
37.9755
37.1461
36.4194
35.7784
35.2091
34.6992
34.2394
33.8229
33.4445
33.0997
32.7837
44.8548
44.8073
43.4369
42.0347
40.7377
39.5787
38.5641
37.6792
36.9018
36.2154
35.6077
35.0663
34.5797
34.1392
33.7394
33.3755
33.0431
32.7398
44.3276
43.3342
42.2691
41.1603
40.0717
39.0616
38.1546
37.3487
36.6317
35.9935
35.4244
34.913
34.4499
34.0285
33.6442
33.2933
32.9723
32.6781
42.8533
41.5695
40.8906
40.1083
39.2466
38.4064
37.632
36.9262
36.2829
35.7001
35.175
34.7006
34.2691
33.8746
33.5134
33.182
32.8768
32.5958
37.598
39.2136
39.2694
38.85
38.2493
37.6019
36.973
36.3816
35.8305
35.3232
34.8595
34.4342
34.0412
33.6774
33.3412
33.0304
32.7426
32.4753
35.3669
37.0927
37.5703
37.4228
37.0663
36.6279
36.1685
35.7109
35.2658
34.8426
34.4463
34.0769
33.7315
33.4084
33.1069
32.8256
32.5629
32.3171
33.5474
35.5266
35.9652
35.9248
35.7433
35.4886
35.192
34.8759
34.5545
34.2377
33.9309
33.6351
33.3495
33.075
32.8129
32.5635
32.3264
32.1007
38.8942
35.2804
34.478
34.2955
34.2381
34.1751
34.0686
33.9166
33.7313
33.5268
33.3122
33.0926
32.8723
32.6544
32.4414
32.2344
32.034
31.8405
27.3365
30.2275
31.4341
32.0825
32.4931
32.7187
32.8142
32.827
32.7834
32.6994
32.5869
32.4541
32.3075
32.1522
31.9921
31.8295
31.6665
31.5047
28.3256
28.5497
29.6503
30.5524
31.1867
31.6025
31.8667
32.0149
32.0758
32.0773
32.0377
31.9671
31.8735
31.764
31.6443
31.5175
31.386
31.2519
21.5188
26.2533
28.4775
29.722
30.4847
30.969
31.2851
31.4833
31.5905
31.6335
31.6338
31.6016
31.5428
31.4641
31.3713
31.2689
31.1594
31.045
22.6407
26.159
28.1773
29.3616
30.1144
30.6139
30.9567
31.1841
31.3177
31.3827
31.4024
31.3893
31.3493
31.2882
31.2115
31.1233
31.0261
30.9223
24.3438
27.0751
28.5135
29.3911
29.9911
30.4147
30.7267
30.9459
31.0836
31.1593
31.1933
31.1958
31.1715
31.1254
31.0627
30.9885
30.9042
30.8127
28.5754
28.5478
29.0308
29.5463
30.0086
30.375
30.6586
30.8615
30.9911
31.064
31.0973
31.1018
31.0824
31.0423
30.9855
30.9192
30.8383
30.7496
30.1962
29.4586
29.4731
29.6894
30.0104
30.318
30.5726
30.7572
30.8819
30.9556
30.9981
31.0101
30.9975
30.965
30.9165
30.8509
30.7788
30.6974
31.5882
30.1465
29.7863
29.8409
30.0872
30.3555
30.582
30.7411
30.8506
30.9244
30.9593
30.9687
30.9568
30.9267
30.8815
30.8219
30.7519
30.6722
32.5358
30.3619
29.8939
29.8894
30.0997
30.3553
30.5414
30.6908
30.805
30.8805
30.9189
30.9284
30.917
30.8896
30.8485
30.7944
30.7284
30.6515
30.5848
30.409
29.9621
29.9647
30.1819
30.3855
30.5516
30.6896
30.7977
30.8687
30.9025
30.9088
30.8972
30.8726
30.8357
30.7856
30.7218
30.6451
30.1884
30.193
29.929
29.993
30.1929
30.3833
30.5419
30.679
30.7889
30.8597
30.8897
30.8909
30.8771
30.8552
30.8245
30.781
30.7218
30.6463
31.2636
30.1728
29.9141
30.0295
30.216
30.3913
30.5446
30.6813
30.7914
30.8607
30.8879
30.8861
30.8707
30.8494
30.8207
30.7798
30.7228
30.6488
28.4726
28.4722
28.4542
28.4189
28.3652
28.2923
28.1997
28.0864
27.9512
27.7933
27.6126
27.4102
27.1889
26.9538
26.7124
26.475
26.2544
26.0643
25.9183
25.825
25.7883
25.8066
25.8715
25.966
26.0678
26.161
26.2436
26.3098
26.3429
26.3373
26.3249
26.3669
26.4805
26.5508
26.4389
26.1498
25.6953
25.1025
24.4048
23.6364
22.8294
22.0125
21.2106
20.4452
19.7344
19.0937
18.5358
18.0704
17.7045
17.4422
17.2856
17.2348
17.2869
17.435
17.6681
17.9742
18.3405
18.7542
19.203
19.6757
20.1625
20.6555
21.1487
21.6385
22.1235
22.6042
23.0832
23.564
24.0512
24.5484
25.0571
25.5755
26.0983
26.617
27.121
27.6002
28.0458
28.4517
28.8146
29.1327
29.4056
29.634
29.8194
29.9643
30.0715
30.1441
30.1842
30.1963
30.1833
30.1485
30.0947
30.0246
29.9405
29.8446
29.7388
29.6247
29.5038
29.3774
29.2465
29.112
28.9748
28.8354
28.6945
28.5523
28.4093
28.2657
28.1217
27.9774
27.8329
27.6883
27.5435
27.3985
27.2533
27.1078
26.962
26.8159
26.6694
26.5225
26.3752
26.2272
26.0787
25.9297
25.78
25.6297
25.4787
25.3271
25.1746
25.0214
24.8674
24.7126
24.5568
24.4002
24.2425
24.0839
23.9242
23.7635
23.6017
23.4387
23.2747
23.1094
22.943
22.7754
22.6066
22.4366
22.2653
22.0928
21.919
21.7439
21.5674
21.3897
21.2106
21.0301
20.8483
20.6651
20.4806
20.2946
20.1072
19.9185
19.7284
19.5368
19.3439
19.1497
18.954
18.7571
18.5589
18.3595
18.159
17.9574
17.7549
17.5518
17.348
17.1442
16.9406
16.7379
16.5366
16.3384
16.1439
15.9554
15.7762
15.6024
28.4657
28.4589
28.4359
28.397
28.3416
28.2685
28.1757
28.0617
27.9246
27.7633
27.577
27.3663
27.1337
26.884
26.6248
26.3668
26.1233
25.909
25.7372
25.6189
25.5659
25.581
25.6602
25.7905
25.948
26.1109
26.2752
26.4472
26.6243
26.6341
26.4273
26.262
26.2133
26.1406
25.9442
25.6013
25.1177
24.5162
23.8261
23.0772
22.2978
21.5135
20.7464
20.0147
19.3345
18.7207
18.1867
17.7438
17.401
17.1639
17.0344
17.012
17.0895
17.2591
17.5123
17.8379
18.2233
18.6554
19.1214
19.6096
20.1096
20.6131
21.1138
21.6079
22.0937
22.572
23.0457
23.5193
23.9983
24.4878
24.9908
25.5064
26.0296
26.5512
27.06
27.5446
27.9959
28.4076
28.7761
29.0996
29.3775
29.6104
29.7998
29.9481
30.058
30.1326
30.174
30.1873
30.1754
30.1414
30.0883
30.0186
29.935
29.8395
29.734
29.6202
29.4995
29.3733
29.2427
29.1084
28.9714
28.8322
28.6914
28.5494
28.4066
28.2632
28.1193
27.9752
27.8309
27.6864
27.5417
27.3968
27.2517
27.1063
26.9607
26.8146
26.6682
26.5214
26.374
26.2262
26.0778
25.9288
25.7792
25.629
25.4781
25.3265
25.1741
25.021
24.867
24.7122
24.5565
24.3998
24.2423
24.0837
23.924
23.7633
23.6015
23.4386
23.2746
23.1093
22.9429
22.7753
22.6065
22.4365
22.2653
22.0927
21.9189
21.7438
21.5674
21.3897
21.2106
21.0301
20.8483
20.6651
20.4805
20.2945
20.1072
19.9184
19.7283
19.5367
19.3438
19.1495
18.9539
18.757
18.5587
18.3593
18.1587
17.957
17.7545
17.5512
17.3473
17.1433
16.9393
16.7362
16.5345
16.3351
16.1397
15.9481
15.7664
15.5821
28.473
28.4609
28.4343
28.3932
28.3364
28.2618
28.1673
28.0503
27.9083
27.7394
27.5418
27.3153
27.061
26.7831
26.4886
26.189
25.9002
25.6411
25.4306
25.284
25.2144
25.2287
25.3305
25.5142
25.753
25.9958
26.1255
26.1452
26.1433
26.1263
26.0343
25.8693
25.6608
25.4026
25.0751
24.6658
24.1717
23.5991
22.9611
22.2743
21.5572
20.8287
20.1077
19.4134
18.7634
18.174
17.6601
17.2354
16.911
16.6948
16.5899
16.5922
16.6989
16.9025
17.1928
17.5571
17.9815
18.4515
18.953
19.4731
20.0006
20.5261
21.0426
21.5457
22.0337
22.5074
22.9707
23.4294
23.8913
24.3641
24.8535
25.361
25.8826
26.409
26.9269
27.4229
27.8864
28.3105
28.6914
29.0269
29.316
29.5589
29.7568
29.9121
30.0277
30.1061
30.1509
30.1666
30.1566
30.1242
30.0723
30.0037
29.9209
29.8262
29.7214
29.6083
29.4884
29.3628
29.2326
29.0989
28.9624
28.8237
28.6833
28.5418
28.3994
28.2564
28.113
27.9693
27.8253
27.6812
27.5369
27.3924
27.2477
27.1026
26.9573
26.8115
26.6654
26.5188
26.3718
26.2242
26.076
25.9273
25.7779
25.6279
25.4771
25.3257
25.1734
25.0204
24.8666
24.7118
24.5562
24.3996
24.242
24.0834
23.9238
23.7632
23.6014
23.4385
23.2744
23.1092
22.9429
22.7753
22.6065
22.4365
22.2652
22.0927
21.9189
21.7438
21.5674
21.3896
21.2105
21.0301
20.8482
20.665
20.4804
20.2945
20.1071
19.9183
19.7282
19.5366
19.3437
19.1493
18.9537
18.7567
18.5584
18.3588
18.1581
17.9563
17.7535
17.55
17.3458
17.1412
16.9367
16.7326
16.5297
16.328
16.1297
15.9326
15.7424
15.5433
28.5213
28.5079
28.4814
28.4414
28.386
28.3132
28.2204
28.105
27.964
27.7945
27.5941
27.3618
27.0981
26.8065
26.4939
26.172
25.8586
25.5744
25.334
25.1621
25.0679
25.0539
25.1173
25.2418
25.4025
25.5689
25.6964
25.7456
25.7102
25.6096
25.4507
25.2385
24.9707
24.6424
24.25
23.7923
23.2707
22.6902
22.0598
21.3911
20.6977
19.9948
19.2983
18.6254
17.9934
17.4195
16.9205
16.5114
16.2047
16.0092
15.9292
15.9636
16.1109
16.3639
16.7103
17.1345
17.6196
18.1486
18.7052
19.2751
19.8455
20.4058
20.9479
21.4662
21.9585
22.4259
22.8728
23.3071
23.7393
24.1814
24.6444
25.1347
25.651
26.1832
26.7151
27.2291
27.7124
28.157
28.5583
28.9137
29.2211
29.4802
29.6918
29.8582
29.9823
30.0659
30.1162
30.1358
30.1289
30.0988
30.0488
29.9818
29.9005
29.807
29.7033
29.5912
29.4722
29.3475
29.2183
29.0854
28.9496
28.8116
28.6719
28.531
28.3892
28.2469
28.104
27.9609
27.8176
27.674
27.5302
27.3862
27.2419
27.0973
26.9524
26.8071
26.6613
26.5151
26.3683
26.221
26.0732
25.9247
25.7756
25.6257
25.4752
25.3239
25.1719
25.019
24.8653
24.7107
24.5552
24.3987
24.2412
24.0827
23.9232
23.7626
23.6009
23.438
23.2741
23.1089
22.9425
22.775
22.6063
22.4363
22.2651
22.0926
21.9188
21.7437
21.5673
21.3895
21.2104
21.0299
20.8481
20.6649
20.4803
20.2943
20.1069
19.9182
19.728
19.5364
19.3434
19.1491
18.9533
18.7562
18.5579
18.3582
18.1574
17.9554
17.7524
17.5485
17.3439
17.1388
16.9336
16.7283
16.524
16.32
16.1185
15.9163
15.7177
15.5079
28.6203
28.6083
28.5843
28.5478
28.4971
28.4305
28.3457
28.2403
28.1116
27.9569
27.774
27.5619
27.3206
27.0525
26.7632
26.4622
26.1656
25.8964
25.6663
25.4908
25.3761
25.3226
25.3219
25.3572
25.4061
25.4455
25.4548
25.4131
25.3077
25.1391
24.9145
24.638
24.3075
23.9189
23.4703
22.9628
22.4013
21.793
21.1469
20.4729
19.7814
19.0837
18.3937
17.7269
17.0989
16.5273
16.03
15.6234
15.3217
15.1366
15.0791
15.1601
15.3699
15.6941
16.1158
16.6168
17.1779
17.78
18.4053
19.0374
19.6623
20.2677
20.8435
21.3827
21.8817
22.3406
22.7639
23.1611
23.5471
23.9397
24.3572
24.8135
25.3131
25.8485
26.399
26.9403
27.4545
27.9316
28.3659
28.753
29.0892
29.3729
29.6043
29.7858
29.9207
30.0133
30.0697
30.0943
30.0911
30.0642
30.0168
29.9522
29.8728
29.7812
29.6791
29.5684
29.4507
29.3271
29.1989
29.067
28.9321
28.795
28.6562
28.5162
28.3752
28.2337
28.0916
27.9493
27.8067
27.6639
27.5208
27.3775
27.2339
27.09
26.9456
26.8008
26.6556
26.5098
26.3635
26.2167
26.0692
25.9211
25.7723
25.6228
25.4726
25.3216
25.1698
25.0172
24.8637
24.7092
24.5539
24.3976
24.2402
24.0819
23.9224
23.7619
23.6003
23.4375
23.2736
23.1085
22.9422
22.7747
22.606
22.4361
22.2649
22.0924
21.9186
21.7435
21.5671
21.3894
21.2103
21.0298
20.848
20.6648
20.4802
20.2942
20.1068
19.918
19.7278
19.5362
19.3431
19.1487
18.9529
18.7558
18.5573
18.3575
18.1565
17.9543
17.751
17.5468
17.3418
17.136
16.93
16.7236
16.5176
16.3114
16.1063
15.8996
15.693
15.4756
28.7663
28.7568
28.7369
28.7064
28.6639
28.608
28.5371
28.4492
28.3424
28.2144
28.0637
27.8894
27.692
27.4737
27.2402
27.0018
26.7665
26.5398
26.3322
26.1523
26.0042
25.8866
25.7928
25.711
25.6265
25.5254
25.3968
25.2331
25.0274
24.7743
24.4714
24.1177
23.7121
23.2541
22.7453
22.19
21.5948
20.9673
20.3146
19.6418
18.9541
18.2581
17.5625
16.8802
16.2294
15.6311
15.1088
14.6863
14.3854
14.2218
14.203
14.3272
14.5896
14.9788
15.4767
16.0608
16.7071
17.3923
18.0951
18.7972
19.4829
20.1387
20.7536
21.3184
21.8269
22.2768
22.6706
23.0195
23.3432
23.6661
24.0147
24.4138
24.8778
25.4046
25.9705
26.5421
27.0959
27.6192
28.1028
28.5383
28.9175
29.2367
29.4957
29.6969
29.8451
29.9485
30.0124
30.0424
30.0436
30.0202
29.976
29.9143
29.8377
29.7485
29.6488
29.5403
29.4244
29.3025
29.1756
29.0449
28.9111
28.775
28.6372
28.4981
28.3581
28.2175
28.0764
27.935
27.7934
27.6515
27.5093
27.3668
27.224
27.0809
26.9372
26.7931
26.6485
26.5033
26.3576
26.2112
26.0642
25.9166
25.7682
25.6191
25.4692
25.3186
25.1671
25.0147
24.8615
24.7073
24.5521
24.396
24.2388
24.0806
23.9213
23.7609
23.5994
23.4368
23.2729
23.1079
22.9417
22.7743
22.6056
22.4357
22.2646
22.0921
21.9184
21.7433
21.5669
21.3892
21.2101
21.0296
20.8478
20.6646
20.48
20.294
20.1066
19.9178
19.7275
19.5359
19.3428
19.1483
18.9525
18.7552
18.5566
18.3567
18.1555
17.9531
17.7495
17.5449
17.3394
17.133
16.926
16.7184
16.5107
16.3023
16.0937
15.8829
15.6696
15.4462
28.9405
28.9333
28.9178
28.8937
28.8601
28.8157
28.7595
28.6901
28.606
28.5058
28.3882
28.2526
28.1008
27.9337
27.7533
27.5616
27.3643
27.1667
26.973
26.7857
26.6053
26.4301
26.2559
26.0763
25.884
25.6717
25.433
25.163
24.857
24.5111
24.1221
23.6887
23.2118
22.6948
22.143
21.5616
20.9547
20.3236
19.6677
18.9861
18.2789
17.5483
16.8006
16.0476
15.311
14.6209
14.0122
13.5208
13.1769
13.0016
13.0043
13.1815
13.5271
14.0229
14.6417
15.3518
16.1213
16.9207
17.7255
18.5162
19.2776
19.9972
20.6641
21.2677
21.798
22.2492
22.6234
22.9325
23.1971
23.4452
23.7101
24.0257
24.4207
24.9068
25.4667
26.0572
26.6477
27.2226
27.7682
28.2681
28.706
29.0733
29.3686
29.592
29.758
29.873
29.9449
29.9808
29.9865
29.9669
29.9262
29.8677
29.7943
29.7083
29.6116
29.5058
29.3925
29.2729
29.1481
29.019
28.8866
28.7517
28.6149
28.4768
28.3378
28.1982
28.0582
27.9179
27.7773
27.6365
27.4954
27.354
27.2121
27.0699
26.9271
26.7838
26.6399
26.4955
26.3504
26.2046
26.0582
25.9111
25.7632
25.6146
25.4651
25.3149
25.1638
25.0117
24.8588
24.7049
24.55
24.3941
24.2372
24.0791
23.92
23.7598
23.5984
23.4359
23.2721
23.1072
22.9411
22.7738
22.6052
22.4354
22.2642
22.0918
21.9181
21.7431
21.5667
21.389
21.2099
21.0294
20.8476
20.6644
20.4798
20.2938
20.1063
19.9175
19.7272
19.5355
19.3424
19.1479
18.952
18.7546
18.5559
18.3558
18.1545
17.9518
17.7479
17.5428
17.3368
17.1297
16.9217
16.7129
16.5035
16.2928
16.0811
15.8664
15.6478
15.4195
29.1199
29.1148
29.1033
29.0851
29.0593
29.0254
28.9821
28.9285
28.864
28.787
28.6966
28.5925
28.4733
28.3402
28.1942
28.0362
27.8671
27.6879
27.4995
27.3017
27.0936
26.8737
26.6396
26.3885
26.1168
25.8209
25.4969
25.141
24.7508
24.3245
23.8624
23.3663
22.8399
22.2878
21.7141
21.1204
20.5042
19.8583
19.1719
18.4346
17.6416
16.7959
15.9097
15.005
14.112
13.2707
12.5281
11.9322
11.523
11.3277
11.3605
11.6221
12.0918
12.7391
13.526
14.4093
15.3459
16.2977
17.2352
18.1374
18.9905
19.7849
20.5124
21.165
21.7351
22.2166
22.6097
22.9201
23.162
23.3664
23.5694
23.803
24.1013
24.4986
24.9989
25.5621
26.1565
26.7675
27.3759
27.9508
28.461
28.8879
29.2249
29.4781
29.662
29.7884
29.8681
29.9098
29.9201
29.9046
29.8675
29.8126
29.7428
29.6603
29.5672
29.4649
29.3548
29.2382
29.116
28.9893
28.8589
28.7256
28.5901
28.4531
28.3151
28.1765
28.0375
27.8983
27.7589
27.6193
27.4793
27.3391
27.1984
27.0572
26.9154
26.773
26.63
26.4864
26.342
26.197
26.0512
25.9047
25.7574
25.6093
25.4604
25.3105
25.1599
25.0082
24.8556
24.7021
24.5475
24.3919
24.2352
24.0774
23.9185
23.7584
23.5972
23.4348
23.2712
23.1064
22.9404
22.7732
22.6047
22.4349
22.2638
22.0915
21.9178
21.7428
21.5664
21.3887
21.2097
21.0292
20.8474
20.6642
20.4796
20.2935
20.1061
19.9172
19.7269
19.5352
19.342
19.1474
18.9514
18.754
18.5551
18.3549
18.1533
17.9504
17.7461
17.5406
17.334
17.1262
16.9173
16.7072
16.4961
16.2833
16.0687
15.8505
15.6274
15.3952
29.2906
29.2872
29.2788
29.2651
29.2455
29.2194
29.1859
29.1443
29.093
29.0313
28.9586
28.8739
28.7767
28.6665
28.543
28.4053
28.2526
28.0836
27.8969
27.6909
27.4639
27.2143
26.9402
26.6397
26.3112
25.9527
25.5628
25.1407
24.6864
24.2018
23.6899
23.1549
22.6013
22.0317
21.4455
20.8368
20.194
19.5004
18.7387
17.8962
16.9679
15.959
14.8872
13.7828
12.687
11.6506
10.7341
10.0022
9.51233
9.29936
9.37347
9.72693
10.3413
11.1771
12.1791
13.2843
14.431
15.5669
16.6556
17.6778
18.625
19.4947
20.2856
20.9944
21.6153
22.1433
22.5764
22.9164
23.1764
23.381
23.5569
23.728
23.9193
24.1927
24.5832
25.0742
25.6375
26.2632
26.9304
27.5913
28.1896
28.6883
29.0719
29.3571
29.5592
29.6961
29.7824
29.8292
29.8442
29.8331
29.8002
29.7493
29.6834
29.6049
29.5158
29.4175
29.3112
29.1981
29.0792
28.9553
28.8274
28.6963
28.5626
28.4271
28.2903
28.1527
28.0148
27.8766
27.7383
27.5999
27.4612
27.3222
27.1828
27.0427
26.9021
26.7608
26.6187
26.476
26.3325
26.1883
26.0432
25.8974
25.7507
25.6032
25.4549
25.3056
25.1554
25.0042
24.852
24.6988
24.5446
24.3893
24.2329
24.0753
23.9167
23.7568
23.5958
23.4336
23.2701
23.1055
22.9396
22.7725
22.6041
22.4344
22.2634
22.091
21.9174
21.7424
21.5661
21.3884
21.2094
21.029
20.8471
20.6639
20.4793
20.2933
20.1058
19.9169
19.7266
19.5348
19.3416
19.1469
18.9508
18.7533
18.5543
18.3539
18.1521
17.9488
17.7443
17.5383
17.3311
17.1225
16.9127
16.7014
16.4886
16.2738
16.0565
15.8353
15.6086
15.3732
29.4466
29.444
29.4375
29.4268
29.4112
29.3901
29.3629
29.3285
29.286
29.2344
29.1726
29.0999
29.0155
28.9187
28.8081
28.6823
28.5391
28.376
28.1905
27.9798
27.7412
27.4725
27.1714
26.8367
26.4674
26.0633
25.6254
25.1559
24.6584
24.1376
23.5984
23.0451
22.4799
21.9016
21.3029
20.6702
19.9832
19.2184
18.3543
17.377
16.283
15.0794
13.7859
12.4366
11.082
9.78827
8.63619
7.71499
7.10245
6.84335
6.95371
7.42658
8.23172
9.31194
10.5897
11.978
13.3919
14.7602
16.0356
17.1982
18.2456
19.1855
20.0282
20.7802
21.4434
22.0155
22.4948
22.8832
23.1849
23.4095
23.5728
23.6918
23.7822
23.9212
24.1866
24.5826
25.0875
25.7048
26.4239
27.185
27.8912
28.4741
28.9142
29.2304
29.4492
29.5953
29.6873
29.7385
29.758
29.7519
29.7241
29.6781
29.6168
29.5427
29.4579
29.3639
29.2619
29.1529
29.0377
28.9172
28.7923
28.6638
28.5325
28.3989
28.2637
28.1274
27.9905
27.8534
27.7161
27.5788
27.4414
27.3036
27.1655
27.0267
26.8873
26.7471
26.6062
26.4645
26.3219
26.1785
26.0343
25.8893
25.7433
25.5965
25.4487
25.3
25.1504
24.9997
24.848
24.6952
24.5414
24.3864
24.2303
24.0731
23.9147
23.755
23.5942
23.4322
23.269
23.1045
22.9387
22.7717
22.6034
22.4338
22.2628
22.0906
21.917
21.7421
21.5658
21.3881
21.2091
21.0287
20.8468
20.6636
20.479
20.293
20.1055
19.9166
19.7262
19.5344
19.3411
19.1464
18.9502
18.7525
18.5534
18.3528
18.1508
17.9473
17.7423
17.5359
17.3281
17.1188
16.908
16.6955
16.4812
16.2645
16.0448
15.8209
15.5912
15.353
29.5896
29.5875
29.5819
29.5727
29.5592
29.5409
29.517
29.4867
29.4489
29.4026
29.3469
29.2808
29.2035
29.1138
29.0105
28.8914
28.7538
28.5945
28.41
28.1966
27.9507
27.6693
27.3499
26.9911
26.593
26.157
25.6869
25.1876
24.6658
24.1278
23.5786
23.0207
22.4529
21.8686
21.2546
20.5907
19.8506
19.005
18.028
16.9041
15.629
14.2088
12.6636
11.0325
9.37862
7.78961
6.37048
5.23204
4.47115
4.14799
4.28554
4.88015
5.88842
7.2326
8.81237
10.5163
12.2363
13.8778
15.3758
16.7038
17.8641
18.8783
19.7693
20.555
21.2464
21.848
22.3609
22.7883
23.1346
23.4001
23.5804
23.6746
23.6977
23.7288
23.8812
24.1748
24.5968
25.1681
25.9087
26.7636
27.5747
28.2424
28.7398
29.0875
29.3234
29.4795
29.5787
29.6359
29.661
29.6605
29.6388
29.5989
29.5432
29.4743
29.3944
29.3051
29.2077
29.1031
28.992
28.8753
28.7537
28.6282
28.4995
28.3682
28.235
28.1004
27.9649
27.8289
27.6927
27.5565
27.4201
27.2836
27.1467
27.0093
26.8711
26.7322
26.5924
26.4518
26.3103
26.1678
26.0245
25.8803
25.7351
25.589
25.442
25.2939
25.1448
24.9947
24.8435
24.6912
24.5378
24.3832
24.2275
24.0706
23.9124
23.7531
23.5925
23.4307
23.2677
23.1034
22.9377
22.7708
22.6026
22.4331
22.2623
22.0901
21.9165
21.7416
21.5654
21.3878
21.2087
21.0283
20.8465
20.6633
20.4787
20.2926
20.1051
19.9162
19.7258
19.5339
19.3406
19.1458
18.9495
18.7518
18.5525
18.3517
18.1494
17.9456
17.7403
17.5335
17.3251
17.1151
16.9033
16.6897
16.4739
16.2554
16.0337
15.8074
15.5751
15.3346
29.7251
29.7231
29.717
29.7078
29.6947
29.6771
29.6543
29.6254
29.5895
29.5456
29.4925
29.4293
29.3551
29.2687
29.1687
29.0528
28.918
28.7608
28.577
28.3621
28.112
27.8225
27.4911
27.1167
26.7004
26.2452
25.7566
25.242
24.7099
24.1673
23.6181
23.0626
22.4961
21.9074
21.2784
20.5839
19.7932
18.8733
17.7946
16.5391
15.1007
13.4839
11.7099
9.8244
7.90503
6.05928
4.41112
3.08633
2.19846
1.81785
1.96855
2.64706
3.80974
5.36596
7.19664
9.1681
11.1524
13.0378
14.7406
16.2233
17.4874
18.5689
19.5045
20.3212
21.0341
21.6538
22.1844
22.6278
22.9939
23.2913
23.5126
23.6414
23.6787
23.6904
23.7874
24.0034
24.341
24.8353
25.5375
26.4093
27.2715
27.9939
28.5343
28.911
29.1671
29.3385
29.4498
29.5172
29.5511
29.5586
29.5445
29.5119
29.4632
29.4005
29.3261
29.2419
29.1494
29.0494
28.9427
28.83
28.7121
28.5899
28.464
28.3353
28.2043
28.0718
27.938
27.8035
27.6685
27.5333
27.398
27.2626
27.1268
26.9906
26.8538
26.7161
26.5776
26.4381
26.2976
26.1562
26.0139
25.8705
25.7262
25.5809
25.4346
25.2872
25.1388
24.9893
24.8386
24.6868
24.5339
24.3797
24.2244
24.0678
23.91
23.751
23.5907
23.4291
23.2663
23.1021
22.9367
22.7699
22.6018
22.4324
22.2616
22.0895
21.916
21.7412
21.565
21.3874
21.2084
21.028
20.8462
20.663
20.4783
20.2923
20.1048
19.9158
19.7254
19.5335
19.3401
19.1452
18.9488
18.751
18.5515
18.3506
18.1481
17.944
17.7383
17.531
17.3221
17.1113
16.8987
16.6839
16.4668
16.2467
16.023
15.7947
15.5602
15.3179
29.8574
29.8551
29.8485
29.8384
29.8243
29.8059
29.7825
29.7532
29.7171
29.6731
29.6201
29.5572
29.4834
29.3975
29.298
29.1827
29.0488
28.8924
28.7089
28.4936
28.2418
27.9491
27.6122
27.2305
26.8051
26.3408
25.8444
25.3247
24.7906
24.2501
23.7055
23.1554
22.5918
22.0004
21.3601
20.6432
19.8168
18.8464
17.7003
16.3571
14.8095
13.0607
11.1338
9.07901
6.98315
4.96705
3.16843
1.71998
0.737527
0.303027
0.446042
1.17267
2.43694
4.13305
6.12376
8.26082
10.4061
12.4427
14.2762
15.8576
17.1806
18.2951
19.2529
20.0912
20.8179
21.4421
21.9789
22.4352
22.811
23.1167
23.3627
23.5402
23.6431
23.7142
23.8261
24.0165
24.3054
24.7391
25.3761
26.1933
27.0289
27.748
28.2992
28.6942
28.9725
29.1661
29.2972
29.3808
29.4278
29.4462
29.4415
29.4178
29.3773
29.322
29.2539
29.1752
29.0876
28.9925
28.8904
28.7819
28.6679
28.5491
28.4262
28.3002
28.1717
28.0413
27.9096
27.7768
27.6433
27.5094
27.3753
27.2409
27.1062
26.9711
26.8355
26.699
26.5617
26.4234
26.2841
26.1437
26.0024
25.86
25.7166
25.5722
25.4266
25.28
25.1323
24.9834
24.8333
24.6821
24.5297
24.376
24.2211
24.0649
23.9075
23.7488
23.5888
23.4274
23.2648
23.1009
22.9356
22.769
22.601
22.4317
22.261
22.0889
21.9155
21.7407
21.5645
21.387
21.208
21.0276
20.8458
20.6626
20.478
20.2919
20.1044
19.9154
19.7249
19.533
19.3396
19.1446
18.9481
18.7501
18.5506
18.3494
18.1467
17.9423
17.7363
17.5286
17.319
17.1076
16.8941
16.6784
16.4599
16.2384
16.013
15.7828
15.5466
15.3026
29.9879
29.9864
29.9803
29.969
29.9535
29.9335
29.9078
29.8762
29.838
29.7922
29.7378
29.6736
29.5985
29.5112
29.4104
29.294
29.1594
29.0028
28.8199
28.6054
28.3546
28.0627
27.7265
27.3451
26.9197
26.455
25.959
25.4417
24.9083
24.3716
23.8316
23.2861
22.7258
22.1349
21.4911
20.7661
19.9272
18.9405
17.7747
16.4071
14.829
13.0436
11.0758
8.97842
6.84014
4.78356
2.94881
1.46927
0.458688
-0.00268478
0.126267
0.855276
2.13066
3.84305
5.85094
8.00457
10.1649
12.2168
14.0675
15.6647
16.9927
18.0968
19.0528
19.8998
20.6359
21.2535
21.7735
22.2233
22.6137
22.9443
23.2149
23.4256
23.5745
23.69
23.8266
24.0208
24.3008
24.7174
25.3187
26.0778
26.8549
27.5344
28.0699
28.4691
28.7633
28.9778
29.1301
29.2327
29.2955
29.3264
29.3323
29.3179
29.2862
29.2392
29.1783
29.1056
29.0233
28.933
28.8355
28.7315
28.6215
28.5062
28.3865
28.2633
28.1374
28.0093
27.8796
27.7488
27.6172
27.4848
27.352
27.2187
27.0851
26.9511
26.8165
26.6812
26.545
26.4078
26.2697
26.1305
25.9902
25.8488
25.7064
25.5628
25.4181
25.2723
25.1253
24.9771
24.8277
24.6771
24.5252
24.372
24.2176
24.0618
23.9048
23.7464
23.5867
23.4256
23.2633
23.0995
22.9344
22.7679
22.6001
22.4309
22.2603
22.0883
21.9149
21.7402
21.5641
21.3865
21.2076
21.0272
20.8454
20.6622
20.4776
20.2915
20.104
19.915
19.7245
19.5325
19.339
19.144
18.9474
18.7493
18.5496
18.3483
18.1453
17.9407
17.7343
17.5262
17.3161
17.104
16.8897
16.673
16.4534
16.2305
16.0036
15.7718
15.534
15.2887
30.1235
30.123
30.1179
30.1064
30.0884
30.0649
30.036
30.0011
29.9596
29.9106
29.8532
29.7864
29.7089
29.6192
29.5159
29.3972
29.2607
29.1031
28.9203
28.7077
28.4602
28.1732
27.8431
27.4687
27.0508
26.5938
26.1046
25.5924
25.0654
24.5313
23.9929
23.4487
22.89
22.3017
21.6625
20.9456
20.1205
19.1553
18.0215
16.6978
15.1744
13.4558
11.568
9.56262
7.52253
5.55988
3.805
2.38383
1.40639
0.947222
1.04452
1.71099
2.89942
4.5022
6.38488
8.40887
10.4433
12.3802
14.1379
15.6654
16.9422
18.0057
18.9321
19.7676
20.5027
21.1078
21.6003
22.0279
22.4197
22.7804
23.0993
23.3548
23.5271
23.6301
23.7151
23.8493
24.1125
24.5679
25.2221
25.9881
26.7338
27.3767
27.8901
28.2847
28.5846
28.8093
28.9736
29.0889
29.1637
29.2057
29.2211
29.2153
29.192
29.1531
29.0998
29.0336
28.9568
28.8712
28.7785
28.679
28.5731
28.4616
28.3451
28.2248
28.1014
27.9758
27.8483
27.7196
27.5899
27.4594
27.3281
27.1962
27.0637
26.9307
26.7971
26.6628
26.5277
26.3916
26.2546
26.1165
25.9773
25.837
25.6955
25.5529
25.4091
25.2641
25.1179
24.9705
24.8218
24.6718
24.5205
24.3678
24.2139
24.0586
23.9019
23.7439
23.5845
23.4238
23.2616
23.0981
22.9332
22.7669
22.5992
22.4301
22.2595
22.0877
21.9144
21.7397
21.5636
21.3861
21.2071
21.0268
20.845
20.6618
20.4772
20.2911
20.1036
19.9145
19.724
19.532
19.3384
19.1433
18.9467
18.7485
18.5486
18.3471
18.144
17.9391
17.7324
17.5238
17.3132
17.1005
16.8855
16.6678
16.4472
16.2231
15.9949
15.7617
15.5225
15.2761
30.2743
30.272
30.2687
30.2584
30.2383
30.2096
30.1746
30.1341
30.088
30.0352
29.9746
29.9049
29.8247
29.7323
29.626
29.504
29.3642
29.204
29.0202
28.8091
28.5661
28.287
27.9682
27.6075
27.2049
26.7631
26.2874
25.7854
25.265
24.7332
24.1944
23.6482
23.0886
22.5032
21.8737
21.1773
20.3877
19.4777
18.4226
17.2045
15.8151
14.2601
12.5645
10.7752
8.96295
7.221
5.65851
4.38312
3.48941
3.04468
3.08507
3.62301
4.62544
5.99893
7.62506
9.38618
11.1702
12.8822
14.454
15.8405
17.0197
18.019
18.9036
19.7167
20.4408
21.022
21.4623
21.8381
22.215
22.6099
22.9911
23.3076
23.5108
23.5761
23.5482
23.5733
23.8205
24.3647
25.1258
25.9382
26.6749
27.2874
27.7747
28.1565
28.4525
28.6772
28.8433
28.9616
29.0409
29.0884
29.1101
29.111
29.0945
29.0629
29.017
28.9578
28.8868
28.8062
28.718
28.6231
28.5218
28.4142
28.3012
28.1839
28.0633
27.9402
27.8152
27.6886
27.561
27.4324
27.303
27.1727
27.0416
26.9098
26.7771
26.6438
26.5096
26.3746
26.2386
26.1016
25.9635
25.8243
25.6839
25.5423
25.3995
25.2554
25.11
24.9634
24.8154
24.6661
24.5154
24.3634
24.21
24.0552
23.8989
23.7413
23.5823
23.4218
23.2599
23.0966
22.9319
22.7658
22.5982
22.4292
22.2588
22.087
21.9137
21.7391
21.563
21.3856
21.2067
21.0264
20.8446
20.6614
20.4768
20.2907
20.1031
19.9141
19.7235
19.5315
19.3379
19.1427
18.946
18.7476
18.5477
18.346
18.1426
17.9375
17.7305
17.5215
17.3105
17.0972
16.8814
16.663
16.4414
16.2162
15.9868
15.7524
15.512
15.2647
30.4397
30.4347
30.4339
30.4243
30.399
30.3617
30.3186
30.2715
30.2203
30.164
30.1011
30.0295
29.9472
29.8524
29.743
29.6171
29.4728
29.3081
29.121
28.9089
28.6689
28.3977
28.0919
27.749
27.3675
26.9479
26.493
26.0079
25.4989
24.9724
24.4333
23.8831
23.3192
22.7337
22.113
21.4394
20.6927
19.8512
18.8952
17.8104
16.591
15.2429
13.7885
12.2673
10.7367
9.26956
7.95077
6.86543
6.08911
5.67759
5.65933
6.04622
6.81841
7.90714
9.21777
10.6554
12.1308
13.5668
14.9101
16.1251
17.1884
18.1148
18.9577
19.7481
20.4476
20.9858
21.3538
21.6474
21.9782
22.4034
22.8753
23.2839
23.5372
23.5947
23.5121
23.4889
23.7451
24.3573
25.1698
25.9823
26.6856
27.2552
27.7073
28.066
28.3488
28.567
28.7305
28.8484
28.9289
28.979
29.0045
29.01
28.9988
28.973
28.9334
28.8806
28.8155
28.74
28.6563
28.5658
28.4688
28.3655
28.2563
28.142
28.0242
27.9037
27.7811
27.657
27.5315
27.405
27.2775
27.149
27.0195
26.8889
26.7574
26.6249
26.4916
26.3575
26.2224
26.0864
25.9494
25.8112
25.6719
25.5313
25.3895
25.2463
25.1018
24.956
24.8088
24.6602
24.5102
24.3588
24.2059
24.0516
23.8959
23.7387
23.58
23.4198
23.2582
23.0951
22.9306
22.7646
22.5972
22.4283
22.258
22.0863
21.9131
21.7385
21.5625
21.385
21.2062
21.0259
20.8441
20.661
20.4763
20.2902
20.1027
19.9136
19.723
19.5309
19.3373
19.1421
18.9452
18.7468
18.5467
18.3449
18.1413
17.9359
17.7286
17.5193
17.3078
17.094
16.8776
16.6584
16.4359
16.2098
15.9793
15.7439
15.5025
15.2543
30.5767
30.5746
30.5813
30.5718
30.5406
30.4947
30.4435
30.3916
30.3395
30.2844
30.2232
30.1528
30.0709
29.9751
29.8632
29.7331
29.5831
29.4119
29.2184
29.0015
28.7601
28.4924
28.1964
27.8697
27.51
27.116
26.6877
26.2268
25.7369
25.2225
24.6881
24.1366
23.568
22.9786
22.3603
21.7012
20.9866
20.2009
19.3295
18.362
17.2942
16.1318
14.8937
13.6122
12.3333
11.1139
10.0182
9.11089
8.4496
8.07924
8.02038
8.28499
8.85928
9.69292
10.7153
11.8554
13.047
14.2318
15.3697
16.4324
17.3937
18.2547
19.0581
19.8268
20.4944
20.962
21.2215
21.4103
21.6874
22.1434
22.723
23.2601
23.6127
23.7234
23.6736
23.677
23.9501
24.5567
25.328
26.0742
26.7089
27.2242
27.6406
27.9775
28.2468
28.4573
28.6175
28.7359
28.8196
28.8744
28.905
28.9157
28.9096
28.8888
28.8545
28.8071
28.7474
28.6767
28.597
28.5104
28.4175
28.3182
28.2127
28.1016
27.9864
27.8684
27.7483
27.6264
27.5031
27.3786
27.2529
27.1262
26.9984
26.8692
26.7387
26.6071
26.4746
26.3412
26.2069
26.0717
25.9356
25.7984
25.6601
25.5205
25.3796
25.2374
25.0938
24.9488
24.8023
24.6545
24.5051
24.3543
24.202
24.0482
23.8929
23.7361
23.5777
23.4179
23.2565
23.0937
22.9293
22.7635
22.5962
22.4274
22.2572
22.0856
21.9124
21.7379
21.5619
21.3845
21.2057
21.0254
20.8437
20.6605
20.4759
20.2898
20.1022
19.9131
19.7225
19.5304
19.3367
19.1414
18.9445
18.746
18.5458
18.3439
18.1401
17.9345
17.7269
17.5172
17.3053
17.091
16.8741
16.6542
16.431
16.2039
15.9726
15.7362
15.4939
15.2451
30.7093
30.7022
30.6936
30.6741
30.6367
30.5871
30.5372
30.4907
30.4466
30.3995
30.3446
30.2789
30.1997
30.104
29.9896
29.8544
29.6971
29.5169
29.3136
29.0876
28.8394
28.5694
28.2771
27.9616
27.6208
27.2523
26.8536
26.4232
25.9609
25.4682
24.9477
24.4022
23.8333
23.2406
22.6205
21.9665
21.2698
20.5204
19.7087
18.8279
17.8762
16.8596
15.7938
14.7055
13.6311
12.615
11.7061
10.9526
10.396
10.0636
9.97704
10.145
10.5592
11.1834
11.9695
12.8687
13.8337
14.8202
15.7971
16.7402
17.6171
18.4184
19.1818
19.919
20.5381
20.9171
21.0572
21.1428
21.379
21.8712
22.5411
23.1926
23.6521
23.8475
23.8732
23.9365
24.2322
24.8038
25.496
26.1521
26.7105
27.173
27.557
27.8764
28.1384
28.3471
28.5077
28.6276
28.7141
28.7734
28.8098
28.8265
28.8258
28.8099
28.7803
28.7378
28.6828
28.6165
28.5407
28.4575
28.368
28.2725
28.1705
28.0627
27.9501
27.8344
27.7166
27.5971
27.4759
27.3533
27.2294
27.1044
26.9781
26.8504
26.7211
26.5904
26.4586
26.3258
26.1921
26.0577
25.9223
25.786
25.6486
25.51
25.37
25.2287
25.0859
24.9417
24.796
24.6488
24.5001
24.3499
24.1982
24.0449
23.89
23.7336
23.5756
23.416
23.2549
23.0923
22.9281
22.7625
22.5953
22.4266
22.2565
22.0849
21.9118
21.7373
21.5614
21.384
21.2052
21.025
20.8432
20.6601
20.4754
20.2893
20.1017
19.9126
19.722
19.5299
19.3361
19.1408
18.9439
18.7453
18.545
18.3429
18.139
17.9332
17.7253
17.5154
17.3031
17.0884
16.8709
16.6504
16.4265
16.1987
15.9665
15.7293
15.4863
15.2368
30.832
30.7977
30.732
30.6673
30.6159
30.5859
30.5695
30.5558
30.5385
30.5109
30.4695
30.4123
30.3371
30.2418
30.1241
29.9822
29.8149
29.6224
29.4054
29.1657
28.9057
28.6278
28.3337
28.0239
27.6973
27.3511
26.9812
26.5834
26.1539
25.6908
25.1937
24.664
24.1036
23.5136
22.8938
22.2419
21.5539
20.8247
20.0495
19.2257
18.3543
17.4418
16.5021
15.5571
14.636
13.7735
13.0065
12.3703
11.8944
11.5994
11.4941
11.5926
11.8876
12.357
12.9709
13.6971
14.5001
15.3429
16.1998
17.0478
17.8505
18.5917
19.3076
20.0032
20.5656
20.8489
20.876
20.8954
21.14
21.6765
22.3861
23.0842
23.6125
23.8952
24.0173
24.1656
24.5014
25.037
25.6426
26.2089
26.7006
27.1208
27.4787
27.7819
28.036
28.244
28.408
28.5318
28.6214
28.6836
28.7237
28.7448
28.7487
28.737
28.7114
28.6729
28.6221
28.5598
28.4875
28.4073
28.3209
28.2285
28.13
28.0253
27.9155
27.802
27.6863
27.5688
27.4498
27.3291
27.2069
27.0835
26.9588
26.8324
26.7044
26.5747
26.4436
26.3113
26.1782
26.0443
25.9096
25.7741
25.6375
25.4997
25.3606
25.2201
25.0782
24.9348
24.7898
24.6434
24.4953
24.3457
24.1945
24.0417
23.8873
23.7312
23.5736
23.4143
23.2534
23.091
22.927
22.7615
22.5944
22.4258
22.2558
22.0843
21.9113
21.7368
21.5609
21.3836
21.2048
21.0245
20.8428
20.6597
20.475
20.2889
20.1013
19.9122
19.7216
19.5294
19.3356
19.1403
18.9433
18.7446
18.5442
18.342
18.1379
17.9319
17.7239
17.5137
17.3011
17.0859
16.868
16.647
16.4224
16.194
15.9611
15.7232
15.4796
15.2296
30.9307
30.8724
30.7692
30.6687
30.6013
30.5865
30.5986
30.6174
30.631
30.6277
30.6029
30.5553
30.4846
30.3893
30.2672
30.1167
29.9371
29.7289
29.4941
29.2362
28.9595
28.6687
28.3677
28.0587
27.7417
27.4138
27.0697
26.7027
26.3062
25.8751
25.4068
24.9007
24.358
23.7799
23.1679
22.5223
21.8425
21.1274
20.376
19.5888
18.7692
17.925
17.0696
16.222
15.4065
14.651
13.9836
13.4304
13.0124
12.7452
12.6391
12.697
12.9167
13.2878
13.7914
14.4031
15.0929
15.8284
16.588
17.3508
18.0803
18.7603
19.4251
20.0711
20.5706
20.763
20.7048
20.6942
20.9755
21.5614
22.2831
22.9737
23.5236
23.8869
24.1249
24.3731
24.7428
25.2302
25.7518
26.2448
26.6886
27.0805
27.4202
27.7101
27.9548
28.1575
28.3201
28.4453
28.5377
28.6031
28.6466
28.6712
28.6786
28.6703
28.6478
28.6126
28.5653
28.5065
28.4375
28.3602
28.2763
28.1867
28.0912
27.9896
27.8824
27.7712
27.6574
27.5419
27.4248
27.306
27.1855
27.0636
26.9402
26.8153
26.6885
26.5598
26.4294
26.2977
26.165
26.0316
25.8974
25.7626
25.6267
25.4898
25.3515
25.2119
25.0707
24.9281
24.7839
24.6381
24.4907
24.3417
24.191
24.0387
23.8847
23.729
23.5717
23.4127
23.252
23.0898
22.9259
22.7605
22.5936
22.4251
22.2551
22.0837
21.9107
21.7363
21.5604
21.3831
21.2043
21.0241
20.8424
20.6593
20.4747
20.2885
20.1009
19.9118
19.7212
19.529
19.3352
19.1398
18.9427
18.744
18.5435
18.3412
18.137
17.9309
17.7226
17.5121
17.2993
17.0838
16.8655
16.644
16.4189
16.1899
15.9565
15.718
15.4738
15.2233
31.0829
31.0144
30.8953
30.7757
30.6838
30.6801
30.6946
30.7229
30.7509
30.7621
30.7491
30.7091
30.6415
30.5449
30.4172
30.2566
30.0623
29.8353
29.5784
29.2973
28.9987
28.6901
28.3781
28.0669
27.7572
27.4458
27.1257
26.7876
26.422
26.0212
25.5812
25.1005
24.5794
24.0195
23.4227
22.7906
22.1245
21.4253
20.6945
19.935
19.152
18.3543
17.5551
16.772
16.0266
15.3423
14.7425
14.248
13.8753
13.6354
13.5383
13.5794
13.7587
14.0705
14.5008
15.0299
15.6321
16.2799
16.9543
17.6363
18.2952
18.9185
19.5345
20.1284
20.5647
20.6805
20.5678
20.5485
20.8637
21.4827
22.216
22.9047
23.4649
23.881
24.2051
24.5247
24.9064
25.3506
25.8145
26.2622
26.6766
27.049
27.3746
27.6542
27.8914
28.0884
28.2466
28.3692
28.4611
28.528
28.5743
28.6025
28.6136
28.6085
28.5889
28.5564
28.5121
28.4564
28.3905
28.3158
28.2344
28.1472
28.0544
27.9555
27.8509
27.7419
27.63
27.5163
27.4011
27.284
27.1651
27.0446
26.9226
26.7989
26.6733
26.5457
26.4161
26.2849
26.1526
26.0196
25.8859
25.7515
25.6164
25.4802
25.3427
25.2039
25.0635
24.9216
24.7781
24.633
24.4862
24.3378
24.1877
24.0358
23.8822
23.7269
23.5699
23.4111
23.2507
23.0887
22.925
22.7597
22.5928
22.4245
22.2545
22.0831
21.9102
21.7359
21.56
21.3827
21.204
21.0237
20.8421
20.6589
20.4743
20.2882
20.1006
19.9115
19.7208
19.5286
19.3347
19.1393
18.9422
18.7434
18.5429
18.3405
18.1362
17.9299
17.7215
17.5108
17.2977
17.082
16.8633
16.6414
16.4159
16.1864
15.9525
15.7135
15.4688
15.218
31.2851
31.2118
31.082
30.952
30.8684
30.8223
30.8247
30.8489
30.8816
30.9012
30.898
30.8658
30.8018
30.704
30.5704
30.3994
30.1898
29.9422
29.6605
29.3522
29.0271
28.6957
28.3678
28.0503
27.7453
27.4489
27.152
26.8418
26.5054
26.1328
25.7189
25.2621
24.7627
24.2225
23.6441
23.03
22.3823
21.7032
20.9951
20.262
19.5101
18.7489
17.9914
17.2547
16.5587
15.9249
15.3739
14.9231
14.587
14.3734
14.2843
14.3175
14.4724
14.7432
15.118
15.5808
16.1113
16.687
17.2889
17.899
18.4946
19.0698
19.6434
20.1879
20.5635
20.6201
20.4791
20.4642
20.8033
21.4426
22.1901
22.89
23.4654
23.9121
24.2783
24.6291
25.0106
25.4285
25.8596
26.279
26.6702
27.0229
27.3325
27.6007
27.8312
28.0247
28.1808
28.3017
28.3925
28.4595
28.5072
28.538
28.5522
28.5503
28.5336
28.5037
28.4621
28.4093
28.3462
28.2741
28.1949
28.1099
28.0194
27.9231
27.821
27.7141
27.6041
27.4921
27.3785
27.2631
27.1457
27.0265
26.9057
26.7832
26.6588
26.5322
26.4035
26.2729
26.141
26.0082
25.8749
25.741
25.6065
25.4709
25.3342
25.1961
25.0565
24.9154
24.7726
24.6281
24.482
24.3341
24.1845
24.0331
23.8799
23.725
23.5682
23.4097
23.2495
23.0876
22.9241
22.7589
22.5922
22.4239
22.254
22.0826
21.9098
21.7354
21.5596
21.3824
21.2036
21.0234
20.8418
20.6586
20.474
20.2879
20.1003
19.9111
19.7205
19.5282
19.3344
19.1389
18.9418
18.743
18.5423
18.3399
18.1355
17.9291
17.7206
17.5097
17.2964
17.0804
16.8615
16.6392
16.4134
16.1835
15.9492
15.7098
15.4648
15.2137
31.5057
31.4227
31.2825
31.1391
31.0347
30.9747
30.9585
30.9707
30.9968
31.0234
31.0328
31.0122
30.9558
30.8597
30.7224
30.543
30.3189
30.0499
29.7403
29.3999
29.0422
28.6824
28.3343
28.0082
27.7074
27.4273
27.1555
26.8744
26.5665
26.2194
25.828
25.3916
24.9111
24.3889
23.8288
23.2339
22.6067
21.9498
21.2662
20.5599
19.8373
19.1078
18.3845
17.6839
17.0253
16.4292
15.915
15.4981
15.1887
14.9914
14.908
14.9358
15.0712
15.3084
15.638
16.0482
16.524
17.0454
17.5902
18.1397
18.6816
19.2186
19.7577
20.2573
20.5774
20.5924
20.4394
20.432
20.7885
21.4463
22.205
22.9096
23.4936
23.9595
24.3492
24.7152
25.0948
25.4956
25.9033
26.2993
26.6687
27.0018
27.2951
27.5512
27.7738
27.9629
28.1171
28.2376
28.3287
28.3964
28.4454
28.478
28.4947
28.4955
28.4814
28.4541
28.415
28.3649
28.3044
28.2347
28.1576
28.0747
27.9864
27.8923
27.7926
27.6878
27.5795
27.4691
27.3571
27.2433
27.1273
27.0094
26.8897
26.7683
26.6449
26.5194
26.3915
26.2615
26.1301
25.9976
25.8645
25.731
25.5969
25.462
25.326
25.1886
25.0498
24.9093
24.7672
24.6234
24.4779
24.3306
24.1815
24.0306
23.8778
23.7232
23.5667
23.4085
23.2485
23.0867
22.9233
22.7583
22.5916
22.4233
22.2535
22.0822
21.9094
21.7351
21.5593
21.382
21.2033
21.0231
20.8415
20.6583
20.4737
20.2876
20.1
19.9109
19.7202
19.5279
19.3341
19.1386
18.9414
18.7426
18.5419
18.3394
18.135
17.9285
17.7198
17.5088
17.2954
17.0792
16.86
16.6375
16.4114
16.1812
15.9465
15.7068
15.4615
15.2102
31.7071
31.624
31.4789
31.3156
31.1859
31.1026
31.0641
31.0616
31.081
31.1095
31.143
31.1396
31.0955
31.0051
30.8667
30.6817
30.4454
30.1556
29.8174
29.4431
29.0498
28.6567
28.2829
27.9435
27.6441
27.379
27.1326
26.8819
26.6032
26.2813
25.9117
25.4945
25.031
24.5249
23.9811
23.4041
22.7967
22.162
21.5027
20.8225
20.1276
19.4269
18.7331
18.0623
17.4331
16.865
16.376
15.9813
15.6896
15.5023
15.4184
15.4376
15.5555
15.767
16.0641
16.4376
16.8766
17.3618
17.8639
18.3615
18.8577
19.366
19.8779
20.336
20.6087
20.5983
20.445
20.4497
20.8226
21.4945
22.2568
22.955
23.5345
24.0068
24.41
24.7854
25.1625
25.5499
25.939
26.3152
26.6657
26.9822
27.2622
27.5083
27.7236
27.9076
28.0588
28.1778
28.2688
28.3373
28.3876
28.422
28.4407
28.4439
28.4322
28.4072
28.3705
28.3229
28.2649
28.1975
28.1225
28.0415
27.9551
27.8632
27.7656
27.6628
27.5563
27.4474
27.3368
27.2244
27.1099
26.9931
26.8744
26.754
26.6317
26.5071
26.3801
26.2508
26.1198
25.9876
25.8548
25.7215
25.5879
25.4535
25.3181
25.1814
25.0433
24.9035
24.7621
24.619
24.4741
24.3273
24.1787
24.0282
23.8758
23.7215
23.5653
23.4073
23.2475
23.0859
22.9226
22.7577
22.5911
22.4229
22.2531
22.0819
21.9091
21.7348
21.559
21.3818
21.2031
21.0229
20.8412
20.6581
20.4735
20.2874
20.0998
19.9106
19.72
19.5277
19.3338
19.1383
18.9412
18.7423
18.5416
18.339
18.1345
17.928
17.7192
17.5082
17.2946
17.0782
16.8589
16.6362
16.4099
16.1795
15.9446
15.7046
15.4592
15.2077
31.8864
31.7736
31.6049
31.43
31.2973
31.2027
31.1432
31.1183
31.121
31.1433
31.211
31.2286
31.2097
31.1344
31.0025
30.8193
30.5755
30.2669
29.8985
29.4853
29.049
28.6153
28.2102
27.8545
27.5564
27.3095
27.094
26.8779
26.6288
26.3293
25.9773
25.5753
25.1256
24.6331
24.1044
23.5443
22.9558
22.3421
21.7059
21.0505
20.3811
19.706
19.037
18.3893
17.7813
17.2322
16.7591
16.3743
16.0865
15.9006
15.8148
15.8263
15.933
16.1304
16.4097
16.7618
17.181
17.6469
18.1174
18.5668
19.022
19.5104
20.0007
20.4197
20.654
20.6322
20.49
20.5152
20.9072
21.5866
22.3415
23.0255
23.5941
24.0631
24.4684
24.8453
25.2178
25.5937
25.9667
26.3252
26.6591
26.9616
27.2311
27.4693
27.6786
27.8583
28.0064
28.1237
28.2141
28.283
28.3342
28.3699
28.3903
28.3954
28.3858
28.363
28.3284
28.2831
28.2275
28.1624
28.0893
28.01
27.9255
27.8355
27.7399
27.6391
27.5342
27.4267
27.3175
27.2065
27.0933
26.9777
26.8599
26.7404
26.619
26.4953
26.3692
26.2406
26.1101
25.9782
25.8455
25.7126
25.5792
25.4453
25.3105
25.1745
25.037
24.8979
24.7572
24.6147
24.4704
24.3242
24.1761
24.026
23.874
23.72
23.5641
23.4063
23.2467
23.0852
22.922
22.7572
22.5906
22.4225
22.2528
22.0816
21.9088
21.7346
21.5588
21.3816
21.2029
21.0227
20.8411
20.6579
20.4733
20.2872
20.0996
19.9105
19.7198
19.5275
19.3337
19.1382
18.941
18.7421
18.5413
18.3388
18.1342
17.9276
17.7188
17.5077
17.294
17.0776
16.8582
16.6354
16.4089
16.1784
15.9433
15.7032
15.4576
15.2061
32.0863
31.9219
31.7388
31.5685
31.4025
31.2666
31.176
31.1231
31.1183
31.1517
31.2369
31.3083
31.3209
31.2482
31.1182
30.9418
30.6969
30.3737
29.976
29.523
29.0416
28.5628
28.1202
27.7432
27.4433
27.2124
27.0264
26.8464
26.6302
26.3555
26.0238
25.6395
25.2033
24.7223
24.2061
23.6607
23.0894
22.4955
21.8812
21.2487
20.6023
19.9495
19.3007
18.6703
18.076
17.5363
17.069
16.6871
16.3968
16.2059
16.1116
16.1178
16.2224
16.4198
16.6956
17.0385
17.4505
17.9102
18.3553
18.7559
19.1722
19.6486
20.1241
20.5065
20.7108
20.6905
20.57
20.6215
21.032
21.7118
22.45
23.1123
23.6657
24.1274
24.5295
24.9031
25.2691
25.6334
25.9914
26.3337
26.6525
26.9427
27.2027
27.4339
27.6379
27.8134
27.9586
28.0741
28.164
28.233
28.285
28.3218
28.3435
28.3501
28.3423
28.3213
28.2887
28.2455
28.1921
28.1291
28.0579
27.9803
27.8974
27.8092
27.7155
27.6165
27.5132
27.4072
27.2993
27.1896
27.0775
26.963
26.8462
26.7274
26.6069
26.4841
26.3588
26.2309
26.1009
25.9693
25.8369
25.7041
25.571
25.4375
25.3032
25.1678
25.0309
24.8925
24.7525
24.6106
24.4669
24.3213
24.1736
24.024
23.8723
23.7187
23.563
23.4054
23.2459
23.0846
22.9216
22.7568
22.5903
22.4222
22.2526
22.0814
21.9086
21.7344
21.5586
21.3814
21.2027
21.0226
20.8409
20.6578
20.4732
20.2871
20.0995
19.9104
19.7197
19.5274
19.3335
19.138
18.9409
18.7419
18.5412
18.3386
18.1341
17.9274
17.7186
17.5075
17.2938
17.0773
16.8578
16.6349
16.4084
16.1778
15.9427
15.7025
15.4569
15.2053
32.3163
32.0465
31.818
31.6157
31.4455
31.3075
31.2004
31.1227
31.0949
31.0947
31.1786
31.2717
31.3354
31.3246
31.2306
31.0745
30.8218
30.4798
30.0527
29.5594
29.0284
28.4976
28.0116
27.6097
27.308
27.0978
26.9515
26.8184
26.6346
26.3788
26.0581
25.6836
25.2582
24.7891
24.2871
23.7579
23.2041
22.6296
22.0365
21.4261
20.8018
20.1691
19.5372
18.9202
18.3356
17.7997
17.3271
16.93
16.6215
16.4192
16.3209
16.3321
16.4525
16.6706
16.9579
17.3005
17.7114
18.1683
18.5874
18.9365
19.3143
19.7861
20.2554
20.6053
20.785
20.7744
20.6842
20.7673
21.1949
21.8667
22.5782
23.2112
23.7438
24.1946
24.5915
24.9606
25.3192
25.6724
26.0159
26.343
26.6476
26.926
27.1768
27.4011
27.5997
27.7711
27.9132
28.0267
28.1156
28.1845
28.2371
28.2747
28.2976
28.3055
28.2992
28.2798
28.2491
28.2079
28.1566
28.0956
28.0263
27.9504
27.8691
27.7827
27.6908
27.5936
27.492
27.3873
27.2807
27.1723
27.0615
26.9481
26.8322
26.7143
26.5945
26.4726
26.3481
26.221
26.0916
25.9604
25.8282
25.6956
25.5627
25.4295
25.2957
25.1608
25.0246
24.8869
24.7476
24.6064
24.4633
24.3183
24.1712
24.022
23.8707
23.7174
23.562
23.4046
23.2453
23.0841
22.9211
22.7564
22.59
22.422
22.2524
22.0812
21.9085
21.7342
21.5585
21.3813
21.2026
21.0225
20.8408
20.6577
20.4731
20.287
20.0994
19.9103
19.7196
19.5273
19.3335
19.138
18.9408
18.7419
18.5412
18.3386
18.134
17.9274
17.7186
17.5074
17.2937
17.0773
16.8578
16.6349
16.4084
16.1778
15.9427
15.7026
15.457
15.2055
32.4448
32.1725
31.9414
31.7285
31.5315
31.3565
31.2123
31.109
31.0502
31.092
31.2444
31.4281
31.5329
31.4503
31.2976
31.1265
30.9362
30.6086
30.1547
29.6136
29.0208
28.4226
27.8757
27.4356
27.1246
26.9286
26.8169
26.7339
26.5989
26.376
26.0862
25.7346
25.3178
24.8535
24.3594
23.8422
23.3053
22.7516
22.1813
21.5942
20.9924
20.3804
19.7658
19.16
18.5763
18.0302
17.5406
17.1225
16.7899
16.5747
16.4696
16.508
16.6753
16.9351
17.2428
17.587
17.9918
18.4357
18.8253
19.1289
19.4734
19.9466
20.4189
20.7412
20.893
20.8905
20.8342
20.9551
21.4
22.0542
22.7273
23.3227
23.8291
24.265
24.6539
25.0169
25.3679
25.7103
26.0402
26.3526
26.6434
26.9103
27.152
27.3692
27.5623
27.7296
27.8686
27.9799
28.0675
28.1361
28.1889
28.2273
28.2512
28.2604
28.2553
28.2375
28.2084
28.1691
28.1199
28.0611
27.9937
27.9194
27.8398
27.7552
27.6652
27.5698
27.4699
27.3668
27.2615
27.1544
27.045
26.9327
26.8178
26.7007
26.5817
26.4606
26.3371
26.2108
26.082
25.9513
25.8194
25.6869
25.5542
25.4213
25.2879
25.1536
25.0181
24.8811
24.7425
24.602
24.4597
24.3153
24.1688
24.0201
23.8692
23.7162
23.5611
23.4039
23.2448
23.0837
22.9208
22.7562
22.5899
22.4219
22.2523
22.0811
21.9084
21.7342
21.5585
21.3813
21.2026
21.0225
20.8408
20.6577
20.4731
20.2871
20.0995
19.9103
19.7196
19.5274
19.3335
19.138
18.9409
18.742
18.5413
18.3387
18.1342
17.9276
17.7188
17.5077
17.2941
17.0777
16.8583
16.6356
16.4092
16.1787
15.9437
15.7038
15.4584
15.2071
32.5072
32.2497
32.0089
31.7855
31.5855
31.4144
31.2804
31.1973
31.1636
31.2086
31.2994
31.4078
31.4447
31.4548
31.4601
31.4436
31.2331
30.8212
30.3014
29.6906
29.0079
28.307
27.6696
27.1766
26.8566
26.6938
26.6657
26.6751
26.6013
26.3805
26.076
25.7295
25.3414
24.8963
24.4257
23.927
23.4068
22.8722
22.3245
21.7624
21.1863
20.5965
19.9962
19.3946
18.8074
18.2521
17.7358
17.2639
16.8754
16.6295
16.5891
16.7105
16.9485
17.2493
17.5701
17.9087
18.2914
18.7028
19.0649
19.3507
19.6822
20.1566
20.634
20.935
21.0492
21.0386
21.0136
21.1804
21.6418
22.267
22.8906
23.442
23.9186
24.3368
24.7152
25.0705
25.4131
25.7448
26.0621
26.361
26.6392
26.8952
27.1279
27.3379
27.5254
27.6885
27.8246
27.934
28.0204
28.0886
28.1417
28.1807
28.2055
28.2157
28.2118
28.1953
28.1678
28.1302
28.083
28.0263
27.9609
27.8884
27.8104
27.7276
27.6395
27.546
27.4478
27.3462
27.2424
27.1366
27.0284
26.9173
26.8034
26.6871
26.5689
26.4487
26.3261
26.2007
26.0726
25.9424
25.8108
25.6785
25.546
25.4133
25.2803
25.1465
25.0116
24.8753
24.7375
24.5978
24.4562
24.3124
24.1665
24.0183
23.8679
23.7152
23.5604
23.4034
23.2444
23.0835
22.9207
22.7561
22.5898
22.4219
22.2523
22.0811
21.9085
21.7342
21.5585
21.3814
21.2027
21.0225
20.8409
20.6578
20.4732
20.2872
20.0996
19.9104
19.7198
19.5275
19.3337
19.1382
18.9411
18.7422
18.5415
18.339
18.1346
17.928
17.7193
17.5083
17.2948
17.0786
16.8593
16.6368
16.4106
16.1804
15.9457
15.7061
15.4609
15.2099
32.5394
32.2958
32.0679
31.858
31.6673
31.5019
31.3707
31.2808
31.2335
31.2442
31.3008
31.3839
31.4479
31.4488
31.3858
31.2615
31.0883
30.8142
30.3521
29.7098
28.95
28.1666
27.4752
26.9811
26.7081
26.6136
26.6234
26.6332
26.5408
26.3603
26.1261
25.8269
25.3976
24.9249
24.4513
23.9776
23.4869
22.9848
22.4666
21.9323
21.3838
20.8177
20.2326
19.6376
19.0478
18.4629
17.8688
17.3049
16.8901
16.7152
16.7805
16.999
17.2914
17.6074
17.9242
18.2472
18.5949
18.96
19.2984
19.5938
19.9323
20.3963
20.8672
21.1544
21.2317
21.2031
21.2145
21.4387
21.9112
22.4942
23.0595
23.5637
24.009
24.4079
24.7741
25.1203
25.4535
25.7744
26.0797
26.3666
26.6338
26.8799
27.1041
27.3069
27.4885
27.6474
27.7807
27.8884
27.9739
28.0418
28.0952
28.1349
28.1604
28.1716
28.1687
28.1534
28.1273
28.0914
28.0461
27.9915
27.9281
27.8574
27.781
27.6999
27.6137
27.5221
27.4257
27.3256
27.2232
27.1188
27.0119
26.902
26.7892
26.6737
26.5563
26.4369
26.3151
26.1906
26.0633
25.9337
25.8025
25.6704
25.538
25.4056
25.2728
25.1395
25.0052
24.8696
24.7325
24.5936
24.4528
24.3097
24.1644
24.0168
23.8668
23.7145
23.5599
23.4031
23.2443
23.0834
22.9207
22.7562
22.5899
22.422
22.2524
22.0813
21.9086
21.7344
21.5587
21.3815
21.2028
21.0227
20.8411
20.658
20.4734
20.2873
20.0997
19.9106
19.72
19.5278
19.3339
19.1385
18.9414
18.7426
18.5419
18.3395
18.1351
17.9287
17.7201
17.5092
17.2959
17.0798
16.8609
16.6386
16.4128
16.1829
15.9486
15.7094
15.4647
15.2141
32.5651
32.3357
32.1201
31.919
31.7339
31.5716
31.4395
31.3436
31.2877
31.2743
31.2932
31.3226
31.3275
31.2894
31.211
31.0964
30.9284
30.631
30.1687
29.5593
28.8395
28.0895
27.4371
26.9898
26.7526
26.6608
26.6498
26.6523
26.5777
26.3918
26.1199
25.7668
25.3685
24.9639
24.5428
24.0557
23.5517
23.063
22.5814
22.086
21.5723
21.0314
20.4618
19.8731
19.2685
18.6248
17.9411
17.3288
16.9611
16.9051
17.0839
17.3691
17.681
17.989
18.288
18.5876
18.9002
19.2235
19.5404
19.8452
20.1803
20.6006
21.0342
21.3132
21.3875
21.3744
21.4473
21.7313
22.1972
22.723
23.2256
23.6832
24.0982
24.4778
24.8312
25.1671
25.4899
25.7994
26.093
26.369
26.6263
26.8637
27.0802
27.276
27.4519
27.6063
27.7368
27.8429
27.9277
27.9955
28.0493
28.0897
28.116
28.128
28.1261
28.1119
28.087
28.0527
28.0093
27.9566
27.8952
27.8263
27.7516
27.6722
27.5879
27.4982
27.4036
27.3051
27.2041
27.101
26.9954
26.8868
26.775
26.6605
26.5438
26.4252
26.3042
26.1806
26.0542
25.9253
25.7945
25.6626
25.5304
25.398
25.2655
25.1326
24.9988
24.8639
24.7276
24.5895
24.4495
24.3072
24.1626
24.0155
23.8659
23.7139
23.5596
23.403
23.2443
23.0836
22.9209
22.7564
22.5901
22.4222
22.2527
22.0815
21.9088
21.7346
21.5589
21.3817
21.2031
21.0229
20.8413
20.6582
20.4737
20.2876
20.1
19.9109
19.7203
19.5281
19.3343
19.1389
18.9418
18.743
18.5425
18.3401
18.1358
17.9295
17.7211
17.5105
17.2973
17.0816
16.8629
16.641
16.4156
16.1863
15.9525
15.7138
15.4697
15.2196
32.5864
32.3673
32.1598
31.9657
31.7866
31.6276
31.4949
31.3931
31.3232
31.2814
31.2587
31.2406
31.2074
31.1467
31.0521
30.9127
30.7048
30.3951
29.9653
29.4237
28.8025
28.1658
27.6072
27.2034
26.9602
26.8288
26.7566
26.68
26.5433
26.3265
26.0599
25.7531
25.4055
25.002
24.5454
24.0821
23.6373
23.1921
22.7204
22.2434
21.7646
21.2662
20.7301
20.1507
19.5154
18.7962
18.044
17.4434
17.1794
17.2457
17.4985
17.8032
18.104
18.3907
18.6663
18.9397
19.2214
19.5121
19.8041
20.0981
20.4117
20.7674
21.1305
21.3959
21.5171
21.5827
21.7386
22.0542
22.4813
22.9385
23.381
23.7967
24.1841
24.5457
24.8864
25.2117
25.5238
25.8217
26.1039
26.3695
26.6177
26.847
27.0561
27.2454
27.4156
27.5657
27.6933
27.7977
27.8819
27.9497
28.0039
28.045
28.0722
28.085
28.0839
28.0707
28.0471
28.0142
27.9725
27.9217
27.8623
27.7952
27.7223
27.6445
27.562
27.4743
27.3815
27.2847
27.1851
27.0833
26.979
26.8716
26.7609
26.6473
26.5314
26.4136
26.2935
26.1707
26.0452
25.917
25.7867
25.6552
25.5231
25.3908
25.2585
25.1258
24.9925
24.8583
24.7228
24.5856
24.4464
24.3049
24.161
24.0144
23.8653
23.7137
23.5596
23.4032
23.2445
23.0839
22.9212
22.7567
22.5905
22.4226
22.253
22.0819
21.9092
21.735
21.5593
21.3821
21.2034
21.0233
20.8417
20.6586
20.474
20.2879
20.1004
19.9113
19.7207
19.5285
19.3347
19.1394
18.9423
18.7436
18.5432
18.3409
18.1367
17.9306
17.7224
17.512
17.2991
17.0837
16.8654
16.644
16.4192
16.1904
15.9573
15.7193
15.4759
15.2264
32.5993
32.388
32.187
31.9988
31.8249
31.6685
31.5337
31.4231
31.3359
31.2681
31.2126
31.1592
31.0954
31.0091
30.8888
30.7213
30.4947
30.196
29.8128
29.3472
28.8238
28.2898
27.8078
27.4299
27.1635
26.9757
26.828
26.6873
26.518
26.3021
26.0488
25.7533
25.4004
25.0056
24.599
24.1846
23.7429
23.2815
22.8403
22.427
22.0101
21.5647
21.0759
20.5106
19.8259
19.0292
18.2609
17.7528
17.6214
17.7716
18.0359
18.3105
18.5663
18.8073
19.0447
19.2885
19.5452
19.8122
20.0812
20.3518
20.6361
20.9414
21.2458
21.4982
21.6802
21.8386
22.0509
22.3565
22.7285
23.1247
23.5196
23.9015
24.2652
24.6098
24.9382
25.253
25.5545
25.8416
26.1132
26.3692
26.6087
26.8302
27.0322
27.2152
27.3801
27.526
27.6506
27.7533
27.8366
27.9044
27.9591
28.0009
28.0288
28.0424
28.0422
28.0298
28.0074
27.9759
27.9359
27.887
27.8294
27.7642
27.693
27.6169
27.5362
27.4505
27.3596
27.2643
27.1662
27.0657
26.9627
26.8565
26.7469
26.6343
26.5192
26.4021
26.2828
26.161
26.0363
25.9089
25.7792
25.6481
25.5161
25.3839
25.2516
25.1192
24.9863
24.8527
24.718
24.5817
24.4434
24.3028
24.1596
24.0137
23.865
23.7137
23.5598
23.4035
23.245
23.0844
22.9217
22.7573
22.591
22.4231
22.2535
22.0823
21.9096
21.7354
21.5597
21.3825
21.2038
21.0237
20.8421
20.659
20.4744
20.2884
20.1008
19.9117
19.7211
19.529
19.3353
19.1399
18.943
18.7443
18.544
18.3418
18.1378
17.9319
17.7239
17.5137
17.3012
17.0862
16.8684
16.6476
16.4234
16.1954
15.9631
15.7259
15.4833
15.2347
32.6042
32.4
32.205
32.0217
31.8512
31.6956
31.557
31.4365
31.3332
31.2436
31.1619
31.0802
30.9886
30.8763
30.7334
30.5513
30.3227
30.0386
29.6909
29.282
28.8314
28.3739
27.9509
27.5954
27.3142
27.0906
26.9014
26.7236
26.5305
26.3043
26.0412
25.7389
25.403
25.0479
24.6733
24.2706
23.8503
23.4341
23.0234
22.6087
22.2012
21.8081
21.3829
20.8461
20.1517
19.3745
18.6947
18.345
18.3005
18.4383
18.6333
18.835
19.0349
19.2342
19.4368
19.6482
19.8721
20.1072
20.3498
20.6004
20.8636
21.1384
21.4096
21.6544
21.8663
22.0675
22.2991
22.5864
22.9208
23.2792
23.6424
23.9982
24.3409
24.6694
24.9851
25.2891
25.5804
25.8574
26.1197
26.3672
26.599
26.8132
27.0084
27.1856
27.3456
27.4875
27.6091
27.7098
27.7922
27.8598
27.9149
27.9572
27.9859
28.0002
28.0008
27.9893
27.9679
27.9379
27.8995
27.8524
27.7967
27.7334
27.6638
27.5894
27.5105
27.4267
27.3377
27.2442
27.1474
27.0483
26.9465
26.8415
26.7331
26.6214
26.5072
26.3909
26.2724
26.1514
26.0276
25.9009
25.7719
25.6412
25.5095
25.3774
25.2451
25.1128
24.9803
24.8472
24.7133
24.578
24.4407
24.301
24.1586
24.0133
23.865
23.714
23.5603
23.4042
23.2457
23.0851
22.9224
22.7579
22.5917
22.4237
22.2541
22.0829
21.9102
21.7359
21.5602
21.383
21.2043
21.0242
20.8425
20.6595
20.4749
20.2888
20.1013
19.9123
19.7217
19.5296
19.3359
19.1406
18.9437
18.7452
18.5449
18.3429
18.1391
17.9334
17.7256
17.5158
17.3037
17.0891
16.8719
16.6518
16.4283
16.2012
15.9698
15.7337
15.4921
15.2443
32.5975
32.3975
32.2074
32.0279
31.8595
31.7033
31.5604
31.4312
31.3142
31.2065
31.1033
30.9983
30.8833
30.7501
30.5914
30.4005
30.1711
29.8974
29.5765
29.2128
28.8212
28.425
28.05
27.7168
27.4329
27.19
26.9727
26.7647
26.5477
26.3062
26.0376
25.747
25.4359
25.1003
24.7392
24.3623
23.9805
23.594
23.2011
22.8091
22.4248
22.0398
21.6254
21.1309
20.5354
19.9151
19.4253
19.145
19.08
19.1344
19.2388
19.366
19.5067
19.6599
19.8271
20.0089
20.2037
20.4096
20.626
20.8536
21.0935
21.3426
21.5901
21.8215
22.0336
22.2456
22.4856
22.7671
23.0829
23.4173
23.7556
24.0883
24.4114
24.7241
25.0271
25.3197
25.6005
25.8681
26.1221
26.3623
26.5873
26.795
26.9843
27.1562
27.3119
27.4502
27.5689
27.6676
27.7489
27.8162
27.8715
27.9143
27.9435
27.9584
27.9596
27.949
27.9288
27.9002
27.8634
27.818
27.7643
27.7028
27.6349
27.5622
27.485
27.403
27.3159
27.2242
27.1289
27.031
26.9305
26.8267
26.7193
26.6086
26.4953
26.3798
26.2621
26.1419
26.019
25.8932
25.7649
25.6347
25.5032
25.3712
25.2389
25.1066
24.9743
24.8419
24.7087
24.5744
24.4382
24.2994
24.1579
24.0132
23.8654
23.7147
23.5612
23.4051
23.2466
23.086
22.9233
22.7588
22.5924
22.4244
22.2548
22.0836
21.9108
21.7365
21.5608
21.3836
21.2049
21.0247
20.8431
20.66
20.4755
20.2894
20.1019
19.9129
19.7223
19.5302
19.3366
19.1414
18.9446
18.7461
18.546
18.3441
18.1405
17.935
17.7276
17.5181
17.3064
17.0924
16.8758
16.6564
16.4339
16.2077
15.9775
15.7425
15.5021
15.2554
32.5882
32.3875
32.2003
32.0228
31.8553
31.6978
31.5505
31.4128
31.2835
31.16
31.0383
30.9131
30.7786
30.6288
30.458
30.2608
30.0326
29.7708
29.4752
29.1502
28.8055
28.4558
28.1179
27.8058
27.5251
27.2713
27.0349
26.8051
26.5704
26.3218
26.0579
25.7776
25.4767
25.1539
24.8159
24.4687
24.1129
23.7494
23.3838
23.0194
22.6552
22.2883
21.9065
21.4856
21.0171
20.5427
20.1521
19.9044
19.7906
19.7667
19.7995
19.87
19.9673
20.0843
20.2178
20.3674
20.5333
20.7143
20.9084
21.114
21.3293
21.5509
21.7728
21.9897
22.2024
22.4231
22.6669
22.9398
23.2367
23.547
23.8605
24.1709
24.4755
24.7733
25.0637
25.3451
25.6157
25.8742
26.1206
26.3541
26.573
26.7749
26.959
27.1267
27.2788
27.414
27.5299
27.6266
27.7068
27.7737
27.829
27.8721
27.9016
27.9169
27.9188
27.909
27.8898
27.8626
27.8275
27.784
27.7321
27.6724
27.6063
27.5352
27.4597
27.3795
27.2943
27.2043
27.1106
27.014
26.9146
26.812
26.7057
26.596
26.4836
26.3689
26.2521
26.1327
26.0106
25.8856
25.758
25.6284
25.4973
25.3654
25.2331
25.1008
24.9686
24.8366
24.7043
24.571
24.4359
24.2982
24.1575
24.0135
23.8662
23.7157
23.5624
23.4063
23.2478
23.0871
22.9244
22.7598
22.5934
22.4253
22.2556
22.0843
21.9115
21.7372
21.5615
21.3842
21.2055
21.0253
20.8437
20.6606
20.4761
20.2901
20.1025
19.9135
19.723
19.531
19.3374
19.1422
18.9455
18.7472
18.5471
18.3455
18.142
17.9368
17.7297
17.5206
17.3094
17.096
16.8802
16.6616
16.4401
16.2151
15.9861
15.7525
15.5134
15.2679
32.5305
32.3474
32.1722
31.9992
31.8324
31.6732
31.5221
31.3778
31.2388
31.1027
30.9663
30.826
30.6774
30.516
30.3372
30.1373
29.9133
29.664
29.3899
29.0943
28.7838
28.4688
28.1602
27.867
27.5927
27.3352
27.0891
26.8481
26.6059
26.3561
26.0943
25.8179
25.5262
25.2214
24.906
24.5807
24.2476
23.9103
23.5718
23.2328
22.8943
22.5556
22.2097
21.8467
21.4667
21.089
20.7692
20.5385
20.4012
20.3388
20.3303
20.36
20.4179
20.4993
20.6022
20.7253
20.8663
21.0226
21.1921
21.3732
21.5643
21.7632
21.9673
22.1744
22.385
22.6046
22.8414
23.0994
23.3753
23.6619
23.9525
24.2429
24.531
24.8153
25.094
25.3648
25.6259
25.8764
26.1159
26.3432
26.5562
26.7528
26.9327
27.097
27.2463
27.3788
27.4922
27.587
27.666
27.7325
27.7877
27.8308
27.8604
27.876
27.8783
27.8693
27.8511
27.8253
27.7919
27.7502
27.7002
27.6424
27.5781
27.5086
27.4347
27.3562
27.2729
27.1847
27.0925
26.9972
26.899
26.7975
26.6922
26.5836
26.4721
26.3583
26.2423
26.1238
26.0025
25.8782
25.7514
25.6224
25.4918
25.3601
25.2278
25.0954
24.9633
24.8316
24.7
24.5677
24.4339
24.2974
24.1576
24.0143
23.8674
23.7172
23.5639
23.4078
23.2492
23.0885
22.9256
22.7609
22.5944
22.4263
22.2565
22.0852
21.9124
21.738
21.5622
21.385
21.2062
21.0261
20.8444
20.6613
20.4768
20.2908
20.1033
19.9143
19.7238
19.5318
19.3382
19.1432
18.9465
18.7483
18.5484
18.3469
18.1437
17.9387
17.732
17.5233
17.3127
17.0999
16.8849
16.6673
16.4468
16.2231
15.9956
15.7636
15.5261
15.2821
32.5075
32.3302
32.1494
31.9703
31.801
31.6398
31.4869
31.3379
31.1912
31.0456
30.8987
30.7478
30.5893
30.4198
30.236
30.0353
29.8157
29.5767
29.3188
29.0449
28.7599
28.4707
28.1844
27.9066
27.64
27.3841
27.1359
26.8917
26.647
26.3966
26.1368
25.8668
25.5871
25.2977
24.9989
24.6922
24.3803
24.0656
23.7496
23.4335
23.1186
22.8046
22.4887
22.1694
21.8478
21.5372
21.2653
21.0554
20.9137
20.8298
20.7917
20.7909
20.8213
20.8784
20.9584
21.0587
21.1772
21.3117
21.46
21.6202
21.7911
21.9715
22.1592
22.3527
22.5526
22.763
22.9892
23.2327
23.4903
23.757
24.0283
24.3017
24.5754
24.8474
25.1154
25.3769
25.6301
25.8741
26.1079
26.3301
26.5382
26.7306
26.9071
27.0689
27.216
27.3462
27.4576
27.5506
27.6285
27.6944
27.7493
27.7922
27.8217
27.8372
27.8399
27.8315
27.8143
27.7898
27.758
27.7181
27.67
27.614
27.5514
27.4834
27.411
27.3341
27.2525
27.166
27.0753
26.9813
26.8842
26.7836
26.6794
26.5717
26.4612
26.3483
26.2332
26.1155
25.9949
25.8714
25.7452
25.6169
25.4869
25.3555
25.2233
25.0907
24.9585
24.827
24.696
24.5648
24.4322
24.297
24.1582
24.0156
23.8691
23.719
23.5657
23.4096
23.2509
23.09
22.927
22.7622
22.5956
22.4273
22.2575
22.0861
21.9132
21.7389
21.563
21.3857
21.207
21.0268
20.8452
20.6621
20.4775
20.2915
20.104
19.9151
19.7246
19.5326
19.3392
19.1441
18.9476
18.7495
18.5497
18.3484
18.1454
17.9408
17.7344
17.5262
17.3161
17.1041
16.8899
16.6733
16.4541
16.2319
16.006
15.7758
15.5402
15.2979
32.4467
32.2646
32.0862
31.9184
31.753
31.5892
31.4393
31.2873
31.1347
30.9817
30.8271
30.6685
30.5033
30.3288
30.1427
29.9432
29.7291
29.5
29.2569
29.0017
28.7378
28.4694
28.2012
27.937
27.6792
27.4279
27.1816
26.9375
26.6926
26.4438
26.189
25.9274
25.6584
25.3816
25.0978
24.8086
24.5159
24.2211
23.9257
23.6313
23.339
23.05
22.7642
22.4813
22.2022
21.9369
21.7021
21.511
21.3687
21.2729
21.2183
21.1989
21.2094
21.2457
21.3053
21.3856
21.4839
21.5978
21.7256
21.8663
22.0185
22.1803
22.3501
22.5281
22.7157
22.9153
23.1287
23.3558
23.5944
23.8414
24.0945
24.3518
24.6115
24.8715
25.129
25.3818
25.6281
25.8667
26.0961
26.3142
26.5184
26.7074
26.8815
27.0414
27.1867
27.315
27.4243
27.5158
27.5926
27.6579
27.7124
27.7548
27.7838
27.7993
27.8022
27.7944
27.7782
27.7549
27.7246
27.6866
27.6404
27.5862
27.5253
27.459
27.3879
27.3125
27.2325
27.1477
27.0586
26.9658
26.8697
26.7702
26.6669
26.5602
26.4506
26.3387
26.2245
26.1078
25.9879
25.865
25.7394
25.6118
25.4825
25.3516
25.2196
25.0869
24.9545
24.823
24.6925
24.5623
24.431
24.2971
24.1594
24.0174
23.8713
23.7213
23.5679
23.4116
23.2528
23.0917
22.9286
22.7636
22.5969
22.4285
22.2586
22.0872
21.9142
21.7398
21.5639
21.3866
21.2078
21.0276
20.846
20.6629
20.4783
20.2923
20.1049
19.9159
19.7255
19.5336
19.3402
19.1452
18.9488
18.7507
18.5512
18.35
18.1473
17.943
17.7369
17.5292
17.3198
17.1085
16.8952
16.6798
16.462
16.2414
16.0174
15.7892
15.5558
15.3156
32.3758
32.2024
32.0328
31.8681
31.7067
31.5495
31.3853
31.2267
31.0654
30.9062
30.7461
30.5827
30.4138
30.2372
30.051
29.8542
29.646
29.4265
29.1964
28.9572
28.7112
28.4613
28.2104
27.961
27.7144
27.4708
27.2294
26.9886
26.747
26.503
26.255
26.0022
25.7441
25.481
25.2138
24.9434
24.671
24.3979
24.1255
23.8549
23.5874
23.3241
23.0664
22.8146
22.5711
22.3429
22.1388
21.9668
21.8313
21.7321
21.666
21.6301
21.6221
21.6392
21.6789
21.7386
21.8161
21.9095
22.0167
22.136
22.266
22.4066
22.558
22.72
22.8925
23.0758
23.2704
23.4767
23.6937
23.9199
24.154
24.3945
24.6396
24.8869
25.1338
25.3782
25.6183
25.8525
26.0785
26.2934
26.4948
26.6816
26.854
27.0125
27.1562
27.2826
27.3901
27.48
27.5558
27.6202
27.6739
27.7155
27.7438
27.7589
27.7621
27.7552
27.7401
27.7181
27.6895
27.6535
27.6094
27.5573
27.4982
27.4335
27.364
27.2901
27.2116
27.1286
27.0411
26.9497
26.8547
26.7562
26.654
26.5483
26.4398
26.3289
26.2158
26.1001
25.9811
25.8588
25.7338
25.6069
25.4784
25.3483
25.2167
25.084
24.9513
24.8196
24.6895
24.5603
24.4304
24.2979
24.1613
24.02
23.8741
23.7241
23.5706
23.4141
23.255
23.0937
22.9303
22.7652
22.5983
22.4298
22.2598
22.0883
21.9153
21.7408
21.5649
21.3876
21.2088
21.0286
20.8469
20.6638
20.4793
20.2933
20.1058
19.9169
19.7265
19.5346
19.3412
19.1464
18.95
18.7521
18.5527
18.3518
18.1493
17.9452
17.7396
17.5324
17.3236
17.1131
16.9008
16.6866
16.4703
16.2515
16.0296
15.8038
15.5729
15.3351
32.2621
32.093
31.9266
31.7632
31.6019
31.4419
31.2818
31.1223
30.9669
30.8086
30.6471
30.4815
30.3114
30.1348
29.951
29.7593
29.5594
29.3514
29.1358
28.9133
28.6853
28.4535
28.2195
27.9847
27.7501
27.5161
27.2825
27.0489
26.8145
26.5784
26.3398
26.0982
25.8535
25.606
25.356
25.1042
24.8517
24.5994
24.3486
24.1006
23.857
23.619
23.3877
23.1649
22.9532
22.7562
22.5782
22.4236
22.2952
22.1943
22.1211
22.0744
22.0525
22.0537
22.0758
22.1168
22.1741
22.2453
22.3291
22.4255
22.5343
22.6548
22.7857
22.9261
23.0763
23.237
23.4089
23.592
23.7859
23.99
24.2037
24.4257
24.6544
24.8879
25.1241
25.361
25.5968
25.8289
26.0536
26.2676
26.468
26.6541
26.8259
26.9836
27.1256
27.2499
27.3554
27.4437
27.5182
27.5814
27.6337
27.6738
27.7011
27.7158
27.7194
27.7135
27.6998
27.6794
27.6526
27.6187
27.5769
27.527
27.47
27.407
27.3391
27.2667
27.1899
27.1086
27.0229
26.9329
26.8391
26.7416
26.6405
26.5361
26.4287
26.319
26.2072
26.0926
25.9745
25.853
25.7285
25.6022
25.4746
25.3455
25.2147
25.0823
24.9494
24.8174
24.6874
24.559
24.4305
24.2995
24.1641
24.0234
23.8777
23.7276
23.5738
23.4169
23.2575
23.0959
22.9323
22.7669
22.5999
22.4313
22.2612
22.0895
21.9165
21.742
21.566
21.3886
21.2098
21.0296
20.8479
20.6648
20.4802
20.2942
20.1068
19.9179
19.7275
19.5357
19.3424
19.1476
18.9513
18.7536
18.5543
18.3536
18.1513
17.9476
17.7424
17.5357
17.3275
17.1178
16.9066
16.6937
16.479
16.2621
16.0427
15.8196
15.5917
15.3568
32.1203
31.9621
31.8044
31.6475
31.4911
31.3349
31.1788
31.0222
30.8648
30.7054
30.5433
30.3776
30.2072
30.0326
29.853
29.6685
29.4783
29.2821
29.08
28.8727
28.6608
28.4453
28.227
28.0069
27.7857
27.5638
27.3413
27.1182
26.8941
26.6687
26.4417
26.2131
25.9829
25.7513
25.5187
25.2859
25.0537
24.8231
24.5952
24.3708
24.1509
23.9367
23.7298
23.5319
23.3448
23.1708
23.0127
22.8737
22.7557
22.6599
22.5862
22.5339
22.5022
22.4897
22.4945
22.5151
22.5501
22.5988
22.6608
22.7354
22.8212
22.9173
23.0231
23.1386
23.2639
23.399
23.544
23.6992
23.8655
24.0434
24.233
24.4337
24.6444
24.8637
25.0901
25.3219
25.5566
25.7904
26.0184
26.2358
26.4392
26.6276
26.8008
26.9582
27.0984
27.2201
27.3229
27.4089
27.4813
27.5423
27.5921
27.63
27.6556
27.6699
27.674
27.6696
27.6577
27.6392
27.6145
27.5828
27.5435
27.4961
27.4412
27.38
27.3137
27.2427
27.1676
27.0881
27.0042
26.9158
26.8232
26.7268
26.6268
26.5237
26.4178
26.3095
26.1989
26.0854
25.9685
25.8478
25.7241
25.5984
25.4716
25.3436
25.2138
25.0819
24.9491
24.8169
24.6869
24.5591
24.4318
24.3023
24.1679
24.0278
23.8821
23.7316
23.5773
23.42
23.2602
23.0982
22.9344
22.7688
22.6016
22.4328
22.2626
22.0909
21.9177
21.7431
21.5671
21.3897
21.2109
21.0306
20.8489
20.6658
20.4812
20.2953
20.1078
19.919
19.7286
19.5368
19.3436
19.1488
18.9527
18.755
18.5559
18.3554
18.1534
17.95
17.7452
17.539
17.3314
17.1225
16.9123
16.7007
16.4876
16.2728
16.0559
15.8358
15.6114
15.3797
31.9164
31.7676
31.6192
31.471
31.3225
31.1735
31.0237
30.8729
30.7207
30.5667
30.4103
30.2513
30.0888
29.9227
29.7526
29.5779
29.3986
29.2147
29.0266
28.8345
28.6385
28.4392
28.2371
28.0327
27.8264
27.6186
27.4095
27.1993
26.9881
26.776
26.5631
26.3496
26.1357
25.9217
25.7078
25.4946
25.2826
25.0726
24.8654
24.662
24.4636
24.2713
24.0867
23.911
23.7458
23.593
23.4542
23.3309
23.2238
23.1333
23.0596
23.0023
22.9609
22.9349
22.9236
22.9264
22.9425
22.9711
23.0112
23.0621
23.123
23.1933
23.2721
23.3588
23.4533
23.5561
23.6682
23.7908
23.9248
24.0712
24.2308
24.4045
24.5931
24.7968
25.0151
25.2461
25.4859
25.7288
25.9678
26.1965
26.41
26.6061
26.7838
26.9423
27.0807
27.1986
27.2974
27.3794
27.4477
27.5042
27.5497
27.584
27.6074
27.6211
27.6262
27.6237
27.6141
27.5981
27.5757
27.5466
27.5099
27.4649
27.4122
27.3528
27.288
27.2186
27.1451
27.0675
26.9854
26.8987
26.8073
26.7119
26.6131
26.5115
26.4073
26.3006
26.1913
26.079
25.9631
25.8434
25.7206
25.5957
25.4697
25.3428
25.214
25.0829
24.9503
24.8181
24.6882
24.5609
24.4347
24.3063
24.1729
24.033
23.887
23.736
23.5811
23.4232
23.263
23.1006
22.9364
22.7706
22.6032
22.4343
22.2639
22.0921
21.9189
21.7443
21.5682
21.3908
21.2119
21.0316
20.8499
20.6668
20.4822
20.2963
20.1088
19.92
19.7297
19.5379
19.3447
19.15
18.9539
18.7564
18.5574
18.357
18.1553
17.9522
17.7477
17.542
17.335
17.1269
16.9176
16.7072
16.4957
16.2828
16.0685
15.8514
15.6307
15.4026
31.6808
31.5499
31.4169
31.2822
31.1459
31.0079
30.8681
30.7262
30.582
30.4352
30.2858
30.1335
29.9783
29.8199
29.6583
29.4933
29.3252
29.1537
28.9791
28.8012
28.6203
28.4365
28.2502
28.0616
27.871
27.6789
27.4855
27.291
27.0958
26.8998
26.7035
26.507
26.3106
26.1146
25.9194
25.7256
25.5336
25.3441
25.1577
24.9752
24.7978
24.6263
24.4621
24.3065
24.1606
24.0256
23.9023
23.7913
23.693
23.6076
23.5352
23.4755
23.4283
23.3934
23.3701
23.3577
23.3556
23.3632
23.3798
23.4048
23.4374
23.4768
23.5222
23.5736
23.6312
23.6957
23.7681
23.8498
23.9428
24.0489
24.17
24.3091
24.4695
24.655
24.8676
25.1058
25.363
25.6294
25.8943
26.1483
26.3841
26.5968
26.7842
26.9455
27.0813
27.1934
27.2849
27.3592
27.4197
27.4685
27.5068
27.5357
27.5562
27.5693
27.5756
27.5755
27.569
27.5561
27.5368
27.5105
27.4763
27.4337
27.3829
27.3253
27.262
27.1943
27.1226
27.0468
26.9667
26.8817
26.7916
26.6972
26.5996
26.4996
26.3974
26.2927
26.1848
26.0735
25.9584
25.8398
25.718
25.5942
25.4692
25.3431
25.2151
25.0848
24.9528
24.821
24.6915
24.5649
24.4395
24.312
24.1789
24.0388
23.8923
23.7405
23.5849
23.4264
23.2656
23.1029
22.9384
22.7723
22.6048
22.4357
22.2652
22.0933
21.92
21.7454
21.5693
21.3918
21.2129
21.0326
20.8508
20.6677
20.4832
20.2972
20.1098
19.9209
19.7306
19.5389
19.3458
19.1512
18.9551
18.7577
18.5588
18.3586
18.1571
17.9542
17.7501
17.5447
17.3383
17.1308
16.9225
16.7131
16.5032
16.2921
16.0803
15.8661
15.6494
15.425
31.3674
31.2539
31.1381
31.0203
30.8999
30.777
30.6515
30.5232
30.3922
30.2585
30.1221
29.9828
29.8407
29.6957
29.5478
29.397
29.2434
29.087
28.9278
28.766
28.6018
28.4352
28.2664
28.0955
27.9229
27.7486
27.573
27.3962
27.2187
27.0405
26.8619
26.6833
26.5049
26.327
26.1502
25.9749
25.8018
25.6316
25.4649
25.3027
25.1457
24.9948
24.8508
24.7148
24.5873
24.4689
24.3601
24.2612
24.1721
24.0928
24.0233
23.9632
23.9122
23.8699
23.8356
23.8085
23.7881
23.7737
23.7649
23.7611
23.7616
23.7659
23.7735
23.7838
23.7965
23.8117
23.8305
23.8546
23.8871
23.9322
23.9946
24.081
24.2002
24.3628
24.5767
24.8411
25.1445
25.468
25.7908
26.0967
26.3747
26.6177
26.8223
26.9883
27.119
27.2197
27.2964
27.3545
27.3989
27.4335
27.4608
27.4826
27.4999
27.5131
27.5218
27.5251
27.5225
27.5136
27.4982
27.4753
27.4438
27.403
27.3537
27.2975
27.236
27.1701
27.1003
27.0266
26.9485
26.8652
26.7765
26.6832
26.5867
26.4885
26.3887
26.2862
26.1798
26.0691
25.9547
25.837
25.7166
25.5942
25.4702
25.3448
25.2172
25.0873
24.9558
24.8249
24.6964
24.5709
24.4465
24.3194
24.186
24.0452
23.8976
23.7449
23.5885
23.4294
23.2681
23.105
22.9402
22.7739
22.6062
22.437
22.2664
22.0944
21.9211
21.7463
21.5702
21.3927
21.2137
21.0334
20.8517
20.6686
20.484
20.298
20.1106
19.9218
19.7315
19.5398
19.3467
19.1522
18.9562
18.7589
18.5601
18.36
18.1587
17.956
17.7522
17.5473
17.3413
17.1344
16.9269
16.7186
16.51
16.3006
16.0913
15.8799
15.6674
15.4467
31.1364
31.0399
30.94
30.8369
30.7304
30.6207
30.508
30.3922
30.2734
30.1514
30.0263
29.898
29.7665
29.6316
29.4936
29.3525
29.2088
29.0625
28.914
28.7633
28.6106
28.4559
28.2994
28.1412
27.9815
27.8204
27.658
27.4946
27.3302
27.165
26.9993
26.8334
26.6678
26.5029
26.3392
26.1774
26.018
25.8617
25.7092
25.5613
25.4189
25.2826
25.1534
25.0317
24.9182
24.8131
24.7166
24.6287
24.5491
24.4776
24.4137
24.357
24.3068
24.2621
24.2222
24.1862
24.1532
24.1228
24.0947
24.0686
24.0438
24.0194
23.994
23.966
23.9338
23.8964
23.8534
23.8059
23.7568
23.7119
23.6801
23.6764
23.7254
23.8567
24.0882
24.4174
24.8192
25.2549
25.6869
26.0838
26.4268
26.7092
26.9316
27.0981
27.2157
27.2943
27.3442
27.3742
27.3924
27.4052
27.4172
27.4305
27.4455
27.4608
27.4741
27.4829
27.4858
27.4817
27.4699
27.4493
27.4191
27.3793
27.3308
27.2757
27.2157
27.1516
27.0836
27.0115
26.9349
26.853
26.7654
26.6731
26.5777
26.4811
26.3833
26.2826
26.1773
26.0672
25.953
25.8359
25.7166
25.5954
25.4723
25.3472
25.2196
25.0896
24.9584
24.8284
24.7015
24.5775
24.4538
24.3263
24.192
24.05
23.9014
23.7478
23.5908
23.4313
23.2697
23.1063
22.9414
22.775
22.6072
22.4379
22.2672
22.0952
21.9218
21.747
21.5708
21.3933
21.2143
21.034
20.8523
20.6691
20.4846
20.2986
20.1112
19.9224
19.7321
19.5405
19.3474
19.1529
18.957
18.7597
18.5611
18.3611
18.1599
17.9574
17.7539
17.5492
17.3437
17.1374
16.9305
16.7231
16.5158
16.3079
16.101
15.8921
15.6842
15.467
30.9443
30.8591
30.7699
30.6772
30.5811
30.4818
30.3791
30.273
30.1635
30.0507
29.9346
29.8152
29.6926
29.5669
29.4381
29.3064
29.1721
29.0352
28.896
28.7546
28.6112
28.4658
28.3187
28.17
28.0198
27.8683
27.7156
27.5618
27.4072
27.2517
27.0958
26.9395
26.7833
26.6275
26.4727
26.3194
26.1683
26.0202
25.876
25.7366
25.603
25.4761
25.3567
25.2454
25.1426
25.0486
24.9632
24.886
24.8165
24.7541
24.6979
24.647
24.6001
24.5562
24.5141
24.4728
24.4317
24.3905
24.3492
24.3082
24.2674
24.2253
24.1791
24.1246
24.0576
23.975
23.8751
23.7585
23.625
23.4758
23.3181
23.1725
23.0977
23.166
23.4182
23.8471
24.4031
25.0077
25.5897
26.1049
26.528
26.8531
27.0888
27.2479
27.3446
27.3932
27.4078
27.4023
27.389
27.3772
27.3732
27.3794
27.3948
27.4153
27.4357
27.452
27.4615
27.4629
27.4548
27.4357
27.4052
27.3644
27.3155
27.2608
27.202
27.1394
27.0727
27.0017
26.9259
26.8448
26.7582
26.6668
26.5727
26.4774
26.3809
26.2811
26.1764
26.0666
25.9529
25.8365
25.7178
25.597
25.4741
25.3491
25.2215
25.0915
24.9609
24.8321
24.7067
24.5837
24.4597
24.3312
24.1955
24.0525
23.9032
23.7492
23.592
23.4323
23.2706
23.1072
22.9422
22.7757
22.6078
22.4385
22.2678
22.0957
21.9223
21.7474
21.5713
21.3937
21.2147
21.0344
20.8527
20.6695
20.485
20.299
20.1116
19.9228
19.7326
19.5409
19.3479
19.1534
18.9576
18.7604
18.5618
18.3619
18.1608
17.9586
17.7552
17.5508
17.3457
17.1398
16.9336
16.7269
16.5208
16.3142
16.1095
15.903
15.6998
15.486
30.8302
30.7521
30.6702
30.5848
30.4957
30.4028
30.3063
30.2061
30.1026
29.9957
29.8856
29.7723
29.6558
29.5364
29.414
29.289
29.1612
29.0311
28.8986
28.7639
28.6273
28.4888
28.3485
28.2067
28.0634
27.9188
27.7731
27.6263
27.4785
27.3298
27.1806
27.0308
26.8807
26.7307
26.5812
26.4329
26.2865
26.143
26.0035
25.8692
25.7413
25.621
25.5092
25.4066
25.3137
25.2305
25.1568
25.092
25.0348
24.9839
24.9379
24.895
24.8538
24.8125
24.7696
24.7242
24.6757
24.6246
24.5717
24.5187
24.4666
24.414
24.3569
24.288
24.1975
24.0769
23.9229
23.7359
23.5111
23.2327
22.8899
22.5167
22.2434
22.217
22.5067
23.1052
23.8889
24.7358
25.5326
26.2018
26.7132
27.0759
27.3146
27.4526
27.5132
27.5185
27.4861
27.4336
27.3792
27.3373
27.3164
27.3183
27.3383
27.3685
27.4006
27.4278
27.4461
27.4534
27.4483
27.4298
27.3986
27.3567
27.307
27.2522
27.1937
27.1315
27.0653
26.9946
26.9193
26.839
26.7537
26.664
26.5712
26.4767
26.3806
26.2811
26.1768
26.0675
25.9543
25.8383
25.7199
25.5991
25.476
25.3508
25.2235
25.0943
24.965
24.8373
24.7123
24.5885
24.4632
24.3332
24.1966
24.053
23.9035
23.7496
23.5924
23.4327
23.2711
23.1076
22.9426
22.7761
22.6082
22.4388
22.2681
22.096
21.9226
21.7477
21.5716
21.394
21.215
21.0347
20.8529
20.6698
20.4853
20.2993
20.1119
19.9231
19.7329
19.5413
19.3483
19.1538
18.958
18.7609
18.5624
18.3626
18.1616
17.9595
17.7563
17.5522
17.3473
17.1418
16.9361
16.7302
16.5249
16.3197
16.1169
15.9127
15.7141
15.5034
30.7293
30.6578
30.5816
30.5013
30.4173
30.3296
30.2385
30.1438
30.0456
29.9441
29.8392
29.731
29.6196
29.5051
29.3878
29.2678
29.1453
29.0205
28.8936
28.7647
28.6339
28.5014
28.3673
28.2316
28.0945
27.9561
27.8165
27.6757
27.5339
27.3909
27.247
27.1023
26.9567
26.8107
26.6643
26.5184
26.3738
26.2317
26.0937
25.9613
25.8363
25.7202
25.6143
25.5196
25.4366
25.3651
25.3044
25.2535
25.2106
25.1735
25.14
25.1077
25.0741
25.037
24.9945
24.9452
24.8892
24.8283
24.7654
24.7047
24.6477
24.5919
24.5332
24.4619
24.3638
24.2252
24.0402
23.7961
23.4765
23.0277
22.3803
21.6197
21.0419
20.8849
21.2395
22.0658
23.2223
24.4385
25.5127
26.3555
26.9562
27.3517
27.587
27.6971
27.7137
27.6633
27.5712
27.462
27.359
27.2819
27.243
27.2438
27.2744
27.321
27.3699
27.4112
27.4395
27.4525
27.4491
27.4298
27.3965
27.3528
27.302
27.247
27.1888
27.1271
27.0611
26.9905
26.9151
26.8351
26.7508
26.6626
26.5713
26.4776
26.3812
26.2812
26.1771
26.0688
25.9567
25.841
25.7221
25.6007
25.4775
25.3527
25.2261
25.0982
24.9697
24.8421
24.7159
24.5903
24.4633
24.3324
24.1956
24.0521
23.9029
23.7493
23.5924
23.4328
23.2713
23.1079
22.9429
22.7764
22.6084
22.4391
22.2683
22.0962
21.9228
21.748
21.5718
21.3942
21.2152
21.0349
20.8531
20.67
20.4855
20.2995
20.1121
19.9234
19.7332
19.5416
19.3486
19.1542
18.9584
18.7613
18.5628
18.3631
18.1622
17.9602
17.7572
17.5533
17.3486
17.1435
16.9382
16.7329
16.5285
16.3245
16.1233
15.9213
15.7269
15.5192
30.6696
30.6017
30.5299
30.454
30.3739
30.2898
30.202
30.1107
30.0159
29.9176
29.8159
29.7109
29.6027
29.4915
29.3774
29.2608
29.1419
29.0209
28.8982
28.774
28.6482
28.521
28.3923
28.2621
28.1303
27.997
27.8623
27.7261
27.5887
27.45
27.3102
27.1691
27.0266
26.8827
26.7377
26.592
26.4467
26.3033
26.1638
26.0306
25.906
25.7922
25.6908
25.6029
25.5291
25.4692
25.4219
25.3855
25.3577
25.3355
25.3159
25.2957
25.2715
25.2402
25.1986
25.145
25.0791
25.0048
24.9314
24.8685
24.8152
24.7672
24.718
24.6452
24.537
24.3933
24.2236
24.0157
23.6715
22.9974
21.8494
20.4714
19.458
19.1278
19.5773
20.7861
22.4464
24.1271
25.5484
26.5988
27.2897
27.702
27.9118
27.9788
27.9408
27.8242
27.6577
27.4763
27.315
27.2002
27.147
27.1533
27.2008
27.2707
27.3424
27.4011
27.44
27.4575
27.4551
27.4347
27.3997
27.3542
27.3012
27.2444
27.1852
27.1233
27.0576
26.9874
26.9127
26.8337
26.7504
26.6631
26.5722
26.4783
26.3817
26.2821
26.1788
26.0714
25.9597
25.8441
25.7247
25.6024
25.4786
25.354
25.2286
25.1017
24.9732
24.8445
24.7165
24.5894
24.4617
24.3307
24.1941
24.0511
23.9023
23.749
23.5922
23.4328
23.2713
23.108
22.943
22.7765
22.6085
22.4392
22.2685
22.0964
21.9229
21.7481
21.5719
21.3943
21.2154
21.035
20.8533
20.6702
20.4856
20.2997
20.1123
19.9235
19.7334
19.5418
19.3488
19.1544
18.9587
18.7616
18.5632
18.3636
18.1627
17.9608
17.7579
17.5541
17.3497
17.1449
16.9399
16.7352
16.5314
16.3285
16.1286
15.9289
15.738
15.5331
30.6224
30.5573
30.4877
30.414
30.3362
30.2548
30.1698
30.0815
29.9897
29.8944
29.7956
29.6931
29.5872
29.478
29.366
29.2517
29.1356
29.018
28.899
28.7788
28.6573
28.5345
28.4103
28.2845
28.1572
28.0282
27.8976
27.7656
27.6323
27.4978
27.3619
27.2244
27.0846
26.942
26.7966
26.649
26.5006
26.3533
26.2098
26.0732
25.9469
25.8339
25.7365
25.656
25.5925
25.5451
25.5121
25.4911
25.4794
25.4735
25.4699
25.4647
25.4533
25.4309
25.3922
25.3338
25.2523
25.155
25.0643
25.001
24.9568
24.9333
24.9195
24.847
24.7027
24.5355
24.3925
24.3503
24.2144
23.3622
21.5376
19.3564
17.7947
17.2411
17.8517
19.5123
21.7034
23.8635
25.6441
26.9088
27.6912
28.1134
28.2878
28.2966
28.1887
27.9967
27.7474
27.482
27.2506
27.0932
27.0299
27.0529
27.1243
27.2237
27.3207
27.3977
27.4477
27.4701
27.4672
27.4442
27.4053
27.3571
27.3018
27.2436
27.1841
27.122
27.0563
26.9859
26.911
26.8322
26.7499
26.6637
26.5738
26.4802
26.3834
26.2835
26.1805
26.0738
25.9627
25.847
25.727
25.6041
25.4799
25.3551
25.2294
25.1024
24.9738
24.8447
24.7161
24.5886
24.4607
24.3298
24.1933
24.0505
23.9019
23.7488
23.5921
23.4328
23.2713
23.108
22.943
22.7765
22.6086
22.4393
22.2686
22.0965
21.923
21.7482
21.572
21.3944
21.2155
21.0351
20.8534
20.6703
20.4857
20.2998
20.1124
19.9237
19.7335
19.5419
19.3489
19.1546
18.9589
18.7618
18.5635
18.3639
18.1631
17.9613
17.7585
17.5548
17.3506
17.146
16.9413
16.7371
16.5337
16.3319
16.1329
15.9355
15.7471
15.5449
30.5979
30.5337
30.4652
30.3927
30.3164
30.2366
30.1536
30.0674
29.978
29.8849
29.788
29.6872
29.5825
29.4744
29.3633
29.2501
29.1353
29.0196
28.9033
28.7863
28.6686
28.5498
28.4299
28.3085
28.1857
28.0614
27.9354
27.8077
27.6784
27.5476
27.4153
27.2807
27.1431
27.0011
26.854
26.7023
26.5475
26.3927
26.2419
26.0994
25.969
25.8545
25.7591
25.6846
25.631
25.5966
25.5789
25.5744
25.5798
25.5915
25.6061
25.6192
25.6257
25.6177
25.5863
25.522
25.4162
25.2839
25.1652
25.0884
25.0404
25.0652
25.1158
25.0537
24.8615
24.6201
24.4883
24.5613
24.8636
24.0479
21.563
18.8444
16.956
16.2616
16.919
18.8175
21.3295
23.7991
25.816
27.2351
28.081
28.4983
28.6301
28.5786
28.4075
28.1459
27.8213
27.4782
27.1791
26.9805
26.9076
26.9427
27.0537
27.1841
27.3046
27.3981
27.4577
27.4841
27.4819
27.4567
27.4154
27.3611
27.3018
27.2414
27.181
27.1199
27.0551
26.9859
26.9119
26.8335
26.7507
26.6642
26.5739
26.4808
26.3847
26.2855
26.1826
26.0758
25.9646
25.8485
25.7278
25.6043
25.4798
25.3556
25.2303
25.1029
24.9737
24.8441
24.7156
24.5884
24.4606
24.3295
24.1931
24.0503
23.9018
23.7487
23.5921
23.4328
23.2713
23.108
22.9431
22.7766
22.6087
22.4393
22.2686
22.0965
21.9231
21.7482
21.572
21.3945
21.2155
21.0352
20.8535
20.6703
20.4858
20.2999
20.1125
19.9237
19.7336
19.542
19.3491
19.1547
18.959
18.762
18.5637
18.3641
18.1634
17.9616
17.7589
17.5554
17.3512
17.1468
16.9423
16.7385
16.5354
16.3346
16.1361
15.9409
15.7539
15.5543
30.5785
30.5148
30.4468
30.3749
30.2992
30.2204
30.1388
30.0544
29.967
29.8762
29.7815
29.6827
29.5795
29.4724
29.3621
29.2496
29.1356
29.0211
28.9062
28.7914
28.6763
28.5609
28.4446
28.3271
28.208
28.0874
27.9653
27.8417
27.7166
27.5899
27.4614
27.3301
27.1946
27.0531
26.9046
26.7486
26.5866
26.4221
26.261
26.1101
25.9741
25.8573
25.7635
25.6944
25.6497
25.6274
25.6242
25.6361
25.6585
25.6879
25.7212
25.7539
25.7816
25.7923
25.7746
25.7004
25.5564
25.3921
25.2569
25.1393
25.0425
25.1513
25.2099
25.0986
24.9532
24.6199
24.6044
24.8812
24.8275
23.8355
21.5191
18.8049
16.8629
16.146
16.8314
18.784
21.3833
23.9485
26.0398
27.501
28.35
28.7454
28.8401
28.744
28.5349
28.2353
27.8668
27.4787
27.1433
26.9221
26.8447
26.8913
27.0145
27.1603
27.2946
27.3988
27.4655
27.4948
27.4922
27.4641
27.4198
27.3641
27.3038
27.2426
27.1815
27.1196
27.0546
26.9852
26.9112
26.8331
26.7508
26.6648
26.5753
26.4823
26.3861
26.2866
26.1836
26.0769
25.9659
25.8498
25.7288
25.6047
25.4796
25.3544
25.2288
25.102
24.9737
24.8448
24.7166
24.589
24.4608
24.3296
24.1929
24.0501
23.9017
23.7486
23.5921
23.4328
23.2714
23.1081
22.9431
22.7766
22.6087
22.4394
22.2687
22.0966
21.9231
21.7483
21.5721
21.3945
21.2156
21.0352
20.8535
20.6704
20.4858
20.2999
20.1126
19.9238
19.7336
19.5421
19.3491
19.1548
18.9591
18.7621
18.5638
18.3643
18.1636
17.9619
17.7592
17.5557
17.3516
17.1474
16.943
16.7395
16.5366
16.3364
16.1382
15.9447
15.7583
15.5607
30.5713
30.5074
30.4392
30.3671
30.2918
30.2138
30.1337
30.0513
29.9659
29.8765
29.7823
29.683
29.5789
29.4705
29.359
29.2457
29.1322
29.0192
28.907
28.7954
28.6841
28.5728
28.4611
28.348
28.2331
28.116
27.9969
27.876
27.7541
27.6316
27.508
27.3815
27.2491
27.1078
26.9559
26.7935
26.622
26.4448
26.2696
26.1064
25.9623
25.8427
25.7515
25.6895
25.6548
25.6446
25.6551
25.6813
25.7178
25.7609
25.8066
25.8519
25.8943
25.9216
25.9292
25.8327
25.6008
25.4227
25.3473
25.1935
25.0316
25.303
25.4535
25.0855
24.8067
24.5403
24.3749
24.5912
24.6225
23.8233
21.7447
19.121
17.186
16.4663
17.1534
19.075
21.6297
24.1587
26.2115
27.6442
28.4636
28.8324
28.9087
28.8113
28.6026
28.2926
27.9069
27.5026
27.1537
26.9215
26.8362
26.8793
27.0028
27.1521
27.2904
27.3982
27.4673
27.4977
27.4955
27.4663
27.4213
27.3652
27.3043
27.2426
27.1814
27.1193
27.0545
26.9855
26.9118
26.8336
26.7512
26.6651
26.5754
26.4826
26.3865
26.2871
26.184
26.077
25.9657
25.8493
25.7284
25.6044
25.4798
25.3552
25.2299
25.1029
24.9742
24.8451
24.7167
24.5891
24.4608
24.3294
24.1927
24.0499
23.9015
23.7486
23.592
23.4328
23.2714
23.1081
22.9431
22.7767
22.6087
22.4394
22.2687
22.0966
21.9231
21.7483
21.5721
21.3945
21.2156
21.0353
20.8535
20.6704
20.4859
20.2999
20.1126
19.9238
19.7337
19.5421
19.3492
19.1549
18.9592
18.7622
18.5639
18.3644
18.1637
17.962
17.7593
17.5559
17.3519
17.1477
16.9434
16.74
16.5372
16.3374
16.1393
15.9468
15.7606
15.5643
30.5702
30.5031
30.4312
30.3558
30.2783
30.2
30.1214
30.0421
29.961
29.8765
29.7867
29.6903
29.5868
29.4772
29.3634
29.2476
29.1322
29.0186
28.9072
28.7976
28.6888
28.5803
28.4715
28.3616
28.25
28.1362
28.0199
27.9011
27.7808
27.6606
27.5412
27.4207
27.2944
27.1567
27.0039
26.8359
26.6547
26.4653
26.2766
26.0984
25.9417
25.8149
25.7226
25.6649
25.6386
25.6377
25.6573
25.6917
25.7353
25.7849
25.8349
25.8846
25.9306
25.9724
26.0226
25.9326
25.626
25.36
25.2695
25.1257
24.937
25.1567
25.2358
25.0442
24.8797
24.6948
24.6097
24.5479
24.2752
23.7308
22.0875
19.6517
17.6827
16.9218
17.5579
19.396
21.8569
24.3004
26.2952
27.6891
28.4821
28.8453
28.9153
28.8074
28.5825
28.2808
27.9164
27.5265
27.1862
26.9531
26.8589
26.8937
27.0085
27.1523
27.2883
27.3952
27.4644
27.4956
27.4946
27.465
27.421
27.3656
27.3051
27.2434
27.1819
27.1195
27.0545
26.9853
26.9117
26.8336
26.7513
26.6653
26.5757
26.4829
26.3868
26.2872
26.1841
26.0772
25.9659
25.8496
25.7288
25.6048
25.48
25.355
25.2294
25.1025
24.9743
24.8454
24.7171
24.5893
24.4608
24.3292
24.1924
24.0497
23.9014
23.7485
23.592
23.4328
23.2714
23.1081
22.9431
22.7767
22.6088
22.4394
22.2687
22.0966
21.9231
21.7483
21.5721
21.3945
21.2156
21.0353
20.8535
20.6704
20.4859
20.2999
20.1126
19.9238
19.7337
19.5421
19.3492
19.1549
18.9592
18.7622
18.5639
18.3644
18.1637
17.962
17.7594
17.556
17.3519
17.1478
16.9435
16.7402
16.5374
16.3377
16.1396
15.9475
15.7614
15.5658
30.5737
30.5071
30.4348
30.3587
30.2805
30.2017
30.1225
30.0427
29.9614
29.8767
29.7864
29.6895
29.5857
29.476
29.3621
29.2463
29.1308
29.0174
28.9067
28.7981
28.6908
28.5841
28.477
28.3684
28.2578
28.145
28.0297
27.9119
27.7926
27.6729
27.5531
27.4314
27.3036
27.1649
27.0125
26.8453
26.6642
26.474
26.2848
26.1062
25.9488
25.8208
25.7266
25.6663
25.6373
25.6345
25.6522
25.6846
25.7263
25.7722
25.8188
25.8643
25.9042
25.9357
25.9662
25.8731
25.634
25.4142
25.3132
25.1852
25.0338
25.2494
25.3109
25.0369
24.8637
24.6832
24.5795
24.5244
24.2156
23.7205
22.2975
19.9954
18.0348
17.2252
17.8014
19.5714
21.97
24.3625
26.3146
27.6801
28.4613
28.8197
28.89
28.795
28.5785
28.2779
27.9185
27.5345
27.1994
26.9689
26.8731
26.9036
27.0132
27.1534
27.2875
27.3934
27.4624
27.4939
27.4944
27.4631
27.4204
27.3655
27.3054
27.2438
27.1822
27.1197
27.0546
26.9855
26.9118
26.8337
26.7514
26.6654
26.5758
26.483
26.3868
26.2873
26.1841
26.0771
25.9657
25.8494
25.7286
25.6048
25.4801
25.3553
25.2298
25.1028
24.9744
24.8455
24.7172
24.5894
24.4608
24.3291
24.1923
24.0496
23.9013
23.7484
23.5919
23.4327
23.2713
23.1081
22.9431
22.7767
22.6088
22.4394
22.2687
22.0966
21.9231
21.7483
21.5721
21.3945
21.2156
21.0353
20.8535
20.6704
20.4859
20.2999
20.1126
19.9238
19.7337
19.5421
19.3492
19.1549
18.9592
18.7622
18.5639
18.3644
18.1637
17.962
17.7593
17.556
17.3519
17.1478
16.9435
16.7402
16.5374
16.3376
16.1395
15.9474
15.7612
15.5657
15.4708
15.1036
14.7753
14.4464
14.0994
13.7352
13.3551
12.9589
12.5445
12.1091
11.6496
11.1626
10.6547
10.1123
9.53313
8.91506
8.25548
7.54919
6.79301
5.97708
5.09842
4.13719
3.10663
1.94798
0.710576
15.4282
15.0842
14.7517
14.4256
14.0828
13.7208
13.3419
12.9466
12.533
12.0987
11.6417
11.1609
10.6488
10.1029
9.52251
8.90345
8.24329
7.53609
6.77933
5.9623
5.08374
4.1225
3.09252
1.93334
0.698678
15.354
15.0511
14.7258
14.4006
14.0625
13.7049
13.3289
12.9352
12.5226
12.0889
11.6318
11.1492
10.6376
10.0921
9.51191
8.893
8.23272
7.5253
6.76812
5.95079
5.07216
4.11126
3.08136
1.92278
0.689908
15.2987
15.02
14.7023
14.3776
14.0423
13.6883
13.3143
12.9213
12.5087
12.0747
11.6174
11.1346
10.6231
10.0775
9.49722
8.87799
8.21731
7.50942
6.75169
5.93384
5.05486
4.09396
3.06367
1.9064
0.675668
15.2524
14.985
14.677
14.3551
14.0218
13.6708
13.2996
12.9084
12.4972
12.0645
11.6082
11.1258
10.6128
10.0685
9.48774
8.86839
8.20758
7.49942
6.74145
5.92328
5.04446
4.0838
3.05449
1.89789
0.671923
15.2145
14.9527
14.6534
14.335
14.0033
13.6546
13.2858
12.8961
12.4857
12.053
11.5961
11.1124
10.5988
10.055
9.47505
8.85569
8.19456
7.48604
6.72755
5.90899
5.02978
4.06933
3.03936
1.88515
0.662386
15.1826
14.923
14.6301
14.3154
13.9852
13.6384
13.2716
12.8836
12.4741
12.0422
11.5861
11.1032
10.5907
10.0464
9.46551
8.84589
8.18467
7.47592
6.71719
5.89837
5.01926
4.05911
3.03027
1.87702
0.659095
15.1548
14.8959
14.6077
14.2966
13.9684
13.6231
13.2581
12.8717
12.4633
12.032
11.5759
11.0924
10.5789
10.0344
9.45448
8.83499
8.17348
7.46442
6.70526
5.88613
5.00675
4.04688
3.01767
1.86709
0.653539
15.1302
14.8715
14.5866
14.2787
13.9524
13.6085
13.245
12.8601
12.4527
12.0219
11.5662
11.0832
10.5705
10.026
9.44553
8.8257
8.16408
7.45484
6.69546
5.87613
4.99681
4.03727
3.00917
1.85991
0.65103
15.1082
14.8495
14.5668
14.2617
13.9374
13.5947
13.2325
12.8489
12.4425
12.0123
11.557
11.074
10.5608
10.0152
9.43566
8.8161
8.1543
7.44481
6.68509
5.86552
4.98601
4.0268
2.99858
1.85197
0.647649
15.0883
14.8295
14.5484
14.2456
13.9231
13.5818
13.2207
12.8381
12.4327
12.0032
11.5482
11.0654
10.5526
10.0074
9.42761
8.80759
8.14565
7.43599
6.67609
5.85636
4.9769
4.01803
2.99087
1.84582
0.645854
15.0703
14.8114
14.5315
14.2305
13.9097
13.5696
13.2095
12.8279
12.4234
11.9945
11.5398
11.0572
10.5444
9.9987
9.41878
8.79909
8.13708
7.42725
6.66707
5.84718
4.96761
4.0091
2.98201
1.83941
0.643603
15.0541
14.795
14.5159
14.2164
13.8971
13.5582
13.199
12.8183
12.4145
11.9862
11.5319
11.0495
10.5368
9.99149
9.41164
8.79148
8.1293
7.41933
6.65901
5.839
4.95947
4.0013
2.97516
1.83423
0.642294
15.0393
14.7801
14.5017
14.2034
13.8854
13.5475
13.1892
12.8093
12.4062
11.9784
11.5245
11.0423
10.5297
9.98417
9.40391
8.78399
8.12184
7.41174
6.65122
5.8311
4.95153
3.99373
2.96784
1.82906
0.640673
15.026
14.7667
14.4887
14.1914
13.8745
13.5376
13.1802
12.8009
12.3984
11.9712
11.5175
11.0355
10.523
9.97762
9.39756
8.7773
8.11502
7.40481
6.64417
5.82396
4.94444
3.98695
2.96189
1.82476
0.639688
15.0139
14.7545
14.477
14.1805
13.8645
13.5285
13.1718
12.7932
12.3912
11.9644
11.5111
11.0292
10.5168
9.9714
9.39016
8.77086
8.10861
7.39831
6.63752
5.81722
4.93773
3.98061
2.95592
1.82062
0.638515
15.0031
14.7436
14.4664
14.1706
13.8554
13.5202
13.1641
12.7861
12.3846
11.9581
11.5051
11.0234
10.5111
9.9657
9.38466
8.76514
8.10279
7.39241
6.63152
5.81116
4.93172
3.97489
2.9509
1.81711
0.637757
14.9934
14.7339
14.457
14.1617
13.8472
13.5127
13.1572
12.7796
12.3785
11.9524
11.4996
11.0181
10.5059
9.9605
9.37944
8.75978
8.09743
7.38698
6.62598
5.80557
4.92617
3.96968
2.94613
1.81384
0.636893
14.9849
14.7253
14.4487
14.1538
13.8399
13.506
13.151
12.7738
12.3731
11.9473
11.4946
11.0132
10.5011
9.95578
9.37483
8.75507
8.09263
7.38211
6.62104
5.80061
4.92127
3.96504
2.94206
1.81105
0.636302
14.9774
14.7178
14.4414
14.1469
13.8335
13.5
13.1455
12.7687
12.3682
11.9426
11.4902
11.0089
10.4968
9.95155
9.37068
8.75079
8.08832
7.37776
6.61661
5.79615
4.91686
3.96092
2.93837
1.80854
0.635658
14.9709
14.7114
14.4351
14.141
13.828
13.4949
13.1407
12.7642
12.364
11.9386
11.4862
11.005
10.493
9.94783
9.36701
8.74709
8.08455
7.37395
6.61276
5.79229
4.91306
3.95735
2.93525
1.80642
0.635198
14.9655
14.7059
14.4298
14.136
13.8233
13.4905
13.1366
12.7603
12.3603
11.935
11.4828
11.0017
10.4897
9.9446
9.36384
8.74386
8.08129
7.37067
6.60943
5.78896
4.90977
3.9543
2.93256
1.80458
0.63472
14.961
14.7015
14.4255
14.1319
13.8194
13.487
13.1333
12.7572
12.3573
11.9321
11.4799
10.9988
10.487
9.94188
9.36116
8.74103
8.07857
7.36792
6.60667
5.7862
4.90707
3.95178
2.93037
1.8031
0.63437
14.9575
14.698
14.4222
14.1287
13.8164
13.4842
13.1306
12.7546
12.3548
11.9297
11.4775
10.9965
10.4847
9.93968
9.35899
8.73886
8.07637
7.36572
6.60444
5.78398
4.90489
3.94978
2.92862
1.8019
0.63402
14.9549
14.6955
14.4198
14.1264
13.8143
13.4821
13.1287
12.7527
12.353
11.9278
11.4757
10.9947
10.483
9.93799
9.35733
8.73722
8.0747
7.36405
6.60277
5.78232
4.90328
3.9483
2.92733
1.80102
0.63377
14.9533
14.694
14.4183
14.125
13.813
13.4808
13.1274
12.7515
12.3517
11.9265
11.4744
10.9934
10.4817
9.93682
9.35619
8.7361
8.07356
7.36292
6.60164
5.78121
4.9022
3.94734
2.92649
1.80043
0.633521
14.9527
14.6934
14.4177
14.1245
13.8125
13.4803
13.1269
12.7509
12.351
11.9258
11.4737
10.9927
10.481
9.93617
9.35557
8.73549
8.07296
7.36232
6.60106
5.78065
4.90168
3.9469
2.9261
1.80014
0.633321
14.953
14.6938
14.4182
14.1249
13.8128
13.4806
13.1271
12.7509
12.3509
11.9256
11.4734
10.9925
10.4809
9.93603
9.35545
8.7354
8.07287
7.36226
6.60102
5.78065
4.9017
3.94698
2.92616
1.80015
0.63314
14.9547
14.6955
14.4199
14.1267
13.8144
13.482
13.1282
12.7519
12.3517
11.9263
11.474
10.993
10.4814
9.93662
9.35608
8.73605
8.07354
7.36297
6.60177
5.78143
4.90251
3.94781
2.92688
1.80058
0.633048
14.9578
14.6987
14.4231
14.1296
13.8172
13.4845
13.1304
12.7538
12.3534
11.9277
11.4754
10.9944
10.4827
9.93796
9.35745
8.73745
8.07497
7.36444
6.6033
5.78299
4.9041
3.94939
2.92827
1.80143
0.633014
14.9622
14.7032
14.4275
14.1339
13.8211
13.4881
13.1336
12.7566
12.3559
11.9301
11.4776
10.9965
10.4848
9.94005
9.35956
8.7396
8.07717
7.36669
6.60562
5.78534
4.90648
3.9517
2.93033
1.80271
0.633047
14.9681
14.7092
14.4334
14.1395
13.8263
13.4928
13.1378
12.7604
12.3593
11.9332
11.4805
10.9994
10.4876
9.94288
9.36242
8.74249
8.08011
7.3697
6.60872
5.78847
4.90965
3.95477
2.93307
1.80445
0.63314
14.9754
14.7166
14.4406
14.1463
13.8327
13.4986
13.1431
12.7652
12.3637
11.9372
11.4843
11.003
10.4913
9.94644
9.36601
8.74613
8.08382
7.37348
6.61261
5.79238
4.9136
3.95858
2.93649
1.80666
0.633301
14.9841
14.7254
14.4493
14.1546
13.8403
13.5055
13.1493
12.7709
12.3689
11.9421
11.4889
11.0074
10.4956
9.95074
9.37034
8.7505
8.08827
7.37803
6.61727
5.79708
4.91834
3.96315
2.94062
1.80938
0.633534
14.9943
14.7358
14.4594
14.1642
13.8492
13.5136
13.1567
12.7775
12.375
11.9478
11.4943
11.0125
10.5006
9.95576
9.37539
8.75562
8.09348
7.38333
6.62272
5.80256
4.92388
3.96849
2.94546
1.81265
0.633855
15.0061
14.7478
14.4711
14.1752
13.8594
13.5228
13.165
12.7851
12.382
11.9543
11.5004
11.0184
10.5063
9.9615
9.38117
8.76146
8.09943
7.38939
6.62894
5.80883
4.93021
3.9746
2.95103
1.81645
0.634281
15.0196
14.7615
14.4845
14.1878
13.8708
13.5332
13.1744
12.7937
12.3899
11.9616
11.5073
11.025
10.5128
9.96795
9.38767
8.76803
8.10613
7.3962
6.63595
5.81588
4.93734
3.98149
2.95736
1.82085
0.63484
15.0348
14.777
14.4996
14.2019
13.8837
13.5448
13.1849
12.8032
12.3986
11.9697
11.5149
11.0323
10.5199
9.97511
9.39488
8.77532
8.11356
7.40376
6.64374
5.82372
4.94528
3.98918
2.96444
1.8259
0.63558
15.0519
14.7944
14.5165
14.2176
13.8979
13.5575
13.1964
12.8137
12.4082
11.9785
11.5232
11.0404
10.5278
9.98299
9.40281
8.78332
8.12173
7.41207
6.65232
5.83235
4.95403
3.99766
2.97232
1.83167
0.636573
15.0709
14.8139
14.5354
14.235
13.9134
13.5714
13.2088
12.825
12.4185
11.9881
11.5323
11.0491
10.5367
9.99156
9.41143
8.79203
8.13063
7.42112
6.66168
5.84177
4.9636
4.00695
2.98268
1.8382
0.637905
15.0923
14.8359
14.5565
14.2541
13.9303
13.5863
13.2223
12.8372
12.4297
11.9984
11.542
11.0585
10.546
10.0008
9.42076
8.80144
8.14026
7.4309
6.67183
5.852
4.97401
4.017
2.99232
1.84553
0.639722
15.1161
14.8604
14.5799
14.275
13.9485
13.6024
13.2367
12.8502
12.4415
12.0093
11.5524
11.0685
10.5559
10.0107
9.43076
8.81154
8.15061
7.44142
6.68276
5.86304
4.98524
4.02784
3.00274
1.85371
0.642183
15.1417
14.8869
14.6046
14.2965
13.9672
13.6189
13.2513
12.8633
12.4534
12.0204
11.5629
11.0787
10.5661
10.0208
9.441
8.82185
8.16119
7.45219
6.69399
5.87441
4.99683
4.03898
3.01355
1.86241
0.64542
15.1677
14.9138
14.6292
14.3175
13.9852
13.6346
13.2653
12.8757
12.4648
12.031
11.573
11.0885
10.5759
10.0306
9.45085
8.83178
8.17138
7.46256
6.70482
5.88542
5.00804
4.04974
3.02408
1.8711
0.649287
15.194
14.941
14.6531
14.3375
14.0025
13.6496
13.2783
12.8873
12.4754
12.0409
11.5826
11.0984
10.5852
10.0398
9.46021
8.8412
8.18105
7.47244
6.71514
5.89599
5.01879
4.06002
3.03417
1.87963
0.653824
15.2208
14.9683
14.676
14.3565
14.0188
13.6636
13.2904
12.898
12.4853
12.0502
11.5916
11.1071
10.594
10.0485
9.46902
8.85009
8.19017
7.48179
6.72488
5.90602
5.02898
4.06976
3.04373
1.88788
0.658871
15.2483
14.9953
14.6975
14.3745
14.0342
13.6766
13.3015
12.9079
12.4945
12.0589
11.6001
11.1154
10.6022
10.0567
9.47729
8.85843
8.19872
7.49058
6.73405
5.91556
5.03864
4.07895
3.05277
1.89582
0.66453
15.2769
15.0215
14.7178
14.3915
14.0487
13.6886
13.3117
12.917
12.503
12.0669
11.6078
11.1231
10.6099
10.0644
9.48499
8.86622
8.20668
7.49882
6.74259
5.9245
5.04765
4.08756
3.06121
1.90331
0.670461
15.3069
15.0463
14.7367
14.4076
14.0621
13.6995
13.3209
12.9252
12.5107
12.0744
11.6156
11.1304
10.6171
10.0715
9.49216
8.87348
8.21408
7.50652
6.75058
5.93296
5.05616
4.09563
3.06911
1.91043
0.676903
15.3382
15.0692
14.7546
14.4228
14.0745
13.7093
13.3293
12.9328
12.5177
12.0811
11.6223
11.137
10.6237
10.0782
9.49877
8.8802
8.2209
7.51366
6.75792
5.94077
5.06398
4.1031
3.0764
1.91698
0.683328
15.37
15.0899
14.7714
14.4371
14.0857
13.7182
13.3369
12.9397
12.5243
12.0878
11.6287
11.1433
10.6299
10.0844
9.50493
8.88648
8.22725
7.52034
6.76478
5.94819
5.0714
4.11011
3.08327
1.92328
0.690136
15.4011
15.1081
14.7871
14.4502
14.0957
13.7262
13.3436
12.9456
12.5298
12.0935
11.6343
11.149
10.6355
10.09
9.51049
8.89217
8.23298
7.52639
6.77094
5.95485
5.07802
4.11644
3.0894
1.92878
0.696642
15.4286
15.1233
14.8012
14.4618
14.1043
13.7333
13.3499
12.9516
12.5357
12.0993
11.6399
11.1545
10.6409
10.0955
9.51592
8.89774
8.2386
7.53234
6.77703
5.96143
5.0846
4.12283
3.09579
1.93472
0.703626
15.4493
15.1353
14.813
14.4711
14.1113
13.7391
13.3547
12.956
12.5401
12.1037
11.6443
11.159
10.6454
10.1
9.52036
8.90231
8.24319
7.53724
6.78199
5.96681
5.08998
4.128
3.1009
1.93952
0.709694
15.4615
15.1439
14.8222
14.4785
14.1174
13.7446
13.3597
12.9608
12.5448
12.1086
11.6492
11.1639
10.6502
10.105
9.52523
8.90731
8.24822
7.54256
6.78737
5.97257
5.09571
4.13362
3.10637
1.94454
0.71667
15.4672
15.1493
14.8275
14.4827
14.1215
13.7487
13.3638
12.9645
12.5484
12.1124
11.6532
11.168
10.6542
10.1091
9.52935
8.91159
8.2526
7.54723
6.79212
5.97774
5.10089
4.13865
3.11177
1.95225
0.723045
15.4693
15.1533
14.8314
14.4859
14.1228
13.7494
13.3649
12.9656
12.5494
12.1135
11.654
11.1687
10.6548
10.1095
9.53012
8.91244
8.25374
7.54862
6.79264
5.97826
5.10172
4.13985
3.11383
1.95555
0.726083
)
;

boundaryField
{
    inlet
    {
        type            zeroGradient;
    }
    outlet
    {
        type            fixedValue;
        value           uniform 0;
    }
    upperWall
    {
        type            zeroGradient;
    }
    lowerWall
    {
        type            zeroGradient;
    }
    frontAndBack
    {
        type            empty;
    }
}


// ************************************************************************* //
