/*--------------------------------*- C++ -*----------------------------------*\
  =========                 |
  \\      /  F ield         | OpenFOAM: The Open Source CFD Toolbox
   \\    /   O peration     | Website:  https://openfoam.org
    \\  /    A nd           | Version:  7
     \\/     M anipulation  |
\*---------------------------------------------------------------------------*/
FoamFile
{
    version     2.0;
    format      ascii;
    class       volScalarField;
    location    "0.061";
    object      s;
}
// * * * * * * * * * * * * * * * * * * * * * * * * * * * * * * * * * * * * * //

dimensions      [0 0 0 0 0 0 0];

internalField   nonuniform List<scalar> 
12225
(
1
1
1
1
1
1
1
1
1
1
1
1
1
1
1
1
1
1
1
1
1
1
1
1
1
1
1
1
1
1
1
1
1
1
1
1
1
1
1
1
1
1
1
1
1
1
1
1
1
1
1
1
1
1
1
1
1
1
1
1
1
1
1
1
1
1
1
1
1
1
1
1
1
1
1
1
1
1
1
1
1
1
1
1
1
1
1
1
1
1
1
1
1
1
1
1
1
1
1
1
1
1
1
1
1
1
1
1
1
1
1
1
1
1
1
1
1
1
1
1
1
1
1
1
1
1
1
1
1
1
1
1
1
1
1
1
1
1
1
1
1
1
1
1
1
1
1
1
1
1
1
1
1
1
1
1
1
1
1
1
1
1
1
1
1
1
1
1
1
1
1
1
1
1
1
1
1
1
1
1
1
1
1
1
1
1
1
1
1
1
1
1
1
1
1
1
1
1
1
1
1
1
1
1
1
1
1
1
1
1
1
1
1
1
1
1
1
1
1
1
1
1
1
1
1
1
1
1
1
1
1
1
1
1
1
1
1
1
1
1
1
1
1
1
1
1
1
1
1
1
1
1
1
1
1
1
1
1
1
1
1
1
1
1
1
1
1
1
1
1
1
1
1
1
1
1
1
1
1
1
1
1
1
1
1
1
1
1
1
1
1
1
1
1
1
1
1
1
1
1
1
1
1
1
1
1
1
1
1
1
1
1
1
1
1
1
1
1
1
1
1
1
1
1
1
1
1
1
1
1
1
1
1
1
1
1
1
1
1
1
1
1
1
1
1
1
1
1
1
1
1
1
1
1
1
1
1
1
1
1
1
1
1
1
1
1
1
1
1
1
1
1
1
1
1
1
1
1
1
1
1
1
1
1
1
1
1
1
1
1
1
1
1
1
1
1
1
1
1
1
1
1
1
1
1
1
1
1
1
1
1
1
1
1
1
1
1
1
1
1
1
1
1
1
1
1
1
1
1
1
1
1
1
1
1
1
1
1
1
1
1
1
1
1
1
1
1
1
1
1
1
1
1
1
1
1
1
1
1
1
1
1
1
1
1
1
1
1
1
1
1
1
1
1
1
1
1
1
1
1
1
1
1
1
1
1
1
1
1
1
1
1
1
1
1
1
1
1
1
1
1
1
1
1
1
1
1
1
1
1
1
1
1
1
1
1
1
1
1
1
1
1
1
1
1
1
1
1
1
1
1
1
1
1
1
1
1
1
1
1
0.000111983
0.000558828
0.00139169
0.00264927
0.0045171
0.00746364
0.0101781
0.0133584
0.0208126
0.0258889
0.0378633
0.0483657
0.0609176
0.0711986
0.0823866
0.0919915
0.0987739
0.10415
0.104172
0.102777
0.0993412
0.093732
0.0890256
0.0837293
0.0775204
0.0710411
0.0644649
0.0581022
0.0497582
0.0432021
0.0364697
0.0193983
0.00407021
0.00107124
0.00158088
0.00295634
0.00462162
0.00643856
0.00932038
0.0134039
0.0165243
0.0225273
0.0299495
0.036217
0.0453941
0.125436
0.540033
0.765055
0.773175
0.77319
0.774853
0.777057
0.777914
0.778552
0.779936
0.781682
0.782814
0.783491
0.784687
0.78664
0.78867
0.790259
0.791563
0.7929
0.794275
0.795546
0.796745
0.798008
0.79929
0.8004
0.800998
0.801658
0.802035
0.80235
0.8027
0.802907
0.803056
0.803117
0.803058
0.802632
0.802051
0.801625
0.801293
0.8008
0.800179
0.799434
0.798409
0.797181
0.795774
0.794443
0.793136
0.791311
0.788809
0.786063
0.782711
0.778636
0.773676
0.767375
0.759916
0.750979
0.740291
0.728046
0.713732
0.697457
0.678752
0.657403
0.632575
0.603827
0.570479
0.532181
0.48884
0.440499
0.387648
0.33144
0.273779
0.217286
0.165047
0.119939
0.083938
0.0571466
0.037389
0.0231234
0.0131099
0.00680112
0.00335648
0.00157783
0.000707095
0.000302443
0.000123642
4.83823e-05
1.82172e-05
6.6269e-06
2.14593e-06
6.32648e-07
3.02512e-07
1.43685e-07
6.64227e-08
2.99527e-08
1.32265e-08
5.72767e-09
2.43365e-09
1.01512e-09
4.15948e-10
1.67547e-10
6.63948e-11
2.59045e-11
9.95934e-12
3.77677e-12
1.41429e-12
5.23707e-13
1.92061e-13
6.98435e-14
2.5199e-14
9.01897e-15
3.1996e-15
1.12333e-15
3.89325e-16
1.32786e-16
4.44909e-17
1.46412e-17
4.73261e-18
1.50283e-18
4.68861e-19
1.43714e-19
4.32725e-20
1.27959e-20
3.7146e-21
1.05807e-21
2.95537e-22
8.08845e-23
2.16717e-23
5.67752e-24
1.45245e-24
3.6206e-25
8.77733e-26
2.06033e-26
4.67234e-27
9.98548e-28
2.09851e-28
-4.37029e-29
8.41381e-05
0.000475652
0.00148652
0.00408687
0.00779543
0.0144586
0.0219892
0.0362456
0.0630113
0.0909763
0.150315
0.198717
0.257219
0.322659
0.371099
0.415693
0.444236
0.466323
0.479234
0.478646
0.473249
0.457897
0.438816
0.399872
0.358607
0.306706
0.236689
0.17659
0.128122
0.0913861
0.068447
0.0475622
0.0292148
0.0182696
0.0126207
0.00895406
0.00865891
0.00947069
0.0124383
0.0190705
0.0406295
0.0478456
0.0536199
0.144623
0.562695
0.691986
0.774113
0.811481
0.823699
0.841992
0.855353
0.865984
0.875386
0.882309
0.888584
0.894212
0.897629
0.899375
0.900142
0.900308
0.899299
0.895934
0.892322
0.888785
0.884132
0.879541
0.874921
0.869696
0.865347
0.861894
0.859499
0.858314
0.85723
0.85677
0.856442
0.856395
0.856587
0.857373
0.858668
0.86016
0.861804
0.863817
0.866187
0.868667
0.871376
0.874467
0.877823
0.881021
0.884214
0.887995
0.892357
0.896818
0.901711
0.907743
0.914328
0.921322
0.929111
0.937288
0.945488
0.953179
0.958952
0.963987
0.96843
0.972175
0.975229
0.977591
0.979281
0.980312
0.980714
0.98002
0.976902
0.971137
0.962165
0.948895
0.92985
0.902945
0.865558
0.81473
0.747965
0.665083
0.569825
0.467627
0.366388
0.274503
0.198287
0.13927
0.0949435
0.0625255
0.0399197
0.0247738
0.0149698
0.00882229
0.00507911
0.00286093
0.00157907
0.000855293
0.000455254
0.000238437
0.00012301
6.2563e-05
3.13863e-05
1.55352e-05
7.5864e-06
3.65417e-06
1.73542e-06
8.12227e-07
3.74484e-07
1.70075e-07
7.61458e-08
3.36975e-08
1.48024e-08
6.46092e-09
2.77968e-09
1.17176e-09
4.81809e-10
1.92464e-10
7.43299e-11
2.75726e-11
9.86641e-12
3.44053e-12
1.1712e-12
3.89722e-13
1.26874e-13
4.04314e-14
1.26159e-14
3.85501e-15
1.15346e-15
3.37914e-16
9.68863e-17
2.71818e-17
7.45577e-18
1.99906e-18
5.23021e-19
1.33557e-19
3.3155e-20
8.01396e-21
1.8752e-21
3.90399e-22
9.89051e-23
-1.70142e-22
2.79686e-05
0.000204097
0.00152103
0.00549615
0.0115054
0.0209241
0.0375607
0.0709937
0.134771
0.242569
0.374652
0.501166
0.583238
0.633314
0.660591
0.675673
0.685596
0.68866
0.6886
0.687857
0.685769
0.681588
0.672013
0.661238
0.639096
0.611197
0.579432
0.508993
0.430518
0.319249
0.205406
0.134603
0.0885907
0.0610024
0.0442405
0.0309569
0.0302868
0.0344678
0.0518326
0.0606665
0.0858746
0.246416
0.528066
0.699005
0.802157
0.837283
0.857243
0.86638
0.871501
0.87453
0.875773
0.876045
0.874841
0.87291
0.866215
0.857984
0.845085
0.833254
0.822024
0.80793
0.797366
0.785696
0.778424
0.771564
0.768368
0.76596
0.765078
0.764963
0.766958
0.771017
0.774597
0.778121
0.781685
0.785171
0.788215
0.790401
0.791423
0.791905
0.792329
0.792997
0.793758
0.794481
0.794957
0.795367
0.796143
0.797216
0.798442
0.799881
0.801673
0.804141
0.807011
0.810082
0.813726
0.8179
0.822775
0.82826
0.834779
0.842771
0.852834
0.865566
0.881147
0.897553
0.913281
0.927674
0.940981
0.953066
0.963706
0.97288
0.980622
0.986911
0.991449
0.994583
0.996521
0.997495
0.997836
0.997834
0.997238
0.995291
0.992062
0.986927
0.977715
0.959615
0.924587
0.863608
0.771699
0.653309
0.52191
0.394254
0.28435
0.198417
0.134407
0.0884508
0.0566158
0.0353712
0.0216221
0.0129651
0.00764467
0.00444274
0.0025501
0.00144831
0.000815198
0.000455446
0.000252956
0.000139667
7.64098e-05
4.12974e-05
2.19945e-05
1.15181e-05
5.92056e-06
2.98311e-06
1.47191e-06
7.10817e-07
3.35889e-07
1.55293e-07
7.024e-08
3.10764e-08
1.34466e-08
5.68936e-09
2.35337e-09
9.51457e-10
3.75845e-10
1.45e-10
5.45995e-11
2.00554e-11
7.17809e-12
2.50023e-12
8.50787e-13
2.8368e-13
9.26505e-14
2.96418e-14
9.28199e-15
2.84571e-15
8.52542e-16
2.49876e-16
7.13299e-17
1.9905e-17
5.37302e-18
1.41674e-18
3.59654e-19
7.46119e-20
1.60632e-05
0.000407396
0.00511519
0.0122879
0.0218596
0.041559
0.0828349
0.167439
0.346455
0.537551
0.636036
0.681747
0.701954
0.709853
0.711222
0.709808
0.707234
0.701402
0.695371
0.690346
0.687229
0.684554
0.678939
0.673433
0.668609
0.658785
0.647171
0.631043
0.594748
0.552612
0.467319
0.351565
0.257019
0.165077
0.109745
0.0787375
0.0770732
0.0898011
0.150614
0.376058
0.516797
0.698107
0.794796
0.841968
0.861863
0.868539
0.87056
0.870879
0.869359
0.863939
0.853769
0.83731
0.824139
0.808158
0.793755
0.77985
0.769629
0.756623
0.74823
0.741604
0.73838
0.735878
0.734323
0.733872
0.733924
0.735693
0.740483
0.747194
0.75407
0.760344
0.766196
0.771784
0.776994
0.781844
0.785828
0.787389
0.787875
0.787963
0.787916
0.787714
0.787361
0.786899
0.786445
0.786139
0.785972
0.785923
0.786216
0.787442
0.789809
0.793266
0.797141
0.800969
0.804697
0.807999
0.811342
0.814724
0.818135
0.821684
0.82569
0.830312
0.836842
0.846513
0.859708
0.87399
0.888924
0.903836
0.918085
0.931288
0.943359
0.955026
0.966902
0.977999
0.987118
0.993279
0.996665
0.998407
0.999239
0.999608
0.999751
0.999791
0.999786
0.999689
0.999345
0.998422
0.996109
0.990236
0.974716
0.931556
0.821826
0.674926
0.522039
0.382244
0.268644
0.182885
0.121104
0.0782907
0.0495841
0.0308656
0.018939
0.0114808
0.00688553
0.0040873
0.00240011
0.00139249
0.000797047
0.00044927
0.000248914
0.000135328
7.2101e-05
3.76093e-05
1.91949e-05
9.58251e-06
4.67884e-06
2.23451e-06
1.04387e-06
4.77041e-07
2.13271e-07
9.32801e-08
3.99144e-08
1.67086e-08
6.8417e-09
2.73982e-09
1.0727e-09
4.10483e-10
1.53443e-10
5.60112e-11
1.99442e-11
6.9223e-12
2.34186e-12
7.75759e-13
2.51462e-13
7.9796e-14
2.47463e-14
7.50799e-15
2.22004e-15
6.41699e-16
1.79809e-16
4.92058e-17
1.29547e-17
3.20164e-18
0.000149971
0.00705768
0.0151589
0.0243577
0.0463371
0.0993405
0.217392
0.467466
0.62399
0.687895
0.709632
0.715075
0.713362
0.705488
0.690213
0.655732
0.633697
0.595885
0.568286
0.546178
0.534133
0.53759
0.548751
0.571678
0.598003
0.618174
0.628615
0.626535
0.618537
0.604827
0.575477
0.517571
0.37962
0.3173
0.239159
0.138388
0.129753
0.312893
0.56887
0.675222
0.772787
0.832998
0.858808
0.868027
0.869984
0.868382
0.864811
0.855522
0.838068
0.820705
0.804923
0.796753
0.786412
0.780426
0.770684
0.761957
0.752091
0.740753
0.731003
0.722748
0.718041
0.715505
0.712877
0.711832
0.711596
0.712495
0.717241
0.725977
0.735682
0.744265
0.752908
0.761681
0.769854
0.77552
0.777155
0.77735
0.777137
0.776621
0.775868
0.774882
0.773977
0.773638
0.773647
0.774023
0.774995
0.776668
0.779028
0.78222
0.786483
0.791139
0.796172
0.801375
0.806939
0.812384
0.817357
0.821382
0.823776
0.825043
0.826356
0.827717
0.829672
0.833158
0.839761
0.85314
0.86986
0.886526
0.902664
0.917631
0.930984
0.942259
0.951755
0.960483
0.969272
0.978501
0.987052
0.993177
0.996693
0.9985
0.999362
0.999739
0.99989
0.999946
0.999963
0.999965
0.999955
0.9999
0.9997
0.999042
0.996878
0.989727
0.966219
0.888748
0.718818
0.547588
0.398069
0.279282
0.190558
0.127078
0.0831448
0.0535217
0.033956
0.0212474
0.0131099
0.0079684
0.00476402
0.00279684
0.00160967
0.000906922
0.000499695
0.000269054
0.000141521
7.27132e-05
3.64974e-05
1.79002e-05
8.58024e-06
4.02053e-06
1.84198e-06
8.25212e-07
3.61546e-07
1.54914e-07
6.49115e-08
2.65953e-08
1.06522e-08
4.16989e-09
1.59472e-09
5.95632e-10
2.17145e-10
7.72458e-11
2.67839e-11
9.04521e-12
2.98352e-12
9.62618e-13
3.03391e-13
9.34629e-14
2.80674e-14
8.22987e-15
2.34363e-15
6.50466e-16
1.74532e-16
4.43715e-17
0.00725495
0.0161089
0.0237982
0.0469709
0.115738
0.281914
0.569906
0.68128
0.71556
0.720213
0.716522
0.702156
0.670537
0.604567
0.522653
0.451224
0.385581
0.341137
0.308643
0.291172
0.272765
0.273335
0.280348
0.301134
0.345701
0.414051
0.521787
0.582384
0.604204
0.602377
0.593888
0.567833
0.505476
0.394859
0.227418
0.166717
0.368653
0.643088
0.75
0.812571
0.849219
0.864664
0.869142
0.869574
0.866311
0.856683
0.837928
0.822927
0.809253
0.797009
0.790318
0.780994
0.773431
0.766782
0.755973
0.74529
0.732038
0.716788
0.700696
0.685288
0.67534
0.67073
0.66829
0.66736
0.667345
0.670208
0.677929
0.687724
0.6973
0.707651
0.718887
0.729851
0.739715
0.747954
0.753908
0.757359
0.759237
0.76092
0.762066
0.763256
0.764258
0.765489
0.76715
0.769185
0.77133
0.774359
0.777935
0.782113
0.787628
0.793825
0.800923
0.808498
0.816252
0.823996
0.831608
0.838843
0.845189
0.849703
0.851599
0.848865
0.841769
0.834642
0.832231
0.833211
0.842171
0.863601
0.887058
0.907871
0.925382
0.939287
0.950059
0.958186
0.965172
0.971722
0.978211
0.984788
0.9908
0.995154
0.997679
0.998956
0.999557
0.999821
0.99993
0.999971
0.999986
0.999989
0.999989
0.999981
0.999943
0.999791
0.999219
0.997085
0.989205
0.960888
0.861857
0.674068
0.502839
0.362329
0.254174
0.17438
0.117339
0.0775485
0.0503467
0.0320873
0.0200502
0.0122657
0.0073358
0.00428439
0.00244159
0.0013571
0.000735635
0.000388941
0.000200635
0.000101016
4.96596e-05
2.38447e-05
1.11861e-05
5.12817e-06
2.29777e-06
1.00634e-06
4.30798e-07
1.80246e-07
7.3696e-08
2.9439e-08
1.14858e-08
4.37551e-09
1.62677e-09
5.90065e-10
2.08679e-10
7.1924e-11
2.41264e-11
7.90363e-12
2.52762e-12
7.89277e-13
2.40235e-13
7.13122e-14
2.05796e-14
5.77962e-15
1.57377e-15
4.07802e-16
0.019208
0.0226315
0.042068
0.121448
0.347484
0.633385
0.717203
0.731301
0.727559
0.713388
0.676127
0.599878
0.475311
0.38873
0.330376
0.293832
0.267854
0.247415
0.232365
0.213801
0.205455
0.191231
0.188534
0.192353
0.205827
0.237507
0.303807
0.464803
0.565781
0.59338
0.592378
0.579953
0.526089
0.366867
0.2083
0.348922
0.658943
0.779971
0.831222
0.856028
0.866135
0.868626
0.868629
0.863851
0.85077
0.828084
0.81503
0.803629
0.791783
0.781423
0.772382
0.759916
0.748486
0.734588
0.716858
0.69905
0.680421
0.664715
0.654529
0.649191
0.646463
0.64575
0.645909
0.648801
0.654161
0.659881
0.667266
0.676908
0.686714
0.696816
0.708143
0.719337
0.729791
0.739208
0.746919
0.752834
0.756492
0.759113
0.760611
0.762371
0.763583
0.764831
0.766623
0.769118
0.771884
0.775755
0.7803
0.785081
0.791009
0.797208
0.803605
0.810318
0.817265
0.824241
0.831309
0.838614
0.846779
0.856494
0.86551
0.873608
0.878591
0.87441
0.855535
0.834519
0.82554
0.824975
0.840843
0.87666
0.90961
0.933696
0.949982
0.960821
0.967445
0.972083
0.977051
0.98209
0.986855
0.991169
0.994758
0.99727
0.998712
0.999429
0.999761
0.999904
0.999963
0.999986
0.999994
0.999996
0.999995
0.999993
0.999977
0.999909
0.999632
0.998538
0.99432
0.978513
0.921343
0.758382
0.576887
0.425105
0.304989
0.213683
0.146377
0.0980335
0.0641396
0.0409494
0.0254842
0.0154466
0.00911407
0.00523421
0.00292627
0.00159319
0.000845135
0.000437049
0.000220448
0.000108507
5.21375e-05
2.44634e-05
1.12112e-05
5.01894e-06
2.19492e-06
9.37689e-07
3.91274e-07
1.59445e-07
6.34355e-08
2.46335e-08
9.33303e-09
3.44887e-09
1.24241e-09
4.36155e-10
1.49074e-10
4.96174e-11
1.61109e-11
5.10333e-12
1.57534e-12
4.73853e-13
1.38637e-13
3.94434e-14
1.08985e-14
2.87587e-15
0.0194823
0.0310553
0.101141
0.360956
0.673011
0.743638
0.74463
0.733659
0.70361
0.652185
0.54053
0.429879
0.357943
0.315662
0.285377
0.266959
0.253206
0.234655
0.218901
0.201072
0.187878
0.178282
0.162088
0.156794
0.160004
0.175453
0.216962
0.321911
0.482388
0.568502
0.588229
0.57798
0.505952
0.280384
0.285409
0.633605
0.780633
0.835067
0.856546
0.864316
0.866389
0.866532
0.860585
0.84404
0.813814
0.796056
0.782411
0.766086
0.753798
0.744524
0.728954
0.711262
0.696362
0.682289
0.668695
0.657132
0.647423
0.642761
0.640712
0.640113
0.640181
0.642046
0.645055
0.649337
0.655143
0.660853
0.667684
0.676509
0.685169
0.694254
0.704996
0.71584
0.726288
0.736072
0.744507
0.751438
0.755572
0.75858
0.760084
0.761782
0.762769
0.763327
0.764018
0.764815
0.766627
0.769344
0.773227
0.77777
0.783718
0.790529
0.797915
0.805321
0.811929
0.817508
0.82172
0.82449
0.825561
0.826939
0.835863
0.854777
0.87845
0.894244
0.900958
0.892041
0.852303
0.820912
0.812438
0.817871
0.853445
0.906425
0.941173
0.960984
0.972366
0.978646
0.981213
0.983494
0.986714
0.990142
0.993205
0.995668
0.997506
0.99872
0.999404
0.999741
0.999893
0.999958
0.999984
0.999994
0.999997
0.999998
0.999998
0.999996
0.999985
0.999936
0.999734
0.998925
0.995811
0.984199
0.942108
0.806498
0.623428
0.465845
0.338097
0.238657
0.163863
0.109383
0.0709432
0.0446859
0.0273312
0.0162349
0.00936979
0.00525745
0.0028701
0.0015255
0.00078998
0.000398809
0.000196369
9.43417e-05
4.42369e-05
2.02487e-05
9.04865e-06
3.94777e-06
1.6814e-06
6.99004e-07
2.83587e-07
1.12248e-07
4.3333e-08
1.63104e-08
5.98324e-09
2.13837e-09
7.44174e-10
2.51997e-10
8.31323e-11
2.67352e-11
8.37598e-12
2.5555e-12
7.5853e-13
2.18892e-13
6.1404e-14
1.65012e-14
0.0208865
0.0621758
0.274339
0.671325
0.7614
0.759894
0.744735
0.709425
0.66691
0.579703
0.461714
0.370156
0.325291
0.30125
0.280558
0.275914
0.261168
0.230829
0.193878
0.179434
0.171625
0.161992
0.146713
0.139314
0.137684
0.139816
0.167517
0.297697
0.483769
0.570807
0.588006
0.564478
0.385645
0.298783
0.551214
0.761281
0.826395
0.849979
0.858971
0.862273
0.861038
0.853065
0.83373
0.797955
0.774847
0.759231
0.741728
0.722415
0.707247
0.695424
0.682163
0.670457
0.66105
0.653158
0.64717
0.642274
0.638045
0.635738
0.63446
0.633997
0.633977
0.635006
0.637649
0.640256
0.642731
0.645146
0.648477
0.655873
0.663185
0.670986
0.682189
0.692958
0.705779
0.717056
0.728509
0.738084
0.745161
0.749761
0.752199
0.753396
0.754026
0.754413
0.754772
0.756899
0.759504
0.762604
0.76659
0.771846
0.779084
0.787974
0.797896
0.808804
0.819685
0.828851
0.833611
0.833111
0.8275
0.81756
0.806929
0.801757
0.811103
0.850415
0.8957
0.914956
0.914907
0.880279
0.823241
0.80614
0.808767
0.835552
0.902116
0.946988
0.969599
0.981064
0.987187
0.989689
0.990437
0.991596
0.993429
0.995364
0.996996
0.998193
0.999
0.999496
0.999768
0.999901
0.99996
0.999985
0.999994
0.999998
0.999999
0.999999
0.999999
0.999996
0.999985
0.999934
0.999726
0.998926
0.995974
0.985289
0.947226
0.8222
0.638868
0.477503
0.345211
0.241541
0.163588
0.107253
0.0680924
0.0418842
0.0249802
0.0144588
0.00812972
0.00444454
0.00236458
0.00122509
0.000618489
0.000304401
0.000146106
6.84075e-05
3.1248e-05
1.39268e-05
6.05594e-06
2.56902e-06
1.063e-06
4.28929e-07
1.68733e-07
6.46915e-08
2.41646e-08
8.79136e-09
3.11392e-09
1.07329e-09
3.59947e-10
1.17593e-10
3.74109e-11
1.15859e-11
3.49099e-12
1.02265e-12
2.91391e-13
7.97465e-14
0.025669
0.135013
0.569714
0.75797
0.774961
0.760064
0.732295
0.704569
0.654547
0.543057
0.419433
0.34828
0.320084
0.313488
0.315983
0.295627
0.24488
0.147244
0.0973517
0.0786525
0.0898322
0.103974
0.10286
0.0977065
0.101573
0.121775
0.173185
0.330461
0.515207
0.582009
0.579432
0.47247
0.358254
0.424651
0.722584
0.809942
0.838132
0.848903
0.852946
0.848341
0.834172
0.806822
0.772169
0.747494
0.72965
0.715797
0.6988
0.68255
0.669974
0.662088
0.656498
0.651941
0.647963
0.643625
0.638566
0.633543
0.628273
0.623929
0.619732
0.614194
0.606872
0.598183
0.591834
0.586755
0.583043
0.581633
0.582588
0.586673
0.591671
0.598089
0.607373
0.616754
0.630582
0.644227
0.661792
0.678955
0.696508
0.710546
0.720854
0.728588
0.735839
0.743231
0.750637
0.75621
0.759814
0.763773
0.767887
0.772966
0.780717
0.79162
0.805149
0.821056
0.838829
0.85781
0.876989
0.892083
0.895336
0.878737
0.840236
0.803222
0.78691
0.787442
0.814878
0.884844
0.921085
0.924306
0.896859
0.830235
0.808765
0.812115
0.84034
0.909073
0.955079
0.97704
0.987411
0.992586
0.995035
0.995764
0.995955
0.99638
0.997255
0.99815
0.998869
0.999361
0.999663
0.999835
0.999925
0.999968
0.999987
0.999995
0.999998
0.999999
1
0.999999
0.999999
0.999995
0.999978
0.999908
0.999641
0.998663
0.995159
0.982667
0.939063
0.801562
0.61433
0.452051
0.320545
0.21919
0.144674
0.0922692
0.0569287
0.0340217
0.0197182
0.011096
0.00606864
0.00322867
0.00167212
0.000843468
0.000414584
0.000198627
9.27762e-05
4.2253e-05
1.87634e-05
8.12404e-06
3.42911e-06
1.41077e-06
5.65578e-07
2.20889e-07
8.40192e-08
3.11155e-08
1.12161e-08
3.93387e-09
1.34185e-09
4.45525e-10
1.43997e-10
4.52899e-11
1.38587e-11
4.12339e-12
1.19377e-12
3.32687e-13
0.0350931
0.247069
0.680573
0.777954
0.775661
0.754342
0.73782
0.722191
0.650674
0.514454
0.403915
0.345579
0.347389
0.34706
0.33796
0.288317
0.190076
0.0929822
0.0596759
0.0537869
0.0608457
0.0693568
0.076108
0.0857594
0.102208
0.136709
0.229101
0.451008
0.561872
0.577007
0.513775
0.410121
0.400044
0.659209
0.787698
0.823593
0.83472
0.837691
0.825033
0.788904
0.755301
0.731833
0.71394
0.700176
0.6902
0.681259
0.670836
0.661568
0.654941
0.651128
0.647959
0.644139
0.638732
0.630334
0.62089
0.610543
0.598946
0.58717
0.575603
0.56265
0.551565
0.544886
0.539534
0.535147
0.533004
0.53233
0.535459
0.540854
0.546706
0.55394
0.561654
0.57133
0.579394
0.589065
0.599251
0.610825
0.625173
0.644419
0.666674
0.689088
0.711181
0.732005
0.747246
0.756573
0.763049
0.76716
0.770186
0.773365
0.778943
0.787054
0.798149
0.812931
0.831621
0.853777
0.879335
0.90576
0.927621
0.940468
0.937657
0.895934
0.819686
0.78553
0.784425
0.806661
0.882295
0.925574
0.929885
0.901396
0.841893
0.824162
0.829821
0.867459
0.927326
0.965703
0.983949
0.992166
0.99594
0.997722
0.998433
0.998607
0.998616
0.998679
0.998994
0.999376
0.999642
0.999809
0.999904
0.999955
0.99998
0.999992
0.999997
0.999999
1
1
1
0.999999
0.999998
0.999991
0.999961
0.999846
0.999425
0.997909
0.992477
0.97335
0.906969
0.731132
0.544662
0.389513
0.267809
0.177354
0.113327
0.0699898
0.0418443
0.0242523
0.0136432
0.00745717
0.00396354
0.00204989
0.00103214
0.000506145
0.000241802
0.000112555
5.10533e-05
2.25646e-05
9.71704e-06
4.07639e-06
1.66557e-06
6.62667e-07
2.56665e-07
9.67539e-08
3.54895e-08
1.26635e-08
4.39431e-09
1.48306e-09
4.87061e-10
1.55622e-10
4.83734e-11
1.46219e-11
4.30193e-12
1.22059e-12
0.0486906
0.322697
0.717082
0.782183
0.774883
0.765459
0.769217
0.74458
0.660047
0.504601
0.406368
0.376623
0.360586
0.360212
0.354221
0.310123
0.191031
0.105792
0.0740654
0.0650707
0.0651444
0.0731483
0.0836083
0.102948
0.143683
0.240909
0.432781
0.537972
0.559898
0.526223
0.444964
0.427729
0.565475
0.758864
0.808365
0.819995
0.821421
0.800072
0.736068
0.697015
0.678313
0.668327
0.663618
0.661883
0.659586
0.655536
0.650698
0.645831
0.641398
0.637609
0.633108
0.62707
0.617896
0.607053
0.59614
0.583834
0.57116
0.557594
0.543636
0.527514
0.512752
0.500556
0.490054
0.482689
0.479533
0.47866
0.481329
0.490764
0.504869
0.517635
0.533813
0.548236
0.558981
0.569796
0.57893
0.588027
0.597769
0.609294
0.625525
0.649208
0.679145
0.708631
0.732098
0.749239
0.757873
0.761021
0.760091
0.758456
0.757959
0.758396
0.759914
0.763186
0.770824
0.787682
0.818427
0.864509
0.911811
0.943045
0.956958
0.957761
0.929066
0.837547
0.794331
0.793691
0.82215
0.89769
0.934946
0.938965
0.912818
0.870297
0.859176
0.866758
0.906953
0.949703
0.976336
0.989588
0.995407
0.99789
0.998968
0.999425
0.999587
0.999627
0.999634
0.99965
0.999729
0.999835
0.999908
0.999952
0.999977
0.99999
0.999995
0.999998
0.999999
1
1
1
1
0.999999
0.999995
0.999979
0.999917
0.999687
0.998843
0.995771
0.984791
0.946071
0.815519
0.613245
0.440228
0.303231
0.20091
0.128338
0.0792001
0.0473018
0.0273812
0.0153807
0.00839193
0.00445089
0.0022961
0.00115264
0.000563258
0.000267995
0.000124167
5.60225e-05
2.46131e-05
1.05284e-05
4.38409e-06
1.77675e-06
7.00678e-07
2.68821e-07
1.0032e-07
3.64092e-08
1.28489e-08
4.40833e-09
1.47119e-09
4.77551e-10
1.50796e-10
4.63095e-11
1.38454e-11
3.99823e-12
0.0563335
0.353258
0.72958
0.783974
0.782451
0.78283
0.781584
0.751655
0.670523
0.536529
0.427726
0.393628
0.38559
0.384601
0.387348
0.379214
0.327478
0.223056
0.159219
0.133194
0.125594
0.135536
0.168818
0.237012
0.343635
0.465617
0.521564
0.53816
0.518795
0.467593
0.453896
0.518684
0.722664
0.791888
0.805962
0.806661
0.777444
0.705489
0.654464
0.633458
0.624478
0.621575
0.622439
0.631672
0.638827
0.639552
0.638518
0.63667
0.63419
0.630618
0.625813
0.618395
0.607685
0.595498
0.580947
0.562622
0.540478
0.513444
0.484501
0.456304
0.425556
0.397975
0.374545
0.358585
0.351381
0.349414
0.359609
0.376075
0.397027
0.426316
0.459893
0.492715
0.522147
0.544939
0.562838
0.576139
0.586345
0.59582
0.605961
0.617557
0.634318
0.658283
0.687359
0.711587
0.725842
0.733596
0.741518
0.7469
0.749485
0.75042
0.749859
0.747536
0.744345
0.743665
0.748172
0.767535
0.823371
0.902485
0.949063
0.96496
0.964923
0.933247
0.84807
0.815077
0.818203
0.859544
0.922731
0.951248
0.95596
0.944446
0.920381
0.910214
0.914734
0.942993
0.969751
0.985495
0.993677
0.997385
0.998919
0.999532
0.999779
0.999873
0.999904
0.999913
0.999919
0.999931
0.999949
0.999967
0.999981
0.99999
0.999995
0.999998
0.999999
1
1
1
1
1
0.999999
0.999997
0.999986
0.999945
0.99979
0.999205
0.997032
0.989107
0.960622
0.859415
0.653244
0.469333
0.322877
0.213511
0.136083
0.0837823
0.0499162
0.0288199
0.0161434
0.0087807
0.00464088
0.00238476
0.00119191
0.000579593
0.000274261
0.000126299
5.66007e-05
2.46825e-05
1.04723e-05
4.32217e-06
1.735e-06
6.77271e-07
2.57062e-07
9.48588e-08
3.40298e-08
1.18662e-08
4.02331e-09
1.32656e-09
4.25459e-10
1.3272e-10
4.03127e-11
1.1843e-11
0.0586892
0.363083
0.733034
0.787889
0.789695
0.789318
0.792599
0.77961
0.722812
0.596166
0.467419
0.419352
0.403556
0.400486
0.404258
0.408835
0.409379
0.393263
0.364439
0.344917
0.33763
0.354666
0.395376
0.44063
0.480763
0.509421
0.518692
0.504371
0.482823
0.475763
0.51923
0.697918
0.775558
0.79457
0.795878
0.76456
0.69788
0.631165
0.603523
0.593193
0.589829
0.589444
0.594939
0.608269
0.622653
0.627862
0.62891
0.628664
0.626814
0.62332
0.617166
0.604196
0.589342
0.573049
0.549496
0.51624
0.47469
0.434102
0.390835
0.348786
0.309659
0.277499
0.253754
0.238631
0.232651
0.233275
0.244991
0.265371
0.29406
0.327319
0.364437
0.404245
0.446651
0.486847
0.522064
0.551316
0.57393
0.589014
0.601091
0.612467
0.624182
0.638644
0.656872
0.678281
0.701089
0.722748
0.740342
0.757601
0.774849
0.785241
0.786399
0.780904
0.765561
0.748861
0.742983
0.74674
0.765325
0.819883
0.905354
0.95618
0.971124
0.968756
0.932526
0.871798
0.853671
0.861015
0.906052
0.949013
0.969437
0.975662
0.974857
0.967627
0.9589
0.957622
0.968171
0.983659
0.992219
0.996555
0.998576
0.99944
0.999781
0.99991
0.999957
0.999973
0.999978
0.99998
0.999983
0.999987
0.999991
0.999994
0.999997
0.999998
0.999999
1
1
1
1
1
1
0.999999
0.999997
0.999989
0.999957
0.999831
0.999345
0.997496
0.990606
0.965372
0.874403
0.66738
0.477916
0.327533
0.215736
0.136965
0.0839995
0.0498504
0.0286653
0.0159875
0.00865555
0.0045517
0.00232614
0.00115569
0.000558336
0.000262336
0.000119877
5.32726e-05
2.30205e-05
9.67171e-06
3.95015e-06
1.56816e-06
6.05064e-07
2.26897e-07
8.26961e-08
2.92927e-08
1.0086e-08
3.37655e-09
1.09947e-09
3.48239e-10
1.07412e-10
3.20815e-11
0.0573464
0.348268
0.725821
0.789539
0.79327
0.797035
0.806294
0.80481
0.76787
0.667497
0.536893
0.457271
0.42685
0.415811
0.41352
0.418881
0.430846
0.436097
0.44161
0.444188
0.445454
0.456572
0.471525
0.48423
0.492137
0.496936
0.496792
0.495018
0.499571
0.54579
0.695663
0.772536
0.795931
0.799747
0.787943
0.743795
0.67396
0.60679
0.580833
0.571903
0.569799
0.570143
0.575685
0.59074
0.608426
0.617584
0.620013
0.620288
0.619806
0.615968
0.605472
0.59332
0.577202
0.552486
0.514582
0.468101
0.417773
0.365711
0.316923
0.270582
0.23341
0.206
0.186863
0.17597
0.17152
0.174563
0.185896
0.208545
0.243384
0.282275
0.323819
0.366971
0.409984
0.450419
0.486252
0.516461
0.542648
0.568742
0.592735
0.612672
0.6308
0.645862
0.659486
0.678067
0.702603
0.733978
0.770815
0.808219
0.841946
0.870613
0.890605
0.895772
0.879566
0.827722
0.780529
0.763498
0.766158
0.796036
0.865377
0.930356
0.967981
0.978741
0.975451
0.951547
0.919809
0.907129
0.913163
0.945185
0.970953
0.98398
0.989248
0.990327
0.98945
0.986212
0.98409
0.985577
0.991931
0.996282
0.998385
0.999335
0.999739
0.999901
0.999962
0.999984
0.999992
0.999994
0.999995
0.999996
0.999997
0.999998
0.999999
0.999999
1
1
1
1
1
1
1
1
1
0.999998
0.999991
0.999961
0.999842
0.999371
0.997541
0.990583
0.964711
0.870429
0.659748
0.469703
0.320044
0.209635
0.132378
0.0807544
0.0476646
0.0272536
0.0151096
0.00812852
0.00424577
0.00215421
0.00106204
0.000508864
0.000236973
0.000107256
4.71774e-05
2.01645e-05
8.37403e-06
3.37863e-06
1.32433e-06
5.04317e-07
1.866e-07
6.7091e-08
2.34439e-08
7.96365e-09
2.63099e-09
8.45551e-10
2.64659e-10
8.0299e-11
0.0423838
0.266887
0.693987
0.790821
0.797882
0.799673
0.811759
0.817339
0.807701
0.764404
0.658039
0.53088
0.473308
0.445535
0.433431
0.429696
0.429978
0.440295
0.448584
0.452508
0.459998
0.468156
0.476382
0.484143
0.491393
0.497723
0.507237
0.537089
0.615653
0.732124
0.79076
0.812206
0.816654
0.811174
0.788481
0.745642
0.679767
0.610688
0.580018
0.567633
0.562754
0.561427
0.563575
0.573699
0.595894
0.608169
0.612509
0.613798
0.613987
0.611487
0.602548
0.586228
0.563788
0.52731
0.477871
0.420016
0.36426
0.309827
0.261404
0.218832
0.186337
0.164168
0.149567
0.142089
0.139893
0.143176
0.15159
0.166965
0.199002
0.24573
0.297658
0.34859
0.396983
0.440547
0.477551
0.508328
0.531856
0.550786
0.568346
0.592957
0.625443
0.654686
0.677148
0.699508
0.726236
0.757014
0.789279
0.821534
0.854647
0.888099
0.919025
0.943257
0.954014
0.947223
0.899287
0.838728
0.817677
0.8196
0.857492
0.919497
0.960198
0.980854
0.98731
0.986801
0.980615
0.970565
0.961595
0.960668
0.972068
0.986243
0.993236
0.996086
0.99691
0.99688
0.996271
0.995657
0.995627
0.996818
0.998489
0.999338
0.999729
0.999895
0.999961
0.999986
0.999995
0.999998
0.999999
0.999999
0.999999
0.999999
1
1
1
1
1
1
1
1
1
1
1
1
0.999998
0.999991
0.999961
0.999836
0.999328
0.997313
0.989531
0.960276
0.852929
0.637861
0.45061
0.304842
0.198322
0.124396
0.0753715
0.0441757
0.0250735
0.0137938
0.00736037
0.0038116
0.00191638
0.000935701
0.000443737
0.000204388
9.14338e-05
3.97229e-05
1.67583e-05
6.86521e-06
2.73105e-06
1.0551e-06
3.9593e-07
1.44344e-07
5.11389e-08
1.76103e-08
5.89767e-09
1.92149e-09
6.09762e-10
1.87743e-10
0.0305543
0.18472
0.638058
0.787903
0.801422
0.803155
0.812125
0.822806
0.824293
0.812163
0.773453
0.688249
0.567576
0.510141
0.477109
0.459987
0.452425
0.450151
0.451204
0.460016
0.466333
0.474674
0.48375
0.495105
0.513088
0.540073
0.590532
0.69203
0.776787
0.816488
0.833326
0.838115
0.838251
0.828037
0.801312
0.763742
0.714072
0.650163
0.595949
0.572548
0.563632
0.56043
0.560194
0.563591
0.576574
0.599117
0.606682
0.609156
0.609614
0.608049
0.600448
0.584658
0.56126
0.522127
0.468639
0.406332
0.344031
0.286986
0.238539
0.1996
0.170774
0.151216
0.139239
0.133842
0.133066
0.135162
0.142313
0.154586
0.181189
0.232062
0.287732
0.342045
0.394096
0.440604
0.478349
0.508772
0.533314
0.551917
0.564918
0.578056
0.597657
0.627726
0.664219
0.697375
0.72512
0.749735
0.768932
0.787139
0.818672
0.863393
0.907654
0.942956
0.965234
0.975311
0.973227
0.952357
0.92458
0.910311
0.906175
0.923399
0.958955
0.980418
0.990966
0.994646
0.995293
0.994701
0.99263
0.990516
0.98945
0.990741
0.995203
0.997854
0.998887
0.999188
0.999215
0.999163
0.999117
0.999142
0.999326
0.999622
0.999811
0.999915
0.999966
0.999987
0.999995
0.999998
0.999999
1
1
1
1
1
1
1
1
1
1
1
1
1
1
1
0.999999
0.999998
0.99999
0.999955
0.999808
0.999201
0.99676
0.987247
0.951319
0.821612
0.604685
0.423076
0.283829
0.183165
0.113961
0.0684748
0.0397863
0.0223778
0.0121943
0.00644234
0.00330144
0.00164165
0.00079224
0.000371072
0.000168686
7.44217e-05
3.18644e-05
1.32405e-05
5.33988e-06
2.09053e-06
7.94682e-07
2.93408e-07
1.05262e-07
3.67081e-08
1.24502e-08
4.10822e-09
1.32032e-09
4.11996e-10
0.0255845
0.133723
0.533789
0.771991
0.802404
0.804756
0.807644
0.823489
0.829036
0.829323
0.819678
0.792258
0.736179
0.642957
0.573284
0.541117
0.511436
0.496657
0.490189
0.48861
0.495305
0.508741
0.526149
0.558184
0.613372
0.685059
0.761956
0.804333
0.834627
0.846687
0.850957
0.851719
0.848867
0.839159
0.821234
0.794705
0.759917
0.712983
0.651338
0.601823
0.575077
0.564017
0.560772
0.561899
0.566383
0.581484
0.598231
0.604811
0.605939
0.605241
0.600216
0.586659
0.564428
0.52703
0.474783
0.4131
0.350006
0.292124
0.242926
0.203672
0.174575
0.154629
0.141733
0.136142
0.135977
0.137593
0.142318
0.152939
0.176695
0.232318
0.298323
0.356131
0.412986
0.467749
0.506939
0.530551
0.550966
0.571731
0.586697
0.592129
0.598853
0.611017
0.629738
0.657664
0.684293
0.694959
0.695462
0.699616
0.72233
0.790897
0.863371
0.921292
0.959498
0.978765
0.986562
0.987207
0.984572
0.981914
0.979082
0.975799
0.976039
0.984432
0.992633
0.996828
0.998295
0.998609
0.998544
0.998238
0.998058
0.998079
0.998448
0.999153
0.999567
0.99974
0.99979
0.999796
0.999798
0.999809
0.999851
0.999898
0.999937
0.999965
0.999982
0.999992
0.999997
0.999999
1
1
1
1
1
1
1
1
1
1
1
1
1
1
1
1
1
0.999999
0.999997
0.999987
0.999941
0.999746
0.998931
0.995646
0.982845
0.9346
0.773451
0.560155
0.387966
0.257832
0.164833
0.101575
0.060429
0.0347504
0.0193366
0.0104201
0.00544126
0.00275458
0.00135221
0.000643741
0.000297213
0.000133079
5.77878e-05
2.43377e-05
9.94271e-06
3.94107e-06
1.51621e-06
5.66389e-07
2.05546e-07
7.25044e-08
2.48764e-08
8.30631e-09
2.70231e-09
8.54714e-10
0.0193154
0.0767971
0.383186
0.732685
0.801418
0.806027
0.805449
0.812551
0.828922
0.832807
0.832912
0.827042
0.809614
0.77652
0.726683
0.672333
0.646516
0.621467
0.606428
0.600555
0.600079
0.62269
0.650908
0.704228
0.750656
0.795208
0.826177
0.841454
0.850804
0.854051
0.854877
0.854042
0.84994
0.840288
0.82416
0.801072
0.770814
0.73162
0.68141
0.635437
0.601667
0.579055
0.566585
0.563457
0.564981
0.570344
0.583979
0.596441
0.601012
0.601148
0.599025
0.591085
0.572145
0.538711
0.48978
0.430628
0.367616
0.308617
0.257868
0.217116
0.186776
0.165958
0.150739
0.144487
0.144763
0.147485
0.154393
0.168327
0.197652
0.262239
0.337952
0.394134
0.435877
0.484905
0.531775
0.555253
0.563806
0.579167
0.607085
0.630821
0.636579
0.634913
0.633852
0.641323
0.652584
0.657505
0.661504
0.669451
0.688205
0.743488
0.831858
0.902538
0.949415
0.976174
0.988657
0.993886
0.995729
0.996179
0.996161
0.996015
0.996012
0.996285
0.997184
0.99845
0.99928
0.999562
0.999604
0.999585
0.999546
0.999549
0.999625
0.999771
0.999866
0.999916
0.999934
0.999937
0.999938
0.999942
0.999954
0.999968
0.99998
0.999988
0.999994
0.999997
0.999999
0.999999
1
1
1
1
1
1
1
1
1
1
1
1
1
1
1
1
1
1
0.999999
0.999996
0.999981
0.999915
0.999633
0.998455
0.993728
0.975435
0.906963
0.713278
0.510336
0.349645
0.229849
0.14533
0.0885483
0.0520683
0.0295855
0.0162605
0.00865116
0.00445781
0.00222541
0.00107647
0.000504565
0.000229171
0.000100868
4.30269e-05
1.77918e-05
7.13398e-06
2.77501e-06
1.04771e-06
3.84179e-07
1.36905e-07
4.74513e-08
1.60071e-08
5.26168e-09
1.68315e-09
0.0167166
0.0406989
0.223862
0.641351
0.78981
0.807116
0.806793
0.805439
0.81404
0.830466
0.834625
0.834991
0.831925
0.822646
0.802545
0.76785
0.733074
0.717706
0.709541
0.706553
0.709433
0.731072
0.748663
0.775753
0.807624
0.826426
0.840295
0.847092
0.851215
0.852778
0.852044
0.848684
0.841426
0.828711
0.809951
0.786413
0.757269
0.722409
0.680163
0.640934
0.611191
0.590193
0.576055
0.568433
0.566419
0.567619
0.572381
0.584295
0.59303
0.595788
0.595757
0.592325
0.582458
0.558952
0.516229
0.463681
0.402005
0.342523
0.288676
0.244533
0.211998
0.190378
0.172264
0.164499
0.165032
0.168526
0.17699
0.194417
0.241578
0.302003
0.357057
0.423223
0.477286
0.511696
0.544668
0.574099
0.588503
0.595778
0.613574
0.65132
0.677018
0.683893
0.680735
0.667357
0.658508
0.657335
0.659875
0.6673
0.683817
0.727781
0.81812
0.894615
0.944966
0.973745
0.988398
0.995027
0.997803
0.998835
0.999125
0.999165
0.999175
0.999228
0.999386
0.999602
0.999772
0.999857
0.999877
0.999875
0.999861
0.999858
0.99987
0.999914
0.99995
0.99997
0.999977
0.999979
0.999978
0.999978
0.999981
0.999987
0.999992
0.999995
0.999998
0.999999
0.999999
1
1
1
1
1
1
1
1
1
1
1
1
1
1
1
1
1
1
1
1
0.999999
0.999994
0.999971
0.99987
0.999438
0.997655
0.990582
0.96352
0.863095
0.648942
0.459342
0.310797
0.201768
0.125964
0.0757625
0.0439682
0.0246508
0.0133638
0.0070097
0.00355876
0.00174903
0.000832186
0.000383333
0.000170961
7.38329e-05
3.08858e-05
1.25198e-05
4.92037e-06
1.87599e-06
6.94412e-07
2.49739e-07
8.73445e-08
2.97311e-08
9.8613e-09
3.1856e-09
0.0158082
0.0235062
0.121904
0.453519
0.748913
0.804905
0.808836
0.804166
0.802891
0.808628
0.825877
0.833196
0.834913
0.834799
0.830622
0.821962
0.803291
0.771046
0.756446
0.751811
0.751772
0.765021
0.786145
0.799887
0.816699
0.828483
0.838511
0.842212
0.842788
0.837999
0.827922
0.810765
0.787603
0.761466
0.734263
0.710374
0.687127
0.665569
0.645513
0.627654
0.608069
0.590905
0.57865
0.571126
0.567838
0.567667
0.56891
0.574121
0.584655
0.589691
0.590854
0.590381
0.586342
0.574857
0.547688
0.500663
0.447657
0.388772
0.334834
0.287583
0.248649
0.226271
0.205551
0.193738
0.193852
0.197912
0.209161
0.233716
0.290637
0.363606
0.41413
0.457257
0.506306
0.542175
0.566383
0.591852
0.616515
0.632745
0.64673
0.673995
0.704055
0.721521
0.725716
0.722781
0.704118
0.687817
0.684225
0.685736
0.694351
0.725891
0.812319
0.891675
0.943359
0.972881
0.988116
0.995274
0.99824
0.999335
0.999688
0.999769
0.999776
0.999779
0.999806
0.99987
0.999922
0.999951
0.999958
0.999957
0.999951
0.999947
0.999948
0.99996
0.999977
0.999987
0.999991
0.999992
0.999992
0.999991
0.999992
0.999993
0.999996
0.999998
0.999999
0.999999
1
1
1
1
1
1
1
1
1
1
1
1
1
1
1
1
1
1
1
1
1
1
0.999998
0.99999
0.999953
0.999792
0.999111
0.996341
0.985514
0.944607
0.801117
0.586194
0.408527
0.272495
0.174402
0.107338
0.0636454
0.0364112
0.02012
0.0107462
0.00554992
0.00277203
0.00133907
0.000625626
0.000282724
0.000123603
5.22956e-05
2.1423e-05
8.50258e-06
3.27186e-06
1.22176e-06
4.43101e-07
1.56239e-07
5.3611e-08
1.79234e-08
5.83997e-09
0.0156078
0.0157203
0.0604793
0.238708
0.632157
0.784633
0.807441
0.80702
0.799558
0.797752
0.798913
0.806496
0.819898
0.828488
0.831734
0.832971
0.832942
0.824905
0.807271
0.782531
0.775139
0.775193
0.788462
0.803479
0.813568
0.820397
0.823198
0.819954
0.808885
0.791086
0.768659
0.742914
0.714839
0.68455
0.661415
0.643229
0.627985
0.615286
0.604246
0.59645
0.590771
0.58432
0.576982
0.570994
0.567972
0.567429
0.567814
0.569729
0.576088
0.583819
0.58645
0.586708
0.585537
0.581021
0.568959
0.54004
0.495223
0.439878
0.392407
0.342646
0.300508
0.274783
0.247438
0.236092
0.237426
0.244653
0.261562
0.304172
0.367902
0.401988
0.440052
0.493306
0.53588
0.557987
0.576259
0.605179
0.640478
0.673028
0.699009
0.720602
0.740293
0.753472
0.757794
0.757668
0.75061
0.731193
0.724016
0.724406
0.729456
0.749581
0.819307
0.898865
0.948282
0.975394
0.989147
0.995648
0.998436
0.999482
0.999818
0.999908
0.999924
0.999925
0.999928
0.999946
0.999968
0.99998
0.999984
0.999984
0.999982
0.999978
0.999978
0.999981
0.999988
0.999993
0.999996
0.999997
0.999997
0.999996
0.999996
0.999997
0.999998
0.999999
0.999999
1
1
1
1
1
1
1
1
1
1
1
1
1
1
1
1
1
1
1
1
1
1
1
0.999999
0.999996
0.999983
0.999922
0.999659
0.998564
0.99419
0.977342
0.914379
0.728299
0.522671
0.358459
0.235322
0.14827
0.0898629
0.0524824
0.0295736
0.0160917
0.00845831
0.0042955
0.00210762
0.0009991
0.000457611
0.000202556
8.66823e-05
3.58835e-05
1.438e-05
5.58328e-06
2.10239e-06
7.68537e-07
2.73045e-07
9.43809e-08
3.17796e-08
1.04346e-08
0.0165215
0.0132452
0.0338903
0.120067
0.37042
0.705658
0.791988
0.803499
0.801622
0.793516
0.792292
0.7938
0.801447
0.810756
0.817193
0.823802
0.828799
0.832418
0.834578
0.828054
0.80943
0.794347
0.792133
0.800551
0.804429
0.805668
0.804789
0.798629
0.786493
0.769233
0.748501
0.725246
0.700135
0.670471
0.64812
0.630345
0.615797
0.603906
0.593865
0.586347
0.580614
0.575915
0.571804
0.568642
0.566967
0.566417
0.566359
0.566901
0.569409
0.576663
0.582472
0.583763
0.583735
0.582215
0.577446
0.565386
0.538094
0.493714
0.45504
0.405485
0.366858
0.33838
0.308326
0.300308
0.303011
0.312562
0.332195
0.375055
0.420437
0.448008
0.475388
0.518399
0.557955
0.579468
0.597056
0.635827
0.694253
0.735546
0.754957
0.76459
0.772949
0.780622
0.784011
0.783539
0.776237
0.756166
0.747524
0.747811
0.755163
0.786448
0.864351
0.926657
0.963967
0.983362
0.992625
0.996894
0.998798
0.999584
0.999866
0.999949
0.999969
0.999971
0.999972
0.999976
0.999985
0.999991
0.999993
0.999994
0.999993
0.999991
0.99999
0.999991
0.999993
0.999996
0.999998
0.999998
0.999999
0.999999
0.999998
0.999998
0.999999
0.999999
1
1
1
1
1
1
1
1
1
1
1
1
1
1
1
1
1
1
1
1
1
1
1
1
1
0.999999
0.999994
0.999971
0.999868
0.99943
0.997641
0.99061
0.963862
0.864679
0.650457
0.459405
0.30952
0.199745
0.123803
0.0738527
0.0424634
0.0235538
0.012609
0.006515
0.00324882
0.00156345
0.000726116
0.000325529
0.000140938
5.89664e-05
2.38605e-05
9.347e-06
3.54864e-06
1.30719e-06
4.67783e-07
1.62814e-07
5.51861e-08
1.82481e-08
0.0185204
0.0133518
0.0244499
0.0678567
0.189512
0.458955
0.713635
0.772461
0.78237
0.783665
0.78439
0.791603
0.807095
0.818699
0.829729
0.833104
0.825112
0.821494
0.82646
0.833376
0.834873
0.825119
0.810869
0.803061
0.803418
0.803413
0.801679
0.795802
0.784889
0.769144
0.750528
0.730398
0.710174
0.684813
0.662727
0.642229
0.624128
0.609036
0.596626
0.587366
0.580544
0.575184
0.570799
0.567562
0.565597
0.564557
0.564449
0.564636
0.565637
0.569324
0.576233
0.580562
0.581447
0.581208
0.579483
0.574869
0.563846
0.538094
0.509741
0.46614
0.434601
0.409268
0.38128
0.374356
0.376909
0.38527
0.404007
0.434365
0.45409
0.476284
0.51069
0.544977
0.568818
0.592043
0.62683
0.682554
0.743916
0.789218
0.807875
0.809462
0.809077
0.812965
0.820994
0.821938
0.81636
0.792514
0.779179
0.77973
0.791303
0.842164
0.916163
0.958086
0.979041
0.989808
0.995333
0.998003
0.999196
0.9997
0.999898
0.999966
0.999985
0.999988
0.999988
0.999989
0.999993
0.999996
0.999997
0.999997
0.999997
0.999996
0.999996
0.999996
0.999996
0.999998
0.999999
0.999999
0.999999
0.999999
0.999999
0.999999
0.999999
1
1
1
1
1
1
1
1
1
1
1
1
1
1
1
1
1
1
1
1
1
1
1
1
1
1
1
0.999998
0.999989
0.999948
0.999771
0.999028
0.996046
0.984477
0.940834
0.789977
0.574017
0.397026
0.262568
0.166529
0.101534
0.0596114
0.0337333
0.018406
0.00968329
0.00491103
0.00240071
0.00113115
0.000513831
0.000225139
9.52206e-05
3.8911e-05
1.53797e-05
5.88697e-06
2.185e-06
7.87432e-07
2.759e-07
9.41068e-08
3.13255e-08
0.0222598
0.018308
0.0229464
0.0507811
0.124682
0.26879
0.50321
0.683397
0.737697
0.759215
0.778496
0.806185
0.841254
0.869468
0.877801
0.883583
0.887572
0.848312
0.820343
0.818341
0.830528
0.833211
0.828663
0.818594
0.809241
0.806341
0.804377
0.800074
0.793275
0.786129
0.780306
0.775378
0.772598
0.764839
0.75085
0.726652
0.695785
0.654823
0.624261
0.602783
0.588449
0.578981
0.572537
0.568285
0.565753
0.564345
0.563599
0.563515
0.563773
0.56507
0.56924
0.574779
0.578386
0.579314
0.578859
0.577179
0.573022
0.561719
0.548405
0.519716
0.490497
0.470264
0.448832
0.440047
0.441122
0.445897
0.456448
0.474248
0.487265
0.504186
0.531505
0.557402
0.580566
0.616444
0.682467
0.754704
0.809609
0.84108
0.852778
0.855293
0.856604
0.863462
0.882435
0.88892
0.887488
0.872047
0.857843
0.859665
0.87749
0.931579
0.969386
0.985909
0.993228
0.996624
0.998296
0.999155
0.999608
0.999833
0.999936
0.999978
0.999992
0.999995
0.999995
0.999995
0.999996
0.999998
0.999999
0.999999
0.999999
0.999998
0.999998
0.999998
0.999998
0.999999
0.999999
1
1
1
1
1
1
1
1
1
1
1
1
1
1
1
1
1
1
1
1
1
1
1
1
1
1
1
1
1
1
1
1
1
0.999999
0.999996
0.999979
0.999906
0.999593
0.998306
0.9932
0.973562
0.89986
0.699517
0.496939
0.337085
0.218945
0.136561
0.0819451
0.0473532
0.0263591
0.0141318
0.00729477
0.00362458
0.00173346
0.000798156
0.000354014
0.000151382
6.24769e-05
2.49164e-05
9.61534e-06
3.59556e-06
1.30475e-06
4.60125e-07
1.57898e-07
5.28953e-08
0.0303425
0.0355943
0.0386616
0.0577317
0.106184
0.204993
0.370692
0.568115
0.6929
0.743495
0.775682
0.829512
0.869371
0.879609
0.862491
0.872652
0.918854
0.940524
0.875846
0.81939
0.818391
0.828466
0.830724
0.827725
0.820815
0.814934
0.811212
0.807347
0.803844
0.801965
0.801664
0.802134
0.804842
0.809569
0.810092
0.807126
0.798686
0.778128
0.740069
0.678116
0.629606
0.600375
0.583244
0.573413
0.567952
0.565147
0.563796
0.563291
0.563254
0.563541
0.564885
0.568747
0.573148
0.576151
0.57716
0.576669
0.575088
0.57085
0.565101
0.552069
0.529955
0.517577
0.504256
0.49073
0.487819
0.489185
0.494206
0.503165
0.512696
0.529945
0.546881
0.562514
0.598043
0.673897
0.751794
0.812543
0.855961
0.886165
0.906675
0.915929
0.920702
0.932169
0.954336
0.962392
0.962611
0.959694
0.955275
0.956524
0.96495
0.980739
0.990214
0.995083
0.997514
0.99875
0.999389
0.999713
0.999871
0.999945
0.999977
0.999991
0.999996
0.999998
0.999998
0.999998
0.999998
0.999999
0.999999
0.999999
0.999999
0.999999
0.999999
0.999999
0.999999
0.999999
1
1
1
1
1
1
1
1
1
1
1
1
1
1
1
1
1
1
1
1
1
1
1
1
1
1
1
1
1
1
1
1
1
1
1
0.999998
0.999992
0.999961
0.999827
0.99926
0.996962
0.987938
0.953435
0.826669
0.607756
0.42329
0.2819
0.1801
0.110598
0.065345
0.0371508
0.0203173
0.0106829
0.0053985
0.00262167
0.00122384
0.000549542
0.000237589
9.90223e-05
3.98407e-05
1.54976e-05
5.83738e-06
2.13244e-06
7.56718e-07
2.61187e-07
8.80304e-08
0.062582
0.0458729
0.0527502
0.076471
0.094309
0.122169
0.193504
0.360366
0.568797
0.688593
0.75002
0.811309
0.859907
0.840156
0.753331
0.763608
0.864423
0.949267
0.965299
0.886877
0.821418
0.821127
0.828333
0.82913
0.825189
0.81928
0.816786
0.81803
0.823618
0.831988
0.84234
0.848809
0.847679
0.837967
0.824531
0.817706
0.814568
0.811519
0.804512
0.787948
0.751272
0.680104
0.625042
0.594488
0.578106
0.569723
0.565652
0.563901
0.563342
0.563342
0.563624
0.564826
0.567962
0.571345
0.573637
0.57478
0.574346
0.572589
0.570253
0.565144
0.554349
0.548144
0.537576
0.524334
0.51931
0.51965
0.522122
0.525802
0.532334
0.544932
0.555644
0.577167
0.636553
0.746081
0.821492
0.864117
0.897743
0.931397
0.955658
0.967554
0.973356
0.979947
0.986155
0.988975
0.989193
0.988782
0.988133
0.988427
0.99026
0.993988
0.996567
0.9981
0.998968
0.999452
0.999721
0.999866
0.999939
0.999974
0.99999
0.999996
0.999998
0.999999
0.999999
0.999999
0.999999
0.999999
1
1
1
1
1
1
1
1
1
1
1
1
1
1
1
1
1
1
1
1
1
1
1
1
1
1
1
1
1
1
1
1
1
1
1
1
1
1
1
1
1
1
1
0.999999
0.999997
0.999984
0.999925
0.99967
0.998612
0.994374
0.977883
0.915324
0.728211
0.520879
0.356357
0.233638
0.147097
0.089009
0.0517607
0.0289097
0.0154973
0.00796937
0.003931
0.00186059
0.000845697
0.000369573
0.000155498
6.30928e-05
2.47285e-05
9.37837e-06
3.44757e-06
1.23056e-06
4.27044e-07
1.44755e-07
0.9432
0.850188
0.736411
0.652503
0.550035
0.391138
0.273406
0.238799
0.28008
0.423455
0.559029
0.722382
0.773363
0.727612
0.699503
0.73758
0.850969
0.937861
0.979151
0.973852
0.875733
0.82585
0.825915
0.829235
0.828253
0.827011
0.828876
0.834797
0.840444
0.845769
0.853187
0.866031
0.88672
0.901487
0.905852
0.896832
0.855366
0.827008
0.816155
0.811305
0.802315
0.782383
0.739746
0.667149
0.615552
0.588212
0.574353
0.567695
0.564806
0.563749
0.563729
0.564002
0.564964
0.56722
0.569436
0.570758
0.571584
0.571353
0.570273
0.568518
0.564915
0.559979
0.554592
0.548325
0.542541
0.540564
0.540759
0.541842
0.544993
0.551345
0.565245
0.600698
0.704222
0.806089
0.866277
0.9044
0.934462
0.958391
0.974512
0.983862
0.989131
0.99265
0.995138
0.996413
0.996696
0.996682
0.996624
0.996701
0.997117
0.998041
0.998771
0.999264
0.999575
0.999763
0.999874
0.999937
0.999971
0.999987
0.999995
0.999998
0.999999
1
1
1
1
1
1
1
1
1
1
1
1
1
1
1
1
1
1
1
1
1
1
1
1
1
1
1
1
1
1
1
1
1
1
1
1
1
1
1
1
1
1
1
1
1
1
1
1
1
0.999999
0.999993
0.999969
0.999861
0.999401
0.997523
0.990088
0.961448
0.854062
0.639076
0.451525
0.305165
0.197839
0.123104
0.0734877
0.0420458
0.0230346
0.0120762
0.00605829
0.00290985
0.00133952
0.000591843
0.000251411
0.00010287
4.06212e-05
1.55099e-05
5.73684e-06
2.0595e-06
7.18544e-07
2.44973e-07
0.999643
0.998779
0.997594
0.996461
0.995292
0.993733
0.991069
0.98368
0.946262
0.805803
0.640812
0.629377
0.622475
0.631013
0.67608
0.809968
0.926066
0.969192
0.98854
0.991625
0.963987
0.858416
0.829886
0.829785
0.832319
0.834533
0.837557
0.840407
0.841018
0.837328
0.824233
0.813186
0.811739
0.835971
0.888272
0.917815
0.920942
0.904713
0.853346
0.824945
0.813184
0.807256
0.795802
0.772636
0.723137
0.658504
0.610775
0.585758
0.573334
0.567552
0.565152
0.564573
0.564834
0.565668
0.566906
0.567764
0.568271
0.568366
0.568341
0.56792
0.566857
0.564096
0.562168
0.560436
0.555852
0.551708
0.550974
0.551578
0.554406
0.562195
0.582108
0.650306
0.756831
0.827673
0.87814
0.917181
0.947111
0.968521
0.98225
0.990161
0.994466
0.996823
0.998122
0.998771
0.999019
0.999079
0.99909
0.99911
0.99919
0.999394
0.999587
0.999735
0.999838
0.999905
0.999947
0.999972
0.999987
0.999994
0.999997
0.999999
1
1
1
1
1
1
1
1
1
1
1
1
1
1
1
1
1
1
1
1
1
1
1
1
1
1
1
1
1
1
1
1
1
1
1
1
1
1
1
1
1
1
1
1
1
1
1
1
1
1
1
0.999998
0.999988
0.999947
0.999765
0.999009
0.995973
0.984126
0.939067
0.785419
0.575654
0.403496
0.270968
0.174325
0.107326
0.0631438
0.0354564
0.0189898
0.00970194
0.0047323
0.00220689
0.000985798
0.000422667
0.00017433
6.93216e-05
2.66339e-05
9.90751e-06
3.57566e-06
1.25371e-06
4.29766e-07
0.999998
0.999992
0.999981
0.999965
0.999939
0.999892
0.999792
0.999524
0.998284
0.991948
0.970997
0.910969
0.88775
0.898095
0.930294
0.968189
0.987474
0.995126
0.998154
0.998758
0.996823
0.95843
0.859432
0.835148
0.834316
0.83619
0.838206
0.838036
0.825693
0.801311
0.789219
0.787274
0.792874
0.815614
0.863659
0.910959
0.936826
0.939606
0.930018
0.880497
0.835699
0.815678
0.80595
0.799174
0.785657
0.758692
0.711016
0.659305
0.612679
0.58817
0.575398
0.569544
0.566969
0.566572
0.566886
0.5672
0.567282
0.567268
0.567198
0.567048
0.566605
0.565498
0.564842
0.563574
0.559703
0.55777
0.557881
0.559274
0.563551
0.574216
0.607217
0.699394
0.774809
0.831099
0.878593
0.918765
0.950468
0.972367
0.985716
0.993004
0.99664
0.998377
0.999187
0.999547
0.999694
0.999745
0.99976
0.999764
0.999777
0.999818
0.999867
0.999909
0.999942
0.999964
0.999979
0.999989
0.999994
0.999997
0.999999
1
1
1
1
1
1
1
1
1
1
1
1
1
1
1
1
1
1
1
1
1
1
1
1
1
1
1
1
1
1
1
1
1
1
1
1
1
1
1
1
1
1
1
1
1
1
1
1
1
1
1
1
0.999999
0.999996
0.99998
0.999912
0.999623
0.998451
0.993862
0.976365
0.91109
0.726526
0.530646
0.371005
0.247865
0.157952
0.0958128
0.0552392
0.0302508
0.0157422
0.00779461
0.00367933
0.00165966
0.000717244
0.000297753
0.000119043
4.59501e-05
1.71632e-05
6.21763e-06
2.18761e-06
7.52933e-07
1
1
1
1
0.999999
0.999998
0.999996
0.999989
0.999956
0.999767
0.999043
0.995723
0.995214
0.995389
0.996497
0.998124
0.999129
0.9996
0.999825
0.999872
0.999591
0.993
0.940499
0.860535
0.839991
0.837861
0.836752
0.829338
0.80684
0.791473
0.788225
0.790907
0.802819
0.836654
0.880283
0.921761
0.954345
0.967244
0.967313
0.959
0.914748
0.850214
0.819666
0.804316
0.795707
0.786674
0.770122
0.740679
0.706255
0.663665
0.626537
0.59785
0.582432
0.574786
0.571081
0.569333
0.568378
0.567839
0.567553
0.567247
0.566754
0.566407
0.565951
0.564318
0.563422
0.563683
0.565288
0.569296
0.575407
0.590331
0.644677
0.720916
0.777666
0.827807
0.876085
0.918639
0.951957
0.974395
0.987612
0.994504
0.997708
0.99906
0.999604
0.999818
0.999899
0.999929
0.999937
0.999939
0.999941
0.999948
0.99996
0.999971
0.99998
0.999987
0.999992
0.999996
0.999998
0.999999
0.999999
1
1
1
1
1
1
1
1
1
1
1
1
1
1
1
1
1
1
1
1
1
1
1
1
1
1
1
1
1
1
1
1
1
1
1
1
1
1
1
1
1
1
1
1
1
1
1
1
1
1
1
1
1
0.999999
0.999993
0.999969
0.999866
0.99945
0.997825
0.991691
0.969123
0.887433
0.692834
0.506693
0.352908
0.233515
0.146399
0.0868048
0.0486534
0.0257982
0.0129651
0.00619142
0.00281795
0.00122622
0.000511751
0.000205444
7.95609e-05
2.97977e-05
1.08201e-05
3.8148e-06
1.31646e-06
1
1
1
1
1
1
1
1
0.999999
0.999996
0.999982
0.999923
0.999916
0.999921
0.999939
0.999961
0.999978
0.999988
0.999994
0.999995
0.999961
0.998947
0.988656
0.93797
0.867065
0.845459
0.839857
0.830353
0.807687
0.797015
0.797669
0.804309
0.820272
0.8592
0.909959
0.946154
0.969615
0.982355
0.985282
0.984279
0.976922
0.947425
0.871952
0.825583
0.804442
0.79157
0.780666
0.767086
0.749082
0.725621
0.697886
0.669855
0.64097
0.616671
0.598109
0.586171
0.579094
0.575058
0.57265
0.570968
0.56994
0.569603
0.569638
0.569855
0.570833
0.574666
0.578981
0.582166
0.588612
0.611371
0.675563
0.727995
0.772418
0.823233
0.874428
0.920356
0.954967
0.97716
0.98955
0.995663
0.998351
0.99941
0.99979
0.99992
0.999964
0.999979
0.999984
0.999985
0.999985
0.999986
0.999988
0.999991
0.999994
0.999996
0.999997
0.999998
0.999999
1
1
1
1
1
1
1
1
1
1
1
1
1
1
1
1
1
1
1
1
1
1
1
1
1
1
1
1
1
1
1
1
1
1
1
1
1
1
1
1
1
1
1
1
1
1
1
1
1
1
1
1
1
1
1
1
0.999998
0.99999
0.999957
0.999822
0.999301
0.997365
0.990405
0.965943
0.880858
0.686799
0.500581
0.344968
0.224077
0.136908
0.0786521
0.0425376
0.0217116
0.0104925
0.00481873
0.00211093
0.000885311
0.00035668
0.000138486
5.1965e-05
1.88966e-05
6.6696e-06
2.30531e-06
1
1
1
1
1
1
1
1
1
1
1
1
1
1
0.999999
1
1
1
1
1
0.999997
0.999874
0.998264
0.988012
0.951959
0.884231
0.860028
0.840774
0.820331
0.817351
0.820659
0.831468
0.859793
0.91613
0.956388
0.977327
0.987855
0.993319
0.995094
0.995029
0.993745
0.987911
0.969233
0.908891
0.843622
0.808769
0.789815
0.774696
0.76
0.744661
0.726884
0.707573
0.687945
0.668983
0.651266
0.634177
0.619723
0.608885
0.600048
0.592802
0.588612
0.587441
0.587747
0.588808
0.590419
0.591575
0.592513
0.594436
0.602394
0.643265
0.69611
0.727659
0.767901
0.822563
0.881657
0.930621
0.963774
0.982924
0.992701
0.997143
0.998968
0.999653
0.999889
0.999963
0.999986
0.999994
0.999996
0.999996
0.999997
0.999997
0.999997
0.999998
0.999998
0.999999
0.999999
0.999999
1
1
1
1
1
1
1
1
1
1
1
1
1
1
1
1
1
1
1
1
1
1
1
1
1
1
1
1
1
1
1
1
1
1
1
1
1
1
1
1
1
1
1
1
1
1
1
1
1
1
1
1
1
1
1
1
1
0.999999
0.999997
0.999987
0.999947
0.999795
0.999237
0.99727
0.99052
0.967725
0.890884
0.699373
0.503043
0.339398
0.214159
0.12635
0.0698154
0.0362424
0.0177457
0.00823144
0.00363294
0.00153203
0.000619688
0.000241282
9.07151e-05
3.30326e-05
1.16691e-05
4.03828e-06
1
1
1
1
1
1
1
1
1
1
1
1
1
1
1
1
1
1
1
1
1
0.999988
0.999795
0.998264
0.991297
0.972684
0.937252
0.893349
0.877044
0.878694
0.88707
0.90922
0.945307
0.970966
0.985438
0.992671
0.996221
0.998053
0.998764
0.998816
0.998622
0.997632
0.994002
0.982646
0.95409
0.883537
0.829137
0.796609
0.774334
0.756209
0.738476
0.721142
0.705107
0.689711
0.674509
0.660747
0.649199
0.638931
0.629296
0.62198
0.617814
0.614497
0.609905
0.604947
0.601882
0.601072
0.601207
0.603445
0.62116
0.68017
0.712483
0.730873
0.768868
0.838726
0.904556
0.951274
0.978151
0.991105
0.996596
0.998756
0.999565
0.999854
0.999952
0.999984
0.999995
0.999998
0.999999
0.999999
0.999999
0.999999
0.999999
0.999999
0.999999
1
1
1
1
1
1
1
1
1
1
1
1
1
1
1
1
1
1
1
1
1
1
1
1
1
1
1
1
1
1
1
1
1
1
1
1
1
1
1
1
1
1
1
1
1
1
1
1
1
1
1
1
1
1
1
1
1
1
1
1
1
0.999999
0.999997
0.999986
0.999945
0.999795
0.999272
0.997492
0.99153
0.971606
0.904348
0.714928
0.501605
0.327739
0.19907
0.112636
0.0595907
0.0296174
0.0138991
0.00618967
0.00262816
0.00106858
0.000417675
0.000157481
5.74637e-05
2.03288e-05
7.0462e-06
1
1
1
1
1
1
1
1
1
1
1
1
1
1
1
1
1
1
1
1
1
0.999999
0.999982
0.999815
0.998891
0.995873
0.988833
0.970485
0.960613
0.961035
0.964886
0.975427
0.986212
0.993007
0.996639
0.998391
0.99922
0.999629
0.999786
0.999804
0.999778
0.999637
0.999076
0.997179
0.991594
0.977686
0.948211
0.882993
0.826199
0.788699
0.761348
0.73892
0.72037
0.703698
0.687843
0.674009
0.662103
0.650987
0.641641
0.635331
0.630321
0.623913
0.616652
0.611776
0.610417
0.610483
0.611168
0.616805
0.651966
0.702193
0.724568
0.744222
0.79131
0.872193
0.935942
0.971814
0.98841
0.995506
0.998346
0.99942
0.999804
0.999936
0.99998
0.999994
0.999998
0.999999
1
1
1
1
1
1
1
1
1
1
1
1
1
1
1
1
1
1
1
1
1
1
1
1
1
1
1
1
0.999999
0.999999
0.999999
0.999999
0.999999
0.999999
1
1
1
1
1
1
1
1
1
1
1
1
1
1
1
1
1
1
1
1
1
1
1
1
1
1
1
1
1
1
1
1
1
1
1
0.999999
0.999997
0.999986
0.999949
0.999815
0.999357
0.997799
0.992493
0.974201
0.910031
0.714276
0.484049
0.303622
0.176412
0.0953574
0.0482167
0.02294
0.0103278
0.00442332
0.00181083
0.000711633
0.00026946
9.86536e-05
3.49903e-05
1.21581e-05
1
1
1
1
1
1
1
1
1
1
1
1
1
1
1
1
1
1
1
1
1
1
0.999999
0.999986
0.999899
0.999566
0.998654
0.995444
0.992685
0.992713
0.993576
0.995979
0.997882
0.998978
0.999531
0.999787
0.999905
0.999958
0.999976
0.999978
0.999975
0.999958
0.99989
0.999635
0.998797
0.996449
0.990534
0.977023
0.953684
0.901279
0.837183
0.789565
0.755383
0.732661
0.716928
0.701739
0.686552
0.672793
0.661645
0.652443
0.64277
0.633305
0.629151
0.629385
0.631545
0.633217
0.634917
0.644792
0.686186
0.715482
0.730267
0.756392
0.828596
0.909489
0.957864
0.9822
0.993081
0.997488
0.999135
0.999714
0.999909
0.999972
0.999991
0.999997
0.999999
1
1
1
1
1
1
1
1
1
1
1
1
1
1
1
1
1
1
1
1
1
1
1
0.999999
0.999999
0.999999
0.999999
0.999999
0.999999
0.999999
0.999999
0.999999
0.999999
0.999999
0.999999
0.999999
0.999999
0.999999
0.999999
0.999999
0.999999
0.999999
0.999999
1
1
1
1
1
1
1
1
1
1
1
1
1
1
1
1
1
1
1
1
1
1
1
1
1
1
1
1
0.999999
0.999997
0.999988
0.999955
0.999838
0.999427
0.997963
0.992691
0.973369
0.90164
0.682893
0.443408
0.265445
0.147019
0.0758172
0.0366505
0.016715
0.00723472
0.00298744
0.00118239
0.000450338
0.000165675
5.89944e-05
2.05736e-05
1
1
1
1
1
1
1
1
1
1
1
1
1
1
1
1
1
1
1
1
1
1
1
0.999999
0.999993
0.999968
0.99989
0.999565
0.999164
0.999159
0.999263
0.999572
0.999793
0.999906
0.999959
0.999983
0.999993
0.999997
0.999998
0.999998
0.999998
0.999996
0.99999
0.999963
0.999865
0.999552
0.998669
0.996485
0.991576
0.979803
0.963303
0.927491
0.866715
0.81141
0.772408
0.749586
0.738716
0.729624
0.714541
0.695695
0.683424
0.681039
0.682538
0.691219
0.701796
0.703639
0.702347
0.703921
0.717794
0.730909
0.745598
0.781542
0.86528
0.931309
0.969586
0.988016
0.995707
0.998582
0.999556
0.999865
0.999959
0.999988
0.999997
0.999999
1
1
1
1
1
1
1
1
1
1
1
1
1
1
0.999999
0.999999
0.999999
0.999999
0.999999
0.999999
0.999999
0.999999
0.999999
0.999999
0.999999
0.999999
0.999999
0.999999
0.999999
0.999999
0.999998
0.999998
0.999997
0.999997
0.999997
0.999998
0.999998
0.999999
0.999999
0.999999
0.999999
0.999999
0.999999
0.999999
0.999999
0.999999
1
1
1
1
1
1
1
1
1
1
1
1
1
1
1
1
1
1
1
1
1
1
1
1
1
1
1
0.999999
0.999997
0.999989
0.99996
0.999848
0.999426
0.997809
0.991523
0.966904
0.870697
0.615227
0.380822
0.2168
0.114312
0.0562657
0.0260438
0.0114117
0.00476094
0.00190073
0.000729279
0.000269981
9.66493e-05
3.38674e-05
1
1
1
1
1
1
1
1
1
1
1
1
1
1
1
1
1
1
1
1
1
1
1
1
1
0.999998
0.999994
0.999974
0.999939
0.999938
0.999945
0.999968
0.999986
0.999994
0.999998
0.999999
1
1
1
1
1
1
0.999999
0.999997
0.999988
0.999954
0.99985
0.999561
0.99883
0.997118
0.993607
0.9848
0.972781
0.951733
0.906686
0.858741
0.818841
0.786575
0.761664
0.748747
0.746074
0.746884
0.752757
0.761357
0.763001
0.760858
0.752858
0.750008
0.750826
0.755399
0.770433
0.824037
0.905941
0.95802
0.983541
0.994155
0.998077
0.999393
0.999814
0.999944
0.999984
0.999995
0.999999
1
1
1
1
1
1
1
1
1
1
1
1
1
0.999999
0.999999
0.999998
0.999998
0.999998
0.999998
0.999998
0.999998
0.999999
0.999999
0.999999
0.999998
0.999998
0.999998
0.999998
0.999998
0.999998
0.999998
0.999997
0.999996
0.999995
0.999995
0.999995
0.999996
0.999997
0.999998
0.999998
0.999998
0.999998
0.999998
0.999998
0.999998
0.999999
0.999999
0.999999
0.999999
1
1
1
1
1
1
1
1
1
1
1
1
1
1
1
1
1
1
1
1
1
1
1
1
1
1
0.999999
0.999997
0.99999
0.999958
0.999829
0.999297
0.997083
0.987869
0.949896
0.797918
0.518824
0.304564
0.164553
0.0826193
0.0388732
0.017268
0.00728829
0.00293884
0.00113732
0.000424194
0.000152842
5.38686e-05
1
1
1
1
1
1
1
1
1
1
1
1
1
1
1
1
1
1
1
1
1
1
1
1
1
1
1
0.999999
0.999997
0.999997
0.999997
0.999998
0.999999
1
1
1
1
1
1
1
1
1
1
1
0.999999
0.999996
0.999985
0.999953
0.999864
0.999638
0.99911
0.997902
0.995517
0.989444
0.978218
0.968344
0.950747
0.907771
0.859485
0.824304
0.804597
0.798483
0.798405
0.797946
0.794479
0.782066
0.770159
0.767389
0.768644
0.776357
0.805969
0.891183
0.953687
0.981982
0.993428
0.997732
0.999254
0.999764
0.999928
0.999979
0.999994
0.999998
1
1
1
1
1
1
1
1
1
1
0.999999
0.999999
0.999999
0.999999
0.999998
0.999997
0.999995
0.999995
0.999995
0.999996
0.999996
0.999996
0.999997
0.999997
0.999997
0.999997
0.999996
0.999996
0.999995
0.999996
0.999996
0.999995
0.999995
0.999992
0.999991
0.999991
0.999991
0.999992
0.999994
0.999996
0.999996
0.999996
0.999997
0.999997
0.999997
0.999997
0.999998
0.999998
0.999999
0.999999
0.999999
0.999999
0.999999
0.999999
0.999999
0.999999
0.999999
0.999999
0.999999
0.999999
1
1
1
1
1
1
1
1
1
1
1
1
1
1
1
1
1
0.999999
0.999997
0.999987
0.999944
0.999752
0.998894
0.995104
0.978619
0.909021
0.672856
0.40677
0.225547
0.115672
0.0553857
0.0249682
0.0106722
0.00435081
0.00170005
0.000639493
0.000232156
8.23758e-05
1
1
1
1
1
1
1
1
1
1
1
1
1
1
1
1
1
1
1
1
1
1
1
1
1
1
1
1
1
1
1
1
1
1
1
1
1
1
1
1
1
1
1
1
1
1
0.999999
0.999996
0.999987
0.999963
0.999902
0.999757
0.999429
0.998556
0.997155
0.994837
0.987885
0.976846
0.96966
0.956139
0.929885
0.913657
0.904795
0.885695
0.843686
0.808106
0.793245
0.792403
0.79716
0.819257
0.893727
0.953233
0.981022
0.992829
0.997451
0.99914
0.999723
0.999914
0.999975
0.999993
0.999998
0.999999
1
1
1
1
1
1
1
1
0.999999
0.999999
0.999998
0.999997
0.999997
0.999996
0.999995
0.999992
0.999988
0.999987
0.999987
0.999989
0.999991
0.999992
0.999993
0.999994
0.999994
0.999994
0.999993
0.999992
0.999992
0.999992
0.999992
0.999992
0.999991
0.999986
0.999983
0.999983
0.999983
0.999985
0.999989
0.999992
0.999993
0.999994
0.999994
0.999995
0.999995
0.999996
0.999996
0.999997
0.999998
0.999998
0.999999
0.999999
0.999999
0.999999
0.999999
0.999998
0.999998
0.999998
0.999998
0.999999
0.999999
0.999999
0.999999
0.999999
1
1
1
1
1
1
1
1
1
1
1
1
1
1
0.999999
0.999996
0.999979
0.999902
0.999535
0.997822
0.989992
0.95541
0.810403
0.517204
0.295098
0.15469
0.0754212
0.0345269
0.014956
0.00616934
0.00243603
0.00092499
0.000338647
0.000121071
1
1
1
1
1
1
1
1
1
1
1
1
1
1
1
1
1
1
1
1
1
1
1
1
1
1
1
1
1
1
1
1
1
1
1
1
1
1
1
1
1
1
1
1
1
1
1
1
0.999999
0.999997
0.999992
0.99998
0.99995
0.99988
0.999739
0.999447
0.998757
0.997778
0.995486
0.989761
0.986837
0.985914
0.984673
0.980363
0.95608
0.904714
0.885261
0.885325
0.89498
0.932507
0.967686
0.986024
0.994443
0.997939
0.99928
0.999761
0.999924
0.999977
0.999993
0.999998
0.999999
1
1
1
1
1
1
1
0.999999
0.999999
0.999997
0.999996
0.999995
0.999992
0.999989
0.999988
0.999986
0.999979
0.999969
0.999967
0.999967
0.999971
0.999977
0.999982
0.999986
0.999988
0.999988
0.999988
0.999986
0.999985
0.999985
0.999985
0.999985
0.999985
0.999983
0.999976
0.99997
0.999968
0.999968
0.999971
0.999979
0.999984
0.999987
0.999988
0.99999
0.999991
0.999992
0.999993
0.999993
0.999994
0.999995
0.999996
0.999997
0.999998
0.999998
0.999998
0.999998
0.999997
0.999997
0.999997
0.999997
0.999997
0.999998
0.999998
0.999999
0.999999
0.999999
0.999999
0.999999
0.999999
1
1
1
1
1
1
1
1
1
1
0.999999
0.999998
0.999991
0.999957
0.999785
0.998939
0.994894
0.976272
0.895006
0.634104
0.369929
0.198104
0.0983243
0.0456983
0.0200587
0.00837219
0.00334105
0.00128082
0.000472996
0.000170394
1
1
1
1
1
1
1
1
1
1
1
1
1
1
1
1
1
1
1
1
1
1
1
1
1
1
1
1
1
1
1
1
1
1
1
1
1
1
1
1
1
1
1
1
1
1
1
1
1
1
1
0.999999
0.999997
0.999993
0.999984
0.999965
0.999927
0.999845
0.999519
0.999022
0.998813
0.998689
0.998426
0.997344
0.991099
0.981772
0.97917
0.979496
0.982066
0.98934
0.994771
0.997699
0.999072
0.999652
0.999877
0.999959
0.999987
0.999996
0.999999
1
1
1
1
1
1
1
0.999999
0.999998
0.999997
0.999995
0.999989
0.999984
0.999981
0.999972
0.999963
0.99996
0.999955
0.999935
0.999912
0.999908
0.99991
0.999921
0.999942
0.999958
0.999969
0.999974
0.999975
0.999975
0.999973
0.999972
0.999971
0.999972
0.999972
0.999972
0.999969
0.999955
0.999942
0.999938
0.999938
0.999942
0.999955
0.999967
0.999974
0.999977
0.999981
0.999984
0.999986
0.999987
0.999988
0.999989
0.999991
0.999993
0.999994
0.999995
0.999995
0.999995
0.999995
0.999994
0.999993
0.999993
0.999993
0.999994
0.999995
0.999996
0.999997
0.999997
0.999998
0.999998
0.999998
0.999999
0.999999
0.999999
0.999999
0.999999
0.999999
0.999999
0.999999
0.999999
0.999999
0.999999
0.999999
0.999998
0.999994
0.999977
0.999888
0.999427
0.997128
0.986136
0.936602
0.738603
0.444835
0.243065
0.122695
0.0578645
0.0257294
0.0108648
0.00438187
0.00169608
0.000631867
0.000229362
1
1
1
1
1
1
1
1
1
1
1
1
1
1
1
1
1
1
1
1
1
1
1
1
1
1
1
1
1
1
1
1
1
1
1
1
1
1
1
1
1
1
1
1
1
1
1
1
1
1
1
1
1
1
0.999999
0.999999
0.999997
0.999993
0.999976
0.999963
0.999955
0.999943
0.999907
0.999735
0.999004
0.998439
0.998327
0.998366
0.998578
0.999152
0.999578
0.999811
0.999922
0.99997
0.999989
0.999996
0.999999
1
1
1
1
1
1
1
0.999999
0.999998
0.999996
0.999989
0.999983
0.999974
0.999954
0.999941
0.99993
0.999897
0.999865
0.999855
0.999839
0.999779
0.999735
0.999733
0.999741
0.999779
0.999845
0.999894
0.999926
0.999943
0.999948
0.999949
0.999947
0.999945
0.999945
0.999946
0.999946
0.999945
0.999939
0.999913
0.999885
0.999875
0.999874
0.999879
0.999901
0.999928
0.999945
0.999955
0.999962
0.999969
0.999974
0.999977
0.999978
0.999979
0.999981
0.999984
0.999987
0.999989
0.99999
0.99999
0.99999
0.999988
0.999986
0.999985
0.999985
0.999986
0.999988
0.999991
0.999993
0.999994
0.999995
0.999996
0.999996
0.999997
0.999997
0.999998
0.999998
0.999998
0.999998
0.999998
0.999998
0.999998
0.999998
0.999997
0.999997
0.999996
0.999994
0.999984
0.99993
0.999642
0.998143
0.99072
0.956436
0.811086
0.508335
0.28361
0.145432
0.0695254
0.0312938
0.0133621
0.00544437
0.00212716
0.000799304
0.000292311
1
1
1
1
1
1
1
1
1
1
1
1
1
1
1
1
1
1
1
1
1
1
1
1
1
1
1
1
1
1
1
1
1
1
1
1
1
1
1
1
1
1
1
1
1
1
1
1
1
1
1
1
1
1
1
1
1
1
1
0.999999
0.999999
0.999999
0.999996
0.999983
0.999956
0.999945
0.999944
0.999946
0.999952
0.99997
0.999985
0.999993
0.999997
0.999999
1
1
1
1
1
1
1
1
0.999999
0.999998
0.999994
0.999988
0.999971
0.999935
0.999911
0.999869
0.99981
0.999773
0.999725
0.999582
0.999468
0.999436
0.999368
0.999208
0.999164
0.999174
0.999219
0.999368
0.999576
0.999726
0.99982
0.99987
0.999888
0.999891
0.99989
0.999889
0.999891
0.999892
0.999892
0.999888
0.999871
0.999815
0.999757
0.999731
0.999728
0.999735
0.999768
0.99983
0.999874
0.999902
0.999923
0.999939
0.99995
0.999956
0.999959
0.99996
0.99996
0.999963
0.999969
0.999975
0.999978
0.999978
0.999978
0.999975
0.99997
0.999968
0.999968
0.999968
0.999973
0.999979
0.999983
0.999986
0.999988
0.999989
0.999991
0.999992
0.999994
0.999995
0.999996
0.999996
0.999996
0.999996
0.999996
0.999995
0.999994
0.999993
0.999992
0.999992
0.99999
0.999983
0.999944
0.999733
0.998593
0.992742
0.965044
0.846238
0.548767
0.309323
0.160243
0.0773508
0.0351513
0.0151522
0.0062302
0.00245476
0.000929443
0.000341246
1
1
1
1
1
1
1
1
1
1
1
1
1
1
1
1
1
1
1
1
1
1
1
1
1
1
1
1
1
1
1
1
1
1
1
1
1
1
1
1
1
1
1
1
1
1
1
1
1
1
1
1
1
1
1
1
1
1
1
1
1
1
1
1
0.999999
0.999999
0.999999
0.999999
0.999999
1
1
1
1
1
1
1
1
1
1
0.999999
0.999998
0.999996
0.999991
0.99998
0.999957
0.999905
0.999782
0.99964
0.999529
0.999376
0.999213
0.99908
0.998817
0.998114
0.997733
0.997589
0.997233
0.997057
0.997093
0.997226
0.997531
0.998198
0.99883
0.999276
0.99955
0.999689
0.999738
0.999752
0.999766
0.999778
0.999779
0.999777
0.99977
0.999752
0.999692
0.999558
0.999433
0.999362
0.999352
0.999364
0.999416
0.999557
0.999684
0.999769
0.999828
0.999869
0.999895
0.999909
0.999913
0.999914
0.999914
0.999915
0.999921
0.999936
0.999945
0.999947
0.999947
0.999941
0.99993
0.999924
0.999924
0.999926
0.999935
0.999949
0.999958
0.999964
0.999969
0.999973
0.999976
0.999979
0.999983
0.999986
0.999988
0.999989
0.999989
0.999989
0.999989
0.999989
0.999986
0.999983
0.999982
0.999981
0.999979
0.999973
0.999942
0.999764
0.998776
0.993555
0.968312
0.858847
0.565403
0.318949
0.165556
0.0800913
0.0364836
0.0157657
0.0064975
0.00256511
0.000972563
0.000356587
1
1
1
1
1
1
1
1
1
1
1
1
1
1
1
1
1
1
1
1
1
1
1
1
1
1
1
1
1
1
1
1
1
1
1
1
1
1
1
1
1
1
1
1
1
1
1
1
1
1
1
1
1
1
1
1
1
1
1
1
1
1
1
1
1
1
1
1
1
1
1
1
1
1
1
1
0.999999
0.999998
0.999996
0.99999
0.99998
0.99996
0.999917
0.999824
0.999618
0.999124
0.998482
0.99799
0.997614
0.997188
0.99666
0.995899
0.993995
0.991021
0.989643
0.988252
0.987901
0.988166
0.988855
0.990154
0.992371
0.994848
0.99678
0.998078
0.998852
0.999223
0.99936
0.999431
0.999491
0.999514
0.999513
0.999502
0.999471
0.99939
0.999131
0.998893
0.998646
0.998297
0.998196
0.998237
0.99837
0.998699
0.999087
0.99937
0.999556
0.999674
0.999743
0.999774
0.999781
0.999779
0.999776
0.999777
0.999789
0.999826
0.999851
0.999857
0.999856
0.999843
0.999816
0.999803
0.999802
0.999807
0.99983
0.999869
0.999892
0.999905
0.999915
0.999924
0.999933
0.999941
0.999949
0.999957
0.999963
0.999967
0.999968
0.999969
0.999969
0.999969
0.999966
0.99996
0.999957
0.999955
0.999953
0.999947
0.999919
0.999756
0.998817
0.993752
0.969011
0.861485
0.569063
0.320969
0.166679
0.0806893
0.0367807
0.0159033
0.00655569
0.00258793
0.000980571
0.000358942
1
1
1
1
1
1
1
1
1
1
1
1
1
1
1
1
1
1
1
1
1
1
1
1
1
1
1
1
1
1
1
1
1
1
1
1
1
1
1
1
1
1
1
1
1
1
1
1
1
1
1
1
1
1
1
1
1
1
1
1
1
1
1
1
1
1
1
1
1
1
1
1
1
1
0.999999
0.999996
0.999991
0.999979
0.999949
0.999894
0.999819
0.999664
0.99932
0.998572
0.996785
0.993826
0.991868
0.990864
0.990387
0.989401
0.98712
0.982517
0.972228
0.963752
0.955773
0.952776
0.953892
0.957271
0.964029
0.972543
0.981276
0.988385
0.993237
0.996137
0.997675
0.998342
0.998613
0.998808
0.998954
0.998994
0.998987
0.998954
0.998862
0.998583
0.997892
0.997437
0.996979
0.995388
0.993975
0.994087
0.994606
0.995826
0.997113
0.998065
0.998694
0.999079
0.999277
0.999342
0.999347
0.999328
0.999315
0.999321
0.999364
0.999483
0.999554
0.999575
0.999574
0.999545
0.999486
0.999461
0.99946
0.999473
0.999538
0.999646
0.999704
0.999733
0.999755
0.999778
0.9998
0.999822
0.999844
0.999865
0.99988
0.99989
0.999898
0.999904
0.999907
0.999908
0.999907
0.999902
0.999899
0.999897
0.999894
0.999886
0.999849
0.999655
0.99856
0.992723
0.964523
0.843403
0.545424
0.30813
0.160266
0.0777817
0.0355431
0.0154007
0.00635477
0.00250906
0.000949233
0.000345988
1
1
1
1
1
1
1
1
1
1
1
1
1
1
1
1
1
1
1
1
1
1
1
1
1
1
1
1
1
1
1
1
1
1
1
1
1
1
1
1
1
1
1
1
1
1
1
1
1
1
1
1
1
1
1
1
1
1
1
1
1
1
1
1
1
1
1
1
1
1
1
0.999999
0.999998
0.999994
0.999984
0.999959
0.999906
0.999795
0.999548
0.999273
0.998865
0.99796
0.995859
0.991331
0.981378
0.973296
0.971744
0.971993
0.972682
0.969959
0.958737
0.937629
0.916921
0.905458
0.898186
0.897303
0.898933
0.90392
0.91406
0.93489
0.958103
0.975408
0.986001
0.992035
0.995377
0.997003
0.997679
0.998041
0.998235
0.998258
0.998234
0.99814
0.997855
0.996921
0.996034
0.995136
0.993169
0.985398
0.977289
0.977713
0.980115
0.985708
0.99072
0.994088
0.996157
0.997355
0.997933
0.998094
0.998091
0.998031
0.998018
0.99805
0.998219
0.998554
0.998743
0.998803
0.998804
0.998762
0.998678
0.998648
0.998653
0.998695
0.998874
0.999106
0.999223
0.999276
0.999323
0.999379
0.999439
0.9995
0.99956
0.999611
0.99965
0.999679
0.999706
0.999731
0.999749
0.99976
0.999767
0.999772
0.999775
0.999776
0.999772
0.999753
0.999671
0.999273
0.99726
0.987441
0.943399
0.767114
0.475009
0.266753
0.138747
0.0675675
0.0310045
0.0134961
0.00558533
0.00221059
0.000835501
0.000302536
1
1
1
1
1
1
1
1
1
1
1
1
1
1
1
1
1
1
1
1
1
1
1
1
1
1
1
1
1
1
1
1
1
1
1
1
1
1
1
1
1
1
1
1
1
1
1
1
1
1
1
1
1
1
1
1
1
1
1
1
1
1
1
1
1
1
1
1
0.999999
0.999998
0.999995
0.999988
0.999972
0.999934
0.999841
0.999593
0.999159
0.998261
0.997272
0.99637
0.994715
0.990405
0.980213
0.958629
0.936678
0.931115
0.932679
0.94229
0.947018
0.929668
0.91244
0.901957
0.893619
0.888752
0.885325
0.884412
0.885201
0.888213
0.895786
0.91555
0.94428
0.966955
0.981509
0.989989
0.994306
0.995908
0.99636
0.996648
0.996809
0.996797
0.996733
0.996537
0.995805
0.994849
0.993614
0.990398
0.980391
0.947702
0.921402
0.923078
0.933507
0.956082
0.973101
0.9835
0.989402
0.992625
0.9941
0.994435
0.994403
0.994337
0.994369
0.994573
0.995262
0.995992
0.996449
0.996667
0.996733
0.996738
0.996738
0.996752
0.996817
0.997071
0.997574
0.997913
0.998069
0.998137
0.998227
0.998362
0.998522
0.99869
0.998851
0.99899
0.999106
0.999205
0.999289
0.999355
0.999408
0.999454
0.999496
0.999524
0.999532
0.999529
0.999507
0.999422
0.999115
0.997886
0.992561
0.969583
0.875989
0.609918
0.363646
0.200623
0.103177
0.049904
0.0227775
0.00988182
0.00406622
0.00160164
0.000598417
0.000211976
1
1
1
1
1
1
1
1
1
1
1
1
1
1
1
1
1
1
1
1
1
1
1
1
1
1
1
1
1
1
1
1
1
1
1
1
1
1
1
1
1
1
1
1
1
1
1
1
1
1
1
1
1
1
1
1
1
1
1
1
1
1
1
1
1
0.999999
0.999998
0.999995
0.999988
0.999973
0.999943
0.99988
0.99974
0.999419
0.998662
0.99681
0.993617
0.990012
0.988211
0.98628
0.981583
0.963643
0.938373
0.923562
0.913331
0.912033
0.914994
0.937671
0.912865
0.905953
0.905894
0.899207
0.892885
0.890656
0.887537
0.886867
0.887381
0.890042
0.898096
0.919387
0.946911
0.968414
0.982141
0.989678
0.992922
0.993478
0.993247
0.993434
0.99446
0.994918
0.994917
0.994645
0.993614
0.992097
0.988383
0.973516
0.922899
0.852097
0.831671
0.83356
0.84533
0.881419
0.930128
0.959542
0.974519
0.981863
0.984935
0.985547
0.985495
0.985495
0.985685
0.986518
0.988124
0.989235
0.989988
0.990624
0.991164
0.991586
0.992025
0.992661
0.993498
0.994347
0.994998
0.995368
0.995521
0.995647
0.995859
0.996162
0.996568
0.99702
0.99743
0.997777
0.99809
0.998367
0.998576
0.998726
0.99886
0.998965
0.999003
0.999002
0.998976
0.998888
0.998651
0.998033
0.996292
0.990623
0.96992
0.891846
0.652374
0.402197
0.229243
0.121794
0.0606277
0.0284713
0.0126047
0.00531675
0.00211055
0.000804396
0.000284699
9.38582e-05
1
1
1
1
1
1
1
1
1
1
1
1
1
1
1
1
1
1
1
1
1
1
1
1
1
1
1
1
1
1
1
1
1
1
1
1
1
1
1
1
1
1
1
1
1
1
1
1
1
1
1
1
1
1
1
1
1
1
1
1
1
0.999999
0.999999
0.999997
0.999993
0.999985
0.999963
0.99993
0.999857
0.999717
0.999484
0.999028
0.998039
0.995824
0.990777
0.979254
0.967995
0.96016
0.960334
0.960671
0.94971
0.929828
0.925517
0.918099
0.910392
0.915741
0.9245
0.910663
0.895596
0.908915
0.916885
0.911723
0.912763
0.913771
0.908128
0.900608
0.897318
0.899318
0.909997
0.932171
0.95534
0.972659
0.982706
0.987738
0.988302
0.988386
0.98975
0.991865
0.992875
0.992994
0.992773
0.991256
0.988872
0.985539
0.972999
0.906861
0.813825
0.804247
0.805627
0.807858
0.814623
0.832985
0.877999
0.920845
0.947227
0.959998
0.9648
0.966076
0.966374
0.966644
0.967198
0.968719
0.970856
0.972637
0.974504
0.976488
0.978516
0.980759
0.983297
0.9858
0.987847
0.989283
0.9901
0.990503
0.990818
0.991316
0.992104
0.993023
0.993944
0.994878
0.995694
0.996295
0.996849
0.997438
0.997812
0.997876
0.99785
0.997783
0.997576
0.996941
0.996261
0.995221
0.992829
0.98706
0.972723
0.932992
0.799273
0.542375
0.331644
0.186091
0.0965675
0.0467945
0.0212679
0.00921143
0.00377379
0.00148533
0.000546736
0.000195098
6.33542e-05
1.89349e-05
1
1
1
1
1
1
1
1
1
1
1
1
1
1
1
1
1
1
1
1
1
1
1
1
1
1
1
1
1
1
1
1
1
1
1
1
1
1
1
1
1
1
1
1
1
1
1
1
1
1
1
1
1
1
1
1
1
0.999999
0.999998
0.999996
0.999993
0.999985
0.999973
0.999948
0.999895
0.999806
0.999563
0.999294
0.998717
0.99782
0.996391
0.993812
0.988194
0.975908
0.947091
0.915668
0.905895
0.908543
0.919854
0.924999
0.921646
0.924197
0.924813
0.922169
0.921793
0.922321
0.919116
0.896946
0.890695
0.908279
0.922926
0.927624
0.928106
0.924933
0.91864
0.916157
0.915294
0.920621
0.933326
0.94918
0.963885
0.974294
0.98056
0.982828
0.984267
0.986451
0.988791
0.990075
0.990199
0.989728
0.986665
0.981994
0.979888
0.974619
0.932335
0.790715
0.773974
0.796377
0.809995
0.811367
0.814584
0.824669
0.855647
0.890883
0.915545
0.930747
0.935283
0.935073
0.934263
0.934641
0.936487
0.940104
0.943983
0.948076
0.952424
0.957582
0.963573
0.969455
0.974249
0.977769
0.980281
0.982161
0.98392
0.985745
0.987428
0.988984
0.990629
0.992214
0.993314
0.993996
0.994778
0.995688
0.996215
0.996264
0.99591
0.993648
0.99073
0.989279
0.986177
0.977594
0.968583
0.956301
0.926652
0.845004
0.642447
0.434435
0.271
0.15632
0.0832716
0.0412697
0.0191799
0.00844427
0.00352759
0.00141068
0.000534596
0.00019514
6.63977e-05
2.19815e-05
6.54572e-06
1.69164e-06
1
1
1
1
1
1
1
1
1
1
1
1
1
1
1
1
1
1
1
1
1
1
1
1
1
1
1
1
1
1
1
1
1
1
1
1
1
1
1
1
1
1
1
1
1
1
1
1
1
1
1
1
1
0.999999
0.999998
0.999994
0.999989
0.999973
0.999956
0.999915
0.999872
0.999773
0.99965
0.999345
0.998953
0.998118
0.996082
0.994561
0.991503
0.987107
0.980176
0.967461
0.941068
0.884592
0.88112
0.883431
0.888171
0.905591
0.919013
0.91838
0.922397
0.923794
0.923547
0.922061
0.920478
0.918695
0.906778
0.878833
0.863557
0.891432
0.923645
0.932498
0.936226
0.938199
0.937329
0.936489
0.937283
0.9429
0.950462
0.960736
0.968825
0.974827
0.978877
0.981183
0.983196
0.98526
0.986216
0.985923
0.983564
0.977303
0.974354
0.974445
0.973991
0.961096
0.839488
0.724045
0.751975
0.819909
0.826194
0.820678
0.819526
0.827454
0.8544
0.880688
0.898443
0.906231
0.9076
0.908468
0.911349
0.920805
0.930686
0.938816
0.945774
0.951775
0.957276
0.962124
0.966
0.969154
0.972076
0.975311
0.978818
0.982062
0.984952
0.987766
0.990139
0.991443
0.991815
0.991752
0.990899
0.990259
0.990123
0.989888
0.988568
0.983584
0.963887
0.923559
0.898527
0.88246
0.850535
0.759423
0.557131
0.374109
0.241526
0.150938
0.0903634
0.0511619
0.0270945
0.0133564
0.00613716
0.00264616
0.00107742
0.000417444
0.000154004
5.44542e-05
1.82795e-05
5.90369e-06
1.77789e-06
5.18475e-07
1.38711e-07
1.55059e-08
1
1
1
1
1
1
1
1
1
1
1
1
1
1
1
1
1
1
1
1
1
1
1
1
1
1
1
1
1
1
1
1
1
1
1
1
1
1
1
1
1
1
1
1
1
1
1
1
1
1
1
0.999999
0.999992
0.999968
0.999919
0.999796
0.999684
0.999404
0.999183
0.998753
0.998358
0.997559
0.996662
0.994546
0.991714
0.983486
0.973368
0.96788
0.957035
0.937049
0.904584
0.859041
0.828577
0.843268
0.880391
0.892703
0.895527
0.904622
0.910426
0.912145
0.916208
0.915592
0.917716
0.918302
0.914038
0.910121
0.889285
0.868419
0.846769
0.862056
0.917783
0.933865
0.940244
0.946101
0.950152
0.952848
0.953899
0.957848
0.962657
0.967384
0.97163
0.975061
0.977717
0.979262
0.980152
0.979642
0.976038
0.971023
0.96837
0.968638
0.972353
0.9737
0.970245
0.923382
0.706655
0.641359
0.737954
0.825295
0.832478
0.826121
0.826849
0.836789
0.861091
0.883877
0.900088
0.904464
0.902392
0.902023
0.908965
0.936211
0.958526
0.966392
0.968713
0.971485
0.975543
0.979135
0.982669
0.986519
0.989314
0.990578
0.990147
0.988036
0.986662
0.985381
0.978806
0.958591
0.932741
0.911953
0.901114
0.897044
0.890494
0.869493
0.794197
0.576661
0.362858
0.218761
0.128216
0.0732628
0.0406802
0.0218437
0.0113144
0.00565643
0.00273389
0.00127726
0.000574655
0.000247304
0.00010095
3.91376e-05
1.40196e-05
4.37372e-06
1.70471e-06
7.408e-07
3.09504e-07
1.25358e-07
5.21296e-08
2.00362e-08
4.98372e-09
1.13551e-09
2.8933e-10
-9.32777e-10
1
1
1
1
1
1
1
1
1
1
1
1
1
1
1
1
1
1
1
1
1
1
1
1
1
1
1
1
1
1
1
1
1
1
1
1
1
1
1
1
1
1
1
1
1
1
1
1
1
1
0.999997
0.999938
0.99962
0.998659
0.997572
0.995534
0.99385
0.991537
0.989888
0.987514
0.984862
0.981728
0.97704
0.96406
0.941613
0.876189
0.862817
0.857471
0.807267
0.690577
0.744843
0.820391
0.820331
0.78609
0.835126
0.882525
0.886086
0.884859
0.88658
0.888776
0.895377
0.898623
0.907088
0.912329
0.904809
0.895969
0.883549
0.870308
0.851108
0.838544
0.90146
0.929501
0.940823
0.947269
0.952361
0.955317
0.959222
0.961375
0.965627
0.967559
0.970437
0.971774
0.970811
0.969199
0.966787
0.964554
0.963974
0.965491
0.969995
0.970891
0.967379
0.958572
0.932774
0.772285
0.537002
0.528169
0.682526
0.81195
0.846012
0.850816
0.855017
0.868567
0.885607
0.895556
0.892377
0.844026
0.780789
0.780513
0.83597
0.924814
0.969329
0.98387
0.988304
0.990428
0.990564
0.985602
0.965325
0.896076
0.741657
0.57768
0.42629
0.300316
0.203909
0.134098
0.0854478
0.0528736
0.032076
0.0190843
0.0107877
0.00548407
0.00249833
0.0014364
0.00101126
0.000676629
0.000434228
0.000268505
0.00016066
9.33128e-05
5.26567e-05
2.88577e-05
1.53557e-05
7.94142e-06
4.00013e-06
1.96699e-06
9.45395e-07
4.43718e-07
2.02469e-07
8.86168e-08
3.27515e-08
5.9701e-09
1.05908e-09
3.6783e-10
1.3526e-10
4.88526e-11
1.68789e-11
5.56855e-12
1.72027e-12
5.01889e-13
1.3201e-13
2.8976e-14
1
1
1
1
1
1
1
1
1
1
1
1
1
1
1
1
1
1
1
1
1
1
1
1
1
1
1
1
1
1
1
1
1
1
1
1
1
1
1
1
1
1
1
1
1
1
1
1
1
0.999998
0.999841
0.996691
0.983361
0.965655
0.950166
0.93617
0.929978
0.922532
0.917684
0.913678
0.902571
0.894563
0.878491
0.791638
0.642337
0.626099
0.706434
0.795626
0.740068
0.657099
0.693455
0.799244
0.805882
0.765532
0.76246
0.840799
0.856343
0.832733
0.825538
0.825078
0.844266
0.865779
0.876331
0.896535
0.903909
0.893997
0.884882
0.878598
0.85365
0.829499
0.868627
0.909068
0.927334
0.940868
0.949398
0.954325
0.956712
0.959638
0.961765
0.962765
0.963289
0.963116
0.962545
0.962555
0.963031
0.964186
0.965295
0.965075
0.955063
0.891293
0.689663
0.531818
0.442776
0.373126
0.3442
0.358194
0.481668
0.652107
0.768114
0.821379
0.818439
0.791838
0.709759
0.527252
0.328044
0.217299
0.19772
0.213204
0.250989
0.277846
0.286303
0.275337
0.23062
0.171297
0.113042
0.0647109
0.0314435
0.0128824
0.00473977
0.00172637
0.000567964
0.000223009
0.000131041
7.6934e-05
4.52525e-05
2.63887e-05
1.50247e-05
8.25887e-06
4.35771e-06
2.20769e-06
1.08373e-06
5.24713e-07
2.53497e-07
1.23117e-07
6.05324e-08
3.03039e-08
1.54935e-08
8.0732e-09
4.25191e-09
2.23135e-09
1.14518e-09
5.64101e-10
2.63266e-10
1.15964e-10
4.84207e-11
1.93109e-11
7.36185e-12
2.61859e-12
8.02392e-13
2.04767e-13
5.00764e-14
1.34234e-14
3.93825e-15
1.21927e-15
3.82211e-16
1.17982e-16
3.4717e-17
9.66933e-18
2.42251e-18
-1.089e-18
1
1
1
1
1
1
1
1
1
1
1
1
1
1
1
1
1
1
1
1
1
1
1
1
1
1
1
1
1
1
1
1
1
1
1
1
1
1
1
1
1
1
1
1
1
1
1
1
1
0.999922
0.995001
0.900872
0.692919
0.688347
0.723954
0.745944
0.760806
0.775339
0.788525
0.799564
0.806157
0.808437
0.796835
0.760817
0.703111
0.637729
0.653267
0.671745
0.625871
0.614811
0.690241
0.76389
0.760803
0.739375
0.740691
0.769375
0.783268
0.78084
0.782036
0.788332
0.818669
0.847518
0.84669
0.845437
0.86442
0.872981
0.872355
0.861858
0.831793
0.819976
0.848512
0.886167
0.891352
0.893669
0.896033
0.897408
0.89913
0.89961
0.895656
0.888016
0.876124
0.859659
0.832334
0.792213
0.729517
0.627834
0.487215
0.35403
0.291944
0.288544
0.298842
0.306755
0.308153
0.305639
0.297402
0.287086
0.277426
0.270127
0.264951
0.261096
0.243692
0.174822
0.0893011
0.0371397
0.0152761
0.00826685
0.00710314
0.00657684
0.0060648
0.00555893
0.00507354
0.00457124
0.00335431
0.00183747
0.00077773
0.00025337
6.47198e-05
1.43287e-05
3.43775e-06
1.09988e-06
3.87599e-07
1.34352e-07
4.73842e-08
1.55084e-08
4.58948e-09
1.49977e-09
6.27507e-10
2.97114e-10
1.45474e-10
7.23145e-11
3.67843e-11
1.9396e-11
1.06744e-11
6.12638e-12
3.64286e-12
2.21892e-12
1.36238e-12
8.28855e-13
4.88491e-13
2.73714e-13
1.44503e-13
7.25723e-14
3.54649e-14
1.71202e-14
8.1256e-15
3.70017e-15
1.39511e-15
2.33186e-16
1.7789e-17
2.7259e-18
6.2923e-19
1.72673e-19
5.15946e-20
1.60004e-20
4.96339e-21
1.4994e-21
4.29919e-22
1.1559e-22
2.80902e-23
-1.00963e-19
1.76187e-23
1.32897e-23
5.27013e-24
1.27686e-24
2.76338e-25
5.46655e-26
9.97241e-27
1.68295e-27
2.63972e-28
3.85491e-29
5.24592e-30
6.60957e-31
7.68929e-32
8.01631e-33
6.77285e-34
1.01371e-34
1.48028e-35
2.11189e-36
2.94898e-37
4.04421e-38
5.45778e-39
7.26993e-40
9.55559e-41
1.24171e-41
2.35867e-42
1.21092e-21
8.26755e-22
3.05423e-22
9.20889e-23
2.42796e-23
5.83002e-24
1.30059e-24
2.72126e-25
5.37816e-26
1.00887e-26
1.80323e-27
3.07943e-28
5.03908e-29
7.90904e-30
1.1937e-30
1.73361e-31
2.44562e-32
3.35296e-33
4.47346e-34
5.81104e-35
7.36321e-36
9.10628e-37
1.10221e-37
1.30615e-38
1.54809e-39
5.69024e-20
2.53938e-20
8.63698e-21
2.58462e-21
6.99223e-22
1.74919e-22
4.10435e-23
9.10474e-24
1.92011e-24
3.86455e-25
7.44726e-26
1.37768e-26
2.45236e-27
4.20735e-28
6.97109e-29
1.11655e-29
1.73527e-30
2.62052e-31
3.85151e-32
5.51329e-33
7.70304e-34
1.05105e-34
1.40518e-35
1.84293e-36
2.19176e-37
1.30293e-18
4.59261e-19
1.45253e-19
4.1985e-20
1.12184e-20
2.80361e-21
6.61506e-22
1.4825e-22
3.16911e-23
6.48138e-24
1.27159e-24
2.39862e-25
4.35905e-26
7.64389e-27
1.29562e-27
2.12504e-28
3.38047e-29
5.22486e-30
7.85926e-31
1.15153e-31
1.64719e-32
2.30181e-33
3.15369e-34
4.24082e-35
5.11769e-36
1.60074e-17
5.29239e-18
1.60854e-18
4.54465e-19
1.20137e-19
2.99146e-20
7.06206e-21
1.58806e-21
3.41308e-22
7.02838e-23
1.38982e-23
2.64441e-24
4.84989e-25
8.58629e-26
1.46975e-26
2.43547e-27
3.91356e-28
6.10928e-29
9.28069e-30
1.37329e-30
1.98379e-31
2.79947e-32
3.87318e-33
5.26068e-34
6.39165e-35
1.3917e-16
4.46115e-17
1.3299e-17
3.7168e-18
9.78474e-19
2.43714e-19
5.77005e-20
1.30349e-20
2.81783e-21
5.84184e-22
1.16376e-22
2.23173e-23
4.12652e-24
7.36737e-25
1.27199e-25
2.12617e-26
3.44629e-27
5.4247e-28
8.30825e-29
1.23929e-29
1.80448e-30
2.56649e-31
3.57919e-32
4.89901e-33
5.98489e-34
9.51822e-16
3.00033e-16
8.85936e-17
2.4652e-17
6.48872e-18
1.62082e-18
3.8555e-19
8.76125e-20
1.90672e-20
3.98199e-21
7.9942e-22
1.5453e-22
2.88054e-23
5.18514e-24
9.02584e-25
1.52119e-25
2.48625e-26
3.94555e-27
6.09149e-28
9.15895e-29
1.3441e-29
1.92658e-30
2.70744e-31
3.73456e-32
4.58827e-33
5.36784e-15
1.67704e-15
4.93302e-16
1.37211e-16
3.62022e-17
9.08411e-18
2.17371e-18
4.97314e-19
1.0903e-19
2.29479e-20
4.64434e-21
9.05198e-22
1.70155e-22
3.08897e-23
5.42316e-24
9.21885e-25
1.5196e-25
2.43165e-26
3.78494e-27
5.73657e-28
8.48518e-29
1.2257e-29
1.73606e-30
2.41277e-31
2.98096e-32
2.57052e-14
7.99969e-15
2.35261e-15
6.55838e-16
1.73764e-16
4.38524e-17
1.05647e-17
2.43509e-18
5.38068e-19
1.14174e-19
2.33005e-20
4.57986e-21
8.68239e-22
1.58958e-22
2.81425e-23
4.8239e-24
8.01754e-25
1.29354e-25
2.02979e-26
3.10116e-27
4.62343e-28
6.73099e-29
9.60691e-30
1.34551e-30
1.6721e-31
1.06816e-13
3.32261e-14
9.79305e-15
2.74109e-15
7.30218e-16
1.855e-16
4.50206e-17
1.04589e-17
2.32998e-18
4.98553e-19
1.02611e-19
2.03417e-20
3.88937e-21
7.18168e-22
1.28236e-22
2.21693e-23
3.71593e-24
6.04566e-25
9.56421e-26
1.47296e-26
2.21331e-27
3.24724e-28
4.67036e-29
6.59054e-30
8.23742e-31
3.91737e-13
1.22089e-13
3.61256e-14
1.01654e-14
2.72531e-15
6.97307e-16
1.70557e-16
3.99471e-17
8.97405e-18
1.93659e-18
4.02012e-19
8.03827e-20
1.55017e-20
2.88689e-21
5.1985e-22
9.06213e-23
1.53147e-23
2.51201e-24
4.0061e-25
6.21892e-26
9.41798e-27
1.39249e-27
2.01775e-28
2.86889e-29
3.60688e-30
1.28579e-12
4.02194e-13
1.19616e-13
3.38678e-14
9.14331e-15
2.35724e-15
5.81214e-16
1.37266e-16
3.10987e-17
6.76863e-18
1.41718e-18
2.85803e-19
5.55879e-20
1.044e-20
1.89576e-21
3.33239e-22
5.67843e-23
9.39068e-24
1.50968e-24
2.36205e-25
3.60483e-26
5.37041e-27
7.84e-28
1.12297e-28
1.41997e-29
3.82269e-12
1.20154e-12
3.59472e-13
1.02469e-13
2.78676e-14
7.24082e-15
1.79992e-15
4.28652e-16
9.79392e-17
2.14983e-17
4.53957e-18
9.23276e-19
1.8109e-19
3.42953e-20
6.27918e-21
1.11279e-21
1.91141e-22
3.18603e-23
5.16215e-24
8.13934e-25
1.25161e-25
1.87872e-26
2.76248e-27
3.98568e-28
5.06888e-29
1.04052e-11
3.28901e-12
9.90329e-13
2.84296e-13
7.79011e-14
2.04007e-14
5.11246e-15
1.22763e-15
2.82837e-16
6.26047e-17
1.33301e-17
2.73367e-18
5.40601e-19
1.03216e-19
1.90505e-20
3.40305e-21
5.89162e-22
9.89751e-23
1.61597e-23
2.56724e-24
3.97708e-25
6.0132e-26
8.90472e-27
1.29389e-27
1.65474e-28
2.61883e-11
8.32854e-12
2.52455e-12
7.29937e-13
2.01521e-13
5.31855e-14
1.34348e-14
3.25212e-15
7.55364e-16
1.68557e-16
3.61808e-17
7.47952e-18
1.49093e-18
2.86912e-19
5.33688e-20
9.6071e-21
1.67589e-21
2.83642e-22
4.66523e-23
7.46562e-24
1.16482e-24
1.77373e-25
2.64458e-26
3.86894e-27
4.97527e-28
6.15777e-11
1.97034e-11
6.01183e-12
1.75035e-12
4.86748e-13
1.29424e-13
3.29425e-14
8.03602e-15
1.88104e-15
4.2302e-16
9.15071e-17
1.90632e-17
3.82914e-18
7.42479e-19
1.39149e-19
2.52352e-20
4.43453e-21
7.56029e-22
1.25244e-22
2.01849e-23
3.17133e-24
4.86221e-25
7.29766e-26
1.07476e-26
1.38942e-27
1.35851e-10
4.37133e-11
1.34178e-11
3.93136e-12
1.10046e-12
2.9459e-13
7.55003e-14
1.85464e-14
4.37185e-15
9.901e-16
2.15685e-16
4.52475e-17
9.15203e-18
1.78688e-18
3.37176e-19
6.15636e-20
1.08911e-20
1.86908e-21
3.11654e-22
5.05527e-23
7.99295e-24
1.23323e-24
1.86218e-25
2.75917e-26
3.58447e-27
2.83286e-10
9.16285e-11
2.82774e-11
8.33149e-12
2.34555e-12
6.31582e-13
1.62833e-13
4.02405e-14
9.54322e-15
2.17442e-15
4.7656e-16
1.00582e-16
2.04674e-17
4.02018e-18
7.63127e-19
1.40163e-19
2.49417e-20
4.30543e-21
7.22048e-22
1.17795e-22
1.87296e-23
2.90587e-24
4.41149e-25
6.57195e-26
8.57451e-27
5.60267e-10
1.8203e-10
5.64433e-11
1.67136e-11
4.72995e-12
1.28049e-12
3.31953e-13
8.24929e-14
1.96734e-14
4.50772e-15
9.93447e-16
2.10832e-16
4.31356e-17
8.51808e-18
1.62547e-18
3.00099e-19
5.36746e-20
9.31185e-21
1.56935e-21
2.57269e-22
4.11012e-23
6.40714e-24
9.77119e-25
1.46227e-25
1.91485e-26
1.06397e-09
3.46873e-10
1.07947e-10
3.20853e-11
9.11588e-12
2.47789e-12
6.45049e-13
1.60986e-13
3.85606e-14
8.8745e-15
1.96462e-15
4.18832e-16
8.60839e-17
1.70774e-17
3.27386e-18
6.07223e-19
1.09106e-19
1.90156e-20
3.21938e-21
5.30164e-22
8.50764e-23
1.33209e-23
2.04009e-24
3.06603e-25
4.02852e-26
1.95558e-09
6.39222e-10
1.9947e-10
5.94588e-11
1.69434e-11
4.61976e-12
1.20643e-12
3.02067e-13
7.2592e-14
1.67625e-14
3.72339e-15
7.96482e-16
1.64264e-16
3.26991e-17
6.29026e-18
1.17073e-18
2.11087e-19
3.69171e-20
6.27177e-21
1.03641e-21
1.66888e-22
2.62216e-23
4.0294e-24
6.07637e-25
8.006e-26
3.50092e-09
1.14655e-09
3.58498e-10
1.07085e-10
3.05808e-11
8.3568e-12
2.18738e-12
5.48974e-13
1.32247e-13
3.06129e-14
6.81689e-15
1.4619e-15
3.02265e-16
6.03244e-17
1.16344e-17
2.17098e-18
3.92452e-19
6.88152e-20
1.17214e-20
1.94206e-21
3.13533e-22
4.93914e-23
7.60898e-24
1.1504e-24
1.5188e-25
6.13146e-09
2.01089e-09
6.29654e-10
1.88357e-10
5.38723e-11
1.47448e-11
3.86568e-12
9.71793e-13
2.34502e-13
5.43769e-14
1.21299e-14
2.60593e-15
5.39777e-16
1.07922e-16
2.08523e-17
3.89825e-18
7.06004e-19
1.24028e-19
2.11656e-20
3.51349e-21
5.68298e-22
8.96963e-23
1.38436e-23
2.09694e-24
2.77249e-25
1.05378e-08
3.45969e-09
1.08444e-09
3.24746e-10
9.298e-11
2.54762e-11
6.68656e-12
1.68284e-12
4.06549e-13
9.4382e-14
2.10789e-14
4.53388e-15
9.40255e-16
1.88221e-16
3.64122e-17
6.81557e-18
1.23589e-18
2.17392e-19
3.71455e-20
6.17412e-21
9.99932e-22
1.5803e-22
2.44204e-23
3.70386e-24
4.90178e-25
1.78111e-08
5.85254e-09
1.83594e-09
5.50212e-10
1.57654e-10
4.32293e-11
1.13547e-11
2.85986e-12
6.91429e-13
1.60641e-13
3.59044e-14
7.72864e-15
1.60402e-15
3.21342e-16
6.22127e-17
1.16538e-17
2.11487e-18
3.72295e-19
6.36632e-20
1.05902e-20
1.71648e-21
2.71495e-22
4.19861e-23
6.37312e-24
8.43887e-25
2.96653e-08
9.7541e-09
3.06167e-09
9.18056e-10
2.63193e-10
7.22059e-11
1.89754e-11
4.78167e-12
1.15664e-12
2.68856e-13
6.01201e-14
1.29473e-14
2.68835e-15
5.3881e-16
1.04361e-16
1.95575e-17
3.55069e-18
6.25316e-19
1.06975e-19
1.78026e-20
2.88666e-21
4.56777e-22
7.0666e-23
1.07309e-23
1.4212e-24
4.88057e-08
1.60539e-08
5.0408e-09
1.51198e-09
4.33594e-10
1.1899e-10
3.12793e-11
7.88445e-12
1.90772e-12
4.43566e-13
9.92141e-14
2.13719e-14
4.43865e-15
8.89809e-16
1.7238e-16
3.23106e-17
5.86701e-18
1.03342e-18
1.76816e-19
2.94298e-20
4.77259e-21
7.55307e-22
1.1686e-22
1.77475e-23
2.35033e-24
8.25895e-08
2.71625e-08
8.5277e-09
2.55759e-09
7.33392e-10
2.01256e-10
5.29048e-11
1.33359e-11
3.22691e-12
7.50333e-13
1.67839e-13
3.61561e-14
7.50937e-15
1.50541e-15
2.91634e-16
5.46618e-17
9.92503e-18
1.74807e-18
2.99061e-19
4.97716e-20
8.07022e-21
1.27703e-21
1.97536e-22
2.99949e-23
3.97084e-24
1.44776e-07
4.7582e-08
1.49297e-08
4.47556e-09
1.28292e-09
3.51975e-10
9.25131e-11
2.33192e-11
5.64275e-12
1.31218e-12
2.93551e-13
6.3246e-14
1.31377e-14
2.63411e-15
5.10363e-16
9.56707e-17
1.7373e-17
3.06013e-18
5.23565e-19
8.71395e-20
1.41295e-20
2.23587e-21
3.45837e-22
5.25112e-23
6.95015e-24
2.53145e-07
8.30544e-08
2.602e-08
7.79002e-09
2.2306e-09
6.11442e-10
1.60603e-10
4.04616e-11
9.78734e-12
2.27543e-12
5.08968e-13
1.0965e-13
2.27765e-14
4.56677e-15
8.84856e-16
1.65881e-16
3.01244e-17
5.30656e-18
9.07962e-19
1.51124e-19
2.45053e-20
3.87786e-21
5.99798e-22
9.10712e-23
1.20518e-23
4.41181e-07
1.44325e-07
4.50966e-08
1.347e-08
3.84929e-09
1.05336e-09
2.76288e-10
6.95267e-11
1.68024e-11
3.9035e-12
8.72646e-13
1.8792e-13
3.90225e-14
7.82243e-15
1.51544e-15
2.84067e-16
5.15844e-17
9.08662e-18
1.55473e-18
2.58779e-19
4.19625e-20
6.64062e-21
1.02712e-21
1.55958e-22
2.06361e-23
7.69336e-07
2.50693e-07
7.805e-08
2.32363e-08
6.6207e-09
1.80707e-09
4.72916e-10
1.18778e-10
2.86576e-11
6.64845e-12
1.48457e-12
3.19386e-13
6.62693e-14
1.32756e-14
2.5705e-15
4.81626e-16
8.74288e-17
1.53963e-17
2.63374e-18
4.38302e-19
7.10632e-20
1.12448e-20
1.73908e-21
2.6405e-22
3.49334e-23
1.34177e-06
4.35373e-07
1.34997e-07
4.0036e-08
1.1367e-08
3.09254e-09
8.06977e-10
2.02156e-10
4.86629e-11
1.12669e-11
2.5114e-12
5.3946e-13
1.11782e-13
2.23667e-14
4.32636e-15
8.09901e-16
1.46907e-16
2.58535e-17
4.42007e-18
7.35225e-19
1.19154e-19
1.88481e-20
2.91404e-21
4.42344e-22
5.85047e-23
2.33273e-06
7.5411e-07
2.32955e-07
6.88353e-08
1.94753e-08
5.28099e-09
1.37379e-09
3.43169e-10
8.23914e-11
1.90304e-11
4.23269e-12
9.07408e-13
1.87688e-13
3.74941e-14
7.24179e-15
1.35388e-15
2.45286e-16
4.31203e-17
7.36496e-18
1.22402e-18
1.98216e-19
3.13329e-20
4.84123e-21
7.34506e-22
9.70958e-23
4.01702e-06
1.29556e-06
3.99188e-07
1.17637e-07
3.31915e-08
8.97602e-09
2.32887e-09
5.80273e-10
1.38982e-10
3.20281e-11
7.10819e-12
1.52075e-12
3.13947e-13
6.26036e-14
1.20711e-14
2.25316e-15
4.07606e-16
7.15568e-17
1.22062e-17
2.0262e-18
3.27759e-19
5.17584e-20
7.98962e-21
1.21117e-21
1.59982e-22
6.79826e-06
2.19164e-06
6.7472e-07
1.98607e-07
5.59626e-08
1.51117e-08
3.9147e-09
9.73838e-10
2.32864e-10
5.35752e-11
1.18708e-11
2.53558e-12
5.2261e-13
1.04048e-13
2.00314e-14
3.73336e-15
6.74391e-16
1.18224e-16
2.01393e-17
3.33869e-18
5.39389e-19
8.50773e-20
1.31179e-20
1.98652e-21
2.62143e-22
1.12176e-05
3.62251e-06
1.11653e-06
3.289e-07
9.27143e-08
2.50397e-08
6.48614e-09
1.61314e-09
3.85586e-10
8.86659e-11
1.96336e-11
4.1906e-12
8.63016e-13
1.71665e-13
3.3017e-14
6.14728e-15
1.10926e-15
1.94246e-16
3.30528e-17
5.47338e-18
8.83277e-19
1.39166e-19
2.14342e-20
3.24256e-21
4.27472e-22
1.79228e-05
5.8095e-06
1.79622e-06
5.30528e-07
1.4989e-07
4.0559e-08
1.05232e-08
2.62074e-09
6.27134e-10
1.4434e-10
3.19836e-11
6.82992e-12
1.40699e-12
2.79907e-13
5.38346e-14
1.00216e-14
1.80785e-15
3.16455e-16
5.38215e-17
8.90749e-18
1.43655e-18
2.26182e-19
3.4811e-20
5.2624e-21
6.93248e-22
2.75811e-05
8.98915e-06
2.79286e-06
8.28501e-07
2.35002e-07
6.38178e-08
1.66117e-08
4.14928e-09
9.95561e-10
2.29685e-10
5.10032e-11
1.09118e-11
2.25151e-12
4.48538e-13
8.63674e-14
1.60931e-14
2.90534e-15
5.08862e-16
8.65821e-17
1.43334e-17
2.31197e-18
3.6403e-19
5.60235e-20
8.46813e-21
1.11532e-21
4.08577e-05
1.34113e-05
4.19411e-06
1.25175e-06
3.57071e-07
9.74822e-08
2.55011e-08
6.39947e-09
1.54219e-09
3.57251e-10
7.96304e-11
1.70959e-11
3.53889e-12
7.07079e-13
1.36516e-13
2.54992e-14
4.61357e-15
8.09644e-16
1.38003e-16
2.28817e-17
3.69594e-18
5.82654e-19
8.9767e-20
1.35821e-20
1.79024e-21
5.80301e-05
1.92084e-05
6.05429e-06
1.82037e-06
5.22941e-07
1.43725e-07
3.78395e-08
9.55405e-09
2.31586e-09
5.39444e-10
1.20871e-10
2.60783e-11
5.42333e-12
1.08831e-12
2.10977e-13
3.95571e-14
7.18239e-15
1.2646e-15
2.16208e-16
3.59499e-17
5.82201e-18
9.20052e-19
1.42069e-19
2.15413e-20
2.84443e-21
7.89128e-05
2.63697e-05
8.38655e-06
2.54344e-06
7.36722e-07
2.041e-07
5.41504e-08
1.37746e-08
3.36296e-09
7.88772e-10
1.77909e-10
3.86277e-11
8.08174e-12
1.63113e-12
3.17936e-13
5.99212e-14
1.09335e-14
1.93403e-15
3.3212e-16
5.54532e-17
9.01602e-18
1.4301e-18
2.21614e-19
3.37173e-20
4.46533e-21
0.000101645
3.43017e-05
1.1013e-05
3.37097e-06
9.85252e-07
2.75368e-07
7.36929e-08
1.89048e-08
4.6535e-09
1.1002e-09
2.50076e-10
5.47034e-11
1.15278e-11
2.34276e-12
4.59691e-13
8.71918e-14
1.60071e-14
2.84813e-15
4.91854e-16
8.25666e-17
1.3494e-17
2.15099e-18
3.34922e-19
5.11917e-20
6.80737e-21
0.000120937
4.15023e-05
1.35232e-05
4.19347e-06
1.23988e-06
3.50175e-07
9.46173e-08
2.44895e-08
6.07854e-09
1.44843e-09
3.31704e-10
7.30837e-11
1.5509e-11
3.17346e-12
6.26858e-13
1.1968e-13
2.21128e-14
3.95931e-15
6.87963e-16
1.16181e-16
1.90991e-17
3.0618e-18
4.79409e-19
7.3678e-20
9.84553e-21
0.000127807
4.4413e-05
1.467e-05
4.61462e-06
1.38472e-06
3.97036e-07
1.08925e-07
2.86223e-08
7.21043e-09
1.74302e-09
4.04704e-10
9.0341e-11
1.94081e-11
4.01701e-12
8.01984e-13
1.54633e-13
2.88328e-14
5.20627e-15
9.11736e-16
1.55091e-16
2.56688e-17
4.14107e-18
6.52284e-19
1.00813e-19
1.35412e-20
0.000128747
4.48185e-05
1.48419e-05
4.68344e-06
1.41082e-06
4.06412e-07
1.12102e-07
2.96375e-08
7.51731e-09
1.83094e-09
4.2862e-10
9.65265e-11
2.09321e-11
4.37533e-12
8.82448e-13
1.71934e-13
3.24018e-14
5.9142e-15
1.04702e-15
1.8006e-16
3.01276e-17
4.91345e-18
7.82384e-19
1.22234e-19
1.65844e-20
0.000125062
4.37436e-05
1.45319e-05
4.5953e-06
1.38653e-06
3.99985e-07
1.10471e-07
2.9242e-08
7.42601e-09
1.811e-09
4.24531e-10
9.57522e-11
2.08003e-11
4.35642e-12
8.80692e-13
1.72048e-13
3.25197e-14
5.95507e-15
1.05798e-15
1.82631e-16
3.06807e-17
5.02498e-18
8.03765e-19
1.26176e-19
1.72035e-20
0.000111921
3.97871e-05
1.33726e-05
4.26512e-06
1.29555e-06
3.75804e-07
1.04276e-07
2.77139e-08
7.06323e-09
1.72806e-09
4.06248e-10
9.1861e-11
1.99998e-11
4.197e-12
8.49876e-13
1.66267e-13
3.14663e-14
5.76852e-15
1.02584e-15
1.77245e-16
2.98008e-17
4.88474e-18
7.81956e-19
1.22853e-19
1.67681e-20
8.23279e-05
3.0398e-05
1.052e-05
3.42751e-06
1.05782e-06
3.10692e-07
8.70887e-08
2.33448e-08
5.99396e-09
1.47607e-09
3.49038e-10
7.93415e-11
1.73567e-11
3.65828e-12
7.43783e-13
1.46054e-13
2.77355e-14
5.10057e-15
9.09639e-16
1.57574e-16
2.65543e-17
4.36167e-18
6.995e-19
1.10076e-19
1.5054e-20
3.93214e-05
1.53293e-05
5.53441e-06
1.86813e-06
5.94209e-07
1.79078e-07
5.13256e-08
1.40288e-08
3.66473e-09
9.16564e-10
2.198e-10
5.06074e-11
1.12012e-11
2.38628e-12
4.89888e-13
9.70437e-14
1.85727e-14
3.43931e-15
6.1705e-16
1.07452e-16
1.81859e-17
2.9983e-18
4.82289e-19
7.60914e-20
1.04472e-20
9.45038e-06
4.07497e-06
1.56349e-06
5.4524e-07
1.76344e-07
5.35638e-08
1.53931e-08
4.20581e-09
1.09641e-09
2.7343e-10
6.53663e-11
1.50051e-11
3.31241e-12
7.04201e-13
1.4436e-13
2.85772e-14
5.46913e-15
1.01357e-15
1.82072e-16
3.177e-17
5.38815e-18
8.90909e-19
1.43701e-19
2.27521e-20
3.14838e-21
1.26296e-06
6.38549e-07
2.63829e-07
9.44619e-08
3.0628e-08
9.20135e-09
2.59361e-09
6.91428e-10
1.75297e-10
4.24319e-11
9.83408e-12
2.18702e-12
4.67523e-13
9.62184e-14
1.90923e-14
3.66005e-15
6.78581e-16
1.21848e-16
2.121e-17
3.58589e-18
5.89219e-19
9.4365e-20
1.47403e-20
2.25869e-21
3.08172e-22
8.91426e-08
6.86968e-08
3.02481e-08
1.08336e-08
3.42123e-09
9.85735e-10
2.63884e-10
6.63938e-11
1.58217e-11
3.5899e-12
7.78415e-13
1.61726e-13
3.22581e-14
6.18576e-15
1.14464e-15
2.04751e-16
3.54367e-17
5.94029e-18
9.65375e-19
1.52322e-19
2.33577e-20
3.48887e-21
5.08211e-22
7.24966e-23
9.72811e-24
5.55343e-09
4.93001e-09
2.64483e-09
8.79048e-10
2.54859e-10
6.67329e-11
1.61034e-11
3.62933e-12
7.70779e-13
1.55188e-13
2.97416e-14
5.43959e-15
9.51289e-16
1.60446e-16
2.61375e-17
4.11492e-18
6.26612e-19
9.23716e-20
1.3198e-20
1.82981e-21
2.46547e-22
3.23361e-23
4.13715e-24
5.16118e-25
7.70824e-26
2.69767e-10
2.61648e-10
1.48057e-10
4.37865e-11
1.10046e-11
2.44927e-12
4.9454e-13
9.19985e-14
1.5926e-14
2.58173e-15
3.93447e-16
5.73967e-17
8.06806e-18
1.09336e-18
1.42955e-19
1.80463e-20
2.20205e-21
2.59969e-22
2.97429e-23
3.30142e-24
3.56676e-25
3.43948e-26
5.85353e-27
9.81832e-28
2.85359e-28
9.72382e-12
9.05783e-12
4.37755e-12
1.02443e-12
1.97476e-13
3.23767e-14
4.6264e-15
5.83646e-16
6.51324e-17
6.9218e-18
7.07248e-19
6.95445e-20
6.59472e-21
5.59772e-22
8.36071e-23
1.20941e-23
1.69613e-24
2.30845e-25
3.05296e-26
3.92765e-27
4.92393e-28
6.26826e-29
5.08917e-30
6.13531e-31
3.97246e-31
1.58766e-13
1.17814e-13
3.41216e-14
4.87179e-15
5.26996e-16
4.05749e-17
1.94967e-18
8.77019e-20
7.28355e-21
5.95355e-22
4.81417e-23
3.8681e-24
3.09665e-25
2.43266e-26
2.20732e-27
2.38518e-28
2.93355e-29
3.8375e-30
5.09488e-31
6.71109e-32
8.69387e-33
1.13645e-33
3.21906e-34
2.38763e-35
2.06473e-34
)
;

boundaryField
{
    inlet
    {
        type            fixedValue;
        value           uniform 1;
    }
    outlet
    {
        type            inletOutlet;
        inletValue      uniform 0;
        value           nonuniform List<scalar> 
57
(
2.35867e-42
1.54809e-39
2.19176e-37
5.11769e-36
6.39165e-35
5.98489e-34
4.58827e-33
2.98096e-32
1.6721e-31
8.23742e-31
3.60688e-30
1.41997e-29
5.06888e-29
1.65474e-28
4.97527e-28
1.38942e-27
3.58447e-27
8.57451e-27
1.91485e-26
4.02852e-26
8.006e-26
1.5188e-25
2.77249e-25
4.90178e-25
8.43887e-25
1.4212e-24
2.35033e-24
3.97084e-24
6.95015e-24
1.20518e-23
2.06361e-23
3.49334e-23
5.85047e-23
9.70958e-23
1.59982e-22
2.62143e-22
4.27472e-22
6.93248e-22
1.11532e-21
1.79024e-21
2.84443e-21
4.46533e-21
6.80737e-21
9.84553e-21
1.35412e-20
1.65844e-20
1.72035e-20
1.67681e-20
1.5054e-20
1.04472e-20
3.14838e-21
3.08172e-22
9.72811e-24
7.70824e-26
2.85359e-28
3.97246e-31
2.06473e-34
)
;
    }
    upperWall
    {
        type            zeroGradient;
    }
    lowerWall
    {
        type            zeroGradient;
    }
    frontAndBack
    {
        type            empty;
    }
}


// ************************************************************************* //
