/*--------------------------------*- C++ -*----------------------------------*\
  =========                 |
  \\      /  F ield         | OpenFOAM: The Open Source CFD Toolbox
   \\    /   O peration     | Website:  https://openfoam.org
    \\  /    A nd           | Version:  7
     \\/     M anipulation  |
\*---------------------------------------------------------------------------*/
FoamFile
{
    version     2.0;
    format      ascii;
    class       volScalarField;
    location    "0.094";
    object      s;
}
// * * * * * * * * * * * * * * * * * * * * * * * * * * * * * * * * * * * * * //

dimensions      [0 0 0 0 0 0 0];

internalField   nonuniform List<scalar> 
12225
(
1
1
1
1
1
1
1
1
1
1
1
1
1
1
1
1
1
1
1
1
1
1
1
1
1
1
1
1
1
1
1
1
1
1
1
1
1
1
1
1
1
1
1
1
1
1
1
1
1
1
1
1
1
1
1
1
1
1
1
1
1
1
1
1
1
1
1
1
1
1
1
1
1
1
1
1
1
1
1
1
1
1
1
1
1
1
1
1
1
1
1
1
1
1
1
1
1
1
1
1
1
1
1
1
1
1
1
1
1
1
1
1
1
1
1
1
1
1
1
1
1
1
1
1
1
1
1
1
1
1
1
1
1
1
1
1
1
1
1
1
1
1
1
1
1
1
1
1
1
1
1
1
1
1
1
1
1
1
1
1
1
1
1
1
1
1
1
1
1
1
1
1
1
1
1
1
1
1
1
1
1
1
1
1
1
1
1
1
1
1
1
1
1
1
1
1
1
1
1
1
1
1
1
1
1
1
1
1
1
1
1
1
1
1
1
1
1
1
1
1
1
1
1
1
1
1
1
1
1
1
1
1
1
1
1
1
1
1
1
1
1
1
1
1
1
1
1
1
1
1
1
1
1
1
1
1
1
1
1
1
1
1
1
1
1
1
1
1
1
1
1
1
1
1
1
1
1
1
1
1
1
1
1
1
1
1
1
1
1
1
1
1
1
1
1
1
1
1
1
1
1
1
1
1
1
1
1
1
1
1
1
1
1
1
1
1
1
1
1
1
1
1
1
1
1
1
1
1
1
1
1
1
1
1
1
1
1
1
1
1
1
1
1
1
1
1
1
1
1
1
1
1
1
1
1
1
1
1
1
1
1
1
1
1
1
1
1
1
1
1
1
1
1
1
1
1
1
1
1
1
1
1
1
1
1
1
1
1
1
1
1
1
1
1
1
1
1
1
1
1
1
1
1
1
1
1
1
1
1
1
1
1
1
1
1
1
1
1
1
1
1
1
1
1
1
1
1
1
1
1
1
1
1
1
1
1
1
1
1
1
1
1
1
1
1
1
1
1
1
1
1
1
1
1
1
1
1
1
1
1
1
1
1
1
1
1
1
1
1
1
1
1
1
1
1
1
1
1
1
1
1
1
1
1
1
1
1
1
1
1
1
1
1
1
1
1
1
1
1
1
1
1
1
1
1
1
1
1
1
1
1
1
1
1
1
1
1
1
1
1
1
1
1
1
1
1
1
1
1
1
1
1
1
1
1
1
1
1
1
1
0.152283
0.160351
0.2024
0.242425
0.254021
0.249632
0.233917
0.207986
0.203863
0.208679
0.234565
0.2775
0.317766
0.3454
0.366934
0.38763
0.402342
0.410295
0.414271
0.417265
0.420565
0.421978
0.422167
0.421707
0.419703
0.41569
0.410959
0.40651
0.392783
0.345477
0.269802
0.249457
0.249109
0.259719
0.268065
0.269359
0.269607
0.270055
0.272394
0.278996
0.292146
0.313838
0.345668
0.384129
0.421484
0.45161
0.474444
0.492084
0.505551
0.514323
0.519992
0.521881
0.515912
0.507403
0.50919
0.541904
0.554167
0.540772
0.512963
0.466964
0.352354
0.238756
0.203003
0.213873
0.316969
0.407424
0.417667
0.399485
0.366844
0.333889
0.301823
0.291312
0.31498
0.364772
0.382259
0.390903
0.394631
0.392899
0.408387
0.473624
0.653173
0.803784
0.865537
0.879267
0.881234
0.882025
0.882764
0.883306
0.883604
0.883958
0.884482
0.884858
0.885038
0.885101
0.885127
0.885151
0.885176
0.88519
0.885153
0.884926
0.884673
0.884649
0.884896
0.885015
0.885119
0.88547
0.886058
0.886565
0.88703
0.887358
0.887815
0.888423
0.889036
0.8897
0.89059
0.891596
0.892524
0.893666
0.894905
0.896193
0.897335
0.89853
0.899595
0.900556
0.901438
0.902229
0.902892
0.90348
0.90394
0.90414
0.904057
0.903437
0.902096
0.899328
0.894895
0.890658
0.88782
0.885047
0.879679
0.867756
0.847773
0.827522
0.813569
0.800516
0.776299
0.722298
0.605134
0.445952
0.282729
0.152416
0.0699581
0.027674
0.00962097
0.0029968
0.000844962
0.000226238
9.31812e-05
4.86808e-05
2.44463e-05
1.21319e-05
5.99872e-06
2.97596e-06
1.49026e-06
7.56163e-07
3.8901e-07
2.02376e-07
1.0593e-07
5.54497e-08
2.88524e-08
1.48477e-08
7.5247e-09
3.74436e-09
1.82414e-09
8.68491e-10
4.02812e-10
1.81614e-10
7.93636e-11
3.28876e-11
1.43552e-11
-3.12354e-12
0.157957
0.311113
0.451916
0.482185
0.47916
0.470895
0.463499
0.45173
0.424426
0.358127
0.292505
0.278393
0.27915
0.284855
0.306399
0.360257
0.395329
0.412491
0.425828
0.44099
0.446924
0.447815
0.444919
0.431407
0.400771
0.377635
0.374566
0.377503
0.375432
0.351765
0.33189
0.346442
0.446997
0.589752
0.638072
0.659209
0.683479
0.726303
0.769835
0.79691
0.818906
0.845187
0.872341
0.895968
0.912455
0.923964
0.932303
0.938488
0.94267
0.944556
0.94525
0.944841
0.941189
0.935138
0.927492
0.915709
0.88407
0.837813
0.80627
0.793005
0.773708
0.708386
0.463692
0.299659
0.28899
0.331239
0.397604
0.381821
0.346929
0.336871
0.369354
0.418397
0.437862
0.420221
0.400368
0.41694
0.490448
0.540573
0.553197
0.595477
0.787826
0.867244
0.876482
0.878305
0.877741
0.87621
0.873961
0.870884
0.867072
0.862881
0.858297
0.853057
0.847559
0.841802
0.835797
0.829684
0.823847
0.819097
0.815035
0.811224
0.808886
0.807393
0.806415
0.805921
0.805778
0.806617
0.807045
0.807665
0.808657
0.80925
0.810386
0.811594
0.813056
0.815114
0.817946
0.82156
0.825995
0.831335
0.837603
0.84495
0.852471
0.86048
0.868601
0.876438
0.883829
0.890473
0.896286
0.901766
0.906892
0.911644
0.915952
0.919772
0.923134
0.926104
0.928736
0.931083
0.933223
0.935258
0.93698
0.938033
0.938307
0.937822
0.934308
0.923275
0.913983
0.90542
0.887433
0.858932
0.826301
0.780268
0.709004
0.629109
0.574925
0.556876
0.554726
0.550577
0.530529
0.456897
0.354186
0.268333
0.198459
0.142691
0.0994588
0.0670742
0.0437063
0.0275085
0.0167249
0.0098331
0.00559388
0.00308499
0.00164917
0.000856975
0.000431753
0.000211987
0.000100583
4.65873e-05
2.08252e-05
8.60674e-06
4.6771e-06
-5.02373e-06
0.333595
0.54514
0.543859
0.525898
0.501973
0.474365
0.470963
0.475672
0.490098
0.490086
0.478591
0.440912
0.39113
0.324286
0.313519
0.326364
0.362817
0.403413
0.4397
0.463251
0.455918
0.427169
0.391898
0.379702
0.368674
0.366542
0.376761
0.397003
0.427833
0.482937
0.604082
0.764484
0.840259
0.890367
0.923576
0.939942
0.956157
0.966818
0.975131
0.98251
0.985594
0.988173
0.990723
0.992383
0.993363
0.994156
0.994555
0.994706
0.994702
0.994071
0.992158
0.988658
0.982949
0.972767
0.955355
0.92286
0.847629
0.78175
0.747824
0.749897
0.759652
0.769834
0.756342
0.663126
0.418688
0.364558
0.372285
0.373063
0.345267
0.278704
0.255914
0.288267
0.302017
0.284861
0.290342
0.345979
0.48776
0.584533
0.701945
0.813353
0.863467
0.871662
0.872955
0.868582
0.860599
0.849361
0.834121
0.814012
0.794475
0.77649
0.760643
0.746055
0.734998
0.726316
0.719911
0.716077
0.714231
0.71355
0.713503
0.715422
0.716664
0.718814
0.72064
0.722047
0.723501
0.725604
0.726763
0.72834
0.729984
0.731353
0.732834
0.73431
0.735627
0.73694
0.738241
0.739497
0.740773
0.742089
0.743715
0.746283
0.749739
0.754352
0.760158
0.767438
0.776493
0.787698
0.801014
0.815545
0.831215
0.847632
0.864193
0.879721
0.892592
0.903336
0.912308
0.91948
0.925128
0.929561
0.933177
0.93659
0.940316
0.943905
0.945916
0.946034
0.944492
0.936339
0.916803
0.902745
0.895513
0.891497
0.889258
0.889163
0.89174
0.898048
0.90405
0.907953
0.908781
0.906351
0.890823
0.865948
0.851026
0.834447
0.798608
0.703285
0.561035
0.426848
0.314724
0.227074
0.160042
0.110167
0.0737241
0.048063
0.0303003
0.0186176
0.0109919
0.00635084
0.00349863
0.00187911
0.00100034
0.000406047
0.595453
0.585701
0.548914
0.466193
0.402754
0.363933
0.347101
0.348734
0.361015
0.398189
0.448696
0.463693
0.461467
0.440773
0.389631
0.354665
0.368194
0.405759
0.46146
0.464287
0.423984
0.374486
0.370982
0.37345
0.373632
0.38577
0.430477
0.520868
0.685684
0.842558
0.910671
0.947148
0.966907
0.979734
0.987774
0.991213
0.993248
0.994572
0.995437
0.996046
0.996411
0.996667
0.997195
0.997459
0.99778
0.997903
0.997967
0.99797
0.997758
0.997121
0.995638
0.99264
0.985796
0.972591
0.948133
0.895388
0.797571
0.710017
0.67009
0.66168
0.668625
0.693154
0.724696
0.721279
0.674172
0.500729
0.408167
0.388375
0.359573
0.291543
0.24943
0.235551
0.237893
0.250873
0.272212
0.361083
0.628103
0.759918
0.823367
0.856934
0.865225
0.86523
0.854106
0.832297
0.801493
0.770281
0.742863
0.723603
0.708256
0.698697
0.692558
0.689846
0.689076
0.689358
0.691782
0.69462
0.698574
0.702636
0.707907
0.713901
0.718625
0.7226
0.726288
0.729332
0.731343
0.733886
0.735727
0.737488
0.739539
0.741301
0.743102
0.744785
0.746075
0.746701
0.746859
0.746001
0.744117
0.741626
0.739403
0.737544
0.73616
0.735448
0.735403
0.736025
0.737396
0.739504
0.742447
0.746207
0.751685
0.759497
0.770333
0.786012
0.808097
0.834208
0.860632
0.883538
0.901449
0.915597
0.926502
0.933745
0.937391
0.938907
0.940827
0.946887
0.954422
0.956388
0.955653
0.95009
0.929157
0.910164
0.902548
0.901524
0.902418
0.90742
0.923664
0.943172
0.957929
0.966753
0.970529
0.971553
0.971614
0.970828
0.966118
0.95074
0.937627
0.925082
0.89983
0.835045
0.677245
0.50872
0.366494
0.257095
0.174991
0.116242
0.0745007
0.0466254
0.0280554
0.0163452
0.00949666
0.00456475
0.59379
0.563506
0.472056
0.394428
0.348286
0.323403
0.3095
0.303829
0.305515
0.315573
0.348342
0.429699
0.460656
0.466208
0.454571
0.425804
0.42118
0.44722
0.464138
0.42349
0.378717
0.373413
0.377936
0.393546
0.420501
0.492831
0.646086
0.830334
0.921249
0.961646
0.978327
0.985543
0.988741
0.9902
0.990735
0.990845
0.990779
0.990407
0.990277
0.990239
0.990795
0.991057
0.992235
0.993129
0.994423
0.99521
0.996322
0.996954
0.997273
0.99732
0.99663
0.995139
0.990413
0.979539
0.954129
0.898732
0.79968
0.702505
0.658948
0.639974
0.638875
0.652839
0.688331
0.70744
0.703591
0.668692
0.540694
0.439217
0.401015
0.341002
0.27604
0.251843
0.252928
0.260905
0.278252
0.384624
0.709603
0.823512
0.849283
0.85732
0.856853
0.83694
0.796762
0.758262
0.727561
0.70557
0.691105
0.684191
0.68145
0.681158
0.68469
0.688947
0.694034
0.703483
0.716308
0.731905
0.744178
0.75366
0.761605
0.765724
0.770053
0.77288
0.775951
0.779304
0.782004
0.784695
0.7882
0.790401
0.793596
0.796059
0.79867
0.801033
0.803184
0.80481
0.805976
0.806515
0.805974
0.803343
0.796705
0.786919
0.776772
0.766746
0.758372
0.752114
0.747242
0.743984
0.742494
0.742295
0.74308
0.745358
0.74869
0.753078
0.759423
0.769964
0.78694
0.810501
0.83662
0.862359
0.887704
0.912469
0.931964
0.942326
0.945508
0.945915
0.946311
0.948775
0.957432
0.961133
0.96036
0.953502
0.930664
0.912364
0.905069
0.904174
0.905832
0.914871
0.937005
0.954356
0.967373
0.977678
0.984754
0.988409
0.989497
0.989522
0.989151
0.987984
0.985506
0.980349
0.969321
0.944336
0.875811
0.701778
0.515264
0.363431
0.247231
0.163623
0.105279
0.0650771
0.0407588
0.021581
0.595769
0.543387
0.447438
0.376068
0.335285
0.313972
0.303274
0.294533
0.29284
0.295075
0.308037
0.356833
0.445605
0.476604
0.480587
0.471054
0.461762
0.457637
0.427596
0.389625
0.382744
0.392749
0.4258
0.489668
0.60965
0.76691
0.895057
0.951364
0.974315
0.981894
0.984069
0.984546
0.98372
0.979472
0.975364
0.97037
0.966123
0.963893
0.962845
0.96268
0.965075
0.966533
0.970834
0.973835
0.978694
0.98244
0.987498
0.990948
0.994419
0.996149
0.997012
0.997254
0.997201
0.995561
0.989332
0.969129
0.905315
0.761645
0.674027
0.638777
0.626003
0.633067
0.665835
0.697218
0.706467
0.701393
0.671415
0.572766
0.477424
0.405582
0.33819
0.301864
0.290015
0.291367
0.30004
0.386373
0.71989
0.837788
0.849091
0.849717
0.824074
0.773141
0.734837
0.704714
0.686458
0.677718
0.67454
0.675233
0.679193
0.684002
0.694575
0.711042
0.736895
0.753396
0.764661
0.769568
0.772812
0.774401
0.775155
0.776027
0.777172
0.778564
0.780797
0.783779
0.786981
0.790081
0.794589
0.797671
0.801665
0.804853
0.807982
0.810885
0.813679
0.815993
0.818437
0.820954
0.823964
0.827574
0.831855
0.833534
0.832703
0.82898
0.821468
0.810642
0.79862
0.787484
0.777588
0.769504
0.763359
0.758988
0.756454
0.755781
0.756793
0.760746
0.767229
0.780012
0.80247
0.828628
0.851483
0.871706
0.895881
0.9234
0.943835
0.952535
0.953838
0.953516
0.9538
0.956281
0.963284
0.964821
0.962966
0.951263
0.925581
0.911936
0.907672
0.907508
0.909582
0.920331
0.944821
0.963712
0.976442
0.984777
0.990289
0.993719
0.99548
0.996095
0.996162
0.996028
0.99536
0.993236
0.987237
0.971094
0.925761
0.786661
0.5837
0.412017
0.282155
0.183741
0.122693
0.0702375
0.598945
0.535373
0.444213
0.37258
0.332923
0.31283
0.3025
0.293019
0.290683
0.294941
0.311338
0.366154
0.458606
0.490028
0.489007
0.475857
0.458824
0.432521
0.407144
0.399571
0.421441
0.483954
0.607815
0.728458
0.847906
0.925825
0.961549
0.974444
0.978038
0.978617
0.973916
0.962693
0.946615
0.932528
0.924578
0.91588
0.912046
0.909994
0.909211
0.909316
0.911683
0.914544
0.920095
0.926776
0.936338
0.947476
0.960502
0.971646
0.982321
0.990032
0.994703
0.996886
0.997806
0.99809
0.997508
0.993333
0.97668
0.919858
0.766091
0.669548
0.627121
0.611383
0.612844
0.647388
0.693974
0.709162
0.705288
0.680331
0.610575
0.507201
0.430884
0.373709
0.330944
0.316736
0.319868
0.388951
0.710984
0.836776
0.844802
0.825363
0.764117
0.724511
0.693656
0.677153
0.669866
0.667673
0.671311
0.676601
0.685861
0.703664
0.737519
0.754931
0.762901
0.76606
0.766963
0.766684
0.762904
0.755251
0.749699
0.747359
0.746254
0.745874
0.746884
0.748752
0.752274
0.756936
0.763966
0.771981
0.780025
0.787452
0.79331
0.798754
0.80404
0.808325
0.81245
0.816855
0.822006
0.827709
0.834753
0.842924
0.84865
0.851831
0.852596
0.851528
0.847385
0.838899
0.828045
0.816051
0.804687
0.79497
0.786817
0.77992
0.774545
0.771488
0.770851
0.772195
0.779451
0.802459
0.835228
0.861489
0.878861
0.896231
0.920798
0.944188
0.957259
0.960646
0.960275
0.960115
0.960996
0.965454
0.968915
0.968517
0.963873
0.944124
0.923453
0.915478
0.914466
0.915735
0.922464
0.942206
0.961462
0.975531
0.985011
0.990978
0.994634
0.996842
0.998022
0.998482
0.998554
0.998479
0.998031
0.996416
0.991325
0.976002
0.930203
0.785588
0.588837
0.412891
0.295444
0.181452
0.600382
0.534713
0.465491
0.386636
0.344857
0.325352
0.31576
0.31109
0.307588
0.314559
0.341714
0.416818
0.477847
0.489809
0.483838
0.458273
0.438445
0.429123
0.42449
0.464646
0.578789
0.715651
0.81694
0.891656
0.941388
0.962807
0.970002
0.971799
0.968674
0.954056
0.928788
0.911426
0.902759
0.896798
0.893117
0.891281
0.89048
0.890243
0.89055
0.89107
0.891471
0.89247
0.893437
0.895043
0.897758
0.902607
0.91139
0.927929
0.949193
0.970498
0.985164
0.992653
0.996488
0.99817
0.998635
0.998413
0.995301
0.982016
0.935643
0.799891
0.680876
0.621828
0.59935
0.596029
0.614003
0.671112
0.707075
0.707017
0.690538
0.6412
0.546499
0.457863
0.398948
0.377538
0.380121
0.421478
0.693927
0.832655
0.834236
0.774236
0.722177
0.690183
0.672203
0.664884
0.662629
0.666339
0.673092
0.685925
0.714459
0.743877
0.75624
0.760386
0.761399
0.758855
0.746628
0.73166
0.725714
0.723808
0.724875
0.7289
0.730718
0.73143
0.731616
0.729859
0.727534
0.724857
0.722828
0.722529
0.725804
0.732636
0.742325
0.753024
0.765416
0.777326
0.786966
0.796549
0.807005
0.819485
0.832821
0.845699
0.855696
0.863204
0.867956
0.869941
0.870113
0.868904
0.864347
0.85569
0.843495
0.829222
0.815418
0.803884
0.794892
0.788117
0.783733
0.781977
0.782077
0.785209
0.800201
0.841346
0.875364
0.892694
0.905901
0.925979
0.947572
0.96153
0.966608
0.96674
0.965998
0.966461
0.969162
0.97315
0.973438
0.971488
0.961049
0.939866
0.929225
0.927052
0.927966
0.933055
0.948856
0.965517
0.97777
0.986354
0.992015
0.995476
0.997482
0.998605
0.999157
0.999337
0.999344
0.99924
0.998721
0.996864
0.990803
0.971801
0.915421
0.741563
0.574258
0.387468
0.604163
0.557818
0.511217
0.42608
0.373609
0.351713
0.344559
0.346051
0.353149
0.369305
0.406203
0.451866
0.472141
0.474739
0.459044
0.446553
0.442262
0.454868
0.509758
0.672361
0.796364
0.864465
0.920167
0.947488
0.9602
0.964079
0.964795
0.954429
0.929056
0.906952
0.897102
0.891396
0.888888
0.887721
0.887292
0.887218
0.88757
0.888075
0.888771
0.889467
0.890102
0.890827
0.891124
0.89115
0.891525
0.89227
0.893683
0.89801
0.907706
0.929111
0.961037
0.981305
0.991388
0.996461
0.998606
0.99916
0.999178
0.997399
0.989287
0.958486
0.852942
0.709403
0.632539
0.598945
0.58805
0.590688
0.630013
0.690743
0.698716
0.690358
0.6542
0.590189
0.542368
0.473205
0.426877
0.449354
0.68517
0.826833
0.808603
0.734191
0.69251
0.670534
0.660996
0.658293
0.660873
0.66744
0.680659
0.713379
0.742189
0.753397
0.756265
0.756679
0.747436
0.724305
0.711252
0.708287
0.709674
0.720161
0.72758
0.735869
0.74597
0.752528
0.755331
0.752167
0.744054
0.732137
0.721667
0.71429
0.710411
0.709149
0.71038
0.713887
0.720592
0.732173
0.749988
0.769143
0.7911
0.814049
0.832508
0.850225
0.865517
0.879331
0.890608
0.898101
0.90116
0.901321
0.900705
0.898329
0.891852
0.880534
0.865273
0.847996
0.831527
0.817043
0.804873
0.796033
0.791726
0.791098
0.792604
0.802108
0.839659
0.886812
0.913626
0.924174
0.936044
0.952707
0.96556
0.971371
0.97221
0.971665
0.971853
0.97353
0.977425
0.978266
0.977459
0.972744
0.958334
0.948029
0.944825
0.945031
0.947977
0.958634
0.972197
0.982144
0.989003
0.993515
0.996352
0.998026
0.998952
0.99943
0.999627
0.999663
0.999636
0.999448
0.998687
0.996066
0.987681
0.961074
0.891142
0.685517
0.613341
0.576496
0.540106
0.464014
0.399179
0.376087
0.370631
0.375128
0.388967
0.409049
0.435564
0.455067
0.461398
0.461518
0.45862
0.459371
0.485888
0.569153
0.733323
0.842845
0.901236
0.931925
0.950105
0.956913
0.95892
0.957058
0.942135
0.912776
0.898696
0.891503
0.88831
0.886767
0.886026
0.885644
0.885526
0.885626
0.886089
0.886597
0.887714
0.888761
0.890233
0.891846
0.893359
0.894037
0.894179
0.89293
0.892248
0.893055
0.895442
0.902627
0.919459
0.958386
0.980474
0.99162
0.996949
0.999037
0.999559
0.999647
0.998827
0.994387
0.974527
0.893984
0.744389
0.667744
0.627355
0.59611
0.575668
0.581133
0.64447
0.672953
0.66699
0.644876
0.588936
0.490468
0.439272
0.463089
0.686597
0.82123
0.777914
0.705158
0.673085
0.658891
0.654491
0.654821
0.661101
0.671484
0.699896
0.736401
0.74996
0.752949
0.752415
0.7394
0.709363
0.698538
0.696836
0.699887
0.707226
0.712
0.719628
0.734398
0.749264
0.764459
0.776362
0.782106
0.784728
0.780017
0.764777
0.740359
0.71792
0.709079
0.706886
0.707373
0.70926
0.71465
0.727665
0.75475
0.785258
0.813079
0.840723
0.867531
0.88775
0.905442
0.920425
0.932065
0.941658
0.945714
0.945557
0.944015
0.940262
0.932238
0.918415
0.897832
0.875617
0.85699
0.842553
0.829781
0.818234
0.810489
0.808261
0.809403
0.816669
0.848101
0.898456
0.92792
0.940873
0.95033
0.961658
0.971112
0.975775
0.97678
0.976638
0.976762
0.977981
0.981492
0.98286
0.982642
0.980599
0.972682
0.964808
0.961892
0.961652
0.962986
0.969019
0.979124
0.98671
0.991886
0.995233
0.997311
0.99855
0.999246
0.999608
0.999771
0.999813
0.999807
0.999732
0.999397
0.998206
0.994269
0.982424
0.932447
0.625677
0.612712
0.594593
0.537806
0.445497
0.406847
0.397043
0.396968
0.414571
0.427883
0.446675
0.459276
0.464515
0.469851
0.48261
0.526627
0.645481
0.790648
0.871639
0.917474
0.939914
0.950061
0.954002
0.954984
0.94977
0.931073
0.906498
0.894554
0.888848
0.885952
0.884081
0.882646
0.881366
0.880441
0.879689
0.87921
0.879051
0.879375
0.880236
0.881811
0.884102
0.887571
0.891764
0.895004
0.897861
0.899164
0.897444
0.894546
0.893892
0.896079
0.902412
0.921318
0.962136
0.982871
0.993248
0.997748
0.999394
0.99979
0.999863
0.999496
0.996796
0.980566
0.894024
0.774519
0.732382
0.711002
0.657936
0.578794
0.546384
0.562799
0.6085
0.613594
0.581873
0.486945
0.443166
0.475023
0.695064
0.809617
0.752728
0.68517
0.660042
0.650982
0.649689
0.653657
0.662094
0.679914
0.722745
0.744614
0.75
0.750655
0.740536
0.703376
0.685746
0.679895
0.673251
0.665761
0.650192
0.636546
0.632003
0.653922
0.694032
0.730331
0.764136
0.781776
0.789781
0.79226
0.790623
0.782575
0.757941
0.726263
0.711652
0.707539
0.707602
0.71006
0.719483
0.74708
0.783485
0.821653
0.860015
0.89503
0.922115
0.945269
0.961772
0.971487
0.978855
0.983444
0.984759
0.984619
0.98379
0.981781
0.977574
0.968057
0.943315
0.905656
0.872814
0.854117
0.844993
0.839058
0.834482
0.832318
0.83316
0.840971
0.871926
0.918289
0.943636
0.954081
0.962198
0.970487
0.977024
0.980235
0.981022
0.981037
0.981154
0.982118
0.985173
0.987002
0.987128
0.986457
0.983045
0.977469
0.974892
0.974399
0.974931
0.978052
0.985116
0.99064
0.994365
0.996731
0.998171
0.999017
0.999494
0.999743
0.999859
0.999895
0.999894
0.999862
0.999707
0.999138
0.997273
0.987027
0.631138
0.627651
0.627162
0.604395
0.523919
0.456987
0.434051
0.428652
0.435978
0.449427
0.463577
0.475295
0.489538
0.520648
0.59186
0.710873
0.82138
0.892615
0.926415
0.942768
0.949375
0.951332
0.951881
0.945767
0.924311
0.904163
0.892567
0.886929
0.883531
0.881375
0.879138
0.877695
0.876675
0.875942
0.875601
0.875465
0.875443
0.875689
0.876001
0.876462
0.877154
0.87839
0.881001
0.88713
0.895479
0.900538
0.902455
0.902116
0.897485
0.895296
0.897375
0.904443
0.934809
0.969334
0.987298
0.99539
0.998571
0.999647
0.999905
0.999936
0.999672
0.997067
0.97474
0.853577
0.78196
0.778086
0.781586
0.764534
0.671774
0.576386
0.557235
0.551644
0.537626
0.472478
0.444073
0.484549
0.709814
0.791758
0.730208
0.67134
0.65079
0.645559
0.646381
0.653111
0.664034
0.696903
0.733051
0.745954
0.749032
0.744549
0.714881
0.676619
0.664326
0.648241
0.612476
0.53888
0.454928
0.419802
0.410596
0.465584
0.551362
0.631697
0.704264
0.753798
0.780089
0.790361
0.791903
0.788889
0.777558
0.746323
0.719798
0.708854
0.707198
0.708364
0.716787
0.744308
0.79095
0.842236
0.886754
0.922767
0.953405
0.972265
0.982947
0.989149
0.992702
0.994876
0.996019
0.99625
0.996191
0.995918
0.995213
0.993657
0.990156
0.980763
0.948765
0.902007
0.872423
0.858917
0.854695
0.854139
0.854776
0.858416
0.877161
0.915767
0.94475
0.960314
0.966403
0.971931
0.977743
0.98213
0.984181
0.984692
0.984753
0.984877
0.985712
0.988392
0.990469
0.990959
0.990797
0.989573
0.985944
0.98364
0.983046
0.983249
0.985019
0.989766
0.993685
0.996267
0.997874
0.998831
0.99938
0.999685
0.999844
0.999918
0.999942
0.999943
0.999928
0.999852
0.999566
0.997685
0.634884
0.640929
0.665088
0.654378
0.606987
0.547839
0.515091
0.491453
0.484548
0.493325
0.508898
0.535028
0.590217
0.671241
0.766067
0.84792
0.901717
0.930743
0.9435
0.94847
0.94965
0.948982
0.942259
0.921545
0.903485
0.891687
0.885562
0.882262
0.87954
0.87757
0.876141
0.87528
0.874863
0.874673
0.874621
0.874655
0.874717
0.874917
0.875103
0.875469
0.875866
0.876351
0.877197
0.879079
0.883687
0.895712
0.903006
0.905382
0.90429
0.898079
0.896622
0.898692
0.911887
0.950634
0.978471
0.991954
0.997301
0.999207
0.999815
0.999953
0.999957
0.999634
0.995385
0.944267
0.819421
0.80266
0.814729
0.814975
0.80421
0.743146
0.613236
0.563262
0.522852
0.464972
0.447161
0.493703
0.721753
0.775246
0.710336
0.658861
0.643302
0.64127
0.643921
0.651952
0.668616
0.70903
0.736082
0.745398
0.745513
0.729519
0.682357
0.654721
0.6359
0.576351
0.444436
0.325304
0.274478
0.257586
0.266829
0.303008
0.386138
0.521583
0.628535
0.706798
0.754159
0.77793
0.785704
0.786126
0.779081
0.751116
0.721595
0.70841
0.70515
0.706463
0.716275
0.749431
0.811578
0.868035
0.914395
0.948791
0.970844
0.983538
0.990778
0.994813
0.996933
0.998007
0.998536
0.998692
0.998681
0.998599
0.998488
0.998291
0.997816
0.996479
0.992294
0.976908
0.931713
0.893179
0.875478
0.871675
0.873295
0.884225
0.901877
0.92536
0.94878
0.964995
0.973391
0.976461
0.979693
0.983486
0.986255
0.987469
0.987751
0.987818
0.987949
0.988739
0.99119
0.993209
0.993908
0.993911
0.993356
0.991099
0.989242
0.988723
0.988824
0.99001
0.993258
0.995913
0.997631
0.998681
0.999292
0.999634
0.999818
0.999912
0.999955
0.999969
0.99997
0.999962
0.999921
0.999592
0.638581
0.646438
0.688119
0.698208
0.678133
0.641259
0.61178
0.599235
0.5951
0.601119
0.629226
0.676753
0.736552
0.806574
0.864904
0.908763
0.931271
0.942415
0.946968
0.948308
0.947537
0.939875
0.919391
0.903616
0.893612
0.886554
0.882279
0.879497
0.877308
0.875736
0.87491
0.874461
0.874253
0.87412
0.87401
0.873942
0.873911
0.874032
0.874408
0.874928
0.875436
0.875904
0.876418
0.877373
0.879645
0.886548
0.900164
0.905846
0.906472
0.902851
0.897217
0.897152
0.903163
0.931676
0.967829
0.987155
0.995573
0.998644
0.999627
0.999918
0.999978
0.999956
0.999336
0.989601
0.891784
0.822767
0.826296
0.828922
0.824595
0.80845
0.749363
0.632416
0.536801
0.469273
0.454661
0.5119
0.737692
0.76201
0.691201
0.64701
0.637398
0.637649
0.641791
0.651046
0.674307
0.710465
0.73551
0.744105
0.740588
0.714435
0.666497
0.63488
0.577021
0.44178
0.307259
0.239811
0.216874
0.211477
0.220091
0.242889
0.296603
0.438385
0.578831
0.676285
0.731563
0.760684
0.772147
0.774043
0.770301
0.748586
0.718395
0.702738
0.699075
0.702687
0.720176
0.772258
0.838291
0.893079
0.935536
0.963354
0.979536
0.989125
0.994579
0.997291
0.998448
0.998891
0.999032
0.999033
0.99898
0.998793
0.998722
0.998726
0.998747
0.998706
0.998274
0.996081
0.987322
0.956313
0.916968
0.899062
0.89656
0.90072
0.920818
0.943917
0.961065
0.9733
0.980086
0.982991
0.984148
0.985525
0.987772
0.989418
0.990092
0.990233
0.990302
0.990458
0.991296
0.993605
0.995316
0.995956
0.995991
0.995616
0.994052
0.992826
0.992517
0.992609
0.993539
0.995808
0.997512
0.998593
0.999237
0.999603
0.999801
0.999904
0.999955
0.999977
0.999984
0.999985
0.99998
0.999924
0.639172
0.650765
0.696826
0.730563
0.725915
0.713618
0.707462
0.701505
0.697793
0.714712
0.743131
0.785478
0.831378
0.877797
0.911642
0.931381
0.940823
0.945045
0.946562
0.946364
0.940261
0.921989
0.906251
0.895132
0.888073
0.883466
0.879908
0.877573
0.875764
0.87466
0.874163
0.873866
0.873665
0.873496
0.873304
0.873158
0.873133
0.873223
0.873463
0.874043
0.874957
0.87572
0.876234
0.876972
0.878652
0.883773
0.897094
0.9056
0.907021
0.904481
0.897629
0.896494
0.899623
0.921585
0.961034
0.983794
0.994137
0.998131
0.999471
0.999866
0.999973
0.99999
0.999916
0.998104
0.964813
0.85104
0.832786
0.833747
0.827509
0.80936
0.77007
0.686469
0.565609
0.483156
0.471025
0.5589
0.757014
0.747941
0.669858
0.636632
0.632124
0.634771
0.63991
0.649879
0.674078
0.708948
0.733529
0.74076
0.736289
0.708749
0.645014
0.596753
0.507282
0.355982
0.248745
0.206926
0.195592
0.195604
0.202704
0.219411
0.256404
0.356746
0.525984
0.650089
0.718305
0.748662
0.757595
0.757205
0.74879
0.722062
0.698685
0.69076
0.692135
0.701102
0.732159
0.802092
0.865475
0.916306
0.950879
0.972132
0.985251
0.992897
0.996895
0.998475
0.998969
0.999074
0.999056
0.998983
0.998719
0.997896
0.997612
0.997692
0.998104
0.998734
0.998899
0.998702
0.997092
0.989873
0.965769
0.940948
0.931393
0.931277
0.937739
0.956676
0.971742
0.981101
0.986087
0.98811
0.988813
0.989214
0.989805
0.991063
0.991922
0.992211
0.992271
0.992331
0.992533
0.993525
0.995591
0.996866
0.997313
0.997322
0.996985
0.995894
0.995262
0.995147
0.995253
0.996031
0.997539
0.998579
0.999219
0.999589
0.999792
0.999899
0.999953
0.999979
0.999989
0.999992
0.999992
0.999983
0.635819
0.6509
0.67485
0.751102
0.772086
0.764897
0.76075
0.776832
0.780586
0.79155
0.824061
0.848838
0.884125
0.91184
0.929896
0.93896
0.943118
0.94466
0.944164
0.938162
0.922518
0.907249
0.897404
0.890223
0.884908
0.881778
0.879038
0.877018
0.87553
0.874489
0.873952
0.873641
0.873469
0.873335
0.873159
0.873043
0.873039
0.87309
0.873257
0.873709
0.874734
0.875649
0.876217
0.876922
0.878498
0.883237
0.896293
0.905798
0.907149
0.904861
0.897255
0.895002
0.897569
0.917761
0.958292
0.982456
0.993589
0.99793
0.999406
0.999847
0.999965
0.999993
0.99999
0.999736
0.992573
0.902701
0.840322
0.83692
0.827796
0.802628
0.761806
0.692058
0.591725
0.515909
0.516003
0.665579
0.764698
0.719143
0.647404
0.625776
0.625205
0.631165
0.637221
0.647757
0.672158
0.704675
0.729112
0.736852
0.73353
0.705288
0.633517
0.575562
0.456313
0.30881
0.226148
0.196159
0.1896
0.19057
0.196572
0.21082
0.241264
0.319908
0.492248
0.631505
0.707582
0.737147
0.742857
0.739412
0.719094
0.692722
0.68494
0.685245
0.689959
0.708254
0.761802
0.8322
0.892489
0.936007
0.964234
0.981949
0.991991
0.996713
0.998464
0.998992
0.999091
0.999032
0.998727
0.998289
0.997533
0.995282
0.993348
0.993504
0.994298
0.996658
0.998481
0.998938
0.998776
0.997189
0.989633
0.97184
0.962025
0.960348
0.962037
0.970657
0.981274
0.987701
0.990986
0.992256
0.992525
0.992494
0.992536
0.992771
0.993453
0.993847
0.993923
0.99395
0.994013
0.994296
0.995486
0.9971
0.997957
0.998209
0.998188
0.997863
0.997255
0.99702
0.997006
0.997127
0.997761
0.998657
0.999244
0.999595
0.999793
0.999899
0.999952
0.999978
0.99999
0.999995
0.999996
0.999995
0.616084
0.648801
0.658407
0.728236
0.779804
0.802563
0.805419
0.811673
0.830397
0.837731
0.86453
0.883861
0.90858
0.927396
0.93732
0.941995
0.943854
0.944246
0.941654
0.932321
0.916023
0.902483
0.894058
0.888777
0.884694
0.881891
0.879312
0.877293
0.875809
0.874712
0.874089
0.873716
0.873519
0.873396
0.873237
0.873189
0.873207
0.87328
0.873462
0.873879
0.874978
0.876085
0.876726
0.877605
0.879701
0.88638
0.901047
0.907195
0.907178
0.90331
0.894047
0.892745
0.896599
0.917731
0.958268
0.982522
0.993644
0.997946
0.999406
0.999846
0.999964
0.999993
0.999998
0.999977
0.99897
0.970264
0.860539
0.840982
0.832344
0.806431
0.766679
0.707654
0.638315
0.596615
0.629332
0.74477
0.758739
0.679999
0.627212
0.614296
0.615228
0.623752
0.631382
0.644101
0.668029
0.695774
0.720193
0.7312
0.729702
0.70729
0.639428
0.564377
0.442122
0.31188
0.231157
0.198953
0.191017
0.191326
0.195848
0.209057
0.23776
0.308228
0.478132
0.624257
0.704094
0.728622
0.730634
0.721014
0.695312
0.683883
0.682233
0.684072
0.694425
0.728814
0.802281
0.867545
0.918218
0.953561
0.97695
0.990301
0.996045
0.998313
0.999019
0.999112
0.999023
0.998639
0.99739
0.996137
0.995064
0.992571
0.988008
0.985715
0.986424
0.98974
0.99535
0.998141
0.998845
0.998657
0.996626
0.988302
0.980705
0.978752
0.979119
0.98224
0.988359
0.992349
0.994409
0.995183
0.995288
0.995037
0.994645
0.994631
0.99481
0.995169
0.99528
0.995274
0.995289
0.995376
0.995802
0.997101
0.998192
0.998693
0.998807
0.99877
0.998526
0.998308
0.998264
0.998287
0.998454
0.998945
0.999374
0.999651
0.999817
0.999909
0.999957
0.99998
0.999991
0.999996
0.999998
0.999998
0.597477
0.636449
0.650504
0.686008
0.762616
0.803998
0.82568
0.837023
0.856681
0.868658
0.885402
0.903026
0.919792
0.93303
0.939616
0.942927
0.9443
0.944245
0.941899
0.933328
0.917127
0.903395
0.894556
0.889218
0.885191
0.882476
0.880152
0.878102
0.876561
0.875357
0.874574
0.874051
0.873776
0.873605
0.873475
0.873474
0.87352
0.873663
0.873989
0.874793
0.876132
0.87701
0.877606
0.878751
0.881942
0.892985
0.905814
0.908887
0.90683
0.89718
0.89215
0.892383
0.899297
0.930497
0.968898
0.988336
0.99615
0.998841
0.999674
0.999914
0.999978
0.999995
0.999999
0.999998
0.999883
0.99474
0.909989
0.846084
0.838637
0.81573
0.782182
0.740301
0.695562
0.681108
0.722379
0.767523
0.730741
0.64749
0.611796
0.60389
0.60519
0.614412
0.623644
0.63833
0.66094
0.684314
0.708959
0.722776
0.722994
0.709493
0.653185
0.571478
0.451613
0.327594
0.246691
0.208292
0.197654
0.198469
0.204704
0.221624
0.252478
0.319187
0.483494
0.6306
0.70423
0.725704
0.724747
0.707425
0.688479
0.682299
0.682242
0.687401
0.70935
0.768071
0.837215
0.894915
0.938647
0.968792
0.986069
0.994101
0.997683
0.998944
0.999182
0.999099
0.998641
0.997613
0.995163
0.992518
0.991252
0.990159
0.987159
0.981667
0.979672
0.980674
0.98685
0.994903
0.998103
0.998748
0.998365
0.995355
0.990379
0.988681
0.98868
0.98971
0.992821
0.995263
0.99656
0.997063
0.997124
0.996892
0.996245
0.996034
0.996055
0.996228
0.996354
0.99635
0.996327
0.996356
0.996506
0.997172
0.99827
0.998922
0.999183
0.999227
0.999196
0.999098
0.999066
0.999073
0.999135
0.999364
0.999615
0.99978
0.999881
0.99994
0.999971
0.999987
0.999994
0.999997
0.999999
0.999999
0.607313
0.635524
0.64203
0.662004
0.71684
0.789209
0.824467
0.843472
0.862093
0.880544
0.894992
0.910273
0.922334
0.933168
0.939483
0.942811
0.944294
0.944353
0.942939
0.936992
0.921798
0.90713
0.896999
0.890869
0.886556
0.883656
0.881641
0.879854
0.878251
0.876743
0.875677
0.874923
0.874517
0.874201
0.874113
0.87415
0.874299
0.874634
0.875331
0.87662
0.877608
0.878077
0.878757
0.880555
0.886544
0.90281
0.910274
0.909994
0.904354
0.894714
0.89222
0.895071
0.910377
0.951359
0.980251
0.993046
0.99775
0.999318
0.999806
0.999948
0.999987
0.999997
0.999999
1
0.999989
0.999206
0.971646
0.863643
0.842534
0.827429
0.796723
0.767108
0.741623
0.738433
0.764675
0.767381
0.690324
0.624545
0.599899
0.595108
0.596512
0.605113
0.61468
0.631231
0.652514
0.672915
0.697314
0.713036
0.714987
0.708012
0.673677
0.590437
0.474437
0.358828
0.276156
0.227409
0.212357
0.213403
0.221221
0.242259
0.273746
0.340176
0.502237
0.642746
0.709079
0.725447
0.722313
0.702836
0.687643
0.683628
0.685635
0.698159
0.740472
0.807867
0.867645
0.919549
0.957676
0.979941
0.990876
0.996241
0.998588
0.999242
0.999227
0.998902
0.997705
0.996035
0.993304
0.990168
0.988119
0.987304
0.986099
0.981697
0.976805
0.976331
0.978205
0.987685
0.995763
0.998346
0.998661
0.997923
0.995232
0.993849
0.99374
0.99409
0.995532
0.997034
0.997871
0.998217
0.998266
0.998111
0.997473
0.997096
0.997047
0.997099
0.997204
0.997213
0.997167
0.997169
0.997228
0.9975
0.998329
0.99903
0.999385
0.999515
0.999538
0.999534
0.999529
0.999533
0.99956
0.999665
0.999794
0.999882
0.999936
0.999967
0.999984
0.999993
0.999997
0.999999
0.999999
1
0.681616
0.673638
0.643068
0.64241
0.670899
0.746999
0.813271
0.841492
0.860868
0.880739
0.895423
0.9103
0.921761
0.932235
0.938633
0.942248
0.944094
0.944349
0.943937
0.941439
0.932707
0.91567
0.903549
0.895107
0.889542
0.885911
0.883474
0.881536
0.879913
0.878872
0.87779
0.876909
0.876392
0.87595
0.875961
0.8761
0.876427
0.877043
0.877982
0.878605
0.878841
0.879245
0.880384
0.884391
0.897996
0.910788
0.912351
0.909857
0.900184
0.894515
0.895852
0.905762
0.938904
0.976095
0.99225
0.997554
0.999252
0.999778
0.999936
0.999982
0.999995
0.999999
1
1
0.999999
0.999899
0.994566
0.909379
0.847766
0.837166
0.81087
0.78565
0.768735
0.767058
0.775355
0.751401
0.65387
0.606083
0.590545
0.587635
0.589027
0.597124
0.605569
0.622522
0.64254
0.661664
0.68577
0.703155
0.707187
0.704437
0.686056
0.625902
0.515167
0.408453
0.321993
0.261907
0.240784
0.241887
0.251057
0.275116
0.30885
0.382823
0.540957
0.6614
0.715955
0.726791
0.721433
0.701461
0.68966
0.689343
0.695054
0.719397
0.780489
0.842131
0.898515
0.943452
0.971144
0.986485
0.994494
0.998062
0.99923
0.999402
0.999212
0.998391
0.996886
0.995063
0.992363
0.989156
0.98679
0.985707
0.984726
0.982195
0.976447
0.974227
0.974662
0.979277
0.991302
0.997103
0.998602
0.998598
0.997614
0.996573
0.996423
0.996552
0.997206
0.998118
0.998666
0.998909
0.998953
0.998862
0.998361
0.997909
0.997796
0.997805
0.997868
0.997887
0.997844
0.99782
0.997842
0.997962
0.998444
0.9991
0.999486
0.999667
0.999737
0.999758
0.999765
0.999774
0.999793
0.999845
0.999903
0.999943
0.999969
0.999984
0.999992
0.999996
0.999998
0.999999
1
1
0.700379
0.67908
0.65806
0.644085
0.652946
0.696768
0.781469
0.83218
0.856305
0.878341
0.893911
0.908779
0.91999
0.929894
0.936703
0.940944
0.943451
0.944166
0.944015
0.94319
0.939893
0.931098
0.915132
0.90413
0.89653
0.89116
0.887209
0.884559
0.882787
0.881427
0.880521
0.879826
0.879172
0.878844
0.878742
0.878796
0.878944
0.87925
0.879409
0.879539
0.879847
0.880767
0.883868
0.894467
0.911408
0.915224
0.913432
0.905009
0.89829
0.899257
0.906994
0.93301
0.974963
0.991161
0.99702
0.999035
0.999699
0.999908
0.999973
0.999992
0.999998
0.999999
1
1
1
0.999989
0.999097
0.969042
0.864302
0.842307
0.826479
0.79946
0.784084
0.77918
0.774875
0.71568
0.63461
0.597089
0.58364
0.581772
0.582898
0.590359
0.599953
0.615263
0.63167
0.649178
0.673001
0.692238
0.698874
0.69845
0.689771
0.659235
0.573823
0.466755
0.381154
0.314142
0.284591
0.28471
0.293357
0.317545
0.351299
0.424129
0.574061
0.681837
0.72425
0.72982
0.721489
0.701579
0.696909
0.698749
0.711613
0.75542
0.815632
0.873582
0.923679
0.957529
0.978522
0.990836
0.996713
0.998927
0.999492
0.99947
0.998953
0.997413
0.996484
0.994741
0.991337
0.987929
0.985542
0.984452
0.983786
0.982341
0.977425
0.97324
0.972959
0.974854
0.984862
0.994708
0.998146
0.998794
0.998612
0.998025
0.997888
0.997939
0.998242
0.998793
0.999152
0.999324
0.999361
0.999311
0.998966
0.998517
0.998364
0.998354
0.998384
0.998406
0.998377
0.998327
0.998332
0.998385
0.998632
0.999172
0.999544
0.999743
0.999835
0.999872
0.999884
0.999892
0.999908
0.999934
0.999957
0.999975
0.999986
0.999993
0.999996
0.999998
0.999999
1
1
1
0.699703
0.655967
0.64556
0.642573
0.646318
0.67036
0.726309
0.807991
0.845466
0.871776
0.889706
0.904939
0.916428
0.925639
0.932777
0.938183
0.941891
0.943433
0.943671
0.94328
0.942089
0.93873
0.930895
0.917097
0.905507
0.898402
0.893356
0.889801
0.887026
0.885052
0.883637
0.882394
0.881745
0.881165
0.880714
0.880596
0.88047
0.880486
0.880584
0.880899
0.881831
0.884673
0.893141
0.912439
0.918376
0.91703
0.909604
0.901921
0.902434
0.909498
0.932596
0.973672
0.990381
0.996656
0.998881
0.999638
0.999885
0.999964
0.999989
0.999997
0.999999
1
1
1
1
0.999999
0.999867
0.993398
0.909297
0.848772
0.836936
0.813482
0.79541
0.786927
0.772432
0.705749
0.632437
0.596249
0.581416
0.577865
0.578316
0.582813
0.594995
0.610093
0.622679
0.637047
0.658951
0.67917
0.68854
0.68958
0.68659
0.672145
0.623926
0.526225
0.448766
0.377607
0.338716
0.337079
0.344842
0.367615
0.400833
0.478248
0.618018
0.703927
0.73153
0.732393
0.720842
0.70783
0.70666
0.711539
0.734614
0.791402
0.848773
0.900768
0.94208
0.971212
0.988047
0.995309
0.998323
0.999408
0.999616
0.999499
0.998441
0.996809
0.995956
0.99433
0.990451
0.987351
0.985163
0.983858
0.983136
0.981993
0.97811
0.972852
0.971792
0.972648
0.979192
0.991489
0.997183
0.998764
0.998954
0.998808
0.998712
0.998736
0.998886
0.999221
0.999455
0.999573
0.999603
0.999577
0.99936
0.998961
0.998793
0.998769
0.998783
0.998803
0.998788
0.998723
0.998714
0.998735
0.998856
0.999243
0.999588
0.999785
0.999882
0.999924
0.999941
0.99995
0.99996
0.999972
0.999982
0.999989
0.999994
0.999997
0.999998
0.999999
1
1
1
1
0.697441
0.650873
0.638716
0.639681
0.64285
0.656809
0.698067
0.757514
0.819737
0.857879
0.881182
0.898544
0.911413
0.921057
0.928235
0.934001
0.938547
0.94134
0.94242
0.942563
0.942052
0.940819
0.937935
0.931781
0.921208
0.909219
0.901033
0.895593
0.891651
0.888877
0.88665
0.885226
0.884036
0.883147
0.882789
0.882315
0.882215
0.882327
0.882746
0.883889
0.886993
0.89512
0.914688
0.921936
0.920979
0.914738
0.904391
0.904066
0.909773
0.931753
0.972563
0.989731
0.99637
0.99877
0.999596
0.99987
0.999958
0.999987
0.999996
0.999999
1
1
1
1
1
1
0.999982
0.998738
0.965417
0.866931
0.843707
0.829758
0.807088
0.79368
0.774202
0.707572
0.635004
0.597642
0.58172
0.576117
0.575779
0.577866
0.585897
0.604733
0.617272
0.628775
0.646816
0.665618
0.676586
0.6793
0.678896
0.672699
0.651319
0.592899
0.523913
0.445289
0.400206
0.397329
0.404308
0.423173
0.452969
0.530476
0.651172
0.717248
0.735966
0.734628
0.720894
0.714777
0.71604
0.726911
0.765255
0.82226
0.876153
0.923632
0.960062
0.98189
0.992364
0.997034
0.998974
0.999624
0.999702
0.999477
0.998178
0.996559
0.995587
0.99366
0.989839
0.987022
0.985099
0.983674
0.982892
0.981691
0.978132
0.972468
0.970822
0.971236
0.975247
0.987863
0.995735
0.998503
0.999132
0.999181
0.99918
0.9992
0.999287
0.999493
0.999645
0.999725
0.999748
0.999734
0.999605
0.99928
0.999116
0.999083
0.999089
0.999104
0.999095
0.999033
0.999005
0.999012
0.999075
0.999327
0.999632
0.999813
0.999907
0.999949
0.999967
0.999976
0.999982
0.999987
0.999992
0.999995
0.999997
0.999998
0.999999
1
1
1
1
1
0.699715
0.654459
0.641009
0.638617
0.643938
0.653968
0.679852
0.723352
0.776331
0.826008
0.863861
0.887227
0.903746
0.915579
0.923991
0.930193
0.934981
0.938439
0.940421
0.941191
0.941301
0.940918
0.939979
0.937861
0.933045
0.92593
0.916087
0.906303
0.89961
0.894976
0.891732
0.889426
0.887641
0.88674
0.885701
0.885435
0.88562
0.886278
0.887894
0.8917
0.901309
0.919006
0.925798
0.925105
0.920115
0.905474
0.902894
0.906979
0.925976
0.96921
0.988397
0.995878
0.998608
0.999546
0.999854
0.999953
0.999985
0.999995
0.999998
0.999999
1
1
1
1
1
1
0.999998
0.99978
0.991393
0.910228
0.851832
0.839659
0.82316
0.806297
0.780875
0.714676
0.642746
0.602183
0.583385
0.576287
0.574574
0.575224
0.579392
0.594474
0.6113
0.623727
0.639036
0.655365
0.666504
0.670588
0.670801
0.669217
0.660543
0.638086
0.589538
0.51785
0.470371
0.462813
0.466452
0.476652
0.499996
0.577129
0.68694
0.734324
0.741963
0.737277
0.725468
0.723688
0.727423
0.746813
0.797818
0.851251
0.902206
0.945518
0.97339
0.987904
0.995067
0.998283
0.999483
0.99978
0.999764
0.999388
0.997719
0.996334
0.995346
0.993083
0.988965
0.986428
0.98507
0.983635
0.982636
0.981319
0.977692
0.971944
0.969961
0.970168
0.972842
0.984105
0.994151
0.998061
0.999149
0.999389
0.99944
0.999472
0.999544
0.99967
0.999766
0.999819
0.999835
0.999828
0.999752
0.999509
0.999355
0.999317
0.999318
0.999328
0.999323
0.99927
0.99923
0.999231
0.999263
0.999424
0.999678
0.999837
0.999922
0.999962
0.999979
0.999987
0.999991
0.999994
0.999996
0.999998
0.999999
0.999999
1
1
1
1
1
1
0.719348
0.672461
0.651584
0.646065
0.647865
0.655715
0.671979
0.701723
0.741746
0.784567
0.826296
0.863321
0.88796
0.905483
0.917237
0.925439
0.931437
0.935723
0.938513
0.939938
0.940481
0.940493
0.940201
0.939522
0.93803
0.934898
0.92991
0.923842
0.915914
0.908409
0.902414
0.897991
0.895581
0.893414
0.892526
0.892805
0.893836
0.896174
0.901019
0.912819
0.925103
0.929627
0.929011
0.924584
0.907722
0.900006
0.902418
0.917567
0.961072
0.985489
0.994864
0.998276
0.999446
0.999826
0.999946
0.999983
0.999994
0.999998
0.999999
1
1
1
1
1
1
1
1
0.999965
0.998073
0.961288
0.869967
0.845475
0.835061
0.821391
0.796186
0.731688
0.658191
0.611827
0.587799
0.577564
0.574615
0.574461
0.575985
0.582901
0.59897
0.616078
0.632606
0.648627
0.660037
0.665128
0.665953
0.665351
0.661825
0.652582
0.629654
0.584616
0.54139
0.515643
0.512104
0.515893
0.53855
0.630402
0.7149
0.742903
0.745344
0.738177
0.732015
0.732716
0.741009
0.77374
0.827438
0.881009
0.929238
0.962004
0.981822
0.992791
0.997403
0.99913
0.999724
0.999846
0.999788
0.999231
0.997269
0.996038
0.994994
0.992431
0.988097
0.985844
0.985071
0.98379
0.982278
0.98072
0.976802
0.971255
0.969156
0.969267
0.971236
0.981039
0.992324
0.997343
0.999042
0.99948
0.999592
0.999636
0.999702
0.999782
0.999842
0.999877
0.999889
0.999885
0.999841
0.999669
0.999531
0.99949
0.999489
0.999495
0.999491
0.999446
0.999401
0.999398
0.999415
0.999517
0.999722
0.999859
0.999933
0.999969
0.999985
0.999992
0.999995
0.999997
0.999998
0.999999
0.999999
1
1
1
1
1
1
1
0.73194
0.712097
0.677075
0.662286
0.659026
0.662737
0.672086
0.686562
0.710807
0.745386
0.783951
0.827231
0.860586
0.885504
0.903601
0.916281
0.925171
0.931424
0.935568
0.938
0.939242
0.939789
0.939833
0.939634
0.939213
0.93823
0.936751
0.933778
0.92978
0.925918
0.920614
0.916647
0.913248
0.910221
0.910195
0.910977
0.91319
0.918383
0.925923
0.931293
0.932723
0.932037
0.92795
0.91105
0.897095
0.89769
0.908381
0.947807
0.980117
0.992983
0.997652
0.999251
0.999769
0.99993
0.999979
0.999993
0.999998
0.999999
1
1
1
1
1
1
1
1
1
0.999995
0.999612
0.988894
0.91014
0.854734
0.842357
0.832968
0.815297
0.772499
0.689757
0.630407
0.597336
0.581464
0.57562
0.574539
0.574952
0.577608
0.585667
0.599247
0.619839
0.639434
0.653376
0.660494
0.662353
0.662169
0.660378
0.655283
0.644936
0.623392
0.579744
0.546499
0.539095
0.543909
0.579505
0.68077
0.736678
0.750793
0.749942
0.741816
0.73968
0.742507
0.757518
0.801079
0.857276
0.909948
0.948574
0.975038
0.98966
0.995885
0.998475
0.9995
0.999839
0.999888
0.999794
0.999053
0.997006
0.995861
0.994641
0.991483
0.987456
0.98567
0.985142
0.984323
0.98223
0.980079
0.975818
0.970628
0.968457
0.968504
0.970042
0.978353
0.990807
0.996849
0.998918
0.999523
0.999683
0.999741
0.999797
0.999851
0.99989
0.999913
0.999921
0.999919
0.999893
0.999776
0.999659
0.999618
0.999614
0.999616
0.999612
0.999572
0.999528
0.999522
0.999532
0.999599
0.999761
0.999877
0.999942
0.999974
0.999988
0.999994
0.999997
0.999998
0.999999
0.999999
1
1
1
1
1
1
1
1
0.754418
0.769192
0.748751
0.70097
0.683223
0.677814
0.6761
0.684414
0.693479
0.70871
0.738996
0.770026
0.820507
0.856508
0.882694
0.901399
0.914692
0.924003
0.930345
0.934472
0.936939
0.938394
0.939063
0.939286
0.939183
0.938946
0.938577
0.937645
0.936456
0.935028
0.932329
0.931047
0.928938
0.927786
0.927998
0.928856
0.930714
0.933132
0.934703
0.934653
0.933904
0.929955
0.914019
0.894311
0.892907
0.899408
0.930895
0.971823
0.989686
0.99654
0.998901
0.999663
0.9999
0.99997
0.999991
0.999997
0.999999
1
1
1
1
1
1
1
1
1
1
0.999999
0.999925
0.997187
0.958902
0.872995
0.847447
0.840347
0.829574
0.805577
0.74637
0.671848
0.617714
0.591066
0.579379
0.575567
0.575216
0.576118
0.579151
0.585666
0.597944
0.619239
0.639818
0.651931
0.656168
0.656452
0.65569
0.652513
0.644793
0.62849
0.588295
0.561745
0.559045
0.569809
0.633296
0.718114
0.750647
0.755884
0.752698
0.747995
0.748649
0.755386
0.78081
0.830909
0.884408
0.931173
0.965239
0.984501
0.993818
0.997754
0.999223
0.999756
0.999912
0.999916
0.99978
0.998831
0.996724
0.995682
0.994236
0.99043
0.987
0.98565
0.985338
0.984921
0.98263
0.97915
0.975009
0.970173
0.967905
0.967885
0.969152
0.976456
0.9893
0.996039
0.998671
0.999502
0.999729
0.999806
0.999855
0.999893
0.99992
0.999935
0.999941
0.99994
0.999924
0.999846
0.999748
0.999709
0.999703
0.999703
0.999697
0.99966
0.999621
0.999613
0.99962
0.999666
0.999794
0.999893
0.999949
0.999977
0.99999
0.999996
0.999998
0.999999
0.999999
1
1
1
1
1
1
1
1
1
0.881682
0.839529
0.879437
0.903546
0.78671
0.772864
0.75403
0.726646
0.698667
0.69867
0.70664
0.723704
0.74411
0.785593
0.830647
0.869951
0.893989
0.909767
0.92043
0.927663
0.932365
0.935416
0.937265
0.938255
0.938733
0.938778
0.938715
0.938538
0.938289
0.937995
0.937219
0.936846
0.936235
0.935982
0.936033
0.936292
0.936405
0.936305
0.93593
0.934677
0.930143
0.914467
0.89078
0.886774
0.891
0.913031
0.961563
0.985405
0.994972
0.998363
0.999492
0.999848
0.999956
0.999987
0.999996
0.999999
1
1
1
1
1
1
1
1
1
1
1
1
0.999987
0.999352
0.98744
0.914073
0.858533
0.844675
0.838478
0.825886
0.796365
0.732894
0.669027
0.616588
0.591468
0.580571
0.577001
0.576798
0.577939
0.580586
0.585694
0.5961
0.613794
0.630876
0.638594
0.639189
0.638432
0.635694
0.629423
0.614059
0.582781
0.572402
0.575597
0.604383
0.693951
0.745689
0.760068
0.760765
0.757027
0.756596
0.759605
0.772982
0.812255
0.863184
0.911131
0.951298
0.977499
0.990879
0.996514
0.998704
0.999554
0.999865
0.999942
0.999932
0.999748
0.998573
0.996508
0.995467
0.993695
0.989532
0.986738
0.985928
0.985972
0.985843
0.983403
0.977946
0.97401
0.96966
0.967424
0.96735
0.968416
0.974743
0.988004
0.995486
0.998509
0.999472
0.999757
0.999847
0.999891
0.999919
0.999938
0.999949
0.999953
0.999953
0.999944
0.999894
0.999815
0.999779
0.999771
0.99977
0.999762
0.999728
0.999693
0.999685
0.999689
0.999722
0.999822
0.999907
0.999955
0.99998
0.999991
0.999996
0.999998
0.999999
1
1
1
1
1
1
1
1
1
1
0.997239
0.990337
0.987151
0.987046
0.988161
0.99243
0.99407
0.992962
0.975218
0.867532
0.76265
0.734951
0.737188
0.745628
0.762712
0.788636
0.823744
0.85831
0.889194
0.907441
0.919054
0.926566
0.931466
0.934507
0.936381
0.937404
0.937935
0.938166
0.938181
0.938145
0.938051
0.937956
0.937816
0.937747
0.937618
0.937349
0.936808
0.935683
0.9331
0.926766
0.90885
0.884047
0.879737
0.883186
0.899889
0.949147
0.980702
0.993144
0.997697
0.999267
0.999778
0.999935
0.999981
0.999995
0.999999
1
1
1
1
1
1
1
1
1
1
1
1
1
0.999998
0.999868
0.996732
0.966724
0.883322
0.851994
0.843556
0.837355
0.823781
0.793395
0.735459
0.68115
0.633061
0.60059
0.586433
0.581055
0.579749
0.580759
0.5829
0.586706
0.595753
0.606255
0.61062
0.610768
0.609967
0.607536
0.602771
0.589895
0.581973
0.583447
0.60039
0.67343
0.738542
0.761674
0.766204
0.765317
0.765385
0.767421
0.775727
0.799504
0.846252
0.894843
0.939383
0.969862
0.986469
0.994472
0.997945
0.999291
0.999774
0.999932
0.999964
0.99994
0.999699
0.99826
0.996262
0.995179
0.992896
0.988685
0.986629
0.986511
0.986752
0.98663
0.984237
0.976592
0.972557
0.969032
0.966984
0.966883
0.96784
0.973632
0.986996
0.994888
0.99823
0.999401
0.999753
0.999865
0.99991
0.999934
0.999949
0.999957
0.99996
0.999959
0.999954
0.999924
0.999863
0.999833
0.999825
0.999822
0.999812
0.999775
0.999744
0.999737
0.999739
0.999764
0.999846
0.999919
0.99996
0.999982
0.999992
0.999997
0.999999
0.999999
1
1
1
1
1
1
1
1
1
1
0.999948
0.999747
0.999506
0.999204
0.999119
0.999167
0.999256
0.999222
0.998618
0.993908
0.976592
0.933718
0.864088
0.798876
0.775944
0.778519
0.784989
0.796068
0.81142
0.832724
0.85514
0.877456
0.896455
0.91128
0.920592
0.926541
0.930275
0.932618
0.934167
0.935064
0.935554
0.93587
0.935832
0.935485
0.934582
0.93246
0.929321
0.924298
0.913704
0.88965
0.872561
0.871702
0.875363
0.89134
0.940727
0.976921
0.991519
0.997065
0.999041
0.999703
0.999912
0.999975
0.999993
0.999998
0.999999
1
1
1
1
1
1
1
1
1
1
1
1
1
1
0.999976
0.999275
0.990544
0.936844
0.870465
0.84963
0.843161
0.837167
0.82421
0.795175
0.74945
0.703199
0.662419
0.627927
0.602942
0.591284
0.586618
0.585706
0.587125
0.591313
0.596885
0.599152
0.599297
0.5988
0.597316
0.593612
0.590732
0.592331
0.606536
0.670211
0.7352
0.76192
0.770138
0.771232
0.772496
0.775554
0.783154
0.800475
0.835728
0.876668
0.924439
0.961313
0.982659
0.992879
0.997235
0.998977
0.999641
0.999887
0.999965
0.999975
0.999941
0.999633
0.997946
0.996074
0.994904
0.992051
0.988058
0.986698
0.986719
0.98698
0.986825
0.984523
0.975159
0.970714
0.968386
0.96665
0.966532
0.967427
0.972877
0.986002
0.994253
0.99796
0.99932
0.999744
0.999871
0.999917
0.99994
0.999953
0.99996
0.999962
0.999962
0.999959
0.99994
0.999893
0.999869
0.999861
0.999856
0.999842
0.999804
0.999779
0.999773
0.999775
0.999798
0.999869
0.99993
0.999966
0.999984
0.999993
0.999997
0.999999
1
1
1
1
1
1
1
1
1
1
1
0.999999
0.999995
0.999988
0.999974
0.999955
0.999946
0.99994
0.999929
0.999887
0.999615
0.998325
0.994024
0.983608
0.959764
0.923812
0.879827
0.843816
0.822121
0.816022
0.817899
0.822069
0.827483
0.834573
0.84299
0.853044
0.865463
0.876552
0.88529
0.89379
0.90176
0.905587
0.910089
0.909984
0.908381
0.904586
0.895777
0.888947
0.876094
0.86371
0.86156
0.862859
0.869295
0.888836
0.942223
0.976409
0.990953
0.996754
0.998905
0.999651
0.999894
0.999969
0.999991
0.999998
0.999999
1
1
1
1
1
1
1
1
1
1
1
1
1
1
1
0.999996
0.999862
0.997798
0.982116
0.916429
0.865127
0.848837
0.842847
0.837734
0.82663
0.803748
0.768181
0.733329
0.700435
0.671665
0.64526
0.620844
0.606036
0.598788
0.59817
0.599843
0.600837
0.600754
0.600562
0.600552
0.601184
0.605979
0.627797
0.693037
0.741696
0.764031
0.772618
0.775007
0.778028
0.782759
0.792332
0.809433
0.834787
0.86729
0.909688
0.948501
0.975501
0.989782
0.996057
0.998556
0.99949
0.999827
0.999947
0.999982
0.999982
0.999935
0.99955
0.997624
0.995841
0.994552
0.991232
0.987711
0.986678
0.986784
0.987036
0.986859
0.984581
0.973815
0.968495
0.967516
0.966444
0.966307
0.967155
0.972567
0.98576
0.99411
0.997878
0.99928
0.999732
0.99987
0.99992
0.999943
0.999955
0.999961
0.999963
0.999963
0.99996
0.999944
0.999907
0.999886
0.999879
0.999872
0.999855
0.999824
0.999807
0.999803
0.999806
0.999827
0.99989
0.999941
0.999971
0.999987
0.999994
0.999998
0.999999
1
1
1
1
1
1
1
1
1
1
1
1
1
1
0.999999
0.999999
0.999998
0.999997
0.999995
0.999992
0.999975
0.999889
0.999534
0.998444
0.995637
0.989916
0.977941
0.967933
0.94486
0.92265
0.898504
0.879655
0.862509
0.853719
0.848027
0.847139
0.846014
0.845203
0.845252
0.845473
0.846007
0.846038
0.845508
0.844578
0.844713
0.845417
0.846619
0.847946
0.850157
0.853325
0.859566
0.873117
0.906954
0.955012
0.980429
0.992126
0.997047
0.998962
0.999656
0.999892
0.999967
0.999991
0.999997
0.999999
1
1
1
1
1
1
1
1
1
1
1
1
1
1
1
1
1
0.999978
0.999563
0.995667
0.974932
0.905752
0.863382
0.848956
0.842747
0.838775
0.830307
0.814817
0.791358
0.763255
0.739168
0.715795
0.698976
0.680035
0.658472
0.644975
0.634074
0.628313
0.628386
0.630344
0.636382
0.650285
0.683034
0.724619
0.75375
0.769307
0.775643
0.777699
0.781254
0.789618
0.801354
0.824356
0.844417
0.861669
0.895441
0.937274
0.968603
0.985891
0.994266
0.997856
0.999248
0.999746
0.999917
0.999975
0.99999
0.999986
0.999924
0.999449
0.997288
0.9956
0.994195
0.990598
0.987425
0.986657
0.986818
0.987041
0.986847
0.984585
0.972613
0.966065
0.966179
0.966297
0.966215
0.967094
0.972678
0.9856
0.99381
0.997665
0.999168
0.999692
0.999863
0.999919
0.999943
0.999956
0.999961
0.999963
0.999963
0.99996
0.999944
0.999909
0.99989
0.999883
0.999876
0.99986
0.99984
0.99983
0.99983
0.999833
0.999855
0.999911
0.999952
0.999977
0.999989
0.999995
0.999998
0.999999
1
1
1
1
1
1
1
1
1
1
1
1
1
1
1
1
1
1
1
1
0.999999
0.999994
0.99997
0.999882
0.999621
0.998983
0.997394
0.995564
0.991551
0.98599
0.980644
0.972403
0.964154
0.952174
0.939741
0.925077
0.913021
0.902649
0.891085
0.880676
0.87354
0.868362
0.862352
0.8581
0.858224
0.859652
0.863101
0.8698
0.882977
0.895095
0.918625
0.952314
0.975085
0.988199
0.994877
0.997945
0.999234
0.999732
0.999912
0.999972
0.999992
0.999998
0.999999
1
1
1
1
1
1
1
1
1
1
1
1
1
1
1
1
1
1
0.999997
0.999927
0.999121
0.99374
0.971211
0.90416
0.864906
0.850055
0.843108
0.839168
0.834284
0.82476
0.808509
0.792933
0.772588
0.756777
0.743831
0.727819
0.721365
0.714947
0.710827
0.711618
0.715059
0.722316
0.735734
0.753644
0.767938
0.776352
0.779672
0.781453
0.785089
0.794928
0.812358
0.837334
0.855053
0.866047
0.885148
0.923183
0.958394
0.981275
0.992693
0.99728
0.999018
0.999657
0.999884
0.999962
0.999989
0.999994
0.999988
0.99991
0.999333
0.996954
0.995311
0.993795
0.990087
0.987278
0.986661
0.986849
0.987012
0.986738
0.98443
0.971088
0.963566
0.964362
0.965949
0.966182
0.967165
0.973006
0.985731
0.993675
0.997518
0.999101
0.999669
0.999854
0.999917
0.999943
0.999955
0.999961
0.999962
0.999961
0.999957
0.999939
0.999907
0.999889
0.999882
0.999875
0.999862
0.999852
0.999848
0.999848
0.999854
0.999883
0.999932
0.999964
0.999983
0.999992
0.999997
0.999999
0.999999
1
1
1
1
1
1
1
1
1
1
1
1
1
1
1
1
1
1
1
1
1
1
0.999998
0.999993
0.999974
0.999922
0.999791
0.99954
0.999109
0.998219
0.997292
0.996049
0.994527
0.991733
0.989275
0.987181
0.983018
0.977829
0.97541
0.9731
0.966835
0.961548
0.960834
0.96005
0.958605
0.95913
0.960945
0.964988
0.970853
0.977919
0.9851
0.991073
0.995226
0.997699
0.998989
0.999592
0.999847
0.999946
0.999982
0.999994
0.999998
1
1
1
1
1
1
1
1
1
1
1
1
1
1
1
1
1
1
1
1
1
0.99999
0.999852
0.998735
0.992914
0.9721
0.911588
0.869642
0.852165
0.843867
0.840173
0.836827
0.830414
0.824574
0.813043
0.801334
0.790823
0.777478
0.768285
0.760162
0.75853
0.759294
0.761555
0.76598
0.772496
0.778601
0.782325
0.784174
0.786277
0.790756
0.801238
0.825771
0.846921
0.859677
0.867879
0.880045
0.909731
0.94912
0.976671
0.990608
0.996454
0.998712
0.999546
0.999845
0.999948
0.999984
0.999995
0.999996
0.999987
0.999892
0.999199
0.996591
0.994958
0.993363
0.989652
0.987224
0.986736
0.986868
0.98689
0.986444
0.983911
0.969109
0.960035
0.961889
0.965574
0.966178
0.96737
0.973671
0.986043
0.993748
0.997507
0.999072
0.999644
0.999837
0.999908
0.999939
0.999953
0.999958
0.999958
0.999955
0.999945
0.99992
0.999895
0.99988
0.999874
0.999868
0.99986
0.999856
0.999856
0.999857
0.999871
0.999913
0.999951
0.999975
0.999988
0.999994
0.999997
0.999999
0.999999
1
1
1
1
1
1
1
1
1
1
1
1
1
1
1
1
1
1
1
1
1
1
1
1
0.999999
0.999996
0.999987
0.999967
0.99993
0.999848
0.999723
0.999595
0.999419
0.999009
0.998621
0.998369
0.997936
0.996942
0.996329
0.99612
0.995794
0.994972
0.994495
0.994446
0.99453
0.99469
0.994968
0.995416
0.996105
0.997007
0.997956
0.998762
0.999331
0.999674
0.999855
0.999941
0.999978
0.999992
0.999997
0.999999
1
1
1
1
1
1
1
1
1
1
1
1
1
1
1
1
1
1
1
1
1
1
0.999999
0.99998
0.999792
0.998612
0.993467
0.976461
0.927209
0.878496
0.85561
0.846116
0.840569
0.837057
0.835203
0.831222
0.826142
0.821842
0.812925
0.80532
0.799549
0.792959
0.788077
0.786024
0.786345
0.787445
0.789503
0.79174
0.794743
0.800601
0.815133
0.838641
0.853002
0.862366
0.868275
0.87719
0.898128
0.94051
0.972782
0.988902
0.9957
0.998409
0.999432
0.999804
0.999934
0.999978
0.999993
0.999998
0.999997
0.999986
0.999869
0.999043
0.996182
0.994553
0.992876
0.989344
0.987238
0.986864
0.986834
0.986645
0.985849
0.982805
0.96675
0.955764
0.958567
0.965146
0.966274
0.96777
0.974639
0.986514
0.993809
0.997418
0.998963
0.999567
0.999796
0.999889
0.99993
0.999945
0.999947
0.999945
0.999932
0.999904
0.999876
0.999859
0.999851
0.999849
0.999852
0.999853
0.999853
0.999855
0.999867
0.999902
0.999939
0.999966
0.999982
0.999991
0.999996
0.999998
0.999999
0.999999
0.999999
1
1
1
0.999999
0.999999
0.999999
0.999999
0.999999
0.999999
0.999999
1
1
1
1
1
1
1
1
1
1
1
1
1
1
1
0.999999
0.999998
0.999996
0.999991
0.99998
0.99997
0.999955
0.999918
0.999876
0.999852
0.99982
0.99973
0.999643
0.999625
0.999626
0.999609
0.999566
0.999535
0.999529
0.999536
0.999567
0.999611
0.99967
0.999744
0.999822
0.99989
0.999939
0.999969
0.999986
0.999994
0.999998
0.999999
1
1
1
1
1
1
1
1
1
1
1
1
1
1
1
1
1
1
1
1
1
1
1
1
1
0.999998
0.999972
0.99978
0.998779
0.994896
0.982415
0.949109
0.892809
0.863297
0.84893
0.841642
0.838056
0.835579
0.833831
0.832499
0.829425
0.827375
0.824048
0.820723
0.818983
0.815402
0.812748
0.812794
0.813757
0.816324
0.821798
0.835001
0.848378
0.857224
0.864042
0.868382
0.876103
0.893382
0.935311
0.970455
0.987655
0.995115
0.998158
0.999335
0.999767
0.999921
0.999974
0.999991
0.999997
0.999999
0.999998
0.999983
0.999843
0.99886
0.995716
0.994052
0.99232
0.989116
0.987418
0.986981
0.98656
0.986016
0.984829
0.981034
0.963713
0.951071
0.954421
0.964498
0.966506
0.968359
0.975829
0.986953
0.993776
0.997252
0.998852
0.999511
0.999765
0.999865
0.999907
0.999919
0.999919
0.999914
0.9999
0.999861
0.999824
0.999805
0.999801
0.999809
0.999821
0.999826
0.999833
0.999853
0.999887
0.999924
0.999953
0.999973
0.999986
0.999993
0.999997
0.999998
0.999999
0.999999
0.999999
0.999999
0.999999
0.999999
0.999999
0.999998
0.999998
0.999998
0.999997
0.999997
0.999998
1
1
1
1
1
1
1
1
1
1
1
1
1
1
1
1
1
1
1
0.999999
0.999998
0.999997
0.999995
0.999992
0.999991
0.999989
0.999984
0.999978
0.999978
0.99998
0.999981
0.999981
0.999979
0.999977
0.999976
0.999977
0.99998
0.999983
0.999987
0.99999
0.999994
0.999997
0.999998
0.999999
1
1
1
1
1
1
1
1
1
1
1
1
1
1
1
1
1
1
1
1
1
1
1
1
1
1
1
1
1
0.999997
0.999972
0.999816
0.999108
0.99653
0.988532
0.969422
0.920079
0.877089
0.854819
0.844129
0.838444
0.83543
0.833786
0.832749
0.832216
0.831678
0.831554
0.831984
0.832594
0.8332
0.834398
0.836109
0.839479
0.846285
0.853308
0.85975
0.864427
0.868353
0.876519
0.894162
0.937786
0.971491
0.987733
0.995017
0.998076
0.999289
0.999747
0.999913
0.999971
0.99999
0.999997
0.999999
0.999999
0.999998
0.99998
0.999812
0.998647
0.995172
0.993428
0.991702
0.988952
0.987643
0.987019
0.98578
0.984842
0.983415
0.978694
0.959753
0.94594
0.949389
0.963384
0.966857
0.969158
0.977103
0.987475
0.99384
0.997221
0.998799
0.999454
0.999701
0.9998
0.999863
0.999887
0.999887
0.999881
0.999855
0.999786
0.999728
0.9997
0.999698
0.999722
0.999763
0.999786
0.999814
0.999852
0.999894
0.999931
0.999959
0.999977
0.999988
0.999994
0.999997
0.999998
0.999998
0.999998
0.999998
0.999998
0.999998
0.999998
0.999998
0.999997
0.999996
0.999995
0.999994
0.999994
0.999994
1
1
1
1
1
1
1
1
1
1
1
1
1
1
1
1
1
1
1
1
1
1
1
1
1
1
0.999999
0.999999
0.999999
0.999999
0.999999
0.999999
0.999999
0.999999
0.999999
0.999999
0.999999
1
1
1
1
1
1
1
1
1
1
1
1
1
1
1
1
1
1
1
1
1
1
1
1
1
1
1
1
1
1
1
1
1
1
1
1
1
0.999997
0.999978
0.999874
0.99944
0.997924
0.993514
0.981927
0.954693
0.901936
0.868082
0.849531
0.840149
0.83555
0.833198
0.832149
0.831801
0.831819
0.83225
0.834061
0.836714
0.839858
0.843966
0.848649
0.85431
0.860168
0.863944
0.868818
0.879221
0.902053
0.947328
0.975351
0.989199
0.995518
0.998227
0.999327
0.999754
0.999913
0.99997
0.99999
0.999996
0.999999
0.999999
0.999999
0.999998
0.999977
0.999775
0.998401
0.994516
0.992626
0.990936
0.988792
0.987725
0.986676
0.98392
0.982911
0.981802
0.976128
0.955278
0.941112
0.943862
0.961454
0.967245
0.9699
0.978089
0.98789
0.993901
0.997142
0.998655
0.999267
0.999517
0.99968
0.999784
0.999817
0.999816
0.999807
0.999757
0.999614
0.999493
0.999451
0.99947
0.999581
0.999671
0.999732
0.999788
0.999844
0.999893
0.999931
0.999959
0.999977
0.999988
0.999994
0.999996
0.999997
0.999998
0.999997
0.999997
0.999997
0.999996
0.999996
0.999995
0.999994
0.999991
0.999989
0.999988
0.999987
0.999987
1
1
1
1
1
1
1
1
1
1
1
1
1
1
1
1
1
1
1
1
1
1
1
1
1
1
1
1
1
1
1
1
1
1
1
1
1
1
1
1
1
1
1
1
1
1
1
1
1
1
1
1
1
1
1
1
1
1
1
1
1
1
1
1
1
1
1
1
1
1
1
1
1
1
1
0.999998
0.999985
0.999923
0.99968
0.998868
0.996517
0.990274
0.976308
0.941558
0.892463
0.862687
0.846215
0.837725
0.83376
0.832224
0.831887
0.831981
0.832723
0.835194
0.839121
0.845775
0.852766
0.857817
0.863981
0.872746
0.886866
0.921635
0.9599
0.980935
0.99146
0.996365
0.99852
0.999421
0.999782
0.99992
0.999972
0.99999
0.999996
0.999998
0.999999
0.999999
0.999999
0.999997
0.999972
0.999734
0.99812
0.993734
0.991573
0.990118
0.988522
0.987701
0.985516
0.980683
0.980573
0.980261
0.973459
0.95054
0.937204
0.938706
0.957697
0.967785
0.971066
0.979229
0.988087
0.993731
0.996767
0.998258
0.998975
0.999367
0.999602
0.999716
0.999735
0.999726
0.999683
0.999508
0.999213
0.999085
0.99908
0.999194
0.999421
0.999571
0.999677
0.99976
0.99983
0.999887
0.999929
0.999958
0.999976
0.999987
0.999993
0.999995
0.999996
0.999996
0.999996
0.999994
0.999994
0.999993
0.999992
0.99999
0.999986
0.999981
0.999976
0.999972
0.999971
0.999969
1
1
1
1
1
1
1
1
1
1
1
1
1
1
1
1
1
1
1
1
1
1
1
1
1
1
1
1
1
1
1
1
1
1
1
1
1
1
1
1
1
1
1
1
1
1
1
1
1
1
1
1
1
1
1
1
1
1
1
1
1
1
1
1
1
1
1
1
1
1
1
1
1
1
1
1
0.999999
0.999991
0.99996
0.99984
0.999452
0.998331
0.995469
0.98842
0.974135
0.941498
0.89883
0.869326
0.852103
0.84249
0.838287
0.837534
0.837856
0.839445
0.843406
0.850457
0.862214
0.873167
0.886252
0.914591
0.950619
0.97393
0.987178
0.994061
0.997388
0.998901
0.999555
0.999827
0.999934
0.999976
0.999991
0.999997
0.999998
0.999999
0.999999
0.999999
0.999999
0.999996
0.999967
0.999684
0.997775
0.992757
0.990225
0.989053
0.988119
0.987151
0.982624
0.976616
0.978509
0.979022
0.970107
0.945319
0.933561
0.934669
0.952888
0.96823
0.971925
0.980077
0.988221
0.993469
0.99646
0.998037
0.998829
0.999254
0.999499
0.999587
0.999582
0.999534
0.99938
0.998998
0.998705
0.998607
0.998632
0.998879
0.999242
0.999465
0.99961
0.999718
0.999803
0.99987
0.999918
0.999951
0.999972
0.999984
0.99999
0.999992
0.999993
0.999993
0.999992
0.999989
0.999988
0.999987
0.999985
0.999981
0.999971
0.999959
0.999947
0.999938
0.999935
0.999928
1
1
1
1
1
1
1
1
1
1
1
1
1
1
1
1
1
1
1
1
1
1
1
1
1
1
1
1
1
1
1
1
1
1
1
1
1
1
1
1
1
1
1
1
1
1
1
1
1
1
1
1
1
1
1
1
1
1
1
1
1
1
1
1
1
1
1
1
1
1
1
1
1
1
1
1
1
0.999999
0.999996
0.999983
0.999936
0.999786
0.999365
0.998276
0.995744
0.990147
0.979071
0.956696
0.931951
0.909362
0.891367
0.883375
0.882966
0.884498
0.88946
0.899131
0.916102
0.94024
0.961707
0.977374
0.987592
0.993639
0.996929
0.998594
0.999385
0.999742
0.999896
0.999959
0.999984
0.999994
0.999997
0.999998
0.999999
0.999999
0.999999
0.999999
0.999998
0.999995
0.999959
0.999624
0.997348
0.991459
0.988478
0.987582
0.987277
0.985934
0.976441
0.970447
0.976862
0.978405
0.965549
0.940026
0.93003
0.930788
0.947987
0.967895
0.973131
0.980581
0.988237
0.993307
0.996253
0.997823
0.998603
0.998992
0.999179
0.999215
0.999195
0.99915
0.998981
0.998442
0.998083
0.998002
0.998083
0.998558
0.999064
0.999355
0.999537
0.999665
0.999763
0.999839
0.999895
0.999935
0.999961
0.999976
0.999984
0.999986
0.999987
0.999986
0.999983
0.99998
0.999978
0.999976
0.999973
0.999965
0.999944
0.999913
0.999884
0.999861
0.999854
0.999834
1
1
1
1
1
1
1
1
1
1
1
1
1
1
1
1
1
1
1
1
1
1
1
1
1
1
1
1
1
1
1
1
1
1
1
1
1
1
1
1
1
1
1
1
1
1
1
1
1
1
1
1
1
1
1
1
1
1
1
1
1
1
1
1
1
1
1
1
1
1
1
1
1
1
1
1
1
1
1
0.999999
0.999995
0.99998
0.999936
0.999814
0.999508
0.998799
0.997228
0.99321
0.98778
0.979674
0.970369
0.965922
0.965765
0.966805
0.969739
0.975801
0.982446
0.988341
0.992857
0.995935
0.997836
0.998915
0.999485
0.999766
0.999898
0.999957
0.999983
0.999993
0.999997
0.999998
0.999998
0.999998
0.999998
0.999998
0.999997
0.999997
0.999996
0.999991
0.999949
0.99955
0.996803
0.989601
0.986072
0.985662
0.985559
0.983137
0.965212
0.960941
0.976159
0.978137
0.960209
0.935664
0.928283
0.928473
0.938433
0.966007
0.974192
0.980975
0.987911
0.992826
0.995711
0.997212
0.997816
0.998095
0.998528
0.998835
0.998871
0.998797
0.998353
0.99769
0.997425
0.997417
0.997669
0.998413
0.998955
0.99927
0.999457
0.999585
0.999689
0.999776
0.999848
0.999903
0.999941
0.999962
0.999972
0.999975
0.999975
0.999972
0.999963
0.999958
0.999956
0.999953
0.999949
0.999938
0.999905
0.999828
0.999752
0.999689
0.999671
0.99962
1
1
1
1
1
1
1
1
1
1
1
1
1
1
1
1
1
1
1
1
1
1
1
1
1
1
1
1
1
1
1
1
1
1
1
1
1
1
1
1
1
1
1
1
1
1
1
1
1
1
1
1
1
1
1
1
1
1
1
1
1
1
1
1
1
1
1
1
1
1
1
1
1
1
1
1
1
1
1
1
1
0.999999
0.999996
0.999986
0.999961
0.999899
0.999746
0.999317
0.998795
0.997638
0.995715
0.994997
0.995063
0.995361
0.996097
0.997106
0.998022
0.998746
0.999258
0.999587
0.999784
0.999892
0.999949
0.999977
0.99999
0.999996
0.999998
0.999998
0.999998
0.999998
0.999996
0.999995
0.999995
0.999994
0.999993
0.999992
0.999991
0.999985
0.999935
0.999461
0.99612
0.986941
0.982865
0.982962
0.982966
0.976618
0.945157
0.949916
0.9772
0.978008
0.956369
0.933445
0.927431
0.926838
0.933621
0.963101
0.974593
0.981576
0.987264
0.991451
0.994088
0.995477
0.996277
0.997202
0.998091
0.99845
0.998451
0.99827
0.997619
0.997088
0.996938
0.996998
0.997537
0.998421
0.998919
0.999148
0.999272
0.999384
0.999511
0.999646
0.999767
0.999858
0.999914
0.999944
0.999956
0.999958
0.999956
0.999945
0.999924
0.999912
0.999907
0.999903
0.999898
0.999883
0.999839
0.999696
0.999505
0.999338
0.999286
0.999156
1
1
1
1
1
1
1
1
1
1
1
1
1
1
1
1
1
1
1
1
1
1
1
1
1
1
1
1
1
1
1
1
1
1
1
1
1
1
1
1
1
1
1
1
1
1
1
1
1
1
1
1
1
1
1
1
1
1
1
1
1
1
1
1
1
1
1
1
1
1
1
1
1
1
1
1
1
1
1
1
1
1
1
0.999999
0.999998
0.999995
0.999985
0.999958
0.999925
0.999834
0.999675
0.999652
0.999665
0.999694
0.99976
0.999831
0.999888
0.999931
0.999959
0.999977
0.999988
0.999994
0.999997
0.999999
0.999999
0.999999
0.999999
0.999998
0.999994
0.999986
0.999981
0.99998
0.99998
0.999981
0.999981
0.999981
0.99998
0.999973
0.999915
0.999346
0.995211
0.983184
0.978086
0.979046
0.978883
0.96187
0.912254
0.945913
0.979717
0.97766
0.954622
0.93254
0.927134
0.925777
0.930664
0.956558
0.974616
0.981967
0.987095
0.990468
0.992744
0.994242
0.99556
0.996928
0.997838
0.998086
0.998066
0.997848
0.99709
0.996543
0.996438
0.99666
0.997619
0.998476
0.998876
0.999015
0.999055
0.999102
0.999235
0.999493
0.999694
0.999823
0.999893
0.999925
0.999935
0.999935
0.999929
0.999898
0.999852
0.999823
0.999809
0.999804
0.999795
0.999774
0.999709
0.999484
0.999065
0.998668
0.998534
0.998211
1
1
1
1
1
1
1
1
1
1
1
1
1
1
1
1
1
1
1
1
1
1
1
1
1
1
1
1
1
1
1
1
1
1
1
1
1
1
1
1
1
1
1
1
1
1
1
1
1
1
1
1
1
1
1
1
1
1
1
1
1
1
1
1
1
1
1
1
1
1
1
1
1
1
1
1
1
1
1
1
1
1
1
1
1
1
0.999999
0.999999
0.999997
0.999992
0.999989
0.999989
0.99999
0.999991
0.999993
0.999995
0.999997
0.999998
0.999999
0.999999
1
1
1
1
0.999999
0.999998
0.999994
0.999981
0.999942
0.999913
0.999912
0.999916
0.999929
0.999943
0.999952
0.999955
0.999955
0.999949
0.999882
0.999198
0.993944
0.977862
0.971154
0.972968
0.971677
0.92853
0.865866
0.947243
0.980158
0.977113
0.954622
0.933173
0.927623
0.92652
0.928889
0.947176
0.973653
0.98195
0.986822
0.990024
0.992187
0.993813
0.995395
0.996856
0.997651
0.997786
0.997704
0.9972
0.996082
0.99568
0.995814
0.996751
0.99794
0.998521
0.998718
0.998741
0.998743
0.998791
0.999057
0.999436
0.999674
0.999808
0.999874
0.999899
0.999904
0.999901
0.999882
0.999805
0.999692
0.999611
0.99957
0.999555
0.999541
0.999506
0.999403
0.999051
0.998242
0.997385
0.997076
0.996322
1
1
1
1
1
1
1
1
1
1
1
1
1
1
1
1
1
1
1
1
1
1
1
1
1
1
1
1
1
1
1
1
1
1
1
1
1
1
1
1
1
1
1
1
1
1
1
1
1
1
1
1
1
1
1
1
1
1
1
1
1
1
1
1
1
1
1
1
1
1
1
1
1
1
1
1
1
1
1
1
1
1
1
1
1
1
1
1
1
1
1
1
1
1
1
1
1
1
1
1
1
1
1
0.999999
0.999994
0.999977
0.999933
0.999803
0.999535
0.999509
0.999545
0.999637
0.999745
0.999819
0.999869
0.999896
0.999901
0.999896
0.999824
0.999048
0.992864
0.970444
0.960661
0.962795
0.958267
0.863829
0.809959
0.95187
0.978158
0.978012
0.960961
0.937087
0.929971
0.928385
0.929397
0.941411
0.967382
0.980705
0.986013
0.989347
0.991629
0.993414
0.995194
0.996674
0.997236
0.997211
0.996803
0.995366
0.994669
0.994838
0.995959
0.997374
0.998088
0.998311
0.998293
0.998235
0.998262
0.998529
0.999087
0.999465
0.999684
0.999795
0.99984
0.999852
0.999851
0.999836
0.999774
0.999572
0.99928
0.999043
0.998903
0.99885
0.998822
0.998752
0.99855
0.997878
0.996388
0.994734
0.994099
0.992445
1
1
1
1
1
1
1
1
1
1
1
1
1
1
1
1
1
1
1
1
1
1
1
1
1
1
1
1
1
1
1
1
1
1
1
1
1
1
1
1
1
1
1
1
1
1
1
1
1
1
1
1
1
1
1
1
1
1
1
1
1
1
1
1
1
1
1
1
1
1
1
1
1
1
1
1
1
1
1
1
1
1
1
1
1
1
1
1
1
1
1
1
1
1
1
1
1
1
1
1
1
0.999999
0.999996
0.999983
0.999932
0.999757
0.999401
0.998353
0.997331
0.997377
0.997685
0.998377
0.998974
0.999343
0.999562
0.9997
0.99976
0.999765
0.999704
0.998951
0.992778
0.965452
0.946778
0.947341
0.938065
0.792299
0.766028
0.939868
0.974647
0.978336
0.971633
0.944621
0.93376
0.931413
0.931539
0.940205
0.956447
0.975341
0.983741
0.987809
0.990414
0.992472
0.994625
0.996106
0.996257
0.9958
0.994202
0.993438
0.993753
0.995146
0.996791
0.99761
0.997851
0.997775
0.997625
0.997638
0.997931
0.998679
0.999231
0.99955
0.999702
0.999754
0.999761
0.999754
0.99972
0.999624
0.999371
0.998783
0.998046
0.997394
0.996971
0.996784
0.996677
0.996478
0.995951
0.994323
0.991667
0.988852
0.987659
0.984295
1
1
1
1
1
1
1
1
1
1
1
1
1
1
1
1
1
1
1
1
1
1
1
1
1
1
1
1
1
1
1
1
1
1
1
1
1
1
1
1
1
1
1
1
1
1
1
1
1
1
1
1
1
1
1
1
1
1
1
1
1
1
1
1
1
1
1
1
1
1
1
1
1
1
1
1
1
1
1
1
1
1
1
1
1
1
1
1
1
1
1
1
1
1
1
1
1
1
1
0.999999
0.999997
0.999988
0.99996
0.999854
0.999465
0.998117
0.996383
0.992199
0.989776
0.990102
0.991629
0.994698
0.996951
0.998222
0.998893
0.999285
0.999483
0.999529
0.999491
0.998881
0.993815
0.967396
0.938859
0.931448
0.917382
0.77677
0.709845
0.911438
0.965055
0.97647
0.976334
0.959473
0.939834
0.935443
0.934877
0.94051
0.952896
0.965412
0.976853
0.983102
0.986725
0.989496
0.992985
0.994388
0.99382
0.992555
0.992098
0.992661
0.994334
0.996205
0.997109
0.997362
0.997222
0.996981
0.996989
0.997344
0.998293
0.999024
0.999432
0.999603
0.999637
0.99962
0.999503
0.999264
0.998979
0.998454
0.997445
0.995943
0.994205
0.992728
0.991785
0.991357
0.991038
0.990413
0.988691
0.98462
0.980531
0.976477
0.974534
0.968653
1
1
1
1
1
1
1
1
1
1
1
1
1
1
1
1
1
1
1
1
1
1
1
1
1
1
1
1
1
1
1
1
1
1
1
1
1
1
1
1
1
1
1
1
1
1
1
1
1
1
1
1
1
1
1
1
1
1
1
1
1
1
1
1
1
1
1
1
1
1
1
1
1
1
1
1
1
1
1
1
1
1
1
1
1
1
1
1
1
1
1
1
1
1
1
1
1
0.999999
0.999997
0.999989
0.999965
0.9999
0.999699
0.999035
0.996897
0.991192
0.985542
0.980993
0.978776
0.979014
0.980631
0.98575
0.99239
0.995974
0.997655
0.998523
0.998995
0.999185
0.999181
0.998739
0.995062
0.974684
0.939962
0.92596
0.906111
0.7817
0.648545
0.845077
0.938216
0.9691
0.977437
0.973393
0.949852
0.941242
0.939524
0.941989
0.953114
0.962342
0.971659
0.97831
0.983032
0.986809
0.99025
0.991007
0.990702
0.990753
0.991657
0.99357
0.995657
0.996591
0.996829
0.996615
0.996356
0.996399
0.996896
0.998036
0.99887
0.999299
0.999426
0.999419
0.999293
0.998782
0.997523
0.996204
0.994699
0.992673
0.989825
0.986397
0.983007
0.980477
0.979013
0.978283
0.977321
0.975184
0.969076
0.962965
0.957324
0.952302
0.949648
0.943088
1
1
1
1
1
1
1
1
1
1
1
1
1
1
1
1
1
1
1
1
1
1
1
1
1
1
1
1
1
1
1
1
1
1
1
1
1
1
1
1
1
1
1
1
1
1
1
1
1
1
1
1
1
1
1
1
1
1
1
1
1
1
1
1
1
1
1
1
1
1
1
1
1
1
1
1
1
1
1
1
1
1
1
1
1
1
1
1
1
1
1
1
1
1
1
0.999999
0.999996
0.999987
0.999962
0.999891
0.999714
0.999294
0.998175
0.995122
0.986363
0.982527
0.980066
0.977062
0.975419
0.975471
0.976421
0.979452
0.986913
0.992526
0.995458
0.996973
0.997877
0.998393
0.998518
0.998312
0.996382
0.986921
0.955328
0.929679
0.906128
0.814609
0.633746
0.706902
0.870807
0.942185
0.973175
0.97837
0.968205
0.949906
0.9461
0.945902
0.95438
0.962693
0.971286
0.977741
0.982536
0.986331
0.988507
0.989109
0.989649
0.99071
0.992879
0.99515
0.996068
0.996265
0.996022
0.995854
0.995974
0.996685
0.997882
0.99866
0.998977
0.998994
0.998841
0.998159
0.996041
0.991572
0.98684
0.982053
0.977182
0.972052
0.966369
0.96077
0.956338
0.953757
0.952381
0.950863
0.947437
0.940084
0.930676
0.923778
0.92234
0.922478
0.924956
0.924012
1
1
1
1
1
1
1
1
1
1
1
1
1
1
1
1
1
1
1
1
1
1
1
1
1
1
1
1
1
1
1
1
1
1
1
1
1
1
1
1
1
1
1
1
1
1
1
1
1
1
1
1
1
1
1
1
1
1
1
1
1
1
1
1
1
1
1
1
1
1
1
1
1
1
1
1
1
1
1
1
1
1
1
1
1
1
1
1
1
1
1
1
1
0.999998
0.999995
0.999983
0.999949
0.999866
0.999654
0.999142
0.998084
0.995888
0.990963
0.981701
0.981054
0.981002
0.979198
0.975886
0.974623
0.974414
0.974856
0.976629
0.98189
0.988024
0.99222
0.994953
0.996705
0.997722
0.998059
0.997992
0.997205
0.994234
0.984665
0.952112
0.919839
0.857325
0.659586
0.596665
0.713444
0.86008
0.952091
0.978616
0.979534
0.962931
0.955899
0.954101
0.956884
0.965294
0.972042
0.978659
0.98285
0.986403
0.988077
0.98882
0.989931
0.992361
0.994726
0.995592
0.99576
0.995588
0.995533
0.99574
0.996588
0.997545
0.998021
0.998101
0.997896
0.996872
0.993942
0.985992
0.97271
0.960425
0.949587
0.939084
0.929979
0.923686
0.91843
0.91401
0.912019
0.911099
0.909078
0.904415
0.902131
0.902043
0.903126
0.905455
0.910543
0.913413
0.91992
0.918023
1
1
1
1
1
1
1
1
1
1
1
1
1
1
1
1
1
1
1
1
1
1
1
1
1
1
1
1
1
1
1
1
1
1
1
1
1
1
1
1
1
1
1
1
1
1
1
1
1
1
1
1
1
1
1
1
1
1
1
1
1
1
1
1
1
1
1
1
1
1
1
1
1
1
1
1
1
1
1
1
1
1
1
1
1
1
1
1
1
1
0.999999
0.999998
0.999993
0.999972
0.999923
0.999803
0.99948
0.998877
0.997567
0.994413
0.989484
0.979172
0.9756
0.97641
0.982051
0.982924
0.979118
0.975571
0.974686
0.974419
0.974814
0.976307
0.980558
0.985887
0.990258
0.993236
0.995333
0.996765
0.997418
0.997494
0.997209
0.996158
0.993217
0.981419
0.942597
0.892893
0.747189
0.584149
0.562165
0.6628
0.882085
0.969713
0.982787
0.979458
0.967619
0.964594
0.964221
0.970911
0.974974
0.981118
0.983754
0.986852
0.988271
0.989591
0.992297
0.994491
0.995246
0.995433
0.995326
0.995257
0.995383
0.995928
0.996322
0.996327
0.995861
0.993858
0.988357
0.975588
0.957037
0.931473
0.903983
0.883834
0.873617
0.869312
0.867385
0.867333
0.868306
0.871536
0.875601
0.878713
0.880107
0.881996
0.885215
0.890192
0.898145
0.904683
0.907786
0.911244
0.909581
0.879451
1
1
1
1
1
1
1
1
1
1
1
1
1
1
1
1
1
1
1
1
1
1
1
1
1
1
1
1
1
1
1
1
1
1
1
1
1
1
1
1
1
1
1
1
1
1
1
1
1
1
1
1
1
1
1
1
1
1
1
1
1
1
1
1
1
1
1
1
1
1
1
1
1
1
1
1
1
1
1
1
1
1
1
1
1
1
0.999999
0.999998
0.999996
0.99999
0.999981
0.999959
0.999883
0.99958
0.999138
0.99823
0.99586
0.99263
0.986606
0.970566
0.964648
0.964614
0.972371
0.980684
0.983234
0.983789
0.980136
0.976657
0.975599
0.974925
0.97526
0.976946
0.981268
0.986081
0.989404
0.992008
0.994282
0.995993
0.99681
0.99695
0.996815
0.996182
0.994483
0.989015
0.963009
0.918264
0.837318
0.649146
0.541484
0.519109
0.700875
0.932325
0.981502
0.986021
0.98117
0.976118
0.975131
0.977324
0.981213
0.983595
0.98583
0.988574
0.990174
0.992803
0.994383
0.994924
0.99505
0.994855
0.99458
0.994405
0.994033
0.992921
0.990407
0.985155
0.972906
0.944302
0.9137
0.895216
0.87232
0.838119
0.809142
0.797798
0.797678
0.80048
0.810067
0.827151
0.84431
0.8589
0.864927
0.866122
0.866755
0.867816
0.871779
0.874283
0.871903
0.866247
0.84792
0.835003
0.800768
0.620572
1
1
1
1
1
1
1
1
1
1
1
1
1
1
1
1
1
1
1
1
1
1
1
1
1
1
1
1
1
1
1
1
1
1
1
1
1
1
1
1
1
1
1
1
1
1
1
1
1
1
1
1
1
1
1
1
1
1
1
1
1
1
1
1
1
1
1
1
1
1
1
1
1
1
1
1
1
1
1
1
1
1
1
0.999999
0.999997
0.99999
0.999972
0.999944
0.99988
0.999781
0.999683
0.999457
0.998587
0.995309
0.992804
0.98825
0.97516
0.96329
0.934083
0.93662
0.958989
0.970594
0.977967
0.981537
0.98317
0.984499
0.984425
0.979926
0.977668
0.97685
0.977046
0.979253
0.983286
0.986852
0.989724
0.99226
0.994363
0.99556
0.995967
0.996001
0.99584
0.99517
0.993561
0.989893
0.976593
0.922721
0.868433
0.760496
0.610622
0.505452
0.503952
0.82888
0.962412
0.986632
0.988963
0.987011
0.98616
0.986394
0.988351
0.989095
0.990846
0.992348
0.993236
0.994017
0.994357
0.994202
0.993293
0.991763
0.988876
0.983284
0.972374
0.95257
0.923535
0.892975
0.871773
0.861113
0.850625
0.827948
0.766883
0.671112
0.636464
0.637893
0.651249
0.701474
0.785924
0.822574
0.824734
0.813977
0.765798
0.701718
0.665587
0.650825
0.63161
0.584841
0.504067
0.456748
0.419161
0.347721
0.242866
0.076508
1
1
1
1
1
1
1
1
1
1
1
1
1
1
1
1
1
1
1
1
1
1
1
1
1
1
1
1
1
1
1
1
1
1
1
1
1
1
1
1
1
1
1
1
1
1
1
1
1
1
1
1
1
1
1
1
1
1
1
1
1
1
1
1
1
1
1
1
1
1
1
1
1
1
1
1
1
1
1
1
1
0.999999
0.999989
0.999952
0.999843
0.999517
0.999146
0.99862
0.997631
0.997066
0.996491
0.994847
0.985641
0.961499
0.958072
0.941813
0.891844
0.887962
0.899482
0.931861
0.958947
0.971787
0.977612
0.979532
0.981569
0.984453
0.985544
0.984967
0.982234
0.981054
0.981377
0.983683
0.986307
0.988807
0.991303
0.993225
0.994313
0.994707
0.994744
0.994598
0.993903
0.991778
0.990079
0.98723
0.979226
0.947459
0.849887
0.767222
0.673851
0.553722
0.459729
0.618588
0.897185
0.969929
0.988052
0.990651
0.990674
0.990727
0.991257
0.991484
0.991934
0.992197
0.991932
0.990553
0.987485
0.98133
0.970042
0.951793
0.925988
0.897678
0.872554
0.856784
0.850293
0.844751
0.832506
0.802087
0.730611
0.518462
0.308219
0.254887
0.278365
0.424538
0.545965
0.560143
0.507767
0.318159
0.173097
0.094214
0.0510728
0.0272283
0.013867
0.00651867
0.00278935
0.00134921
0.000919783
0.000615955
0.000389669
0.000240398
0.000132356
-0.00401881
1
1
1
1
1
1
1
1
1
1
1
1
1
1
1
1
1
1
1
1
1
1
1
1
1
1
1
1
1
1
1
1
1
1
1
1
1
1
1
1
1
1
1
1
1
1
1
1
1
1
1
1
1
1
1
1
1
1
1
1
1
1
1
1
1
1
1
1
1
1
1
1
1
1
1
1
1
1
1
0.999999
0.999985
0.999849
0.999066
0.997141
0.993124
0.987466
0.98367
0.977855
0.974161
0.973981
0.973786
0.959855
0.883107
0.863457
0.879871
0.880177
0.871194
0.870263
0.876116
0.901186
0.942162
0.962939
0.969844
0.97232
0.976942
0.982621
0.985693
0.986902
0.987564
0.988018
0.988214
0.989232
0.990363
0.991509
0.992433
0.993042
0.993121
0.992899
0.992416
0.990896
0.982153
0.972481
0.970504
0.967476
0.957997
0.923748
0.810234
0.687793
0.618802
0.564317
0.457166
0.468615
0.739613
0.889763
0.952598
0.976808
0.982738
0.983497
0.983494
0.981026
0.977964
0.971907
0.962901
0.948644
0.930663
0.907577
0.881807
0.859179
0.843304
0.834087
0.8293
0.815555
0.780116
0.665512
0.379076
0.171752
0.0689147
0.0256762
0.00928445
0.00329102
0.00117558
0.000535269
0.000349773
0.000216543
0.000125188
6.74832e-05
3.45763e-05
1.72064e-05
8.44448e-06
4.11e-06
1.97562e-06
9.36674e-07
4.47644e-07
2.28475e-07
1.2619e-07
7.28578e-08
4.14522e-08
2.33394e-08
1.18498e-08
-7.14333e-07
1
1
1
1
1
1
1
1
1
1
1
1
1
1
1
1
1
1
1
1
1
1
1
1
1
1
1
1
1
1
1
1
1
1
1
1
1
1
1
1
1
1
1
1
1
1
1
1
1
1
1
1
1
1
1
1
1
1
1
1
1
1
1
1
1
1
1
1
1
1
1
1
1
1
1
1
1
0.999999
0.999991
0.999897
0.99902
0.992805
0.964956
0.934539
0.918565
0.909038
0.903013
0.900182
0.899733
0.899108
0.886296
0.850559
0.840264
0.842756
0.849253
0.856814
0.870747
0.886393
0.909438
0.935081
0.951291
0.958987
0.963054
0.967783
0.974206
0.980301
0.983754
0.985039
0.985641
0.986027
0.986389
0.98652
0.986225
0.985307
0.983436
0.979819
0.972996
0.962829
0.952402
0.93647
0.89347
0.837509
0.812256
0.775978
0.692337
0.597196
0.541563
0.51702
0.507466
0.497582
0.440992
0.433213
0.629572
0.766729
0.800617
0.824392
0.83724
0.842085
0.841241
0.824502
0.807981
0.781642
0.751678
0.714144
0.677869
0.637557
0.584373
0.512572
0.409982
0.278221
0.1295
0.0450945
0.0121113
0.00259342
0.000460868
6.97546e-05
1.91806e-05
5.79975e-06
1.75938e-06
5.17899e-07
1.5472e-07
5.39319e-08
2.33218e-08
1.13964e-08
5.7748e-09
2.91939e-09
1.46214e-09
7.27624e-10
3.60844e-10
1.78605e-10
8.8671e-11
4.48752e-11
2.37378e-11
1.32755e-11
7.66239e-12
4.43253e-12
2.47826e-12
1.33387e-12
-2.91389e-12
7.93939e-11
6.09418e-07
1.03031e-06
9.01662e-07
6.94011e-07
4.24817e-07
2.36957e-07
1.22162e-07
5.8822e-08
2.67644e-08
1.15913e-08
4.81286e-09
1.91842e-09
7.39643e-10
2.74087e-10
9.91075e-11
3.45111e-11
1.12069e-11
3.92097e-12
1.62568e-12
6.21327e-13
2.37236e-13
8.19539e-14
2.85839e-14
8.55371e-15
3.15611e-15
1.70476e-05
2.26041e-05
2.06933e-05
1.70161e-05
1.1651e-05
7.46273e-06
4.50819e-06
2.57462e-06
1.39635e-06
7.21902e-07
3.56947e-07
1.69104e-07
7.69533e-08
3.3648e-08
1.41887e-08
5.76993e-09
2.28224e-09
8.77042e-10
3.32079e-10
1.22629e-10
4.48887e-11
1.57793e-11
5.47006e-12
1.7812e-12
4.98771e-13
0.000386925
0.000345826
0.000274535
0.000198355
0.000135278
8.80537e-05
5.48865e-05
3.27563e-05
1.87252e-05
1.02583e-05
5.39141e-06
2.72044e-06
1.31962e-06
6.15676e-07
2.76872e-07
1.20162e-07
5.0587e-08
2.07031e-08
8.30128e-09
3.25711e-09
1.25915e-09
4.739e-10
1.74511e-10
6.27612e-11
1.8063e-11
0.0035947
0.00270551
0.00196665
0.0013824
0.000937605
0.000613466
0.000386955
0.000234897
0.000137065
7.68304e-05
4.13778e-05
2.14175e-05
1.06631e-05
5.10841e-06
2.35886e-06
1.05148e-06
4.54497e-07
1.91112e-07
7.87155e-08
3.17909e-08
1.2652e-08
4.92298e-09
1.87138e-09
7.01576e-10
2.06743e-10
0.0164309
0.0122414
0.00890969
0.00632956
0.00436901
0.00291893
0.00188243
0.00116894
0.000697756
0.000400024
0.000220271
0.000116529
5.92693e-05
2.89958e-05
1.36651e-05
6.21503e-06
2.7398e-06
1.17524e-06
4.93809e-07
2.037e-07
8.28195e-08
3.29882e-08
1.28168e-08
4.93186e-09
1.47641e-09
0.0537926
0.040725
0.0302485
0.0219933
0.0155707
0.010677
0.00706405
0.00449681
0.00274946
0.00161338
0.00090868
0.000491375
0.0002553
0.000127509
6.13083e-05
2.84342e-05
1.27755e-05
5.58502e-06
2.39123e-06
1.00572e-06
4.16865e-07
1.69454e-07
6.70847e-08
2.63723e-08
8.00075e-09
0.141061
0.109118
0.0830429
0.0619362
0.0450096
0.0316815
0.0215027
0.01403
0.00878549
0.00527612
0.00303927
0.00167998
0.000891691
0.000454706
0.000223087
0.000105523
4.833e-05
2.15333e-05
9.39385e-06
4.02667e-06
1.70054e-06
7.04685e-07
2.83961e-07
1.13851e-07
3.49891e-08
0.309826
0.245753
0.19167
0.14648
0.109091
0.0786977
0.0547261
0.0365674
0.0234378
0.0144009
0.0084837
0.00479385
0.00259986
0.00135397
0.000678044
0.000327206
0.000152813
6.94077e-05
3.08571e-05
1.34801e-05
5.79978e-06
2.44904e-06
1.00415e-06
4.10321e-07
1.27749e-07
0.565546
0.464033
0.374056
0.294574
0.225489
0.166908
0.118962
0.0814105
0.053414
0.033583
0.0202382
0.0116946
0.00648315
0.0034497
0.00176411
0.00086888
0.000413947
0.00019173
8.68938e-05
3.86953e-05
1.6964e-05
7.29939e-06
3.04528e-06
1.26786e-06
3.9997e-07
0.869608
0.757328
0.631015
0.510796
0.402221
0.306109
0.22412
0.157404
0.105896
0.068225
0.0421067
0.0249059
0.0141257
0.00768526
0.0040158
0.0020198
0.00098206
0.000464039
0.00021447
9.73876e-05
4.3517e-05
1.9084e-05
8.10232e-06
3.43674e-06
1.09878e-06
0.976546
0.954724
0.898657
0.778089
0.635137
0.497488
0.374332
0.269967
0.186394
0.123177
0.0779399
0.0472399
0.0274376
0.0152761
0.00816211
0.00419455
0.00208238
0.0010042
0.000473495
0.000219324
9.99311e-05
4.46788e-05
1.9308e-05
8.34391e-06
2.70386e-06
0.995662
0.991473
0.981997
0.957122
0.881165
0.72606
0.565012
0.419741
0.297924
0.202161
0.131244
0.0815604
0.0485347
0.0276631
0.0151178
0.00793973
0.00402532
0.00198145
0.000953396
0.000450632
0.000209444
9.55012e-05
4.20177e-05
1.84991e-05
6.07565e-06
0.999203
0.998342
0.99633
0.991211
0.976301
0.927078
0.781551
0.600423
0.43966
0.307064
0.204847
0.130657
0.0797142
0.0465309
0.0260137
0.0139625
0.00722855
0.00363193
0.00178341
0.000860328
0.000408014
0.000189793
8.50245e-05
3.81316e-05
1.26895e-05
0.999848
0.999668
0.999214
0.998008
0.99447
0.982841
0.941318
0.8025
0.607523
0.437796
0.300742
0.19717
0.123456
0.0738495
0.0422497
0.0231776
0.0122531
0.00628392
0.00314921
0.00155085
0.000750718
0.000356339
0.000162552
7.42428e-05
2.50236e-05
0.999968
0.999929
0.999823
0.99952
0.998599
0.995512
0.984259
0.941617
0.79533
0.592427
0.419927
0.283517
0.18244
0.111938
0.0655677
0.0367723
0.0198529
0.0103928
0.00531651
0.00267347
0.00132139
0.000640221
0.000297401
0.000138299
4.71895e-05
0.999992
0.999983
0.999958
0.999879
0.999626
0.998753
0.995487
0.982678
0.932472
0.767539
0.562043
0.391567
0.259389
0.163436
0.0980882
0.0562604
0.0310255
0.0165812
0.00866027
0.00444844
0.00224587
0.00111106
0.000525619
0.000248816
8.59114e-05
0.999997
0.999996
0.999989
0.999968
0.999896
0.99964
0.998655
0.994672
0.978418
0.913984
0.72518
0.522044
0.35666
0.231081
0.14222
0.0834674
0.0470295
0.0256663
0.0136909
0.00718661
0.00370793
0.00187381
0.000902934
0.000435082
0.000151974
0.999999
0.999999
0.999997
0.999991
0.999971
0.999894
0.999591
0.998334
0.993021
0.971037
0.884166
0.673628
0.475673
0.3173
0.200415
0.120412
0.0693437
0.0386578
0.0210693
0.0113087
0.00596687
0.0030822
0.00151342
0.000742429
0.000262321
1
1
0.999999
0.999998
0.999992
0.999968
0.999875
0.999476
0.99774
0.990269
0.959393
0.839302
0.616632
0.423834
0.274871
0.169121
0.0995749
0.0567276
0.0316098
0.0173641
0.00937969
0.00495781
0.00248239
0.00124031
0.000443287
1
1
1
0.999999
0.999998
0.999991
0.999962
0.999835
0.999266
0.996721
0.985705
0.940422
0.77785
0.550819
0.366861
0.231235
0.139259
0.081135
0.0462772
0.0260617
0.0144411
0.00782581
0.00400084
0.00203745
0.000736521
1
1
1
1
0.999999
0.999997
0.999988
0.999948
0.999759
0.99888
0.994883
0.977553
0.906638
0.696337
0.476229
0.307755
0.189774
0.113245
0.0662657
0.0383765
0.0218886
0.0121998
0.00638073
0.00331504
0.00121168
1
1
1
1
1
0.999999
0.999996
0.999983
0.99992
0.999609
0.998118
0.991282
0.961697
0.841695
0.600697
0.398976
0.252425
0.154719
0.0932458
0.0558094
0.0329345
0.0189622
0.0101711
0.00539604
0.00199277
1
1
1
1
1
1
0.999999
0.999995
0.999973
0.99986
0.999288
0.996508
0.983757
0.929121
0.73875
0.504407
0.328588
0.207838
0.129782
0.0808339
0.0496723
0.0296843
0.0163667
0.00887142
0.00330698
1
1
1
1
1
1
1
0.999998
0.999991
0.999949
0.999726
0.998576
0.992992
0.96767
0.861469
0.621598
0.4199
0.275905
0.17988
0.117507
0.0756507
0.0470917
0.0267206
0.014796
0.00556268
1
1
1
1
1
1
1
0.999999
0.999997
0.999981
0.999895
0.999424
0.99701
0.985433
0.934187
0.752202
0.528257
0.363296
0.249318
0.171975
0.116424
0.0755549
0.0440984
0.024927
0.00945021
1
1
1
1
1
1
1
1
0.999999
0.999993
0.999961
0.999778
0.99879
0.993805
0.970524
0.871055
0.653384
0.47481
0.345325
0.25243
0.179697
0.121322
0.0727051
0.0419144
0.0160356
1
1
1
1
1
1
1
1
1
0.999998
0.999987
0.999921
0.999555
0.997637
0.988303
0.946691
0.797228
0.614135
0.475164
0.36799
0.274543
0.192056
0.117898
0.0692756
0.0267852
1
1
1
1
1
1
1
1
1
0.999999
0.999996
0.999979
0.999876
0.999329
0.996612
0.98433
0.933883
0.797947
0.660928
0.542146
0.422703
0.305501
0.191948
0.115066
0.0450818
1
1
1
1
1
1
1
1
1
1
0.999999
0.999996
0.999979
0.999886
0.999438
0.997497
0.990071
0.964967
0.898078
0.79556
0.647534
0.481127
0.309292
0.189571
0.0755514
1
1
1
1
1
1
1
1
1
1
1
0.999999
0.999997
0.999985
0.999928
0.999687
0.998801
0.995921
0.987337
0.963053
0.892254
0.707937
0.466573
0.293312
0.119393
1
1
1
1
1
1
1
1
1
1
1
1
1
0.999998
0.999988
0.999946
0.999779
0.999186
0.997243
0.991033
0.970267
0.897177
0.654752
0.421037
0.175567
1
1
1
1
1
1
1
1
1
1
1
1
1
1
0.999998
0.999989
0.99995
0.999793
0.999198
0.997001
0.988718
0.956752
0.817273
0.559251
0.240764
1
1
1
1
1
1
1
1
1
1
1
1
1
1
1
0.999997
0.999987
0.999937
0.99972
0.998799
0.994921
0.978631
0.905946
0.6927
0.30952
1
1
1
1
1
1
1
1
1
1
1
1
1
1
1
0.999999
0.999996
0.999978
0.999886
0.999452
0.997439
0.988325
0.946222
0.801857
0.385399
0.999999
1
1
1
1
1
1
1
1
1
1
1
1
1
1
1
0.999998
0.999991
0.999947
0.999721
0.99858
0.993017
0.966347
0.866889
0.468669
0.999998
0.999999
0.999999
0.999999
1
1
1
1
1
1
1
1
1
1
1
1
0.999999
0.999996
0.999973
0.999844
0.999141
0.995527
0.977607
0.906272
0.543412
0.999996
0.999997
0.999998
0.999999
0.999999
0.999999
0.999999
0.999999
0.999999
0.999999
0.999999
0.999999
0.999999
1
1
1
0.999999
0.999998
0.999985
0.999906
0.999455
0.997025
0.984509
0.931642
0.606274
0.99999
0.999994
0.999996
0.999997
0.999998
0.999998
0.999998
0.999998
0.999997
0.999997
0.999997
0.999997
0.999998
0.999999
0.999999
0.999999
0.999999
0.999998
0.999991
0.999941
0.999643
0.997955
0.988907
0.948534
0.657667
0.999976
0.999984
0.99999
0.999994
0.999995
0.999996
0.999996
0.999995
0.999994
0.999993
0.999993
0.999993
0.999993
0.999996
0.999998
0.999999
0.999999
0.999998
0.999994
0.999962
0.999757
0.998541
0.991755
0.959914
0.698585
0.999941
0.99996
0.999975
0.999984
0.999989
0.99999
0.999991
0.99999
0.999987
0.999984
0.999982
0.999982
0.999983
0.999988
0.999993
0.999996
0.999997
0.999997
0.999994
0.999973
0.999827
0.998916
0.993622
0.967617
0.730151
0.999862
0.999902
0.999935
0.999958
0.999971
0.999977
0.999978
0.999977
0.999972
0.999963
0.999959
0.999958
0.999959
0.999966
0.99998
0.999989
0.999993
0.999993
0.999992
0.999976
0.999863
0.99913
0.99473
0.97235
0.752444
0.999678
0.999762
0.999835
0.999889
0.999924
0.999941
0.999946
0.999946
0.999938
0.999917
0.999904
0.999901
0.999902
0.999914
0.999945
0.999967
0.999979
0.999983
0.999982
0.99997
0.999873
0.999223
0.99524
0.974503
0.763289
0.999272
0.999444
0.999596
0.999716
0.999802
0.99985
0.999866
0.999867
0.999856
0.999815
0.999782
0.999772
0.999774
0.999794
0.999857
0.99991
0.999941
0.999953
0.999954
0.999943
0.999855
0.999243
0.995418
0.975242
0.767023
0.998423
0.998766
0.999066
0.999314
0.999506
0.999626
0.999673
0.999677
0.999663
0.999592
0.999523
0.999499
0.999502
0.999538
0.999661
0.999775
0.999843
0.999872
0.999876
0.999864
0.99977
0.999146
0.995269
0.974833
0.765475
0.996699
0.997351
0.997919
0.998399
0.9988
0.999078
0.999203
0.999222
0.999202
0.999091
0.99897
0.998932
0.998941
0.999019
0.999263
0.999482
0.999616
0.999671
0.999678
0.999659
0.999533
0.998757
0.994129
0.970696
0.748561
0.993193
0.994406
0.995472
0.996368
0.997147
0.997749
0.998057
0.998119
0.998095
0.997936
0.997793
0.997766
0.997809
0.998047
0.998514
0.998885
0.999122
0.999216
0.999224
0.999193
0.998998
0.997878
0.991521
0.961333
0.712603
0.986021
0.988302
0.990305
0.991985
0.993432
0.994614
0.995304
0.995482
0.995462
0.995339
0.995305
0.995362
0.995683
0.996413
0.997123
0.997737
0.998139
0.998293
0.998303
0.998247
0.997899
0.995979
0.985726
0.941326
0.648222
0.972406
0.976606
0.980206
0.983256
0.98594
0.988037
0.989226
0.989631
0.989733
0.989846
0.990133
0.990898
0.992037
0.99336
0.994695
0.995778
0.996407
0.996609
0.996609
0.996452
0.995602
0.991408
0.970983
0.893444
0.53645
0.948331
0.95443
0.960077
0.96523
0.969566
0.972693
0.97447
0.975344
0.976458
0.97855
0.981352
0.984352
0.987353
0.990114
0.992183
0.993299
0.993638
0.993649
0.993423
0.992509
0.989289
0.976927
0.922439
0.75815
0.374068
0.930675
0.936805
0.94259
0.948242
0.953829
0.958929
0.963263
0.967178
0.971072
0.974822
0.978421
0.982046
0.985282
0.98738
0.988145
0.988182
0.987498
0.986082
0.98363
0.977592
0.960478
0.90313
0.694655
0.471745
0.21619
0.924794
0.931063
0.937005
0.942802
0.948566
0.953934
0.958555
0.962684
0.966837
0.970915
0.974184
0.976221
0.977083
0.977191
0.975932
0.969772
0.962091
0.954212
0.935711
0.882186
0.714044
0.499084
0.310909
0.189776
0.0804344
0.89694
0.909747
0.919278
0.927002
0.93317
0.937907
0.942211
0.945874
0.947727
0.948303
0.948238
0.945993
0.935654
0.922225
0.912932
0.896325
0.848724
0.704629
0.503892
0.33805
0.216113
0.132294
0.0737092
0.0401617
0.0157263
0.708606
0.768769
0.804458
0.822075
0.834043
0.840439
0.840686
0.837723
0.83
0.811592
0.787054
0.759991
0.716313
0.635553
0.515967
0.381002
0.258696
0.163512
0.0969896
0.0550053
0.0298469
0.015719
0.00769673
0.00370966
0.00135267
0.154688
0.280325
0.365252
0.404743
0.440052
0.443016
0.436719
0.421615
0.391184
0.351446
0.308988
0.259869
0.20124
0.141667
0.0907732
0.0533679
0.0290375
0.014733
0.00703044
0.00320801
0.00141469
0.000627758
0.000266559
0.000113802
4.10298e-05
0.0138127
0.0524328
0.0788367
0.0957088
0.109247
0.108317
0.104362
0.0966907
0.0837369
0.0684117
0.0508821
0.0331349
0.0190839
0.00985987
0.00462457
0.00198989
0.00079271
0.00029425
0.000102901
3.48064e-05
1.20337e-05
4.08143e-06
2.04405e-06
1.07586e-06
5.57791e-07
0.00127675
0.00687071
0.0105168
0.0144348
0.0152744
0.0144594
0.0128676
0.0101606
0.00669172
0.0036658
0.00163908
0.000638135
0.000220401
6.88049e-05
1.94931e-05
4.32864e-06
1.5298e-06
5.35176e-07
1.84847e-07
6.3934e-08
2.39246e-08
1.06114e-08
5.56229e-09
3.00454e-09
2.33266e-09
9.16039e-05
0.000479609
0.000691025
0.000781317
0.00067792
0.000483145
0.000237474
8.79418e-05
2.12095e-05
3.35072e-06
8.3255e-07
1.96469e-07
4.52715e-08
1.03578e-08
2.33729e-09
5.06136e-10
1.26581e-10
3.82608e-11
1.50055e-11
7.20587e-12
5.77678e-12
3.12879e-12
3.16255e-12
1.50536e-12
3.15427e-12
)
;

boundaryField
{
    inlet
    {
        type            fixedValue;
        value           uniform 1;
    }
    outlet
    {
        type            inletOutlet;
        inletValue      uniform 0;
        value           nonuniform List<scalar> 
57
(
3.15611e-15
4.98771e-13
1.8063e-11
2.06743e-10
1.47641e-09
8.00075e-09
3.49891e-08
1.27749e-07
3.9997e-07
1.09878e-06
2.70386e-06
6.07565e-06
1.26895e-05
2.50236e-05
4.71895e-05
8.59114e-05
0.000151974
0.000262321
0.000443287
0.000736521
0.00121168
0.00199277
0.00330698
0.00556268
0.00945021
0.0160356
0.0267852
0.0450818
0.0755514
0.119393
0.175567
0.240764
0.30952
0.385399
0.468669
0.543412
0.606274
0.657667
0.698585
0.730151
0.752444
0.763289
0.767023
0.765475
0.748561
0.712603
0.648222
0.53645
0.374068
0.21619
0.0804344
0.0157263
0.00135267
4.10298e-05
5.57791e-07
2.33266e-09
3.15427e-12
)
;
    }
    upperWall
    {
        type            zeroGradient;
    }
    lowerWall
    {
        type            zeroGradient;
    }
    frontAndBack
    {
        type            empty;
    }
}


// ************************************************************************* //
