/*--------------------------------*- C++ -*----------------------------------*\
  =========                 |
  \\      /  F ield         | OpenFOAM: The Open Source CFD Toolbox
   \\    /   O peration     | Website:  https://openfoam.org
    \\  /    A nd           | Version:  7
     \\/     M anipulation  |
\*---------------------------------------------------------------------------*/
FoamFile
{
    version     2.0;
    format      ascii;
    class       volScalarField;
    location    "0.065";
    object      nut;
}
// * * * * * * * * * * * * * * * * * * * * * * * * * * * * * * * * * * * * * //

dimensions      [0 2 -1 0 0 0 0];

internalField   nonuniform List<scalar> 
12225
(
0
0
0
0
0
0
0
0
0
0
0
0
0
0
0
0
0
0
0
0
0
0
0
0
0
0
0
0
0
0
0
0
0
0
0
0
0
3.51882e-10
0
0
7.48242e-10
5.70792e-10
0
0
0
0
0
0
0
0
0
0
0
0
0
1.39768e-08
8.23802e-09
3.95303e-09
2.86102e-09
7.63298e-10
0
0
0
0
0
0
0
0
0
0
0
0
1.16738e-07
3.14253e-08
1.07961e-07
1.80726e-07
3.82e-08
0
0
3.14025e-09
3.34032e-09
2.79437e-09
1.87936e-09
8.90715e-10
3.62089e-10
1.3433e-10
1.73035e-10
0
0
0
3.10823e-07
1.98633e-07
2.30078e-07
3.22806e-07
2.27485e-07
1.10097e-07
1.10318e-07
1.02928e-07
4.97143e-08
2.36462e-08
2.14072e-08
2.32323e-08
2.6352e-08
2.82147e-08
2.4681e-08
1.55169e-08
8.93432e-09
2.96814e-09
4.43181e-07
3.3978e-07
2.26446e-07
2.39225e-07
1.37931e-07
8.89868e-08
1.27006e-07
2.08162e-07
2.90591e-07
2.75018e-07
1.1071e-07
1.05091e-08
1.73849e-09
2.23835e-08
3.35768e-08
2.69155e-08
1.6581e-08
1.05459e-08
4.24743e-07
3.09074e-07
2.71853e-07
2.30409e-07
1.2077e-07
9.97953e-08
1.76846e-07
4.72583e-07
8.59998e-07
3.22707e-07
0
0
0
0
0
0
0
0
1.83592e-07
3.12753e-07
4.13916e-07
4.03359e-07
3.07469e-07
2.70817e-07
2.70196e-07
3.32212e-07
1.10574e-07
0
0
0
0
0
0
0
0
0
0
2.48572e-07
4.84882e-07
3.07888e-07
3.78129e-07
7.41703e-07
4.40507e-07
0
0
0
0
0
0
0
0
0
0
0
3.16973e-07
6.64187e-07
7.47527e-07
3.58565e-07
3.14842e-07
3.78039e-07
1.03356e-07
0
0
0
0
0
0
0
0
0
0
0
3.16835e-07
2.5513e-07
6.01321e-07
3.4165e-07
1.95977e-07
1.06742e-07
0
0
0
0
7.45282e-08
9.97929e-08
0
0
0
1.48502e-08
4.60759e-09
0
0
0
5.25787e-08
4.02042e-07
1.66553e-07
0
0
0
0
0
9.98993e-08
1.6069e-07
2.79282e-08
0
0
2.85758e-08
5.1882e-08
0
0
0
1.55678e-07
6.83992e-07
1.03611e-07
0
0
0
0
0
0
0
0
0
0
0
0
0
2.96122e-07
3.97476e-07
1.57647e-06
1.10241e-06
0
0
0
0
0
0
0
0
0
0
0
0
0
0
1.11341e-06
1.24012e-06
1.64176e-06
1.21664e-06
3.92061e-09
0
0
0
0
0
0
0
0
0
0
0
0
0
4.53041e-07
1.63127e-07
4.10892e-07
2.4446e-07
0
0
0
0
0
0
0
0
0
0
0
0
0
0
4.90478e-07
5.7706e-07
4.73658e-07
0
0
0
0
0
0
0
0
0
0
0
0
0
0
0
9.27654e-08
5.87337e-07
2.43164e-07
0
0
0
0
0
0
0
0
0
0
0
0
0
0
0
0
5.86183e-08
1.3037e-07
0
0
0
0
0
0
0
0
0
0
0
0
0
0
3.01957e-07
0
0
0
0
0
0
0
2.75306e-08
2.85798e-07
3.93949e-07
1.013e-07
0
0
0
0
0
0
0
7.64601e-07
4.23978e-07
0
0
0
0
0
0
9.201e-08
1.12369e-07
1.17707e-07
9.04853e-08
3.02945e-09
0
0
0
0
0
2.39445e-07
0
0
0
0
0
0
7.28664e-08
3.18146e-08
0
0
0
0
0
0
0
0
0
2.25442e-07
0
0
0
0
0
0
5.03186e-08
7.58073e-08
2.52545e-08
3.68643e-09
1.38142e-08
1.0598e-08
0
0
0
0
0
3.39156e-08
0
0
0
0
0
0
0
0
0
1.50107e-08
6.47574e-08
8.1955e-08
1.46169e-08
0
0
0
0
0
0
0
0
0
0
0
0
0
0
0
4.36239e-09
2.03541e-08
6.97053e-09
0
0
0
0
0
0
0
0
0
0
0
0
0
0
0
0
0
0
0
0
0
0
2.62402e-09
0
0
0
0
0
0
0
0
0
0
0
0
0
0
0
0
0
4.87676e-09
0
0
0
0
0
0
0
0
0
0
0
0
0
0
0
0
0
3.98281e-08
0
0
0
0
0
0
0
0
0
0
0
0
0
0
0
0
0
0
2.88801e-07
1.15891e-06
6.60087e-08
0
0
0
0
1.0155e-06
1.00076e-06
4.49459e-07
0
0
0
0
0
0
0
0
0
0
0
1.49774e-08
4.68094e-08
6.98309e-08
8.39431e-08
8.67037e-08
7.47968e-08
4.68064e-08
9.10442e-09
0
7.15896e-09
4.95092e-08
2.54381e-08
0
0
0
0
0
0
0
0
9.11696e-07
2.50309e-06
6.30357e-06
1.18648e-05
1.44085e-05
1.90014e-05
2.7514e-05
3.84809e-05
3.00307e-05
1.01467e-05
1.70025e-06
3.03286e-07
3.04552e-08
0
0
1.52917e-08
3.17534e-08
3.97969e-08
4.09109e-08
3.82583e-08
3.3639e-08
2.7923e-08
2.21782e-08
1.75896e-08
1.30086e-08
9.71769e-09
6.65804e-09
4.2627e-09
2.15e-09
2.25547e-10
0
0
0
0
0
0
0
0
0
0
0
0
0
0
0
0
0
0
0
0
0
0
0
0
0
0
0
0
0
0
0
0
0
0
0
0
0
0
0
0
0
0
0
0
0
0
0
0
0
0
0
0
0
0
0
0
0
0
0
0
0
0
0
0
0
0
0
0
0
0
0
0
0
0
0
0
0
0
0
0
0
0
0
0
0
0
0
0
0
0
0
0
0
0
0
0
0
0
0
0
0
0
0
0
0
1.32319e-12
3.30989e-10
5.0294e-11
0
0
1.10774e-07
0
0
0
0
7.23847e-07
1.55111e-06
1.78372e-06
1.50924e-06
9.05507e-07
2.67039e-07
0
0
0
0
0
0
0
0
0
2.27165e-08
6.15384e-08
8.681e-08
9.84469e-08
9.42132e-08
7.24203e-08
3.39466e-08
0
0
8.20105e-08
1.6216e-07
5.47338e-08
0
0
1.36349e-07
2.71611e-07
8.77201e-08
0
0
0
1.01927e-06
1.321e-06
0
0
0
1.08636e-06
1.81563e-06
2.03459e-06
2.31568e-06
1.48104e-06
6.32501e-07
2.49009e-07
7.61131e-08
1.81001e-08
1.45081e-08
2.51987e-08
3.34163e-08
3.68857e-08
3.70174e-08
3.52256e-08
3.24678e-08
2.91883e-08
2.56707e-08
2.20463e-08
1.83893e-08
1.47688e-08
1.11812e-08
7.65672e-09
4.20532e-09
8.39572e-10
0
0
0
0
0
0
0
0
0
0
0
0
0
0
0
0
0
0
0
0
0
0
0
0
0
0
0
0
0
0
0
0
0
0
0
0
0
0
0
0
0
0
0
0
0
0
0
0
0
0
0
0
0
0
0
0
0
0
0
0
0
0
0
0
0
0
0
0
0
0
0
0
0
0
0
0
0
0
0
0
0
0
0
0
0
0
0
0
0
0
0
0
0
0
0
0
0
0
0
0
0
0
0
0
0
8.57848e-13
2.12706e-10
0
0
0
0
0
0
0
0
4.01588e-07
1.09121e-06
1.35616e-06
1.40871e-06
1.36452e-06
1.24394e-06
1.0435e-06
7.63306e-07
4.26308e-07
9.67415e-08
0
0
0
0
0
2.41164e-08
6.29239e-08
5.53796e-08
0
0
0
0
0
0
1.44452e-07
3.63321e-07
2.72351e-07
2.65974e-07
5.71259e-07
1.00674e-06
1.46866e-06
1.72541e-06
9.92901e-07
0
0
0
0
0
0
0
0
3.68807e-07
2.08306e-07
2.85937e-07
3.1012e-07
2.14245e-07
1.26001e-07
8.42736e-08
8.33565e-08
1.04387e-07
1.26902e-07
1.39647e-07
1.40551e-07
1.33118e-07
1.21099e-07
1.07075e-07
9.26686e-08
7.88012e-08
6.58393e-08
5.37977e-08
4.27208e-08
3.25233e-08
2.29941e-08
1.40395e-08
5.54429e-09
0
0
0
0
0
0
0
0
0
0
0
0
0
0
0
0
0
0
0
0
0
0
0
0
0
0
0
0
0
0
0
0
0
0
0
0
0
0
0
0
0
0
0
0
0
0
0
0
0
0
5.26191e-10
1.29056e-09
1.63853e-09
1.7155e-09
1.58282e-09
1.34636e-09
1.0512e-09
7.02012e-10
3.04377e-10
0
0
0
0
0
0
0
0
0
0
0
0
0
0
0
0
0
0
0
0
0
0
0
0
0
0
0
0
0
0
0
0
0
0
0
0
0
0
0
0
0
0
0
0
0
8.73239e-13
0
6.25519e-11
0
1.87714e-07
8.9696e-07
4.70537e-07
0
0
0
0
2.52649e-07
9.09979e-07
1.14099e-06
1.20569e-06
1.24302e-06
1.23674e-06
1.15352e-06
9.75484e-07
6.95633e-07
2.99899e-07
0
0
0
0
0
1.66787e-08
1.00642e-06
8.89265e-07
3.70882e-07
0
0
0
0
0
0
0
0
5.05973e-09
2.12698e-07
1.79158e-07
0
0
0
0
0
0
0
0
0
0
6.76359e-08
1.00262e-07
0
3.17075e-10
5.14757e-08
5.2276e-08
7.83107e-08
1.61398e-07
2.75847e-07
3.58935e-07
3.74576e-07
3.44999e-07
3.03915e-07
2.70232e-07
2.49477e-07
2.39214e-07
2.34836e-07
2.30865e-07
2.2256e-07
2.0588e-07
1.78478e-07
1.40218e-07
9.39492e-08
4.59797e-08
3.76945e-09
0
0
0
0
0
0
0
0
0
0
0
0
0
0
0
0
0
0
0
0
0
0
0
0
0
0
0
0
0
0
0
0
0
0
0
0
0
0
0
0
0
0
0
0
0
0
0
0
0
0
0
0
3.09115e-09
1.44278e-08
1.92714e-08
1.97146e-08
1.78293e-08
1.49373e-08
1.16757e-08
8.39934e-09
5.37686e-09
2.80506e-09
7.96685e-10
0
0
0
0
0
0
0
0
0
0
0
0
0
0
0
0
0
0
0
0
0
0
0
0
0
0
0
0
0
0
0
0
0
0
0
0
0
0
0
0
0
0
0
3.3195e-11
0
3.81255e-06
2.07994e-06
1.76193e-06
1.05625e-06
4.77139e-07
1.26634e-07
5.77449e-08
4.64525e-07
9.01607e-07
9.9717e-07
9.62055e-07
8.00914e-07
4.51856e-07
0
0
0
0
0
0
0
0
0
0
8.36872e-06
7.22126e-06
4.73751e-06
2.78073e-06
1.39974e-06
4.57925e-07
0
0
0
0
0
0
0
0
0
0
0
0
0
0
0
0
3.96107e-08
8.37251e-09
0
0
0
0
1.57523e-07
3.40962e-07
4.42559e-07
4.29742e-07
3.46092e-07
2.53871e-07
1.81565e-07
1.33907e-07
1.06801e-07
9.52918e-08
9.46407e-08
9.99507e-08
1.06625e-07
1.10858e-07
1.09757e-07
1.01588e-07
8.50823e-08
6.02943e-08
2.93056e-08
0
0
0
0
0
0
0
0
0
0
0
0
0
0
0
0
0
0
0
0
0
0
0
0
0
0
0
0
0
0
0
0
0
0
0
0
0
0
0
0
0
0
0
0
0
0
0
0
0
0
0
0
0
0
0
0
0
0
0
0
0
0
0
0
0
0
0
0
0
0
2.20179e-09
7.7219e-09
9.46168e-09
8.41673e-09
6.49543e-09
4.71526e-09
3.26261e-09
2.05699e-09
1.05131e-09
2.65854e-10
0
0
0
0
0
0
0
0
0
0
0
0
0
0
0
0
0
0
0
0
0
0
0
0
0
0
0
0
5.64394e-11
0
1.72019e-06
1.73979e-06
1.26493e-06
6.88495e-07
4.094e-07
3.33951e-07
6.85175e-07
1.28137e-06
1.31701e-06
8.63568e-07
0
0
0
0
0
0
0
0
0
0
0
0
7.66961e-06
1.88434e-05
1.25693e-05
8.39049e-06
5.49004e-06
3.31893e-06
1.72602e-06
6.16926e-07
0
0
0
0
0
0
0
0
0
0
0
0
0
0
0
0
0
0
0
1.73211e-07
4.7547e-07
6.96078e-07
7.45027e-07
6.4157e-07
4.85445e-07
3.49421e-07
2.487e-07
1.805e-07
1.38337e-07
1.16425e-07
1.09191e-07
1.10813e-07
1.1595e-07
1.20378e-07
1.21492e-07
1.18489e-07
1.10134e-07
9.42924e-08
6.83705e-08
3.18018e-08
0
0
0
0
0
0
0
0
0
0
0
0
0
0
0
0
0
0
0
0
0
0
0
0
0
0
0
0
0
0
0
0
0
0
0
0
0
0
0
0
0
0
0
0
0
0
0
0
0
0
0
0
0
0
0
0
0
0
0
0
0
0
0
0
0
0
0
0
0
0
0
0
0
0
0
0
0
0
0
0
0
0
0
0
0
0
0
0
0
0
0
0
0
0
0
0
0
0
0
0
0
0
0
0
0
0
0
0
0
0
1.63556e-06
1.20371e-06
5.95217e-07
3.77953e-07
4.36375e-07
8.91466e-07
1.36471e-06
1.45747e-06
8.88275e-07
0
0
0
0
0
0
0
0
0
0
0
0
4.25381e-06
1.81439e-05
1.55948e-05
1.1226e-05
8.18231e-06
5.87193e-06
3.96066e-06
2.42532e-06
1.20147e-06
3.17156e-07
0
0
0
0
0
0
0
0
0
0
0
0
0
0
0
0
1.70945e-07
5.46216e-07
8.62211e-07
1.00081e-06
9.2517e-07
7.18796e-07
5.19923e-07
3.72228e-07
2.67866e-07
1.94573e-07
1.46344e-07
1.19315e-07
1.09278e-07
1.10565e-07
1.17433e-07
1.25281e-07
1.31689e-07
1.36396e-07
1.40105e-07
1.41686e-07
1.35322e-07
1.08355e-07
4.62828e-08
0
0
0
0
0
0
0
0
0
0
0
0
0
0
0
0
0
0
0
0
0
0
0
0
0
0
0
0
0
0
0
0
0
0
0
0
0
0
0
0
0
0
0
0
0
0
0
0
0
0
0
0
0
0
0
0
0
0
0
0
0
0
0
0
0
0
0
0
0
0
0
0
0
0
0
0
0
0
0
0
0
0
0
0
0
0
0
0
0
0
0
0
0
0
0
0
0
0
0
0
0
0
0
0
0
0
0
0
0
0
1.64115e-07
2.62317e-07
3.46621e-07
5.23833e-07
9.23268e-07
1.19083e-06
1.20849e-06
6.70132e-07
0
0
0
0
0
0
0
0
0
0
0
0
6.71372e-07
1.79842e-05
1.84617e-05
1.32767e-05
9.50152e-06
7.27237e-06
5.82648e-06
4.36831e-06
2.87451e-06
1.5969e-06
6.22216e-07
0
0
0
0
0
0
0
0
0
0
0
0
0
0
0
4.41982e-07
8.31375e-07
9.69245e-07
8.37001e-07
6.00343e-07
4.35909e-07
3.50912e-07
2.92048e-07
2.35717e-07
1.83202e-07
1.41631e-07
1.16178e-07
1.07547e-07
1.12331e-07
1.25238e-07
1.41611e-07
1.5922e-07
1.79083e-07
2.05035e-07
2.41334e-07
2.89265e-07
3.38815e-07
3.4683e-07
2.07989e-07
0
0
0
0
0
0
0
0
0
0
0
0
0
0
0
0
0
0
0
0
0
1.80136e-09
1.80292e-08
1.99085e-08
1.47872e-09
0
0
0
0
0
0
0
0
0
0
0
0
0
0
0
0
0
0
0
0
0
0
0
0
0
0
0
0
0
0
0
0
0
0
0
0
0
0
0
0
0
0
0
0
0
0
0
0
0
0
0
0
0
0
0
0
0
0
0
0
0
0
0
0
0
0
0
0
0
0
0
0
0
0
0
0
0
0
0
0
0
0
0
0
0
0
2.50036e-08
1.13161e-07
5.37309e-07
8.59017e-07
8.83896e-07
4.89776e-07
0
1.31357e-06
4.57024e-06
1.79028e-06
0
0
0
0
0
0
0
0
0
3.23383e-05
3.58934e-05
2.27571e-05
1.41933e-05
9.22149e-06
6.46257e-06
5.00882e-06
4.0105e-06
2.97354e-06
1.80672e-06
8.24268e-07
1.70489e-07
0
0
0
0
0
0
0
0
0
0
0
0
1.09716e-07
6.15435e-07
6.41346e-07
2.5246e-07
0
0
0
0
1.12071e-07
1.59185e-07
1.54344e-07
1.3074e-07
1.10506e-07
1.03741e-07
1.1097e-07
1.28392e-07
1.51241e-07
1.75937e-07
2.02279e-07
2.34577e-07
2.82184e-07
3.58485e-07
4.81252e-07
6.71891e-07
9.41002e-07
1.09574e-06
0
0
0
0
0
0
0
0
0
0
0
0
0
0
0
0
0
0
0
0
0
0
0
1.27471e-08
2.41595e-08
2.07418e-09
0
0
0
0
0
0
0
0
0
0
0
0
0
0
0
0
0
0
0
0
0
0
0
0
0
0
0
0
0
0
0
0
0
0
0
0
0
0
0
0
0
0
0
0
0
0
0
0
0
0
0
0
0
0
0
0
0
0
0
0
0
0
0
0
0
0
0
0
0
0
0
0
0
0
0
0
0
0
0
0
0
0
0
0
0
0
0
4.41671e-07
5.85892e-07
3.39829e-07
0
3.00674e-06
5.10015e-06
3.99114e-06
1.47553e-06
3.59491e-07
1.05732e-07
0
0
0
0
0
0
1.29431e-06
6.48401e-06
9.32165e-06
8.36498e-06
6.43187e-06
4.9087e-06
3.93513e-06
3.3191e-06
2.89412e-06
2.39696e-06
1.63932e-06
7.96809e-07
6.80629e-08
0
0
0
0
0
0
0
0
0
0
0
1.68048e-07
9.79796e-08
0
0
0
0
0
0
0
2.29407e-08
9.30273e-08
1.01299e-07
9.17916e-08
8.71007e-08
9.29599e-08
1.09157e-07
1.3108e-07
1.51195e-07
1.61197e-07
1.57463e-07
1.45071e-07
1.36038e-07
1.4505e-07
1.87238e-07
2.76136e-07
4.11927e-07
5.04538e-07
1.82325e-07
0
0
3.71031e-08
1.36876e-07
1.78701e-07
1.73426e-07
1.53519e-07
1.23733e-07
8.82531e-08
5.40416e-08
2.02422e-08
0
0
0
0
0
0
0
0
0
0
0
0
0
0
0
0
0
0
0
0
0
0
0
0
0
0
0
0
0
0
0
0
0
0
0
0
0
0
0
0
0
0
0
0
0
0
0
0
0
0
0
0
0
0
0
0
0
0
0
0
0
0
0
0
0
0
0
0
0
0
0
0
0
0
0
0
0
0
0
0
0
0
0
0
0
0
0
0
0
0
0
0
0
0
0
0
0
0
0
0
0
1.02226e-07
0
0
1.83949e-06
3.54309e-06
3.38086e-06
2.33752e-06
9.18633e-07
4.26914e-07
4.38965e-07
7.74009e-07
2.07978e-06
5.18386e-06
9.86324e-06
1.46184e-05
1.65169e-05
1.02319e-05
0
0
0
0
0
0
0
0
9.98083e-09
2.97164e-08
0
0
0
0
0
0
0
0
0
0
0
0
0
0
0
0
0
0
0
0
0
0
0
4.07292e-08
5.58524e-08
6.11911e-08
7.0052e-08
8.41618e-08
1.0162e-07
1.10233e-07
9.54757e-08
5.16535e-08
0
0
0
0
8.44289e-08
2.9389e-07
5.65691e-07
6.90557e-07
2.02549e-07
0
0
2.10013e-07
3.97872e-07
4.69119e-07
4.50252e-07
4.0376e-07
3.33682e-07
2.66446e-07
2.07301e-07
1.55451e-07
1.07947e-07
6.02579e-08
9.12343e-09
0
0
0
0
0
0
0
0
0
0
0
0
0
0
0
0
0
0
0
0
0
0
0
0
0
0
0
0
0
0
0
0
0
0
0
0
0
0
0
0
0
0
0
0
0
0
0
0
0
0
0
0
0
0
0
0
0
0
0
0
0
0
0
0
0
0
0
0
0
0
0
0
0
0
0
0
0
0
0
0
0
0
0
0
0
0
0
0
0
0
0
0
0
0
0
0
0
0
0
0
0
1.75715e-06
2.254e-06
2.02917e-06
1.24216e-06
3.18628e-07
5.06266e-08
2.24015e-07
9.52135e-07
2.88824e-06
6.70657e-06
1.24726e-05
2.06993e-05
2.98734e-05
7.20524e-06
0
0
0
0
0
0
0
0
0
0
0
0
0
0
0
0
0
0
0
0
0
0
0
0
0
0
0
0
0
0
0
0
0
0
2.58278e-08
4.3116e-08
5.81959e-08
6.88899e-08
6.73306e-08
4.0186e-08
0
0
0
0
1.62947e-09
2.58595e-07
7.01717e-07
1.35454e-06
2.21301e-06
2.96976e-06
9.85576e-07
0
0
0
3.42461e-07
5.91019e-07
6.55507e-07
6.15635e-07
5.09402e-07
3.9129e-07
2.81501e-07
2.024e-07
1.5115e-07
1.23213e-07
1.07405e-07
8.37245e-08
5.00128e-08
8.39272e-09
0
0
0
0
0
0
0
0
0
0
0
0
0
0
0
0
0
0
0
0
0
0
0
0
0
0
0
0
0
0
0
0
0
0
0
0
0
0
0
0
0
0
0
0
0
0
0
0
0
0
0
0
0
0
0
5.26095e-09
0
0
0
0
0
0
0
0
0
0
0
0
0
0
0
0
0
0
0
0
0
0
0
0
0
0
0
0
0
0
0
0
0
0
0
0
0
0
0
0
0
0
9.61734e-07
1.4463e-06
1.36602e-06
7.59107e-07
0
0
0
0
9.66738e-07
3.11901e-06
7.30565e-06
1.45107e-05
2.4374e-05
0
0
0
0
0
0
0
0
0
0
0
3.17248e-07
9.02351e-07
8.92557e-07
6.72448e-07
5.02591e-07
3.20224e-07
1.80879e-07
1.05266e-07
3.46469e-07
1.44807e-08
0
0
0
0
0
0
0
0
0
0
0
0
0
0
1.5532e-08
3.63691e-08
4.40414e-08
3.49292e-08
2.8481e-09
0
0
0
0
6.62674e-08
4.0598e-07
9.77708e-07
1.7914e-06
2.89e-06
4.33187e-06
5.73122e-06
3.06881e-07
0
0
0
0
1.69399e-07
5.32155e-07
6.43646e-07
6.0391e-07
4.77468e-07
3.33458e-07
2.09556e-07
1.15659e-07
5.77616e-08
3.54347e-08
3.55592e-08
6.89798e-08
1.25404e-07
1.53013e-07
1.26575e-07
6.22308e-08
0
0
0
0
0
0
0
0
0
0
0
0
0
0
0
0
0
0
0
0
0
0
0
0
0
0
9.6563e-09
1.64946e-08
1.25031e-08
5.03091e-09
8.95568e-11
0
0
0
0
0
0
0
0
0
0
0
0
0
0
0
6.83064e-10
7.17443e-10
0
0
0
0
6.29414e-10
8.53151e-09
8.53021e-10
0
0
0
0
0
0
0
0
0
0
0
0
0
0
0
0
0
0
0
0
0
0
0
0
0
0
0
0
0
0
0
0
0
0
0
0
0
0
0
0
2.75377e-07
9.44932e-07
1.11396e-06
7.82456e-07
4.71982e-08
0
0
0
0
6.65451e-07
2.64401e-06
6.62174e-06
1.11559e-05
0
0
0
0
0
0
0
2.24353e-07
6.8765e-07
1.0168e-06
1.25462e-06
1.54743e-06
1.54337e-06
1.29415e-06
1.10838e-06
8.90988e-07
7.38728e-07
7.12808e-07
1.16187e-06
3.08661e-07
0
0
0
0
0
0
0
0
0
0
0
0
0
0
0
4.04857e-09
1.54531e-08
5.61631e-09
0
0
0
0
0
3.09139e-08
2.83355e-07
7.33864e-07
1.39843e-06
2.20214e-06
2.9542e-06
3.1434e-06
1.61931e-06
0
0
0
0
0
0
0
1.48234e-07
3.78695e-07
4.2504e-07
3.5947e-07
2.49006e-07
1.37823e-07
4.90824e-08
0
0
0
2.62745e-09
8.63677e-08
1.22077e-07
1.12623e-07
9.15103e-08
8.09342e-08
7.51473e-08
4.4714e-08
0
0
0
0
0
0
0
0
0
0
0
8.79532e-10
0
0
0
0
0
1.33065e-09
9.78466e-09
1.55406e-08
1.40708e-08
1.15826e-08
1.97122e-08
3.14209e-08
3.28816e-08
2.71575e-08
2.10942e-08
1.8376e-08
1.76744e-08
1.55293e-08
9.10622e-09
0
0
0
0
0
0
0
0
0
0
0
1.1649e-09
4.44488e-09
5.25979e-09
3.43883e-09
4.86112e-10
0
0
1.34507e-09
2.84442e-09
0
0
0
0
0
0
0
0
0
0
0
0
0
0
0
0
0
0
0
0
0
0
0
0
0
0
0
0
0
0
0
0
0
0
0
0
0
0
0
0
0
3.89845e-07
8.43944e-07
8.97645e-07
4.7046e-07
0
0
0
0
0
2.84427e-07
1.56144e-06
1.43154e-06
0
0
6.95932e-08
5.69455e-07
9.0607e-07
1.14191e-06
1.32854e-06
1.42249e-06
1.48846e-06
1.51914e-06
1.52725e-06
1.47416e-06
1.45931e-06
1.40596e-06
1.31594e-06
1.31609e-06
1.47973e-06
1.24123e-06
4.78338e-07
1.36024e-07
0
0
0
0
0
0
0
0
0
0
0
0
0
0
0
0
0
0
0
0
0
0
0
9.02988e-08
3.08582e-07
6.74367e-07
1.15014e-06
1.55782e-06
1.51086e-06
6.36094e-07
0
0
0
0
0
0
0
0
0
0
1.01113e-07
2.66317e-07
2.70663e-07
1.71054e-07
5.38194e-08
0
0
0
0
0
0
0
0
0
0
0
0
1.30087e-09
0
0
0
0
7.06307e-09
3.07021e-08
2.96724e-08
2.08241e-08
1.46741e-08
1.19734e-08
1.03707e-08
8.93307e-09
7.44207e-09
3.30087e-09
0
3.33497e-11
1.19489e-08
2.71676e-08
3.846e-08
4.10841e-08
4.31838e-08
5.07731e-08
5.1889e-08
4.02539e-08
2.82489e-08
2.39877e-08
2.6747e-08
3.01087e-08
2.88718e-08
2.21916e-08
1.04576e-08
0
0
0
0
0
0
0
0
0
0
2.97775e-09
7.35657e-09
7.83e-09
5.61374e-09
2.63416e-09
0
0
0
0
0
0
0
0
0
0
0
0
0
0
0
0
0
0
0
0
0
0
0
0
0
0
0
0
0
0
0
0
0
0
0
0
0
0
0
0
0
0
0
0
0
1.80111e-07
4.42237e-07
3.92955e-07
1.56502e-07
0
0
0
9.66228e-08
2.48538e-07
1.97739e-07
0
0
0
3.58925e-07
7.49636e-07
9.9092e-07
1.10983e-06
1.16062e-06
1.1553e-06
1.11622e-06
1.03954e-06
1.05061e-06
1.17688e-06
1.27593e-06
1.37553e-06
1.56241e-06
1.60605e-06
1.03719e-06
5.35437e-07
2.81724e-07
1.20371e-07
0
0
0
0
0
0
0
0
0
0
0
0
0
0
0
0
0
0
0
0
0
0
0
0
0
0
0
0
0
0
0
0
0
0
0
0
0
0
0
0
0
6.49719e-08
2.76979e-07
2.81808e-07
1.17518e-07
0
0
0
0
2.58332e-08
3.0993e-08
0
0
0
0
0
0
0
0
0
0
2.84853e-09
3.6742e-08
6.88488e-08
7.29022e-08
5.95043e-08
3.68261e-08
1.1913e-08
0
0
4.05591e-10
5.73927e-09
3.18693e-09
9.43727e-11
1.36311e-08
3.90982e-08
6.01957e-08
6.83848e-08
6.88239e-08
7.23177e-08
6.98106e-08
4.74864e-08
1.69349e-08
1.33813e-09
7.64008e-09
2.48636e-08
3.701e-08
3.74949e-08
3.03713e-08
1.76878e-08
7.15016e-11
0
0
0
0
0
0
0
0
0
4.12555e-09
8.31941e-09
7.19688e-09
3.37784e-09
0
0
0
0
0
0
0
0
0
0
0
0
0
0
0
0
0
0
0
0
0
0
0
0
0
0
0
0
0
0
0
0
0
0
0
0
0
0
0
0
0
0
0
0
0
0
0
0
0
0
0
0
0
0
0
0
0
2.49136e-08
8.55504e-08
1.45475e-07
1.86507e-07
1.81591e-07
1.17196e-07
2.35717e-08
1.7402e-08
2.09541e-07
4.84613e-07
7.1501e-07
9.29009e-07
1.14478e-06
1.09616e-06
7.48888e-07
4.70192e-07
3.09424e-07
2.0122e-07
1.05033e-07
1.55845e-08
0
0
0
0
0
0
0
0
0
0
0
0
0
0
0
5.69506e-09
0
0
0
0
0
0
0
0
0
0
0
0
0
0
0
0
0
0
0
0
0
0
0
0
0
1.2411e-07
3.11632e-07
2.42671e-07
0
0
0
0
0
1.58972e-07
1.38043e-07
2.8111e-08
0
0
0
0
0
0
0
1.30188e-08
4.55436e-08
8.66855e-08
1.22694e-07
1.21665e-07
1.01735e-07
7.91593e-08
4.80828e-08
1.62319e-08
0
0
0
3.11745e-09
3.22993e-09
8.22505e-09
3.28734e-08
6.38457e-08
7.84431e-08
7.47816e-08
6.73553e-08
6.17203e-08
4.32073e-08
4.95467e-09
0
0
0
2.19924e-08
3.89839e-08
3.69199e-08
2.5021e-08
9.06003e-09
0
0
0
0
0
0
0
0
0
0
3.45981e-09
4.40519e-09
0
0
0
0
0
0
0
0
0
0
0
0
0
0
0
0
0
0
0
0
0
0
0
0
0
0
0
0
0
0
0
0
0
0
0
0
0
0
0
0
0
0
0
0
0
0
0
0
0
0
0
0
6.91294e-09
2.92847e-08
2.4754e-08
2.0301e-08
5.0609e-08
1.19031e-07
1.98166e-07
2.478e-07
2.295e-07
1.46947e-07
2.21633e-08
0
0
0
1.3627e-07
3.28479e-07
5.10617e-07
6.65271e-07
6.67402e-07
5.24731e-07
3.80336e-07
2.80522e-07
2.12344e-07
1.5458e-07
9.22647e-08
3.04553e-08
0
0
0
0
0
0
0
0
0
0
0
0
0
0
2.54049e-08
4.44302e-08
5.18399e-08
5.37056e-08
5.76343e-08
5.75463e-08
2.56928e-08
0
0
0
0
0
0
0
0
0
0
0
0
0
0
0
0
0
1.97352e-07
1.93952e-07
0
0
1.44451e-07
2.46938e-07
5.47252e-08
0
0
0
0
0
2.22231e-08
1.92519e-07
3.54823e-08
0
0
0
0
0
0
1.29005e-08
1.17262e-07
1.58458e-07
1.79768e-07
1.63091e-07
1.36813e-07
1.15286e-07
9.19988e-08
6.49088e-08
3.97593e-08
2.41585e-08
2.34927e-08
3.19593e-08
3.5982e-08
3.53281e-08
4.27205e-08
6.50979e-08
8.75727e-08
9.53836e-08
8.82732e-08
7.04764e-08
4.86429e-08
2.09758e-08
0
0
0
5.28899e-09
3.26066e-08
4.1599e-08
3.17072e-08
1.2242e-08
0
0
0
0
0
0
0
0
0
0
0
0
0
0
0
0
0
0
0
0
0
0
0
0
0
0
0
0
0
0
0
0
0
0
0
0
0
0
0
0
0
0
0
0
0
0
0
0
0
0
0
0
0
0
0
0
0
0
0
0
0
0
1.49902e-07
4.34322e-07
6.86102e-07
5.80408e-07
0
0
0
0
0
1.36277e-07
2.43819e-07
2.2136e-07
1.49466e-07
9.36122e-08
9.67021e-08
1.61621e-07
2.4345e-07
3.20053e-07
3.82147e-07
3.89497e-07
3.38914e-07
2.77669e-07
2.23378e-07
1.83885e-07
1.54421e-07
1.22145e-07
8.52009e-08
4.58457e-08
9.39337e-09
0
0
0
0
0
0
0
0
0
6.27325e-09
8.88862e-11
0
2.9082e-09
2.60959e-08
5.00905e-08
6.66016e-08
7.50108e-08
8.10992e-08
8.95728e-08
8.82915e-08
5.57415e-08
0
0
0
0
0
0
0
0
0
0
0
0
0
0
0
0
1.39265e-07
3.1435e-07
1.26686e-07
0
0
1.3182e-07
9.13767e-08
0
0
0
0
0
0
0
2.5543e-08
0
0
0
0
0
0
0
1.23226e-07
1.56413e-07
1.32493e-07
1.16961e-07
1.14539e-07
1.12428e-07
1.0597e-07
9.14614e-08
7.78999e-08
6.83131e-08
6.62618e-08
7.17228e-08
7.76549e-08
7.9592e-08
8.05184e-08
8.61817e-08
9.54065e-08
1.00674e-07
9.46644e-08
7.84194e-08
5.77955e-08
3.74348e-08
1.98654e-08
7.16563e-09
3.66782e-09
1.27109e-08
3.01597e-08
4.11964e-08
3.58002e-08
1.90537e-08
0
0
0
0
0
0
0
0
0
0
0
0
0
0
0
0
0
0
0
0
0
0
0
0
0
0
0
0
0
0
0
0
0
0
0
0
0
0
0
0
0
0
0
0
0
0
0
0
0
0
0
0
0
0
0
0
0
0
0
0
5.45441e-09
1.75957e-07
3.6931e-07
5.65667e-07
7.92197e-07
4.63817e-07
0
0
0
0
0
0
1.05869e-07
1.52435e-07
1.15192e-07
9.61442e-08
1.16719e-07
1.6026e-07
2.05748e-07
2.3227e-07
2.30987e-07
2.06406e-07
1.74714e-07
1.48937e-07
1.28976e-07
1.15739e-07
1.06283e-07
9.271e-08
7.42671e-08
5.15266e-08
3.04065e-08
1.03525e-08
0
0
0
0
0
0
0
0
0
0
0
0
0
9.80987e-09
2.20826e-08
2.81035e-08
2.95248e-08
3.33276e-08
4.12744e-08
4.74471e-08
4.11776e-08
9.5119e-09
0
0
0
0
0
0
0
0
0
0
0
0
0
0
6.40003e-10
2.57402e-07
2.19164e-07
1.49538e-08
0
0
1.09143e-08
0
0
0
0
0
0
0
1.40207e-09
2.87481e-08
0
0
0
0
0
1.2745e-08
8.14718e-08
1.14946e-07
8.55263e-08
4.98094e-08
5.12464e-08
7.08866e-08
8.67708e-08
9.34014e-08
9.42732e-08
9.71932e-08
1.01757e-07
1.05784e-07
1.07677e-07
1.07001e-07
1.04945e-07
1.03599e-07
1.00631e-07
9.65297e-08
8.99923e-08
7.83069e-08
6.52006e-08
5.08881e-08
3.7731e-08
2.94802e-08
2.62108e-08
2.88583e-08
3.63061e-08
4.24415e-08
3.87202e-08
2.47825e-08
8.06071e-09
0
0
0
0
0
0
1.89214e-09
9.28016e-09
7.17698e-09
0
0
0
0
0
0
0
0
0
0
0
0
5.33658e-09
0
0
0
0
0
0
0
0
0
0
0
0
0
0
0
0
0
0
0
0
0
0
0
0
0
0
0
0
0
0
0
0
0
0
0
0
3.6481e-08
1.16972e-07
1.58354e-07
1.64176e-07
1.30227e-07
1.15839e-08
0
0
0
0
0
0
0
3.17453e-08
7.12525e-08
2.13621e-08
0
1.72516e-08
6.57066e-08
1.07912e-07
1.27983e-07
1.23052e-07
1.00539e-07
8.04214e-08
6.86714e-08
6.29841e-08
5.96648e-08
5.90508e-08
5.90648e-08
5.43198e-08
4.47483e-08
3.84443e-08
3.58545e-08
2.84551e-08
1.509e-08
0
0
0
0
0
0
0
0
0
0
0
0
0
0
0
0
0
0
0
0
9.2394e-08
3.05094e-07
6.54375e-07
1.08028e-06
1.47047e-06
1.64939e-06
1.21077e-06
2.23594e-07
0
0
0
0
0
0
0
1.81378e-07
2.71114e-07
1.0404e-07
0
0
0
0
0
0
0
0
0
0
0
2.56494e-08
2.94694e-08
1.58099e-08
1.18654e-08
1.39793e-08
2.6094e-08
5.28392e-08
8.29349e-08
1.02044e-07
8.9752e-08
5.93202e-08
4.44423e-08
5.46947e-08
7.58232e-08
9.30136e-08
1.039e-07
1.1502e-07
1.27008e-07
1.34099e-07
1.33684e-07
1.27978e-07
1.20582e-07
1.14954e-07
1.07705e-07
9.72262e-08
8.89546e-08
8.0934e-08
7.35542e-08
6.51808e-08
5.26741e-08
4.23568e-08
3.76857e-08
3.81767e-08
4.19085e-08
4.43556e-08
4.10664e-08
2.99546e-08
1.53752e-08
3.87962e-09
0
0
0
0
1.80655e-09
6.39701e-09
1.05583e-08
1.29719e-08
6.50177e-09
0
0
0
0
0
0
0
0
0
0
0
0
2.19556e-08
0
0
0
0
0
0
0
0
0
0
0
0
0
0
0
0
0
0
0
0
0
0
0
0
0
0
0
0
0
0
0
0
0
0
0
4.07966e-08
5.5752e-08
2.45359e-08
0
0
0
0
0
0
0
0
0
0
4.16266e-08
9.13967e-08
4.66256e-08
0
0
2.24565e-09
4.90057e-08
6.79004e-08
6.17517e-08
4.67258e-08
2.96056e-08
1.94435e-08
1.7671e-08
1.57026e-08
1.57924e-08
2.25386e-08
2.75695e-08
2.83803e-08
3.38936e-08
4.52718e-08
5.33549e-08
5.50234e-08
5.05343e-08
3.93562e-08
2.25037e-08
2.91287e-09
0
0
0
0
0
0
0
0
0
0
0
0
0
0
0
0
0
2.60252e-07
8.60141e-07
1.76092e-06
2.88089e-06
4.12048e-06
4.49658e-06
2.6906e-06
0
0
0
0
0
0
0
1.18537e-07
2.5021e-07
1.77899e-07
0
0
0
0
0
0
0
0
0
0
0
0
2.85223e-08
3.20538e-08
3.01169e-08
3.25228e-08
4.1696e-08
6.06495e-08
8.18186e-08
1.00856e-07
1.06193e-07
9.38214e-08
7.76727e-08
7.43408e-08
8.81518e-08
1.09112e-07
1.23449e-07
1.3347e-07
1.4559e-07
1.55601e-07
1.56351e-07
1.48298e-07
1.35289e-07
1.25718e-07
1.17731e-07
1.06286e-07
9.54906e-08
8.89886e-08
8.43545e-08
8.0267e-08
6.91444e-08
5.37617e-08
4.37374e-08
4.09036e-08
4.30402e-08
4.46058e-08
4.12404e-08
3.25203e-08
2.00506e-08
1.01328e-08
4.5971e-09
1.34258e-09
8.67223e-10
3.59894e-09
8.38878e-09
1.09414e-08
1.09935e-08
1.23779e-08
1.13634e-08
1.54665e-09
0
0
0
0
0
0
0
0
0
0
0
2.21895e-08
1.23513e-08
0
0
0
0
0
0
0
0
0
0
0
0
0
0
0
0
0
0
0
0
0
0
0
0
0
0
0
0
0
0
0
0
0
0
0
0
0
0
0
0
0
0
5.64772e-08
2.03929e-08
0
0
0
6.11494e-08
1.25866e-07
1.14537e-07
7.06179e-08
2.90066e-08
7.96455e-09
2.30969e-08
4.07902e-08
3.18206e-08
1.53759e-08
0
0
0
0
0
0
6.98013e-09
1.36831e-08
2.33181e-08
3.74557e-08
4.90151e-08
5.68568e-08
6.29762e-08
6.76892e-08
7.13461e-08
7.64784e-08
8.71488e-08
9.64755e-08
7.34277e-08
1.04769e-08
0
0
0
0
0
0
0
0
0
0
0
0
0
4.71744e-08
5.97843e-07
1.58802e-06
3.08431e-06
5.40356e-06
8.14289e-06
8.53974e-06
0
0
0
0
0
0
5.68096e-08
1.05758e-07
2.23082e-07
2.30572e-07
9.35968e-09
0
0
0
0
0
0
0
0
0
0
0
3.5398e-08
5.64201e-08
4.95553e-08
4.56006e-08
4.82352e-08
5.93948e-08
7.59051e-08
9.44303e-08
1.17652e-07
1.24893e-07
1.18615e-07
1.09937e-07
1.12909e-07
1.30769e-07
1.49373e-07
1.58867e-07
1.64686e-07
1.72458e-07
1.75314e-07
1.68717e-07
1.53701e-07
1.3831e-07
1.28502e-07
1.18733e-07
1.07728e-07
1.01221e-07
9.74826e-08
9.50964e-08
8.63648e-08
6.74078e-08
5.01569e-08
4.20127e-08
4.19794e-08
4.38125e-08
4.10967e-08
3.35737e-08
2.28215e-08
1.38975e-08
1.02274e-08
8.71299e-09
8.26924e-09
1.01187e-08
1.36914e-08
1.46475e-08
1.14151e-08
9.28043e-09
1.0592e-08
6.93789e-09
0
0
0
0
0
0
0
0
0
0
0
0
2.91617e-08
0
0
0
0
0
0
0
0
0
0
0
0
0
0
0
0
0
0
0
0
0
0
0
0
0
0
0
0
0
0
0
0
0
0
0
0
0
0
0
0
0
0
1.82202e-08
2.68309e-08
0
0
2.18149e-08
9.67604e-08
1.56763e-07
1.41225e-07
1.17602e-07
8.95437e-08
4.59703e-08
1.32463e-08
6.84407e-09
0
0
0
0
0
0
0
0
0
7.18074e-09
1.67657e-08
2.82818e-08
3.69269e-08
4.16618e-08
4.41913e-08
4.64049e-08
5.23968e-08
7.41959e-08
1.43154e-07
2.71929e-07
2.66148e-07
9.17317e-08
0
0
0
0
0
0
0
0
0
0
0
0
0
0
2.52733e-07
1.02733e-06
2.28937e-06
4.42239e-06
7.58828e-06
1.10345e-05
0
0
0
0
0
5.26817e-08
1.43224e-07
9.87526e-08
1.52738e-07
2.27632e-07
3.26142e-08
0
0
0
0
0
0
0
0
0
0
0
6.69675e-08
1.06832e-07
9.10398e-08
7.44158e-08
6.49592e-08
6.47375e-08
7.43753e-08
9.05378e-08
1.17369e-07
1.4712e-07
1.55148e-07
1.50489e-07
1.46247e-07
1.55733e-07
1.73999e-07
1.85252e-07
1.85725e-07
1.86087e-07
1.88592e-07
1.85896e-07
1.74742e-07
1.56664e-07
1.41938e-07
1.30505e-07
1.19887e-07
1.1373e-07
1.10608e-07
1.08309e-07
1.01712e-07
8.23827e-08
5.87168e-08
4.41762e-08
4.05333e-08
4.25043e-08
4.13995e-08
3.4529e-08
2.45258e-08
1.61938e-08
1.37107e-08
1.42394e-08
1.43623e-08
1.54758e-08
1.79773e-08
1.78574e-08
1.20302e-08
5.83638e-09
5.56389e-09
7.64308e-09
1.01221e-09
0
0
0
0
0
0
0
0
0
0
0
0
1.04842e-08
0
0
0
0
0
0
0
0
0
0
0
0
0
0
0
0
0
0
0
0
0
0
0
0
4.94735e-09
5.64245e-08
0
0
0
0
0
0
0
0
0
0
0
2.60158e-09
0
0
0
0
0
0
2.34886e-08
8.40812e-08
1.62322e-07
2.09559e-07
1.54991e-07
9.37162e-08
6.88047e-08
5.48916e-08
2.42352e-08
0
0
0
0
0
0
0
0
0
0
3.77168e-09
1.29472e-08
2.18271e-08
2.67856e-08
2.6546e-08
2.28562e-08
1.74897e-08
1.0523e-08
4.66906e-09
3.52469e-08
2.81968e-07
4.36834e-07
9.59074e-08
0
0
0
0
0
0
0
0
0
0
0
0
0
0
0
5.0724e-07
1.3691e-06
2.63226e-06
3.98342e-06
3.50128e-06
0
0
0
0
0
1.45717e-07
1.90982e-07
7.95938e-08
6.5054e-08
1.99527e-07
4.9424e-08
0
0
0
0
0
0
0
0
0
0
0
1.09e-07
1.65658e-07
1.4172e-07
1.13996e-07
9.43328e-08
8.40846e-08
8.40209e-08
9.45632e-08
1.16277e-07
1.55954e-07
1.81618e-07
1.84737e-07
1.7897e-07
1.81055e-07
1.95791e-07
2.09119e-07
2.09382e-07
2.00353e-07
1.97169e-07
1.96179e-07
1.90275e-07
1.7631e-07
1.59283e-07
1.44434e-07
1.31202e-07
1.23602e-07
1.21036e-07
1.18393e-07
1.13186e-07
9.63588e-08
6.96476e-08
4.8954e-08
4.08945e-08
4.20309e-08
4.25664e-08
3.62235e-08
2.59256e-08
1.74714e-08
1.54798e-08
1.77732e-08
1.90358e-08
1.96763e-08
2.13124e-08
2.07778e-08
1.33372e-08
3.27528e-09
0
2.92149e-09
3.62498e-09
0
0
0
0
0
0
0
0
0
0
0
0
5.55527e-09
0
0
0
0
0
0
0
0
0
0
0
0
0
0
0
0
0
0
0
0
0
0
0
0
0
0
0
0
0
0
0
0
0
0
0
0
0
1.06525e-07
1.70714e-07
0
0
0
4.46195e-08
2.14274e-07
1.54074e-07
1.61986e-07
2.5464e-07
2.73762e-07
1.76451e-07
7.78754e-08
2.0265e-08
9.26846e-09
2.08457e-08
0
0
0
0
0
0
0
0
0
0
0
7.38401e-09
1.43293e-08
1.78219e-08
1.86829e-08
1.9201e-08
1.86948e-08
1.12872e-08
0
0
0
3.40694e-07
0
0
0
0
0
0
0
0
0
0
0
0
0
0
0
0
1.37874e-07
6.91361e-07
1.34431e-06
1.77464e-06
1.08723e-06
0
0
0
0
0
1.82383e-07
2.03522e-07
2.36648e-08
0
1.30881e-07
5.99954e-08
0
0
0
0
0
0
0
0
0
0
0
1.51537e-07
2.12878e-07
1.80526e-07
1.45595e-07
1.21684e-07
1.07301e-07
1.01998e-07
1.06334e-07
1.20947e-07
1.53364e-07
1.90863e-07
2.05212e-07
2.01955e-07
1.98787e-07
2.08751e-07
2.2352e-07
2.27694e-07
2.15165e-07
2.03594e-07
2.00387e-07
1.97405e-07
1.8847e-07
1.72291e-07
1.55877e-07
1.40268e-07
1.29683e-07
1.25672e-07
1.22416e-07
1.17476e-07
1.04077e-07
7.98438e-08
5.68874e-08
4.51055e-08
4.38316e-08
4.47768e-08
3.87546e-08
2.74821e-08
1.81922e-08
1.58988e-08
1.90974e-08
2.17148e-08
2.24973e-08
2.36224e-08
2.29846e-08
1.49758e-08
1.8528e-09
0
0
4.99232e-10
0
0
0
0
0
0
0
0
0
0
0
0
0
0
0
0
0
0
0
0
0
0
0
0
0
0
0
0
0
0
0
0
0
0
0
0
0
0
0
0
0
0
0
0
0
0
0
0
0
0
2.7105e-08
3.3293e-07
4.03658e-07
0
1.04501e-07
3.35109e-07
2.93532e-07
1.91017e-07
2.36355e-07
3.4109e-07
2.9735e-07
1.90092e-07
7.77196e-08
0
0
0
0
0
0
0
0
0
0
0
0
0
0
1.346e-09
6.92168e-09
1.28065e-08
2.03635e-08
2.79786e-08
3.2051e-08
2.51011e-08
0
0
0
0
0
0
0
0
0
0
0
0
0
0
0
0
0
0
0
0
0
2.86574e-07
6.36696e-07
7.93664e-07
4.02595e-07
0
0
0
0
0
1.80187e-07
1.73829e-07
0
0
4.23882e-08
6.67966e-08
0
0
0
0
0
0
0
0
0
0
0
1.99952e-07
2.47403e-07
2.04272e-07
1.62164e-07
1.35218e-07
1.21123e-07
1.1548e-07
1.17085e-07
1.25948e-07
1.46972e-07
1.81349e-07
2.03913e-07
2.06188e-07
2.01438e-07
2.07105e-07
2.21495e-07
2.29242e-07
2.19701e-07
2.02403e-07
1.94836e-07
1.92207e-07
1.85875e-07
1.71064e-07
1.53574e-07
1.37459e-07
1.25652e-07
1.20398e-07
1.16049e-07
1.10432e-07
1.00099e-07
8.21348e-08
6.29306e-08
5.06705e-08
4.66899e-08
4.61968e-08
4.04602e-08
2.86851e-08
1.84907e-08
1.51555e-08
1.79184e-08
2.13928e-08
2.30142e-08
2.42465e-08
2.3621e-08
1.58145e-08
1.02419e-09
0
0
0
0
0
0
0
0
0
0
0
0
0
0
0
0
0
0
0
0
0
0
0
0
0
0
0
0
0
0
0
0
0
0
0
0
0
0
0
0
0
0
0
0
0
0
0
0
0
0
0
0
0
0
0
0
1.00282e-07
2.00169e-07
2.17675e-07
1.81197e-07
2.07478e-07
2.79023e-07
3.53752e-07
2.79164e-07
1.8218e-07
8.45165e-08
9.70891e-09
0
0
0
0
0
0
0
0
0
0
0
0
0
0
9.5081e-10
1.29668e-08
2.50453e-08
3.22799e-08
3.49153e-08
3.21899e-08
9.60945e-09
0
0
0
0
0
0
0
0
0
0
0
0
0
0
0
0
0
0
0
0
9.35625e-08
2.9272e-07
3.65457e-07
1.57299e-07
0
0
0
0
0
1.3422e-07
8.32539e-08
0
0
0
6.30982e-08
0
0
0
0
0
0
0
0
0
0
0
2.56094e-07
2.81592e-07
2.26784e-07
1.76972e-07
1.46051e-07
1.31467e-07
1.27582e-07
1.29808e-07
1.36286e-07
1.49481e-07
1.72367e-07
1.95716e-07
2.04102e-07
2.01057e-07
2.05136e-07
2.18555e-07
2.29247e-07
2.25096e-07
2.05828e-07
1.93082e-07
1.88279e-07
1.81997e-07
1.67334e-07
1.4718e-07
1.29783e-07
1.18258e-07
1.1278e-07
1.0789e-07
1.01355e-07
9.35129e-08
8.20365e-08
6.92963e-08
5.93875e-08
5.31705e-08
4.89157e-08
4.18469e-08
3.03641e-08
1.99371e-08
1.52308e-08
1.66503e-08
2.04304e-08
2.32805e-08
2.51646e-08
2.46303e-08
1.69239e-08
1.07861e-09
0
0
0
0
0
0
0
0
0
1.22231e-09
4.48534e-08
0
0
0
0
0
0
1.30596e-09
0
0
0
0
0
0
0
0
0
0
0
0
0
0
0
0
0
0
0
0
0
0
0
0
0
0
0
0
0
0
0
0
0
0
0
0
0
0
0
5.55119e-08
1.03565e-07
1.8086e-07
2.33764e-07
3.0554e-07
2.68622e-07
2.02488e-07
1.31847e-07
7.76793e-08
2.67128e-08
0
0
0
0
0
0
0
0
0
0
0
0
0
0
0
1.50229e-08
2.41084e-08
2.87248e-08
4.1598e-08
6.99007e-08
9.79909e-08
7.7512e-08
0
0
0
0
0
0
0
0
0
0
0
0
0
0
0
0
0
0
0
7.94573e-09
1.272e-07
1.71136e-07
5.62803e-08
0
0
0
0
0
2.44619e-08
0
0
0
0
5.45792e-08
0
0
0
0
0
0
0
1.05185e-07
0
0
2.47061e-08
2.89844e-07
2.90118e-07
2.31591e-07
1.80214e-07
1.47928e-07
1.33254e-07
1.30699e-07
1.34321e-07
1.41377e-07
1.52297e-07
1.64692e-07
1.79079e-07
1.88127e-07
1.88431e-07
1.91178e-07
2.02074e-07
2.14231e-07
2.1576e-07
2.0073e-07
1.84413e-07
1.76303e-07
1.68554e-07
1.53424e-07
1.31771e-07
1.13471e-07
1.02819e-07
9.76969e-08
9.33474e-08
8.67075e-08
8.13732e-08
7.63467e-08
7.09797e-08
6.56248e-08
5.8801e-08
5.01186e-08
3.91255e-08
2.78146e-08
2.00588e-08
1.55515e-08
1.5212e-08
1.83609e-08
2.18677e-08
2.43945e-08
2.46143e-08
1.81585e-08
2.90965e-09
0
0
0
0
0
0
0
0
0
0
4.15555e-08
5.57689e-08
0
0
0
0
0
0
0
0
0
0
0
0
0
0
0
0
0
0
0
0
0
0
0
0
0
0
0
0
0
0
0
0
0
0
0
0
0
0
0
0
0
0
0
0
0
4.94047e-08
1.50514e-07
1.96985e-07
2.28966e-07
1.96704e-07
1.66717e-07
1.28732e-07
9.11375e-08
6.36671e-08
3.93751e-08
6.00892e-09
0
0
0
0
0
0
0
0
0
0
0
0
0
6.34796e-09
1.6892e-08
1.82618e-08
3.04733e-08
7.45722e-08
1.44962e-07
2.04777e-07
1.7825e-07
7.05707e-09
0
0
1.83039e-08
0
0
0
0
0
0
0
0
0
0
0
0
0
0
0
7.78398e-09
9.99085e-08
1.43084e-07
5.89091e-08
0
0
0
0
0
0
0
0
0
0
4.54043e-08
0
0
0
0
0
0
0
7.55257e-07
0
0
1.27255e-07
2.81717e-07
2.64657e-07
2.15692e-07
1.72519e-07
1.43953e-07
1.30805e-07
1.29498e-07
1.3427e-07
1.42475e-07
1.54527e-07
1.63941e-07
1.72365e-07
1.78778e-07
1.80438e-07
1.8222e-07
1.89576e-07
2.00957e-07
2.06304e-07
1.97297e-07
1.81029e-07
1.70542e-07
1.60241e-07
1.42866e-07
1.20336e-07
1.02019e-07
9.23705e-08
8.71362e-08
8.2929e-08
7.68025e-08
7.26039e-08
7.20476e-08
7.21457e-08
7.12303e-08
6.57219e-08
5.28824e-08
3.5909e-08
2.15359e-08
1.72824e-08
1.66263e-08
1.52884e-08
1.69626e-08
2.05332e-08
2.36839e-08
2.50014e-08
2.04874e-08
6.37957e-09
0
0
0
0
0
0
0
0
0
0
1.70019e-08
6.12351e-08
3.93814e-08
0
0
0
0
0
6.51017e-09
0
0
0
0
0
0
0
0
0
0
0
0
0
0
0
0
0
0
0
0
0
2.75602e-10
0
0
0
0
0
0
0
0
0
0
0
0
0
0
0
2.77528e-08
1.07862e-07
1.24041e-07
1.37358e-07
1.18885e-07
1.07027e-07
9.22921e-08
7.49314e-08
5.86305e-08
4.51683e-08
3.57195e-08
2.07019e-08
0
0
0
0
0
0
0
0
0
0
0
0
0
5.69534e-09
4.6033e-09
5.64489e-09
4.27861e-08
1.2031e-07
2.12779e-07
2.5679e-07
1.85911e-07
0
0
0
1.60447e-07
5.30405e-08
0
0
0
0
0
0
0
0
0
0
0
0
0
0
8.77427e-08
1.90186e-07
2.43839e-07
1.2708e-07
0
0
0
0
0
0
0
0
0
0
3.59965e-08
1.14548e-07
1.01661e-07
0
0
0
0
0
6.37655e-07
0
0
1.74545e-07
2.41306e-07
2.21312e-07
1.86069e-07
1.55213e-07
1.3413e-07
1.24103e-07
1.23416e-07
1.27864e-07
1.36736e-07
1.51693e-07
1.62349e-07
1.69844e-07
1.74949e-07
1.76241e-07
1.76817e-07
1.81154e-07
1.89673e-07
1.96575e-07
1.92372e-07
1.79456e-07
1.68004e-07
1.54955e-07
1.35614e-07
1.12232e-07
9.45228e-08
8.65832e-08
8.17563e-08
7.66272e-08
7.11757e-08
6.70954e-08
6.87911e-08
7.24004e-08
7.42434e-08
7.06563e-08
5.60118e-08
3.28001e-08
1.28654e-08
8.67274e-09
1.42383e-08
1.50837e-08
1.5472e-08
1.87041e-08
2.24966e-08
2.48304e-08
2.24455e-08
1.03524e-08
0
0
0
0
0
0
0
0
0
0
0
3.10851e-08
5.71346e-08
1.70358e-08
0
0
0
0
2.91641e-09
7.65078e-09
0
0
0
0
0
0
0
0
0
4.15088e-08
0
0
0
0
0
0
0
0
0
0
0
0
0
0
0
0
0
0
0
0
0
0
0
0
0
1.67975e-08
3.5048e-08
4.72077e-08
5.46217e-08
5.96737e-08
6.19024e-08
6.12852e-08
5.78046e-08
5.05213e-08
4.14716e-08
2.91959e-08
1.66139e-08
8.40241e-09
0
0
0
0
0
0
0
0
0
0
0
0
5.87172e-09
0
0
0
5.69802e-08
1.55133e-07
2.35909e-07
2.43077e-07
1.34794e-07
0
0
1.6426e-07
5.0123e-07
2.66602e-07
2.45166e-08
0
0
0
0
0
0
0
0
0
0
0
0
5.10003e-08
2.14671e-07
3.94724e-07
5.55618e-07
3.97928e-07
0
0
0
0
0
0
0
0
0
0
2.68339e-08
1.87552e-07
2.96838e-07
0
0
0
0
1.97017e-08
2.38218e-07
0
3.83735e-08
1.9011e-07
2.15002e-07
1.95615e-07
1.66633e-07
1.41581e-07
1.25298e-07
1.17756e-07
1.16286e-07
1.18702e-07
1.2517e-07
1.40735e-07
1.57022e-07
1.67401e-07
1.73567e-07
1.75346e-07
1.75191e-07
1.77164e-07
1.82268e-07
1.88703e-07
1.87559e-07
1.78797e-07
1.67986e-07
1.53757e-07
1.32562e-07
1.07971e-07
9.10327e-08
8.53411e-08
8.16536e-08
7.51748e-08
6.8733e-08
6.4621e-08
6.64457e-08
7.20475e-08
7.53751e-08
7.27042e-08
5.78683e-08
3.00536e-08
4.38117e-09
0
6.44745e-09
1.25162e-08
1.33481e-08
1.6059e-08
2.03681e-08
2.35225e-08
2.27688e-08
1.34293e-08
0
0
0
0
0
0
0
0
0
0
0
6.3334e-09
3.2814e-08
3.88866e-08
2.01198e-09
0
0
0
0
9.43119e-09
3.6765e-09
0
0
0
0
0
0
0
0
0
1.91636e-08
0
0
0
0
0
0
0
0
0
5.98045e-09
5.22326e-09
2.1108e-09
5.84362e-10
3.49744e-10
4.0835e-12
0
0
0
9.78013e-10
7.77535e-10
0
0
0
5.34724e-09
1.36862e-08
2.04779e-08
2.68998e-08
3.31496e-08
3.8233e-08
4.14016e-08
4.19117e-08
4.03818e-08
3.5669e-08
2.90864e-08
2.08085e-08
9.64861e-09
5.65238e-10
0
0
0
0
0
0
0
0
0
0
0
0
0
0
0
0
8.3059e-08
1.65457e-07
2.09741e-07
1.88481e-07
5.79713e-08
0
0
9.83652e-07
1.26214e-06
6.53428e-07
1.66297e-07
0
0
0
0
0
0
0
0
0
0
0
0
4.37441e-08
2.29675e-07
4.98722e-07
9.50726e-07
1.33617e-06
2.93535e-07
0
0
0
0
0
0
0
0
0
1.9822e-08
2.00989e-07
3.71726e-07
7.58539e-08
0
4.60325e-09
2.22276e-08
5.17154e-08
1.14448e-07
9.60967e-08
1.50508e-07
1.9371e-07
1.9576e-07
1.75755e-07
1.49506e-07
1.28174e-07
1.1586e-07
1.11515e-07
1.11348e-07
1.12531e-07
1.16168e-07
1.25708e-07
1.45847e-07
1.63356e-07
1.72785e-07
1.76108e-07
1.75679e-07
1.75703e-07
1.78157e-07
1.82731e-07
1.83104e-07
1.77515e-07
1.69142e-07
1.55401e-07
1.33301e-07
1.07379e-07
9.04421e-08
8.68813e-08
8.49174e-08
7.74792e-08
6.81753e-08
6.28306e-08
6.39109e-08
6.97693e-08
7.40498e-08
7.18483e-08
5.73833e-08
2.73621e-08
0
0
0
7.04907e-09
1.03131e-08
1.26198e-08
1.68914e-08
2.05925e-08
2.0648e-08
1.37054e-08
0
0
0
0
0
0
0
0
0
0
0
0
8.78944e-09
2.53284e-08
2.07264e-08
0
0
0
0
2.59536e-09
1.22284e-08
0
0
0
0
0
0
0
0
0
1.06538e-09
0
0
0
0
0
0
0
0
0
7.11647e-09
3.05942e-09
0
0
0
0
0
0
0
0
0
2.07114e-09
6.48918e-09
7.79309e-09
8.51184e-09
1.01227e-08
1.33347e-08
1.79119e-08
2.25833e-08
2.55903e-08
2.65581e-08
2.60147e-08
2.48092e-08
2.31161e-08
2.05892e-08
1.78028e-08
1.26515e-08
5.415e-09
0
0
0
0
0
0
0
0
0
0
0
0
0
0
0
3.01459e-08
9.47608e-08
1.36397e-07
1.44278e-07
1.08244e-07
0
0
0
2.0846e-06
2.05621e-06
1.07658e-06
3.31175e-07
0
0
0
0
0
0
0
0
0
0
0
0
0
2.80569e-08
1.82947e-07
4.53373e-07
6.22429e-07
2.98533e-07
7.24843e-08
0
0
0
0
6.05963e-08
0
0
0
1.94089e-08
1.58708e-07
3.05965e-07
1.10845e-07
2.51359e-08
4.76482e-08
5.69705e-08
7.19954e-08
1.28575e-07
1.96882e-07
1.91631e-07
1.88802e-07
1.77019e-07
1.56097e-07
1.29824e-07
1.11245e-07
1.03054e-07
1.02829e-07
1.05978e-07
1.08626e-07
1.11303e-07
1.17532e-07
1.31676e-07
1.54844e-07
1.70404e-07
1.76252e-07
1.7669e-07
1.75383e-07
1.75558e-07
1.77845e-07
1.7867e-07
1.75665e-07
1.70368e-07
1.58457e-07
1.36331e-07
1.09073e-07
9.1059e-08
8.90389e-08
8.81568e-08
8.10012e-08
6.88182e-08
5.97067e-08
5.95643e-08
6.46611e-08
6.9316e-08
6.76685e-08
5.39002e-08
2.38694e-08
0
0
0
4.5289e-10
6.59807e-09
8.8426e-09
1.21494e-08
1.57006e-08
1.58567e-08
9.7237e-09
0
0
0
0
0
0
0
0
0
5.70266e-09
3.73896e-09
0
0
6.76641e-09
1.58124e-08
9.82313e-09
0
0
0
0
6.23033e-09
1.32024e-08
0
0
0
0
0
0
0
0
0
0
0
0
0
0
0
0
0
0
1.70874e-09
0
0
0
0
0
0
0
0
0
0
7.19905e-09
8.85399e-09
7.25289e-09
6.11935e-09
6.74564e-09
8.97533e-09
1.19191e-08
1.43881e-08
1.56896e-08
1.59963e-08
1.59112e-08
1.52169e-08
1.38834e-08
1.16389e-08
8.50053e-09
4.57064e-09
0
0
0
0
0
0
0
0
0
0
0
0
0
0
0
0
2.23741e-08
5.60653e-08
6.43589e-08
5.40818e-08
2.2851e-08
0
0
0
1.59257e-06
2.20224e-06
1.29533e-06
4.39563e-07
2.39515e-08
0
0
0
0
0
0
0
0
0
0
0
0
0
0
6.95321e-08
1.31725e-07
0
0
0
0
0
1.2482e-08
8.00961e-08
2.53878e-08
0
0
3.80028e-08
1.35794e-07
2.62985e-07
1.63935e-07
1.25746e-07
1.13595e-07
1.12338e-07
1.53127e-07
3.07112e-07
2.61708e-07
2.01803e-07
1.77338e-07
1.55306e-07
1.30067e-07
1.05405e-07
9.08741e-08
8.68267e-08
9.06302e-08
9.80638e-08
1.04334e-07
1.08458e-07
1.13847e-07
1.24658e-07
1.44997e-07
1.64539e-07
1.73683e-07
1.75927e-07
1.74306e-07
1.72727e-07
1.72968e-07
1.73586e-07
1.72558e-07
1.70556e-07
1.61213e-07
1.39398e-07
1.10507e-07
8.97748e-08
8.94963e-08
8.9775e-08
8.17859e-08
6.82231e-08
5.49157e-08
5.21393e-08
5.6497e-08
6.08414e-08
5.9891e-08
4.71211e-08
1.87836e-08
0
0
0
0
3.18548e-09
5.29685e-09
6.90436e-09
9.11095e-09
8.79091e-09
2.16092e-09
0
0
0
0
0
0
0
0
0
6.22927e-09
1.16461e-08
6.10798e-09
0
0
3.66927e-09
9.2501e-09
5.05195e-09
0
0
0
0
9.92148e-09
1.73984e-08
0
0
0
0
0
0
0
0
0
0
0
0
0
0
0
0
0
0
0
0
0
0
0
0
0
0
0
0
0
4.05841e-09
4.04415e-09
2.96909e-09
2.40262e-09
2.59749e-09
3.27808e-09
4.15525e-09
5.12089e-09
5.93071e-09
6.33982e-09
5.88706e-09
4.20917e-09
1.58119e-09
0
0
0
0
0
0
0
0
0
0
0
0
0
0
0
0
0
0
5.4932e-09
0
0
0
0
0
0
0
1.05232e-06
1.9099e-06
1.2281e-06
4.18247e-07
3.89112e-08
0
0
0
0
0
0
0
0
0
0
0
0
0
0
0
0
0
0
2.65643e-08
7.85181e-08
1.36701e-07
1.76294e-07
1.71099e-07
1.21879e-07
1.15934e-07
1.31024e-07
1.56988e-07
2.15565e-07
1.61686e-07
1.48362e-07
1.99395e-07
2.4951e-07
3.05894e-07
4.60861e-07
4.00648e-07
2.54461e-07
1.92134e-07
1.58426e-07
1.27048e-07
9.73085e-08
7.76281e-08
6.96041e-08
6.95253e-08
7.62454e-08
8.68464e-08
9.72091e-08
1.04978e-07
1.11765e-07
1.21769e-07
1.39529e-07
1.58473e-07
1.69145e-07
1.73177e-07
1.72383e-07
1.69593e-07
1.68256e-07
1.6824e-07
1.68405e-07
1.69293e-07
1.62873e-07
1.41248e-07
1.09982e-07
8.32055e-08
8.36361e-08
8.70286e-08
7.79768e-08
6.35698e-08
4.84273e-08
4.28147e-08
4.68178e-08
5.02859e-08
4.94156e-08
3.76379e-08
1.19335e-08
0
0
0
0
1.55974e-09
2.70699e-09
2.18394e-09
2.0082e-09
4.74472e-10
0
0
0
0
1.64902e-08
1.63347e-08
4.68122e-09
0
0
0
1.20962e-09
1.13409e-08
1.3986e-08
5.34197e-09
0
0
1.77957e-09
5.89988e-09
2.81953e-09
0
0
0
0
1.82913e-08
3.26541e-08
8.00519e-09
0
0
0
0
0
0
0
0
0
0
0
0
0
0
0
0
5.77631e-09
6.27691e-09
2.6594e-09
0
0
0
0
0
0
4.70518e-09
4.9306e-09
2.01295e-09
0
0
0
0
0
0
0
0
0
0
0
0
0
0
0
0
0
0
0
0
0
0
0
0
0
0
0
0
0
0
0
0
0
0
0
0
0
2.42057e-07
8.97206e-07
1.79299e-06
1.01127e-06
2.67796e-07
2.49578e-08
0
0
0
0
0
0
0
0
0
0
0
0
0
0
0
0
1.43343e-09
2.02964e-08
4.19741e-08
7.81449e-08
1.23744e-07
1.43975e-07
1.19417e-07
1.06629e-07
1.28184e-07
1.69076e-07
1.88054e-07
1.30365e-07
1.05103e-07
1.13527e-07
1.43372e-07
2.24475e-07
3.93419e-07
4.60975e-07
3.62281e-07
2.61709e-07
1.90186e-07
1.32336e-07
8.78479e-08
6.16869e-08
5.2013e-08
5.12485e-08
5.56794e-08
6.47306e-08
7.67098e-08
8.96722e-08
1.00735e-07
1.10526e-07
1.22683e-07
1.39362e-07
1.55682e-07
1.65752e-07
1.70492e-07
1.70473e-07
1.66847e-07
1.64611e-07
1.64296e-07
1.65334e-07
1.68003e-07
1.63475e-07
1.41182e-07
1.06584e-07
6.99742e-08
6.73548e-08
7.72464e-08
6.80625e-08
5.36301e-08
3.98875e-08
3.38236e-08
3.79635e-08
4.10341e-08
3.90615e-08
2.73152e-08
4.03672e-09
0
0
0
0
2.49088e-09
2.06513e-09
0
0
0
0
0
0
0
2.16521e-08
3.71768e-08
2.07239e-08
3.69363e-09
0
0
0
4.19305e-09
1.28558e-08
1.24078e-08
3.15845e-09
0
0
8.52985e-10
3.9153e-09
1.0698e-09
0
0
0
4.64917e-09
3.76126e-08
6.28472e-08
3.35529e-08
0
0
0
0
0
0
0
0
0
0
0
0
0
0
0
0
0
0
0
0
1.00617e-08
1.8119e-08
2.13049e-08
1.93862e-08
1.29882e-08
4.58422e-09
0
0
0
0
0
0
0
0
0
0
0
0
0
0
0
0
0
0
0
0
0
0
0
0
0
0
0
0
0
0
0
0
0
0
0
0
0
1.46143e-07
4.37811e-07
5.5284e-07
9.95946e-07
4.52369e-07
1.36267e-07
6.50065e-08
1.88828e-08
0
0
0
0
0
0
0
0
0
0
0
0
0
0
2.11253e-09
1.42646e-08
2.47035e-08
3.37818e-08
4.63004e-08
6.09357e-08
6.78779e-08
6.74051e-08
7.32707e-08
8.68483e-08
1.04493e-07
1.17118e-07
1.17415e-07
1.19506e-07
1.31526e-07
1.70053e-07
2.63773e-07
4.07727e-07
4.8356e-07
3.99778e-07
2.5742e-07
1.41185e-07
7.26654e-08
4.12128e-08
3.16213e-08
3.26262e-08
3.80573e-08
4.59741e-08
5.65973e-08
6.97545e-08
8.47801e-08
9.84876e-08
1.11197e-07
1.26617e-07
1.4442e-07
1.59191e-07
1.67643e-07
1.71895e-07
1.71354e-07
1.66287e-07
1.6271e-07
1.62041e-07
1.64111e-07
1.6849e-07
1.65021e-07
1.40918e-07
1.01935e-07
5.15669e-08
3.70951e-08
5.832e-08
5.17251e-08
3.9308e-08
2.96983e-08
2.64213e-08
3.13962e-08
3.53606e-08
3.2265e-08
1.91626e-08
0
0
0
0
0
5.46453e-09
3.7329e-09
0
0
0
0
0
0
0
2.77852e-09
4.29452e-08
3.49659e-08
1.2453e-08
0
0
0
0
4.32157e-09
1.04885e-08
8.80746e-09
1.18462e-09
0
0
0
2.51202e-09
5.21347e-10
0
0
0
2.00206e-08
6.94595e-08
9.29476e-08
4.49307e-08
0
0
0
0
0
0
0
0
0
0
0
0
0
0
0
0
0
0
6.27271e-09
2.5877e-08
3.42275e-08
3.47469e-08
2.98993e-08
2.21412e-08
1.42459e-08
8.29138e-09
4.90423e-09
3.59847e-09
3.38615e-09
3.09001e-09
1.54647e-09
0
0
0
0
0
0
0
0
0
0
0
0
0
0
0
0
0
0
0
0
0
0
0
0
0
0
0
0
0
1.51056e-08
8.87935e-08
2.50041e-07
2.8896e-07
5.78501e-08
0
0
1.20572e-07
9.44937e-08
4.72795e-08
2.10919e-08
7.20592e-09
0
0
0
0
0
0
0
0
0
0
0
2.13582e-09
8.7151e-09
1.55303e-08
2.11705e-08
2.64542e-08
3.29389e-08
3.94996e-08
4.34301e-08
4.74415e-08
5.52345e-08
6.5591e-08
7.83424e-08
9.53734e-08
1.17578e-07
1.34845e-07
1.53599e-07
1.89147e-07
2.10173e-07
2.07833e-07
1.93405e-07
1.44863e-07
8.2822e-08
3.82357e-08
1.52291e-08
7.35154e-09
8.12706e-09
1.36549e-08
2.17251e-08
3.16522e-08
4.33513e-08
5.7197e-08
7.29119e-08
8.79837e-08
1.01798e-07
1.18369e-07
1.3764e-07
1.51256e-07
1.58981e-07
1.6289e-07
1.61047e-07
1.55369e-07
1.50913e-07
1.49789e-07
1.52461e-07
1.578e-07
1.54634e-07
1.30765e-07
9.10977e-08
2.90866e-08
0
2.65839e-08
2.69497e-08
1.90708e-08
1.61913e-08
1.81349e-08
2.47727e-08
3.06191e-08
2.82453e-08
1.32378e-08
0
0
0
0
3.44446e-09
8.5955e-09
5.78348e-09
0
0
0
0
0
0
0
0
2.52253e-08
3.80866e-08
1.90958e-08
1.89712e-09
0
0
0
0
1.48597e-09
6.21046e-09
5.30284e-09
0
0
0
0
3.50115e-09
3.11441e-09
0
0
5.21515e-09
4.74605e-08
9.44608e-08
9.28174e-08
1.8708e-08
0
0
0
0
0
0
1.48775e-08
3.14039e-08
2.92953e-08
2.66451e-08
2.22649e-08
1.68298e-08
0
0
0
0
2.54407e-08
5.11184e-08
6.47174e-08
7.00842e-08
6.98765e-08
6.55762e-08
5.8002e-08
4.85376e-08
3.89867e-08
3.03552e-08
2.23974e-08
1.40733e-08
4.41261e-09
0
0
0
0
0
0
0
0
0
0
0
0
0
0
0
0
0
0
0
0
0
0
2.22955e-09
3.28142e-09
0
0
0
0
0
0
7.77179e-08
2.04444e-07
3.10143e-07
1.91156e-07
0
0
5.26488e-08
9.94701e-08
6.32385e-08
3.38498e-08
2.02939e-08
1.31853e-08
7.40328e-09
1.16499e-09
0
0
0
0
0
0
0
0
4.73428e-09
8.24607e-09
1.23457e-08
1.68111e-08
2.07789e-08
2.47767e-08
2.9287e-08
3.33811e-08
3.61062e-08
3.94461e-08
4.4865e-08
5.25899e-08
6.31258e-08
7.64472e-08
9.22285e-08
1.05446e-07
1.15677e-07
1.24628e-07
1.17093e-07
9.77115e-08
6.47652e-08
2.49095e-08
3.01501e-10
0
0
0
0
0
6.97637e-10
1.08754e-08
2.37363e-08
3.92287e-08
5.60124e-08
7.17509e-08
8.58418e-08
1.0136e-07
1.20826e-07
1.34635e-07
1.4284e-07
1.46421e-07
1.43496e-07
1.38072e-07
1.3409e-07
1.33599e-07
1.37584e-07
1.43434e-07
1.39715e-07
1.1516e-07
7.61215e-08
1.05877e-08
0
0
0
0
0
6.81314e-09
1.6807e-08
2.51484e-08
2.56253e-08
9.9664e-09
0
0
0
0
7.64621e-09
9.81895e-09
5.18477e-09
0
0
0
0
0
0
0
0
0
2.71793e-08
2.0698e-08
4.50533e-09
0
0
0
0
0
0
2.67357e-09
2.5165e-09
0
0
0
1.21578e-09
8.34462e-09
6.94694e-09
9.1856e-11
2.19499e-09
2.98399e-08
7.11797e-08
8.64923e-08
5.25432e-08
0
0
0
0
0
0
5.84673e-08
1.04426e-07
1.08557e-07
9.30646e-08
7.52545e-08
5.7569e-08
0
0
0
0
0
0
0
3.58921e-08
7.75962e-08
9.86677e-08
9.6746e-08
7.63883e-08
4.81653e-08
2.02588e-08
0
0
0
0
0
0
0
0
0
0
0
0
0
0
0
0
0
0
0
3.25479e-09
1.04527e-08
1.7002e-08
2.20134e-08
2.53631e-08
2.81853e-08
3.19387e-08
3.67833e-08
4.1758e-08
4.62322e-08
5.05801e-08
4.86081e-08
3.89293e-08
5.64978e-08
1.36586e-07
2.85132e-07
3.06603e-07
1.73182e-07
3.16469e-08
5.6411e-09
3.19584e-08
2.5207e-08
5.64604e-09
0
0
0
0
4.2319e-09
1.3925e-08
8.02604e-09
0
0
0
0
2.35668e-09
1.22833e-08
1.5626e-08
1.70601e-08
1.83762e-08
1.95566e-08
2.07042e-08
2.26577e-08
2.56454e-08
2.8649e-08
3.10774e-08
3.37543e-08
3.78034e-08
4.43282e-08
5.35296e-08
6.39593e-08
7.18891e-08
7.19632e-08
6.18776e-08
5.47725e-08
6.96458e-08
5.96025e-08
6.84628e-09
0
0
0
0
0
0
0
0
0
0
7.31239e-09
2.61899e-08
4.2517e-08
5.75669e-08
7.32043e-08
9.05085e-08
1.054e-07
1.15402e-07
1.17542e-07
1.12645e-07
1.07728e-07
1.04181e-07
1.04073e-07
1.08858e-07
1.15376e-07
1.12284e-07
9.00995e-08
5.61483e-08
3.67501e-09
0
0
0
0
0
0
6.64275e-09
1.8612e-08
2.29741e-08
9.70953e-09
0
0
0
0
1.0005e-08
8.8397e-09
1.78413e-09
0
0
0
0
0
0
0
0
0
1.04996e-08
1.5218e-08
4.57038e-09
0
0
0
0
0
0
0
0
0
0
0
0
7.9671e-09
1.22933e-08
8.81254e-09
8.19075e-09
2.52603e-08
5.28591e-08
6.27487e-08
4.54132e-08
0
0
0
0
0
1.2517e-08
1.26128e-07
2.00809e-07
2.2056e-07
1.87457e-07
1.49996e-07
1.12195e-07
0
0
0
0
0
0
0
0
3.52598e-07
2.17104e-07
5.43138e-08
0
0
0
0
0
0
0
0
0
0
0
0
0
0
0
0
0
0
0
6.31275e-09
1.6538e-08
2.69442e-08
3.84792e-08
5.03327e-08
6.11112e-08
6.91526e-08
7.3481e-08
7.52483e-08
7.67833e-08
7.94937e-08
8.38216e-08
9.08301e-08
1.03247e-07
1.13181e-07
1.0853e-07
1.12881e-07
1.63939e-07
2.33671e-07
2.16482e-07
1.35924e-07
5.25116e-08
6.54291e-09
0
0
0
0
0
0
0
0
2.64029e-08
2.83593e-08
0
0
5.88362e-09
1.77999e-08
2.22972e-08
2.45051e-08
2.66544e-08
2.86153e-08
2.99584e-08
3.03686e-08
3.03189e-08
3.04628e-08
3.08945e-08
3.12884e-08
3.22772e-08
3.49091e-08
3.91835e-08
4.42953e-08
4.94103e-08
5.57029e-08
6.28815e-08
6.87271e-08
6.78021e-08
6.3228e-08
8.87911e-08
1.29543e-07
1.20428e-07
8.20718e-08
5.08771e-08
1.77728e-08
0
0
0
0
0
0
0
0
0
0
1.83825e-08
3.78017e-08
5.53614e-08
6.9154e-08
7.75999e-08
7.98953e-08
8.00013e-08
7.92559e-08
7.85224e-08
7.90734e-08
8.13512e-08
8.35985e-08
7.96589e-08
6.10858e-08
3.53763e-08
1.0595e-08
0
0
0
0
0
0
0
1.07271e-08
2.0229e-08
1.24358e-08
0
0
0
0
9.43399e-09
6.26422e-09
0
0
0
0
0
0
0
0
0
0
1.1273e-09
7.88707e-09
1.65045e-09
0
0
0
2.05983e-10
0
0
0
0
0
0
0
0
6.32644e-09
1.15996e-08
1.25034e-08
1.592e-08
2.92638e-08
4.41436e-08
4.3425e-08
2.70461e-08
0
0
0
0
0
9.71637e-08
2.45551e-07
3.44832e-07
3.799e-07
3.17778e-07
2.49125e-07
1.77343e-07
0
0
0
0
0
1.76726e-06
1.63947e-06
1.06219e-06
6.12905e-07
3.03577e-07
1.01015e-07
0
0
0
0
0
0
0
0
0
0
0
0
0
0
0
0
0
6.16168e-09
1.845e-08
2.83443e-08
3.73501e-08
4.75184e-08
6.00748e-08
7.45581e-08
8.95756e-08
1.04973e-07
1.20078e-07
1.32122e-07
1.43243e-07
1.52512e-07
1.60782e-07
1.70978e-07
1.8185e-07
1.86034e-07
1.82931e-07
1.8166e-07
2.00446e-07
2.12105e-07
1.84229e-07
1.30991e-07
7.0337e-08
1.47093e-08
0
0
0
0
0
0
9.59406e-09
8.40257e-08
1.80184e-07
1.69137e-07
7.29254e-08
2.91566e-08
1.18654e-08
5.3653e-09
5.22792e-09
9.18831e-09
1.54763e-08
2.19687e-08
2.7433e-08
3.11633e-08
3.27973e-08
3.2386e-08
3.05012e-08
2.82209e-08
2.72151e-08
2.79104e-08
3.06296e-08
3.59125e-08
4.37014e-08
5.41664e-08
5.97053e-08
5.27176e-08
3.88131e-08
6.9386e-08
1.50427e-07
1.6263e-07
1.67074e-07
1.77998e-07
1.71124e-07
1.28218e-07
5.6053e-08
0
0
0
0
0
0
0
0
0
0
0
2.03964e-08
3.67363e-08
4.25511e-08
4.50454e-08
4.76939e-08
5.06582e-08
5.44903e-08
5.83519e-08
6.09538e-08
6.20884e-08
5.55656e-08
3.66252e-08
1.96755e-08
3.29401e-08
1.86748e-07
3.01472e-08
0
0
0
0
0
0
9.83998e-09
8.42944e-09
0
0
0
0
2.34746e-09
0
0
0
0
0
0
0
3.74349e-09
1.42851e-08
1.02352e-08
3.35742e-09
6.05413e-09
6.38454e-09
0
0
0
0
1.11361e-09
2.98082e-09
0
0
0
0
0
0
1.48296e-10
5.6977e-09
8.09797e-09
1.06102e-08
1.93393e-08
3.26351e-08
3.74227e-08
2.75136e-08
1.10608e-08
0
0
0
0
5.24038e-08
2.55089e-07
4.38341e-07
5.38159e-07
5.64862e-07
4.5767e-07
3.49222e-07
2.31484e-07
0
0
0
0
0
9.16657e-08
1.75441e-07
1.73142e-07
1.02048e-07
4.03182e-09
0
0
0
0
0
0
0
0
0
0
0
0
0
0
0
0
1.84825e-09
1.51185e-08
2.7389e-08
3.92568e-08
5.14742e-08
6.49704e-08
8.07374e-08
9.92512e-08
1.18101e-07
1.35791e-07
1.53863e-07
1.74086e-07
1.92151e-07
2.0694e-07
2.21339e-07
2.3935e-07
2.5828e-07
2.71141e-07
2.74795e-07
2.73258e-07
2.73082e-07
2.74075e-07
2.54544e-07
2.15329e-07
1.62411e-07
1.00737e-07
3.87845e-08
0
0
0
0
0
0
0
0
0
0
1.2776e-09
1.45411e-08
2.44835e-08
3.14411e-08
3.40749e-08
3.22898e-08
2.72378e-08
2.00862e-08
1.31754e-08
7.51765e-09
2.91118e-09
0
0
0
0
0
7.02018e-09
2.79174e-08
5.12746e-08
7.01955e-08
5.8541e-08
0
0
0
0
0
0
7.15075e-08
1.47716e-07
1.32773e-07
1.12302e-08
0
0
0
0
0
0
0
0
0
0
0
0
0
0
0
0
6.84888e-09
1.36006e-08
2.04881e-08
2.85856e-08
3.60301e-08
3.36592e-08
2.29326e-08
3.04358e-08
9.74469e-08
1.88705e-07
7.65662e-08
6.03121e-09
0
0
0
0
0
1.26034e-09
1.66231e-08
0
0
0
0
0
0
0
0
0
0
0
0
2.6142e-09
1.88947e-08
3.16203e-08
3.1182e-08
2.59316e-08
1.63677e-08
2.34838e-09
0
0
0
0
1.68615e-09
3.86838e-09
1.27608e-09
0
0
0
0
4.38751e-09
6.64082e-09
4.85732e-09
7.61038e-09
2.02093e-08
3.29689e-08
3.11199e-08
1.59675e-08
1.79346e-09
3.01217e-09
1.83667e-08
2.14095e-08
5.9381e-08
2.69686e-07
5.50017e-07
7.03935e-07
7.43101e-07
7.22161e-07
5.49666e-07
4.09222e-07
2.44915e-07
0
0
0
0
0
0
0
0
3.16301e-08
7.98654e-08
9.58424e-08
7.63462e-08
5.09258e-08
4.8934e-08
7.42043e-08
1.0584e-07
1.14513e-07
8.68579e-08
3.70731e-08
0
0
0
0
0
0
1.43359e-08
3.80982e-08
6.32506e-08
8.86258e-08
1.12546e-07
1.33541e-07
1.51293e-07
1.67123e-07
1.83119e-07
1.98152e-07
2.10477e-07
2.21512e-07
2.33328e-07
2.4341e-07
2.55172e-07
2.68272e-07
2.81468e-07
2.98869e-07
3.15872e-07
3.2548e-07
3.29554e-07
3.26026e-07
3.08324e-07
2.76276e-07
2.3336e-07
1.81324e-07
1.23696e-07
6.70372e-08
2.07679e-08
0
0
0
0
0
1.12485e-08
3.86989e-08
4.79718e-08
3.8017e-08
2.36298e-08
1.85759e-08
2.45233e-08
3.48615e-08
4.25219e-08
4.39292e-08
3.84411e-08
2.7235e-08
1.28331e-08
0
0
0
0
0
0
0
1.97976e-08
5.34328e-08
9.33079e-08
1.25714e-07
1.16542e-07
5.37384e-08
0
0
0
0
0
0
0
0
0
0
0
0
1.43469e-06
3.88451e-06
3.46175e-06
2.29394e-06
1.2544e-06
5.36981e-07
1.4596e-07
0
0
0
0
0
0
0
0
1.36011e-08
1.96831e-08
1.80069e-08
1.07394e-08
1.41816e-08
5.01663e-08
1.26666e-07
1.67547e-07
1.04445e-07
3.15206e-08
0
0
0
0
0
5.81229e-09
5.14785e-08
5.31391e-08
2.03194e-08
0
0
0
0
0
0
0
2.48875e-09
0
0
0
1.12187e-08
2.98444e-08
4.27712e-08
4.54424e-08
3.55472e-08
1.58941e-08
0
0
0
0
0
0
3.0448e-09
1.78253e-09
0
0
6.03185e-09
1.30867e-08
1.07506e-08
4.26085e-09
7.3578e-09
2.28476e-08
3.46517e-08
2.94713e-08
1.45208e-08
4.98707e-09
1.96737e-08
6.57632e-08
1.62714e-07
4.11267e-07
7.19076e-07
8.547e-07
8.71221e-07
8.32244e-07
7.80739e-07
5.63683e-07
4.20587e-07
2.15133e-07
9.25817e-07
5.98681e-07
2.19358e-07
0
0
0
0
0
0
0
0
0
0
4.47532e-08
7.2173e-08
6.99673e-08
3.73963e-08
0
0
0
0
0
0
0
0
0
2.60915e-08
6.16958e-08
9.48332e-08
1.21786e-07
1.40739e-07
1.5246e-07
1.58817e-07
1.6146e-07
1.61981e-07
1.62169e-07
1.63895e-07
1.69119e-07
1.79638e-07
1.9673e-07
2.21135e-07
2.55237e-07
2.92568e-07
3.25178e-07
3.4642e-07
3.52923e-07
3.45083e-07
3.26469e-07
2.98875e-07
2.612e-07
2.12063e-07
1.6066e-07
1.13203e-07
7.49925e-08
4.91754e-08
3.54242e-08
3.35734e-08
4.44907e-08
6.69032e-08
9.41e-08
1.12946e-07
1.09878e-07
8.48072e-08
5.48363e-08
3.69588e-08
3.38033e-08
3.76245e-08
4.01256e-08
3.72384e-08
2.8244e-08
1.42294e-08
0
0
0
0
0
0
0
0
1.49189e-08
6.30831e-08
1.36746e-07
2.07531e-07
2.65832e-07
1.61181e-07
0
0
0
0
0
0
0
0
0
0
0
0
0
5.93161e-06
7.70698e-06
5.93355e-06
3.6044e-06
1.8607e-06
9.05566e-07
4.27826e-07
2.00889e-07
9.30015e-08
4.06314e-08
1.51278e-08
1.55264e-09
0
0
0
0
0
0
1.04732e-08
4.43709e-08
8.61374e-08
1.26327e-07
8.55041e-08
3.14479e-09
0
0
0
0
5.81591e-08
2.02056e-07
2.34536e-07
1.86603e-07
1.10253e-07
5.52543e-10
0
0
0
0
1.02313e-08
2.05563e-08
1.63851e-08
3.70277e-09
0
0
0
1.63407e-08
3.197e-08
4.19491e-08
4.31975e-08
3.20808e-08
1.12424e-08
0
0
0
0
0
0
0
0
3.56516e-10
1.40253e-08
2.40053e-08
1.84817e-08
7.62287e-09
1.14473e-08
3.04406e-08
4.67337e-08
5.45056e-08
6.23172e-08
7.24062e-08
1.31699e-07
3.15994e-07
4.38501e-07
3.95326e-07
4.50945e-07
5.31163e-07
5.99579e-07
6.15113e-07
6.20021e-07
4.34371e-07
3.45626e-07
1.25577e-07
4.92421e-07
5.51302e-07
4.84995e-07
3.74549e-07
2.8005e-07
2.23779e-07
1.99078e-07
1.92405e-07
1.93317e-07
1.95458e-07
1.95787e-07
1.91997e-07
1.81795e-07
1.6278e-07
1.33924e-07
9.82295e-08
6.34935e-08
3.79277e-08
2.36528e-08
1.53229e-08
5.7352e-09
0
0
0
0
0
0
1.23629e-08
5.187e-08
8.46622e-08
1.07183e-07
1.19826e-07
1.23964e-07
1.20882e-07
1.11824e-07
9.99822e-08
8.99792e-08
8.63016e-08
9.26898e-08
1.10533e-07
1.37836e-07
1.70548e-07
2.0693e-07
2.3882e-07
2.58901e-07
2.6506e-07
2.59701e-07
2.46514e-07
2.27123e-07
2.01656e-07
1.68433e-07
1.31215e-07
9.38998e-08
5.85523e-08
2.36914e-08
0
0
0
0
0
0
2.21228e-08
4.081e-08
4.48368e-08
4.4622e-08
4.52749e-08
4.60199e-08
4.35803e-08
3.55022e-08
2.14675e-08
3.76683e-09
0
0
0
0
0
0
0
0
0
8.35345e-09
8.74296e-08
1.25298e-07
2.88616e-08
2.32663e-08
0
0
0
0
0
0
1.20339e-07
7.76829e-09
0
0
0
0
0
0
0
0
0
1.04493e-07
2.31803e-07
1.87419e-07
7.82511e-08
0
0
0
0
0
0
0
0
0
0
0
0
0
0
0
0
0
0
0
2.5656e-07
9.03093e-07
1.11265e-06
9.27114e-07
6.27875e-07
3.48192e-07
6.64138e-08
0
0
0
0
3.15708e-08
5.02109e-08
3.96419e-08
1.14811e-08
0
0
0
0
1.37163e-08
2.18937e-08
2.95208e-08
3.45492e-08
2.74449e-08
1.00723e-08
0
0
0
0
0
0
0
0
6.20059e-10
1.30772e-08
8.77772e-09
0
0
7.96308e-09
6.58557e-08
1.53245e-07
1.93632e-07
1.64071e-07
1.07769e-07
7.23604e-08
6.02848e-08
6.76737e-08
1.02714e-07
1.51198e-07
2.16848e-07
2.52236e-07
2.85237e-07
1.75958e-07
1.65126e-07
2.05523e-08
5.87385e-08
1.70622e-07
2.39226e-07
2.53027e-07
2.10012e-07
1.19322e-07
6.93905e-09
0
0
0
2.18776e-07
7.4179e-07
1.21248e-06
1.36252e-06
1.20964e-06
9.08865e-07
5.96562e-07
3.42601e-07
1.72085e-07
7.55857e-08
2.40444e-08
0
0
0
0
0
0
3.06707e-08
8.44247e-08
1.41351e-07
1.91228e-07
2.26226e-07
2.4191e-07
2.37886e-07
2.16773e-07
1.82561e-07
1.44746e-07
1.13649e-07
9.47606e-08
9.05971e-08
9.96007e-08
1.16642e-07
1.36144e-07
1.51991e-07
1.59899e-07
1.60385e-07
1.56256e-07
1.49676e-07
1.40604e-07
1.29523e-07
1.17439e-07
1.0605e-07
9.68801e-08
8.6758e-08
6.87083e-08
3.29863e-08
0
0
0
0
0
0
0
0
0
2.97035e-09
7.4369e-09
9.16455e-09
7.68207e-09
3.83238e-09
0
0
0
0
0
0
0
0
0
0
0
0
0
0
0
0
0
0
0
0
0
7.43493e-07
1.23795e-06
5.72466e-07
1.09947e-07
0
0
0
0
0
0
0
0
1.17982e-08
4.31663e-08
0
0
0
0
0
0
0
0
0
0
0
0
0
0
0
0
0
0
0
0
7.91206e-07
2.36773e-06
2.82462e-06
2.39642e-06
1.7236e-06
1.19785e-06
7.49355e-07
0
0
0
0
0
2.98811e-08
6.29409e-08
3.05365e-08
0
0
0
0
0
3.45043e-08
1.20896e-07
1.81065e-07
1.73276e-07
1.07614e-07
2.66717e-08
0
0
0
0
0
0
0
0
0
0
0
0
0
0
1.14018e-08
2.29416e-08
2.24147e-08
1.3842e-08
5.4586e-09
0
0
9.85694e-09
2.70665e-08
5.83959e-08
6.37003e-08
7.47511e-08
2.50491e-08
4.41015e-08
0
0
0
7.99353e-08
1.38769e-07
1.32959e-07
8.11098e-08
2.5138e-08
3.42802e-09
3.3015e-08
9.86836e-08
1.58864e-07
1.83817e-07
1.90633e-07
2.17944e-07
2.79472e-07
3.56971e-07
4.25131e-07
4.64043e-07
4.41559e-07
3.71746e-07
2.84876e-07
2.04686e-07
1.4065e-07
9.25537e-08
5.77865e-08
3.60504e-08
2.56166e-08
2.46751e-08
3.26782e-08
5.09114e-08
7.9358e-08
1.12613e-07
1.39613e-07
1.49162e-07
1.38012e-07
1.11258e-07
7.85948e-08
5.01367e-08
3.38331e-08
3.13293e-08
4.00161e-08
5.51769e-08
7.19393e-08
8.63087e-08
9.50226e-08
9.71752e-08
9.42901e-08
8.90222e-08
8.30938e-08
7.74974e-08
7.19841e-08
6.80285e-08
6.55462e-08
6.23406e-08
5.57682e-08
4.17802e-08
1.25659e-08
0
0
0
1.76691e-08
1.90502e-08
9.67107e-09
0
0
0
0
0
0
0
0
0
0
0
0
1.92193e-07
3.27567e-08
0
0
0
0
0
0
0
0
0
0
0
0
0
0
9.14985e-07
1.09089e-06
2.07119e-07
0
0
0
0
0
0
0
0
0
0
0
0
0
0
0
0
0
0
0
0
0
0
0
0
0
0
0
0
0
0
0
0
1.74348e-07
1.15342e-06
1.45821e-06
1.21661e-06
8.20325e-07
3.03746e-07
0
0
0
0
0
0
3.78824e-08
5.47849e-08
0
0
0
0
0
8.66757e-09
8.49009e-08
1.16902e-07
9.67972e-08
4.66775e-08
5.90687e-09
0
0
0
0
0
0
0
0
0
0
0
0
0
0
2.74168e-09
4.572e-09
6.24652e-10
0
0
0
0
0
0
1.53143e-08
1.07888e-08
1.59854e-08
0
1.12875e-08
0
0
0
0
0
2.59037e-08
4.93588e-08
5.87397e-08
5.10979e-08
2.44432e-08
0
0
0
0
0
0
0
0
4.29465e-08
1.13227e-07
1.74726e-07
2.14707e-07
2.28851e-07
2.22315e-07
2.03314e-07
1.77388e-07
1.5226e-07
1.32462e-07
1.18384e-07
1.08092e-07
9.90915e-08
8.96785e-08
8.00507e-08
7.19371e-08
6.64724e-08
6.30419e-08
5.92838e-08
5.36261e-08
4.61173e-08
3.81126e-08
3.14348e-08
2.78329e-08
2.74514e-08
2.89392e-08
3.06827e-08
3.11515e-08
2.92734e-08
2.55227e-08
2.22302e-08
2.2837e-08
2.99121e-08
4.35693e-08
6.03154e-08
7.45378e-08
8.37168e-08
9.02323e-08
1.02525e-07
1.37831e-07
1.74027e-07
1.99071e-07
2.42355e-07
2.80546e-07
2.7633e-07
2.03592e-07
9.14975e-08
1.09864e-08
0
0
0
0
0
0
0
2.83035e-08
0
6.88926e-08
2.9285e-07
3.53887e-08
0
0
8.79686e-08
1.68743e-07
2.8398e-07
9.81942e-08
0
0
0
0
0
0
0
0
2.60716e-06
1.52832e-06
5.29159e-08
0
0
0
0
0
0
0
6.43054e-09
0
0
0
0
0
0
0
0
0
0
0
0
0
0
0
0
0
0
0
0
0
0
0
0
0
1.06753e-07
2.31491e-07
1.56794e-07
4.71553e-09
0
0
0
0
0
0
0
6.48039e-09
1.94622e-08
1.22391e-08
0
0
0
0
0
7.12393e-09
1.88381e-08
1.91159e-08
1.03446e-08
6.92489e-10
0
0
0
0
0
0
0
0
0
0
0
0
0
0
0
0
0
0
0
0
0
0
3.75014e-09
6.84512e-09
2.28227e-09
3.82111e-09
0
3.34981e-09
0
0
0
0
0
8.8355e-09
1.67136e-08
1.74837e-08
1.14387e-08
0
0
0
0
0
0
0
0
0
0
0
0
4.61212e-08
8.29332e-08
9.76557e-08
9.12775e-08
7.50896e-08
6.56577e-08
7.24641e-08
8.98019e-08
1.07455e-07
1.16649e-07
1.13421e-07
1.00549e-07
8.35466e-08
6.72619e-08
5.40957e-08
4.42125e-08
3.67656e-08
3.10438e-08
2.72098e-08
2.56681e-08
2.64507e-08
2.86034e-08
3.05891e-08
3.12524e-08
2.93324e-08
2.37068e-08
1.40317e-08
1.85444e-09
0
0
0
5.12012e-10
0
0
0
0
0
7.98827e-08
1.71964e-07
2.77839e-07
4.36018e-07
4.77249e-07
3.07645e-07
1.36331e-07
7.96065e-08
8.63408e-08
7.95638e-09
3.89049e-08
3.29074e-08
0
2.71107e-09
4.38604e-08
0
0
5.53747e-08
1.7927e-07
0
0
1.40223e-07
2.94136e-07
4.79905e-07
1.08444e-06
1.47114e-06
1.32921e-06
2.23744e-07
0
0
0
0
0
2.6153e-06
5.7831e-06
4.42794e-06
1.54166e-06
0
0
0
0
0
5.3406e-07
7.09275e-07
3.08939e-07
0
0
0
0
0
0
0
0
0
0
0
0
0
0
0
0
1.32599e-07
5.03427e-07
3.41412e-07
0
0
0
0
0
0
0
0
0
0
0
0
0
0
0
0
0
1.945e-09
5.1245e-09
1.05894e-09
0
0
0
0
0
3.46183e-09
7.82393e-09
6.66809e-09
2.52327e-09
0
0
0
0
0
0
0
0
0
0
0
0
0
0
0
0
0
0
0
0
0
2.8227e-10
3.3819e-09
3.16778e-09
1.95679e-09
4.27776e-10
8.93245e-10
0
1.03691e-09
0
0
0
0
0
6.65103e-09
1.40068e-08
1.97743e-08
2.40923e-08
2.68875e-08
2.75871e-08
2.46717e-08
1.55561e-08
0
0
0
0
0
0
0
0
0
0
0
0
0
0
0
0
0
1.36185e-08
3.44288e-08
4.98386e-08
5.74697e-08
5.69447e-08
4.98486e-08
3.88741e-08
2.67277e-08
1.55874e-08
6.88074e-09
1.49122e-09
0
0
0
0
0
0
0
0
0
0
0
0
0
0
0
0
0
0
0
1.64108e-09
8.43001e-09
5.17618e-09
9.003e-09
0
8.31171e-09
3.38543e-08
0
2.61928e-08
0
0
8.20238e-08
9.32526e-08
0
0
3.86908e-09
5.16505e-08
0
0
0
6.12577e-08
2.31534e-07
1.80256e-07
4.8058e-07
1.68972e-06
7.80513e-07
0
0
0
0
0
1.79811e-06
3.36099e-06
5.15448e-06
4.64698e-06
1.096e-07
0
0
0
6.16413e-07
1.36687e-06
1.08004e-06
2.85454e-07
0
0
0
0
0
0
0
0
0
0
0
0
0
0
0
1.9894e-08
6.85655e-07
1.19326e-06
9.09195e-07
1.9293e-07
0
0
0
8.92434e-08
1.10559e-07
0
0
0
0
0
0
0
0
0
0
0
0
0
0
0
0
0
0
0
2.30094e-09
2.6312e-09
1.17176e-09
0
0
0
0
0
0
0
0
0
0
0
0
0
0
0
0
0
0
0
0
3.1169e-10
1.38264e-09
1.81342e-09
1.23529e-09
7.43212e-10
2.81588e-10
8.85008e-11
1.94665e-10
0
3.39812e-10
0
0
6.0025e-09
1.35626e-08
2.10864e-08
2.99056e-08
4.04613e-08
5.2221e-08
6.35489e-08
7.25124e-08
7.84887e-08
8.13868e-08
8.0557e-08
7.5212e-08
6.55963e-08
5.33787e-08
4.08825e-08
2.97695e-08
2.03479e-08
1.17669e-08
2.69191e-09
0
0
0
0
0
0
0
0
0
0
0
0
0
0
0
0
0
0
0
0
0
0
0
0
0
0
0
0
0
0
0
0
0
0
0
0
2.49404e-09
2.02399e-09
3.21833e-10
0
0
2.86813e-09
0
0
4.86644e-08
5.56247e-08
4.85199e-09
2.66257e-08
0
0
1.56548e-07
1.93224e-07
2.2776e-08
0
0
0
0
0
0
0
0
0
0
7.14189e-07
7.37249e-07
0
6.58449e-06
1.36161e-05
8.17898e-06
8.68226e-06
0
4.77748e-07
4.80684e-06
3.68847e-06
3.04504e-06
0
0
0
9.30827e-07
1.55936e-06
8.03685e-07
0
0
0
0
0
0
0
0
0
0
0
0
0
0
0
0
2.51247e-08
8.17062e-07
1.56261e-06
1.33729e-06
4.50322e-07
0
0
0
1.68993e-07
1.06772e-07
0
0
0
0
0
0
0
0
0
0
0
0
0
0
0
0
0
0
4.34559e-10
6.65321e-10
3.18909e-10
0
0
0
0
0
0
0
0
0
0
0
0
0
0
0
0
0
0
3.3843e-10
7.40319e-10
8.30451e-10
7.78828e-10
5.13283e-10
3.73505e-10
1.36483e-10
1.08379e-10
1.9682e-12
2.68565e-11
3.06771e-11
0
1.14769e-10
0
0
0
0
1.39078e-10
9.59511e-10
1.65782e-09
2.1956e-09
2.54854e-09
2.71967e-09
2.74249e-09
2.63949e-09
2.45396e-09
2.19507e-09
1.82954e-09
1.38802e-09
9.13087e-10
4.02948e-10
0
0
0
0
0
0
0
0
0
0
0
0
0
0
0
0
0
0
0
0
0
0
0
0
0
2.49634e-11
3.39134e-10
5.41601e-10
6.3874e-10
6.51951e-10
5.19952e-10
4.40886e-10
3.47668e-10
1.81144e-11
3.99901e-10
1.66397e-09
1.45235e-09
0
0
0
0
2.12542e-09
4.31042e-09
4.74831e-09
1.4735e-08
3.76676e-09
1.48386e-08
1.31022e-07
1.37924e-07
5.71234e-08
8.44465e-08
0
0
2.2262e-07
4.07744e-07
2.32367e-07
0
7.17495e-08
3.91312e-07
0
0
0
0
0
0
0
2.90919e-06
3.53889e-06
8.47911e-07
5.73385e-06
7.10649e-06
3.14762e-06
7.84578e-06
2.03547e-06
3.67359e-06
7.77264e-06
5.11317e-06
2.74483e-06
2.68179e-06
9.55866e-07
0
6.13358e-07
6.98654e-07
0
0
0
0
0
0
0
0
0
0
0
0
0
0
0
0
0
0
3.35932e-07
1.28439e-06
1.44884e-06
7.79267e-07
7.48345e-08
0
0
1.76262e-07
1.05547e-08
0
0
0
0
0
0
0
0
0
0
2.43366e-09
2.96407e-09
1.80129e-09
6.29079e-10
0
0
0
8.67035e-11
1.91044e-10
1.89273e-10
1.22197e-10
4.57236e-11
0
0
0
0
0
0
0
0
0
1.82365e-11
0
0
0
1.46995e-10
3.02155e-10
4.06631e-10
4.80498e-10
4.5696e-10
3.64484e-10
2.15229e-10
1.26725e-10
3.65496e-11
3.09954e-11
0
8.62088e-12
0
2.56948e-12
0
0
3.44547e-11
0
0
0
0
0
0
0
0
0
0
0
0
0
0
0
0
0
0
0
0
0
0
0
0
0
0
0
0
0
0
0
0
0
0
0
0
0
0
0
0
0
0
0
0
0
0
1.0643e-10
8.98009e-10
1.68719e-09
2.85902e-09
4.35781e-09
6.58697e-09
1.14017e-08
1.83194e-08
2.03716e-08
1.29923e-08
0
0
0
0
0
0
0
0
0
1.79936e-07
2.36801e-07
1.66941e-07
2.49864e-07
0
0
6.64915e-08
5.05084e-07
3.96849e-07
0
8.1006e-08
1.22544e-06
1.06302e-06
0
0
0
0
0
1.72863e-06
6.18622e-06
5.84115e-06
4.08392e-07
2.15576e-07
0
0
0
3.63402e-06
8.29275e-06
1.19997e-05
9.88683e-06
3.67775e-06
1.14083e-06
2.9877e-07
7.1317e-08
0
0
0
0
0
0
0
0
0
0
0
0
0
0
0
0
0
0
0
0
2.11262e-08
2.6972e-07
8.33317e-07
1.10049e-06
5.93891e-07
1.5215e-07
0
0
0
0
0
0
0
0
0
0
0
6.56412e-10
4.6522e-09
5.53889e-09
4.04646e-09
2.02931e-09
6.65358e-10
5.44793e-12
0
0
1.23756e-10
2.3685e-10
2.78287e-10
2.54122e-10
1.97549e-10
1.34629e-10
8.27901e-11
5.59555e-11
5.42753e-11
5.54865e-11
5.09092e-11
6.75501e-11
1.21752e-10
1.79326e-10
1.91808e-10
1.65393e-10
1.44703e-10
1.56562e-10
1.75626e-10
1.73776e-10
1.5162e-10
1.31372e-10
9.54791e-11
6.06101e-11
1.95639e-11
5.65424e-12
0
0
0
0
0
0
0
0
8.37096e-13
0
0
0
0
0
0
0
0
0
0
0
0
0
0
0
0
0
0
0
0
0
0
0
0
0
0
0
0
0
0
0
0
0
0
0
0
0
0
0
0
0
0
0
0
0
0
0
0
8.46007e-10
2.63434e-09
5.23477e-09
9.75861e-09
1.99412e-08
4.02729e-08
7.02035e-08
8.72301e-08
4.10328e-08
0
0
0
0
0
0
0
0
0
7.36838e-08
1.47782e-07
3.21159e-07
8.9357e-08
0
0
2.627e-07
6.7011e-07
0
0
3.76515e-06
4.85979e-06
0
0
0
0
0
1.552e-07
1.91202e-06
5.80529e-06
3.18957e-06
0
0
0
0
0
3.5992e-06
1.83193e-05
1.83116e-05
6.18683e-06
3.9191e-07
1.75781e-08
0
0
0
0
0
0
0
0
0
0
0
0
0
2.18746e-08
3.06964e-08
0
0
0
0
0
0
1.97846e-08
3.58692e-08
1.19755e-07
5.90712e-07
1.4473e-06
8.67452e-07
0
0
0
0
0
0
0
0
0
0
0
2.96844e-09
4.12637e-09
3.53107e-09
2.19944e-09
9.8413e-10
2.56327e-10
0
0
4.7469e-12
1.1334e-10
1.90267e-10
2.19869e-10
2.01826e-10
1.60335e-10
1.19155e-10
9.06711e-11
7.96066e-11
8.01857e-11
7.74738e-11
6.69408e-11
6.41437e-11
7.64336e-11
8.70268e-11
7.57505e-11
5.02988e-11
3.19959e-11
3.18132e-11
3.50123e-11
3.05807e-11
2.23041e-11
1.79438e-11
1.1052e-11
6.28319e-12
0
0
0
0
0
0
0
0
0
0
0
0
0
0
0
0
0
0
0
0
0
0
0
0
0
0
0
0
0
0
0
0
0
0
0
0
0
0
0
0
0
0
0
0
0
0
0
0
0
0
0
0
0
0
0
0
0
0
0
0
4.16871e-10
2.03582e-09
6.65415e-09
2.70256e-08
1.11921e-07
3.26575e-07
3.82708e-07
2.10599e-07
5.148e-08
7.9636e-09
0
0
0
0
0
0
0
0
0
3.90709e-07
5.32668e-07
0
0
0
1.61151e-06
1.00288e-06
8.99971e-07
4.12488e-06
1.25882e-06
0
0
0
0
0
0
3.83465e-07
1.70136e-06
2.66435e-06
0
0
0
0
0
0
1.26419e-05
2.87921e-05
5.37237e-06
1.401e-07
0
0
0
0
0
0
0
0
0
0
0
0
0
3.33785e-08
4.47856e-08
1.91373e-08
0
0
0
0
0
1.48396e-08
2.40742e-08
1.81806e-08
2.84231e-08
1.91521e-07
1.08217e-06
2.20083e-07
0
0
0
0
0
0
0
0
0
0
0
1.41299e-09
1.7156e-09
1.37853e-09
8.61577e-10
3.90476e-10
1.07766e-10
0
0
9.05148e-12
5.34663e-11
8.25541e-11
9.31626e-11
8.57712e-11
6.86757e-11
5.10908e-11
3.78807e-11
3.08874e-11
2.73443e-11
2.24243e-11
1.60903e-11
1.44935e-11
1.89161e-11
2.16311e-11
1.49003e-11
2.94614e-12
0
0
0
0
2.97945e-13
1.08575e-12
3.6166e-13
9.66217e-14
0
0
0
0
0
0
0
0
0
0
0
0
1.31202e-08
9.58603e-09
1.72529e-08
2.21712e-08
2.00709e-08
1.69072e-08
1.43816e-08
1.18665e-08
9.7063e-09
7.65914e-09
6.01916e-09
4.5657e-09
3.63019e-09
2.68076e-09
2.34132e-09
1.8275e-09
2.19041e-09
1.44906e-09
1.79391e-09
3.61601e-10
1.22248e-09
0
1.18513e-09
0
0
3.33712e-09
1.59109e-09
3.4607e-09
4.73392e-09
4.91702e-09
4.26089e-09
4.05356e-09
3.57902e-09
3.26496e-09
2.82582e-09
2.48028e-09
2.09044e-09
1.87653e-09
1.57234e-09
1.53229e-09
1.34479e-09
1.59535e-09
1.19574e-09
1.46623e-09
5.40527e-10
1.22952e-09
0
1.40874e-09
0
0
5.84848e-10
0
3.45412e-10
6.77419e-10
9.07625e-10
8.24006e-10
9.41175e-10
9.21606e-10
9.71508e-10
9.41825e-10
9.4932e-10
8.99493e-10
9.22606e-10
8.94195e-10
9.63125e-10
9.43621e-10
1.1133e-09
9.30681e-10
1.12186e-09
6.53165e-10
1.12921e-09
2.46665e-10
1.40886e-09
0
0
4.63919e-11
0
0
0
0
0
2.07655e-11
7.99405e-11
1.58059e-10
2.04209e-10
2.86071e-10
3.52821e-10
4.20972e-10
5.07708e-10
6.05867e-10
6.49867e-10
7.81851e-10
7.2055e-10
9.26659e-10
6.84721e-10
1.19488e-09
4.67797e-10
1.67663e-09
8.74609e-11
6.84096e-10
0
0
0
0
0
0
0
0
0
0
0
0
0
0
0
0
0
0
0
0
0
0
0
0
0
0
0
0
0
0
0
0
0
0
0
0
0
0
0
0
0
0
0
0
0
0
0
0
0
0
0
0
0
0
0
0
0
0
0
0
0
0
0
0
0
0
0
0
0
0
0
0
0
0
0
0
0
0
0
0
0
0
0
0
0
0
0
0
0
0
0
0
0
0
0
0
0
0
0
0
0
0
0
0
0
0
0
0
0
0
0
0
0
0
0
0
0
0
0
0
0
0
0
0
0
0
0
0
0
0
0
0
0
0
0
0
0
0
0
0
0
0
0
0
0
0
0
0
0
0
0
0
0
0
0
0
0
0
0
0
0
0
0
0
0
0
0
0
0
0
0
0
0
0
0
0
0
0
0
0
0
0
0
0
0
0
0
0
0
0
0
0
0
0
0
0
0
0
0
0
0
0
0
0
0
0
0
0
0
0
0
0
0
0
0
0
0
0
0
0
0
0
0
0
0
0
0
0
0
0
0
0
0
0
0
0
0
0
0
0
0
0
0
0
0
0
0
0
0
0
0
0
0
0
0
0
0
0
0
0
0
0
0
0
0
0
0
0
0
0
0
0
0
0
0
0
0
0
0
0
0
0
0
0
0
0
0
0
0
0
0
0
0
0
0
0
0
0
0
0
0
0
0
0
0
0
0
0
0
0
0
0
0
0
0
0
0
0
0
0
0
0
0
0
0
0
0
0
0
0
0
0
0
0
0
0
0
0
0
0
0
0
0
0
0
0
0
0
0
0
0
0
0
0
0
0
0
0
0
0
0
0
0
0
0
0
0
0
0
0
0
0
0
0
0
0
0
0
0
0
0
0
0
0
0
0
0
0
0
0
0
0
0
0
0
0
0
0
0
0
0
0
0
0
0
0
0
0
0
0
0
0
0
0
0
0
0
0
0
0
0
0
0
0
0
0
0
0
0
0
0
0
0
0
0
0
0
0
0
0
0
0
0
0
0
0
0
0
0
0
0
0
0
0
0
0
0
0
0
0
0
0
0
0
0
0
0
0
0
0
0
0
0
0
0
0
0
0
0
0
0
0
0
0
0
0
0
0
0
0
0
0
0
0
0
0
0
0
0
0
0
0
0
0
0
0
0
0
0
0
0
0
0
0
0
0
0
0
0
0
0
0
0
0
0
0
0
0
0
0
0
0
0
0
0
0
0
0
0
0
0
0
0
0
0
0
0
0
0
0
0
0
0
0
0
0
0
0
0
0
0
0
0
0
0
0
0
0
0
0
0
0
0
0
0
0
0
0
0
0
0
0
0
0
0
0
0
0
0
0
0
0
0
0
0
0
0
0
0
0
0
0
0
0
0
0
0
0
0
0
0
0
0
0
0
0
0
0
0
0
0
0
0
0
0
0
0
0
0
0
0
0
0
0
0
0
0
0
0
0
0
0
0
0
0
0
0
0
0
0
0
0
0
0
0
0
0
0
0
0
0
0
0
0
0
0
0
0
0
0
0
0
0
0
0
0
0
0
0
0
0
0
0
0
0
0
0
0
0
0
0
0
0
0
0
0
0
0
0
0
0
0
0
0
0
0
0
0
0
0
0
0
0
0
0
0
0
0
0
0
0
0
0
0
0
0
0
0
0
0
0
0
0
0
0
0
0
0
0
0
0
0
0
0
0
0
0
0
0
0
0
0
0
0
0
0
0
0
0
0
0
0
0
0
0
0
0
0
0
0
0
0
0
0
0
0
0
0
0
0
0
0
0
0
0
0
0
0
0
0
0
0
0
0
0
0
0
0
0
0
0
0
0
0
0
0
0
0
0
0
0
0
0
0
0
0
0
0
0
0
0
0
0
0
0
1.70897e-09
0
0
0
0
0
0
0
0
0
0
0
0
0
0
0
0
0
0
0
0
0
0
0
0
2.38691e-08
0
0
0
0
0
0
0
0
0
0
0
0
0
0
0
0
0
0
0
0
0
0
0
0
5.84766e-08
0
0
0
0
0
0
0
0
0
0
0
0
0
0
0
0
0
0
0
0
0
0
0
0
9.44772e-08
6.97574e-09
0
0
0
0
0
0
0
0
0
0
0
0
0
0
0
0
0
0
0
0
0
0
0
1.2624e-07
3.2391e-08
0
0
0
0
0
0
0
0
0
0
0
0
0
0
0
0
0
0
0
0
0
0
0
1.45227e-07
4.48179e-08
0
0
0
0
0
0
0
0
0
0
0
0
0
0
0
0
0
0
0
0
0
0
0
1.4159e-07
4.53863e-08
0
0
0
0
0
0
0
0
0
0
0
0
0
0
0
0
0
0
0
0
0
0
0
1.21463e-07
3.49293e-08
0
0
0
0
0
0
0
0
0
0
0
0
0
0
0
0
0
0
0
0
0
0
0
8.32566e-08
1.44357e-08
0
0
0
0
0
0
0
0
0
0
0
0
0
0
0
0
0
0
0
0
0
0
0
3.5617e-08
0
0
0
0
0
0
0
0
0
0
0
0
0
0
0
0
0
0
0
0
0
0
0
0
1.05375e-08
0
0
0
0
0
0
0
0
0
0
0
0
0
0
0
0
0
0
0
0
0
0
0
0
3.33137e-09
0
0
0
0
0
0
0
0
0
0
0
0
0
0
0
0
0
0
0
0
0
0
0
0
1.25407e-09
0
0
0
0
0
0
0
0
0
0
0
0
0
0
0
0
0
6.29279e-12
0
4.85252e-11
0
1.20933e-10
0
0
5.24859e-10
0
0
0
0
0
0
0
2.21628e-12
1.29603e-11
2.84103e-11
3.81238e-11
6.11636e-11
6.33147e-11
1.01239e-10
9.21936e-11
1.43512e-10
9.2637e-11
1.95018e-10
5.19351e-11
2.84509e-10
0
4.47282e-10
0
2.84635e-10
2.5063e-10
0
0
0
0
0
4.44365e-13
2.74579e-11
5.75716e-11
7.80092e-11
1.09456e-10
1.21306e-10
1.46969e-10
1.40451e-10
1.7239e-10
1.57298e-10
2.03597e-10
1.52136e-10
2.40341e-10
1.1813e-10
3.12122e-10
2.58273e-11
4.63706e-10
0
1.91411e-10
1.54008e-10
0
0
0
0
2.50321e-11
9.10996e-11
1.29615e-10
1.67304e-10
1.76397e-10
1.94594e-10
1.89813e-10
1.95724e-10
1.79926e-10
1.86883e-10
1.60718e-10
1.90187e-10
1.43184e-10
2.07743e-10
1.12081e-10
2.56538e-10
4.61985e-11
3.82054e-10
0
5.05645e-11
1.10159e-10
0
1.09601e-12
9.57862e-11
1.56967e-10
2.32042e-10
2.73187e-10
2.62956e-10
2.43762e-10
2.12893e-10
1.9569e-10
1.73468e-10
1.70064e-10
1.56846e-10
1.57181e-10
1.3528e-10
1.54103e-10
1.18995e-10
1.63839e-10
9.53579e-11
1.94701e-10
5.29768e-11
2.78401e-10
0
0
1.90704e-10
0
5.62886e-10
5.1638e-10
3.88716e-10
3.04276e-10
2.23317e-10
1.62457e-10
1.26876e-10
9.6594e-11
8.05231e-11
6.79865e-11
7.20725e-11
6.82997e-11
7.53721e-11
6.33164e-11
7.59394e-11
5.26481e-11
8.13278e-11
3.76228e-11
9.89555e-11
1.51533e-11
1.40851e-10
0
0
6.63727e-10
6.93536e-10
1.1988e-09
4.92113e-10
1.36572e-10
0
0
0
0
0
0
0
0
0
0
0
0
0
0
0
1.49522e-12
0
1.53713e-11
0
0
1.2027e-09
1.33236e-09
8.27268e-10
1.20637e-10
0
0
0
0
0
0
0
0
0
0
0
0
0
0
0
0
0
0
0
0
0
)
;

boundaryField
{
    inlet
    {
        type            zeroGradient;
    }
    outlet
    {
        type            zeroGradient;
    }
    upperWall
    {
        type            zeroGradient;
    }
    lowerWall
    {
        type            zeroGradient;
    }
    frontAndBack
    {
        type            empty;
    }
}


// ************************************************************************* //
