/*--------------------------------*- C++ -*----------------------------------*\
  =========                 |
  \\      /  F ield         | OpenFOAM: The Open Source CFD Toolbox
   \\    /   O peration     | Website:  https://openfoam.org
    \\  /    A nd           | Version:  7
     \\/     M anipulation  |
\*---------------------------------------------------------------------------*/
FoamFile
{
    version     2.0;
    format      ascii;
    class       volScalarField;
    location    "0.06";
    object      s_0;
}
// * * * * * * * * * * * * * * * * * * * * * * * * * * * * * * * * * * * * * //

dimensions      [0 0 0 0 0 0 0];

internalField   nonuniform List<scalar> 
12225
(
1
1
1
1
1
1
1
1
1
1
1
1
1
1
1
1
1
1
1
1
1
1
1
1
1
1
1
1
1
1
1
1
1
1
1
1
1
1
1
1
1
1
1
1
1
1
1
1
1
1
1
1
1
1
1
1
1
1
1
1
1
1
1
1
1
1
1
1
1
1
1
1
1
1
1
1
1
1
1
1
1
1
1
1
1
1
1
1
1
1
1
1
1
1
1
1
1
1
1
1
1
1
1
1
1
1
1
1
1
1
1
1
1
1
1
1
1
1
1
1
1
1
1
1
1
1
1
1
1
1
1
1
1
1
1
1
1
1
1
1
1
1
1
1
1
1
1
1
1
1
1
1
1
1
1
1
1
1
1
1
1
1
1
1
1
1
1
1
1
1
1
1
1
1
1
1
1
1
1
1
1
1
1
1
1
1
1
1
1
1
1
1
1
1
1
1
1
1
1
1
1
1
1
1
1
1
1
1
1
1
1
1
1
1
1
1
1
1
1
1
1
1
1
1
1
1
1
1
1
1
1
1
1
1
1
1
1
1
1
1
1
1
1
1
1
1
1
1
1
1
1
1
1
1
1
1
1
1
1
1
1
1
1
1
1
1
1
1
1
1
1
1
1
1
1
1
1
1
1
1
1
1
1
1
1
1
1
1
1
1
1
1
1
1
1
1
1
1
1
1
1
1
1
1
1
1
1
1
1
1
1
1
1
1
1
1
1
1
1
1
1
1
1
1
1
1
1
1
1
1
1
1
1
1
1
1
1
1
1
1
1
1
1
1
1
1
1
1
1
1
1
1
1
1
1
1
1
1
1
1
1
1
1
1
1
1
1
1
1
1
1
1
1
1
1
1
1
1
1
1
1
1
1
1
1
1
1
1
1
1
1
1
1
1
1
1
1
1
1
1
1
1
1
1
1
1
1
1
1
1
1
1
1
1
1
1
1
1
1
1
1
1
1
1
1
1
1
1
1
1
1
1
1
1
1
1
1
1
1
1
1
1
1
1
1
1
1
1
1
1
1
1
1
1
1
1
1
1
1
1
1
1
1
1
1
1
1
1
1
1
1
1
1
1
1
1
1
1
1
1
1
1
1
1
1
1
1
1
1
1
1
1
1
1
1
1
1
1
1
1
1
1
1
1
1
1
1
1
1
1
1
1
1
1
1
1
1
1
1
1
1
1
1
1
1
1
1
1
1
1
1
1
1
1
1
1
1
1
1
1
5.82076e-05
0.000311774
0.000832906
0.00173491
0.00315143
0.00573478
0.00826071
0.0113087
0.0184355
0.0243969
0.0373687
0.0452408
0.0562811
0.0660154
0.0766636
0.0824244
0.0883766
0.0902459
0.089397
0.0864335
0.0817601
0.0769787
0.071799
0.0659107
0.0612962
0.0562384
0.0510696
0.045564
0.0400066
0.0358832
0.0278288
0.0101728
0.00169187
0.00091079
0.00167524
0.00300544
0.00474133
0.0069083
0.0104754
0.0144759
0.0184013
0.0272843
0.0338555
0.0401218
0.0889733
0.436001
0.76276
0.782849
0.774316
0.772793
0.772623
0.772985
0.77433
0.776199
0.776934
0.777234
0.777704
0.778748
0.780111
0.781206
0.781849
0.782454
0.783505
0.785031
0.786688
0.788224
0.789672
0.791111
0.792501
0.793494
0.794467
0.795299
0.79601
0.796638
0.797007
0.797164
0.797261
0.797274
0.797088
0.796955
0.796848
0.796394
0.795442
0.794346
0.793131
0.791873
0.790481
0.788818
0.786771
0.784124
0.781011
0.777945
0.774351
0.769919
0.764627
0.758393
0.751332
0.742827
0.732898
0.721573
0.708419
0.693572
0.676439
0.657
0.634723
0.608987
0.579208
0.544959
0.506076
0.462393
0.414079
0.361802
0.306876
0.251333
0.197812
0.149236
0.108219
0.0762097
0.0524948
0.0345935
0.0215359
0.0125565
0.00662365
0.00325108
0.00152288
0.000681
0.000291051
0.000119087
4.6717e-05
1.76203e-05
6.44373e-06
2.21199e-06
6.12195e-07
2.70543e-07
1.24219e-07
5.70047e-08
2.57807e-08
1.1424e-08
4.95914e-09
2.11082e-09
8.81563e-10
3.61444e-10
1.45564e-10
5.76181e-11
2.24319e-11
8.59641e-12
3.24567e-12
1.20864e-12
4.44477e-13
1.61629e-13
5.81691e-14
2.07284e-14
7.31381e-15
2.55391e-15
8.81582e-16
3.00266e-16
1.00659e-16
3.31537e-17
1.07286e-17
3.41189e-18
1.06655e-18
3.27753e-19
9.90117e-20
2.93992e-20
8.57795e-21
2.45852e-21
6.91855e-22
1.91059e-22
5.17438e-23
1.37323e-23
3.56818e-24
9.06629e-25
2.24982e-25
5.44072e-26
1.27981e-26
2.91529e-27
6.41565e-28
1.33708e-28
2.70065e-29
-4.16816e-30
4.35872e-05
0.00027944
0.00103444
0.00325215
0.00680667
0.0136956
0.0228135
0.0401009
0.0680547
0.105743
0.165954
0.210974
0.272617
0.327066
0.372658
0.409116
0.43006
0.448465
0.44965
0.446033
0.435368
0.417574
0.382263
0.341705
0.293945
0.230708
0.174414
0.129009
0.0935462
0.0691804
0.0526979
0.0348082
0.0211685
0.0137507
0.00955469
0.00733148
0.00748062
0.00911771
0.0142553
0.0352605
0.0483074
0.0517789
0.112381
0.470155
0.679262
0.767008
0.814678
0.82699
0.843355
0.856151
0.868081
0.8795
0.887667
0.894714
0.902098
0.907041
0.911924
0.915621
0.918851
0.9208
0.921767
0.922128
0.922062
0.920375
0.917407
0.913552
0.908197
0.902699
0.896564
0.891476
0.886163
0.881444
0.877661
0.87423
0.872204
0.870776
0.870206
0.869875
0.869772
0.869897
0.870813
0.872482
0.874408
0.876571
0.879369
0.88266
0.886164
0.890321
0.895128
0.899776
0.904688
0.910717
0.916981
0.923627
0.930998
0.938393
0.945831
0.952843
0.958456
0.963515
0.967996
0.971788
0.974892
0.977274
0.978986
0.980058
0.980529
0.980098
0.977679
0.972937
0.965418
0.954263
0.93827
0.915755
0.884542
0.841948
0.785226
0.712601
0.625337
0.528312
0.427196
0.329664
0.244143
0.175343
0.122674
0.0831051
0.0544763
0.0344807
0.021195
0.0126894
0.00741319
0.00423328
0.00236682
0.00129762
0.000698643
0.000369888
0.000192795
9.90225e-05
5.01508e-05
2.50548e-05
1.23485e-05
6.00313e-06
2.87765e-06
1.35955e-06
6.32772e-07
2.9003e-07
1.30925e-07
5.82824e-08
2.56702e-08
1.12302e-08
4.85784e-09
2.06403e-09
8.5768e-10
3.47398e-10
1.3671e-10
5.20586e-11
1.90767e-11
6.72198e-12
2.30961e-12
7.75601e-13
2.5486e-13
8.20015e-14
2.58433e-14
7.97904e-15
2.41343e-15
7.15108e-16
2.07527e-16
5.89749e-17
1.64045e-17
4.46545e-18
1.18856e-18
3.09274e-19
7.8543e-20
1.9471e-20
4.69386e-21
1.10201e-21
2.50256e-22
5.17781e-23
1.20318e-23
-1.91223e-23
1.67085e-05
0.000149756
0.00165933
0.00544901
0.0120552
0.0242103
0.0474891
0.10151
0.177374
0.311458
0.439106
0.548706
0.613004
0.650444
0.668522
0.680162
0.682009
0.681254
0.678198
0.675264
0.670569
0.661365
0.650702
0.63426
0.603148
0.57481
0.515623
0.437848
0.339227
0.224158
0.146615
0.098965
0.0660692
0.0475191
0.0324537
0.0268889
0.028871
0.0371106
0.0496969
0.0795008
0.260785
0.482935
0.662302
0.793547
0.84308
0.864855
0.874686
0.879147
0.882254
0.883714
0.884252
0.883946
0.881983
0.875616
0.86865
0.857432
0.850356
0.840884
0.833098
0.822502
0.814586
0.804945
0.796539
0.787437
0.780642
0.77469
0.769095
0.766093
0.764611
0.764216
0.764176
0.76482
0.766681
0.76949
0.772818
0.776414
0.780249
0.784137
0.787547
0.790093
0.791691
0.792652
0.793823
0.795372
0.796757
0.797818
0.7991
0.800879
0.802785
0.804879
0.80772
0.811431
0.815757
0.820706
0.827049
0.834932
0.844483
0.856439
0.871257
0.887789
0.904463
0.920464
0.935581
0.949211
0.961104
0.971214
0.979427
0.985758
0.990458
0.993912
0.996149
0.997353
0.997848
0.997936
0.997613
0.996205
0.99352
0.98929
0.982205
0.969383
0.945172
0.901282
0.8297
0.728049
0.604035
0.472691
0.350236
0.249265
0.172288
0.115634
0.0754147
0.0478761
0.0296463
0.0179716
0.0106947
0.00626346
0.0036182
0.00206567
0.00116751
0.000654263
0.000364046
0.000201197
0.000110194
5.96688e-05
3.18705e-05
1.67553e-05
8.65429e-06
4.38507e-06
2.17717e-06
1.05838e-06
5.03559e-07
2.34451e-07
1.0681e-07
4.76085e-08
2.07591e-08
8.85335e-09
3.69242e-09
1.50572e-09
6.00194e-10
2.33793e-10
8.89563e-11
3.30463e-11
1.19782e-11
4.23358e-12
1.45694e-12
4.88951e-13
1.60798e-13
5.18284e-14
1.63681e-14
5.06499e-15
1.53444e-15
4.55215e-16
1.31998e-16
3.74512e-17
1.03524e-17
2.79768e-18
7.31707e-19
1.86942e-19
4.5985e-20
9.28027e-21
1.45315e-05
0.000804234
0.00575504
0.0122987
0.0238685
0.0497319
0.109792
0.232982
0.458453
0.607581
0.67786
0.70828
0.719766
0.719886
0.717277
0.712439
0.702395
0.693294
0.681665
0.67345
0.668658
0.66444
0.659595
0.65456
0.645959
0.636408
0.624139
0.597346
0.56071
0.492513
0.375069
0.286324
0.17926
0.115501
0.0860227
0.0711377
0.0761842
0.113004
0.349494
0.524213
0.678417
0.778208
0.838504
0.866415
0.876436
0.879517
0.880133
0.878573
0.874414
0.865687
0.850959
0.835524
0.821561
0.805972
0.797678
0.7922
0.784964
0.780371
0.772509
0.766081
0.757397
0.749206
0.739959
0.734367
0.732048
0.730881
0.730357
0.730217
0.730591
0.732804
0.737447
0.743804
0.75081
0.757763
0.764261
0.770206
0.775742
0.781084
0.785879
0.788412
0.78949
0.79005
0.790583
0.790898
0.790897
0.790797
0.790759
0.790937
0.791331
0.792158
0.794052
0.796562
0.799509
0.802448
0.805686
0.809349
0.813574
0.818618
0.825317
0.834353
0.845486
0.858409
0.872947
0.888414
0.904138
0.919465
0.934036
0.948036
0.961649
0.97407
0.984448
0.991721
0.995837
0.99802
0.999069
0.999541
0.999731
0.999792
0.999799
0.999743
0.999512
0.998893
0.997391
0.993748
0.984599
0.960546
0.893963
0.766627
0.617513
0.467411
0.335935
0.232988
0.156918
0.102956
0.0660246
0.0415183
0.0256776
0.0156587
0.00943298
0.00561904
0.00330989
0.00192662
0.00110691
0.000626692
0.000349012
0.000190865
0.000102349
5.37566e-05
2.76334e-05
1.38962e-05
6.83493e-06
3.28805e-06
1.54719e-06
7.12176e-07
3.20699e-07
1.41283e-07
6.08941e-08
2.56776e-08
1.05927e-08
4.27454e-09
1.68699e-09
6.50987e-10
2.45537e-10
9.04907e-11
3.25695e-11
1.14432e-11
3.9204e-12
1.3092e-12
4.27531e-13
1.36771e-13
4.28298e-14
1.31324e-14
3.93601e-15
1.15431e-15
3.30019e-16
9.22456e-17
2.50064e-17
6.62098e-18
1.68705e-18
4.05018e-19
0.000314598
0.00898936
0.0151655
0.0236624
0.0452654
0.106156
0.266034
0.543325
0.669874
0.717547
0.730403
0.730169
0.725638
0.71194
0.679167
0.64702
0.607323
0.553503
0.525463
0.49172
0.488411
0.495273
0.513488
0.550278
0.581072
0.60617
0.613553
0.610451
0.602264
0.581992
0.537641
0.426497
0.330028
0.265392
0.150389
0.108772
0.210073
0.526529
0.672341
0.755604
0.826092
0.858029
0.871888
0.876115
0.87681
0.874908
0.86628
0.848947
0.830455
0.816742
0.804183
0.798243
0.790971
0.784894
0.780046
0.775509
0.770689
0.766284
0.759587
0.753309
0.744834
0.735925
0.725389
0.716179
0.71201
0.709962
0.708812
0.70842
0.708736
0.712124
0.719511
0.728988
0.739185
0.749513
0.75904
0.767535
0.775037
0.782021
0.785901
0.786727
0.786698
0.786275
0.785516
0.784449
0.783348
0.78247
0.782266
0.782383
0.783106
0.784916
0.787986
0.791723
0.796069
0.800537
0.80459
0.808268
0.811865
0.815253
0.818955
0.823464
0.830805
0.842105
0.855353
0.870358
0.886296
0.902215
0.917114
0.930387
0.942
0.952604
0.962902
0.973569
0.983724
0.991294
0.99576
0.998067
0.999177
0.999666
0.999863
0.999938
0.999963
0.999968
0.999964
0.999936
0.999825
0.999466
0.998327
0.994673
0.98291
0.945001
0.828228
0.653347
0.488824
0.349875
0.242571
0.163883
0.10836
0.0703484
0.0449437
0.0282918
0.0175534
0.0107287
0.00645246
0.00381274
0.00220998
0.00125469
0.000696897
0.000378363
0.000200696
0.000103983
5.2625e-05
2.60193e-05
1.2571e-05
5.93639e-06
2.74054e-06
1.23705e-06
5.46037e-07
2.3571e-07
9.95078e-08
4.10807e-08
1.65829e-08
6.54413e-09
2.52401e-09
9.51189e-10
3.50111e-10
1.25829e-10
4.41331e-11
1.51022e-11
5.03483e-12
1.63822e-12
5.21375e-13
1.6234e-13
4.93915e-14
1.46919e-14
4.2616e-15
1.20725e-15
3.32279e-16
8.91576e-17
2.31335e-17
5.70306e-18
0.0105383
0.0169911
0.0216401
0.0363429
0.0891707
0.247069
0.571702
0.69718
0.733421
0.737351
0.731854
0.711221
0.668472
0.576177
0.489242
0.393058
0.329504
0.283114
0.259212
0.235423
0.224058
0.227188
0.239116
0.272621
0.325861
0.441198
0.543115
0.588485
0.59733
0.594289
0.579087
0.532547
0.434504
0.268129
0.149773
0.238349
0.57614
0.727533
0.796301
0.839385
0.861939
0.870113
0.872766
0.8733
0.867543
0.854202
0.830976
0.813722
0.803398
0.791651
0.784334
0.779296
0.772831
0.766913
0.760849
0.754264
0.74684
0.738784
0.728128
0.715203
0.702264
0.691586
0.680408
0.670511
0.665104
0.663121
0.662512
0.662745
0.665714
0.672372
0.681574
0.692457
0.70478
0.717992
0.731119
0.743192
0.753825
0.759813
0.762177
0.763433
0.764165
0.764593
0.764946
0.765625
0.766552
0.767808
0.769463
0.771138
0.77356
0.777032
0.78184
0.787734
0.794403
0.801383
0.808092
0.813803
0.817523
0.819648
0.820466
0.821243
0.823357
0.828405
0.840648
0.858523
0.876741
0.894787
0.911661
0.926696
0.939282
0.949346
0.957931
0.965688
0.973208
0.98087
0.988161
0.993696
0.996985
0.998645
0.999427
0.999769
0.99991
0.999965
0.999984
0.99999
0.99999
0.999987
0.99997
0.999898
0.999629
0.998635
0.995004
0.981921
0.936037
0.793989
0.608046
0.447096
0.318387
0.221085
0.150256
0.100167
0.0655553
0.0421123
0.0265302
0.01637
0.0098796
0.0058248
0.00335172
0.00188125
0.00102968
0.000549607
0.000286146
0.000145365
7.2084e-05
3.49046e-05
1.65094e-05
7.62952e-06
3.44561e-06
1.52088e-06
6.56162e-07
2.767e-07
1.14038e-07
4.59282e-08
1.80718e-08
6.94565e-09
2.60662e-09
9.5494e-10
3.41367e-10
1.19042e-10
4.0472e-11
1.34055e-11
4.33085e-12
1.36755e-12
4.21727e-13
1.2703e-13
3.73105e-14
1.06911e-14
2.97949e-15
8.0838e-16
2.12709e-16
5.339e-17
0.0195519
0.0201155
0.0272699
0.0683168
0.216881
0.574532
0.713757
0.743263
0.741054
0.725527
0.678805
0.579178
0.433755
0.341372
0.28232
0.246275
0.219869
0.205404
0.186814
0.17557
0.162077
0.150508
0.151223
0.158609
0.180447
0.234654
0.38041
0.532043
0.584011
0.593248
0.588587
0.552352
0.425557
0.217775
0.221949
0.567241
0.737185
0.805411
0.837519
0.854008
0.862462
0.865567
0.862754
0.853762
0.834551
0.805766
0.787411
0.77632
0.761893
0.748997
0.741171
0.734432
0.725096
0.714656
0.703462
0.692493
0.681371
0.670418
0.659965
0.651033
0.645559
0.641953
0.64025
0.639629
0.639649
0.641463
0.644868
0.648488
0.653819
0.66111
0.669743
0.679769
0.691159
0.703628
0.716173
0.728269
0.738549
0.746951
0.752677
0.756429
0.758887
0.760688
0.76206
0.763942
0.76593
0.768293
0.771918
0.775924
0.781012
0.787003
0.793955
0.801893
0.81075
0.820362
0.830385
0.840154
0.847755
0.851834
0.849901
0.840111
0.828324
0.821763
0.819916
0.826037
0.849523
0.878411
0.903328
0.923675
0.939505
0.951353
0.959494
0.965823
0.971948
0.977893
0.983511
0.988694
0.993163
0.996415
0.998313
0.999258
0.999691
0.999877
0.999952
0.999982
0.999992
0.999996
0.999996
0.999995
0.999989
0.999959
0.999838
0.999357
0.997499
0.990479
0.964769
0.873631
0.688317
0.517604
0.376773
0.267252
0.185126
0.125316
0.08287
0.0534882
0.0336617
0.0206364
0.0123161
0.00715355
0.00404378
0.00222531
0.00119268
0.000622905
0.000317192
0.000157559
7.63793e-05
3.61471e-05
1.67054e-05
7.54058e-06
3.32483e-06
1.43207e-06
6.02524e-07
2.47601e-07
9.93634e-08
3.89319e-08
1.48892e-08
5.55666e-09
2.02292e-09
7.18205e-10
2.48564e-10
8.38298e-11
2.75271e-11
8.82202e-12
2.75944e-12
8.42338e-13
2.50679e-13
7.27241e-14
2.05307e-14
5.63895e-15
1.50463e-15
3.84239e-16
0.0193259
0.0212869
0.0457801
0.170201
0.545512
0.724196
0.753875
0.746868
0.712104
0.642134
0.504641
0.391444
0.316216
0.268468
0.239645
0.222637
0.207347
0.197155
0.18084
0.16459
0.153564
0.136857
0.126006
0.126835
0.135554
0.16317
0.239587
0.425615
0.552539
0.590232
0.58808
0.541834
0.327796
0.232396
0.497777
0.72573
0.79846
0.827282
0.840521
0.847345
0.847116
0.835068
0.814172
0.787894
0.762368
0.74667
0.735679
0.724968
0.711378
0.698332
0.687506
0.678337
0.670099
0.662606
0.655223
0.649194
0.644569
0.640314
0.636855
0.635053
0.634294
0.634098
0.634555
0.636214
0.63837
0.642163
0.646645
0.651244
0.657649
0.665917
0.674513
0.68451
0.695384
0.70735
0.718818
0.730577
0.740481
0.748668
0.754083
0.757765
0.760849
0.763166
0.764477
0.766362
0.768771
0.771593
0.776008
0.780856
0.786741
0.793486
0.800822
0.808699
0.817265
0.826676
0.837312
0.849052
0.861934
0.875251
0.886915
0.894131
0.888381
0.860423
0.827194
0.81067
0.807527
0.822461
0.866121
0.907906
0.93606
0.95395
0.965949
0.973071
0.976552
0.979596
0.983457
0.987565
0.991309
0.99438
0.996727
0.998314
0.999218
0.999663
0.999862
0.999946
0.999979
0.999992
0.999997
0.999998
0.999998
0.999998
0.999993
0.999973
0.999887
0.999541
0.998188
0.993064
0.974235
0.907365
0.736828
0.561822
0.414133
0.296526
0.20641
0.139668
0.0918215
0.0586223
0.0363354
0.0218654
0.0127785
0.0072567
0.0040071
0.00215315
0.00112664
0.000574443
0.00028556
0.000138463
6.55101e-05
3.02504e-05
1.36356e-05
6.00031e-06
2.5777e-06
1.08099e-06
4.42467e-07
1.76742e-07
6.88801e-08
2.61844e-08
9.7064e-09
3.50775e-09
1.2354e-09
4.23917e-10
1.41641e-10
4.61005e-11
1.46351e-11
4.5311e-12
1.36729e-12
4.01998e-13
1.15044e-13
3.20258e-14
8.66988e-15
2.25285e-15
0.0191544
0.0274465
0.100486
0.431614
0.720355
0.765584
0.756822
0.709626
0.62777
0.534497
0.423425
0.333464
0.284157
0.25478
0.236549
0.233697
0.222979
0.202012
0.173685
0.15686
0.139988
0.119851
0.103764
0.0984957
0.100121
0.123382
0.226156
0.433489
0.557876
0.592405
0.582588
0.455547
0.289404
0.371339
0.692596
0.787056
0.816122
0.826061
0.830295
0.816411
0.773427
0.740072
0.71819
0.706397
0.698168
0.692905
0.687536
0.680114
0.670998
0.661968
0.654304
0.648637
0.64526
0.642691
0.639603
0.636895
0.634162
0.631148
0.628275
0.626884
0.626208
0.625977
0.626042
0.626878
0.628106
0.632527
0.638219
0.642817
0.651001
0.66068
0.671519
0.683526
0.696495
0.710392
0.723204
0.73552
0.745773
0.753755
0.758212
0.76036
0.761804
0.762747
0.762945
0.76265
0.763014
0.764022
0.766442
0.769958
0.774782
0.780834
0.787307
0.793899
0.799992
0.805313
0.810255
0.816003
0.825766
0.844723
0.872461
0.897731
0.915552
0.921818
0.9088
0.85299
0.806753
0.794837
0.800654
0.84169
0.906471
0.94539
0.965605
0.976934
0.9838
0.986885
0.988033
0.98946
0.991659
0.994045
0.996103
0.997637
0.998684
0.999336
0.999696
0.999871
0.999948
0.99998
0.999993
0.999997
0.999999
0.999999
0.999999
0.999998
0.999994
0.999973
0.999888
0.999548
0.998252
0.993471
0.976228
0.915869
0.752839
0.574685
0.422857
0.300902
0.207151
0.137994
0.0889697
0.0555432
0.0335983
0.0197095
0.0112233
0.00620965
0.00334129
0.00174988
0.00089257
0.000443667
0.000215001
0.000101608
4.68408e-05
2.10659e-05
9.2432e-06
3.95674e-06
1.65229e-06
6.72986e-07
2.67308e-07
1.03517e-07
3.90749e-08
1.43737e-08
5.1512e-09
1.79811e-09
6.11137e-10
2.02167e-10
6.51778e-11
2.04805e-11
6.27017e-12
1.86968e-12
5.42722e-13
1.53255e-13
4.21124e-14
1.11352e-14
0.019444
0.0461192
0.230488
0.679305
0.773484
0.769253
0.725006
0.663416
0.601004
0.503741
0.390213
0.313978
0.279419
0.270209
0.278139
0.264766
0.224025
0.13972
0.0898612
0.069715
0.0723635
0.0695337
0.0675446
0.0733583
0.0904323
0.130984
0.264356
0.480706
0.580064
0.58892
0.527593
0.358465
0.336557
0.631782
0.771559
0.806908
0.814801
0.815244
0.794137
0.722411
0.675586
0.657258
0.649266
0.646868
0.650436
0.653562
0.65252
0.649748
0.646059
0.64242
0.639996
0.638695
0.637356
0.634375
0.630445
0.62556
0.619604
0.61241
0.604208
0.595351
0.588214
0.580953
0.576719
0.574785
0.574274
0.577813
0.583202
0.588281
0.597593
0.606092
0.619776
0.63321
0.651328
0.670589
0.690809
0.708649
0.723497
0.735628
0.744507
0.748907
0.750617
0.750935
0.750841
0.752419
0.754154
0.756146
0.758838
0.762711
0.768364
0.775673
0.783446
0.791038
0.797274
0.801041
0.801867
0.798941
0.791332
0.785093
0.78886
0.820351
0.876565
0.92067
0.935413
0.931492
0.882189
0.810047
0.790839
0.795599
0.830815
0.90884
0.954227
0.974915
0.984918
0.990552
0.993495
0.994534
0.99484
0.995417
0.996466
0.997595
0.998523
0.999163
0.999557
0.999783
0.999902
0.999959
0.999984
0.999994
0.999998
0.999999
1
1
0.999999
0.999998
0.999991
0.999963
0.99985
0.99942
0.997843
0.992155
0.972086
0.902728
0.728074
0.54781
0.396264
0.276112
0.185528
0.120342
0.0754404
0.0457631
0.026897
0.0153356
0.00849157
0.00457079
0.00239365
0.00122034
0.000606002
0.000293235
0.000138301
6.359e-05
2.85066e-05
1.24596e-05
5.30938e-06
2.20552e-06
8.92974e-07
3.52327e-07
1.35438e-07
5.07151e-08
1.84944e-08
6.56702e-09
2.27e-09
7.63604e-10
2.50077e-10
7.97837e-11
2.47923e-11
7.50162e-12
2.20967e-12
6.33276e-13
1.7669e-13
4.75374e-14
0.0209569
0.0883818
0.456528
0.754355
0.781441
0.752486
0.705809
0.657796
0.597917
0.495261
0.380022
0.311895
0.312865
0.309326
0.305795
0.270569
0.187648
0.0941184
0.0593234
0.0528108
0.0541006
0.0580547
0.0650112
0.0779421
0.109065
0.192479
0.415824
0.555162
0.579918
0.548188
0.410396
0.37254
0.525261
0.749199
0.801833
0.811638
0.807757
0.781042
0.707083
0.640711
0.616006
0.607588
0.605619
0.608362
0.62021
0.63227
0.636089
0.636823
0.63656
0.635922
0.634013
0.631043
0.625125
0.616528
0.605968
0.592433
0.577771
0.562481
0.547981
0.537476
0.529714
0.523828
0.520744
0.519802
0.523448
0.52985
0.535188
0.543012
0.551902
0.561227
0.570497
0.579035
0.58957
0.600981
0.616314
0.636116
0.657659
0.677043
0.694536
0.710081
0.722822
0.735372
0.745917
0.751364
0.755302
0.759734
0.764554
0.770435
0.779575
0.792754
0.808809
0.825996
0.841494
0.851115
0.852118
0.843346
0.817507
0.787383
0.768545
0.764828
0.77849
0.843435
0.91765
0.940022
0.937243
0.889499
0.816239
0.79763
0.805082
0.847447
0.921912
0.964289
0.982762
0.990886
0.994942
0.997027
0.997934
0.998193
0.99822
0.998316
0.998713
0.999189
0.999532
0.99975
0.999875
0.999941
0.999974
0.999989
0.999996
0.999998
0.999999
1
1
1
0.999999
0.999996
0.999984
0.999936
0.999751
0.999069
0.996597
0.987795
0.957009
0.851049
0.655383
0.479327
0.336472
0.227172
0.147787
0.092804
0.0563475
0.0331309
0.0188901
0.0104564
0.00562461
0.00294239
0.00149785
0.000742338
0.000358306
0.000168474
7.71793e-05
3.44499e-05
1.49826e-05
6.34839e-06
2.62036e-06
1.05344e-06
4.12418e-07
1.57205e-07
5.83344e-08
2.10692e-08
7.40589e-09
2.53295e-09
8.42914e-10
2.73116e-10
8.61637e-11
2.64632e-11
7.91211e-12
2.30201e-12
6.52261e-13
1.7853e-13
0.025365
0.157301
0.597553
0.773798
0.780261
0.743499
0.708019
0.686995
0.63896
0.522925
0.400822
0.350013
0.329077
0.333792
0.336363
0.319596
0.243245
0.133693
0.0881115
0.0726617
0.0696745
0.0765717
0.0948063
0.13774
0.241934
0.420883
0.530045
0.557136
0.542369
0.443198
0.412008
0.465449
0.716419
0.797294
0.812229
0.811088
0.783145
0.716345
0.63418
0.595959
0.583018
0.579827
0.580124
0.587879
0.603771
0.619663
0.625385
0.626595
0.626424
0.624424
0.621253
0.614058
0.604203
0.592935
0.580036
0.565093
0.54569
0.525693
0.506387
0.490079
0.475564
0.466997
0.462851
0.461505
0.46656
0.477544
0.494965
0.509459
0.525195
0.541109
0.552049
0.562197
0.570686
0.579059
0.588028
0.599102
0.615058
0.635217
0.657105
0.680897
0.705803
0.728255
0.744989
0.757781
0.766054
0.771255
0.775613
0.780837
0.790111
0.804816
0.824454
0.847907
0.873519
0.899251
0.92147
0.932744
0.9278
0.885298
0.809522
0.767582
0.760652
0.772365
0.835353
0.919731
0.942376
0.937604
0.885474
0.831781
0.821317
0.834
0.88673
0.942411
0.974467
0.988916
0.994914
0.997529
0.998739
0.999268
0.999468
0.999523
0.999533
0.999553
0.999652
0.999785
0.999879
0.999937
0.99997
0.999986
0.999994
0.999998
0.999999
1
1
1
1
1
0.999998
0.999992
0.999965
0.999865
0.999489
0.998102
0.993086
0.975241
0.912516
0.735781
0.540672
0.380792
0.257472
0.167552
0.105177
0.0638128
0.0374827
0.0213449
0.0117974
0.00633422
0.00330619
0.00167853
0.00082924
0.000398766
0.000186695
8.51081e-05
3.77785e-05
1.6328e-05
6.87063e-06
2.81433e-06
1.12204e-06
4.35342e-07
1.64359e-07
6.03741e-08
2.1576e-08
7.50093e-09
2.5365e-09
8.34716e-10
2.67376e-10
8.33611e-11
2.53002e-11
7.47331e-12
2.15039e-12
5.98621e-13
0.0337479
0.206775
0.645696
0.778442
0.777349
0.748363
0.746596
0.740342
0.69041
0.565863
0.436907
0.378539
0.358217
0.353123
0.360415
0.363422
0.354495
0.301544
0.234039
0.205045
0.195392
0.220947
0.274754
0.36774
0.466551
0.515164
0.531297
0.516785
0.458844
0.441601
0.473369
0.691037
0.795828
0.820955
0.823577
0.809488
0.766337
0.690359
0.606295
0.57516
0.566824
0.56544
0.567374
0.577149
0.594631
0.611835
0.618375
0.620311
0.620574
0.619437
0.614452
0.605039
0.592475
0.575746
0.553141
0.521007
0.483791
0.4463
0.409296
0.377644
0.351582
0.335942
0.328684
0.326422
0.337541
0.356331
0.381271
0.414163
0.453697
0.490113
0.519995
0.544179
0.559148
0.569671
0.577976
0.58542
0.594192
0.608402
0.629348
0.656339
0.687254
0.716189
0.74108
0.757775
0.766244
0.769949
0.771846
0.773227
0.777196
0.786383
0.802661
0.827607
0.859508
0.894452
0.926415
0.949347
0.96144
0.960935
0.931347
0.832658
0.776489
0.769116
0.787598
0.861468
0.931921
0.950178
0.943601
0.902124
0.871057
0.866818
0.88282
0.929864
0.964269
0.983873
0.993308
0.997265
0.998837
0.999478
0.999743
0.999846
0.999882
0.999893
0.9999
0.999913
0.999934
0.999957
0.999975
0.999987
0.999994
0.999997
0.999999
1
1
1
1
1
1
0.999999
0.999995
0.999977
0.99991
0.999653
0.998684
0.995107
0.982111
0.93557
0.783498
0.576791
0.40597
0.274098
0.178024
0.111508
0.0674986
0.039552
0.0224647
0.0123807
0.00662608
0.00344601
0.00174238
0.00085685
0.000409936
0.000190831
8.64435e-05
3.81033e-05
1.63422e-05
6.81918e-06
2.76805e-06
1.09293e-06
4.19707e-07
1.56752e-07
5.6936e-08
2.01124e-08
6.90955e-09
2.30893e-09
7.50815e-10
2.37597e-10
7.31907e-11
2.1946e-11
6.41154e-12
1.81452e-12
0.0370031
0.225496
0.661607
0.781246
0.781332
0.769536
0.767844
0.759506
0.723757
0.646768
0.51609
0.422294
0.388125
0.377129
0.375848
0.389105
0.397819
0.399843
0.395815
0.39103
0.397348
0.417329
0.449357
0.47654
0.499233
0.508103
0.48858
0.466838
0.461654
0.49593
0.677864
0.798289
0.833093
0.839298
0.835022
0.811094
0.76682
0.692747
0.606199
0.571498
0.561463
0.559625
0.561217
0.570914
0.589641
0.605617
0.61111
0.612579
0.612588
0.610267
0.600666
0.585505
0.5655
0.53655
0.49301
0.442519
0.393894
0.346377
0.308224
0.275506
0.24919
0.232402
0.223597
0.220289
0.227834
0.242749
0.26713
0.298666
0.335247
0.380521
0.43769
0.490461
0.529981
0.55613
0.572487
0.581974
0.588368
0.594389
0.603088
0.616999
0.641072
0.674192
0.705507
0.727489
0.738062
0.740692
0.739934
0.73779
0.73584
0.734355
0.735902
0.745178
0.770482
0.81963
0.884784
0.934069
0.961602
0.971608
0.969973
0.936482
0.839063
0.795254
0.793662
0.827275
0.904492
0.95064
0.964672
0.962757
0.946442
0.929259
0.923401
0.932399
0.96117
0.980694
0.991175
0.996282
0.998535
0.999437
0.999776
0.999904
0.999953
0.999969
0.999974
0.999977
0.999979
0.999983
0.999988
0.999992
0.999996
0.999998
0.999999
1
1
1
1
1
1
1
0.999999
0.999996
0.999982
0.999929
0.999718
0.998906
0.995836
0.984442
0.942916
0.800594
0.588673
0.412866
0.277682
0.179654
0.1121
0.0675983
0.0394556
0.0223179
0.0122455
0.00652243
0.00337447
0.00169655
0.000829166
0.000394026
0.000182083
8.18246e-05
3.57565e-05
1.51932e-05
6.27661e-06
2.52087e-06
9.84246e-07
3.73577e-07
1.37847e-07
4.94523e-08
1.72502e-08
5.85136e-09
1.9309e-09
6.1999e-10
1.93776e-10
5.89592e-11
1.74817e-11
5.0269e-12
0.0378293
0.228918
0.662724
0.783461
0.788923
0.778242
0.779051
0.786532
0.780005
0.729166
0.610608
0.49251
0.432617
0.407121
0.397669
0.395867
0.404627
0.418756
0.424861
0.435558
0.447052
0.456402
0.469237
0.474071
0.475517
0.472798
0.470612
0.479771
0.527511
0.69494
0.804524
0.843107
0.852902
0.853703
0.844553
0.820456
0.777472
0.712017
0.620466
0.574266
0.561497
0.558396
0.558641
0.565839
0.585073
0.60105
0.606539
0.607978
0.608269
0.60421
0.591291
0.573772
0.547008
0.502031
0.44617
0.384955
0.329
0.280006
0.240386
0.209458
0.186442
0.173176
0.167221
0.165524
0.17181
0.186997
0.2124
0.248443
0.284833
0.322862
0.366252
0.418279
0.469175
0.513648
0.552527
0.578126
0.591387
0.599329
0.603443
0.610073
0.622803
0.642103
0.665952
0.690158
0.709876
0.722761
0.728475
0.729638
0.728828
0.725166
0.720889
0.720189
0.723741
0.737867
0.782275
0.87055
0.936872
0.96858
0.977026
0.971583
0.924375
0.854193
0.833418
0.839202
0.887517
0.942012
0.969771
0.980506
0.982554
0.980839
0.974994
0.969595
0.969978
0.980167
0.990556
0.995786
0.998226
0.999293
0.999733
0.999901
0.999962
0.999984
0.999991
0.999994
0.999995
0.999995
0.999996
0.999997
0.999998
0.999999
0.999999
1
1
1
1
1
1
1
1
0.999999
0.999996
0.999984
0.999934
0.999733
0.99894
0.995873
0.984284
0.941473
0.794479
0.580532
0.404771
0.270697
0.174182
0.108107
0.0648424
0.0376391
0.0211677
0.0115436
0.0061086
0.00313847
0.00156622
0.0007594
0.000357805
0.000163837
7.29058e-05
3.15265e-05
1.32473e-05
5.40872e-06
2.14572e-06
8.27139e-07
3.09851e-07
1.12811e-07
3.99269e-08
1.3739e-08
4.59812e-09
1.49716e-09
4.74498e-10
1.46413e-10
4.40318e-11
1.28551e-11
0.034226
0.192117
0.622074
0.780801
0.792485
0.784693
0.784891
0.798156
0.804043
0.790754
0.739769
0.62771
0.513773
0.460752
0.433076
0.42162
0.418146
0.418699
0.428524
0.438117
0.444747
0.451224
0.459359
0.462704
0.470284
0.480765
0.511501
0.589432
0.73408
0.815401
0.848583
0.858993
0.860824
0.858294
0.847954
0.826792
0.790844
0.73537
0.656562
0.591088
0.566229
0.559441
0.55869
0.563056
0.579029
0.596231
0.602838
0.604852
0.603987
0.597576
0.583194
0.558669
0.518762
0.463123
0.399605
0.335217
0.276146
0.229997
0.194034
0.168634
0.151483
0.141363
0.136559
0.136769
0.141578
0.152163
0.170188
0.204915
0.255529
0.302395
0.3448
0.392336
0.443066
0.484533
0.517067
0.551181
0.584128
0.606778
0.625003
0.636608
0.642584
0.650715
0.668363
0.69306
0.720278
0.747574
0.767595
0.775396
0.774153
0.766535
0.745956
0.728873
0.724193
0.728289
0.747825
0.804615
0.88915
0.949287
0.976565
0.982175
0.974287
0.936508
0.903501
0.893518
0.901099
0.938958
0.969393
0.984898
0.991577
0.993847
0.994074
0.99325
0.991665
0.991001
0.99236
0.996044
0.998219
0.999256
0.999708
0.999891
0.999961
0.999986
0.999995
0.999998
0.999998
0.999999
0.999999
0.999999
1
1
1
1
1
1
1
1
1
1
1
1
0.999999
0.999996
0.999984
0.999933
0.999719
0.998855
0.995454
0.982422
0.933831
0.772466
0.559233
0.387056
0.257044
0.164278
0.101274
0.0603262
0.0347672
0.0194058
0.0104991
0.00550955
0.00280576
0.00138713
0.000665908
0.000310453
0.000140564
6.18081e-05
2.63932e-05
1.09448e-05
4.4077e-06
1.724e-06
6.55018e-07
2.41796e-07
8.67461e-08
3.02531e-08
1.026e-08
3.3849e-09
1.08697e-09
3.39865e-10
1.03584e-10
3.06755e-11
0.0242558
0.121085
0.515956
0.768733
0.798521
0.794087
0.790389
0.800463
0.814811
0.817802
0.805717
0.768456
0.689296
0.576311
0.508809
0.474403
0.453633
0.445763
0.443707
0.445583
0.451719
0.45924
0.469733
0.482917
0.509009
0.559494
0.667264
0.772464
0.824086
0.848831
0.85798
0.860424
0.860508
0.855829
0.843661
0.821683
0.786667
0.734865
0.667102
0.611124
0.579963
0.565778
0.561619
0.563402
0.571408
0.58913
0.597718
0.600078
0.598942
0.590855
0.573657
0.550129
0.507989
0.450542
0.384752
0.320507
0.262378
0.216925
0.183085
0.159543
0.143956
0.134934
0.13165
0.131891
0.135053
0.144493
0.16032
0.189125
0.241394
0.295365
0.340947
0.385991
0.43531
0.478812
0.510318
0.533795
0.556378
0.588587
0.625334
0.658689
0.686924
0.706212
0.725927
0.755472
0.792808
0.831716
0.866744
0.894011
0.907242
0.903084
0.867356
0.80128
0.76252
0.751399
0.755235
0.789961
0.869835
0.932818
0.969813
0.985717
0.988919
0.985794
0.976083
0.967273
0.960233
0.95998
0.972347
0.986738
0.994019
0.997102
0.998215
0.998475
0.998441
0.998288
0.998253
0.998376
0.998944
0.999464
0.999756
0.9999
0.999962
0.999986
0.999995
0.999998
0.999999
1
1
1
1
1
1
1
1
1
1
1
1
1
1
1
1
0.999999
0.999996
0.999982
0.999922
0.999669
0.99863
0.994488
0.978503
0.918688
0.736041
0.527425
0.361905
0.238355
0.151096
0.0923808
0.0545607
0.0311653
0.0172338
0.00923328
0.0047959
0.00241614
0.001181
0.000560176
0.000257858
0.000115193
4.99415e-05
2.10135e-05
8.58174e-06
3.40214e-06
1.30957e-06
4.89582e-07
1.7783e-07
6.27816e-08
2.1553e-08
7.19773e-09
2.3396e-09
7.4047e-10
2.28433e-10
6.85324e-11
0.0200401
0.080805
0.393231
0.736
0.800323
0.802423
0.795323
0.79763
0.816455
0.825925
0.827841
0.821007
0.798207
0.753485
0.682274
0.606195
0.56131
0.525495
0.508852
0.502478
0.502025
0.516103
0.538718
0.580951
0.646845
0.722336
0.783825
0.824537
0.842149
0.851372
0.855396
0.855011
0.848705
0.834521
0.810379
0.779768
0.742514
0.700504
0.656281
0.613718
0.586304
0.572033
0.566276
0.565781
0.56851
0.579214
0.59052
0.594209
0.593836
0.588662
0.573998
0.552056
0.512017
0.45635
0.391347
0.327399
0.269163
0.222871
0.188324
0.164238
0.148076
0.137977
0.135288
0.136028
0.139261
0.148074
0.168722
0.196122
0.241406
0.305122
0.365083
0.407811
0.44521
0.485666
0.519369
0.53853
0.552664
0.569627
0.597356
0.645347
0.687546
0.716665
0.743107
0.773731
0.808604
0.845583
0.882755
0.917699
0.946121
0.962241
0.961845
0.935778
0.860515
0.821224
0.813527
0.819713
0.867193
0.930079
0.966888
0.985455
0.993131
0.995167
0.995063
0.993765
0.992242
0.991343
0.991266
0.992821
0.996271
0.998302
0.999223
0.999536
0.999613
0.999622
0.999633
0.999674
0.999756
0.999836
0.999901
0.999948
0.999976
0.99999
0.999996
0.999999
1
1
1
1
1
1
1
1
1
1
1
1
1
1
1
1
1
1
0.999999
0.999995
0.999977
0.999897
0.999558
0.998157
0.992562
0.970994
0.89047
0.684175
0.485823
0.330125
0.215353
0.13521
0.0818567
0.0478528
0.0270445
0.0147907
0.00783366
0.0040203
0.00200003
0.000964713
0.000451228
0.000204669
9.00295e-05
3.84082e-05
1.58939e-05
6.38102e-06
2.48621e-06
9.40442e-07
3.45519e-07
1.23359e-07
4.2823e-08
1.44621e-08
4.7549e-09
1.52278e-09
4.7553e-10
1.44545e-10
0.0175717
0.0480073
0.248004
0.656282
0.792488
0.807339
0.802667
0.797372
0.804001
0.824728
0.832712
0.834384
0.832491
0.819626
0.793323
0.750975
0.7014
0.669427
0.647722
0.637198
0.634119
0.649134
0.680766
0.708311
0.750798
0.784955
0.813836
0.828857
0.838476
0.841995
0.836494
0.819957
0.78951
0.750581
0.711331
0.682275
0.658008
0.636597
0.618284
0.603999
0.58541
0.573223
0.567877
0.566838
0.567672
0.572134
0.582679
0.588137
0.588694
0.586504
0.576201
0.55711
0.522203
0.470983
0.40867
0.345522
0.287516
0.239474
0.203234
0.177759
0.160201
0.14796
0.145806
0.14719
0.151872
0.162553
0.185085
0.239414
0.295816
0.337384
0.390416
0.447585
0.485986
0.513098
0.540868
0.564247
0.572965
0.577383
0.587379
0.611366
0.65667
0.698875
0.727534
0.752328
0.78095
0.818505
0.861954
0.905728
0.942764
0.967737
0.979267
0.978573
0.960298
0.924024
0.911837
0.911022
0.91783
0.946213
0.970772
0.986185
0.994248
0.997477
0.998425
0.99854
0.998399
0.998233
0.998247
0.998531
0.999048
0.999455
0.999714
0.999838
0.99988
0.999889
0.999894
0.999908
0.999929
0.999951
0.99997
0.999983
0.999991
0.999996
0.999998
0.999999
1
1
1
1
1
1
1
1
1
1
1
1
1
1
1
1
1
1
1
0.999998
0.999993
0.999967
0.999851
0.999357
0.997323
0.989251
0.958359
0.844041
0.626622
0.439944
0.295577
0.190679
0.118368
0.0708295
0.0409124
0.0228382
0.012332
0.00644577
0.00326275
0.00159988
0.000760057
0.000349864
0.000156055
6.7457e-05
2.82638e-05
1.14818e-05
4.52405e-06
1.72975e-06
6.42126e-07
2.31575e-07
8.11891e-08
2.769e-08
9.19428e-09
2.9742e-09
9.38326e-10
2.88478e-10
0.0160127
0.0260198
0.140302
0.487179
0.760132
0.808501
0.811028
0.802016
0.798961
0.805849
0.825144
0.836118
0.838825
0.839106
0.835117
0.820365
0.793359
0.757956
0.735804
0.725932
0.722425
0.72408
0.742208
0.763341
0.784035
0.800211
0.811967
0.817593
0.815467
0.80272
0.777884
0.743795
0.70521
0.666172
0.640348
0.622659
0.60901
0.598258
0.589594
0.583222
0.577156
0.571451
0.56763
0.566754
0.567128
0.56937
0.576712
0.582973
0.584544
0.583905
0.579296
0.566719
0.539676
0.497695
0.440531
0.379276
0.320574
0.271414
0.230762
0.204261
0.185616
0.169768
0.167189
0.169228
0.176174
0.193107
0.231168
0.278519
0.341198
0.390364
0.423032
0.468437
0.513239
0.534402
0.549698
0.575282
0.600406
0.609211
0.60873
0.60963
0.623862
0.653507
0.674735
0.686126
0.706118
0.753246
0.817407
0.879052
0.929389
0.963563
0.982045
0.988604
0.988264
0.982954
0.98013
0.980199
0.982386
0.986908
0.990115
0.993183
0.996305
0.998417
0.999321
0.999555
0.999573
0.999545
0.999533
0.999575
0.999713
0.999831
0.999906
0.999945
0.99996
0.999963
0.999964
0.999965
0.999972
0.999982
0.999989
0.999994
0.999997
0.999998
0.999999
1
1
1
1
1
1
1
1
1
1
1
1
1
1
1
1
1
1
1
1
1
0.999998
0.999989
0.999948
0.99977
0.999012
0.995925
0.983818
0.93799
0.781997
0.567444
0.39301
0.260709
0.166043
0.101739
0.0600761
0.0342352
0.0188488
0.0100344
0.0051681
0.00257602
0.00124285
0.000580469
0.000262466
0.000114911
4.87245e-05
2.00163e-05
7.97018e-06
3.07783e-06
1.15344e-06
4.19784e-07
1.48484e-07
5.10845e-08
1.71098e-08
5.58329e-09
1.77706e-09
5.51627e-10
0.0155414
0.015529
0.0672469
0.278961
0.666464
0.794583
0.812959
0.811951
0.802476
0.799771
0.803203
0.81499
0.832851
0.840202
0.842423
0.842491
0.837477
0.82346
0.801232
0.781509
0.769832
0.766472
0.767825
0.777182
0.7912
0.7986
0.801306
0.800284
0.793058
0.777269
0.752971
0.722235
0.686134
0.646742
0.62162
0.604519
0.592283
0.583449
0.577175
0.57289
0.569055
0.566429
0.565543
0.565452
0.565666
0.566908
0.571994
0.578597
0.581308
0.581342
0.579614
0.573684
0.55879
0.527018
0.481673
0.427572
0.367834
0.316257
0.268736
0.239426
0.215841
0.200054
0.199816
0.2043
0.217146
0.245813
0.297743
0.346229
0.387133
0.433309
0.472753
0.508706
0.54426
0.566716
0.574672
0.584701
0.611677
0.634406
0.639776
0.637312
0.633195
0.638001
0.649661
0.658514
0.673464
0.708596
0.788942
0.867625
0.924775
0.961308
0.981869
0.991519
0.994939
0.995785
0.995925
0.99598
0.996285
0.997119
0.997876
0.998492
0.99902
0.999461
0.999739
0.999846
0.999864
0.999857
0.999846
0.999849
0.999883
0.999931
0.999962
0.999979
0.999985
0.999987
0.999987
0.999986
0.999987
0.999991
0.999995
0.999997
0.999999
0.999999
1
1
1
1
1
1
1
1
1
1
1
1
1
1
1
1
1
1
1
1
1
1
0.999999
0.999996
0.999982
0.999916
0.999629
0.998432
0.993624
0.975041
0.905487
0.710522
0.507545
0.346534
0.226576
0.142222
0.0858835
0.0499778
0.0280639
0.0152208
0.00797849
0.00404342
0.00198152
0.000939092
0.000430446
0.000190855
8.18811e-05
3.40048e-05
1.36776e-05
5.33184e-06
2.01592e-06
7.39864e-07
2.63816e-07
9.14761e-08
3.08745e-08
1.01525e-08
3.25616e-09
1.01924e-09
0.0157805
0.0115825
0.033859
0.135433
0.4349
0.734421
0.804542
0.813913
0.811643
0.802602
0.799497
0.799051
0.802691
0.813494
0.830874
0.840469
0.843664
0.843967
0.839507
0.829059
0.817289
0.806865
0.79859
0.794914
0.7965
0.798632
0.799006
0.797231
0.790549
0.776467
0.754094
0.725512
0.691764
0.651909
0.624391
0.605369
0.591943
0.582244
0.575393
0.570692
0.567052
0.564589
0.563433
0.563321
0.56347
0.564225
0.567131
0.573765
0.577763
0.578958
0.578607
0.576183
0.569235
0.55207
0.520531
0.47545
0.426986
0.378466
0.329924
0.300089
0.269498
0.257385
0.259349
0.26789
0.28812
0.322036
0.363613
0.40492
0.435475
0.467792
0.509429
0.541762
0.562245
0.578249
0.589547
0.605753
0.633266
0.659764
0.670674
0.670954
0.664425
0.65508
0.65417
0.658476
0.671176
0.70055
0.776359
0.862813
0.922947
0.960621
0.981812
0.992329
0.996725
0.998399
0.998982
0.999125
0.999157
0.999222
0.999359
0.999539
0.999705
0.999832
0.999912
0.999946
0.999952
0.99995
0.999942
0.999941
0.999947
0.999967
0.999982
0.99999
0.999994
0.999995
0.999995
0.999994
0.999994
0.999995
0.999997
0.999999
0.999999
1
1
1
1
1
1
1
1
1
1
1
1
1
1
1
1
1
1
1
1
1
1
1
1
0.999999
0.999993
0.999969
0.999859
0.999389
0.99746
0.989847
0.960834
0.853323
0.6373
0.448473
0.301207
0.193782
0.11972
0.0711716
0.0407775
0.0225418
0.0120312
0.00620216
0.00308854
0.00148581
0.000690576
0.000310148
0.000134641
5.65248e-05
2.29632e-05
9.0341e-06
3.44489e-06
1.27441e-06
4.57848e-07
1.59901e-07
5.43459e-08
1.79934e-08
5.81006e-09
1.83203e-09
0.0169284
0.0104021
0.0194323
0.0645678
0.202721
0.528825
0.753722
0.801291
0.808187
0.807106
0.79883
0.794559
0.793712
0.794099
0.80003
0.810194
0.829094
0.840019
0.84275
0.84215
0.839273
0.835475
0.83132
0.826646
0.819105
0.81097
0.806745
0.803665
0.79769
0.786868
0.770103
0.747104
0.721353
0.683971
0.648279
0.620765
0.600984
0.587193
0.577908
0.571823
0.567518
0.564701
0.563235
0.562619
0.562557
0.562794
0.564024
0.568246
0.573238
0.575701
0.576511
0.575644
0.572771
0.565295
0.549538
0.513592
0.479191
0.441231
0.399403
0.372642
0.343409
0.333109
0.335248
0.343786
0.360714
0.388708
0.418977
0.441611
0.475471
0.513044
0.54236
0.566998
0.586673
0.599081
0.611485
0.63398
0.666366
0.694047
0.705625
0.706271
0.701896
0.688093
0.682737
0.683214
0.687673
0.704896
0.770598
0.861706
0.925596
0.963316
0.983267
0.99305
0.997385
0.999032
0.999592
0.99975
0.999771
0.999768
0.999776
0.99982
0.999885
0.999934
0.999965
0.999979
0.999982
0.999981
0.999978
0.999975
0.999976
0.999983
0.99999
0.999995
0.999997
0.999998
0.999998
0.999998
0.999998
0.999998
0.999998
0.999999
1
1
1
1
1
1
1
1
1
1
1
1
1
1
1
1
1
1
1
1
1
1
1
1
1
1
0.999998
0.999988
0.999946
0.99976
0.998976
0.995817
0.983545
0.937292
0.7804
0.565407
0.390225
0.257439
0.162796
0.098917
0.0578576
0.0326182
0.0177374
0.00930679
0.00471227
0.0023024
0.0010856
0.000494044
0.000217081
9.21448e-05
3.78115e-05
1.50126e-05
5.77289e-06
2.15225e-06
7.78834e-07
2.73863e-07
9.36859e-08
3.12146e-08
1.01411e-08
3.21886e-09
0.0192864
0.0112827
0.014847
0.0365963
0.102203
0.259081
0.545971
0.72523
0.764504
0.772306
0.773299
0.773659
0.779449
0.785488
0.79031
0.794168
0.800856
0.810258
0.826207
0.836623
0.838579
0.838368
0.837786
0.836877
0.835381
0.83354
0.832058
0.830511
0.828331
0.824775
0.81869
0.807583
0.793351
0.771267
0.735134
0.687504
0.64258
0.612174
0.592166
0.579517
0.571524
0.566646
0.564008
0.562831
0.562485
0.562494
0.562824
0.564402
0.568503
0.571663
0.573141
0.57373
0.572566
0.569525
0.562358
0.542429
0.517936
0.490116
0.456918
0.435342
0.411102
0.399868
0.400856
0.40623
0.419802
0.439334
0.456713
0.47853
0.513648
0.549388
0.569742
0.580179
0.597044
0.622957
0.648662
0.676363
0.704721
0.725146
0.732894
0.733045
0.727471
0.71333
0.707658
0.707743
0.711423
0.725537
0.77777
0.873732
0.937644
0.97161
0.987654
0.994859
0.998019
0.999312
0.999764
0.999896
0.999922
0.999922
0.99992
0.999925
0.999948
0.99997
0.999984
0.999991
0.999993
0.999993
0.999991
0.99999
0.999989
0.999991
0.999995
0.999997
0.999998
0.999999
0.999999
0.999999
0.999999
0.999999
0.999999
1
1
1
1
1
1
1
1
1
1
1
1
1
1
1
1
1
1
1
1
1
1
1
1
1
1
1
0.999999
0.999996
0.999979
0.999904
0.999581
0.99825
0.992972
0.972705
0.89687
0.694555
0.492844
0.333624
0.216063
0.134261
0.0802223
0.0461562
0.025591
0.0136771
0.00704618
0.00349885
0.00167455
0.000772569
0.000343719
0.000147556
6.11719e-05
2.45136e-05
9.50611e-06
3.57149e-06
1.30162e-06
4.60733e-07
1.58599e-07
5.31588e-08
1.73693e-08
5.54691e-09
0.023416
0.0165271
0.0167075
0.027985
0.0689706
0.15931
0.316476
0.519854
0.643504
0.690985
0.715969
0.750054
0.772287
0.784795
0.788015
0.786469
0.791488
0.798428
0.80559
0.814322
0.823654
0.827712
0.828764
0.828417
0.826399
0.824584
0.823361
0.822737
0.823603
0.829173
0.832374
0.831491
0.82901
0.823632
0.812149
0.790677
0.75282
0.696519
0.643349
0.609186
0.587996
0.575403
0.568317
0.564729
0.563164
0.562684
0.562789
0.563308
0.565215
0.567972
0.569696
0.57041
0.570678
0.569491
0.566534
0.558864
0.542044
0.522992
0.497832
0.479657
0.459761
0.44935
0.449677
0.453217
0.461141
0.477987
0.49169
0.514018
0.547837
0.574458
0.586464
0.5963
0.618564
0.665375
0.701298
0.723226
0.737413
0.745845
0.748324
0.747453
0.739157
0.723749
0.717263
0.716929
0.720328
0.73882
0.808236
0.893087
0.947033
0.976268
0.990182
0.996177
0.998593
0.999513
0.999839
0.999942
0.999968
0.99997
0.999969
0.99997
0.999976
0.999986
0.999992
0.999996
0.999997
0.999997
0.999996
0.999995
0.999995
0.999996
0.999997
0.999998
0.999999
0.999999
1
1
1
1
1
1
1
1
1
1
1
1
1
1
1
1
1
1
1
1
1
1
1
1
1
1
1
1
1
1
1
1
1
0.999998
0.999992
0.999961
0.999826
0.999256
0.996942
0.987878
0.953342
0.82673
0.607309
0.422085
0.280139
0.178164
0.108839
0.0639641
0.0361914
0.0197188
0.0103444
0.00522388
0.00253921
0.00118817
0.000535431
0.000232525
9.74033e-05
3.93995e-05
1.54084e-05
5.83364e-06
2.14106e-06
7.62807e-07
2.6418e-07
8.90579e-08
2.92578e-08
9.39761e-09
0.0317404
0.0350089
0.0348017
0.0436904
0.0711152
0.138013
0.256686
0.409594
0.551121
0.646845
0.719942
0.779957
0.835733
0.859053
0.855087
0.810378
0.788306
0.794603
0.802179
0.807827
0.815877
0.821346
0.825173
0.827902
0.829366
0.832361
0.83371
0.834031
0.827961
0.815554
0.810967
0.810907
0.818155
0.825431
0.825498
0.822822
0.813765
0.79331
0.752066
0.693974
0.641724
0.605186
0.584161
0.572702
0.566873
0.56424
0.563334
0.563468
0.564197
0.565856
0.567176
0.567837
0.567996
0.567977
0.566921
0.56364
0.555434
0.545834
0.524873
0.508419
0.494201
0.486313
0.486461
0.488839
0.495382
0.503326
0.519899
0.549232
0.573172
0.586969
0.599361
0.620088
0.663702
0.714928
0.749747
0.763765
0.766706
0.766821
0.767507
0.766247
0.755188
0.735089
0.726886
0.726835
0.73251
0.760235
0.843257
0.915159
0.957561
0.980525
0.991806
0.996814
0.998845
0.999608
0.999875
0.999961
0.999984
0.999988
0.999988
0.999988
0.999989
0.999993
0.999996
0.999998
0.999999
0.999999
0.999998
0.999998
0.999998
0.999998
0.999999
0.999999
1
1
1
1
1
1
1
1
1
1
1
1
1
1
1
1
1
1
1
1
1
1
1
1
1
1
1
1
1
1
1
1
1
1
1
0.999999
0.999997
0.999984
0.999927
0.999678
0.998644
0.994505
0.978424
0.917496
0.731971
0.521901
0.355369
0.231581
0.144809
0.0870302
0.0503076
0.0279712
0.0149547
0.00768567
0.00379617
0.00180227
0.000822809
0.000361512
0.000153019
6.2475e-05
2.46379e-05
9.39869e-06
3.47332e-06
1.24532e-06
4.33829e-07
1.4706e-07
4.85649e-08
1.5685e-08
0.0519779
0.0422648
0.0542236
0.0749407
0.0863517
0.112826
0.187515
0.333221
0.487476
0.62024
0.742033
0.851086
0.877506
0.901471
0.936246
0.936419
0.842508
0.790455
0.799043
0.807058
0.816117
0.823467
0.831142
0.838149
0.844303
0.852213
0.86457
0.879163
0.891782
0.898232
0.892465
0.850301
0.811512
0.807814
0.812262
0.820671
0.820639
0.817607
0.806907
0.781601
0.73429
0.681486
0.63279
0.598682
0.580203
0.57073
0.566241
0.564587
0.564671
0.565389
0.566191
0.566556
0.56665
0.56663
0.56636
0.565138
0.562156
0.556109
0.54018
0.532121
0.523644
0.515054
0.513634
0.514696
0.51821
0.52758
0.549219
0.568888
0.587768
0.603672
0.624929
0.668494
0.729049
0.768479
0.783701
0.784058
0.783586
0.785748
0.79237
0.793347
0.787191
0.763716
0.752747
0.753604
0.764497
0.810656
0.893741
0.949053
0.977175
0.989987
0.995672
0.998187
0.999279
0.999733
0.999909
0.999972
0.99999
0.999994
0.999995
0.999995
0.999995
0.999996
0.999998
0.999999
0.999999
0.999999
0.999999
0.999999
0.999999
0.999999
0.999999
1
1
1
1
1
1
1
1
1
1
1
1
1
1
1
1
1
1
1
1
1
1
1
1
1
1
1
1
1
1
1
1
1
1
1
1
1
0.999999
0.999993
0.999968
0.999857
0.999384
0.99745
0.989793
0.960297
0.849706
0.63121
0.442001
0.295629
0.189535
0.116675
0.069003
0.0392003
0.0213809
0.0111907
0.00561926
0.00270736
0.00125227
0.00055659
0.000238007
9.80573e-05
3.89834e-05
1.49792e-05
5.57211e-06
2.00988e-06
7.0409e-07
2.39926e-07
7.96224e-08
2.58497e-08
0.943334
0.812455
0.680982
0.544786
0.386566
0.247056
0.212199
0.233503
0.311967
0.453817
0.594194
0.677982
0.730845
0.828438
0.914142
0.966111
0.968164
0.857536
0.790532
0.804063
0.823865
0.834172
0.838401
0.839981
0.840453
0.829979
0.807035
0.790058
0.797704
0.847068
0.903552
0.921043
0.909563
0.846546
0.809454
0.805435
0.810018
0.814815
0.8134
0.807556
0.791952
0.756615
0.712626
0.665325
0.622629
0.592898
0.577444
0.569839
0.566952
0.566224
0.566333
0.566413
0.566403
0.566333
0.566131
0.565565
0.564242
0.560011
0.55398
0.549859
0.539997
0.531777
0.530604
0.531674
0.536544
0.553798
0.570684
0.582936
0.60356
0.631119
0.679212
0.740575
0.788592
0.81034
0.813797
0.81353
0.813797
0.818366
0.834985
0.841166
0.839335
0.822297
0.810217
0.81245
0.829857
0.893424
0.953329
0.979853
0.991307
0.996268
0.998424
0.999352
0.999741
0.9999
0.999963
0.999987
0.999995
0.999998
0.999998
0.999998
0.999998
0.999998
0.999999
0.999999
1
1
1
1
1
1
1
1
1
1
1
1
1
1
1
1
1
1
1
1
1
1
1
1
1
1
1
1
1
1
1
1
1
1
1
1
1
1
1
1
1
1
1
1
0.999999
0.999997
0.999987
0.99994
0.999735
0.99888
0.995426
0.981903
0.93031
0.761449
0.549266
0.378625
0.249934
0.15822
0.0960859
0.0559513
0.0312155
0.0166743
0.00852539
0.00417319
0.00195716
0.000880417
0.000380448
0.000158189
6.34019e-05
2.45394e-05
9.18849e-06
3.33433e-06
1.1746e-06
4.02373e-07
1.34195e-07
4.38007e-08
0.999766
0.999005
0.997511
0.995011
0.990854
0.980585
0.948778
0.874996
0.697677
0.579249
0.585609
0.607928
0.68616
0.823274
0.913011
0.966069
0.988225
0.978277
0.857518
0.803092
0.816458
0.837816
0.841261
0.837052
0.815633
0.784264
0.767976
0.765364
0.771187
0.791296
0.844891
0.910557
0.936923
0.933159
0.884171
0.824244
0.801277
0.798804
0.803476
0.803845
0.800334
0.789842
0.764696
0.730758
0.692231
0.653796
0.618467
0.59101
0.577541
0.57125
0.56851
0.56729
0.56677
0.566501
0.566245
0.56577
0.564746
0.563007
0.560911
0.555601
0.546903
0.543942
0.544248
0.54709
0.558891
0.572676
0.581911
0.601217
0.635999
0.695261
0.761078
0.807309
0.832796
0.849508
0.86033
0.864083
0.866589
0.874791
0.90136
0.915419
0.916058
0.911292
0.907037
0.910763
0.933114
0.965345
0.983466
0.992365
0.996534
0.998457
0.999333
0.999723
0.99989
0.999958
0.999985
0.999995
0.999998
0.999999
0.999999
0.999999
0.999999
0.999999
1
1
1
1
1
1
1
1
1
1
1
1
1
1
1
1
1
1
1
1
1
1
1
1
1
1
1
1
1
1
1
1
1
1
1
1
1
1
1
1
1
1
1
1
1
1
1
0.999999
0.999995
0.999977
0.999896
0.99955
0.998128
0.99248
0.97064
0.888167
0.683248
0.488598
0.334044
0.218652
0.137015
0.0821167
0.0470156
0.025694
0.0133997
0.00667128
0.00317416
0.00144548
0.000631178
0.000264807
0.000106966
4.16877e-05
1.57067e-05
5.73216e-06
2.03003e-06
6.98917e-07
2.34211e-07
7.68475e-08
0.999999
0.999992
0.99997
0.999918
0.999801
0.99949
0.998431
0.995017
0.985082
0.95696
0.927103
0.934862
0.957189
0.979733
0.991446
0.996566
0.998541
0.998458
0.986118
0.883962
0.828753
0.831224
0.839706
0.837758
0.821912
0.791632
0.779497
0.780486
0.784301
0.794946
0.831173
0.895329
0.941076
0.95448
0.950634
0.913646
0.835816
0.806271
0.789849
0.786018
0.787439
0.78537
0.777079
0.758352
0.734255
0.70616
0.675665
0.646366
0.617363
0.594518
0.580743
0.573573
0.570076
0.568331
0.567288
0.566508
0.565795
0.564858
0.562788
0.55752
0.554951
0.555116
0.557915
0.568243
0.575946
0.583303
0.5996
0.63863
0.71258
0.788124
0.835309
0.856237
0.876537
0.901542
0.924355
0.935091
0.941142
0.953614
0.968571
0.975723
0.976546
0.975901
0.975636
0.976835
0.982207
0.989781
0.994596
0.997282
0.998686
0.999386
0.999724
0.999881
0.999952
0.999981
0.999993
0.999998
0.999999
1
1
1
1
1
1
1
1
1
1
1
1
1
1
1
1
1
1
1
1
1
1
1
1
1
1
1
1
1
1
1
1
1
1
1
1
1
1
1
1
1
1
1
1
1
1
1
1
1
1
1
1
1
0.999998
0.999991
0.999961
0.999826
0.999268
0.997032
0.988339
0.955377
0.834673
0.625038
0.444749
0.302381
0.196286
0.121451
0.0715159
0.0400378
0.0213085
0.010789
0.0052047
0.00239703
0.00105637
0.000446569
0.000181534
7.1132e-05
2.6927e-05
9.86866e-06
3.50859e-06
1.21244e-06
4.0772e-07
1.34319e-07
1
1
1
0.999999
0.999996
0.999989
0.999961
0.999858
0.99953
0.998143
0.997276
0.997579
0.998442
0.999172
0.999593
0.999804
0.999906
0.999899
0.998526
0.982616
0.901687
0.846973
0.839431
0.836908
0.83072
0.817654
0.801576
0.800033
0.80405
0.823172
0.883559
0.936004
0.967091
0.979984
0.980685
0.97511
0.945054
0.86125
0.808416
0.789526
0.774887
0.768488
0.765697
0.757401
0.743205
0.724546
0.703922
0.682922
0.660862
0.639754
0.618997
0.601254
0.587448
0.578813
0.573912
0.571086
0.569599
0.56818
0.566079
0.565405
0.566531
0.571193
0.57618
0.579584
0.585504
0.60099
0.645074
0.735242
0.810448
0.860554
0.884372
0.906619
0.932843
0.958856
0.973905
0.980803
0.984301
0.987904
0.991355
0.993336
0.993814
0.993833
0.993904
0.994249
0.995461
0.997133
0.998338
0.999098
0.999537
0.999773
0.999894
0.999952
0.99998
0.999992
0.999997
0.999999
1
1
1
1
1
1
1
1
1
1
1
1
1
1
1
1
1
1
1
1
1
1
1
1
1
1
1
1
1
1
1
1
1
1
1
1
1
1
1
1
1
1
1
1
1
1
1
1
1
1
1
1
1
1
0.999999
0.999997
0.999986
0.999937
0.999733
0.998915
0.995747
0.983836
0.939991
0.792971
0.589493
0.417958
0.282057
0.180691
0.109654
0.0629689
0.0342207
0.0176214
0.00861524
0.00400964
0.00178158
0.000757973
0.000309674
0.00012183
4.62709e-05
1.70058e-05
6.06108e-06
2.09935e-06
7.07511e-07
2.33724e-07
1
1
1
1
1
1
0.999999
0.999997
0.999991
0.999958
0.999955
0.999963
0.999975
0.999986
0.999992
0.999996
0.999998
0.999997
0.999868
0.997753
0.983784
0.932249
0.871245
0.849237
0.842029
0.828436
0.823458
0.826437
0.840082
0.889381
0.944739
0.971984
0.985147
0.991659
0.992998
0.992218
0.986795
0.966523
0.897128
0.827536
0.788393
0.771031
0.760067
0.74962
0.739222
0.724707
0.709167
0.69327
0.677642
0.662209
0.647515
0.632648
0.619127
0.607819
0.597936
0.589604
0.584527
0.58198
0.581662
0.58219
0.583118
0.584448
0.5861
0.589751
0.60284
0.657038
0.751916
0.81635
0.861646
0.894856
0.928189
0.954067
0.972067
0.983754
0.990579
0.994028
0.995763
0.996912
0.997764
0.998273
0.998481
0.998538
0.99857
0.998645
0.99888
0.999231
0.99952
0.999722
0.99985
0.999923
0.999962
0.999983
0.999992
0.999997
0.999999
1
1
1
1
1
1
1
1
1
1
1
1
1
1
1
1
1
1
1
1
1
1
1
1
1
1
1
1
1
1
1
1
1
1
1
1
1
1
1
1
1
1
1
1
1
1
1
1
1
1
1
1
1
1
1
1
0.999999
0.999995
0.999979
0.999911
0.999637
0.998591
0.994722
0.98079
0.931486
0.776309
0.575565
0.40509
0.269445
0.168897
0.0996521
0.0553638
0.0290131
0.0143801
0.00676316
0.0030289
0.00129627
0.000531914
0.000209937
7.99242e-05
2.94276e-05
1.05034e-05
3.64245e-06
1.22886e-06
4.06602e-07
1
1
1
1
1
1
1
1
1
1
1
1
1
1
1
1
1
1
0.999991
0.999778
0.997962
0.989538
0.965853
0.928004
0.894617
0.884751
0.887954
0.900026
0.934728
0.966192
0.983403
0.991653
0.995637
0.997663
0.998208
0.998095
0.997184
0.993268
0.979966
0.945139
0.860586
0.804058
0.774349
0.754665
0.740538
0.725782
0.710754
0.695672
0.681409
0.668789
0.656845
0.645213
0.635233
0.62643
0.617803
0.610478
0.605419
0.600896
0.596396
0.593541
0.592895
0.59309
0.594852
0.606174
0.663195
0.741079
0.793467
0.837421
0.880033
0.919381
0.950516
0.971778
0.984799
0.992193
0.996088
0.997954
0.998809
0.999232
0.999465
0.99959
0.99965
0.999674
0.999684
0.999697
0.999737
0.999806
0.999871
0.999921
0.999955
0.999976
0.999988
0.999994
0.999997
0.999999
1
1
1
1
1
1
1
1
1
1
1
1
1
1
1
1
1
1
1
1
1
1
1
1
1
1
1
1
1
1
1
1
1
1
1
1
1
1
1
1
1
1
1
1
1
1
1
1
1
1
1
1
1
1
1
1
1
1
0.999999
0.999994
0.999973
0.99989
0.999575
0.998428
0.994382
0.980423
0.932742
0.782041
0.575483
0.398418
0.258575
0.157074
0.0893648
0.0477263
0.0240075
0.0114199
0.00515834
0.00222165
0.000915864
0.000362674
0.000138393
5.10372e-05
1.82362e-05
6.32892e-06
2.13627e-06
7.07515e-07
1
1
1
1
1
1
1
1
1
1
1
1
1
1
1
1
1
1
0.999999
0.999984
0.999812
0.998855
0.995675
0.98827
0.973245
0.970438
0.972173
0.978256
0.987449
0.993569
0.996857
0.998428
0.999202
0.999598
0.999701
0.999683
0.999545
0.998917
0.996594
0.989334
0.970562
0.922634
0.843243
0.792238
0.761435
0.739171
0.719972
0.702315
0.686929
0.673736
0.661495
0.650121
0.640855
0.63293
0.625687
0.619524
0.613607
0.607257
0.602255
0.600119
0.599922
0.601019
0.610298
0.662149
0.727235
0.76266
0.794443
0.836957
0.884563
0.927396
0.959113
0.979209
0.990294
0.99573
0.998176
0.999215
0.999636
0.999807
0.99988
0.999912
0.999927
0.999934
0.999936
0.999938
0.999943
0.999955
0.999968
0.99998
0.999988
0.999993
0.999996
0.999998
0.999999
1
1
1
1
1
1
1
1
1
1
1
1
1
1
1
1
1
1
1
1
1
1
1
1
1
1
1
1
1
1
1
1
1
1
1
1
1
1
1
1
1
1
1
1
1
1
1
1
1
1
1
1
1
1
1
1
1
1
1
1
0.999998
0.999992
0.999969
0.999882
0.999565
0.99846
0.994688
0.981942
0.938815
0.796178
0.576483
0.388368
0.243496
0.142186
0.0775446
0.039659
0.0191106
0.00871878
0.00378375
0.00156878
0.000623866
0.000238801
8.82614e-05
3.15857e-05
1.09735e-05
3.70647e-06
1.2287e-06
1
1
1
1
1
1
1
1
1
1
1
1
1
1
1
1
1
1
1
0.999999
0.999988
0.999912
0.999625
0.998825
0.996338
0.995784
0.99612
0.997316
0.998546
0.999273
0.999649
0.999828
0.999917
0.99996
0.999969
0.999966
0.999948
0.999867
0.999533
0.998338
0.994734
0.984867
0.963158
0.907802
0.83397
0.785482
0.756343
0.736106
0.712719
0.692755
0.675646
0.661277
0.649605
0.639929
0.631791
0.624788
0.618244
0.612894
0.610224
0.609848
0.610749
0.618818
0.667492
0.729606
0.753
0.76317
0.782182
0.829788
0.886448
0.93351
0.965617
0.984237
0.99354
0.997603
0.999145
0.999687
0.99988
0.999949
0.999974
0.999983
0.999986
0.999988
0.999988
0.999989
0.999989
0.99999
0.999993
0.999995
0.999997
0.999998
0.999999
1
1
1
1
1
1
1
1
1
1
1
1
1
1
1
1
1
1
1
1
1
1
0.999999
0.999999
0.999999
1
1
1
1
1
1
1
1
1
1
1
1
1
1
1
1
1
1
1
1
1
1
1
1
1
1
1
1
1
1
1
1
1
1
1
1
1
1
0.999998
0.999992
0.99997
0.999887
0.999597
0.998599
0.995185
0.983459
0.942659
0.800672
0.564329
0.366343
0.220184
0.122938
0.0640725
0.0313417
0.0144697
0.00633852
0.00264739
0.00105887
0.000407127
0.000150995
5.41786e-05
1.88604e-05
6.37967e-06
2.11808e-06
1
1
1
1
1
1
1
1
1
1
1
1
1
1
1
1
1
1
1
1
0.999999
0.999995
0.999978
0.999921
0.999698
0.999638
0.99967
0.999794
0.999896
0.99995
0.999977
0.999989
0.999995
0.999998
0.999998
0.999998
0.999996
0.999987
0.999949
0.999792
0.999238
0.997522
0.992953
0.981307
0.956335
0.894737
0.828303
0.78359
0.762267
0.746857
0.728825
0.708459
0.684983
0.665528
0.651231
0.641299
0.635855
0.634447
0.634568
0.635444
0.641062
0.675842
0.726923
0.747709
0.754254
0.761974
0.781656
0.839623
0.908347
0.954923
0.9803
0.992216
0.997182
0.999019
0.999665
0.999886
0.999961
0.999986
0.999994
0.999997
0.999998
0.999998
0.999998
0.999998
0.999998
0.999998
0.999999
0.999999
0.999999
1
1
1
1
1
1
1
1
1
1
1
1
1
1
1
1
1
1
1
1
1
1
0.999999
0.999999
0.999999
0.999999
0.999999
0.999999
0.999999
0.999999
0.999999
0.999999
0.999999
0.999999
0.999999
0.999999
1
1
1
1
1
1
1
1
1
1
1
1
1
1
1
1
1
1
1
1
1
1
1
1
1
1
1
1
1
1
0.999998
0.999993
0.999972
0.999898
0.999636
0.998707
0.995394
0.983401
0.939374
0.780625
0.528699
0.328199
0.188167
0.100196
0.0498676
0.0233462
0.0103431
0.00435977
0.00175685
0.000679625
0.000253317
9.12613e-05
3.18742e-05
1.08101e-05
3.5979e-06
1
1
1
1
1
1
1
1
1
1
1
1
1
1
1
1
1
1
1
1
1
1
0.999999
0.999996
0.999984
0.99998
0.999982
0.999989
0.999995
0.999998
0.999999
1
1
1
1
1
1
0.999999
0.999996
0.999979
0.99991
0.999665
0.998902
0.996748
0.991218
0.977991
0.949779
0.8846
0.828158
0.793936
0.773027
0.757765
0.744869
0.729082
0.716068
0.710722
0.710471
0.710693
0.709845
0.709461
0.712527
0.73076
0.745539
0.749933
0.754404
0.767646
0.815187
0.903153
0.956916
0.982108
0.992977
0.997377
0.999062
0.999676
0.999891
0.999964
0.999988
0.999996
0.999999
0.999999
1
1
1
1
1
1
1
1
1
1
1
1
1
1
1
1
1
1
1
1
1
1
1
1
0.999999
0.999999
0.999999
0.999999
0.999999
0.999999
0.999999
0.999999
0.999998
0.999998
0.999998
0.999998
0.999998
0.999999
0.999999
0.999999
0.999999
0.999999
0.999999
0.999999
0.999999
0.999999
0.999999
0.999999
1
1
1
1
1
1
1
1
1
1
1
1
1
1
1
1
1
1
1
1
1
1
1
1
1
1
1
1
0.999998
0.999993
0.999975
0.999906
0.999646
0.998665
0.994907
0.980355
0.923818
0.725556
0.466949
0.275788
0.150454
0.0763661
0.0363287
0.016308
0.0069496
0.00282621
0.00110175
0.000413339
0.000149734
5.25407e-05
1.78889e-05
5.97512e-06
1
1
1
1
1
1
1
1
1
1
1
1
1
1
1
1
1
1
1
1
1
1
1
1
0.999999
0.999999
0.999999
1
1
1
1
1
1
1
1
1
1
1
1
0.999998
0.999991
0.999962
0.99986
0.999532
0.998581
0.996089
0.990015
0.976626
0.94908
0.892776
0.840984
0.804811
0.7812
0.768439
0.764241
0.764079
0.764606
0.764539
0.763107
0.76017
0.755329
0.751781
0.751269
0.752315
0.760213
0.797902
0.893772
0.952857
0.98065
0.992533
0.997266
0.999043
0.999678
0.999895
0.999967
0.99999
0.999997
0.999999
1
1
1
1
1
1
1
1
1
1
1
1
1
1
1
1
1
0.999999
0.999999
0.999999
0.999999
0.999999
0.999999
0.999999
0.999999
0.999999
0.999999
0.999998
0.999998
0.999998
0.999998
0.999998
0.999998
0.999998
0.999997
0.999996
0.999996
0.999996
0.999996
0.999997
0.999998
0.999998
0.999998
0.999998
0.999998
0.999998
0.999998
0.999999
0.999999
0.999999
0.999999
1
1
1
1
1
1
1
1
1
1
1
1
1
1
1
1
1
1
1
1
1
1
1
1
1
1
1
1
0.999998
0.999994
0.999975
0.999899
0.999592
0.998329
0.993124
0.971735
0.885132
0.63156
0.385104
0.215832
0.111963
0.0542196
0.0247011
0.0106578
0.00438031
0.00172319
0.000651576
0.000237648
8.38825e-05
2.87059e-05
9.63199e-06
1
1
1
1
1
1
1
1
1
1
1
1
1
1
1
1
1
1
1
1
1
1
1
1
1
1
1
1
1
1
1
1
1
1
1
1
1
1
1
1
0.999999
0.999996
0.999984
0.999942
0.999806
0.99941
0.998358
0.995826
0.989672
0.978118
0.956719
0.907226
0.856365
0.822745
0.803528
0.792031
0.785299
0.782249
0.780403
0.776483
0.764511
0.757699
0.75769
0.763166
0.790403
0.878896
0.946218
0.978239
0.991719
0.997011
0.998971
0.99966
0.999892
0.999967
0.99999
0.999997
0.999999
1
1
1
1
1
1
1
1
1
1
1
1
1
1
1
1
0.999999
0.999999
0.999998
0.999998
0.999998
0.999998
0.999998
0.999998
0.999998
0.999998
0.999998
0.999998
0.999997
0.999996
0.999996
0.999996
0.999997
0.999997
0.999996
0.999995
0.999993
0.999992
0.999992
0.999993
0.999994
0.999996
0.999996
0.999997
0.999997
0.999997
0.999997
0.999997
0.999998
0.999998
0.999998
0.999999
0.999999
0.999999
0.999999
0.999999
0.999999
0.999999
0.999999
0.999999
0.999999
0.999999
0.999999
1
1
1
1
1
1
1
1
1
1
1
1
1
1
1
1
1
1
0.999998
0.999993
0.999969
0.999863
0.999399
0.997356
0.988475
0.950655
0.796228
0.510567
0.29476
0.156532
0.0772725
0.0357717
0.0156458
0.00650637
0.002586
0.000986715
0.000362773
0.000128958
4.44082e-05
1.49851e-05
1
1
1
1
1
1
1
1
1
1
1
1
1
1
1
1
1
1
1
1
1
1
1
1
1
1
1
1
1
1
1
1
1
1
1
1
1
1
1
1
1
1
0.999999
0.999994
0.999978
0.999928
0.999784
0.999404
0.998465
0.996368
0.990788
0.978084
0.966993
0.946138
0.903141
0.861118
0.832504
0.814217
0.79781
0.780713
0.770708
0.770218
0.775348
0.800463
0.884188
0.948195
0.978591
0.991741
0.996995
0.998961
0.999657
0.999891
0.999967
0.99999
0.999997
0.999999
1
1
1
1
1
1
1
1
1
1
1
1
1
1
1
0.999999
0.999999
0.999998
0.999996
0.999995
0.999995
0.999995
0.999995
0.999995
0.999995
0.999995
0.999996
0.999996
0.999995
0.999994
0.999993
0.999993
0.999993
0.999994
0.999994
0.999993
0.999991
0.999987
0.999986
0.999985
0.999986
0.999989
0.999992
0.999994
0.999994
0.999995
0.999995
0.999995
0.999996
0.999996
0.999996
0.999997
0.999998
0.999998
0.999999
0.999999
0.999999
0.999999
0.999999
0.999999
0.999998
0.999998
0.999999
0.999999
0.999999
0.999999
0.999999
1
1
1
1
1
1
1
1
1
1
1
1
1
1
1
0.999999
0.999998
0.999989
0.999949
0.99976
0.998878
0.994837
0.976793
0.89941
0.647623
0.384074
0.208998
0.105267
0.0495585
0.0219916
0.00926193
0.00372294
0.00143495
0.000532388
0.000190807
6.61926e-05
2.24844e-05
1
1
1
1
1
1
1
1
1
1
1
1
1
1
1
1
1
1
1
1
1
1
1
1
1
1
1
1
1
1
1
1
1
1
1
1
1
1
1
1
1
1
1
1
0.999998
0.999994
0.99998
0.99994
0.999835
0.999576
0.998891
0.997478
0.994742
0.988939
0.983301
0.975915
0.959276
0.908827
0.853269
0.827251
0.824929
0.831114
0.860056
0.924074
0.964536
0.984954
0.994077
0.997809
0.999232
0.999743
0.999918
0.999975
0.999992
0.999998
0.999999
1
1
1
1
1
1
1
1
1
1
1
1
1
0.999999
0.999999
0.999999
0.999998
0.999997
0.999995
0.999988
0.999983
0.999983
0.999983
0.999985
0.999986
0.999987
0.999989
0.99999
0.99999
0.999989
0.999988
0.999987
0.999987
0.999987
0.999988
0.999988
0.999987
0.999984
0.999977
0.999973
0.999972
0.999973
0.999978
0.999984
0.999988
0.999989
0.99999
0.999991
0.999992
0.999993
0.999993
0.999994
0.999995
0.999996
0.999997
0.999997
0.999998
0.999998
0.999998
0.999998
0.999997
0.999997
0.999997
0.999997
0.999997
0.999998
0.999999
0.999999
0.999999
0.999999
0.999999
0.999999
0.999999
1
1
1
1
1
1
1
1
1
1
0.999999
0.999999
0.999995
0.999979
0.999894
0.999479
0.997479
0.988151
0.946499
0.774464
0.479406
0.267409
0.137385
0.0657708
0.0296115
0.0126318
0.00513626
0.00200043
0.000749254
0.000270848
9.4693e-05
3.23878e-05
1
1
1
1
1
1
1
1
1
1
1
1
1
1
1
1
1
1
1
1
1
1
1
1
1
1
1
1
1
1
1
1
1
1
1
1
1
1
1
1
1
1
1
1
1
1
0.999999
0.999996
0.999988
0.999967
0.999913
0.999789
0.999461
0.998904
0.998301
0.997145
0.993955
0.979554
0.959664
0.954523
0.955574
0.961338
0.976503
0.988034
0.994533
0.99771
0.999108
0.999673
0.999886
0.999962
0.999988
0.999996
0.999999
1
1
1
1
1
1
1
1
1
1
1
1
1
0.999999
0.999999
0.999997
0.999996
0.999995
0.999991
0.999987
0.999981
0.99996
0.999944
0.999942
0.999945
0.999953
0.99996
0.999967
0.999973
0.999977
0.999977
0.999977
0.999975
0.999974
0.999974
0.999975
0.999976
0.999976
0.999975
0.99997
0.999956
0.999948
0.999946
0.999947
0.999954
0.999967
0.999975
0.999979
0.999981
0.999983
0.999985
0.999987
0.999988
0.999989
0.99999
0.999991
0.999993
0.999995
0.999996
0.999996
0.999996
0.999996
0.999995
0.999994
0.999994
0.999994
0.999994
0.999996
0.999997
0.999997
0.999998
0.999998
0.999998
0.999999
0.999999
0.999999
0.999999
0.999999
0.999999
0.999999
0.999999
0.999999
0.999999
0.999999
0.999999
0.999999
0.999999
0.999997
0.999989
0.999947
0.999731
0.998644
0.993364
0.968923
0.862908
0.574468
0.32779
0.171729
0.0835642
0.0381617
0.016488
0.00678255
0.00266987
0.00100979
0.000368297
0.000129811
4.47145e-05
1
1
1
1
1
1
1
1
1
1
1
1
1
1
1
1
1
1
1
1
1
1
1
1
1
1
1
1
1
1
1
1
1
1
1
1
1
1
1
1
1
1
1
1
1
1
1
1
0.999999
0.999998
0.999996
0.999989
0.999971
0.999942
0.999893
0.999782
0.999338
0.997287
0.995917
0.995805
0.995991
0.996925
0.998293
0.999152
0.999615
0.999838
0.999937
0.999977
0.999992
0.999997
0.999999
1
1
1
1
1
1
1
1
1
1
1
1
1
0.999999
0.999998
0.999996
0.999993
0.999988
0.999984
0.999977
0.999961
0.999946
0.99992
0.999842
0.999795
0.999794
0.999806
0.999844
0.999881
0.99991
0.999931
0.999943
0.999948
0.999948
0.999947
0.999946
0.999946
0.99995
0.999952
0.999952
0.999951
0.99994
0.999913
0.999896
0.999892
0.999893
0.999902
0.999927
0.999945
0.999956
0.999962
0.999967
0.999972
0.999977
0.999979
0.99998
0.999981
0.999982
0.999985
0.999988
0.99999
0.999991
0.999991
0.999991
0.99999
0.999988
0.999987
0.999987
0.999987
0.99999
0.999992
0.999994
0.999995
0.999995
0.999996
0.999997
0.999997
0.999998
0.999998
0.999998
0.999999
0.999999
0.999999
0.999998
0.999998
0.999998
0.999998
0.999998
0.999997
0.999996
0.999991
0.999967
0.999838
0.999163
0.99575
0.979461
0.907413
0.658573
0.382822
0.204017
0.100786
0.0466448
0.0203982
0.00848485
0.00337449
0.00128852
0.000474103
0.000168459
5.84363e-05
1
1
1
1
1
1
1
1
1
1
1
1
1
1
1
1
1
1
1
1
1
1
1
1
1
1
1
1
1
1
1
1
1
1
1
1
1
1
1
1
1
1
1
1
1
1
1
1
1
1
1
1
0.999999
0.999998
0.999996
0.99999
0.99995
0.999883
0.999859
0.99986
0.999868
0.999902
0.999947
0.999974
0.999988
0.999995
0.999998
0.999999
1
1
1
1
1
1
1
1
1
1
1
1
1
0.999999
0.999999
0.999997
0.999994
0.999985
0.999978
0.999964
0.999945
0.999929
0.999897
0.99982
0.999757
0.999624
0.999313
0.999213
0.99923
0.999299
0.999466
0.999621
0.999734
0.999811
0.999856
0.999876
0.999881
0.999881
0.999883
0.999892
0.9999
0.999902
0.999901
0.999896
0.999871
0.999817
0.999781
0.999769
0.99977
0.999783
0.999827
0.999871
0.9999
0.999919
0.999933
0.999945
0.999954
0.999959
0.999961
0.999962
0.999963
0.999966
0.999972
0.999977
0.99998
0.99998
0.99998
0.999978
0.999973
0.999971
0.999971
0.999972
0.999976
0.999981
0.999985
0.999987
0.999989
0.99999
0.999992
0.999993
0.999994
0.999995
0.999996
0.999996
0.999996
0.999996
0.999996
0.999996
0.999995
0.999994
0.999994
0.999993
0.999992
0.999989
0.999972
0.999882
0.999393
0.99682
0.984147
0.927087
0.710421
0.42064
0.226947
0.113406
0.0530771
0.0234691
0.00986815
0.00396548
0.00152888
0.000567485
0.000203214
7.08395e-05
1
1
1
1
1
1
1
1
1
1
1
1
1
1
1
1
1
1
1
1
1
1
1
1
1
1
1
1
1
1
1
1
1
1
1
1
1
1
1
1
1
1
1
1
1
1
1
1
1
1
1
1
1
1
1
1
0.999999
0.999998
0.999998
0.999998
0.999998
0.999999
0.999999
1
1
1
1
1
1
1
1
1
1
1
1
1
1
1
1
0.999999
0.999998
0.999995
0.999989
0.999975
0.999945
0.999908
0.999872
0.999813
0.999748
0.999669
0.999466
0.999102
0.99879
0.997982
0.996925
0.996816
0.996943
0.997324
0.998084
0.998727
0.999173
0.999455
0.999614
0.999685
0.999706
0.999723
0.999752
0.999777
0.999785
0.999784
0.999778
0.999757
0.999683
0.99957
0.999495
0.999463
0.999462
0.999478
0.999546
0.999656
0.999744
0.999806
0.999849
0.999881
0.999902
0.999914
0.999918
0.999918
0.999918
0.99992
0.999928
0.999942
0.99995
0.999952
0.999951
0.999947
0.999937
0.999932
0.999931
0.999933
0.999941
0.999955
0.999963
0.999968
0.999972
0.999975
0.999978
0.999981
0.999984
0.999987
0.999989
0.99999
0.999991
0.999991
0.999991
0.99999
0.999989
0.999986
0.999984
0.999984
0.999983
0.99998
0.999967
0.999894
0.999487
0.997276
0.986065
0.934649
0.731881
0.436073
0.235961
0.118256
0.0555305
0.0246448
0.010403
0.00419705
0.00162416
0.000604789
0.000217089
7.5606e-05
1
1
1
1
1
1
1
1
1
1
1
1
1
1
1
1
1
1
1
1
1
1
1
1
1
1
1
1
1
1
1
1
1
1
1
1
1
1
1
1
1
1
1
1
1
1
1
1
1
1
1
1
1
1
1
1
1
1
1
1
1
1
1
1
1
1
1
1
1
1
1
1
1
1
1
1
0.999999
0.999998
0.999995
0.999989
0.999977
0.999949
0.999888
0.999741
0.999555
0.999412
0.999252
0.999048
0.998801
0.998318
0.996904
0.995192
0.993406
0.988877
0.986319
0.986483
0.987394
0.98971
0.993052
0.995666
0.997363
0.998367
0.99891
0.999153
0.999254
0.999344
0.999441
0.999493
0.999499
0.999492
0.999463
0.999366
0.999134
0.998909
0.99877
0.998655
0.998574
0.998589
0.99867
0.998913
0.999231
0.999457
0.999604
0.999698
0.999754
0.999782
0.999789
0.999787
0.999786
0.999789
0.999806
0.999843
0.999863
0.999869
0.999868
0.999856
0.999832
0.999821
0.99982
0.999824
0.999844
0.999883
0.999904
0.999915
0.999923
0.999931
0.999939
0.999947
0.999954
0.999961
0.999967
0.999971
0.999972
0.999973
0.999973
0.999973
0.999972
0.999967
0.999963
0.999961
0.99996
0.999957
0.999946
0.999882
0.999508
0.997413
0.986612
0.936666
0.737911
0.440293
0.238364
0.11954
0.0561805
0.0249553
0.0105422
0.00425576
0.00164729
0.000613367
0.000220022
7.64943e-05
1
1
1
1
1
1
1
1
1
1
1
1
1
1
1
1
1
1
1
1
1
1
1
1
1
1
1
1
1
1
1
1
1
1
1
1
1
1
1
1
1
1
1
1
1
1
1
1
1
1
1
1
1
1
1
1
1
1
1
1
1
1
1
1
1
1
1
1
1
1
1
1
1
0.999999
0.999998
0.999995
0.999988
0.999973
0.999947
0.999894
0.999778
0.999521
0.998882
0.997828
0.997157
0.996765
0.996394
0.995894
0.994794
0.992002
0.984335
0.9778
0.967274
0.953793
0.950952
0.952637
0.958085
0.969997
0.981234
0.989021
0.993617
0.996116
0.997453
0.998075
0.998361
0.998608
0.998833
0.998929
0.998932
0.998905
0.998807
0.998485
0.997943
0.997517
0.99728
0.996904
0.99564
0.99533
0.995577
0.996246
0.997329
0.998192
0.998764
0.999108
0.999291
0.999356
0.999362
0.999349
0.999342
0.999352
0.999416
0.999529
0.999589
0.999606
0.999604
0.999578
0.999527
0.999505
0.999504
0.999515
0.999573
0.999678
0.999737
0.999761
0.999777
0.999797
0.999818
0.999838
0.999857
0.999876
0.999892
0.999902
0.999909
0.999915
0.999918
0.999919
0.999919
0.999916
0.999911
0.999909
0.999908
0.999904
0.999889
0.999816
0.999402
0.997093
0.985197
0.930447
0.719089
0.427255
0.231463
0.116327
0.0548069
0.0244034
0.0103274
0.00417397
0.00161584
0.000601314
0.000215259
7.45341e-05
1
1
1
1
1
1
1
1
1
1
1
1
1
1
1
1
1
1
1
1
1
1
1
1
1
1
1
1
1
1
1
1
1
1
1
1
1
1
1
1
1
1
1
1
1
1
1
1
1
1
1
1
1
1
1
1
1
1
1
1
1
1
1
1
1
1
1
1
1
1
0.999999
0.999998
0.999995
0.999988
0.999974
0.999944
0.999872
0.999767
0.9996
0.999235
0.998395
0.996501
0.991772
0.988264
0.987425
0.987663
0.987648
0.986809
0.982643
0.967804
0.944884
0.923643
0.90662
0.898933
0.898912
0.901718
0.909831
0.930345
0.957405
0.976407
0.98708
0.992783
0.995544
0.996657
0.99713
0.997571
0.997956
0.998086
0.998078
0.997997
0.997708
0.996771
0.995849
0.995336
0.994563
0.992608
0.984814
0.981692
0.98271
0.985582
0.990302
0.993842
0.996039
0.997286
0.997913
0.998126
0.99814
0.998109
0.998104
0.998154
0.998381
0.998669
0.998825
0.998876
0.998877
0.99884
0.99877
0.998745
0.998749
0.998787
0.998951
0.999178
0.999302
0.999349
0.99938
0.999428
0.999485
0.999541
0.999594
0.999643
0.999682
0.99971
0.999733
0.999755
0.999774
0.999786
0.999792
0.999796
0.999799
0.9998
0.999799
0.999792
0.99976
0.99961
0.998846
0.99496
0.976435
0.896358
0.639737
0.37569
0.203467
0.102597
0.048578
0.0217532
0.00925284
0.00375719
0.00145847
0.000543782
0.00019439
6.69026e-05
1
1
1
1
1
1
1
1
1
1
1
1
1
1
1
1
1
1
1
1
1
1
1
1
1
1
1
1
1
1
1
1
1
1
1
1
1
1
1
1
1
1
1
1
1
1
1
1
1
1
1
1
1
1
1
1
1
1
1
1
1
1
1
1
1
1
1
0.999999
0.999998
0.999996
0.99999
0.999977
0.999946
0.999872
0.999744
0.999496
0.999007
0.998548
0.997702
0.99568
0.990701
0.979311
0.960803
0.95779
0.95955
0.965718
0.969956
0.968213
0.948492
0.915624
0.900528
0.889919
0.884084
0.883488
0.884315
0.888212
0.897595
0.915889
0.94305
0.967148
0.982334
0.989614
0.992942
0.994178
0.994625
0.995294
0.996101
0.99645
0.996453
0.996314
0.995625
0.99433
0.993614
0.992413
0.988963
0.977842
0.944103
0.933163
0.937101
0.949766
0.968282
0.980837
0.988093
0.991975
0.993872
0.994524
0.994593
0.99459
0.994655
0.994982
0.995663
0.996229
0.99662
0.996834
0.996913
0.996931
0.99694
0.996956
0.997019
0.997256
0.99773
0.998063
0.998229
0.998294
0.998353
0.998471
0.998625
0.99878
0.998929
0.999061
0.999171
0.999261
0.999339
0.999403
0.999454
0.999495
0.999532
0.999564
0.99958
0.999583
0.999576
0.999541
0.999414
0.998921
0.996812
0.987448
0.947408
0.788219
0.501792
0.289637
0.154948
0.0776236
0.0366334
0.0163888
0.00696476
0.00282781
0.00109443
0.000406918
0.000144083
4.86631e-05
1
1
1
1
1
1
1
1
1
1
1
1
1
1
1
1
1
1
1
1
1
1
1
1
1
1
1
1
1
1
1
1
1
1
1
1
1
1
1
1
1
1
1
1
1
1
1
1
1
1
1
1
1
1
1
1
1
1
1
1
1
1
1
1
0.999999
0.999998
0.999996
0.99999
0.999979
0.999953
0.999896
0.999765
0.999485
0.998921
0.997952
0.996321
0.994655
0.993224
0.990142
0.980975
0.956539
0.929481
0.915314
0.913967
0.916829
0.931871
0.949063
0.936438
0.903717
0.900342
0.891945
0.883937
0.88073
0.881579
0.887564
0.894999
0.902739
0.919227
0.940327
0.959696
0.973965
0.982378
0.986343
0.98814
0.990007
0.992434
0.994147
0.994673
0.994667
0.994391
0.99302
0.991461
0.989951
0.985604
0.96795
0.912302
0.851077
0.840116
0.845139
0.863374
0.910951
0.949683
0.969827
0.979731
0.984182
0.985859
0.98618
0.986301
0.986605
0.987492
0.988749
0.989677
0.990332
0.99096
0.991596
0.992121
0.992565
0.993109
0.993833
0.994616
0.995254
0.995638
0.995809
0.995904
0.996066
0.996381
0.996751
0.997155
0.997547
0.997887
0.998173
0.998425
0.998638
0.998793
0.998912
0.99902
0.999096
0.999118
0.999114
0.99908
0.998971
0.998676
0.997871
0.995411
0.986717
0.953704
0.827058
0.551419
0.330706
0.183491
0.0951218
0.046448
0.021416
0.00938027
0.00389691
0.00154913
0.000582439
0.000210824
7.12019e-05
2.25907e-05
1
1
1
1
1
1
1
1
1
1
1
1
1
1
1
1
1
1
1
1
1
1
1
1
1
1
1
1
1
1
1
1
1
1
1
1
1
1
1
1
1
1
1
1
1
1
1
1
1
1
1
1
1
1
1
1
1
1
1
1
0.999999
0.999999
0.999997
0.999993
0.999987
0.999972
0.999943
0.999893
0.999783
0.999558
0.999076
0.998034
0.996108
0.992818
0.986504
0.981733
0.978921
0.976552
0.968261
0.934823
0.9197
0.912476
0.905526
0.903159
0.909788
0.932755
0.934283
0.899863
0.896586
0.899513
0.891299
0.884069
0.883427
0.895479
0.904956
0.90693
0.912871
0.925702
0.94288
0.958521
0.969036
0.976578
0.981473
0.9849
0.988291
0.991058
0.992258
0.992351
0.992089
0.990682
0.987063
0.985326
0.982185
0.965276
0.884479
0.810148
0.807858
0.808971
0.812361
0.822452
0.850505
0.899184
0.935697
0.954876
0.963325
0.966874
0.968467
0.969172
0.969525
0.970218
0.971728
0.973224
0.974953
0.977174
0.979529
0.981799
0.98408
0.98639
0.988392
0.989783
0.990594
0.990983
0.991205
0.991593
0.992251
0.993113
0.994009
0.994881
0.995724
0.996397
0.996881
0.997355
0.997831
0.998086
0.99811
0.998079
0.998011
0.997793
0.997231
0.996595
0.995371
0.992516
0.985444
0.966956
0.910635
0.724773
0.470643
0.279562
0.153125
0.0780471
0.03728
0.0168148
0.00719449
0.0029477
0.00114675
0.000429472
0.000150877
5.14317e-05
1.59963e-05
4.62181e-06
1
1
1
1
1
1
1
1
1
1
1
1
1
1
1
1
1
1
1
1
1
1
1
1
1
1
1
1
1
1
1
1
1
1
1
1
1
1
1
1
1
1
1
1
1
1
1
1
1
1
1
1
1
1
1
1
0.999999
0.999998
0.999997
0.999993
0.999987
0.999973
0.999953
0.999901
0.999837
0.999681
0.999438
0.999067
0.998206
0.996705
0.993281
0.987848
0.977384
0.95963
0.939602
0.935709
0.938626
0.940871
0.922994
0.914648
0.916873
0.918667
0.915094
0.915951
0.922492
0.927629
0.905912
0.895747
0.894778
0.901323
0.902109
0.896307
0.899115
0.912083
0.917314
0.919201
0.924386
0.934783
0.948123
0.959939
0.96919
0.975879
0.980346
0.983808
0.986928
0.988555
0.988647
0.988
0.984649
0.979747
0.978774
0.978322
0.971789
0.899851
0.777161
0.780066
0.803817
0.811255
0.813153
0.818172
0.833487
0.870301
0.89986
0.921153
0.934444
0.937979
0.937703
0.937624
0.938459
0.941142
0.944611
0.948598
0.953097
0.958072
0.963704
0.969516
0.974541
0.978143
0.980542
0.982316
0.98387
0.985515
0.987242
0.988818
0.990304
0.99185
0.993236
0.994123
0.994706
0.99544
0.99623
0.996618
0.996622
0.996162
0.993782
0.991549
0.990233
0.98691
0.978538
0.969952
0.955558
0.919673
0.814634
0.595475
0.393877
0.239903
0.134905
0.0702727
0.0341874
0.0156887
0.00683281
0.00284288
0.00112872
0.00043041
0.000155972
5.45125e-05
1.78045e-05
5.65984e-06
1.6213e-06
4.11265e-07
1
1
1
1
1
1
1
1
1
1
1
1
1
1
1
1
1
1
1
1
1
1
1
1
1
1
1
1
1
1
1
1
1
1
1
1
1
1
1
1
1
1
1
1
1
1
1
1
1
1
1
1
1
0.999999
0.999995
0.99999
0.999975
0.999959
0.999919
0.999869
0.999796
0.999629
0.99944
0.998994
0.99851
0.997219
0.995792
0.993565
0.988467
0.980191
0.961818
0.940141
0.891379
0.881121
0.884444
0.893998
0.895398
0.903684
0.907884
0.916368
0.923229
0.927101
0.927802
0.926115
0.924326
0.918525
0.896456
0.887001
0.882373
0.901481
0.907814
0.905685
0.907407
0.91991
0.92616
0.931726
0.938708
0.947583
0.956194
0.963722
0.970184
0.975276
0.978568
0.981181
0.982184
0.981628
0.978586
0.973796
0.971618
0.972687
0.976582
0.975695
0.948708
0.787487
0.724037
0.776725
0.826064
0.826446
0.820929
0.822024
0.834384
0.862523
0.886314
0.901998
0.907909
0.909258
0.911268
0.917385
0.929071
0.937705
0.944852
0.951053
0.956456
0.961253
0.96534
0.968586
0.971391
0.974246
0.977503
0.980962
0.984074
0.986738
0.989219
0.991236
0.992276
0.992531
0.992378
0.991619
0.991202
0.991159
0.990894
0.989449
0.983816
0.961414
0.926155
0.90605
0.88976
0.852732
0.741114
0.532337
0.354997
0.228454
0.141865
0.0839491
0.0467311
0.0242611
0.0117261
0.00530014
0.00225625
0.000911617
0.000351175
0.000129595
4.57455e-05
1.5519e-05
5.00997e-06
1.5577e-06
4.52543e-07
1.27394e-07
3.28258e-08
3.96422e-09
1
1
1
1
1
1
1
1
1
1
1
1
1
1
1
1
1
1
1
1
1
1
1
1
1
1
1
1
1
1
1
1
1
1
1
1
1
1
1
1
1
1
1
1
1
1
1
1
1
1
1
0.999997
0.999983
0.99994
0.999825
0.999706
0.999445
0.99922
0.998733
0.998329
0.997489
0.996457
0.995245
0.99254
0.989381
0.980408
0.974502
0.963171
0.938595
0.896537
0.840005
0.828253
0.823123
0.865809
0.890522
0.893892
0.891484
0.890608
0.895344
0.912054
0.922006
0.925893
0.926916
0.925612
0.920595
0.901677
0.884099
0.863606
0.853129
0.889198
0.910071
0.913993
0.913627
0.922949
0.929796
0.93611
0.945152
0.951257
0.957855
0.963563
0.967804
0.969902
0.97004
0.969406
0.967622
0.965631
0.964819
0.965614
0.970724
0.975799
0.975951
0.967667
0.875578
0.659122
0.655548
0.777493
0.833027
0.831533
0.826714
0.828928
0.842132
0.867127
0.888693
0.903578
0.907773
0.906972
0.908417
0.920667
0.948929
0.964378
0.969538
0.971261
0.973543
0.977408
0.980995
0.983963
0.987418
0.990275
0.991499
0.991082
0.989593
0.988818
0.987676
0.980921
0.960723
0.936251
0.917421
0.908267
0.904881
0.898022
0.875122
0.790805
0.562825
0.353837
0.213661
0.125525
0.0718298
0.0398685
0.0213689
0.0110461
0.00551499
0.00266292
0.00124149
0.000555843
0.000237215
9.58949e-05
3.65967e-05
1.33112e-05
4.39369e-06
1.31423e-06
5.50553e-07
2.26677e-07
9.17529e-08
3.67492e-08
1.55894e-08
5.05094e-09
1.11576e-09
2.38002e-10
5.52885e-11
-1.86465e-10
1
1
1
1
1
1
1
1
1
1
1
1
1
1
1
1
1
1
1
1
1
1
1
1
1
1
1
1
1
1
1
1
1
1
1
1
1
1
1
1
1
1
1
1
1
1
1
1
1
0.999999
0.999978
0.999809
0.999222
0.99776
0.996014
0.994064
0.992119
0.989275
0.987068
0.98385
0.979825
0.975823
0.970187
0.953267
0.930554
0.877931
0.864215
0.825406
0.702748
0.69304
0.785746
0.820501
0.816101
0.806497
0.868969
0.88433
0.882083
0.858741
0.857641
0.88939
0.910138
0.916973
0.92079
0.921781
0.913787
0.896311
0.877382
0.855478
0.838409
0.85746
0.906282
0.918193
0.922372
0.924252
0.932096
0.936027
0.943694
0.947302
0.95227
0.95452
0.955638
0.956313
0.957438
0.958753
0.959899
0.961864
0.96648
0.972267
0.973417
0.969102
0.957891
0.911956
0.680717
0.514554
0.556491
0.739017
0.829717
0.849418
0.851127
0.857384
0.873187
0.891376
0.900922
0.896088
0.84288
0.793893
0.799895
0.862755
0.939406
0.974828
0.985312
0.988701
0.990517
0.990547
0.9858
0.966693
0.90204
0.753733
0.591788
0.439598
0.311279
0.212264
0.140242
0.0899304
0.0559284
0.0339915
0.0203639
0.0117617
0.00617349
0.00284413
0.00149652
0.00104435
0.000697837
0.000446349
0.000274891
0.0001638
9.47024e-05
5.31574e-05
2.89572e-05
1.53127e-05
7.87282e-06
3.94468e-06
1.92986e-06
9.22399e-07
4.30315e-07
1.95374e-07
8.54821e-08
2.87516e-08
5.04994e-09
9.53265e-10
3.46382e-10
1.28148e-10
4.58508e-11
1.5789e-11
5.21855e-12
1.64614e-12
4.85827e-13
1.34834e-13
3.35933e-14
7.1227e-15
1
1
1
1
1
1
1
1
1
1
1
1
1
1
1
1
1
1
1
1
1
1
1
1
1
1
1
1
1
1
1
1
1
1
1
1
1
1
1
1
1
1
1
1
1
1
1
1
1
0.999964
0.998771
0.990468
0.96996
0.952113
0.93884
0.930418
0.918599
0.911623
0.905305
0.890432
0.884594
0.882572
0.855079
0.698136
0.625232
0.624378
0.742873
0.759156
0.664991
0.648894
0.74583
0.806201
0.795744
0.751434
0.79047
0.842206
0.838482
0.806126
0.801011
0.83612
0.882058
0.892715
0.899883
0.906423
0.90263
0.891814
0.87637
0.858234
0.836856
0.831437
0.883399
0.912483
0.925705
0.933083
0.937352
0.939585
0.944189
0.946323
0.94954
0.951823
0.953941
0.956263
0.958756
0.961579
0.964477
0.966372
0.96566
0.949973
0.854523
0.631936
0.495511
0.414576
0.358602
0.344483
0.383539
0.53998
0.698925
0.794239
0.827461
0.818228
0.783556
0.681737
0.485192
0.300243
0.21408
0.204866
0.227516
0.266034
0.29083
0.296891
0.282143
0.23393
0.175051
0.117532
0.0697094
0.0360428
0.0162347
0.00659252
0.00252485
0.000893565
0.000287702
0.000154585
8.91444e-05
5.2848e-05
3.12176e-05
1.79952e-05
9.99284e-06
5.31162e-06
2.70173e-06
1.3251e-06
6.37396e-07
3.04983e-07
1.46449e-07
7.11612e-08
3.52373e-08
1.78553e-08
9.25391e-09
4.87388e-09
2.57568e-09
1.33964e-09
6.69117e-10
3.14033e-10
1.37028e-10
5.57302e-11
2.13575e-11
7.77514e-12
2.63881e-12
7.69139e-13
1.91835e-13
4.67726e-14
1.24565e-14
3.6156e-15
1.10934e-15
3.47633e-16
1.0766e-16
3.22107e-17
9.06511e-18
2.38959e-18
5.63694e-19
-2.06255e-19
1
1
1
1
1
1
1
1
1
1
1
1
1
1
1
1
1
1
1
1
1
1
1
1
1
1
1
1
1
1
1
1
1
1
1
1
1
1
1
1
1
1
1
1
1
1
1
1
0.999988
0.998821
0.961383
0.727216
0.650213
0.693766
0.722547
0.741995
0.756039
0.770361
0.782319
0.792133
0.798443
0.796767
0.771224
0.72405
0.66311
0.619112
0.650539
0.640156
0.596452
0.623403
0.744857
0.765146
0.744247
0.733231
0.742351
0.769225
0.776256
0.775802
0.780805
0.810597
0.846511
0.854674
0.84559
0.841778
0.848108
0.84804
0.837912
0.816812
0.815283
0.821474
0.860767
0.880387
0.883868
0.885498
0.887603
0.888772
0.888818
0.885068
0.877803
0.868159
0.848426
0.822589
0.782737
0.722335
0.625771
0.491444
0.357391
0.287241
0.281695
0.294605
0.305013
0.306472
0.304755
0.299414
0.291067
0.282932
0.276492
0.271505
0.269066
0.235367
0.156797
0.0737116
0.0307319
0.0131177
0.00813501
0.00743941
0.00697658
0.00648832
0.00598433
0.00549245
0.00491828
0.00349933
0.00192216
0.000839983
0.000295482
8.6694e-05
2.32204e-05
6.38493e-06
1.88091e-06
6.41861e-07
2.03107e-07
7.40169e-08
2.8396e-08
9.77886e-09
2.52739e-09
8.874e-10
3.94825e-10
1.86428e-10
9.0323e-11
4.51577e-11
2.35991e-11
1.29955e-11
7.52831e-12
4.54455e-12
2.82359e-12
1.77988e-12
1.11846e-12
6.89308e-13
4.06908e-13
2.26274e-13
1.17938e-13
5.86641e-14
2.86755e-14
1.39456e-14
6.55433e-15
2.03969e-15
2.6894e-16
1.77673e-17
2.49521e-18
5.64241e-19
1.52927e-19
4.52408e-20
1.39548e-20
4.32836e-21
1.31083e-21
3.7968e-22
1.03175e-22
2.60912e-23
5.95343e-24
-1.89506e-20
1.97317e-24
1.43533e-24
5.34274e-25
1.25572e-25
2.63046e-26
5.03357e-27
8.88175e-28
1.44955e-28
2.19831e-29
3.10363e-30
4.08224e-31
4.96734e-32
5.57238e-33
5.57606e-34
4.58406e-35
6.71179e-36
9.63523e-37
1.36203e-37
1.89965e-38
2.6153e-39
3.54362e-40
4.7172e-41
6.14802e-42
7.85155e-43
1.37612e-43
1.41191e-22
9.17859e-23
3.23919e-23
9.4079e-24
2.39712e-24
5.56992e-25
1.20311e-25
2.43792e-26
4.66694e-27
8.48174e-28
1.46918e-28
2.43216e-29
3.85896e-30
5.87339e-31
8.59615e-32
1.21256e-32
1.66136e-33
2.21206e-34
2.866e-35
3.61528e-36
4.44862e-37
5.34345e-38
6.28269e-39
7.23473e-40
8.32903e-41
6.88064e-21
2.85201e-21
9.35813e-22
2.70529e-22
7.07846e-23
1.71386e-23
3.89361e-24
8.36406e-25
1.70825e-25
3.33018e-26
6.21741e-27
1.11461e-27
1.92323e-28
3.1992e-29
5.14049e-30
7.98693e-31
1.20486e-31
1.76626e-32
2.52005e-33
3.50207e-34
4.75054e-35
6.29403e-36
8.17196e-37
1.04101e-37
1.20521e-38
1.57914e-19
5.35042e-20
1.62908e-20
4.53867e-21
1.17004e-21
2.82331e-22
6.43644e-23
1.39457e-23
2.8836e-24
5.70714e-25
1.08402e-25
1.98044e-26
3.48703e-27
5.92628e-28
9.73818e-29
1.54891e-29
2.39069e-30
3.58609e-31
5.23631e-32
7.4494e-33
1.03489e-33
1.40482e-34
1.87008e-35
2.44362e-36
2.87246e-37
1.97723e-18
6.29235e-19
1.8425e-19
5.01935e-20
1.28031e-20
3.07826e-21
7.02087e-22
1.52615e-22
3.17218e-23
6.3203e-24
1.20976e-24
2.22887e-25
3.95965e-26
6.79267e-27
1.12701e-27
1.8107e-28
2.82229e-29
4.27489e-30
6.30257e-31
9.05322e-32
1.2698e-32
1.74029e-33
2.3389e-34
3.08631e-35
3.65242e-36
1.75331e-17
5.41386e-18
1.55557e-18
4.19289e-19
1.0652e-19
2.56183e-20
5.85961e-21
1.27949e-21
2.67473e-22
5.36462e-23
1.03433e-23
1.92043e-24
3.4392e-25
5.94908e-26
9.95449e-27
1.61311e-27
2.53552e-28
3.872e-29
5.75471e-30
8.33202e-31
1.17786e-31
1.62686e-32
2.20368e-33
2.93011e-34
3.48647e-35
1.22451e-16
3.71952e-17
1.05883e-17
2.84182e-18
7.21862e-19
1.74102e-19
4.00073e-20
8.78658e-21
1.84896e-21
3.7352e-22
7.25665e-23
1.35794e-23
2.45135e-24
4.27464e-25
7.21061e-26
1.17803e-26
1.86693e-27
2.87392e-28
4.30512e-29
6.28225e-30
8.94983e-31
1.24565e-31
1.70002e-32
2.27777e-33
2.72563e-34
7.05839e-16
2.12536e-16
6.02749e-17
1.6171e-17
4.11729e-18
9.97463e-19
2.30545e-19
5.09714e-20
1.08037e-20
2.19928e-21
4.30669e-22
8.12476e-23
1.47882e-23
2.60038e-24
4.42354e-25
7.28828e-26
1.16475e-26
1.80769e-27
2.72973e-28
4.01481e-29
5.76413e-30
8.08411e-31
1.11188e-31
1.50082e-32
1.80587e-33
3.45715e-15
1.03696e-15
2.94007e-16
7.90491e-17
2.02089e-17
4.92332e-18
1.14551e-18
2.55111e-19
5.44895e-20
1.1181e-20
2.20747e-21
4.19914e-22
7.70698e-23
1.36651e-23
2.34379e-24
3.89335e-25
6.27295e-26
9.8145e-27
1.49391e-27
2.21461e-28
3.20439e-29
4.52879e-30
6.27605e-31
8.53612e-32
1.03305e-32
1.46999e-14
4.40667e-15
1.25205e-15
3.37955e-16
8.68571e-17
2.12964e-17
4.99087e-18
1.12007e-18
2.41154e-19
4.98904e-20
9.93197e-21
1.90517e-21
3.52606e-22
6.30452e-23
1.09044e-23
1.82663e-24
2.9676e-25
4.68109e-26
7.18249e-27
1.07315e-27
1.56483e-28
2.22849e-29
3.11175e-30
4.26377e-31
5.18941e-32
5.51749e-14
1.65693e-14
4.72543e-15
1.28206e-15
3.31538e-16
8.18593e-17
1.933e-17
4.37278e-18
9.49201e-19
1.9801e-19
3.97507e-20
7.68942e-21
1.43515e-21
2.58756e-22
4.51263e-23
7.62107e-24
1.24816e-24
1.9847e-25
3.06936e-26
4.62191e-27
6.79144e-28
9.74563e-29
1.37086e-29
1.89239e-30
2.31657e-31
1.85336e-13
5.58489e-14
1.60059e-14
4.3686e-15
1.13737e-15
2.82903e-16
6.73284e-17
1.53548e-17
3.36073e-18
7.06947e-19
1.43114e-19
2.7917e-20
5.25402e-21
9.55163e-22
1.6795e-22
2.85973e-23
4.72178e-24
7.56863e-25
1.17972e-25
1.79019e-26
2.65052e-27
3.83189e-28
5.42975e-29
7.55001e-30
9.29475e-31
5.63717e-13
1.70653e-13
4.91869e-14
1.35128e-14
3.54324e-15
8.88035e-16
2.13026e-16
4.89793e-17
1.0809e-17
2.29267e-18
4.67997e-19
9.205e-20
1.74671e-20
3.20149e-21
5.67504e-22
9.74034e-23
1.6209e-23
2.6184e-24
4.11275e-25
6.28847e-26
9.38004e-27
1.36614e-27
1.94956e-28
2.73025e-29
3.38028e-30
1.5688e-12
4.77476e-13
1.38475e-13
3.83031e-14
1.01172e-14
2.55512e-15
6.17793e-16
1.43194e-16
3.1859e-17
6.81287e-18
1.40206e-18
2.78015e-19
5.31813e-20
9.82547e-21
1.75546e-21
3.03659e-22
5.09254e-23
8.28983e-24
1.31192e-24
2.02084e-25
3.0363e-26
4.45382e-27
6.40034e-28
9.02583e-29
1.12363e-29
4.03297e-12
1.23467e-12
3.60394e-13
1.00383e-13
2.67092e-14
6.79674e-15
1.65617e-15
3.86909e-16
8.67683e-17
1.87028e-17
3.87953e-18
7.75345e-19
1.49477e-19
2.78306e-20
5.0105e-21
8.73291e-22
1.47548e-22
2.41948e-23
3.85681e-24
5.98361e-25
9.05366e-26
1.33735e-26
1.93474e-27
2.74675e-28
3.43803e-29
9.6758e-12
2.97968e-12
8.75301e-13
2.45457e-13
6.5773e-14
1.68599e-14
4.139e-15
9.74281e-16
2.20163e-16
4.78192e-17
9.99495e-18
2.01274e-18
3.90961e-19
7.33371e-20
1.33011e-20
2.33528e-21
3.97425e-22
6.56397e-23
1.05376e-23
1.64627e-24
2.50806e-25
3.72976e-26
5.43126e-27
7.76154e-28
9.76581e-29
2.17298e-11
6.72855e-12
1.98819e-12
5.61002e-13
1.51299e-13
3.90411e-14
9.64943e-15
2.28702e-15
5.20394e-16
1.13815e-16
2.39544e-17
4.8572e-18
9.4997e-19
1.79414e-19
3.27605e-20
5.79036e-21
9.91948e-22
1.64903e-22
2.66437e-23
4.18914e-24
6.42205e-25
9.61007e-26
1.40779e-26
2.02386e-27
2.5588e-28
4.60465e-11
1.43269e-11
4.25495e-12
1.20702e-12
3.27328e-13
8.49452e-14
2.11175e-14
5.03472e-15
1.15247e-15
2.53574e-16
5.36911e-17
1.09525e-17
2.15497e-18
4.09429e-19
7.52049e-20
1.33707e-20
2.30392e-21
3.85233e-22
6.26004e-23
9.89854e-24
1.52595e-24
2.29606e-25
3.38149e-26
4.8874e-27
6.20568e-28
9.22951e-11
2.88461e-11
8.60808e-12
2.45421e-12
6.69041e-13
1.74557e-13
4.36321e-14
1.04597e-14
2.40745e-15
5.32599e-16
1.13381e-16
2.32526e-17
4.59922e-18
8.78367e-19
1.62168e-19
2.89777e-20
5.01809e-21
8.4319e-22
1.37681e-22
2.18751e-23
3.38812e-24
5.12204e-25
7.57751e-26
1.10016e-26
1.40203e-27
1.77063e-10
5.55263e-11
1.66291e-11
4.75893e-12
1.30246e-12
3.41218e-13
8.56531e-14
2.06229e-14
4.76785e-15
1.05959e-15
2.26608e-16
4.66895e-17
9.2781e-18
1.78026e-18
3.30219e-19
5.92825e-20
1.03136e-20
1.74098e-21
2.85571e-22
4.55766e-23
7.09019e-24
1.07652e-24
1.5992e-25
2.3315e-26
2.98097e-27
3.27963e-10
1.03108e-10
3.0962e-11
8.88591e-12
2.43921e-12
6.41005e-13
1.61421e-13
3.89933e-14
9.04511e-15
2.01698e-15
4.32843e-16
8.9491e-17
1.78456e-17
3.4362e-18
6.39622e-19
1.15234e-19
2.01186e-20
3.40816e-21
5.61015e-22
8.98552e-23
1.40277e-23
2.13746e-24
3.18623e-25
4.66144e-26
5.97691e-27
5.90539e-10
1.85993e-10
5.59579e-11
1.60922e-11
4.42682e-12
1.16594e-12
2.94294e-13
7.12612e-14
1.65709e-14
3.70444e-15
7.97001e-16
1.65207e-16
3.30303e-17
6.37675e-18
1.19012e-18
2.14982e-19
3.76334e-20
6.39229e-21
1.05505e-21
1.69437e-22
2.6522e-23
4.05206e-24
6.05581e-25
8.88293e-26
1.14134e-26
1.03884e-09
3.27589e-10
9.86863e-11
2.84189e-11
7.82921e-12
2.06522e-12
5.22118e-13
1.26637e-13
2.94984e-14
6.60602e-15
1.42382e-15
2.95677e-16
5.92253e-17
1.14554e-17
2.14202e-18
3.87671e-19
6.79943e-20
1.15718e-20
1.91364e-21
3.07927e-22
4.82938e-23
7.39298e-24
1.10699e-24
1.62692e-25
2.09356e-26
1.79174e-09
5.65471e-10
1.70494e-10
4.91416e-11
1.3551e-11
3.5781e-12
9.05544e-13
2.19875e-13
5.12747e-14
1.14961e-14
2.48074e-15
5.15787e-16
1.03442e-16
2.00328e-17
3.75067e-18
6.79687e-19
1.19367e-19
2.03416e-20
3.36838e-21
5.42746e-22
8.52363e-23
1.30662e-23
1.95903e-24
2.88308e-25
3.71377e-26
3.03749e-09
9.59169e-10
2.89358e-10
8.34497e-11
2.30253e-11
6.08356e-12
1.54062e-12
3.74332e-13
8.73549e-14
1.95995e-14
4.23251e-15
8.80669e-16
1.76753e-16
3.4257e-17
6.41882e-18
1.16413e-18
2.04608e-19
3.48962e-20
5.78324e-21
9.32635e-22
1.46589e-22
2.24905e-23
3.37477e-24
4.97082e-25
6.40684e-26
5.07202e-09
1.60222e-09
4.8352e-10
1.39493e-10
3.85023e-11
1.01765e-11
2.57811e-12
6.26659e-13
1.46297e-13
3.28377e-14
7.09422e-15
1.47673e-15
2.96509e-16
5.74912e-17
1.07768e-17
1.95532e-18
3.43813e-19
5.86631e-20
9.72622e-21
1.5692e-21
2.46749e-22
3.78751e-23
5.68558e-24
8.37826e-25
1.08012e-25
8.36098e-09
2.64163e-09
7.97308e-10
2.30052e-10
6.35069e-11
1.6788e-11
4.25378e-12
1.03415e-12
2.41473e-13
5.42109e-14
1.17138e-14
2.43879e-15
4.89764e-16
9.49781e-17
1.78066e-17
3.23128e-18
5.68254e-19
9.69724e-20
1.608e-20
2.59467e-21
4.08048e-22
6.26431e-23
9.40444e-24
1.38601e-24
1.78677e-25
1.41644e-08
4.47403e-09
1.35005e-09
3.89456e-10
1.07493e-10
2.8412e-11
7.19843e-12
1.74991e-12
4.08585e-13
9.17245e-14
1.98191e-14
4.12613e-15
8.28582e-16
1.60674e-16
3.01209e-17
5.4654e-18
9.61039e-19
1.63981e-19
2.71874e-20
4.38633e-21
6.8969e-22
1.05864e-22
1.58893e-23
2.34131e-24
3.01717e-25
2.48342e-08
7.83968e-09
2.36447e-09
6.81825e-10
1.88135e-10
4.97172e-11
1.25949e-11
3.06167e-12
7.14881e-13
1.60496e-13
3.46818e-14
7.22115e-15
1.45026e-15
2.81254e-16
5.27304e-17
9.56859e-18
1.68264e-18
2.87119e-19
4.76039e-20
7.68032e-21
1.20759e-21
1.85354e-22
2.78177e-23
4.09864e-24
5.28054e-25
4.33378e-08
1.36619e-08
4.11554e-09
1.18557e-09
3.26864e-10
8.63227e-11
2.18577e-11
5.31152e-12
1.23992e-12
2.78335e-13
6.0142e-14
1.25221e-14
2.51493e-15
4.87753e-16
9.14507e-17
1.65959e-17
2.91855e-18
4.98034e-19
8.25764e-20
1.33231e-20
2.09482e-21
3.21535e-22
4.82528e-23
7.10922e-24
9.1575e-25
7.52059e-08
2.3651e-08
7.10951e-09
2.04428e-09
5.6273e-10
1.48422e-10
3.75423e-11
9.11542e-12
2.12655e-12
4.77135e-13
1.03063e-13
2.14535e-14
4.30804e-15
8.35437e-16
1.56632e-16
2.84242e-17
4.99875e-18
8.53031e-19
1.41441e-19
2.28214e-20
3.58839e-21
5.50805e-22
8.26591e-23
1.21787e-23
1.56857e-24
1.30341e-07
4.08498e-08
1.22413e-08
3.51012e-09
9.63886e-10
2.53694e-10
6.40559e-11
1.55297e-11
3.61846e-12
8.11049e-13
1.75045e-13
3.6413e-14
7.30814e-15
1.41664e-15
2.65512e-16
4.81706e-17
8.46974e-18
1.44514e-18
2.39594e-19
3.86556e-20
6.07777e-21
9.3289e-22
1.39992e-22
2.06258e-23
2.65621e-24
2.25831e-07
7.04911e-08
2.10439e-08
6.01321e-09
1.64604e-09
4.32021e-10
1.08812e-10
2.63234e-11
6.12191e-12
1.36996e-12
2.95261e-13
6.13475e-14
1.23001e-14
2.38223e-15
4.46159e-16
8.0894e-17
1.42159e-17
2.42451e-18
4.01814e-19
6.48076e-20
1.01869e-20
1.56328e-21
2.34544e-22
3.4552e-23
4.44875e-24
3.90609e-07
1.21444e-07
3.61161e-08
1.02825e-08
2.80512e-09
7.33925e-10
1.84323e-10
4.4475e-11
1.03192e-11
2.30442e-12
4.95737e-13
1.0283e-13
2.05868e-14
3.98191e-15
7.4488e-16
1.34915e-16
2.36872e-17
4.03648e-18
6.68477e-19
1.07747e-19
1.69267e-20
2.5963e-21
3.89351e-22
5.73369e-23
7.37958e-24
6.7139e-07
2.08106e-07
6.16948e-08
1.75103e-08
4.76248e-09
1.24244e-09
3.11185e-10
7.48939e-11
1.73359e-11
3.86279e-12
8.29288e-13
1.71694e-13
3.43136e-14
6.62627e-15
1.23771e-15
2.23869e-16
3.92552e-17
6.68161e-18
1.10535e-18
1.77989e-19
2.79362e-20
4.28151e-21
6.41585e-22
9.44199e-23
1.21448e-23
1.13915e-06
3.52562e-07
1.04336e-07
2.95556e-08
8.02253e-09
2.08871e-09
5.22098e-10
1.25409e-10
2.89738e-11
6.44414e-12
1.38102e-12
2.85437e-13
5.6952e-14
1.09807e-14
2.04796e-15
3.69886e-16
6.47697e-17
1.10099e-17
1.8191e-18
2.92574e-19
4.58693e-20
7.02258e-21
1.05128e-21
1.54575e-22
1.98656e-23
1.89354e-06
5.86273e-07
1.73497e-07
4.91325e-08
1.33297e-08
3.46815e-09
8.66232e-10
2.07893e-10
4.79858e-11
1.06622e-11
2.28265e-12
4.71289e-13
9.39309e-14
1.809e-14
3.37004e-15
6.07967e-16
1.06336e-16
1.80545e-17
2.97961e-18
4.78683e-19
7.49635e-20
1.14645e-20
1.71444e-21
2.51834e-22
3.2335e-23
3.06151e-06
9.5013e-07
2.817e-07
7.98931e-08
2.17009e-08
5.65154e-09
1.41261e-09
3.3921e-10
7.83273e-11
1.74082e-11
3.72724e-12
7.69515e-13
1.53344e-13
2.95239e-14
5.49793e-15
9.91363e-16
1.73294e-16
2.94045e-17
4.84933e-18
7.78474e-19
1.21816e-19
1.86148e-20
2.78137e-21
4.08228e-22
5.23744e-23
4.78613e-06
1.49147e-06
4.4379e-07
1.26265e-07
3.43944e-08
8.98024e-09
2.24979e-09
5.41362e-10
1.25238e-10
2.78795e-11
5.97772e-12
1.23564e-12
2.46481e-13
4.74953e-14
8.85031e-15
1.59662e-15
2.79189e-16
4.73816e-17
7.81462e-18
1.25444e-18
1.96266e-19
2.99848e-20
4.47889e-21
6.57156e-22
8.42774e-23
7.22843e-06
2.26582e-06
6.77817e-07
1.93808e-07
5.30373e-08
1.39077e-08
3.4984e-09
8.45012e-10
1.96179e-10
4.38162e-11
9.42341e-12
1.95336e-12
3.90647e-13
7.54504e-14
1.4089e-14
2.54649e-15
4.46035e-16
7.58098e-17
1.25197e-17
2.012e-18
3.15106e-19
4.81818e-20
7.20233e-21
1.05746e-21
1.35679e-22
1.04952e-05
3.31382e-06
9.98071e-07
2.87214e-07
7.90789e-08
2.08571e-08
5.27563e-09
1.28106e-09
2.98918e-10
6.70828e-11
1.44926e-11
3.01695e-12
6.05762e-13
1.17435e-13
2.20051e-14
3.9901e-15
7.00985e-16
1.19472e-16
1.97808e-17
3.18641e-18
5.00119e-19
7.66239e-20
1.14751e-20
1.6877e-21
2.16857e-22
1.46236e-05
4.65683e-06
1.41392e-06
4.1004e-07
1.13738e-07
3.02143e-08
7.69572e-09
1.88134e-09
4.41838e-10
9.97757e-11
2.16844e-11
4.53986e-12
9.16501e-13
1.78595e-13
3.36296e-14
6.12627e-15
1.081e-15
1.85004e-16
3.07508e-17
4.97179e-18
7.83062e-19
1.20367e-19
1.80824e-20
2.66743e-21
3.43625e-22
1.9303e-05
6.20519e-06
1.90111e-06
5.56131e-07
1.55561e-07
4.1664e-08
1.06976e-08
2.63584e-09
6.23791e-10
1.41914e-10
3.1065e-11
6.54904e-12
1.33097e-12
2.61024e-13
4.9454e-14
9.06216e-15
1.6081e-15
2.76702e-16
4.62314e-17
7.51172e-18
1.18873e-18
1.83553e-19
2.76954e-20
4.10273e-21
5.30505e-22
2.37747e-05
7.74734e-06
2.40222e-06
7.10269e-07
2.00595e-07
5.42014e-08
1.40317e-08
3.48424e-09
8.30697e-10
1.90344e-10
4.19584e-11
8.90644e-12
1.82232e-12
3.59778e-13
6.8611e-14
1.26534e-14
2.25947e-15
3.9116e-16
6.57442e-17
1.07438e-17
1.70977e-18
2.6544e-19
4.02638e-20
5.99553e-21
7.78846e-22
2.57563e-05
8.52546e-06
2.68632e-06
8.0717e-07
2.3164e-07
6.35878e-08
1.67179e-08
4.21351e-09
1.0189e-09
2.36606e-10
5.28108e-11
1.13405e-11
2.3452e-12
4.67558e-13
8.99737e-14
1.67317e-14
3.0108e-15
5.24962e-16
8.88222e-17
1.46056e-17
2.33799e-18
3.64974e-19
5.56546e-20
8.32916e-21
1.08703e-21
2.61068e-05
8.66733e-06
2.74158e-06
8.27504e-07
2.3874e-07
6.5944e-08
1.74598e-08
4.43505e-09
1.08171e-09
2.53532e-10
5.71492e-11
1.23994e-11
2.59181e-12
5.22444e-13
1.01663e-13
1.91199e-14
3.47975e-15
6.13649e-16
1.05004e-16
1.74607e-17
2.82593e-18
4.45947e-19
6.87317e-20
1.03946e-20
1.36979e-21
2.55679e-05
8.51508e-06
2.69912e-06
8.15851e-07
2.35659e-07
6.51689e-08
1.72744e-08
4.39321e-09
1.07293e-09
2.51857e-10
5.6874e-11
1.2366e-11
2.59122e-12
5.23795e-13
1.02252e-13
1.92978e-14
3.52538e-15
6.2421e-16
1.0727e-16
1.79185e-17
2.9139e-18
4.62144e-19
7.16061e-20
1.08897e-20
1.44317e-21
2.3376e-05
7.88562e-06
2.52256e-06
7.67601e-07
2.22897e-07
6.1912e-08
1.64728e-08
4.20308e-09
1.02947e-09
2.42274e-10
5.48313e-11
1.19447e-11
2.50707e-12
5.07518e-13
9.91965e-14
1.87421e-14
3.42733e-15
6.07414e-16
1.04475e-16
1.74665e-17
2.84276e-18
4.51233e-19
6.99766e-20
1.06519e-20
1.41332e-21
1.78234e-05
6.22612e-06
2.04194e-06
6.32586e-07
1.86196e-07
5.22744e-08
1.4031e-08
3.60668e-09
8.89082e-10
2.10423e-10
4.78645e-11
1.04749e-11
2.20778e-12
4.48643e-13
8.80002e-14
1.66808e-14
3.05946e-15
5.43696e-16
9.3744e-17
1.57068e-17
2.56127e-18
4.07247e-19
6.32481e-20
9.63977e-21
1.28111e-21
8.88527e-06
3.27616e-06
1.12504e-06
3.61727e-07
1.09722e-07
3.15788e-08
8.65556e-09
2.26542e-09
5.67351e-10
1.36179e-10
3.13703e-11
6.94397e-12
1.47871e-12
3.0328e-13
5.99771e-14
1.14517e-14
2.11365e-15
3.7767e-16
6.54166e-17
1.10035e-17
1.79987e-18
2.86933e-19
4.46516e-20
6.81678e-21
9.08746e-22
2.16004e-06
8.80185e-07
3.20682e-07
1.06554e-07
3.29154e-08
9.56722e-09
2.63517e-09
6.91024e-10
1.731e-10
4.1525e-11
9.55812e-12
2.11445e-12
4.50204e-13
9.23879e-14
1.82951e-14
3.50067e-15
6.47937e-16
1.16182e-16
2.01998e-17
3.41218e-18
5.6034e-19
8.97192e-20
1.40161e-20
2.149e-21
2.88758e-22
2.83183e-07
1.35867e-07
5.33967e-08
1.82434e-08
5.65844e-09
1.62933e-09
4.409e-10
1.1299e-10
2.75687e-11
6.42854e-12
1.4365e-12
3.08254e-13
6.36273e-14
1.26514e-14
2.42723e-15
4.50115e-16
8.07611e-17
1.40388e-17
2.36645e-18
3.87515e-19
6.16877e-20
9.57253e-21
1.44913e-21
2.15188e-22
2.85127e-23
1.93683e-08
1.43458e-08
5.99537e-09
2.04964e-09
6.19624e-10
1.71274e-10
4.40611e-11
1.06674e-11
2.44876e-12
5.35729e-13
1.12094e-13
2.24878e-14
4.33337e-15
8.03393e-16
1.43898e-16
2.49223e-17
4.17739e-18
6.7835e-19
1.06819e-19
1.63347e-20
2.42809e-21
3.51623e-22
4.96677e-23
6.87063e-24
8.94424e-25
1.16387e-09
1.00618e-09
5.05541e-10
1.60794e-10
4.4699e-11
1.12407e-11
2.60856e-12
5.65983e-13
1.15821e-13
2.2487e-14
4.15837e-15
7.34147e-16
1.24144e-16
2.02701e-17
3.19767e-18
4.87676e-19
7.19679e-20
1.02851e-20
1.42516e-21
1.91671e-22
2.50577e-23
3.18923e-24
3.96006e-25
4.79594e-26
6.93021e-27
5.45802e-11
5.14644e-11
2.76898e-11
7.77877e-12
1.86894e-12
3.98958e-13
7.74058e-14
1.38529e-14
2.30882e-15
3.60528e-16
5.29479e-17
7.4732e-18
1.01717e-18
1.33537e-19
1.69191e-20
2.07018e-21
2.44898e-22
2.8036e-23
3.11107e-24
3.35001e-25
3.51132e-26
3.29292e-27
5.46241e-28
8.89203e-29
2.50194e-29
1.89655e-12
1.71765e-12
7.91607e-13
1.75702e-13
3.23202e-14
5.07305e-15
6.94961e-16
8.40767e-17
9.00432e-18
9.26521e-19
9.16746e-20
8.72726e-21
8.01131e-22
6.59812e-23
9.58336e-24
1.34811e-24
1.83871e-25
2.43397e-26
3.13113e-27
3.9187e-28
4.77945e-29
5.98964e-30
3.98718e-31
4.71786e-32
3.32031e-32
2.98326e-14
2.15611e-14
5.88702e-15
7.97616e-16
8.20071e-17
5.98614e-18
2.73688e-19
1.19604e-20
9.65144e-22
7.65768e-23
6.00678e-24
4.68028e-25
3.63255e-26
2.76715e-27
2.43825e-28
2.56341e-29
3.06986e-30
3.91033e-31
5.05436e-32
6.481e-33
8.17223e-34
1.04574e-34
2.48529e-35
1.67637e-36
1.6821e-35
)
;

boundaryField
{
    inlet
    {
        type            fixedValue;
        value           uniform 1;
    }
    outlet
    {
        type            inletOutlet;
        inletValue      uniform 0;
        value           nonuniform List<scalar> 
57
(
1.37612e-43
8.32903e-41
1.20521e-38
2.87246e-37
3.65242e-36
3.48647e-35
2.72563e-34
1.80587e-33
1.03305e-32
5.18941e-32
2.31657e-31
9.29475e-31
3.38028e-30
1.12363e-29
3.43803e-29
9.76581e-29
2.5588e-28
6.20568e-28
1.40203e-27
2.98097e-27
5.97691e-27
1.14134e-26
2.09356e-26
3.71377e-26
6.40684e-26
1.08012e-25
1.78677e-25
3.01717e-25
5.28054e-25
9.1575e-25
1.56857e-24
2.65621e-24
4.44875e-24
7.37958e-24
1.21448e-23
1.98656e-23
3.2335e-23
5.23744e-23
8.42774e-23
1.35679e-22
2.16857e-22
3.43625e-22
5.30505e-22
7.78846e-22
1.08703e-21
1.36979e-21
1.44317e-21
1.41332e-21
1.28111e-21
9.08746e-22
2.88758e-22
2.85127e-23
8.94424e-25
6.93021e-27
2.50194e-29
3.32031e-32
1.6821e-35
)
;
    }
    upperWall
    {
        type            zeroGradient;
    }
    lowerWall
    {
        type            zeroGradient;
    }
    frontAndBack
    {
        type            empty;
    }
}


// ************************************************************************* //
