/*--------------------------------*- C++ -*----------------------------------*\
  =========                 |
  \\      /  F ield         | OpenFOAM: The Open Source CFD Toolbox
   \\    /   O peration     | Website:  https://openfoam.org
    \\  /    A nd           | Version:  7
     \\/     M anipulation  |
\*---------------------------------------------------------------------------*/
FoamFile
{
    version     2.0;
    format      ascii;
    class       volScalarField;
    location    "0.098";
    object      nut;
}
// * * * * * * * * * * * * * * * * * * * * * * * * * * * * * * * * * * * * * //

dimensions      [0 2 -1 0 0 0 0];

internalField   nonuniform List<scalar> 
12225
(
0
0
0
0
0
0
0
0
0
0
0
0
0
0
0
0
0
0
0
0
0
0
0
0
0
0
0
1.07199e-11
0
0
0
0
0
0
0
0
0
7.89764e-10
0
0
0
0
0
0
0
0
0
0
0
0
0
0
0
0
3.18305e-08
2.4658e-08
8.21396e-09
1.76707e-09
0
0
0
0
0
0
0
0
0
0
0
1.72315e-10
0
0
2.73055e-07
3.71349e-07
3.92696e-07
2.49808e-08
0
0
0
0
0
0
0
4.59334e-10
9.10908e-10
1.36918e-09
1.01185e-09
1.17325e-10
0
0
3.96207e-07
1.76328e-07
1.68778e-07
9.97163e-08
0
0
0
4.09713e-09
0
0
2.93619e-09
3.65457e-09
2.24575e-09
3.40247e-09
4.99846e-09
3.5396e-09
1.8238e-09
0
2.12061e-07
4.49957e-08
7.45004e-08
8.06179e-08
8.32396e-11
0
0
2.11379e-10
0
0
7.93123e-10
6.28249e-09
1.08537e-08
1.37058e-08
1.50413e-08
1.38486e-08
1.13581e-08
4.90722e-09
5.43267e-08
1.8756e-08
1.32763e-07
1.61585e-07
3.12918e-08
0
4.09209e-08
3.62436e-08
2.07316e-08
1.67365e-08
1.8141e-08
1.69944e-08
1.35782e-08
1.2315e-08
1.73899e-08
2.60068e-08
3.3747e-08
3.51689e-08
0
1.6055e-07
4.94148e-07
5.92051e-07
2.75102e-07
1.05862e-07
2.07628e-07
2.02248e-07
1.64574e-07
1.19121e-07
7.95463e-08
5.13425e-08
3.54296e-08
3.35636e-08
4.51125e-08
6.03425e-08
7.02171e-08
6.65657e-08
9.74813e-08
3.72866e-07
7.00346e-07
1.08195e-06
3.19491e-07
1.38714e-07
3.22398e-07
4.96459e-07
7.02165e-07
7.59849e-07
5.24517e-07
2.50432e-07
1.17046e-07
1.18543e-07
1.62776e-07
1.84528e-07
1.7523e-07
1.41127e-07
0
5.2125e-07
8.34181e-07
5.74864e-07
0
0
2.33108e-07
7.5427e-07
1.42527e-06
1.5361e-06
9.28518e-07
4.31076e-07
2.1234e-07
1.35816e-07
1.17554e-07
1.14106e-07
1.09475e-07
1.00904e-07
0
1.14444e-07
1.21109e-06
1.52821e-07
0
0
0
9.16783e-08
4.04274e-07
6.60641e-07
5.12631e-07
3.74842e-07
2.96058e-07
2.05013e-07
9.97124e-08
1.6984e-08
0
0
0
0
1.15108e-06
7.3269e-07
3.99478e-07
1.67581e-07
4.70797e-08
7.62792e-08
2.08559e-07
4.30477e-07
5.16768e-07
5.30451e-07
5.09328e-07
4.0274e-07
1.93661e-07
0
0
0
0
1.1399e-07
2.71367e-07
2.28656e-07
3.78221e-07
3.6599e-07
1.65853e-07
2.62522e-07
6.93979e-07
1.20279e-06
8.78687e-07
7.13167e-07
6.09651e-07
4.5678e-07
2.44474e-07
5.38616e-08
1.97216e-08
8.88568e-08
3.44085e-07
1.88196e-07
0
0
0
0
0
0
5.51106e-07
1.07592e-06
7.62666e-07
6.4828e-07
5.78654e-07
4.41278e-07
2.20303e-07
3.3852e-08
0
0
5.23345e-07
2.32225e-07
1.75996e-07
9.81148e-08
0
0
0
7.1471e-08
3.09441e-07
3.59039e-07
3.24166e-07
3.17101e-07
2.99453e-07
2.08503e-07
7.99283e-08
0
0
0
7.70795e-08
5.62644e-07
8.32568e-07
7.9879e-09
0
0
0
2.91769e-08
2.46996e-07
2.82937e-07
2.79376e-07
2.94696e-07
2.64431e-07
1.64882e-07
6.35621e-08
1.21224e-08
4.63164e-09
1.74194e-08
0
0
3.52166e-07
1.9826e-07
0
0
0
0
0
3.00062e-08
1.15703e-07
1.29241e-07
1.01055e-07
6.15545e-08
3.8052e-08
4.46506e-08
7.47707e-08
1.09965e-07
0
0
0
0
6.89806e-08
7.13835e-08
0
0
0
2.9136e-09
1.54483e-07
1.62934e-07
9.64771e-08
3.3342e-09
0
0
0
1.11658e-08
1.37311e-07
3.95253e-07
1.80964e-07
0
0
0
0
0
0
0
1.26944e-07
1.93245e-07
1.62284e-07
3.00153e-08
0
0
0
3.19857e-10
1.90824e-07
0
0
0
0
0
0
0
0
7.20271e-08
2.336e-07
3.26127e-07
2.1582e-07
3.97558e-08
0
0
1.53804e-08
7.08171e-08
2.72379e-07
1.36987e-07
0
0
0
0
0
0
4.15701e-08
1.43237e-07
3.12225e-07
4.29307e-07
4.29811e-07
3.37039e-07
2.19566e-07
1.30012e-07
8.7615e-08
9.17249e-08
0
0
0
0
0
0
0
0
4.30029e-08
1.33502e-07
2.01392e-07
3.00446e-07
3.80604e-07
3.88989e-07
3.313e-07
2.40677e-07
1.50284e-07
9.19366e-08
0
0
0
0
0
0
0
1.76389e-08
7.14787e-08
8.79257e-08
1.04632e-07
1.33997e-07
1.67083e-07
1.85799e-07
1.69573e-07
1.09427e-07
2.05934e-08
0
0
0
0
0
2.07149e-09
2.56243e-08
1.25392e-08
0
0
0
0
0
0
0
0
0
0
0
0
0
0
0
3.84419e-08
7.86852e-08
7.76841e-08
7.16349e-08
5.97073e-08
3.23622e-08
0
0
0
0
0
0
0
0
0
0
0
0
0
0
0
0
0
0
0
0
0
0
0
0
0
0
4.99885e-09
0
0
0
0
0
0
0
0
0
0
0
0
0
0
0
0
0
7.58407e-09
0
0
0
0
0
0
0
0
0
0
0
0
0
0
0
0
0
6.22111e-08
0
0
0
0
0
0
0
0
0
0
0
0
0
0
0
0
0
0
0
0
0
0
1.09039e-06
1.41383e-06
8.60033e-07
1.17043e-07
0
0
0
0
0
1.77163e-06
1.94544e-06
1.23765e-06
8.71836e-07
8.03846e-07
1.06448e-06
1.22868e-06
6.37733e-07
1.74348e-08
0
0
0
0
0
0
1.25493e-07
2.31542e-07
3.03983e-07
3.27588e-07
3.12875e-07
2.93106e-07
2.59287e-07
2.09378e-07
1.58635e-07
1.07251e-07
5.23128e-08
0
0
0
0
0
0
0
0
0
0
0
0
0
0
0
0
0
6.29311e-08
2.99805e-07
0
0
0
0
0
0
0
0
0
0
0
0
4.48514e-07
2.92907e-07
7.24508e-07
4.49459e-06
0
0
0
0
0
0
0
6.15299e-08
1.0952e-05
3.52553e-05
5.86638e-05
5.64424e-05
3.02911e-05
8.01004e-06
1.32363e-06
2.12774e-07
4.24625e-08
3.88438e-08
5.2179e-08
5.65007e-08
5.03953e-08
4.03759e-08
3.15135e-08
2.1981e-08
1.41297e-08
7.41582e-09
1.36326e-09
0
0
0
0
0
0
0
0
0
0
0
0
0
0
0
0
0
0
0
0
0
0
0
0
0
1.66778e-08
1.19353e-08
1.519e-09
0
0
0
0
0
0
0
0
0
0
0
0
0
0
0
0
0
0
0
0
0
0
0
0
0
0
0
0
0
0
0
0
0
0
0
0
0
0
1.21761e-11
2.76576e-11
2.24694e-11
4.97108e-11
3.31385e-11
9.88511e-11
5.68532e-11
1.97376e-10
2.18025e-10
4.06051e-10
2.51477e-09
1.64732e-10
6.02591e-07
1.27e-06
0
4.235e-08
1.6826e-06
2.65941e-06
2.42942e-06
1.47215e-06
2.60826e-07
0
0
0
0
0
0
0
6.16558e-07
1.2071e-06
9.06242e-07
1.36482e-07
0
0
0
0
0
0
0
0
0
2.24599e-08
1.07615e-07
1.88919e-07
2.11353e-07
2.08916e-07
1.98804e-07
1.67851e-07
1.31936e-07
9.90733e-08
6.44443e-08
3.07403e-08
0
0
0
0
0
0
0
0
0
0
0
0
0
0
1.68116e-09
4.17496e-08
1.46849e-07
4.42864e-07
7.28073e-07
5.58876e-07
0
0
0
0
0
0
0
0
0
0
0
0
5.27761e-08
0
0
2.97893e-07
2.4497e-06
2.0578e-07
0
0
0
0
7.45171e-06
1.74325e-05
1.82139e-05
1.4158e-05
9.07147e-06
5.51107e-06
2.56778e-06
9.82446e-07
3.33482e-07
1.28096e-07
8.94816e-08
8.36958e-08
7.75041e-08
6.81115e-08
5.76435e-08
4.67895e-08
3.58691e-08
2.51348e-08
1.45399e-08
4.11414e-09
0
0
0
0
0
0
0
0
0
0
0
0
0
0
0
0
0
0
0
0
0
0
0
0
0
0
2.99891e-08
3.34244e-08
2.52231e-08
1.64414e-08
9.57153e-09
4.65825e-09
1.25358e-09
0
0
0
0
0
0
0
0
0
0
0
0
0
0
0
0
0
0
0
0
0
0
0
0
0
0
0
0
0
0
0
0
1.50621e-10
2.17381e-10
2.86633e-10
2.51262e-10
3.24037e-10
2.4607e-10
3.79298e-10
2.67878e-10
4.56203e-10
4.81847e-10
4.55102e-10
1.78312e-09
0
7.71512e-06
3.88693e-06
1.14401e-06
1.13575e-06
2.55911e-06
3.22137e-06
2.48911e-06
1.45706e-06
5.29498e-07
0
0
0
0
0
0
0
0
0
0
0
0
0
0
0
0
0
0
0
0
0
0
0
0
0
4.40148e-08
6.7006e-08
7.08931e-08
6.01742e-08
4.24603e-08
2.20006e-08
1.04205e-09
0
0
0
0
0
0
0
0
0
0
0
4.88907e-08
1.2089e-07
1.8054e-07
2.31028e-07
3.3077e-07
4.87953e-07
5.42828e-07
4.04745e-07
2.33992e-07
4.15543e-08
0
0
0
0
0
0
0
0
0
0
0
0
0
0
1.89273e-06
6.32381e-06
0
0
0
3.35255e-06
4.30395e-06
3.44457e-06
2.30907e-06
1.47153e-06
1.10345e-06
1.02807e-06
8.48096e-07
6.16856e-07
4.6121e-07
4.17837e-07
4.18172e-07
4.01426e-07
3.55121e-07
2.96303e-07
2.38112e-07
1.86184e-07
1.40699e-07
9.95517e-08
6.14114e-08
2.4557e-08
0
0
0
0
0
0
0
0
0
0
0
0
0
0
0
0
0
0
0
0
0
0
0
0
0
0
0
0
0
0
0
9.67001e-09
1.74872e-08
2.15999e-08
2.3246e-08
2.32741e-08
2.21135e-08
2.01594e-08
1.78047e-08
1.50094e-08
1.18035e-08
8.19908e-09
4.51536e-09
1.64815e-09
0
0
0
0
0
0
0
0
0
0
0
0
0
0
0
0
0
0
0
0
1.12586e-10
6.07326e-10
8.4946e-10
1.0767e-09
1.03053e-09
1.1638e-09
9.59269e-10
1.09949e-09
8.80555e-10
8.88709e-10
1.17461e-09
9.5723e-11
2.54872e-09
0
4.64775e-06
4.83076e-06
2.41351e-06
1.78819e-06
3.1796e-06
2.80886e-06
1.71242e-06
1.15229e-06
8.12841e-07
4.75273e-07
0
0
0
0
0
0
0
0
0
0
0
0
0
0
0
0
0
0
0
0
0
0
0
0
0
0
0
0
0
0
0
0
0
0
5.54361e-08
1.50721e-07
2.03449e-07
2.24887e-07
2.25179e-07
2.1847e-07
2.17102e-07
2.29782e-07
2.5475e-07
2.83128e-07
3.05061e-07
3.27332e-07
3.58239e-07
3.8308e-07
3.58078e-07
2.78306e-07
2.51898e-07
2.95827e-07
3.56302e-07
3.67973e-07
1.76987e-07
0
0
0
0
0
0
0
0
0
0
0
1.82603e-07
8.19868e-07
0
0
3.48337e-06
4.03224e-06
2.20601e-06
1.15973e-06
6.50119e-07
3.95413e-07
2.99071e-07
3.6619e-07
4.94709e-07
5.7472e-07
6.30617e-07
6.30006e-07
5.65636e-07
4.76173e-07
3.90115e-07
3.16982e-07
2.49846e-07
1.8618e-07
1.24915e-07
6.85289e-08
2.16901e-08
0
0
0
0
0
0
0
0
0
0
0
0
0
0
0
0
0
0
0
0
0
0
0
0
0
0
0
0
0
0
0
0
0
0
0
0
0
0
0
0
0
0
0
0
1.29834e-08
1.48241e-08
0
0
0
0
0
0
0
0
0
0
1.30542e-09
4.94328e-09
5.95561e-09
4.99188e-09
2.85147e-09
6.93335e-10
0
0
0
0
3.10312e-10
9.08529e-10
1.48355e-09
1.7376e-09
1.97292e-09
1.9379e-09
1.7007e-09
1.88787e-09
5.0607e-10
2.45001e-09
0
4.72639e-09
0
1.69779e-06
2.23158e-06
2.06383e-06
2.73593e-06
2.24266e-06
7.39781e-07
4.72e-07
4.37599e-07
4.2546e-07
3.97785e-07
3.23663e-07
0
0
0
0
0
0
0
0
0
0
0
0
0
0
0
0
0
0
0
0
0
0
0
0
7.14041e-08
3.49793e-07
6.77975e-07
1.01911e-06
1.20418e-06
7.37517e-07
0
0
0
0
0
0
9.93494e-10
1.67433e-07
2.84879e-07
3.57063e-07
3.8633e-07
3.84841e-07
3.67249e-07
3.46295e-07
3.32042e-07
3.22136e-07
3.12688e-07
2.95043e-07
2.6889e-07
2.45641e-07
2.36558e-07
2.58725e-07
3.37605e-07
2.83656e-07
0
0
0
0
0
0
0
0
0
0
0
0
0
0
0
1.59597e-06
3.94173e-06
2.67688e-06
1.25085e-06
6.75093e-07
4.70434e-07
4.48177e-07
5.36307e-07
5.03186e-07
3.22541e-07
1.73892e-07
8.22156e-08
2.73776e-08
0
0
0
0
0
0
0
0
0
0
0
0
0
0
0
0
0
0
0
0
0
0
0
0
0
0
0
0
0
0
0
0
0
0
0
0
0
0
0
0
0
0
0
0
0
0
0
0
0
0
0
0
0
0
1.12048e-08
6.47475e-09
0
0
0
0
1.98829e-08
0
0
0
0
0
0
0
0
0
0
0
0
0
0
0
0
0
0
0
0
2.9693e-09
0
7.80482e-09
0
1.32275e-08
0
1.56981e-07
4.79597e-07
1.26117e-06
2.43177e-06
0
0
0
0
3.63573e-07
6.59126e-07
9.06999e-07
9.96431e-07
3.29535e-07
0
0
0
0
0
0
0
0
0
0
0
0
0
0
0
0
0
0
0
3.80236e-08
4.24404e-07
9.32224e-07
1.57933e-06
2.40406e-06
3.49731e-06
5.04512e-06
7.33248e-06
8.25186e-06
0
0
0
0
0
0
0
0
0
0
8.09164e-08
3.06715e-07
3.91136e-07
4.09332e-07
3.92853e-07
3.64914e-07
3.24543e-07
2.84671e-07
2.50726e-07
2.22678e-07
2.06493e-07
1.95158e-07
2.02382e-07
2.84268e-07
3.24231e-07
1.78874e-07
0
0
0
0
0
0
0
0
0
0
0
0
0
0
7.62341e-07
1.21137e-06
1.12258e-06
8.87446e-07
6.8339e-07
4.56997e-07
2.41597e-07
1.19114e-07
6.41234e-08
3.23595e-08
8.31274e-09
0
0
0
0
0
0
0
0
0
0
0
0
0
0
0
0
0
0
0
0
0
0
0
0
0
0
0
0
0
0
0
0
0
0
0
0
0
0
0
0
0
0
0
0
0
0
0
0
0
0
0
0
0
0
0
0
1.99328e-08
5.76133e-08
1.06045e-08
0
0
0
2.86588e-08
4.22428e-08
2.63939e-09
0
0
0
0
0
0
0
0
0
0
0
0
0
0
0
0
0
0
0
1.61662e-08
0
3.60221e-08
0
0
7.74162e-08
5.5046e-07
0
0
0
0
2.01618e-07
6.32181e-07
9.75985e-07
1.18977e-06
1.29743e-06
1.13615e-06
0
0
0
0
0
0
0
0
0
0
0
0
0
0
0
0
0
6.44161e-08
5.55184e-07
1.17705e-06
1.87706e-06
2.60337e-06
3.21266e-06
3.8339e-06
4.51963e-06
5.29089e-06
5.76598e-06
3.56931e-06
0
0
0
0
0
0
0
0
0
0
0
0
0
2.42987e-07
3.7678e-07
4.01201e-07
3.60467e-07
3.01822e-07
2.55529e-07
2.19381e-07
1.92414e-07
1.69042e-07
1.35323e-07
7.33599e-08
1.4437e-07
4.00129e-07
4.51311e-07
2.52224e-07
1.75283e-07
1.73253e-07
0
0
0
0
0
0
0
0
0
0
1.0687e-07
2.4557e-07
2.82173e-07
2.49231e-07
1.71202e-07
9.43074e-08
4.84922e-08
2.76009e-08
1.77293e-08
8.90065e-09
0
0
0
0
2.39895e-09
3.34723e-08
6.8788e-08
1.07548e-07
1.31626e-07
5.75662e-08
0
0
0
0
0
0
0
0
0
0
0
0
0
0
0
0
0
0
0
0
0
0
0
0
0
0
0
0
0
0
0
0
0
0
0
0
0
0
0
0
0
0
4.85254e-09
2.24276e-08
1.55299e-08
0
0
0
3.56463e-08
9.04502e-08
4.913e-08
5.48532e-09
2.42158e-09
2.51392e-08
6.0328e-08
8.79801e-08
7.70009e-08
5.70761e-08
4.52418e-08
3.06415e-08
6.08204e-09
0
0
0
0
0
0
0
1.85496e-09
9.47328e-09
1.24029e-08
2.09525e-08
1.41949e-08
2.2228e-08
5.14989e-09
2.52228e-08
1.43405e-09
2.94004e-08
0
0
5.55297e-09
2.29096e-07
0
0
0
1.02624e-07
3.03323e-07
4.89186e-07
6.89446e-07
8.41461e-07
9.18964e-07
9.41296e-07
5.50434e-07
0
0
0
0
0
0
0
0
0
0
0
0
0
0
0
4.41839e-07
1.09805e-06
1.75562e-06
2.1848e-06
2.21641e-06
2.04047e-06
1.83514e-06
1.66565e-06
1.54265e-06
1.41384e-06
1.18621e-06
7.55749e-07
1.50947e-07
0
0
0
0
0
0
0
0
0
0
0
0
0
2.31642e-08
3.02428e-07
3.76072e-07
3.31578e-07
2.66666e-07
2.19284e-07
1.90039e-07
1.68195e-07
1.38678e-07
7.18433e-08
0
0
2.26219e-07
5.15314e-07
5.34707e-07
4.33053e-07
2.41028e-07
0
0
0
0
0
0
0
0
0
0
6.43812e-08
7.36816e-08
7.01581e-08
5.51759e-08
3.47829e-08
1.94296e-08
1.40172e-08
1.18908e-08
5.13585e-09
0
0
0
0
0
0
0
0
0
0
0
1.68748e-07
9.01991e-08
0
0
0
0
0
0
0
0
0
0
6.0659e-09
7.18066e-08
3.72922e-08
0
0
0
0
0
0
0
0
0
0
0
0
0
0
0
0
0
0
0
0
0
0
0
0
0
0
0
1.88239e-08
4.39875e-08
4.99106e-08
3.41138e-08
9.01242e-09
1.28045e-08
7.42438e-08
1.29729e-07
8.72449e-08
5.00658e-08
5.07782e-08
7.11431e-08
9.98028e-08
1.24019e-07
1.14853e-07
8.54543e-08
5.48848e-08
1.87788e-08
0
0
0
0
0
1.97426e-08
1.90938e-08
1.51075e-08
1.55398e-08
1.45323e-08
2.02933e-08
2.34943e-08
3.74644e-08
2.43755e-08
3.0554e-08
8.57683e-09
2.42519e-08
0
0
0
4.37331e-08
0
0
5.92898e-08
2.76772e-07
4.20805e-07
4.6787e-07
4.87953e-07
5.28208e-07
5.85984e-07
6.6182e-07
7.09468e-07
0
0
0
0
0
0
0
0
0
0
0
0
0
1.57176e-07
8.55263e-07
1.55283e-06
1.86097e-06
1.56642e-06
1.06164e-06
6.76288e-07
4.79158e-07
4.47877e-07
5.2628e-07
6.4161e-07
7.1917e-07
6.82542e-07
4.93268e-07
2.29848e-07
8.30778e-08
1.68103e-07
4.45199e-07
7.7791e-07
1.02643e-06
1.09444e-06
9.22002e-07
4.6333e-07
0
0
0
0
0
0
0
2.68514e-07
3.304e-07
2.67652e-07
2.08746e-07
1.70797e-07
1.4892e-07
1.31851e-07
1.01218e-07
2.65359e-08
0
0
8.59838e-08
5.00822e-07
7.10621e-07
5.54892e-07
1.94437e-07
0
0
0
0
0
0
0
0
0
0
1.49725e-08
2.72551e-08
2.57332e-08
1.65821e-08
1.07324e-08
1.16491e-08
1.14069e-08
2.0408e-09
0
0
0
3.53058e-08
3.51745e-08
0
0
0
0
0
0
5.42637e-07
6.03624e-07
3.79987e-07
2.02268e-07
7.6695e-08
0
0
0
0
0
0
0
1.1458e-07
2.02284e-07
1.68049e-07
1.61522e-08
0
0
0
0
0
0
0
0
0
0
0
0
0
0
0
0
0
0
0
0
0
0
0
0
0
0
0
4.877e-08
7.79987e-08
8.10902e-08
6.34756e-08
4.73364e-08
6.34291e-08
1.33641e-07
1.76282e-07
1.25779e-07
9.694e-08
9.91056e-08
1.11994e-07
1.29247e-07
1.40957e-07
1.16446e-07
6.89575e-08
1.96113e-08
0
0
0
0
0
2.88942e-08
4.5581e-08
3.32353e-08
2.38498e-08
1.58245e-08
1.29893e-08
1.00713e-08
1.97103e-08
2.51974e-08
3.42491e-08
1.04263e-08
1.72149e-08
0
0
0
0
1.4166e-07
1.77701e-07
2.04243e-07
2.8049e-07
3.75094e-07
4.31943e-07
4.27935e-07
4.14165e-07
4.23181e-07
4.57186e-07
5.40104e-07
3.53622e-07
0
0
0
0
0
0
0
0
0
0
0
4.54835e-07
1.30025e-06
1.87742e-06
1.66152e-06
1.00184e-06
4.66215e-07
1.88847e-07
1.39648e-07
2.65277e-07
5.15172e-07
8.30168e-07
1.12478e-06
1.26844e-06
1.07346e-06
3.95733e-07
0
0
0
0
0
0
1.42582e-07
6.43984e-07
1.01577e-06
1.14372e-06
8.63688e-07
2.0468e-09
0
0
0
0
1.83381e-08
2.75603e-07
2.67789e-07
2.05466e-07
1.5916e-07
1.30233e-07
1.10327e-07
9.88864e-08
7.64203e-08
1.47856e-08
0
0
4.94177e-08
4.13931e-07
6.19135e-07
4.93269e-07
3.99466e-08
0
0
0
0
0
0
0
0
0
0
0
3.98315e-09
3.41184e-09
5.01183e-09
9.32362e-09
9.18653e-09
0
0
8.74601e-09
9.02596e-08
1.37673e-07
1.18482e-07
6.88465e-08
0
0
0
0
0
8.32917e-07
9.05855e-07
5.08519e-07
2.59687e-07
1.03703e-07
1.32739e-09
0
0
0
0
0
0
1.44516e-07
2.58214e-07
2.50715e-07
1.18395e-07
0
0
0
0
0
0
0
0
0
0
0
0
0
0
0
0
0
0
0
0
0
0
0
0
0
0
0
4.53796e-08
1.13021e-07
1.2919e-07
1.21277e-07
1.06581e-07
1.0678e-07
1.45379e-07
2.23288e-07
2.32723e-07
1.71196e-07
1.43635e-07
1.38723e-07
1.40662e-07
1.45123e-07
1.37389e-07
8.65218e-08
1.83011e-08
0
0
0
0
0
2.11408e-10
4.99929e-08
5.76812e-08
4.25672e-08
2.50841e-08
1.3668e-08
3.8165e-09
2.75674e-09
4.54198e-09
2.17828e-08
1.05913e-08
1.2603e-08
0
0
0
0
1.70339e-07
2.02574e-07
1.63649e-07
1.54458e-07
2.08135e-07
3.22799e-07
4.17943e-07
4.33987e-07
4.23302e-07
4.54934e-07
5.64946e-07
7.7415e-07
0
0
0
0
0
0
0
0
0
0
8.01573e-07
1.76541e-06
2.16728e-06
1.55957e-06
7.51836e-07
2.43722e-07
5.88686e-08
1.21705e-07
3.7122e-07
7.61866e-07
1.24607e-06
1.76618e-06
2.22554e-06
2.38913e-06
1.80593e-06
2.09742e-07
0
0
0
0
0
0
0
0
0
4.19192e-07
8.84041e-07
9.54122e-07
3.59086e-07
0
0
0
0
1.0846e-07
2.25902e-07
1.87938e-07
1.46757e-07
1.22526e-07
1.01613e-07
8.3228e-08
7.63129e-08
6.13554e-08
2.42766e-08
0
0
2.54862e-08
2.44692e-07
3.77698e-07
3.10377e-07
0
0
0
0
0
0
0
0
0
0
0
0
0
0
4.4486e-09
3.75249e-09
0
0
5.61026e-08
1.64619e-07
1.95172e-07
1.43557e-07
7.80402e-08
0
0
0
0
0
1.00267e-06
1.81398e-06
9.70364e-07
4.74865e-07
2.06043e-07
4.62199e-08
0
0
0
0
0
0
1.05604e-07
2.4085e-07
2.83441e-07
1.98806e-07
3.85279e-08
0
0
0
0
0
0
0
0
0
0
0
0
0
0
0
0
0
0
0
0
0
0
0
0
0
0
0
1.33218e-07
1.91847e-07
2.00985e-07
1.87983e-07
1.83799e-07
2.07081e-07
2.6554e-07
3.30722e-07
2.84261e-07
2.12431e-07
1.80315e-07
1.66124e-07
1.5719e-07
1.45506e-07
1.05646e-07
1.93065e-08
0
0
0
0
0
0
2.74529e-08
5.87824e-08
6.20053e-08
4.2151e-08
2.14489e-08
4.4332e-09
0
0
2.21155e-10
0
8.53245e-09
0
0
0
0
8.62829e-08
1.12549e-07
5.56167e-08
2.05855e-08
4.14344e-08
1.36369e-07
2.52295e-07
3.28818e-07
3.89217e-07
4.81074e-07
5.9323e-07
6.39045e-07
1.35685e-07
0
0
0
0
0
0
0
4.09911e-08
1.01329e-06
2.0664e-06
2.30209e-06
1.54481e-06
7.32055e-07
2.75178e-07
1.58503e-07
3.09405e-07
6.73841e-07
1.21713e-06
1.92338e-06
2.79206e-06
3.8081e-06
4.86357e-06
5.40688e-06
3.90182e-06
0
0
0
0
0
0
0
0
0
0
0
8.94694e-08
6.24453e-07
7.27241e-07
1.04503e-07
0
0
0
0
8.92379e-08
1.45833e-07
1.25178e-07
1.07081e-07
9.42029e-08
7.63398e-08
6.238e-08
6.16219e-08
5.42709e-08
3.59413e-08
0
0
4.94545e-09
9.56654e-08
1.75006e-07
1.46958e-07
0
0
0
0
0
0
0
0
0
0
0
0
0
0
0
0
0
6.46919e-08
1.77334e-07
1.84952e-07
1.01284e-07
7.7232e-09
0
0
0
0
0
0
1.13428e-06
1.21249e-06
7.63806e-07
3.95619e-07
1.55901e-07
1.83333e-09
0
0
0
0
0
4.7415e-08
1.91157e-07
2.92484e-07
2.62057e-07
1.15319e-07
0
0
0
0
0
0
0
0
0
0
0
0
0
0
0
0
0
0
0
0
0
0
0
0
0
0
0
1.15204e-07
2.6301e-07
3.00858e-07
2.96681e-07
2.86189e-07
3.04058e-07
3.48523e-07
4.1043e-07
4.23057e-07
3.19326e-07
2.42714e-07
2.04197e-07
1.81123e-07
1.60331e-07
1.23691e-07
3.30839e-08
0
0
0
0
0
0
1.3662e-08
4.64339e-08
6.39145e-08
5.83844e-08
3.63794e-08
1.20248e-08
0
0
0
0
0
0
0
0
0
0
2.57716e-08
0
0
0
0
2.50198e-08
1.07981e-07
1.82603e-07
2.43201e-07
2.78135e-07
2.87852e-07
1.02384e-07
0
0
0
0
0
0
5.44068e-08
5.55817e-07
8.28939e-07
1.07688e-06
1.01933e-06
6.17372e-07
3.13071e-07
2.30164e-07
3.54469e-07
6.61229e-07
1.13601e-06
1.78567e-06
2.65551e-06
3.86231e-06
5.57917e-06
8.06403e-06
1.07995e-05
5.35862e-06
0
0
0
0
0
0
0
0
2.16071e-07
2.06883e-07
0
0
6.83132e-08
5.592e-07
4.9437e-07
0
0
0
0
0
7.59185e-08
1.03689e-07
8.65478e-08
7.40627e-08
6.49857e-08
5.1477e-08
4.49252e-08
4.75732e-08
3.97909e-08
2.9636e-08
5.08237e-09
0
0
0
4.01602e-08
1.71555e-07
0
0
0
0
0
0
0
0
0
0
0
0
0
0
0
0
4.57482e-08
1.59132e-07
1.3867e-07
0
0
0
0
0
0
0
0
0
6.00342e-07
6.68656e-07
4.24505e-07
1.85301e-07
2.38787e-08
0
0
0
0
0
4.08982e-09
1.48369e-07
2.89474e-07
3.03593e-07
1.73527e-07
0
0
0
0
0
0
0
0
0
0
0
0
0
0
0
0
0
0
0
0
0
0
0
0
0
0
0
5.99201e-08
3.41359e-07
4.2566e-07
4.32161e-07
4.17831e-07
4.24248e-07
4.62881e-07
5.12762e-07
5.48857e-07
4.69807e-07
3.36024e-07
2.58372e-07
2.14322e-07
1.83635e-07
1.47214e-07
7.13985e-08
0
0
0
0
0
0
1.26732e-08
4.16748e-08
5.8407e-08
6.18524e-08
4.96933e-08
2.45738e-08
2.93545e-09
0
0
0
0
0
0
0
0
0
0
0
0
0
0
0
0
0
0
0
1.98773e-07
1.48772e-07
0
0
0
0
0
5.46365e-08
0
0
0
0
0
3.36053e-08
4.29422e-08
9.34289e-08
2.13194e-07
4.10598e-07
6.9581e-07
1.09584e-06
1.65222e-06
2.38404e-06
3.11115e-06
2.93525e-06
0
0
0
0
0
0
0
0
0
0
0
1.7895e-07
1.073e-07
0
0
2.39627e-07
6.04857e-07
1.42106e-07
0
0
0
0
0
8.50306e-08
7.37586e-08
5.59178e-08
4.73585e-08
3.85918e-08
2.59955e-08
2.39321e-08
2.64342e-08
1.36539e-08
0
0
0
0
0
3.2336e-08
2.60823e-07
0
0
0
0
0
0
0
0
0
0
0
0
0
0
0
1.32428e-08
1.05569e-07
3.54625e-08
0
0
0
0
0
0
0
0
0
0
2.827e-07
1.93614e-07
1.05703e-08
0
0
0
0
0
0
0
1.18564e-07
2.84105e-07
3.34164e-07
2.15885e-07
3.0124e-08
0
0
0
0
0
0
0
0
0
0
0
0
0
0
0
0
0
0
0
0
0
0
0
0
0
0
0
4.47831e-07
5.87982e-07
5.91494e-07
5.72091e-07
5.65316e-07
5.95374e-07
6.37332e-07
6.63267e-07
6.26588e-07
4.68202e-07
3.35392e-07
2.59642e-07
2.11801e-07
1.71641e-07
1.12248e-07
0
0
0
0
0
0
2.38319e-08
4.81764e-08
5.87006e-08
6.0175e-08
5.44115e-08
3.5421e-08
1.24468e-08
0
0
0
0
0
0
0
0
0
0
0
0
0
0
0
0
0
0
0
1.94164e-07
2.23227e-07
1.46702e-07
1.35759e-07
2.89555e-07
5.08266e-07
4.6216e-07
0
0
0
0
0
0
0
0
0
0
0
0
0
0
0
0
0
0
0
0
0
0
0
0
0
0
0
0
0
1.37909e-07
0
0
0
4.78645e-07
3.99388e-07
0
0
0
0
0
8.50038e-08
7.35167e-08
4.89488e-08
3.42191e-08
2.5965e-08
1.24647e-08
0
1.73453e-09
0
0
0
0
0
0
0
1.4719e-07
2.31339e-07
0
0
0
0
0
0
0
0
0
0
0
0
0
0
0
7.0678e-08
0
0
0
0
0
0
0
0
0
0
0
0
0
0
0
0
0
0
0
0
0
9.53017e-08
2.68399e-07
3.43861e-07
2.382e-07
5.38001e-08
0
0
0
0
0
0
0
0
0
0
0
0
0
0
0
0
0
0
0
0
0
0
0
0
0
0
0
5.10431e-07
8.13935e-07
7.82026e-07
7.38652e-07
7.17796e-07
7.33433e-07
7.64934e-07
7.73909e-07
7.42886e-07
6.16003e-07
4.38673e-07
3.20556e-07
2.48063e-07
1.95792e-07
1.41128e-07
5.56389e-08
0
0
0
0
5.18108e-09
5.20679e-08
6.9615e-08
7.06853e-08
6.3475e-08
5.56606e-08
4.10874e-08
2.04409e-08
0
0
0
0
0
0
0
0
0
0
0
0
0
0
0
0
0
0
0
1.60267e-07
3.10735e-07
4.74525e-07
8.00813e-07
1.1546e-06
1.06603e-06
6.3209e-07
7.37997e-08
0
0
0
0
0
0
0
0
0
0
0
0
0
0
0
0
0
0
0
0
0
0
0
0
0
0
0
0
1.40023e-07
0
0
0
3.53389e-07
4.18851e-07
0
0
0
0
6.29858e-08
1.10981e-07
8.10031e-08
4.96991e-08
3.01355e-08
1.97403e-08
8.07103e-09
0
0
0
0
0
0
0
0
0
0
2.52023e-07
4.77017e-08
0
0
0
0
0
0
0
0
0
0
0
0
0
0
1.16843e-08
0
0
0
0
0
0
0
0
0
0
0
0
0
0
0
0
0
0
0
0
0
9.4019e-08
2.64807e-07
3.51267e-07
2.51688e-07
7.38679e-08
0
0
0
0
0
0
0
0
0
0
0
0
0
0
0
0
0
0
0
0
0
0
0
0
0
0
0
2.78748e-07
1.10508e-06
1.05446e-06
9.43613e-07
8.92715e-07
8.83744e-07
8.95374e-07
8.84312e-07
8.34966e-07
7.32701e-07
5.58252e-07
4.01867e-07
2.98762e-07
2.27466e-07
1.65425e-07
9.26806e-08
0
0
0
0
7.69325e-08
1.19344e-07
1.2082e-07
1.05107e-07
8.28185e-08
6.36305e-08
4.56916e-08
2.53832e-08
0
0
0
0
0
0
0
0
0
0
0
0
0
0
0
0
0
0
1.26543e-07
3.54906e-07
6.12552e-07
9.44547e-07
1.29507e-06
1.36027e-06
1.07543e-06
6.75994e-07
2.55138e-07
0
0
0
0
1.31356e-07
2.06542e-07
1.54558e-07
1.73297e-08
0
0
0
0
0
0
0
0
0
0
0
0
0
0
0
3.28331e-07
4.34155e-07
3.90357e-07
2.40006e-07
1.53511e-07
1.67242e-07
6.85455e-08
0
5.99715e-08
3.43081e-07
3.6997e-07
9.17364e-08
0
0
9.28246e-08
1.76865e-07
1.20826e-07
6.46952e-08
3.26109e-08
1.79674e-08
1.14872e-08
5.40965e-09
0
0
0
0
0
0
0
0
0
0
1.76146e-07
1.91867e-07
0
0
0
0
0
0
0
0
0
0
0
0
0
0
0
0
0
0
0
0
0
0
0
0
0
0
0
0
0
0
0
0
0
0
9.77247e-09
2.57203e-08
1.14779e-07
2.7446e-07
3.47354e-07
2.42996e-07
8.37462e-08
0
0
0
0
0
0
0
0
0
0
0
0
0
0
0
0
0
0
0
0
0
0
0
0
0
0
0
0
1.35553e-06
1.40934e-06
1.1661e-06
1.05373e-06
1.01208e-06
9.93897e-07
9.55887e-07
8.8574e-07
7.83098e-07
6.39033e-07
4.81523e-07
3.55682e-07
2.64235e-07
1.89124e-07
1.14498e-07
3.65844e-08
0
0
8.30956e-08
2.81382e-07
2.93778e-07
2.42971e-07
1.88278e-07
1.3687e-07
9.393e-08
5.81753e-08
2.89898e-08
0
0
0
0
0
0
0
0
0
0
0
0
0
3.66818e-08
5.15975e-08
7.64776e-08
1.55044e-07
2.88895e-07
4.68541e-07
6.83403e-07
9.28065e-07
1.1848e-06
1.32458e-06
1.21958e-06
9.69559e-07
6.64676e-07
3.53052e-07
6.75868e-08
0
0
9.39344e-08
3.06221e-07
4.10971e-07
3.91915e-07
2.79298e-07
1.17221e-07
0
0
0
0
0
0
0
0
0
0
0
0
1.40534e-06
1.78111e-06
1.39191e-06
9.72242e-07
6.47706e-07
3.62348e-07
1.78542e-07
1.43621e-07
1.00453e-07
4.50309e-08
1.68943e-07
2.84704e-07
3.20792e-07
4.39552e-07
5.3067e-07
5.1317e-07
4.94343e-07
2.65697e-07
1.1364e-07
4.19349e-08
1.22642e-08
3.10522e-09
2.37647e-09
3.14179e-09
0
0
0
0
0
0
0
0
0
0
1.00477e-07
2.41235e-07
0
0
0
0
0
0
0
0
0
0
0
0
0
0
5.70241e-08
1.1239e-07
0
0
0
0
0
0
0
0
0
0
0
0
0
0
0
0
0
0
3.52423e-08
5.9475e-08
1.42306e-07
2.82237e-07
3.2279e-07
2.19366e-07
9.66942e-08
6.17186e-09
0
0
0
0
0
0
0
0
0
0
0
0
0
0
0
0
0
0
0
0
0
0
0
0
0
0
0
1.52574e-06
1.84009e-06
1.45798e-06
1.22938e-06
1.12536e-06
1.06496e-06
9.96075e-07
9.04586e-07
7.94318e-07
6.64745e-07
5.33571e-07
4.11608e-07
3.07686e-07
2.19468e-07
1.36839e-07
6.24803e-08
2.32367e-08
6.46679e-08
2.09214e-07
4.16445e-07
5.44938e-07
4.8627e-07
3.68877e-07
2.64195e-07
1.7971e-07
1.02215e-07
3.58584e-08
0
0
0
0
0
0
0
0
0
0
0
0
0
1.12066e-07
2.11637e-07
2.93049e-07
3.96314e-07
5.22463e-07
6.67026e-07
8.18007e-07
9.60819e-07
1.06889e-06
1.09862e-06
9.90152e-07
7.99318e-07
5.81829e-07
3.53145e-07
1.36452e-07
0
0
9.24445e-08
2.83266e-07
4.22579e-07
4.60261e-07
4.07259e-07
2.92693e-07
1.4661e-07
0
0
0
0
0
0
0
0
0
0
2.92743e-06
3.54861e-06
2.24965e-06
1.38199e-06
8.46499e-07
5.24659e-07
2.75212e-07
1.13246e-07
1.03072e-07
1.3253e-07
1.42564e-07
1.85084e-07
2.32677e-07
4.46604e-07
9.09088e-07
9.38299e-07
8.3577e-07
5.69934e-07
2.53637e-07
1.03365e-07
4.64598e-08
2.30081e-08
1.32349e-08
1.11838e-08
1.2404e-08
1.13729e-08
3.1861e-09
8.51989e-09
2.3865e-08
2.17583e-08
0
0
0
0
0
2.38742e-08
1.91279e-07
0
0
0
0
0
0
0
0
0
0
0
0
0
6.18913e-08
2.52842e-07
4.43754e-07
5.706e-07
7.44815e-07
1.17963e-06
1.81124e-06
2.10109e-06
1.57823e-06
1.13996e-07
0
0
0
0
0
0
0
0
0
0
0
2.91724e-08
8.09147e-08
1.53401e-07
2.53419e-07
2.56599e-07
1.91426e-07
1.33833e-07
7.15354e-08
1.44481e-08
0
0
0
0
0
0
0
0
0
0
0
0
0
0
0
0
0
0
0
0
0
0
0
0
0
0
1.58722e-06
2.20526e-06
1.72739e-06
1.37628e-06
1.20284e-06
1.09694e-06
1.00003e-06
8.93095e-07
7.76554e-07
6.50588e-07
5.35908e-07
4.39923e-07
3.45301e-07
2.53827e-07
1.65418e-07
9.01798e-08
6.02659e-08
1.21201e-07
2.79816e-07
4.52836e-07
5.25723e-07
5.50178e-07
5.3537e-07
4.32896e-07
3.20276e-07
2.02139e-07
5.80844e-08
0
0
0
0
0
0
0
0
0
2.84461e-08
5.09461e-08
0
0
1.02878e-07
2.55886e-07
3.67351e-07
4.59509e-07
5.49034e-07
6.34665e-07
7.03621e-07
7.58039e-07
8.03118e-07
8.09923e-07
7.31636e-07
6.07671e-07
4.62666e-07
3.01823e-07
1.46489e-07
2.26789e-08
0
1.90036e-08
1.42199e-07
2.77521e-07
3.59543e-07
3.69622e-07
3.20165e-07
2.31207e-07
1.177e-07
0
0
0
0
0
0
0
0
0
2.3112e-06
1.94977e-06
1.23773e-06
7.46997e-07
4.48823e-07
2.76058e-07
1.26116e-07
3.54348e-08
8.05722e-08
1.61804e-07
1.73451e-07
1.56759e-07
2.89725e-07
7.32092e-07
9.63576e-07
8.46045e-07
7.33983e-07
4.59604e-07
2.08711e-07
1.03439e-07
6.4045e-08
4.80636e-08
3.8693e-08
3.36117e-08
3.1284e-08
3.03589e-08
2.59661e-08
2.89642e-08
4.90851e-08
6.00379e-08
5.90734e-08
0
0
0
0
0
6.93091e-08
3.79628e-08
5.1691e-08
1.1533e-10
0
0
0
1.094e-07
2.64365e-07
2.62873e-07
2.40596e-07
2.1216e-07
1.84565e-07
1.80401e-07
2.32638e-07
4.07002e-07
6.91454e-07
9.83061e-07
1.45695e-06
2.40715e-06
4.03272e-06
5.58525e-06
6.21228e-06
4.29566e-06
0
0
0
0
0
0
0
0
0
0
0
0
7.16692e-08
1.29042e-07
1.72801e-07
1.58105e-07
1.81479e-07
2.08055e-07
1.69765e-07
9.53372e-08
2.98956e-08
0
0
0
0
0
0
0
0
0
0
0
0
0
0
0
0
0
0
0
0
0
8.89468e-07
4.76644e-07
0
0
1.52284e-06
2.47929e-06
1.97244e-06
1.5005e-06
1.25026e-06
1.09418e-06
9.69222e-07
8.5157e-07
7.36497e-07
6.17212e-07
5.05642e-07
4.27794e-07
3.58614e-07
2.81207e-07
1.97625e-07
1.24828e-07
9.86406e-08
1.6521e-07
3.16014e-07
4.67043e-07
5.43532e-07
5.0572e-07
4.85138e-07
4.618e-07
3.72143e-07
2.38265e-07
2.81661e-08
0
0
4.9469e-08
8.16284e-08
5.34046e-08
0
0
0
0
0
2.07177e-07
0
0
1.17705e-07
2.55859e-07
3.37902e-07
3.85871e-07
4.1442e-07
4.3467e-07
4.51111e-07
4.78491e-07
5.06839e-07
5.06513e-07
4.5977e-07
3.91062e-07
3.08002e-07
2.10869e-07
1.12118e-07
2.77179e-08
0
0
2.3259e-08
1.0426e-07
1.83918e-07
2.28304e-07
2.31468e-07
2.01243e-07
1.49568e-07
8.45081e-08
1.11738e-08
0
0
0
0
0
0
2.22411e-07
5.9221e-07
5.46875e-07
3.92695e-07
2.46139e-07
1.47377e-07
7.42163e-08
0
0
8.84991e-08
1.97037e-07
1.71764e-07
1.73682e-07
4.83612e-07
8.43843e-07
8.03309e-07
6.53573e-07
5.78096e-07
3.38662e-07
1.75665e-07
1.08757e-07
8.19276e-08
7.04689e-08
6.23249e-08
5.61498e-08
5.20441e-08
4.94021e-08
4.66368e-08
4.71515e-08
6.9332e-08
8.81666e-08
9.96984e-08
0
0
0
0
0
0
0
1.85561e-07
1.38534e-07
6.50145e-08
1.25672e-07
6.03981e-07
9.97042e-07
6.91811e-07
5.31336e-07
4.526e-07
4.08841e-07
3.70158e-07
3.44204e-07
3.59867e-07
4.70846e-07
7.57166e-07
1.12695e-06
1.65787e-06
2.67742e-06
4.7474e-06
7.60213e-06
1.08128e-05
1.17775e-05
4.57318e-06
0
0
0
0
0
0
0
0
0
0
0
2.32438e-08
6.32347e-08
5.01695e-08
6.3245e-08
2.15537e-07
3.24506e-07
2.96301e-07
1.92894e-07
1.00869e-07
1.4889e-08
0
0
0
0
0
0
0
0
0
0
0
0
0
0
0
0
4.0306e-07
0
0
0
2.32309e-06
1.2615e-06
2.28814e-07
0
1.3789e-06
2.64304e-06
2.14901e-06
1.57721e-06
1.25979e-06
1.06083e-06
9.05135e-07
7.79035e-07
6.74252e-07
5.69645e-07
4.63203e-07
3.88691e-07
3.39991e-07
2.87068e-07
2.22734e-07
1.62481e-07
1.40258e-07
2.04135e-07
3.34042e-07
4.50106e-07
5.05178e-07
5.19024e-07
4.66053e-07
4.0377e-07
2.98476e-07
9.86109e-08
0
0
3.33201e-07
3.33165e-07
2.16655e-07
1.29788e-07
0
0
0
0
0
6.47432e-08
0
4.98663e-09
9.09142e-08
1.61935e-07
1.93894e-07
2.02749e-07
1.98863e-07
1.9888e-07
2.09039e-07
2.26639e-07
2.36548e-07
2.30453e-07
2.08229e-07
1.78422e-07
1.40024e-07
9.22011e-08
4.09908e-08
0
0
0
0
0
3.39264e-08
7.19295e-08
9.52984e-08
1.02997e-07
9.95342e-08
9.12486e-08
8.46681e-08
8.30524e-08
9.35593e-08
1.15852e-07
1.55568e-07
1.95121e-07
2.00771e-07
1.64585e-07
9.39922e-08
4.84847e-08
1.83183e-08
0
0
0
0
0
1.51488e-07
2.36684e-07
1.70664e-07
2.87052e-07
7.1348e-07
8.04443e-07
6.40725e-07
5.68904e-07
4.63277e-07
2.51067e-07
1.57023e-07
1.14828e-07
9.50474e-08
8.69499e-08
8.16546e-08
7.66563e-08
7.24487e-08
6.85e-08
6.50089e-08
6.43835e-08
8.42399e-08
1.08069e-07
1.23129e-07
1.21405e-07
0
0
0
0
0
0
2.55001e-07
3.06634e-07
2.64362e-07
4.64783e-07
1.2429e-06
1.01413e-06
6.11712e-07
4.9888e-07
4.58645e-07
4.45612e-07
4.39029e-07
4.28473e-07
4.32519e-07
4.90763e-07
6.69042e-07
1.0604e-06
1.55894e-06
2.38005e-06
4.11319e-06
6.92748e-06
1.13162e-05
1.81505e-05
1.74708e-05
0
0
0
0
0
0
0
0
0
0
0
0
0
0
1.8948e-08
3.12662e-07
4.81275e-07
4.41829e-07
3.09315e-07
1.87981e-07
7.88432e-08
0
0
0
0
0
0
0
0
0
0
0
0
0
0
0
0
1.09421e-06
8.46282e-07
1.42483e-08
9.01443e-07
3.44855e-06
1.8227e-06
4.34662e-07
0
1.19218e-06
2.68254e-06
2.22599e-06
1.5928e-06
1.22756e-06
9.98354e-07
8.23477e-07
6.96576e-07
6.026e-07
5.13872e-07
4.1836e-07
3.42553e-07
3.00012e-07
2.66369e-07
2.27574e-07
1.91802e-07
1.8056e-07
2.38653e-07
3.41245e-07
4.1176e-07
4.06824e-07
3.82938e-07
3.51567e-07
2.53692e-07
4.28483e-08
0
0
0
2.37833e-07
2.91003e-07
2.04427e-07
1.31677e-07
0
0
0
0
0
0
0
1.87525e-08
4.97976e-08
6.25243e-08
3.90581e-08
6.45319e-09
0
0
5.81659e-09
8.25456e-09
8.82974e-10
0
0
0
0
0
0
0
0
0
0
0
0
0
0
0
9.15945e-09
3.03365e-08
6.22056e-08
1.06755e-07
1.66355e-07
2.33937e-07
2.96257e-07
3.03322e-07
2.2448e-07
8.56145e-08
0
0
0
0
0
0
0
2.38682e-08
2.68525e-07
2.61729e-07
2.13558e-07
6.23804e-07
8.62202e-07
7.18244e-07
5.67151e-07
5.37247e-07
3.21143e-07
2.00229e-07
1.45026e-07
1.148e-07
1.01345e-07
9.72473e-08
9.6388e-08
9.53923e-08
9.1767e-08
8.67608e-08
8.14685e-08
8.01133e-08
9.43337e-08
1.21823e-07
1.39487e-07
1.63842e-07
0
0
0
0
0
0
2.48034e-07
4.78551e-07
5.09675e-07
8.28155e-07
1.49169e-06
5.61249e-07
3.30818e-07
3.21168e-07
3.42317e-07
3.74267e-07
4.07612e-07
4.33049e-07
4.53274e-07
4.89925e-07
5.91669e-07
8.6398e-07
1.31562e-06
1.88434e-06
3.03344e-06
5.09531e-06
7.92663e-06
1.32342e-05
1.8231e-05
0
0
0
0
0
0
0
0
0
0
0
0
0
0
6.74214e-08
4.79903e-07
6.70912e-07
5.89524e-07
4.24018e-07
2.81201e-07
1.59176e-07
0
0
0
0
0
0
0
0
0
0
0
0
0
0
0
0
1.73703e-06
1.92491e-06
1.28856e-06
2.2589e-06
3.98085e-06
1.83136e-06
2.80868e-07
0
9.59804e-07
2.63164e-06
2.22543e-06
1.55751e-06
1.16081e-06
9.11445e-07
7.32242e-07
6.12728e-07
5.3245e-07
4.58935e-07
3.75051e-07
2.98857e-07
2.53303e-07
2.27116e-07
2.07565e-07
1.99419e-07
2.10175e-07
2.66981e-07
3.40547e-07
3.58743e-07
2.91664e-07
1.8466e-07
4.50181e-08
0
0
0
0
0
1.36445e-07
2.17287e-07
1.73996e-07
1.1688e-07
0
0
0
0
0
0
0
0
0
0
0
0
0
0
0
0
0
0
0
0
0
0
0
0
0
0
0
0
0
0
0
0
0
0
2.94225e-08
9.30412e-08
1.73852e-07
2.60043e-07
3.23785e-07
3.16944e-07
2.23411e-07
6.08501e-08
0
0
0
0
0
0
0
2.30538e-07
3.63108e-07
2.56511e-07
5.75079e-07
9.97003e-07
8.64026e-07
6.15451e-07
5.61802e-07
3.81275e-07
2.38649e-07
1.71319e-07
1.33351e-07
1.1686e-07
1.12014e-07
1.10629e-07
1.10038e-07
1.10703e-07
1.09497e-07
1.03479e-07
9.64294e-08
9.30857e-08
1.00787e-07
1.29851e-07
1.50566e-07
1.77481e-07
1.81829e-07
0
0
0
0
0
2.48775e-07
6.47806e-07
8.14611e-07
1.22776e-06
1.26656e-06
4.01356e-08
2.61889e-08
1.09195e-07
1.82345e-07
2.52896e-07
3.19828e-07
3.79007e-07
4.27472e-07
4.71533e-07
5.37126e-07
6.86595e-07
1.0453e-06
1.42766e-06
2.11566e-06
3.30646e-06
4.77729e-06
6.60944e-06
6.47752e-06
0
0
0
0
0
0
0
0
0
0
0
0
0
0
2.29594e-07
7.05978e-07
8.70631e-07
7.2349e-07
5.31878e-07
3.75563e-07
2.52799e-07
7.524e-08
0
0
0
0
0
0
0
0
0
0
0
0
0
0
0
2.4364e-06
2.975e-06
2.45324e-06
3.36624e-06
3.70746e-06
1.29353e-06
0
0
6.78504e-07
2.52911e-06
2.1569e-06
1.46455e-06
1.06163e-06
8.08833e-07
6.38074e-07
5.32277e-07
4.66387e-07
4.06273e-07
3.33389e-07
2.58982e-07
2.07855e-07
1.80788e-07
1.69991e-07
1.8173e-07
2.1976e-07
2.87766e-07
3.36654e-07
3.00858e-07
1.74147e-07
5.34773e-09
0
0
0
0
0
0
8.42986e-08
1.61499e-07
1.52297e-07
1.08879e-07
0
6.94269e-08
5.49632e-07
4.53336e-07
0
0
0
0
0
0
0
0
0
0
0
0
0
0
0
0
0
0
0
0
0
0
0
0
0
0
0
0
0
0
4.70962e-08
1.24119e-07
2.20655e-07
3.20415e-07
3.87139e-07
3.71971e-07
2.40738e-07
0
0
0
0
0
0
0
9.4129e-08
4.28833e-07
3.60777e-07
5.11604e-07
1.19541e-06
1.0989e-06
7.23182e-07
5.75759e-07
4.2674e-07
2.7611e-07
1.95966e-07
1.50666e-07
1.30347e-07
1.23904e-07
1.25583e-07
1.25613e-07
1.24002e-07
1.22765e-07
1.21541e-07
1.16717e-07
1.09411e-07
1.03697e-07
1.07497e-07
1.33231e-07
1.5587e-07
1.80354e-07
2.43308e-07
0
0
0
0
0
3.73662e-07
8.74521e-07
1.19879e-06
1.57087e-06
6.28341e-07
0
0
0
1.81252e-08
1.17825e-07
2.09172e-07
2.93097e-07
3.68016e-07
4.32078e-07
4.94165e-07
5.88286e-07
8.17683e-07
1.07829e-06
1.4925e-06
2.11291e-06
2.83244e-06
3.33989e-06
2.61465e-06
0
0
0
0
0
0
0
0
0
0
0
0
0
0
4.93154e-07
9.61836e-07
1.05268e-06
8.22794e-07
6.14451e-07
4.5596e-07
3.42387e-07
2.19237e-07
0
0
0
0
0
0
0
0
0
0
0
0
0
0
0
3.42213e-06
3.74473e-06
2.94732e-06
3.34445e-06
2.54762e-06
3.01793e-07
0
0
3.59703e-07
2.32397e-06
1.96588e-06
1.31732e-06
9.31016e-07
6.95784e-07
5.44062e-07
4.55932e-07
4.04552e-07
3.56258e-07
2.92827e-07
2.2129e-07
1.65499e-07
1.34594e-07
1.25256e-07
1.44265e-07
2.01742e-07
2.93889e-07
3.29989e-07
2.42225e-07
6.18211e-08
0
0
0
0
0
0
0
6.49463e-08
1.22772e-07
1.33116e-07
1.04819e-07
9.39056e-08
1.50887e-07
6.15726e-08
0
0
0
0
0
0
0
0
0
0
0
0
0
0
0
0
0
0
0
0
0
0
0
0
0
0
0
0
0
1.08626e-08
5.44888e-08
1.18962e-07
2.11795e-07
3.2689e-07
4.49302e-07
5.33829e-07
5.12205e-07
3.14327e-07
0
0
0
0
0
0
0
4.25971e-07
4.8953e-07
4.4813e-07
1.37354e-06
1.39782e-06
9.15051e-07
6.10264e-07
4.54392e-07
3.10167e-07
2.20463e-07
1.65894e-07
1.40861e-07
1.31735e-07
1.33694e-07
1.37602e-07
1.36106e-07
1.32329e-07
1.29694e-07
1.28667e-07
1.24237e-07
1.17279e-07
1.10009e-07
1.1129e-07
1.30625e-07
1.54394e-07
1.76082e-07
2.36236e-07
2.68185e-07
0
0
0
1.56068e-09
6.24207e-07
1.20066e-06
1.63154e-06
1.62767e-06
0
0
0
0
0
0
9.35843e-08
1.94324e-07
2.87967e-07
3.71907e-07
4.46884e-07
5.30168e-07
6.71543e-07
8.55497e-07
1.10561e-06
1.46313e-06
1.80768e-06
1.92086e-06
1.33545e-06
0
0
0
0
0
0
0
0
0
0
0
0
0
2.05923e-07
8.08547e-07
1.20211e-06
1.17073e-06
8.82128e-07
6.55038e-07
4.95863e-07
3.88185e-07
3.25819e-07
0
0
0
0
0
0
0
0
0
0
0
0
0
0
0
4.44232e-06
3.4845e-06
1.94673e-06
1.70435e-06
7.01826e-07
0
0
0
3.67362e-08
2.02949e-06
1.69711e-06
1.12025e-06
7.77532e-07
5.74602e-07
4.49551e-07
3.8197e-07
3.44071e-07
3.05099e-07
2.50042e-07
1.83002e-07
1.25068e-07
9.0623e-08
8.00163e-08
9.80032e-08
1.61353e-07
2.81678e-07
3.26445e-07
1.90934e-07
0
0
0
0
0
0
9.90114e-09
3.82171e-08
7.02998e-08
1.03552e-07
1.1564e-07
9.83846e-08
7.25393e-08
1.03474e-07
9.67941e-08
8.31716e-08
1.96284e-08
0
0
0
0
0
0
0
0
0
0
0
0
0
0
0
0
0
0
0
0
0
0
0
0
0
0
0
5.94867e-08
1.34014e-07
2.30191e-07
3.55758e-07
5.0955e-07
6.89422e-07
8.40482e-07
8.66016e-07
6.09599e-07
0
0
0
0
0
0
3.28313e-07
5.82478e-07
4.87232e-07
1.44328e-06
1.65101e-06
1.18671e-06
7.14561e-07
4.6409e-07
3.29578e-07
2.40017e-07
1.79304e-07
1.46701e-07
1.32665e-07
1.34448e-07
1.4274e-07
1.42683e-07
1.38111e-07
1.28967e-07
1.25433e-07
1.26281e-07
1.23978e-07
1.1819e-07
1.1088e-07
1.09581e-07
1.21506e-07
1.45447e-07
1.65684e-07
2.10926e-07
3.38919e-07
0
0
0
1.1485e-07
7.97359e-07
1.44014e-06
1.84663e-06
1.23148e-06
0
0
0
0
0
0
0
9.27042e-08
1.97523e-07
2.93052e-07
3.80896e-07
4.69709e-07
5.71367e-07
7.15809e-07
8.6927e-07
1.0805e-06
1.29289e-06
1.28971e-06
8.60941e-07
0
0
0
0
0
0
0
0
0
0
0
0
4.06112e-08
5.51656e-07
1.09413e-06
1.35266e-06
1.1808e-06
8.66856e-07
6.49011e-07
4.98569e-07
3.81406e-07
2.80873e-07
0
0
0
0
0
0
0
0
0
0
0
0
0
0
1.54416e-06
2.95501e-06
7.12907e-07
0
0
0
0
0
0
0
1.62089e-06
1.33281e-06
8.62975e-07
5.95029e-07
4.38646e-07
3.47087e-07
3.01581e-07
2.76596e-07
2.46998e-07
2.01048e-07
1.4044e-07
8.29312e-08
4.74044e-08
3.57389e-08
4.86456e-08
1.04433e-07
2.37606e-07
3.18665e-07
1.55604e-07
0
0
0
0
0
4.86027e-08
7.976e-08
8.76018e-08
9.74645e-08
1.09716e-07
1.10363e-07
9.14961e-08
1.94715e-08
7.20702e-08
1.34087e-07
1.36118e-07
3.70961e-08
0
0
0
0
0
0
0
0
0
0
0
0
0
0
0
0
0
0
0
0
0
0
0
0
0
0
0
6.74158e-08
1.62157e-07
2.82196e-07
4.36197e-07
6.31549e-07
8.74455e-07
1.12837e-06
1.29321e-06
1.08957e-06
8.65018e-08
0
0
0
0
1.84542e-07
5.93447e-07
6.09209e-07
1.46279e-06
1.82737e-06
1.46358e-06
9.09497e-07
4.97861e-07
3.36941e-07
2.51763e-07
1.90086e-07
1.52563e-07
1.31088e-07
1.27763e-07
1.39797e-07
1.46372e-07
1.44867e-07
1.37579e-07
1.24365e-07
1.18777e-07
1.19535e-07
1.19151e-07
1.14877e-07
1.08853e-07
1.05266e-07
1.12971e-07
1.33767e-07
1.50383e-07
1.8065e-07
2.80795e-07
3.22314e-07
0
0
0
7.1302e-07
1.36059e-06
1.57499e-06
5.80007e-07
0
0
0
0
0
0
0
0
1.01696e-07
2.05441e-07
3.03204e-07
4.0047e-07
5.02233e-07
6.24525e-07
7.4099e-07
9.12275e-07
1.07929e-06
1.07123e-06
7.51927e-07
0
0
0
0
0
0
0
0
0
0
0
0
4.17798e-07
9.76363e-07
1.39536e-06
1.49733e-06
1.17617e-06
8.49222e-07
6.31424e-07
4.84525e-07
3.58168e-07
2.30211e-07
0
0
0
0
0
0
0
0
0
0
0
0
0
0
0
0
0
0
0
0
0
0
0
0
1.14364e-06
9.6006e-07
6.22467e-07
4.31346e-07
3.21844e-07
2.62387e-07
2.37291e-07
2.23908e-07
2.01532e-07
1.60869e-07
1.02121e-07
4.29464e-08
6.24338e-09
0
2.38523e-09
4.63194e-08
1.71892e-07
3.15107e-07
1.66853e-07
0
0
0
0
0
2.08837e-07
1.8825e-07
1.60248e-07
1.54632e-07
1.58653e-07
1.4584e-07
1.08922e-07
6.16696e-09
9.71656e-09
1.99073e-08
4.10469e-08
1.70068e-08
0
0
0
0
0
0
0
0
0
0
0
0
0
0
0
0
0
0
0
0
0
0
0
0
0
0
0
5.49258e-08
1.88534e-07
3.46128e-07
5.38637e-07
7.78881e-07
1.07899e-06
1.42429e-06
1.72509e-06
1.56635e-06
1.74506e-07
0
0
0
1.0278e-07
5.53888e-07
7.19126e-07
1.54534e-06
1.88534e-06
1.64153e-06
1.10343e-06
6.05928e-07
3.38219e-07
2.49409e-07
1.90587e-07
1.52732e-07
1.26816e-07
1.18177e-07
1.2726e-07
1.39842e-07
1.42018e-07
1.38359e-07
1.28823e-07
1.15009e-07
1.08195e-07
1.08252e-07
1.08745e-07
1.05688e-07
1.01261e-07
9.64976e-08
1.00711e-07
1.16439e-07
1.29533e-07
1.50694e-07
2.08863e-07
3.74469e-07
0
0
0
3.18887e-07
8.61218e-07
8.3072e-07
0
0
0
0
0
0
0
0
0
5.93153e-09
1.12856e-07
2.1552e-07
3.16665e-07
4.26765e-07
5.47016e-07
6.64936e-07
8.34064e-07
9.68625e-07
9.64061e-07
6.71057e-07
0
0
0
0
0
0
0
0
0
0
0
3.42713e-07
9.03295e-07
1.35977e-06
1.59713e-06
1.4796e-06
1.08678e-06
7.78872e-07
5.89462e-07
4.53584e-07
3.24807e-07
2.12538e-07
1.87046e-08
0
0
0
0
0
0
0
0
0
0
0
0
0
0
0
0
0
0
0
0
0
0
0
6.14143e-07
5.1753e-07
3.39263e-07
2.43575e-07
1.89948e-07
1.65674e-07
1.61042e-07
1.58383e-07
1.42963e-07
1.0794e-07
5.32894e-08
0
0
0
0
0
8.12278e-08
2.40626e-07
1.95709e-07
0
0
0
0
1.66215e-07
4.37054e-07
3.06795e-07
2.26975e-07
2.00933e-07
2.13203e-07
2.07954e-07
1.506e-07
3.22359e-09
0
0
6.78592e-10
1.97815e-09
5.34663e-10
0
1.84597e-09
9.6724e-09
8.15834e-09
0
0
0
0
0
0
0
0
0
0
0
0
0
0
0
0
0
0
0
0
0
0
0
0
3.41623e-08
2.50164e-07
4.92682e-07
7.61177e-07
1.01082e-06
1.05968e-06
4.72592e-07
0
0
0
2.40541e-07
5.91114e-07
8.96814e-07
1.64841e-06
1.79314e-06
1.63366e-06
1.18372e-06
7.50759e-07
3.48464e-07
2.37645e-07
1.81522e-07
1.46435e-07
1.2079e-07
1.07772e-07
1.13068e-07
1.27259e-07
1.33213e-07
1.30489e-07
1.24282e-07
1.11607e-07
9.90577e-08
9.35469e-08
9.3943e-08
9.61271e-08
9.52525e-08
9.24561e-08
8.80673e-08
8.8881e-08
9.90239e-08
1.09451e-07
1.2276e-07
1.51271e-07
2.60158e-07
3.47924e-07
0
0
0
1.36775e-07
0
0
0
0
0
0
0
0
0
0
0
3.87808e-08
1.47005e-07
2.53651e-07
3.6917e-07
4.83465e-07
6.033e-07
7.39362e-07
8.19133e-07
8.01719e-07
4.7369e-07
0
0
0
0
0
6.11868e-07
4.4076e-07
0
0
0
2.21143e-07
8.87381e-07
1.40442e-06
1.67953e-06
1.72409e-06
1.3966e-06
9.85663e-07
6.95861e-07
5.28203e-07
4.11892e-07
3.01152e-07
2.19495e-07
8.47021e-08
0
0
0
0
0
0
0
0
0
0
2.59396e-06
0
0
0
0
0
0
0
0
0
0
0
0
1.36232e-07
1.41493e-07
1.05965e-07
9.17229e-08
8.42239e-08
8.7254e-08
9.73526e-08
1.02277e-07
9.16852e-08
6.0159e-08
7.83234e-09
0
0
0
0
0
8.27818e-09
1.284e-07
1.90119e-07
3.14805e-08
0
0
0
7.4171e-07
5.31781e-07
3.3855e-07
2.43642e-07
2.00949e-07
2.19361e-07
2.58307e-07
2.13464e-07
4.14581e-09
0
0
0
9.83844e-10
1.65823e-09
2.70158e-10
3.74006e-09
8.43695e-09
1.00601e-08
2.42452e-09
0
0
0
0
0
0
0
0
0
0
0
0
0
0
0
0
0
0
0
0
0
0
0
0
0
0
0
0
0
0
3.58532e-08
3.40825e-07
6.55354e-07
9.89988e-07
1.35331e-06
1.52903e-06
1.54733e-06
1.44485e-06
1.11778e-06
8.18856e-07
3.60054e-07
2.20185e-07
1.66755e-07
1.35229e-07
1.12276e-07
9.80178e-08
9.95605e-08
1.10691e-07
1.20949e-07
1.20329e-07
1.15743e-07
1.06511e-07
9.42551e-08
8.5185e-08
8.10743e-08
8.12755e-08
8.34808e-08
8.40823e-08
8.24774e-08
7.95988e-08
7.76527e-08
8.25017e-08
9.04192e-08
9.66742e-08
1.09547e-07
1.48311e-07
2.76869e-07
2.29144e-07
0
0
0
0
0
0
0
0
0
0
0
0
0
0
0
4.77694e-08
1.50942e-07
2.5708e-07
3.55455e-07
4.56924e-07
5.48333e-07
6.11868e-07
6.30101e-07
4.65428e-07
0
0
0
1.46658e-08
2.52273e-06
2.25488e-06
5.66563e-07
0
0
0
8.6961e-07
1.50724e-06
1.79935e-06
1.8667e-06
1.69419e-06
1.25303e-06
8.68982e-07
6.19473e-07
4.8258e-07
3.8089e-07
2.89851e-07
2.3366e-07
1.25609e-07
0
0
0
0
0
0
0
0
0
2.81114e-06
0
0
0
0
0
0
0
0
0
0
0
0
0
0
0
0
0
0
1.84419e-08
3.81842e-08
4.81838e-08
4.0906e-08
1.19939e-08
0
0
0
0
0
0
0
1.83579e-08
9.71974e-08
6.92286e-08
0
0
9.02989e-08
1.02078e-06
4.6509e-07
2.69947e-07
1.94673e-07
1.57222e-07
1.64299e-07
2.31164e-07
2.4789e-07
6.40705e-09
1.90195e-09
0
7.23858e-10
3.14459e-09
0
0
0
3.31385e-09
8.50734e-09
7.36377e-09
7.71853e-11
0
0
0
0
0
0
0
0
0
0
0
0
0
0
0
0
0
0
0
0
0
0
0
0
0
0
0
0
2.93102e-07
8.70839e-07
1.1711e-06
1.08792e-06
1.02143e-06
1.12144e-06
1.17679e-06
1.10728e-06
9.27464e-07
7.65154e-07
3.43161e-07
1.96176e-07
1.46733e-07
1.19817e-07
1.01065e-07
8.85843e-08
8.82231e-08
9.5547e-08
1.05588e-07
1.077e-07
1.04705e-07
9.82622e-08
8.82734e-08
8.06749e-08
7.50928e-08
7.15167e-08
7.08793e-08
7.21273e-08
7.23344e-08
7.12042e-08
6.96293e-08
6.69834e-08
6.8854e-08
7.3844e-08
7.37851e-08
7.89902e-08
8.46526e-08
1.10578e-07
1.88755e-07
4.62509e-08
0
0
0
0
0
0
0
0
0
0
0
0
0
0
0
2.54201e-08
1.32526e-07
2.44068e-07
3.69661e-07
5.01677e-07
6.61738e-07
8.80743e-07
1.08798e-06
1.20911e-06
1.7518e-06
3.41905e-06
3.79093e-06
3.38086e-06
2.00962e-06
0
0
0
8.70919e-07
1.64186e-06
1.96133e-06
1.99435e-06
1.91136e-06
1.52768e-06
1.07806e-06
7.36529e-07
5.36157e-07
4.35498e-07
3.55644e-07
2.85426e-07
2.49557e-07
1.57787e-07
0
0
0
0
0
0
0
0
0
0
0
0
0
0
0
0
0
0
0
0
0
0
0
0
0
0
0
0
0
0
0
0
0
0
0
0
0
0
0
0
0
0
1.78292e-08
1.61404e-08
1.79061e-07
1.34215e-06
9.31026e-07
3.94449e-07
1.98342e-07
1.35426e-07
1.12926e-07
1.13828e-07
1.70209e-07
2.33588e-07
9.35417e-09
1.29591e-08
7.87461e-09
3.04162e-09
0
0
0
0
3.47348e-10
2.68877e-09
8.29597e-10
0
0
0
0
0
0
0
0
0
0
0
0
0
0
0
0
0
0
0
0
0
0
0
0
0
0
0
0
0
0
0
4.00174e-08
3.91753e-07
6.09316e-07
7.40454e-07
7.2869e-07
6.99542e-07
6.16872e-07
2.76484e-07
1.60451e-07
1.20879e-07
1.00559e-07
8.7291e-08
7.86368e-08
7.80812e-08
8.25406e-08
8.94441e-08
9.29079e-08
9.12465e-08
8.66233e-08
7.85775e-08
7.21329e-08
6.88862e-08
6.64829e-08
6.36723e-08
6.21987e-08
6.24525e-08
6.23229e-08
6.07697e-08
5.93013e-08
5.66099e-08
5.48998e-08
5.71834e-08
5.56035e-08
5.4976e-08
5.39818e-08
4.0177e-08
0
0
0
0
0
0
0
0
0
0
0
0
0
0
0
0
0
3.46541e-08
1.90286e-07
3.71985e-07
5.90786e-07
8.50947e-07
1.20869e-06
1.79987e-06
2.73753e-06
3.86003e-06
4.09093e-06
3.82435e-06
3.58618e-06
2.862e-06
1.00806e-06
0
0
1.02042e-06
1.82837e-06
2.13877e-06
2.11586e-06
2.02665e-06
1.77034e-06
1.28391e-06
8.85185e-07
6.04761e-07
4.55625e-07
3.86022e-07
3.32263e-07
2.8528e-07
2.64592e-07
1.91689e-07
2.22651e-08
0
0
0
0
0
0
0
0
0
0
0
0
0
0
0
0
0
0
0
0
0
0
0
0
0
0
0
0
0
0
0
0
0
0
0
0
0
0
0
0
0
0
1.38502e-07
5.30691e-07
1.04632e-06
7.55151e-07
3.4877e-07
1.52365e-07
9.05689e-08
7.92261e-08
8.31676e-08
1.25766e-07
1.98451e-07
0
0
0
0
0
0
0
0
0
0
0
0
0
0
0
0
0
0
0
0
0
0
0
0
0
0
0
0
0
0
0
0
0
0
0
0
0
0
0
0
0
0
7.94577e-08
2.91971e-07
4.07748e-07
4.65923e-07
5.03003e-07
3.88597e-07
1.79501e-07
1.1638e-07
9.17496e-08
7.94378e-08
7.23938e-08
6.82784e-08
6.84924e-08
7.08755e-08
7.43924e-08
7.70869e-08
7.62606e-08
7.32752e-08
6.78481e-08
6.28217e-08
6.06103e-08
5.99747e-08
5.9075e-08
5.64424e-08
5.3093e-08
5.17934e-08
5.12379e-08
5.01589e-08
4.91186e-08
4.72225e-08
4.36418e-08
4.2163e-08
3.9994e-08
3.543e-08
3.39722e-08
2.11113e-08
0
0
0
0
0
0
0
0
0
0
0
0
0
0
0
0
0
1.0618e-07
2.99989e-07
5.18801e-07
7.69615e-07
1.07808e-06
1.4915e-06
1.99104e-06
2.51867e-06
2.92137e-06
3.13548e-06
3.24892e-06
3.08553e-06
2.13985e-06
1.99009e-07
4.87034e-07
1.52637e-06
2.07223e-06
2.24373e-06
2.17626e-06
2.07361e-06
1.90189e-06
1.44998e-06
1.00182e-06
6.77965e-07
4.75863e-07
3.9051e-07
3.54523e-07
3.19082e-07
2.87892e-07
2.79678e-07
2.35976e-07
1.75355e-07
0
0
0
0
0
0
0
0
0
0
0
0
0
0
0
0
0
0
0
0
0
0
0
0
0
0
0
0
0
0
0
0
0
0
0
0
0
0
0
0
0
1.70743e-08
2.97332e-07
6.2354e-07
8.07364e-07
6.15043e-07
3.12351e-07
1.20424e-07
5.59671e-08
5.34911e-08
6.56776e-08
1.01274e-07
1.62571e-07
3.16823e-08
2.66179e-08
1.74049e-08
3.31934e-09
0
0
0
0
1.98003e-09
6.69144e-10
0
0
0
0
0
0
0
0
0
0
0
0
0
0
0
0
0
0
0
0
0
0
0
0
0
0
0
0
0
0
0
2.25372e-08
1.24993e-07
2.06379e-07
2.67855e-07
2.76523e-07
1.65882e-07
1.0141e-07
7.68705e-08
6.54995e-08
6.05218e-08
5.83509e-08
5.7868e-08
5.84512e-08
5.93524e-08
6.05053e-08
6.15594e-08
6.11858e-08
5.98735e-08
5.7031e-08
5.40556e-08
5.25752e-08
5.28353e-08
5.30013e-08
5.19289e-08
4.91623e-08
4.48619e-08
4.20509e-08
4.06602e-08
3.9377e-08
3.80206e-08
3.65293e-08
3.32155e-08
2.95241e-08
2.66628e-08
2.13636e-08
1.68741e-08
9.73099e-09
0
0
0
0
0
0
0
0
0
0
0
0
0
0
0
0
0
0
0
1.64284e-08
2.97568e-07
6.35218e-07
9.70115e-07
1.29655e-06
1.66045e-06
2.05039e-06
2.39685e-06
2.7213e-06
2.72563e-06
1.77396e-06
1.7809e-06
2.00594e-06
2.15121e-06
2.15162e-06
2.07497e-06
2.00729e-06
1.89735e-06
1.54773e-06
1.05935e-06
7.08035e-07
4.92513e-07
3.79719e-07
3.42244e-07
3.26722e-07
3.08453e-07
2.90408e-07
2.94815e-07
2.96755e-07
3.6201e-07
0
0
2.82081e-07
1.45016e-06
0
0
0
0
0
0
0
0
0
0
0
0
0
0
0
0
0
0
0
0
0
0
0
0
0
0
0
0
0
0
0
0
0
0
0
0
0
5.54774e-08
3.37313e-07
5.80116e-07
6.81083e-07
5.40368e-07
2.87784e-07
9.33041e-08
2.2201e-08
3.06668e-08
6.42762e-08
1.02635e-07
1.36099e-07
5.50286e-08
3.93147e-08
1.97974e-08
1.93046e-10
0
0
0
0
0
0
0
0
0
0
0
0
0
0
0
0
0
0
0
0
0
0
0
0
0
0
0
0
0
0
0
0
0
0
0
0
0
0
5.52752e-08
8.46295e-08
7.58013e-08
6.2183e-08
5.33514e-08
4.81335e-08
4.56539e-08
4.5032e-08
4.56211e-08
4.63448e-08
4.69059e-08
4.70224e-08
4.71514e-08
4.74692e-08
4.7742e-08
4.78133e-08
4.70961e-08
4.56286e-08
4.44462e-08
4.45172e-08
4.52419e-08
4.49168e-08
4.33417e-08
4.00748e-08
3.54381e-08
3.21799e-08
3.05828e-08
2.96054e-08
2.86521e-08
2.71823e-08
2.42586e-08
1.94736e-08
1.52595e-08
1.06261e-08
4.72803e-09
0
0
0
0
0
0
0
0
0
0
0
0
0
0
0
0
0
0
0
0
0
0
0
0
0
0
0
0
1.36791e-07
9.90499e-07
1.4927e-06
1.71296e-06
1.79258e-06
1.79347e-06
1.78887e-06
1.79376e-06
1.76373e-06
1.50858e-06
1.02252e-06
6.86175e-07
4.83529e-07
3.71216e-07
3.20292e-07
3.1235e-07
3.09462e-07
3.01168e-07
2.93582e-07
3.12828e-07
3.78038e-07
5.38356e-07
2.0165e-07
0
2.63692e-06
3.41231e-06
0
0
0
0
0
0
0
0
0
0
0
0
0
0
0
0
0
0
0
0
0
0
0
0
0
0
0
0
0
0
0
0
0
0
0
0
0
0
2.35879e-07
4.55402e-07
5.82242e-07
5.08854e-07
2.85254e-07
7.58259e-08
0
1.64384e-09
7.84638e-08
1.49335e-07
1.53178e-07
9.00287e-08
5.61516e-08
2.83034e-08
7.17158e-09
0
0
0
0
0
0
0
0
0
0
0
0
0
0
0
0
0
0
0
0
0
0
0
0
0
0
0
0
0
0
0
0
0
0
0
0
0
1.85444e-08
2.78334e-08
3.00806e-08
3.00727e-08
3.00315e-08
3.07335e-08
3.21302e-08
3.37228e-08
3.49042e-08
3.55272e-08
3.60147e-08
3.62211e-08
3.64092e-08
3.6817e-08
3.74285e-08
3.80999e-08
3.8275e-08
3.76491e-08
3.65796e-08
3.6135e-08
3.66745e-08
3.7169e-08
3.65057e-08
3.46682e-08
3.13545e-08
2.68822e-08
2.34829e-08
2.17217e-08
2.08144e-08
2.00574e-08
1.90256e-08
1.67619e-08
1.21849e-08
6.67222e-09
1.93e-09
0
0
0
0
0
0
0
0
0
0
0
0
0
0
0
0
0
0
0
0
0
0
0
0
0
0
0
0
0
6.1181e-07
1.00617e-06
1.22216e-06
1.31025e-06
1.35775e-06
1.39896e-06
1.46455e-06
1.51137e-06
1.3322e-06
9.29881e-07
6.23296e-07
4.43863e-07
3.44642e-07
2.9746e-07
2.83003e-07
2.88212e-07
2.93507e-07
2.93608e-07
2.97087e-07
3.35263e-07
4.83257e-07
7.43968e-07
6.10107e-07
5.43908e-07
5.14302e-06
5.10533e-06
0
0
0
0
0
0
0
0
0
0
0
0
0
0
0
0
0
0
0
0
0
0
0
0
0
0
0
0
0
0
0
0
0
0
0
0
0
0
9.58968e-08
2.96331e-07
4.59806e-07
4.73258e-07
2.93366e-07
7.07121e-08
0
0
8.30367e-08
2.32378e-07
2.59185e-07
7.41699e-08
5.74317e-08
3.64855e-08
1.48021e-08
0
0
0
0
0
0
0
0
0
0
0
0
0
0
0
0
0
0
0
0
0
0
0
0
0
0
0
0
0
0
0
0
2.35108e-09
9.88749e-09
1.58108e-08
1.8336e-08
1.85806e-08
1.86292e-08
1.92813e-08
2.03517e-08
2.16253e-08
2.30296e-08
2.45204e-08
2.58935e-08
2.68877e-08
2.78019e-08
2.90779e-08
3.03099e-08
3.12524e-08
3.18454e-08
3.22355e-08
3.24672e-08
3.24682e-08
3.20899e-08
3.11692e-08
3.03665e-08
3.03491e-08
3.08992e-08
3.09932e-08
2.99925e-08
2.79181e-08
2.47681e-08
2.11624e-08
1.82784e-08
1.63818e-08
1.5261e-08
1.43282e-08
1.32577e-08
1.14223e-08
7.51956e-09
1.51093e-09
0
0
0
0
0
0
0
0
0
0
0
0
0
0
0
0
0
0
0
0
0
0
0
0
0
0
0
0
3.30645e-07
5.88735e-07
7.65981e-07
8.88918e-07
9.69897e-07
1.00332e-06
1.03812e-06
1.09805e-06
1.15607e-06
1.02568e-06
7.91658e-07
5.23906e-07
3.77533e-07
3.00699e-07
2.65154e-07
2.54809e-07
2.60082e-07
2.75518e-07
2.89724e-07
2.93485e-07
3.0356e-07
3.63564e-07
6.12127e-07
1.02169e-06
1.2298e-06
2.03249e-06
6.67241e-06
6.24592e-06
0
0
0
0
0
0
0
0
0
0
0
0
0
0
0
0
0
0
0
0
0
0
0
0
0
0
0
0
0
0
0
0
0
0
0
0
0
0
0
1.51362e-07
3.15206e-07
3.91126e-07
2.7783e-07
6.74431e-08
0
0
5.81278e-08
2.67558e-07
4.11712e-07
0
3.49986e-08
5.48533e-08
5.17034e-08
3.52316e-08
1.58122e-08
0
0
0
0
0
0
0
0
0
2.05204e-09
3.93447e-09
5.19778e-09
6.00074e-09
6.69882e-09
7.58991e-09
8.67216e-09
9.69461e-09
1.04366e-08
1.08371e-08
1.08471e-08
1.05443e-08
9.92658e-09
9.14781e-09
8.37239e-09
7.67205e-09
7.20275e-09
7.09431e-09
7.47865e-09
8.39213e-09
1.00499e-08
1.19846e-08
1.30964e-08
1.29555e-08
1.21764e-08
1.18997e-08
1.26436e-08
1.40015e-08
1.53584e-08
1.64519e-08
1.72876e-08
1.81238e-08
1.94489e-08
2.14908e-08
2.38794e-08
2.5779e-08
2.67216e-08
2.67985e-08
2.6376e-08
2.58771e-08
2.55183e-08
2.5109e-08
2.43093e-08
2.31631e-08
2.2419e-08
2.24911e-08
2.29407e-08
2.28789e-08
2.17025e-08
1.95422e-08
1.70133e-08
1.45002e-08
1.23488e-08
1.04929e-08
9.19526e-09
8.34174e-09
7.44515e-09
6.10062e-09
3.356e-09
0
0
0
0
0
0
0
0
0
0
0
0
0
0
0
0
0
0
0
0
0
0
0
0
0
0
5.7803e-08
2.51874e-07
3.91937e-07
4.93023e-07
5.69174e-07
6.3087e-07
6.76993e-07
6.99476e-07
7.04209e-07
7.19074e-07
6.9438e-07
7.06776e-07
6.07461e-07
3.81201e-07
2.76107e-07
2.32307e-07
2.12171e-07
2.10149e-07
2.17484e-07
2.31317e-07
2.57295e-07
2.72473e-07
2.77532e-07
2.91261e-07
3.73345e-07
7.12436e-07
1.31146e-06
1.92364e-06
3.3161e-06
6.90895e-06
6.5951e-06
0
0
0
0
0
0
0
0
0
0
0
0
0
0
0
0
0
0
0
0
0
0
0
0
0
0
0
0
0
0
0
0
0
0
0
0
0
0
0
5.23838e-08
1.92899e-07
2.83297e-07
2.27322e-07
5.38556e-08
0
0
2.63686e-08
2.30831e-07
4.49791e-07
4.44037e-08
6.97187e-08
5.91088e-08
3.78847e-08
1.87932e-08
5.39983e-09
0
0
0
0
1.94486e-09
5.31336e-09
8.27131e-09
1.0714e-08
1.28205e-08
1.50651e-08
1.73998e-08
1.96963e-08
2.21936e-08
2.51601e-08
2.85485e-08
3.1876e-08
3.46079e-08
3.66027e-08
3.796e-08
3.84916e-08
3.77151e-08
3.60159e-08
3.35815e-08
3.04684e-08
2.68529e-08
2.30746e-08
1.97646e-08
1.75347e-08
1.61e-08
1.4916e-08
1.37039e-08
1.25993e-08
1.2092e-08
1.23496e-08
1.29072e-08
1.31889e-08
1.30231e-08
1.25068e-08
1.18946e-08
1.14747e-08
1.14738e-08
1.19748e-08
1.26523e-08
1.29614e-08
1.25125e-08
1.13328e-08
9.80626e-09
8.49337e-09
7.75969e-09
7.44253e-09
7.01023e-09
6.08468e-09
5.00851e-09
4.68917e-09
5.4831e-09
6.68672e-09
7.24623e-09
6.44185e-09
4.6115e-09
2.84889e-09
1.43687e-09
7.46495e-11
0
0
0
0
0
0
0
0
0
0
0
0
0
0
0
0
0
0
0
0
0
0
0
0
0
0
0
0
0
0
0
5.13118e-08
1.49219e-07
2.19112e-07
2.64569e-07
2.95565e-07
3.22258e-07
3.43766e-07
3.65515e-07
3.77918e-07
3.89348e-07
4.20369e-07
4.79812e-07
4.31168e-07
2.32151e-07
1.63656e-07
1.50851e-07
1.50112e-07
1.55946e-07
1.68415e-07
1.82594e-07
2.0482e-07
2.34044e-07
2.4898e-07
2.54759e-07
2.70419e-07
3.73275e-07
7.86143e-07
1.58493e-06
2.62187e-06
4.0739e-06
6.58078e-06
6.27129e-06
0
0
0
0
0
0
0
0
0
0
3.77346e-07
0
0
0
0
0
0
0
0
0
0
0
0
0
0
0
0
0
0
0
0
0
0
0
0
0
0
0
0
1.09015e-08
1.31794e-07
2.12882e-07
1.79824e-07
3.49416e-08
0
0
9.68504e-10
1.75943e-07
3.72515e-07
1.45102e-07
1.58511e-07
1.4692e-07
1.25377e-07
9.9823e-08
7.39716e-08
5.15528e-08
3.57296e-08
2.67816e-08
2.29372e-08
2.23212e-08
2.36198e-08
2.59813e-08
2.89932e-08
3.27386e-08
3.76022e-08
4.3224e-08
4.94469e-08
5.6015e-08
6.24284e-08
6.79478e-08
7.18488e-08
7.39138e-08
7.44406e-08
7.39868e-08
7.28479e-08
7.07448e-08
6.72349e-08
6.28354e-08
5.77033e-08
5.21784e-08
4.65822e-08
4.15101e-08
3.75098e-08
3.43212e-08
3.1314e-08
2.84141e-08
2.59356e-08
2.37288e-08
2.09889e-08
1.72569e-08
1.27409e-08
7.96348e-09
3.14917e-09
0
0
0
0
0
0
0
0
0
0
0
0
0
0
0
0
0
0
0
0
0
0
0
0
0
0
0
0
0
0
0
0
0
0
0
0
0
0
0
0
0
0
0
0
0
0
0
0
0
0
0
0
0
0
0
1.81708e-08
3.89074e-08
5.90925e-08
7.60433e-08
9.03417e-08
1.06055e-07
1.26184e-07
1.48178e-07
1.72642e-07
2.07507e-07
2.51052e-07
2.34246e-07
1.06427e-07
6.36822e-08
6.35145e-08
7.21158e-08
8.56403e-08
1.00147e-07
1.1948e-07
1.39765e-07
1.66889e-07
1.95407e-07
2.0978e-07
2.13718e-07
2.28087e-07
3.46706e-07
8.07695e-07
1.72797e-06
2.96648e-06
3.7957e-06
5.08788e-06
4.46849e-06
4.38522e-08
0
0
0
0
0
0
0
0
7.82814e-07
0
0
0
0
0
0
0
0
0
0
0
0
0
0
0
0
0
0
0
0
0
0
0
0
0
0
0
0
0
2.08115e-08
1.3426e-07
2.05879e-07
1.68616e-07
3.14989e-08
0
0
0
1.26676e-07
2.88686e-07
1.38765e-08
4.89338e-08
7.46851e-08
8.82667e-08
9.02735e-08
8.32292e-08
7.19431e-08
6.10482e-08
5.35248e-08
5.11889e-08
5.41585e-08
6.10413e-08
6.95239e-08
7.77517e-08
8.50108e-08
9.16059e-08
9.79924e-08
1.04333e-07
1.10904e-07
1.17818e-07
1.24713e-07
1.30838e-07
1.35724e-07
1.39381e-07
1.41623e-07
1.41828e-07
1.39367e-07
1.34076e-07
1.26022e-07
1.15405e-07
1.02978e-07
8.96686e-08
7.6655e-08
6.48028e-08
5.45375e-08
4.57408e-08
3.79819e-08
3.07046e-08
2.32812e-08
1.51814e-08
6.24712e-09
0
0
0
0
0
0
0
0
0
0
0
0
0
0
0
0
0
0
0
0
0
0
0
0
0
0
0
0
0
0
0
0
0
0
0
0
0
0
0
0
0
0
0
0
0
0
0
5.38385e-10
2.19005e-09
3.43484e-09
4.53739e-09
5.35468e-09
6.82113e-09
9.61475e-09
1.42249e-08
2.35637e-08
3.28881e-08
3.36057e-08
3.13688e-08
3.25313e-08
3.61907e-08
4.01989e-08
4.43043e-08
5.09713e-08
6.24262e-08
7.74875e-08
9.75656e-08
1.22834e-07
1.37837e-07
7.79632e-08
7.43473e-09
1.47293e-08
1.27764e-08
1.9156e-08
3.05469e-08
4.72415e-08
7.19634e-08
9.88312e-08
1.30534e-07
1.56455e-07
1.67822e-07
1.67598e-07
1.77723e-07
2.95153e-07
7.3583e-07
1.57099e-06
2.21286e-06
1.61334e-06
1.63224e-06
0
0
0
0
7.50767e-07
8.61067e-07
7.2494e-07
1.10502e-06
9.51145e-07
7.18953e-07
0
0
0
0
0
0
0
0
0
0
0
0
0
0
0
0
0
0
0
0
0
0
0
0
0
0
0
0
0
0
5.43041e-08
1.65309e-07
2.30374e-07
1.87506e-07
5.79949e-08
0
0
0
9.1227e-08
2.4464e-07
2.91759e-08
6.07313e-08
8.2097e-08
9.59477e-08
1.05098e-07
1.1177e-07
1.17057e-07
1.2029e-07
1.2104e-07
1.2107e-07
1.22325e-07
1.25117e-07
1.28755e-07
1.32437e-07
1.35392e-07
1.37259e-07
1.38254e-07
1.39035e-07
1.40524e-07
1.43584e-07
1.48716e-07
1.55874e-07
1.64355e-07
1.72986e-07
1.81117e-07
1.86555e-07
1.86262e-07
1.78847e-07
1.64801e-07
1.46554e-07
1.26806e-07
1.07694e-07
9.11378e-08
7.81916e-08
6.78527e-08
5.84166e-08
4.81151e-08
3.58342e-08
2.102e-08
4.40742e-09
0
0
0
0
0
0
0
0
0
0
0
0
0
0
0
0
0
0
0
0
0
0
0
0
0
0
0
0
0
0
0
0
0
0
0
0
0
0
0
0
2.73678e-09
1.40767e-08
2.44649e-08
3.15262e-08
3.53117e-08
3.70105e-08
3.74534e-08
3.76894e-08
3.86389e-08
3.9615e-08
4.12693e-08
4.45862e-08
4.60229e-08
4.5339e-08
4.43486e-08
4.32261e-08
4.28926e-08
4.13745e-08
3.85083e-08
3.60973e-08
3.50293e-08
3.55558e-08
3.69657e-08
3.86233e-08
4.30866e-08
5.10711e-08
6.29729e-08
7.96321e-08
9.39444e-08
1.17917e-07
2.34827e-07
8.87995e-08
0
0
0
0
0
2.94855e-08
6.64963e-08
9.88058e-08
1.20278e-07
1.28001e-07
1.14921e-07
1.14562e-07
2.03826e-07
5.3556e-07
1.03911e-06
2.02975e-07
0
0
0
0
0
0
1.13156e-06
1.00816e-06
1.20525e-06
1.10428e-06
3.95495e-07
0
0
0
0
0
0
0
0
0
0
0
0
0
0
0
0
0
0
0
0
0
0
0
0
0
0
0
0
0
0
0
5.66175e-08
1.57108e-07
2.10943e-07
1.78711e-07
9.09484e-08
0
0
0
7.18341e-08
2.30691e-07
2.70954e-08
3.7526e-08
3.83383e-08
3.26948e-08
2.54687e-08
1.9914e-08
1.89846e-08
2.52406e-08
3.93958e-08
5.99674e-08
8.439e-08
1.10064e-07
1.34206e-07
1.54221e-07
1.68404e-07
1.76325e-07
1.78861e-07
1.78085e-07
1.76657e-07
1.77042e-07
1.81268e-07
1.89845e-07
2.01345e-07
2.12456e-07
2.19436e-07
2.19102e-07
2.10293e-07
1.94681e-07
1.75034e-07
1.54381e-07
1.35394e-07
1.19918e-07
1.09406e-07
1.0303e-07
9.76226e-08
9.02997e-08
7.84319e-08
6.04765e-08
3.60014e-08
5.58982e-09
0
0
0
0
0
0
0
0
0
0
0
0
0
0
0
0
0
0
0
0
0
0
0
0
0
0
0
0
0
0
0
0
0
0
0
0
0
4.2167e-09
9.24354e-09
1.35295e-08
2.04542e-08
3.24205e-08
4.83247e-08
6.60689e-08
8.08029e-08
8.9214e-08
9.27408e-08
9.24636e-08
8.89205e-08
8.45574e-08
8.03438e-08
7.67061e-08
7.36409e-08
7.09141e-08
6.85351e-08
6.68436e-08
6.37438e-08
5.78318e-08
5.13464e-08
4.59482e-08
4.14409e-08
3.89376e-08
3.792e-08
3.75478e-08
4.08801e-08
4.71176e-08
6.01311e-08
7.42694e-08
9.30004e-08
2.05936e-07
2.86932e-07
1.49628e-07
1.66334e-08
0
0
0
0
0
3.10523e-08
6.89879e-08
8.31592e-08
7.66937e-08
5.42179e-08
3.80981e-08
7.8733e-08
2.57415e-07
3.93688e-07
0
0
0
0
0
0
0
4.52205e-07
4.28863e-07
8.43938e-07
5.18671e-07
0
0
0
0
0
0
0
0
0
0
0
0
0
0
0
0
0
0
0
0
0
0
0
0
0
0
0
0
0
0
0
0
9.59094e-09
1.09466e-07
1.66128e-07
1.49561e-07
1.03253e-07
1.76352e-08
0
0
8.06242e-08
2.35097e-07
1.1741e-07
1.27595e-07
1.28026e-07
1.24509e-07
1.18111e-07
1.07915e-07
9.42953e-08
7.97099e-08
6.81789e-08
6.49209e-08
7.41668e-08
9.50495e-08
1.2061e-07
1.41965e-07
1.53688e-07
1.56254e-07
1.54756e-07
1.556e-07
1.63398e-07
1.79617e-07
2.03101e-07
2.31784e-07
2.59961e-07
2.81763e-07
2.92657e-07
2.90753e-07
2.76665e-07
2.52691e-07
2.24251e-07
1.97191e-07
1.74787e-07
1.58077e-07
1.47142e-07
1.40352e-07
1.30664e-07
1.14402e-07
8.96138e-08
5.60931e-08
1.53407e-08
0
0
0
0
0
0
0
0
0
0
0
0
0
0
0
0
0
0
0
0
0
0
0
0
0
0
0
0
0
0
0
0
0
0
0
0
0
1.94607e-09
2.87151e-08
4.76773e-08
5.69062e-08
6.07981e-08
6.66578e-08
7.92509e-08
9.80029e-08
1.20032e-07
1.41876e-07
1.57396e-07
1.63812e-07
1.62515e-07
1.56322e-07
1.45336e-07
1.32513e-07
1.2124e-07
1.11669e-07
1.03973e-07
9.82943e-08
9.31193e-08
8.60588e-08
7.75883e-08
6.84572e-08
6.08199e-08
5.58019e-08
4.94069e-08
4.33419e-08
4.18566e-08
4.21121e-08
4.96905e-08
5.1897e-08
1.02862e-07
2.22129e-07
2.40842e-07
2.03941e-07
8.50247e-08
0
0
0
0
0
6.95342e-08
8.44113e-08
5.95883e-08
3.10959e-08
4.34531e-10
0
0
2.08159e-08
1.43647e-07
0
0
0
0
0
0
0
1.94011e-07
2.60606e-07
5.75239e-07
2.45585e-07
0
0
0
0
0
0
0
0
0
0
0
0
0
0
0
0
0
0
0
0
0
0
0
0
0
0
0
0
0
0
0
0
0
5.7874e-08
1.29352e-07
1.242e-07
1.03743e-07
2.89133e-08
4.09479e-09
0
9.92735e-08
1.92065e-07
1.61465e-07
3.60221e-07
5.04049e-07
5.58368e-07
5.25708e-07
4.36738e-07
3.29743e-07
2.35984e-07
1.74147e-07
1.49366e-07
1.55799e-07
1.79279e-07
2.04847e-07
2.20532e-07
2.18722e-07
1.9597e-07
1.54195e-07
1.03022e-07
5.89873e-08
4.16304e-08
6.26891e-08
1.17926e-07
1.89702e-07
2.55574e-07
2.95819e-07
2.9762e-07
2.59899e-07
1.95198e-07
1.24709e-07
6.61875e-08
2.61394e-08
4.79538e-09
0
4.26228e-09
1.54198e-08
2.37129e-08
1.96029e-08
6.31174e-10
0
0
0
0
0
0
0
0
0
0
0
0
0
0
0
0
0
0
0
0
0
0
0
0
0
0
0
0
0
0
0
0
0
0
0
0
0
0
0
1.95804e-08
5.89745e-08
8.85612e-08
1.0439e-07
1.1173e-07
1.18767e-07
1.31175e-07
1.48912e-07
1.67221e-07
1.82567e-07
1.92774e-07
1.95871e-07
1.91553e-07
1.80297e-07
1.65004e-07
1.49751e-07
1.36028e-07
1.22905e-07
1.08258e-07
9.24883e-08
7.78587e-08
6.36485e-08
5.18382e-08
4.72872e-08
4.47236e-08
3.44932e-08
2.37059e-08
1.3808e-08
6.90863e-10
0
0
5.67979e-08
1.12166e-07
1.18692e-07
1.03788e-07
0
0
0
3.45659e-07
6.82997e-07
8.46848e-07
7.50083e-07
5.234e-07
2.79927e-07
1.24027e-07
3.9923e-08
0
0
0
5.47711e-07
0
0
0
0
0
0
0
9.06532e-07
1.02502e-06
7.84125e-07
2.05841e-07
0
0
0
0
0
0
0
0
0
0
0
0
0
0
0
0
0
0
0
0
0
0
0
0
0
0
0
0
0
0
0
0
0
0
5.57144e-08
7.5317e-08
8.05225e-08
0
0
0
0
0
7.93166e-08
1.72895e-07
2.30646e-07
2.25314e-07
1.43945e-07
8.01537e-09
0
0
0
0
0
0
0
0
2.8334e-08
9.20264e-08
1.2427e-07
1.21636e-07
9.79712e-08
8.53029e-08
1.10593e-07
1.70382e-07
2.40439e-07
2.93595e-07
3.17931e-07
3.12453e-07
2.81765e-07
2.30448e-07
1.66952e-07
1.0557e-07
5.61332e-08
2.4957e-08
1.21086e-08
1.35701e-08
2.6912e-08
4.6219e-08
5.09863e-08
2.63248e-08
0
0
0
0
0
0
0
0
0
0
0
0
0
0
0
0
0
0
0
0
0
0
0
0
0
0
0
0
0
0
0
0
0
0
0
0
0
0
0
0
1.65576e-08
4.26412e-08
6.12155e-08
7.16045e-08
7.70749e-08
8.23516e-08
8.97331e-08
9.74805e-08
1.02086e-07
1.01834e-07
9.72117e-08
8.96606e-08
8.14161e-08
7.4767e-08
7.19218e-08
7.29512e-08
7.46604e-08
7.18126e-08
6.52867e-08
5.53407e-08
3.74098e-08
2.39076e-08
2.79384e-08
2.94518e-08
1.68562e-08
1.33243e-08
0
0
0
0
0
0
0
0
0
0
0
0
1.56177e-09
1.47078e-06
1.82247e-06
1.42497e-06
8.45532e-07
4.31062e-07
2.0204e-07
6.82431e-08
0
5.06225e-08
8.21277e-07
0
0
0
0
6.20967e-06
2.25217e-06
0
1.34661e-06
1.41148e-06
1.33845e-06
3.94631e-07
2.18044e-08
0
0
0
0
0
0
0
0
0
0
0
0
0
0
0
0
0
0
0
0
0
0
0
0
0
0
0
0
0
0
0
0
0
0
0
0
0
0
0
0
0
8.43649e-08
8.06841e-08
5.07334e-08
1.81658e-09
0
0
0
0
0
0
0
0
0
0
0
1.33673e-09
1.92538e-08
0
0
0
0
0
0
5.90408e-08
1.17226e-07
1.63528e-07
1.9081e-07
1.95713e-07
1.79439e-07
1.5137e-07
1.3675e-07
1.66018e-07
2.32175e-07
2.75956e-07
2.48454e-07
1.67021e-07
8.27742e-08
9.40189e-09
0
0
0
0
0
0
0
0
1.37565e-08
1.75137e-08
0
0
0
0
0
0
0
0
0
0
0
0
0
0
0
0
0
0
0
0
0
0
0
0
0
0
0
0
0
1.26465e-09
5.65728e-09
9.04055e-09
1.03291e-08
5.59692e-09
0
0
0
0
0
1.20507e-09
2.40082e-09
0
0
0
0
8.1101e-09
2.51244e-08
3.74853e-08
4.67403e-08
4.53244e-08
2.56168e-08
2.07291e-08
3.50178e-08
1.75696e-08
0
5.79076e-09
0
0
0
0
0
9.81565e-08
1.11847e-07
0
0
0
0
0
0
0
6.00643e-07
1.14933e-06
9.0694e-07
5.40552e-07
2.80668e-07
1.25877e-07
1.26318e-07
5.96407e-07
1.32562e-06
0
0
0
4.92094e-07
1.00589e-05
8.21974e-06
3.05534e-07
0
1.63161e-06
2.30704e-06
1.11697e-06
5.76315e-07
0
0
0
0
0
0
0
0
0
0
0
0
0
0
0
0
0
0
0
0
0
0
0
0
0
0
0
0
0
0
0
0
0
0
0
0
0
0
0
0
0
1.11742e-07
1.64506e-07
2.09032e-07
2.17009e-07
1.64645e-07
5.56681e-08
0
0
0
0
0
0
0
0
4.05002e-08
7.80781e-08
1.00373e-07
1.03034e-07
8.7825e-08
6.05451e-08
2.85109e-08
0
0
0
0
0
2.25811e-08
4.58429e-08
6.34285e-08
8.74065e-08
1.39782e-07
2.05734e-07
2.37122e-07
2.05922e-07
1.28363e-07
9.0228e-08
1.31711e-07
1.52313e-07
7.8864e-08
0
0
0
0
0
0
0
2.01575e-08
2.6967e-08
1.29443e-08
0
0
0
0
0
0
0
0
0
0
0
0
0
0
0
0
0
0
0
0
0
0
0
0
0
0
0
4.61941e-09
9.13659e-09
1.21005e-08
1.71686e-08
2.07363e-08
1.53621e-08
2.57498e-10
0
0
0
0
0
0
0
0
0
0
0
0
9.68685e-09
3.4873e-08
3.77821e-08
4.37473e-09
2.73488e-08
3.87686e-08
0
0
0
0
7.74436e-08
8.97301e-08
0
1.24091e-07
6.36378e-07
1.13609e-06
1.61136e-07
0
0
0
0
0
0
0
2.04942e-07
1.84189e-07
7.12708e-08
0
0
0
6.6748e-07
3.1989e-06
1.38219e-07
0
0
1.86775e-06
1.12453e-05
1.30548e-05
3.39505e-06
0
2.13823e-06
3.19625e-06
2.12651e-06
1.56933e-06
3.07643e-07
0
0
0
0
0
0
0
0
0
0
0
0
0
0
0
0
0
0
0
0
0
0
0
0
0
0
0
0
0
0
0
0
0
0
0
0
2.02244e-08
0
3.43633e-08
0
6.3706e-08
9.37946e-08
1.47669e-07
1.75437e-07
1.42119e-07
6.07584e-08
0
0
0
0
0
0
0
0
0
0
0
0
0
0
1.43746e-08
3.89191e-08
5.62417e-08
6.44376e-08
6.00399e-08
3.68837e-08
0
0
0
0
0
0
0
0
0
0
0
0
0
0
0
1.81053e-09
1.07516e-09
0
0
0
0
0
0
0
0
0
0
0
0
0
0
0
0
0
0
0
0
0
0
0
0
0
0
1.33927e-09
1.36587e-09
5.07609e-11
0
0
0
1.9509e-09
1.14553e-08
1.89304e-08
2.32759e-08
2.99507e-08
3.9013e-08
4.06704e-08
2.76055e-08
6.4287e-09
0
0
0
0
0
0
0
0
0
0
0
1.70919e-09
5.42041e-08
4.24805e-09
0
6.93135e-09
0
0
1.90723e-09
2.41582e-08
2.98093e-08
1.49015e-07
1.02482e-08
0
1.82148e-07
1.6349e-06
1.75404e-06
3.89528e-07
0
0
0
0
0
0
0
0
0
0
0
0
0
3.61283e-07
2.68775e-06
1.40456e-06
0
0
2.87147e-06
1.08776e-05
1.57701e-05
6.38926e-06
1.46105e-06
4.99168e-07
2.36606e-06
2.39092e-06
2.67533e-06
1.16996e-06
0
0
0
0
0
0
0
0
0
0
0
0
0
0
0
0
0
0
0
0
0
0
0
0
0
0
0
0
0
0
0
0
0
0
4.84537e-09
0
1.86721e-08
0
3.20954e-08
0
0
0
0
0
0
0
0
0
0
0
0
0
0
0
0
0
0
0
0
0
0
0
0
0
1.81145e-08
2.29617e-08
5.32696e-09
0
0
0
0
0
0
0
0
0
0
0
0
0
0
2.51024e-08
4.59689e-08
5.3341e-08
4.75124e-08
3.49157e-08
2.16846e-08
1.13942e-08
7.16328e-09
1.23977e-08
2.74055e-08
4.65329e-08
6.15989e-08
6.69196e-08
6.1905e-08
5.04772e-08
3.90679e-08
3.36747e-08
3.73007e-08
4.90254e-08
6.50606e-08
8.16007e-08
9.40038e-08
9.97972e-08
1.02058e-07
1.06199e-07
1.14805e-07
1.24656e-07
1.27395e-07
1.14799e-07
9.02183e-08
6.3301e-08
4.09727e-08
2.48503e-08
1.55326e-08
1.2209e-08
1.09389e-08
6.44063e-09
0
0
0
0
0
0
0
0
0
0
0
0
0
0
0
0
0
0
1.94837e-08
0
0
4.96209e-08
4.02035e-08
4.50544e-09
5.34824e-08
2.81247e-08
8.34477e-08
1.77596e-07
0
0
0
1.6777e-06
1.57071e-06
1.38677e-07
0
0
0
0
1.02497e-07
2.63743e-07
0
0
0
0
0
0
0
0
4.69723e-07
7.48812e-07
0
0
3.50186e-06
9.54604e-06
1.58901e-05
7.64798e-06
5.01281e-06
0
0
0
2.0056e-06
1.57858e-06
0
0
0
0
0
0
0
0
0
0
0
0
0
0
0
0
0
0
0
0
0
0
0
0
0
0
0
0
0
0
0
0
0
0
4.17898e-09
0
1.09112e-08
0
2.4826e-08
0
0
0
0
0
0
0
0
0
0
0
0
0
0
0
0
0
0
0
0
0
0
0
0
0
0
0
0
0
0
0
0
0
0
0
0
0
0
0
1.63056e-08
6.94424e-08
1.03704e-07
1.18688e-07
1.1902e-07
1.11275e-07
9.96884e-08
8.63337e-08
7.29166e-08
6.08099e-08
5.09114e-08
4.36965e-08
3.886e-08
3.56865e-08
3.35084e-08
3.1896e-08
3.07989e-08
3.01244e-08
2.95099e-08
2.8493e-08
2.70237e-08
2.54924e-08
2.44776e-08
2.50981e-08
2.81032e-08
3.33249e-08
3.96738e-08
4.4351e-08
4.51844e-08
4.23974e-08
3.72037e-08
3.08142e-08
2.59548e-08
2.34257e-08
2.22922e-08
2.1154e-08
1.84656e-08
1.34614e-08
5.73261e-09
0
0
0
0
0
0
0
0
0
0
0
0
0
0
0
0
0
0
1.24356e-08
3.37047e-08
0
0
6.7773e-08
5.00558e-08
1.82864e-08
3.3298e-08
0
1.18948e-07
2.18598e-07
0
0
0
8.39179e-07
1.21472e-06
1.00466e-07
0
0
0
0
6.9707e-07
4.11024e-07
0
0
0
0
0
0
0
0
0
0
0
0
2.10871e-06
7.63736e-06
1.45071e-05
6.98358e-06
3.43757e-06
2.12819e-06
0
0
0
0
0
0
0
0
0
0
0
0
0
0
0
0
0
0
0
0
0
0
0
0
0
0
0
0
0
0
0
0
0
0
0
0
0
0
8.06564e-10
0
5.86448e-09
0
1.61027e-08
0
0
0
0
0
0
0
0
0
0
0
0
0
0
0
4.17488e-09
6.66527e-09
6.40757e-09
4.95945e-09
3.24185e-09
1.69853e-09
4.61224e-10
0
0
0
0
0
0
0
0
0
0
0
0
0
0
0
0
9.00825e-10
2.82798e-09
4.30753e-09
5.52672e-09
6.38461e-09
7.01821e-09
7.27384e-09
7.04172e-09
6.50119e-09
5.82553e-09
4.95924e-09
3.87206e-09
2.85374e-09
2.19686e-09
1.91055e-09
1.95939e-09
2.37756e-09
3.0852e-09
4.09764e-09
5.2231e-09
5.96228e-09
6.12503e-09
5.70439e-09
4.87762e-09
3.78875e-09
2.69863e-09
2.01465e-09
2.45539e-09
3.20485e-09
3.40947e-09
3.42089e-09
3.4586e-09
3.42202e-09
3.32104e-09
3.06988e-09
2.48492e-09
1.43941e-09
0
0
0
0
0
0
0
0
0
0
0
0
0
0
0
9.33147e-11
1.53768e-09
2.85051e-09
0
0
0
3.01008e-08
3.69713e-08
0
0
7.50383e-08
1.39623e-08
0
0
0
1.17674e-07
6.19944e-07
0
0
0
1.5026e-06
3.38648e-06
1.21532e-06
2.2221e-07
0
0
7.5502e-08
9.29204e-07
0
0
0
0
0
0
0
0
0
0
0
0
0
0
4.56754e-06
1.21585e-05
4.30249e-06
1.58042e-06
2.43407e-06
2.19804e-06
0
0
0
0
0
0
0
0
0
0
0
0
0
0
0
0
0
0
0
0
0
0
0
0
0
0
0
0
0
0
0
0
0
0
0
0
0
0
0
2.70266e-09
0
8.53307e-09
0
0
0
0
0
0
0
0
0
0
0
0
0
0
0
0
1.34273e-10
2.46888e-10
2.22922e-10
2.65072e-12
0
0
0
0
0
0
0
1.03946e-10
7.00661e-10
1.13824e-09
1.34897e-09
1.37955e-09
1.22633e-09
9.04255e-10
5.33407e-10
3.83744e-10
4.48069e-10
6.3432e-10
8.70358e-10
1.06987e-09
1.30823e-09
1.64472e-09
1.97913e-09
2.3515e-09
2.43667e-09
2.01742e-09
1.35515e-09
6.26093e-10
0
0
0
0
0
0
0
0
0
2.47813e-10
4.2978e-10
4.22776e-10
5.26074e-10
6.144e-10
3.09839e-10
0
0
0
0
0
0
0
7.3527e-10
1.40243e-09
1.71387e-09
1.6886e-09
1.38495e-09
9.75604e-10
7.68117e-10
8.07446e-10
1.09498e-09
1.46162e-09
1.56959e-09
1.6259e-09
1.40598e-09
1.15617e-09
1.25883e-09
1.26e-09
1.99208e-09
2.45014e-09
3.09692e-09
4.13747e-09
2.42413e-09
3.17535e-09
3.46731e-09
0
0
0
3.60941e-08
3.75837e-08
0
0
4.22467e-08
0
0
0
0
0
1.09751e-06
0
0
0
1.01427e-05
1.00509e-05
4.16912e-06
1.87416e-06
2.80916e-07
0
2.37133e-07
4.09902e-07
0
0
0
0
0
0
0
0
0
0
0
0
0
0
0
8.88535e-06
2.24935e-06
3.56111e-06
3.32456e-06
3.41736e-06
2.31694e-06
1.41781e-06
0
0
0
0
0
0
0
0
0
0
0
0
0
0
0
0
0
0
0
0
0
0
0
0
0
0
0
0
0
0
0
0
0
0
0
0
0
9.83038e-10
0
4.18179e-09
0
0
0
0
0
0
0
0
0
0
0
0
0
0
0
0
0
0
0
0
0
0
0
0
0
0
0
0
1.45539e-09
3.6369e-09
4.88187e-09
5.10689e-09
4.35747e-09
2.58233e-09
0
0
0
0
0
0
0
0
0
0
0
0
0
0
0
0
0
0
0
0
0
0
0
0
0
0
0
0
0
0
0
0
0
0
0
8.55923e-10
2.29132e-09
3.57572e-09
4.57914e-09
5.37726e-09
6.04394e-09
6.67023e-09
7.41701e-09
8.22157e-09
9.00478e-09
9.59438e-09
9.79372e-09
9.73351e-09
9.19824e-09
8.41697e-09
7.84558e-09
7.4702e-09
7.87834e-09
7.32417e-09
4.75225e-09
1.44883e-09
0
0
0
0
0
0
4.41683e-09
1.65564e-08
0
0
0
0
0
0
0
0
1.79594e-06
1.18215e-06
0
0
1.2053e-05
1.92109e-05
6.71694e-06
2.56368e-06
7.5819e-07
1.50007e-07
0
0
0
0
0
0
0
0
0
4.4341e-08
1.69731e-08
0
0
7.34583e-08
4.61412e-07
0
0
1.31135e-06
5.06952e-06
1.3567e-05
8.14867e-06
3.19646e-06
9.24104e-07
2.04895e-07
1.86616e-08
0
0
0
0
0
0
0
0
0
0
0
0
0
0
0
0
0
0
0
0
0
0
0
0
0
0
0
0
0
0
0
0
0
0
0
0
0
0
1.78151e-09
0
0
0
0
0
0
0
0
0
0
0
0
0
0
0
0
0
0
0
0
0
0
0
0
0
0
0
0
5.22518e-10
3.77882e-09
6.16228e-09
7.41956e-09
7.18001e-09
5.13889e-09
1.08539e-09
0
0
0
0
0
0
0
0
0
0
0
0
0
0
0
0
0
0
0
0
0
0
0
0
0
0
0
1.03664e-10
3.57553e-10
1.56645e-10
0
1.27836e-10
1.23669e-09
2.91899e-09
4.89813e-09
7.01071e-09
9.057e-09
1.09028e-08
1.2559e-08
1.40273e-08
1.53463e-08
1.64977e-08
1.74145e-08
1.8093e-08
1.82257e-08
1.7711e-08
1.66991e-08
1.5031e-08
1.30708e-08
1.1542e-08
1.06002e-08
1.08148e-08
9.17147e-09
3.15342e-09
0
0
0
0
0
0
0
0
0
0
0
0
0
0
0
0
4.34412e-07
3.08862e-07
1.14347e-08
0
0
2.34182e-06
1.46857e-05
1.12286e-05
1.07938e-06
1.08642e-07
3.24218e-09
0
0
0
0
0
0
0
0
7.98121e-08
6.33345e-08
3.36521e-08
0
0
2.33981e-07
1.4155e-06
5.42404e-07
0
3.1574e-07
1.08482e-06
8.72824e-06
1.9623e-05
5.63964e-06
6.68632e-07
8.21858e-08
6.32877e-09
7.41142e-09
7.83924e-09
1.81493e-09
0
0
0
0
0
0
0
0
0
0
0
0
0
0
0
0
0
0
0
0
0
0
0
0
0
0
0
0
0
0
0
0
0
0
0
5.99146e-10
0
0
0
0
0
0
0
0
0
0
0
0
0
0
0
0
0
0
0
0
0
0
0
0
0
0
0
0
0
1.8733e-09
4.60657e-09
7.11268e-09
9.1972e-09
1.07647e-08
8.66172e-09
3.1052e-09
0
0
0
0
0
0
0
0
0
0
0
0
0
0
0
0
0
0
0
0
0
0
0
6.36442e-10
1.8533e-09
2.72286e-09
3.38849e-09
3.3265e-09
2.54223e-09
1.93664e-09
2.54677e-09
4.52045e-09
7.27159e-09
1.03091e-08
1.33055e-08
1.59659e-08
1.81594e-08
1.98716e-08
2.10404e-08
2.17004e-08
2.20114e-08
2.18628e-08
2.121e-08
2.01151e-08
1.84919e-08
1.63679e-08
1.33405e-08
1.04486e-08
8.46469e-09
7.20322e-09
6.75147e-09
4.84409e-09
1.86543e-10
0
0
0
0
0
0
0
0
0
0
7.32081e-08
2.94078e-07
0
0
0
2.03626e-07
4.44818e-07
1.59434e-07
0
0
0
9.27285e-07
6.59929e-06
9.36034e-06
4.87801e-07
1.29504e-08
0
0
0
0
0
0
0
0
1.08514e-07
9.36865e-08
5.69806e-08
3.30135e-08
0
0
2.26016e-07
3.09255e-06
4.20919e-06
0
3.24746e-07
4.1682e-07
3.08658e-06
9.43281e-06
5.99504e-06
3.59719e-07
3.2217e-08
3.03825e-10
4.06494e-09
6.38417e-09
6.20442e-09
0
0
0
0
0
0
0
0
0
0
0
0
0
0
0
0
0
0
0
0
0
0
0
0
0
0
0
0
0
0
0
0
0
0
0
1.33466e-10
0
5.76368e-09
4.53551e-09
1.09836e-08
1.42231e-08
1.41369e-08
1.23328e-08
1.07461e-08
9.0923e-09
7.72507e-09
6.32106e-09
5.18975e-09
4.0714e-09
3.28433e-09
2.37161e-09
1.87129e-09
9.5758e-10
8.32012e-10
0
2.70492e-10
0
2.30164e-10
0
4.77711e-10
0
0
2.60386e-09
1.03464e-09
3.25878e-09
4.01943e-09
4.07875e-09
3.48008e-09
3.42169e-09
2.93331e-09
2.84194e-09
2.41498e-09
2.27313e-09
1.88971e-09
1.74641e-09
1.39489e-09
1.29235e-09
8.79527e-10
8.9523e-10
3.36291e-10
6.54213e-10
0
6.82774e-10
0
9.36716e-10
0
0
1.89298e-09
0
1.12666e-09
2.02362e-09
1.77327e-09
1.50147e-09
1.35939e-09
1.19473e-09
1.14675e-09
1.01286e-09
1.0235e-09
9.0745e-10
9.46256e-10
8.28215e-10
8.89348e-10
7.33996e-10
8.44801e-10
5.99656e-10
8.63008e-10
4.05577e-10
1.02062e-09
3.43871e-11
1.3033e-09
0
0
1.47102e-09
0
0
0
0
0
3.29784e-10
5.67545e-10
6.73767e-10
6.78967e-10
6.81968e-10
6.3486e-10
6.49616e-10
6.05877e-10
6.75209e-10
6.06517e-10
7.82419e-10
6.40509e-10
1.02034e-09
6.46919e-10
1.43957e-09
4.12034e-10
1.98701e-09
0
9.77965e-10
1.81291e-09
0
0
0
0
0
0
0
0
0
0
0
0
0
0
0
0
0
0
0
0
0
0
0
0
0
0
0
0
0
0
0
0
0
0
0
0
0
0
0
0
0
0
0
0
0
0
0
0
0
0
0
0
0
0
0
0
0
0
0
0
0
0
0
0
0
0
0
0
0
0
0
0
0
0
0
0
0
0
0
0
0
0
0
0
0
0
0
0
0
0
0
0
0
0
0
0
0
0
0
0
0
0
0
0
0
0
0
0
0
0
0
0
0
0
0
0
0
0
0
0
0
0
0
0
0
0
0
0
0
0
0
0
0
0
0
0
0
0
0
0
0
0
0
0
0
0
0
0
0
0
0
0
0
0
0
0
0
0
0
0
0
0
0
0
0
0
0
0
0
0
0
0
0
0
0
0
0
0
0
0
0
0
0
0
0
0
0
0
0
0
0
0
0
0
0
0
0
0
0
0
0
0
0
0
0
0
0
0
0
0
0
0
0
0
0
0
0
0
0
0
0
0
0
0
0
0
0
0
0
0
0
1.05283e-09
4.57543e-09
0
0
0
0
0
0
0
0
0
0
0
0
0
0
0
0
0
0
0
0
0
0
0
2.38017e-09
1.22652e-08
7.54645e-09
0
0
0
0
0
0
0
0
0
0
0
0
0
0
0
0
0
0
0
0
0
0
0
1.17555e-08
1.3741e-08
5.21609e-09
0
0
0
0
0
0
0
0
0
0
0
0
0
0
0
0
0
0
0
0
0
0
3.12971e-09
1.09003e-08
1.08401e-08
0
0
0
0
0
0
0
0
0
0
0
0
0
0
0
0
0
0
0
0
0
0
0
0
5.05314e-09
5.22991e-09
0
0
0
0
0
0
0
0
0
0
0
0
0
0
0
0
0
0
0
0
0
0
0
0
0
3.8362e-09
0
0
0
0
0
0
0
0
0
0
0
0
0
0
0
0
0
0
0
0
0
0
0
0
0
0
0
0
0
0
0
0
0
0
0
0
0
3.23137e-08
0
0
0
0
0
0
0
0
0
0
0
0
0
0
0
0
0
0
0
0
0
0
0
0
6.57066e-08
0
0
0
0
0
0
0
0
0
0
0
0
0
0
0
0
0
0
0
0
0
0
0
0
7.62121e-08
0
0
0
0
0
0
0
0
0
0
0
0
0
0
0
0
0
0
0
0
0
0
0
0
7.80168e-08
3.24651e-08
0
0
0
0
0
0
0
0
0
0
0
0
0
0
0
0
0
0
0
0
0
0
0
7.94665e-08
5.08483e-08
3.30439e-09
0
0
0
0
0
0
0
0
0
0
0
0
0
0
0
0
0
0
0
0
0
0
7.81298e-08
5.98384e-08
3.45808e-08
0
0
0
0
0
0
0
0
0
0
0
0
0
0
0
0
0
0
0
0
0
0
6.95931e-08
5.82988e-08
4.62339e-08
1.42491e-08
0
0
0
0
0
0
0
0
0
0
0
0
0
0
0
0
0
0
0
0
0
6.7436e-08
5.07982e-08
4.49926e-08
2.8741e-08
0
0
0
0
0
0
0
0
0
0
0
0
0
0
0
0
0
0
0
0
0
7.39894e-08
3.71911e-08
2.73409e-08
2.32968e-08
3.95784e-09
0
0
0
0
0
0
0
0
0
0
0
0
0
0
0
0
0
0
0
0
1.00288e-07
3.15085e-08
4.9874e-09
3.02684e-09
1.91803e-09
0
0
0
0
0
0
0
0
0
0
0
0
0
0
0
0
0
0
0
0
1.33123e-07
3.55992e-08
0
0
0
0
0
0
0
0
0
0
0
0
0
0
0
0
0
0
0
0
0
0
0
1.58343e-07
5.02369e-08
0
0
0
0
0
0
0
0
0
0
0
0
0
0
0
0
0
0
0
0
0
0
0
1.72877e-07
7.94784e-08
0
0
0
0
0
0
0
0
0
0
0
0
0
0
0
0
0
0
0
0
0
0
0
1.73746e-07
1.23473e-07
0
0
0
0
0
0
0
0
0
0
0
0
0
0
0
0
0
0
0
0
0
0
0
1.52227e-07
1.66567e-07
4.66707e-08
0
0
0
0
0
0
0
0
0
0
0
0
0
0
0
0
0
0
0
0
0
4.04064e-08
1.26579e-07
1.85814e-07
1.00851e-07
0
0
0
0
0
0
0
0
0
0
0
0
0
0
0
0
0
0
0
0
0
5.75499e-08
1.64871e-07
1.94711e-07
1.42505e-07
2.9807e-09
0
0
0
0
0
0
0
0
0
0
0
0
0
0
0
0
0
0
0
0
4.86434e-08
3.19649e-07
2.5713e-07
1.77317e-07
4.7161e-08
0
0
0
0
0
0
0
0
0
0
0
0
0
0
0
0
0
0
0
0
2.4621e-08
4.7597e-07
3.81689e-07
2.37489e-07
9.20563e-08
0
0
0
0
0
0
0
0
0
0
0
0
0
0
0
0
0
0
0
0
0
4.80867e-07
4.70911e-07
3.20654e-07
1.45915e-07
0
0
0
0
0
0
0
0
0
0
0
0
0
0
0
0
0
0
0
0
0
4.10898e-07
4.90295e-07
3.99356e-07
2.13983e-07
4.60085e-08
0
0
0
0
0
0
0
0
0
0
0
0
0
0
0
0
0
0
0
0
3.67355e-07
4.97429e-07
4.61679e-07
2.89383e-07
1.04652e-07
0
0
0
0
0
0
0
0
0
0
0
0
0
0
0
0
0
0
0
0
3.74827e-07
5.25729e-07
4.96296e-07
3.39612e-07
1.6349e-07
1.09206e-08
0
0
0
0
0
0
0
0
0
0
0
0
0
0
0
0
0
0
0
4.43073e-07
6.2485e-07
5.43742e-07
3.68374e-07
2.10459e-07
5.97283e-08
0
0
0
0
0
0
0
0
0
0
0
0
0
0
0
0
0
0
0
4.94117e-07
6.68807e-07
5.16817e-07
3.18616e-07
1.86452e-07
5.31248e-08
0
0
0
0
0
0
0
0
0
0
0
0
0
0
0
0
0
0
0
0
0
0
0
0
0
0
0
0
0
0
0
0
0
0
0
0
0
0
0
0
0
0
0
0
0
0
0
0
0
0
0
0
0
0
0
0
0
0
0
0
0
0
0
0
0
0
0
0
1.02884e-09
0
0
0
0
0
0
0
0
0
0
0
0
0
0
0
0
0
0
0
0
0
0
0
0
2.40261e-09
2.16133e-08
0
0
0
0
0
0
0
0
0
0
0
0
0
0
0
1.21789e-09
0
0
0
0
0
0
0
4.17234e-09
3.03719e-08
0
0
0
0
0
0
0
0
0
0
0
0
0
0
4.14852e-10
1.85541e-09
1.41222e-10
8.59801e-10
0
0
0
2.01098e-09
0
3.8072e-09
2.67883e-08
0
0
0
0
0
0
0
0
0
0
0
0
1.251e-10
1.30172e-09
1.3938e-09
2.05735e-09
9.4624e-10
1.50682e-09
0
1.43829e-09
0
2.64967e-09
0
1.92985e-09
1.62658e-08
0
0
0
0
0
0
0
0
0
0
6.74045e-10
1.3823e-09
1.61899e-09
2.03576e-09
1.82801e-09
2.02089e-09
1.3285e-09
1.64944e-09
8.45255e-10
1.61462e-09
5.24034e-10
1.8589e-09
1.9059e-10
5.49447e-10
7.57412e-09
0
0
0
0
0
0
7.25638e-10
1.55901e-09
1.93489e-09
2.08795e-09
2.0287e-09
1.91752e-09
1.63582e-09
1.56428e-09
1.26109e-09
1.25155e-09
8.54921e-10
9.87876e-10
5.89587e-10
8.99658e-10
3.37012e-10
8.77207e-10
8.95298e-11
0
3.10539e-09
0
0
0
6.71376e-10
1.96477e-09
2.5844e-09
2.64651e-09
2.42907e-09
2.04921e-09
1.66998e-09
1.32781e-09
1.15967e-09
9.12556e-10
8.0562e-10
6.30564e-10
6.28752e-10
4.42142e-10
5.08362e-10
3.26382e-10
4.66239e-10
2.00409e-10
4.37915e-10
5.96124e-11
0
1.81805e-09
0
3.28799e-09
3.23055e-09
3.09372e-09
2.74423e-09
2.20883e-09
1.6848e-09
1.25395e-09
9.16679e-10
6.84322e-10
5.0753e-10
4.45756e-10
3.54066e-10
3.31283e-10
2.77712e-10
3.00223e-10
2.22728e-10
2.5721e-10
1.73965e-10
2.32378e-10
1.12054e-10
2.15057e-10
4.58706e-11
0
2.26364e-09
2.04466e-09
3.80834e-09
2.54989e-09
1.65083e-09
9.87703e-10
5.29773e-10
2.62007e-10
1.23565e-10
5.46736e-11
4.03471e-11
3.49059e-11
4.46382e-11
2.03668e-11
3.22197e-11
3.36221e-11
5.88019e-11
3.78884e-11
5.69664e-11
2.84172e-11
5.10733e-11
7.45118e-12
4.94916e-11
0
0
2.33983e-09
2.25837e-09
1.9288e-09
9.17592e-10
3.55442e-10
4.25187e-11
0
0
0
0
0
0
0
0
0
0
0
0
0
0
0
0
0
0
0
)
;

boundaryField
{
    inlet
    {
        type            zeroGradient;
    }
    outlet
    {
        type            zeroGradient;
    }
    upperWall
    {
        type            zeroGradient;
    }
    lowerWall
    {
        type            zeroGradient;
    }
    frontAndBack
    {
        type            empty;
    }
}


// ************************************************************************* //
