/*--------------------------------*- C++ -*----------------------------------*\
  =========                 |
  \\      /  F ield         | OpenFOAM: The Open Source CFD Toolbox
   \\    /   O peration     | Website:  https://openfoam.org
    \\  /    A nd           | Version:  7
     \\/     M anipulation  |
\*---------------------------------------------------------------------------*/
FoamFile
{
    version     2.0;
    format      ascii;
    class       volScalarField;
    location    "0.102";
    object      nut;
}
// * * * * * * * * * * * * * * * * * * * * * * * * * * * * * * * * * * * * * //

dimensions      [0 2 -1 0 0 0 0];

internalField   nonuniform List<scalar> 
12225
(
0
0
0
0
0
0
0
0
0
0
0
0
0
0
0
6.40795e-11
0
0
0
0
0
0
0
0
0
0
0
0
0
0
0
0
0
1.60185e-10
0
0
0
4.76566e-10
1.97023e-10
0
0
0
0
0
0
0
0
0
0
0
0
2.46777e-10
0
0
0
1.84932e-08
9.02197e-09
9.87571e-10
0
3.20175e-11
0
0
0
0
0
0
0
0
0
1.71933e-10
0
0
2.04267e-07
2.93349e-07
7.90621e-08
0
0
0
0
0
0
0
0
1.4369e-09
2.19393e-09
2.18497e-09
1.56201e-09
4.83476e-11
0
0
2.06718e-07
2.89323e-07
8.14321e-09
0
0
0
0
0
1.32648e-09
7.46236e-09
1.45677e-08
2.06158e-08
2.46008e-08
2.28363e-08
1.52583e-08
3.86851e-09
0
0
0
1.31048e-07
0
0
0
0
0
1.64479e-08
3.47997e-08
5.75778e-08
7.21753e-08
6.90102e-08
5.53345e-08
3.72644e-08
1.90142e-08
9.88118e-10
0
0
0
0
0
0
0
2.32047e-09
4.45721e-08
7.25178e-08
7.00516e-08
6.82813e-08
7.874e-08
8.19841e-08
7.09342e-08
4.71541e-08
2.17199e-08
4.27246e-09
1.2974e-09
6.66071e-09
0
5.83294e-07
1.92723e-07
0
1.44416e-07
3.28444e-07
3.38693e-07
5.33142e-07
3.15359e-07
3.03253e-08
2.49152e-08
5.13384e-08
5.36824e-08
3.49266e-08
1.56267e-08
6.68603e-09
7.90748e-09
1.16334e-08
0
7.03739e-07
1.10759e-06
3.10288e-07
6.97191e-07
7.79748e-07
6.53885e-07
7.34889e-07
2.12497e-07
0
0
0
0
0
4.12955e-10
4.35769e-09
1.00662e-08
1.45793e-08
0
1.04811e-06
1.83697e-06
9.21369e-07
8.59826e-07
7.86592e-07
4.30076e-07
1.5948e-07
2.14813e-08
0
0
0
0
0
0
1.33171e-08
2.4397e-08
3.35215e-08
0
1.86626e-06
1.54235e-06
6.60401e-07
4.30223e-07
3.04453e-07
1.26013e-07
5.11044e-08
2.11766e-08
1.18443e-08
0
0
0
7.93429e-09
5.18755e-08
6.81446e-08
4.36814e-08
1.16788e-08
0
1.46485e-06
1.41618e-06
5.80287e-07
2.52937e-08
0
4.53865e-08
2.62107e-08
1.89364e-08
3.7955e-08
4.50702e-08
1.93309e-08
3.36592e-09
1.74846e-08
0
0
0
0
0
3.98009e-07
1.13289e-06
1.05494e-06
0
0
0
6.30403e-09
2.30174e-09
5.18044e-08
1.90293e-08
0
0
0
0
0
0
0
3.84095e-07
9.46117e-07
1.79044e-06
1.1767e-06
0
0
1.58405e-08
5.99608e-08
0
0
0
0
0
0
0
0
0
0
5.12719e-07
5.74246e-07
6.15469e-07
4.25996e-07
0
0
2.31909e-07
0
0
0
0
0
0
0
0
0
0
0
3.41851e-07
9.37045e-08
3.14574e-08
9.0093e-08
0
5.12078e-08
0
0
0
0
0
0
0
0
0
0
0
0
4.62317e-07
3.40024e-07
1.37784e-07
1.3225e-07
4.75026e-08
5.06101e-07
2.86407e-07
0
0
0
0
0
0
0
0
0
0
0
0
5.8689e-08
1.20898e-08
0
6.69628e-08
7.91548e-07
8.98457e-07
1.61657e-07
0
1.85704e-08
6.13161e-08
3.77275e-08
0
0
0
0
0
0
0
0
0
0
4.17627e-07
9.39777e-07
6.99871e-07
0
0
0
0
1.47076e-07
2.23796e-07
1.70266e-07
0
0
0
0
0
0
0
0
0
1.71493e-07
8.36425e-08
0
0
0
0
1.09874e-07
2.08196e-07
1.10959e-07
0
0
0
0
0
0
0
0
0
0
0
0
0
0
1.48503e-07
2.39457e-07
1.97359e-07
9.17559e-08
0
0
0
0
1.08925e-08
0
0
0
0
0
0
0
0
0
5.29839e-08
9.43373e-08
6.66631e-08
0
0
0
0
0
7.56028e-07
4.80671e-07
0
0
0
6.64029e-08
5.98442e-08
1.4515e-08
0
0
3.39458e-08
7.01413e-08
4.73451e-08
0
0
0
0
0
4.18871e-07
3.15396e-07
0
0
0
1.49381e-08
3.80135e-08
1.59403e-08
1.00515e-08
5.11014e-08
1.01403e-07
8.58507e-08
1.58014e-08
0
0
0
0
0
0
0
0
0
0
0
0
0
0
0
0
2.84561e-08
4.35272e-08
3.73349e-08
1.66448e-08
0
0
0
0
0
0
0
0
0
1.60233e-09
2.15572e-09
0
0
0
0
0
0
0
0
0
0
4.4308e-09
0
0
0
0
0
0
0
0
0
0
0
0
0
0
0
0
0
6.09013e-09
0
0
0
0
0
0
0
0
0
0
0
0
0
0
0
0
0
5.17582e-08
0
0
0
0
0
0
0
0
0
0
0
0
0
0
0
0
0
0
0
7.90199e-08
0
0
0
0
1.26189e-06
1.4521e-06
5.58202e-07
0
0
0
0
0
0
0
0
0
0
1.36088e-06
1.55539e-05
2.1758e-05
1.94349e-05
1.42592e-05
8.22011e-06
3.93378e-06
1.45942e-06
3.89851e-07
0
0
0
4.60697e-08
1.14054e-07
1.61252e-07
1.87969e-07
1.95024e-07
1.8487e-07
1.60997e-07
1.29113e-07
9.41107e-08
5.95016e-08
2.7171e-08
0
0
0
0
0
0
0
0
0
0
0
0
0
0
0
0
0
0
0
0
0
1.39378e-07
3.88945e-07
0
0
0
0
0
0
0
3.70933e-06
1.77868e-05
2.79654e-05
3.01111e-05
1.61571e-06
0
0
0
0
0
0
0
5.52689e-07
1.2514e-06
0
9.61105e-06
4.66063e-05
6.20001e-05
4.21209e-05
1.16517e-05
1.69099e-06
2.81224e-07
6.69671e-08
5.695e-08
6.9162e-08
7.31385e-08
6.81683e-08
5.81465e-08
4.86226e-08
3.7179e-08
2.81822e-08
1.92895e-08
1.11763e-08
3.08815e-09
0
0
0
0
0
0
0
0
0
0
0
0
0
0
0
0
0
0
0
0
0
0
0
0
0
0
0
0
0
0
0
0
0
0
0
0
0
0
0
0
0
0
0
0
0
0
0
0
0
0
0
0
0
0
0
0
0
0
0
0
0
0
4.5035e-11
8.80408e-11
1.45083e-10
1.11778e-10
1.88214e-10
1.21931e-10
2.88094e-10
3.29355e-10
5.27686e-10
2.82285e-09
2.97715e-10
0
0
0
0
0
0
1.84929e-06
2.42723e-06
2.01751e-06
9.46969e-07
0
0
0
0
0
0
0
0
0
1.19667e-07
1.47359e-06
2.19024e-06
2.07088e-06
1.32515e-06
9.26887e-07
1.1272e-06
1.29443e-06
9.5436e-07
4.49125e-07
5.86328e-08
0
0
0
2.92965e-09
5.02612e-08
8.37842e-08
1.02272e-07
1.06298e-07
9.76378e-08
8.04288e-08
5.89574e-08
3.69604e-08
1.70944e-08
0
0
0
0
0
0
0
0
0
0
0
0
0
0
0
0
0
0
0
0
2.28609e-07
7.43853e-07
1.00273e-06
4.88786e-07
0
0
0
0
0
0
0
4.45421e-06
6.39212e-06
6.05993e-06
1.06362e-06
0
1.32392e-07
0
0
0
0
0
1.9249e-06
2.79545e-06
9.59776e-08
6.79522e-06
1.07182e-05
1.05486e-05
7.26149e-06
3.40964e-06
1.24186e-06
4.3571e-07
1.87304e-07
1.3581e-07
1.22586e-07
1.12654e-07
1.01556e-07
9.10832e-08
8.0289e-08
6.88522e-08
5.71295e-08
4.37289e-08
2.82655e-08
1.10819e-08
0
0
0
0
0
0
0
0
0
0
0
0
0
0
0
0
0
0
0
0
0
0
0
0
2.93889e-09
7.53944e-09
6.58788e-09
4.55921e-09
2.60408e-09
9.42513e-10
0
0
0
0
0
0
0
0
0
0
0
0
0
0
0
0
0
0
0
0
0
0
0
0
0
0
0
0
0
0
0
0
1.04986e-10
2.73165e-10
4.8081e-10
4.03691e-10
5.86794e-10
4.36294e-10
6.62703e-10
7.33101e-10
6.21291e-10
2.24243e-09
0
4.33765e-08
1.6492e-06
0
0
0
9.95125e-07
2.70948e-06
2.67671e-06
1.92648e-06
1.04031e-06
0
0
0
0
0
0
0
0
0
0
4.92138e-08
5.9645e-07
1.08325e-06
1.01845e-06
6.26588e-07
5.8781e-07
6.35281e-07
3.77924e-07
6.71713e-08
0
0
0
0
0
0
0
0
0
2.08964e-09
1.72998e-08
2.23262e-08
2.00943e-08
1.38731e-08
5.78887e-09
0
0
0
0
0
0
0
0
0
0
0
0
0
0
0
0
0
7.76458e-08
2.12674e-07
3.66668e-07
5.09395e-07
5.68284e-07
4.05127e-07
0
0
0
0
0
2.32114e-07
0
0
0
0
0
0
2.98383e-06
4.14474e-06
2.21634e-07
0
0
0
7.20812e-06
0
0
0
9.8914e-07
1.07392e-06
1.10265e-06
9.94872e-07
7.83894e-07
6.59323e-07
6.81418e-07
7.10956e-07
6.77364e-07
6.09324e-07
5.36326e-07
4.70535e-07
4.09161e-07
3.49786e-07
2.86948e-07
2.19884e-07
1.47745e-07
7.31265e-08
0
0
0
0
0
0
0
0
0
0
0
0
0
0
0
0
0
0
0
0
0
0
0
0
0
0
0
0
1.80906e-08
3.1453e-08
3.38978e-08
3.0098e-08
2.32447e-08
1.52824e-08
7.10793e-09
0
0
0
0
0
0
0
0
0
0
0
0
0
0
0
0
0
0
0
0
0
0
0
0
0
0
0
0
1.44314e-10
7.39963e-10
7.95803e-10
1.22224e-09
1.13506e-09
1.21941e-09
1.8406e-09
1.21075e-10
3.86652e-09
0
6.96075e-06
5.00294e-06
1.53799e-06
2.40429e-07
1.37779e-07
2.05299e-06
3.41112e-06
2.39905e-06
1.6776e-06
1.22866e-06
7.55229e-07
0
0
0
0
0
0
0
0
0
0
0
0
0
0
0
0
0
0
0
0
0
0
0
0
0
0
0
0
0
0
0
3.03964e-08
6.32342e-08
4.89723e-08
4.14977e-08
9.09484e-08
1.73088e-07
2.44004e-07
2.87884e-07
3.10655e-07
3.23618e-07
3.29368e-07
3.25706e-07
3.14923e-07
3.01343e-07
2.87199e-07
2.70727e-07
2.54969e-07
2.38833e-07
2.24678e-07
2.07266e-07
1.88997e-07
1.62305e-07
1.25205e-07
8.38425e-08
3.79813e-08
0
0
0
0
1.9077e-07
8.52817e-07
1.16475e-06
3.88981e-07
0
0
0
0
3.01309e-07
1.49445e-06
4.2343e-06
1.43216e-06
0
0
0
0
0
0
4.25678e-08
1.32803e-07
2.16155e-07
4.30869e-07
6.43405e-07
8.3429e-07
8.49116e-07
6.98078e-07
5.37145e-07
4.22963e-07
3.50405e-07
2.93036e-07
2.45281e-07
1.96846e-07
1.44987e-07
8.61534e-08
1.84951e-08
0
0
0
0
0
0
0
0
0
0
0
0
0
0
0
0
0
0
0
0
0
0
0
0
0
0
0
0
0
0
0
0
0
0
0
0
0
0
0
0
5.51001e-09
2.08491e-08
3.6117e-08
3.94656e-08
2.72175e-08
8.40706e-09
0
0
0
0
0
0
0
0
0
3.14943e-09
5.25374e-09
5.13874e-09
3.21199e-09
8.36666e-10
0
0
0
0
0
0
5.75963e-11
4.33424e-10
1.4615e-09
7.32272e-11
3.50586e-09
0
7.64929e-09
0
7.48671e-06
4.50289e-06
1.98637e-06
1.00549e-06
1.32958e-06
3.50457e-06
2.08247e-06
1.42639e-06
1.19006e-06
1.04766e-06
7.91126e-07
1.37663e-08
0
0
0
0
0
0
0
0
0
0
0
0
0
0
0
0
0
0
0
0
0
0
0
0
0
0
2.10201e-07
5.14565e-07
8.77171e-07
1.27734e-06
1.63298e-06
1.61605e-06
5.39445e-07
0
0
0
0
0
0
2.39212e-08
1.24587e-07
1.99827e-07
2.56333e-07
2.93211e-07
3.15907e-07
3.16097e-07
3.10766e-07
2.96779e-07
2.7972e-07
2.54919e-07
2.30063e-07
2.00526e-07
1.60657e-07
1.02943e-07
0
0
0
0
0
3.01825e-07
8.51858e-07
9.87569e-07
6.47177e-07
0
0
0
0
0
0
0
0
0
0
0
6.33741e-07
0
0
0
0
2.4668e-08
2.78662e-07
3.00824e-07
1.49874e-07
3.53801e-08
0
0
0
1.29244e-08
3.13554e-08
3.80399e-08
2.99601e-08
4.80713e-09
0
0
0
0
0
0
0
0
0
0
0
0
0
0
0
0
0
0
0
0
0
0
0
0
0
0
0
0
0
0
0
0
0
0
0
0
0
0
0
0
0
0
3.85655e-08
6.72e-08
8.42676e-08
8.60859e-08
8.31484e-08
7.97148e-08
5.98103e-08
8.72047e-09
0
0
0
0
0
0
0
0
0
0
0
7.08305e-10
3.34922e-09
2.33029e-09
2.06081e-10
0
0
0
0
0
1.17363e-09
0
8.21433e-09
0
1.97144e-08
0
2.66198e-06
2.37178e-06
1.52904e-06
1.37487e-06
2.41888e-06
1.55203e-06
1.32501e-06
1.18735e-06
1.11977e-06
1.05417e-06
9.21406e-07
4.74425e-07
0
0
0
0
0
0
0
0
0
0
0
0
0
0
0
0
0
0
0
0
0
0
4.42166e-08
3.13033e-07
6.41033e-07
1.03277e-06
1.49914e-06
2.05258e-06
2.74042e-06
3.63417e-06
4.87016e-06
6.61323e-06
7.20947e-06
0
0
0
0
0
0
0
0
0
0
0
8.8081e-09
1.62023e-07
2.56693e-07
3.05036e-07
3.204e-07
3.10568e-07
2.8346e-07
2.54035e-07
2.22026e-07
1.96367e-07
1.63983e-07
1.03922e-07
0
0
0
4.21407e-08
6.43602e-07
8.2223e-07
5.81087e-07
1.89488e-07
0
1.88169e-07
8.82598e-07
0
0
0
0
0
0
1.3166e-06
2.48653e-06
4.84439e-07
0
0
0
5.16791e-08
2.47374e-08
0
0
0
0
0
3.10089e-08
7.1667e-08
1.03435e-07
1.23087e-07
1.22347e-07
9.13865e-08
2.029e-08
0
0
0
0
0
8.72002e-09
2.66803e-08
8.31767e-09
0
0
0
0
0
0
0
0
0
0
0
0
0
0
0
0
0
0
0
0
0
0
0
0
0
0
0
0
0
0
0
0
0
4.50316e-08
9.04825e-08
1.13373e-07
1.15434e-07
1.05357e-07
8.96409e-08
7.07064e-08
4.78734e-08
2.9245e-09
0
0
0
0
0
0
0
0
0
0
0
0
0
3.52899e-09
5.42618e-09
4.73156e-09
0
2.61106e-09
0
7.57185e-09
0
1.69368e-08
0
3.64088e-08
0
2.34847e-07
5.57019e-07
9.52112e-07
1.78702e-06
0
0
3.86642e-07
6.46788e-07
7.99241e-07
9.29702e-07
9.17629e-07
6.05628e-07
0
0
0
0
0
0
0
0
0
0
0
0
0
0
0
0
0
0
0
1.49865e-08
2.80718e-07
5.61046e-07
8.39779e-07
1.11789e-06
1.40588e-06
1.71217e-06
2.05382e-06
2.43212e-06
2.91736e-06
3.52259e-06
4.3364e-06
5.4307e-06
6.44553e-06
1.20897e-06
0
0
0
0
0
0
0
0
0
0
0
0
0
8.07093e-08
2.46162e-07
3.26042e-07
3.33099e-07
2.99164e-07
2.51204e-07
2.14673e-07
1.8558e-07
1.51784e-07
8.89006e-08
0
0
0
2.18478e-08
3.43417e-07
3.43634e-07
1.5633e-07
4.60281e-08
1.84287e-07
1.20519e-06
6.20729e-07
0
0
0
0
0
1.33582e-06
2.57796e-06
1.67934e-06
1.151e-06
1.33213e-06
7.93398e-07
1.14754e-07
0
0
0
0
0
5.80238e-08
1.12619e-07
1.61617e-07
2.02878e-07
2.25298e-07
2.12921e-07
1.48481e-07
1.45606e-08
0
0
0
0
5.83246e-07
4.55723e-07
2.88113e-07
1.59978e-07
6.70949e-08
0
0
0
0
0
0
0
0
0
0
0
0
0
0
0
0
0
0
0
0
0
0
0
0
0
0
0
0
0
0
0
0
0
8.04432e-08
1.3699e-07
1.45975e-07
1.31569e-07
1.07304e-07
7.96559e-08
4.94391e-08
1.1242e-08
0
0
0
0
0
0
0
8.07381e-09
0
0
0
0
0
0
1.8365e-09
1.17465e-08
0
0
0
1.59806e-08
7.34546e-09
3.40808e-08
0
3.40035e-08
0
0
7.6351e-08
3.97189e-07
9.2494e-07
0
0
2.91991e-07
4.95744e-07
5.73822e-07
6.40817e-07
6.48692e-07
4.41604e-07
0
0
0
0
0
0
0
0
0
0
0
0
0
0
0
0
0
1.56926e-08
3.11087e-07
5.84503e-07
8.03808e-07
9.76911e-07
1.13772e-06
1.32922e-06
1.54578e-06
1.77677e-06
1.99323e-06
2.18817e-06
2.37003e-06
2.58185e-06
2.88776e-06
3.30509e-06
3.55826e-06
2.27311e-06
0
0
0
0
0
0
0
0
0
0
0
0
0
0
0
1.81619e-07
3.22156e-07
3.35472e-07
2.87328e-07
2.28929e-07
1.828e-07
1.47759e-07
1.10672e-07
6.21941e-08
6.72067e-09
0
0
0
0
0
0
0
0
3.04381e-07
0
0
0
0
1.3016e-07
9.58034e-07
1.51676e-06
1.68641e-06
1.40393e-06
6.62754e-07
2.51428e-07
4.11487e-09
0
0
0
2.7266e-08
1.10926e-07
1.70232e-07
2.22037e-07
2.63257e-07
2.80339e-07
2.62722e-07
2.07509e-07
9.8198e-08
0
0
0
0
2.13702e-06
1.73069e-06
1.0695e-06
6.77026e-07
4.20267e-07
2.47235e-07
1.18431e-07
2.3494e-08
0
0
0
0
0
0
0
0
0
0
0
0
0
0
0
0
0
0
0
0
0
0
0
0
0
0
0
0
0
0
0
1.41623e-09
1.227e-07
1.66743e-07
1.68508e-07
1.45026e-07
1.08443e-07
6.49525e-08
1.47883e-08
0
0
0
0
0
0
0
2.49494e-08
3.41179e-08
5.32378e-09
0
0
0
0
0
1.52852e-08
1.99677e-08
8.80674e-09
0
1.18049e-08
1.08677e-08
3.01233e-08
1.03852e-08
3.16802e-08
0
0
0
1.46332e-07
2.55358e-07
0
1.39371e-09
1.95517e-07
2.87643e-07
2.86639e-07
3.17235e-07
3.74376e-07
2.91929e-07
0
0
0
0
0
0
0
0
0
0
0
0
0
0
0
0
2.05737e-07
5.684e-07
8.42989e-07
1.00968e-06
1.10912e-06
1.16628e-06
1.18087e-06
1.13224e-06
1.02921e-06
9.11309e-07
8.14008e-07
7.72952e-07
7.98027e-07
8.85653e-07
1.01767e-06
1.13743e-06
1.07675e-06
5.68336e-07
0
0
0
1.19671e-10
3.45994e-07
5.36628e-07
5.5801e-07
4.16128e-07
1.04042e-07
0
0
0
0
0
0
0
1.61857e-07
3.0865e-07
2.99682e-07
2.38109e-07
1.82688e-07
1.40946e-07
1.10351e-07
8.82038e-08
6.88813e-08
4.46316e-08
0
0
0
0
0
0
0
0
0
0
0
0
1.45193e-07
5.98103e-07
7.3783e-07
6.74923e-07
4.24277e-07
2.06758e-07
6.73281e-08
0
0
0
5.22398e-08
1.62067e-07
2.30419e-07
2.7713e-07
3.0396e-07
3.04737e-07
2.90278e-07
2.59961e-07
1.96132e-07
7.03342e-08
0
0
0
0
2.63467e-06
2.01218e-06
1.32928e-06
8.82192e-07
5.86811e-07
3.92913e-07
2.49733e-07
1.36933e-07
5.06445e-08
0
0
0
0
0
0
0
0
0
0
0
0
0
0
0
0
0
0
0
0
0
0
0
0
0
0
0
0
0
0
0
6.74137e-08
1.77805e-07
2.12974e-07
1.91004e-07
1.45326e-07
9.16347e-08
3.25569e-08
0
0
0
0
0
0
0
0
4.6154e-08
4.28385e-08
4.74067e-09
0
0
0
0
0
2.03632e-08
2.70518e-08
1.21172e-08
1.45508e-08
1.24918e-08
2.37618e-08
1.07879e-08
2.35289e-08
0
0
0
1.98418e-08
9.58221e-08
0
7.09023e-08
1.70047e-07
2.15976e-07
1.59392e-07
1.15116e-07
1.37283e-07
1.12494e-07
0
0
0
0
0
0
0
0
0
0
0
0
0
0
0
3.74472e-07
8.49285e-07
1.13399e-06
1.18975e-06
1.09605e-06
8.72679e-07
5.83771e-07
3.12269e-07
1.16631e-07
2.71649e-08
4.33086e-08
1.54068e-07
3.50607e-07
6.26825e-07
9.69156e-07
1.33779e-06
1.60372e-06
1.41284e-06
2.62339e-07
0
0
0
0
0
0
2.86071e-07
5.89956e-07
7.9247e-07
8.03663e-07
5.11637e-07
0
0
0
0
0
0
2.03324e-07
2.69876e-07
2.24079e-07
1.68964e-07
1.31026e-07
1.05387e-07
8.76071e-08
7.73831e-08
6.80409e-08
3.94148e-08
0
0
0
0
0
0
0
0
0
0
0
3.89802e-08
2.89343e-07
3.22231e-07
2.50337e-07
1.36132e-07
5.19073e-08
4.63675e-09
0
0
0
1.23956e-07
2.25186e-07
2.88715e-07
3.18105e-07
3.20301e-07
3.13313e-07
3.0173e-07
2.72377e-07
2.06082e-07
5.6493e-08
0
0
0
1.58494e-06
3.42577e-06
2.25311e-06
1.40168e-06
8.62751e-07
5.27501e-07
3.27264e-07
2.0944e-07
1.35819e-07
9.29027e-08
6.47264e-08
3.65505e-08
1.73706e-09
0
0
0
0
0
0
0
0
0
0
0
0
0
0
0
0
0
0
0
0
0
0
0
0
0
0
1.30803e-07
2.63355e-07
2.5339e-07
2.26184e-07
2.71885e-07
2.54771e-07
2.00993e-07
1.33972e-07
6.22395e-08
0
0
0
0
0
0
0
0
3.20366e-08
6.18752e-08
3.65951e-08
0
0
0
0
0
0
2.32999e-08
2.67441e-08
2.61256e-08
1.96689e-08
2.45299e-08
1.18632e-08
1.69866e-08
0
0
0
0
1.16279e-07
1.0105e-07
6.58101e-08
1.07054e-07
1.29283e-07
5.02698e-08
0
2.77901e-08
5.2374e-08
0
0
0
0
0
0
0
0
0
0
0
0
0
0
4.03064e-07
9.65083e-07
1.28756e-06
1.17269e-06
8.16508e-07
3.93565e-07
2.23822e-08
0
0
0
0
1.00835e-07
4.2007e-07
8.29705e-07
1.34373e-06
1.97727e-06
2.70613e-06
3.32706e-06
2.94042e-06
0
0
0
0
0
0
0
0
0
3.44591e-08
3.89902e-07
7.10415e-07
7.31781e-07
2.37899e-07
0
0
0
0
6.94043e-08
2.26694e-07
2.0068e-07
1.4855e-07
1.15214e-07
9.632e-08
8.40843e-08
7.59211e-08
6.59063e-08
4.61878e-08
0
0
0
0
0
0
0
0
0
0
0
1.15179e-09
1.26237e-07
1.20733e-07
6.6669e-08
1.12646e-08
0
0
0
0
0
1.06279e-07
2.15626e-07
2.75779e-07
3.01022e-07
3.09229e-07
3.0914e-07
3.01297e-07
2.74076e-07
1.90881e-07
0
0
0
0
5.47969e-06
4.4452e-06
2.82073e-06
1.72237e-06
9.81965e-07
5.05178e-07
2.10787e-07
4.55843e-08
0
0
1.44501e-08
6.71651e-08
8.25506e-08
4.69439e-08
0
0
0
0
0
0
0
0
0
0
0
0
0
0
0
0
0
0
0
0
0
0
0
0
9.72485e-08
5.30827e-07
8.74033e-07
9.59555e-07
7.86e-07
5.062e-07
3.89395e-07
2.98354e-07
1.98449e-07
1.04678e-07
1.87526e-08
0
0
0
0
0
0
3.35027e-09
2.75249e-08
5.42749e-08
5.62996e-08
3.61872e-09
0
0
0
0
0
5.97604e-09
2.67992e-08
3.70651e-08
3.14579e-08
3.06719e-08
1.62943e-08
1.57182e-08
0
0
0
0
1.49703e-08
1.04432e-07
1.36247e-08
5.34739e-08
1.08109e-07
2.33819e-08
0
0
0
2.88499e-08
0
0
0
0
0
0
0
0
0
0
0
0
2.03258e-07
7.55356e-07
1.19971e-06
1.10087e-06
6.50621e-07
1.96303e-07
0
0
0
0
0
2.67987e-07
6.43965e-07
1.10802e-06
1.70099e-06
2.49262e-06
3.56115e-06
5.054e-06
7.09545e-06
8.28319e-06
0
0
0
0
0
0
0
1.84091e-07
1.37047e-07
0
0
1.89002e-07
5.48805e-07
5.6227e-07
2.04615e-08
0
0
0
0
1.53012e-07
1.69948e-07
1.26187e-07
9.78335e-08
8.48474e-08
7.40179e-08
6.48067e-08
5.72674e-08
3.89627e-08
5.02029e-09
0
0
0
0
0
0
0
0
0
0
5.03387e-08
9.45816e-08
3.29809e-08
0
0
0
0
0
0
0
4.84293e-08
1.80143e-07
2.39743e-07
2.706e-07
2.90453e-07
2.97393e-07
2.92349e-07
2.54448e-07
9.44893e-08
0
0
0
0
6.31386e-06
5.48551e-06
3.76619e-06
2.40726e-06
1.40677e-06
7.30574e-07
3.15667e-07
6.03964e-08
0
0
0
0
6.19449e-08
1.12427e-07
7.04574e-08
0
0
0
0
0
0
0
0
0
0
0
0
0
0
0
0
0
0
0
0
0
0
0
2.69002e-07
9.54849e-07
1.5627e-06
2.03177e-06
2.12706e-06
1.63636e-06
9.26191e-07
5.31838e-07
3.23648e-07
1.76353e-07
6.69934e-08
0
0
0
0
5.72574e-09
3.91897e-08
4.0654e-08
4.64649e-08
5.38221e-08
5.43117e-08
1.90897e-08
0
0
0
0
0
0
2.33069e-08
4.10518e-08
4.26062e-08
4.10113e-08
2.45177e-08
1.82674e-08
0
0
0
0
0
1.43842e-07
0
0
6.96474e-08
5.79333e-08
0
0
0
7.59684e-08
2.87023e-07
8.10569e-07
1.96557e-06
4.77803e-07
3.57368e-07
1.4493e-07
0
0
0
0
0
0
2.53024e-07
7.76964e-07
1.01484e-06
6.75543e-07
2.46943e-07
0
0
0
0
9.40916e-09
2.18354e-07
4.88747e-07
8.30262e-07
1.27648e-06
1.88253e-06
2.70856e-06
3.78468e-06
5.0537e-06
6.06966e-06
4.28582e-06
0
0
0
0
0
0
0
0
2.99016e-07
2.91702e-07
2.57798e-08
0
2.29535e-07
4.98343e-07
3.0772e-07
0
0
0
0
0
1.12189e-07
9.80542e-08
7.61266e-08
6.78044e-08
6.24752e-08
5.31929e-08
4.53438e-08
3.32127e-08
9.00774e-09
0
0
0
0
0
0
0
0
0
0
8.16959e-08
1.35626e-07
1.32419e-08
0
0
0
0
0
0
0
0
1.49758e-07
2.22155e-07
2.55481e-07
2.76558e-07
2.82991e-07
2.68227e-07
1.78842e-07
0
0
0
0
0
5.65493e-06
5.63747e-06
4.18725e-06
2.75926e-06
1.60348e-06
8.2898e-07
4.20215e-07
1.90894e-07
1.07197e-08
0
0
0
0
9.43391e-08
1.58476e-07
8.47e-08
0
0
0
0
0
0
0
0
0
0
0
0
0
0
0
0
0
0
0
0
0
0
3.07396e-07
1.13647e-06
2.06098e-06
2.8015e-06
3.3896e-06
3.62175e-06
2.78492e-06
1.35215e-06
6.54753e-07
3.3521e-07
1.57249e-07
4.82971e-08
0
0
0
1.5055e-08
1.12702e-07
1.00477e-07
8.60413e-08
7.56078e-08
5.87013e-08
1.95678e-08
0
0
0
0
0
0
2.44084e-08
4.46787e-08
4.96973e-08
5.02173e-08
3.48007e-08
2.42976e-08
0
0
0
0
0
2.39237e-07
1.35378e-08
0
1.92344e-08
1.16203e-07
2.34909e-08
0
0
1.66807e-07
5.73852e-07
1.51822e-06
3.42567e-06
1.75737e-06
1.16964e-06
8.42909e-07
4.02931e-07
1.93989e-08
0
0
0
0
7.65562e-08
4.42977e-07
5.92476e-07
3.32898e-07
7.40318e-08
0
0
0
0
2.74959e-08
1.46751e-07
3.03438e-07
5.18273e-07
8.17726e-07
1.21844e-06
1.68218e-06
2.0336e-06
2.0241e-06
1.40132e-06
9.03255e-09
0
0
0
0
0
0
0
0
0
2.05055e-07
1.24947e-07
0
0
3.17986e-07
4.79809e-07
0
0
0
0
0
5.57579e-08
8.02649e-08
5.63378e-08
4.76749e-08
4.80091e-08
4.44226e-08
3.63419e-08
3.02348e-08
1.27824e-08
0
0
0
0
0
0
0
0
0
0
0
1.73701e-07
3.62435e-08
0
0
0
0
0
0
0
0
1.18805e-07
2.10573e-07
2.46674e-07
2.63956e-07
2.64879e-07
2.15948e-07
1.01768e-08
0
0
0
0
1.00399e-06
4.47115e-06
4.68617e-06
3.65467e-06
2.39516e-06
1.26582e-06
4.96493e-07
1.94022e-07
1.33901e-07
8.76856e-08
0
0
0
0
8.46097e-09
1.94913e-07
1.93592e-07
4.88566e-08
0
0
0
0
0
0
0
0
0
0
0
0
0
0
0
0
0
0
0
0
0
3.67545e-07
1.1689e-06
2.29108e-06
3.27164e-06
4.01492e-06
4.71734e-06
5.15402e-06
3.93185e-06
1.66288e-06
7.62978e-07
3.65258e-07
1.7592e-07
7.13973e-08
0
0
1.92991e-08
1.88897e-07
1.87003e-07
1.4467e-07
1.14436e-07
8.2893e-08
3.19879e-08
0
0
0
0
0
0
3.16527e-08
5.20292e-08
5.68652e-08
5.6807e-08
4.30796e-08
3.24858e-08
4.13669e-09
0
0
0
0
3.20587e-07
3.17006e-08
0
0
8.74629e-08
2.11834e-07
1.96488e-07
2.54369e-07
5.13735e-07
1.06665e-06
2.08695e-06
3.18025e-06
2.57799e-06
1.90705e-06
1.49145e-06
1.05566e-06
4.80755e-07
2.33329e-07
1.74857e-07
8.74834e-08
0
0
0
3.59795e-08
2.4668e-08
1.40952e-08
1.44697e-08
0
0
0
0
0
0
1.56726e-08
6.96903e-08
1.26807e-07
1.46088e-07
6.74689e-08
0
0
0
0
0
0
0
0
0
0
0
0
3.0388e-08
1.38702e-07
0
0
9.713e-09
4.50061e-07
2.85652e-07
0
0
0
0
3.93863e-08
8.65522e-08
5.57035e-08
3.79207e-08
3.67219e-08
3.78165e-08
3.14287e-08
2.48895e-08
1.61377e-08
0
0
0
0
0
0
0
0
0
0
0
1.1445e-08
5.57132e-08
0
0
0
0
0
0
0
0
8.81678e-08
1.94935e-07
2.35755e-07
2.46037e-07
2.21535e-07
1.06121e-07
0
0
0
0
0
9.77417e-07
2.98951e-06
3.19877e-06
2.68804e-06
1.91896e-06
1.0194e-06
2.73192e-07
0
0
2.81462e-08
3.70834e-08
0
0
0
0
2.00873e-07
2.79417e-07
1.6101e-07
0
0
0
0
0
0
0
0
0
0
0
0
0
0
0
0
0
0
0
0
1.34886e-07
4.81641e-07
1.13902e-06
2.43361e-06
3.65108e-06
4.50276e-06
5.13175e-06
5.85747e-06
6.19862e-06
4.29479e-06
1.90903e-06
8.69378e-07
4.31224e-07
2.33209e-07
1.24096e-07
5.85225e-08
7.28015e-08
2.46431e-07
3.04216e-07
2.26416e-07
1.6725e-07
1.19952e-07
6.23846e-08
0
0
0
0
0
1.3893e-08
4.72902e-08
6.55063e-08
6.73686e-08
6.40788e-08
4.90076e-08
3.98406e-08
9.48279e-09
0
0
0
0
3.17955e-07
3.07381e-08
0
0
0
1.11013e-07
3.37404e-07
5.72921e-07
9.66235e-07
1.62152e-06
2.44256e-06
2.82499e-06
2.73305e-06
2.31208e-06
1.931e-06
1.52957e-06
1.04325e-06
5.53144e-07
3.94169e-07
2.76033e-07
8.01161e-08
0
0
0
0
0
5.57112e-08
7.92423e-08
0
0
0
0
0
0
0
0
0
0
0
0
0
0
0
0
0
0
0
0
0
0
1.33839e-08
1.71371e-07
0
0
0
3.57584e-07
3.94446e-07
0
0
0
0
5.51513e-08
1.05981e-07
6.97172e-08
4.25797e-08
3.42606e-08
3.42085e-08
3.12389e-08
2.35706e-08
1.74526e-08
0
0
0
0
0
0
0
0
0
0
0
0
0
0
0
0
0
0
0
0
0
4.80619e-08
1.76866e-07
2.22362e-07
2.21036e-07
1.60752e-07
0
0
0
0
0
0
4.22287e-07
1.67722e-06
1.92316e-06
1.75351e-06
1.46666e-06
9.76563e-07
3.79044e-07
0
0
0
3.74767e-08
1.41689e-08
0
0
0
2.53101e-07
3.75598e-07
2.78437e-07
1.35314e-07
3.44794e-08
0
0
0
0
0
0
0
0
0
0
0
0
0
0
0
0
0
0
2.93158e-07
6.97071e-07
1.20818e-06
2.40869e-06
4.00037e-06
5.11498e-06
5.72918e-06
6.28688e-06
7.06025e-06
6.9331e-06
4.5463e-06
1.99478e-06
9.42717e-07
5.019e-07
2.99568e-07
1.99041e-07
1.8111e-07
3.11569e-07
4.4864e-07
3.46449e-07
2.4043e-07
1.67652e-07
1.00159e-07
1.18136e-08
0
0
0
0
4.38415e-08
7.75705e-08
9.03919e-08
8.58258e-08
7.62905e-08
5.61435e-08
4.59257e-08
1.30668e-08
0
0
0
0
2.68741e-07
4.61099e-08
0
0
0
0
7.20075e-08
4.53159e-07
9.51379e-07
1.61181e-06
2.23393e-06
2.22439e-06
2.18535e-06
2.08822e-06
1.8667e-06
1.5525e-06
1.22914e-06
8.47502e-07
5.73971e-07
4.19671e-07
2.40615e-07
0
0
0
0
0
5.23688e-09
1.68208e-07
1.22654e-07
0
0
0
0
0
0
0
0
0
0
0
0
0
0
9.47195e-08
4.72508e-07
5.36507e-07
4.46083e-07
3.56218e-07
2.33437e-07
8.80364e-08
1.02343e-07
1.95427e-07
4.891e-08
0
0
3.12572e-07
3.99711e-07
0
0
0
0
6.96998e-08
1.00804e-07
6.29959e-08
3.78091e-08
2.92001e-08
2.67801e-08
2.46493e-08
1.92039e-08
1.58173e-08
5.41431e-09
0
0
0
0
0
0
0
0
0
0
0
0
0
0
0
0
0
0
0
0
0
1.41537e-07
1.93533e-07
1.93674e-07
1.18083e-07
0
0
0
0
0
0
1.2069e-06
1.86978e-06
1.72359e-06
1.16916e-06
7.52781e-07
5.11589e-07
2.23874e-07
0
0
0
4.59502e-08
4.03481e-08
0
0
1.10383e-07
4.04208e-07
4.88519e-07
3.86325e-07
2.97522e-07
2.7168e-07
2.47634e-07
2.15022e-07
1.3158e-07
1.12925e-07
1.04407e-08
0
0
0
0
0
0
0
0
0
0
0
0
0
5.39913e-07
1.08829e-06
1.51474e-06
2.37617e-06
4.09742e-06
5.49041e-06
6.16724e-06
6.51448e-06
7.27037e-06
8.38624e-06
7.46028e-06
3.81225e-06
1.82103e-06
9.40046e-07
5.47652e-07
3.73761e-07
3.25693e-07
4.14939e-07
5.8861e-07
5.03155e-07
3.39099e-07
2.26402e-07
1.39172e-07
4.87926e-08
0
0
0
0
1.07511e-07
1.39504e-07
1.38668e-07
1.20023e-07
9.86521e-08
6.85245e-08
5.31573e-08
1.52262e-08
0
0
0
0
2.38256e-07
2.06961e-07
0
0
0
0
0
0
4.79149e-07
1.04523e-06
1.49872e-06
1.47656e-06
1.39268e-06
1.58152e-06
1.48695e-06
1.29849e-06
1.09487e-06
9.15505e-07
6.85691e-07
5.0253e-07
3.4979e-07
1.37446e-07
0
0
0
0
0
1.8557e-07
2.69565e-07
1.85143e-07
3.41508e-08
0
0
0
0
0
0
0
0
0
0
0
2.08942e-07
1.53064e-06
1.66694e-06
1.31509e-06
9.0573e-07
6.25702e-07
4.15428e-07
2.07978e-07
1.37387e-07
1.83798e-07
7.5851e-08
0
0
2.96207e-07
3.64509e-07
6.2728e-08
0
0
0
1.00848e-07
9.14516e-08
4.75232e-08
2.50087e-08
1.94194e-08
1.80702e-08
1.6642e-08
1.43667e-08
1.27926e-08
1.10617e-08
0
0
0
0
0
0
0
0
0
0
0
0
0
0
0
0
0
0
0
0
0
9.9813e-08
1.61146e-07
1.72218e-07
1.40931e-07
5.74853e-08
0
1.46802e-07
8.35155e-07
2.03505e-06
3.39249e-06
4.20525e-06
3.82629e-06
2.48786e-06
8.34023e-07
0
0
0
0
0
0
5.60738e-08
5.47912e-08
1.91989e-08
7.0391e-08
3.7254e-07
6.5066e-07
6.22311e-07
5.01608e-07
5.09301e-07
5.89144e-07
6.22025e-07
5.93407e-07
4.50226e-07
4.41315e-07
4.3636e-07
0
0
0
0
0
0
0
0
0
0
0
0
0
8.58123e-07
1.7303e-06
2.1606e-06
2.69276e-06
4.12013e-06
5.70825e-06
6.39016e-06
6.45803e-06
6.82274e-06
8.02559e-06
8.77458e-06
5.22737e-06
2.8888e-06
1.56382e-06
8.96974e-07
5.98099e-07
5.0281e-07
5.58154e-07
7.18042e-07
6.838e-07
4.67545e-07
3.03043e-07
1.85264e-07
8.18595e-08
0
0
0
0
2.29337e-07
2.88174e-07
2.46924e-07
1.9393e-07
1.44084e-07
9.13889e-08
6.29395e-08
1.64658e-08
0
0
0
0
1.1159e-08
3.13051e-07
9.1162e-08
0
0
0
0
0
0
3.75543e-07
6.65285e-07
7.21485e-07
6.52165e-07
7.75858e-07
8.9535e-07
8.78397e-07
7.96895e-07
7.35622e-07
6.45888e-07
5.0763e-07
3.732e-07
2.43763e-07
3.83301e-08
0
0
0
0
6.086e-08
2.67333e-07
2.96528e-07
2.11238e-07
8.09563e-08
0
0
0
0
0
0
0
0
0
0
2.61412e-06
2.85081e-06
1.99695e-06
1.29869e-06
8.12256e-07
5.36334e-07
3.57482e-07
1.74571e-07
9.75686e-08
1.40812e-07
8.38299e-08
0
6.95071e-08
3.00881e-07
3.41188e-07
1.9759e-07
0
0
1.39899e-07
1.58607e-07
1.04452e-07
5.38612e-08
3.076e-08
2.48934e-08
2.33434e-08
2.08341e-08
1.83203e-08
1.61559e-08
1.66557e-08
7.91888e-09
0
0
0
0
0
0
0
0
0
0
0
0
0
0
0
0
0
0
0
0
4.26089e-08
1.31341e-07
1.68697e-07
2.26964e-07
3.97515e-07
9.32382e-07
2.15341e-06
4.19209e-06
6.66058e-06
8.68487e-06
8.83616e-06
6.45612e-06
2.58683e-06
0
0
0
0
0
0
0
6.66984e-08
6.81506e-08
5.89842e-08
2.40643e-07
6.99611e-07
9.16856e-07
7.56824e-07
6.64515e-07
8.23355e-07
1.00247e-06
1.0608e-06
9.9692e-07
7.67389e-07
7.10197e-07
7.49784e-07
0
0
0
0
0
0
0
0
0
0
0
0
0
3.12875e-07
2.54936e-06
3.09825e-06
3.38693e-06
4.23255e-06
5.85497e-06
6.52222e-06
6.23285e-06
6.04118e-06
6.70494e-06
7.35776e-06
3.39507e-06
3.59607e-06
2.27988e-06
1.33404e-06
8.73329e-07
7.07852e-07
7.2269e-07
8.38524e-07
8.38938e-07
6.098e-07
3.95589e-07
2.4187e-07
1.18695e-07
1.35682e-08
0
0
7.90765e-08
3.02275e-07
5.0807e-07
4.68618e-07
3.53939e-07
2.47294e-07
1.41328e-07
7.60415e-08
1.55736e-08
0
0
0
0
0
1.22606e-07
4.10333e-07
0
0
0
0
0
0
3.81607e-08
2.07381e-07
2.69759e-07
2.46957e-07
2.31997e-07
3.41921e-07
4.53108e-07
4.92671e-07
4.96054e-07
4.72669e-07
3.99514e-07
3.20511e-07
2.38256e-07
1.34758e-07
0
0
0
0
0
1.31278e-07
2.46341e-07
2.47873e-07
1.77935e-07
7.75069e-08
0
0
0
0
0
0
0
0
0
1.96901e-06
1.63492e-06
1.06394e-06
6.56584e-07
3.91e-07
2.68145e-07
1.90648e-07
7.81252e-08
3.87011e-08
9.33258e-08
7.20501e-08
2.19221e-09
1.17567e-07
2.81011e-07
3.44871e-07
4.35479e-07
6.2145e-07
5.89065e-07
3.23328e-07
2.03315e-07
1.23268e-07
7.14791e-08
4.83055e-08
4.1579e-08
3.92141e-08
3.59256e-08
3.1578e-08
2.73467e-08
2.43753e-08
2.09798e-08
4.85062e-09
0
0
0
0
0
0
0
0
0
0
0
0
0
0
0
0
0
0
0
0
1.02078e-07
1.83577e-07
3.38638e-07
7.73597e-07
1.93578e-06
4.22438e-06
7.68234e-06
1.19752e-05
1.58943e-05
1.64495e-05
1.03887e-05
3.59312e-07
0
0
0
0
0
0
0
7.1581e-08
7.76783e-08
1.13194e-07
4.72126e-07
1.03615e-06
1.13598e-06
8.95274e-07
9.40567e-07
1.2561e-06
1.457e-06
1.48677e-06
1.3497e-06
1.00715e-06
8.20984e-07
6.0654e-07
0
0
0
0
0
0
0
0
0
0
0
0
0
0
2.66564e-06
4.26555e-06
4.30246e-06
4.65028e-06
5.86752e-06
6.60077e-06
6.04951e-06
5.31935e-06
5.4598e-06
5.45152e-06
0
3.14795e-06
2.92431e-06
1.82263e-06
1.19152e-06
9.34433e-07
8.92591e-07
9.47491e-07
9.35389e-07
7.28423e-07
4.90233e-07
3.07713e-07
1.64665e-07
5.23948e-08
0
2.83823e-08
1.67957e-07
3.58154e-07
5.19046e-07
5.94487e-07
5.53843e-07
4.13025e-07
2.28148e-07
8.07737e-08
1.25687e-08
0
0
0
0
0
0
3.24085e-07
4.96158e-07
0
0
0
0
0
0
5.1304e-08
1.03335e-07
1.02491e-07
7.66967e-08
1.103e-07
2.03167e-07
2.68472e-07
2.74199e-07
2.49592e-07
2.17619e-07
1.95426e-07
1.60024e-07
1.07483e-07
3.20338e-08
0
0
0
0
0
1.21866e-07
1.75876e-07
1.67845e-07
1.24056e-07
6.71312e-08
1.15226e-08
0
0
0
0
0
7.26669e-08
2.75137e-07
3.49764e-07
2.62793e-07
1.5514e-07
7.2102e-08
3.03461e-08
4.37676e-08
3.58979e-08
0
0
2.59602e-08
3.41344e-08
8.60267e-09
1.1152e-07
2.47847e-07
4.09645e-07
7.37157e-07
9.94583e-07
7.84981e-07
3.79477e-07
2.24548e-07
1.41164e-07
9.18114e-08
6.80968e-08
5.90449e-08
5.43054e-08
4.99415e-08
4.52531e-08
4.10169e-08
3.57841e-08
3.22312e-08
2.25975e-08
5.69246e-09
0
0
0
0
0
0
0
0
0
0
0
0
0
0
0
0
0
0
0
6.72674e-08
2.19705e-07
4.61243e-07
1.07194e-06
2.63146e-06
5.77632e-06
1.03896e-05
1.69938e-05
2.446e-05
2.96543e-05
1.809e-05
0
0
0
0
0
0
0
0
6.78602e-08
8.17878e-08
2.08023e-07
7.72196e-07
1.32512e-06
1.2878e-06
1.09803e-06
1.38545e-06
1.73652e-06
1.84282e-06
1.8127e-06
1.60014e-06
1.08764e-06
7.96616e-07
3.04115e-07
0
0
0
0
0
0
0
0
0
0
4.60206e-07
5.32763e-07
0
0
0
5.19402e-06
5.33088e-06
5.24817e-06
5.83579e-06
6.56728e-06
5.90266e-06
4.8366e-06
4.59154e-06
4.14056e-06
0
9.63419e-07
3.31399e-06
2.32117e-06
1.52726e-06
1.161e-06
1.04742e-06
1.03309e-06
9.77539e-07
7.89729e-07
5.61251e-07
3.71588e-07
2.19406e-07
1.01426e-07
4.52105e-08
8.97047e-08
2.24828e-07
3.84523e-07
4.93095e-07
5.62232e-07
5.79581e-07
4.78361e-07
2.11827e-07
0
4.4656e-08
0
0
0
0
0
0
1.81039e-07
4.51498e-07
5.24312e-07
1.38638e-07
0
0
0
0
0
4.21216e-08
4.82978e-08
2.47584e-08
2.62221e-08
6.65982e-08
9.37825e-08
7.04997e-08
2.62337e-08
6.14235e-09
1.54057e-08
2.15971e-08
9.63736e-09
0
0
0
0
0
0
3.9866e-08
8.77005e-08
1.03184e-07
9.69478e-08
8.51154e-08
8.21726e-08
9.89554e-08
1.40122e-07
2.11278e-07
3.0308e-07
3.90161e-07
3.90381e-07
2.12686e-07
0
0
0
0
0
0
0
0
0
0
0
0
4.80884e-08
2.17633e-07
5.2714e-07
8.68194e-07
9.65608e-07
6.53141e-07
3.49176e-07
2.22589e-07
1.50871e-07
1.07806e-07
8.55257e-08
7.52065e-08
6.75763e-08
6.06497e-08
5.58554e-08
5.30247e-08
4.87491e-08
4.39072e-08
3.70397e-08
2.35358e-08
0
0
0
0
0
0
0
0
0
0
0
0
0
0
0
0
0
0
0
2.86882e-08
2.90337e-07
6.21668e-07
1.31274e-06
2.93717e-06
6.31256e-06
1.13236e-05
1.91415e-05
2.89547e-05
4.2479e-05
3.1328e-05
0
0
0
0
0
0
0
0
5.33792e-08
8.33605e-08
3.80883e-07
1.1049e-06
1.53483e-06
1.39956e-06
1.4791e-06
1.9314e-06
2.10952e-06
2.08415e-06
2.01953e-06
1.73527e-06
1.01235e-06
6.83036e-07
4.89716e-08
0
0
0
0
0
0
0
0
0
7.89971e-07
2.14447e-06
3.05826e-06
2.76984e-06
9.01075e-07
0
3.95187e-06
6.30305e-06
5.93066e-06
6.00479e-06
6.42844e-06
5.74554e-06
4.49878e-06
3.9372e-06
3.03203e-06
0
0
3.19889e-06
2.70028e-06
1.81283e-06
1.35259e-06
1.16896e-06
1.08706e-06
9.81132e-07
7.93748e-07
5.86835e-07
4.14164e-07
2.72854e-07
1.59264e-07
1.02344e-07
1.44396e-07
2.61467e-07
3.79938e-07
4.32366e-07
4.4431e-07
4.38273e-07
2.95706e-07
0
0
6.93523e-08
0
0
0
0
0
0
1.34879e-07
4.13062e-07
5.84715e-07
6.68778e-07
7.46733e-07
1.03574e-07
0
0
0
0
0
0
0
0
0
0
0
0
0
0
0
0
0
0
0
0
1.2404e-08
5.20916e-08
7.17392e-08
7.22709e-08
6.53461e-08
6.4314e-08
8.10122e-08
1.2407e-07
1.94687e-07
2.89705e-07
3.84634e-07
4.3482e-07
3.63722e-07
1.44138e-07
0
0
0
0
0
0
0
0
0
0
0
0
0
2.28616e-07
6.17162e-07
8.13657e-07
7.27985e-07
4.77254e-07
3.04497e-07
2.15365e-07
1.58024e-07
1.20157e-07
9.8454e-08
8.78382e-08
7.96233e-08
7.07052e-08
6.46998e-08
6.27241e-08
6.12243e-08
5.66137e-08
4.98317e-08
3.93007e-08
2.24616e-08
0
0
0
0
0
0
0
0
0
0
0
0
0
0
0
0
0
0
0
4.17772e-07
8.74364e-07
1.58199e-06
3.05292e-06
5.84333e-06
1.00777e-05
1.65861e-05
2.35062e-05
3.01358e-05
7.50727e-06
0
0
0
0
0
0
0
0
2.30458e-08
1.02784e-07
6.72669e-07
1.42253e-06
1.67001e-06
1.57565e-06
2.07884e-06
2.31942e-06
2.28408e-06
2.18031e-06
2.12006e-06
1.76087e-06
8.35664e-07
5.38352e-07
0
0
0
0
0
0
0
0
0
0
1.23932e-06
2.95322e-06
5.53871e-06
5.6338e-06
5.0769e-06
0
0
6.51152e-06
6.56269e-06
6.32517e-06
6.28679e-06
5.60634e-06
4.20151e-06
3.33938e-06
1.90288e-06
0
0
2.5638e-06
2.94102e-06
2.0464e-06
1.50776e-06
1.25509e-06
1.10848e-06
9.56843e-07
7.61535e-07
5.68519e-07
4.20917e-07
3.06966e-07
2.13709e-07
1.6118e-07
1.93562e-07
2.83642e-07
3.54966e-07
3.50281e-07
2.83387e-07
1.85806e-07
5.09518e-08
0
0
6.77973e-08
0
0
0
1.2832e-07
2.12991e-07
2.28729e-07
4.16631e-07
6.9927e-07
9.21528e-07
1.21842e-06
1.751e-06
2.0858e-06
2.63399e-07
0
0
0
0
0
0
0
0
0
0
0
0
0
0
0
0
0
0
0
3.79604e-08
9.86692e-08
1.28026e-07
1.20625e-07
9.75316e-08
8.12989e-08
8.84743e-08
1.26362e-07
1.93873e-07
2.80708e-07
3.56073e-07
3.7862e-07
2.90889e-07
9.53617e-08
0
0
0
0
0
0
0
0
0
0
0
0
0
3.56089e-07
6.49054e-07
6.4517e-07
4.97036e-07
3.82344e-07
2.8402e-07
2.18822e-07
1.70261e-07
1.34486e-07
1.12241e-07
1.00453e-07
9.16094e-08
8.2002e-08
7.43333e-08
7.14102e-08
7.14211e-08
6.91364e-08
6.24706e-08
5.24847e-08
3.98551e-08
0
0
0
0
0
0
0
0
0
0
0
0
0
0
0
0
0
0
0
5.88422e-07
1.2591e-06
1.96177e-06
3.17589e-06
5.01315e-06
7.74492e-06
1.15426e-05
1.38259e-05
1.20928e-05
0
0
0
0
0
0
0
0
0
0
2.02898e-07
1.06924e-06
1.68278e-06
1.7691e-06
2.03911e-06
2.55537e-06
2.38505e-06
2.2681e-06
2.15871e-06
2.14121e-06
1.69686e-06
6.34967e-07
4.24882e-07
0
0
0
1.35652e-07
0
0
0
0
0
0
1.37046e-06
3.22467e-06
6.63956e-06
8.95384e-06
8.34973e-06
6.8917e-06
0
4.4032e-06
6.92511e-06
6.63799e-06
6.2228e-06
5.4356e-06
3.90711e-06
2.80135e-06
9.09125e-07
0
0
1.64807e-06
3.04401e-06
2.20857e-06
1.60831e-06
1.29467e-06
1.09385e-06
9.10088e-07
7.08533e-07
5.23473e-07
3.94638e-07
3.09413e-07
2.47326e-07
2.12625e-07
2.37228e-07
2.96805e-07
3.18124e-07
2.56899e-07
1.34444e-07
4.91077e-09
0
0
1.21259e-08
7.1313e-08
0
1.80891e-07
4.58061e-07
5.08221e-07
4.37759e-07
5.26475e-07
6.7808e-07
7.75462e-07
9.29734e-07
1.12126e-06
1.19191e-06
8.25502e-07
0
0
0
0
0
0
0
0
0
0
0
0
0
0
0
0
0
0
0
0
1.52269e-08
1.2605e-07
2.00644e-07
2.31331e-07
2.17091e-07
1.85914e-07
1.68154e-07
1.79289e-07
2.21715e-07
2.80933e-07
3.29442e-07
3.28963e-07
2.38443e-07
7.23197e-08
0
0
0
0
0
0
0
0
0
0
0
0
1.03779e-07
5.34101e-07
5.79343e-07
4.53395e-07
4.07994e-07
3.4381e-07
2.71273e-07
2.14741e-07
1.69499e-07
1.37031e-07
1.17866e-07
1.08235e-07
1.01473e-07
9.29442e-08
8.46e-08
8.02155e-08
7.97695e-08
7.89007e-08
7.38454e-08
6.30157e-08
5.25342e-08
2.17006e-08
0
0
0
0
0
0
0
0
0
0
0
0
0
0
0
0
0
4.91464e-08
7.24562e-07
1.71729e-06
2.39044e-06
3.27648e-06
4.3115e-06
5.67608e-06
7.2505e-06
7.25646e-06
4.73406e-06
0
0
0
0
0
0
0
0
0
0
4.85408e-07
1.4839e-06
1.87271e-06
1.9435e-06
2.70753e-06
2.53073e-06
2.21074e-06
2.11874e-06
2.05419e-06
2.10282e-06
1.57075e-06
4.79473e-07
3.69199e-07
0
0
0
1.07318e-06
8.06534e-07
0
0
0
0
0
1.83869e-06
4.12869e-06
7.31878e-06
1.21326e-05
1.1536e-05
1.16473e-05
4.08741e-06
0
6.49709e-06
6.77802e-06
6.20919e-06
5.17574e-06
3.63154e-06
2.3946e-06
2.38223e-07
0
0
8.62312e-07
2.99878e-06
2.28225e-06
1.64627e-06
1.28537e-06
1.04701e-06
8.42894e-07
6.42664e-07
4.67251e-07
3.49497e-07
2.8327e-07
2.49018e-07
2.42358e-07
2.70308e-07
3.01583e-07
2.71908e-07
1.56044e-07
0
0
0
9.48143e-10
4.77611e-08
8.3779e-08
0
7.41864e-08
6.31958e-08
2.73224e-08
1.49226e-08
5.72324e-08
1.25332e-07
2.35439e-07
3.54009e-07
3.72864e-07
2.39109e-07
1.0053e-08
0
0
0
0
0
0
0
0
0
0
0
0
0
0
0
0
0
0
0
0
0
1.03759e-07
2.35629e-07
3.34348e-07
3.85421e-07
3.90048e-07
3.72863e-07
3.6278e-07
3.73933e-07
3.98584e-07
4.13994e-07
3.8107e-07
2.70299e-07
8.97814e-08
0
0
0
0
0
0
0
0
0
0
0
0
5.09399e-07
5.73927e-07
4.29344e-07
3.6954e-07
3.78793e-07
3.07978e-07
2.45045e-07
1.95548e-07
1.59125e-07
1.35007e-07
1.20589e-07
1.13068e-07
1.07742e-07
1.00819e-07
9.22364e-08
8.67679e-08
8.54005e-08
8.49818e-08
8.14112e-08
7.10569e-08
6.06682e-08
4.22058e-08
0
0
0
0
0
0
0
0
0
0
0
0
0
0
0
0
0
1.88627e-07
9.35309e-07
2.09386e-06
2.68408e-06
3.27928e-06
3.69482e-06
4.18472e-06
4.55134e-06
3.96805e-06
2.19124e-06
0
0
0
0
0
0
0
0
0
0
9.79487e-07
1.82231e-06
1.97092e-06
2.45277e-06
2.70654e-06
2.20842e-06
1.9322e-06
1.90805e-06
1.9035e-06
1.99691e-06
1.39602e-06
3.79141e-07
3.3621e-07
0
0
0
1.37965e-06
1.85064e-06
0
0
0
0
0
2.67964e-06
5.7355e-06
8.82583e-06
1.45641e-05
1.48965e-05
1.48711e-05
1.65605e-05
0
4.76393e-06
6.62172e-06
6.00863e-06
4.7754e-06
3.32601e-06
2.11389e-06
0
0
0
4.84506e-07
2.84738e-06
2.25705e-06
1.60482e-06
1.21989e-06
9.61412e-07
7.51238e-07
5.65205e-07
4.04169e-07
2.94762e-07
2.38255e-07
2.20608e-07
2.41082e-07
2.88588e-07
3.03021e-07
2.22504e-07
5.15209e-08
0
0
0
1.55626e-08
8.13951e-08
1.06061e-07
0
1.28024e-08
3.61628e-08
5.36863e-08
3.01441e-08
0
0
0
7.66483e-08
1.08398e-07
5.20971e-08
0
0
0
0
0
0
0
0
0
0
0
0
0
0
0
0
0
0
0
0
0
0
3.29168e-08
2.22171e-07
3.72413e-07
4.99456e-07
5.84602e-07
6.2831e-07
6.46018e-07
6.51303e-07
6.49716e-07
6.25557e-07
5.44277e-07
3.76518e-07
1.26251e-07
0
0
0
0
0
0
0
0
0
0
0
6.14865e-07
6.77825e-07
4.58494e-07
3.37693e-07
3.66355e-07
3.21026e-07
2.57828e-07
2.07392e-07
1.74895e-07
1.51086e-07
1.33441e-07
1.22676e-07
1.16454e-07
1.11377e-07
1.04856e-07
9.6162e-08
8.94933e-08
8.68198e-08
8.60045e-08
8.33363e-08
7.43626e-08
6.31899e-08
5.22313e-08
0
0
0
0
0
0
0
0
0
0
0
0
0
0
0
3.14504e-08
1.17214e-07
5.12837e-07
1.31195e-06
2.3292e-06
2.71826e-06
3.06874e-06
3.03619e-06
3.06735e-06
2.9074e-06
2.3129e-06
1.1752e-06
0
0
0
0
0
0
0
0
0
1.31313e-07
1.5273e-06
1.98596e-06
2.09736e-06
2.66744e-06
2.22252e-06
1.85188e-06
1.65101e-06
1.68778e-06
1.72182e-06
1.79106e-06
1.16887e-06
3.06101e-07
2.78818e-07
0
0
0
1.17125e-06
2.67474e-06
1.49452e-07
0
0
0
0
3.51664e-06
7.48914e-06
1.05077e-05
1.61773e-05
1.79378e-05
1.70516e-05
2.20352e-05
9.34411e-06
1.78369e-06
5.93088e-06
5.45073e-06
4.18349e-06
2.83837e-06
1.80253e-06
0
0
0
3.83566e-07
2.51487e-06
2.06246e-06
1.45423e-06
1.07911e-06
8.2105e-07
6.27691e-07
4.67496e-07
3.28683e-07
2.30989e-07
1.80698e-07
1.6948e-07
2.0364e-07
2.77353e-07
2.9784e-07
1.73538e-07
0
0
0
0
4.27776e-08
1.23385e-07
1.3725e-07
0
2.31015e-09
1.80945e-08
5.06326e-08
3.60577e-08
0
0
0
2.10354e-09
5.43863e-08
7.09266e-08
6.77666e-08
7.19653e-08
8.12158e-08
7.2424e-08
3.82972e-08
1.48043e-08
0
0
0
0
0
0
0
0
0
0
0
0
0
0
0
0
0
1.49888e-07
3.5577e-07
5.33567e-07
7.02609e-07
8.44986e-07
9.51819e-07
1.02891e-06
1.06197e-06
1.04781e-06
9.49613e-07
7.20296e-07
3.29226e-07
0
0
0
0
0
0
0
0
0
0
8.42044e-07
9.41271e-07
5.93565e-07
3.69545e-07
3.48144e-07
3.20696e-07
2.57658e-07
2.12127e-07
1.84457e-07
1.61247e-07
1.41567e-07
1.2862e-07
1.20668e-07
1.15283e-07
1.1049e-07
1.04618e-07
9.69398e-08
9.01859e-08
8.66376e-08
8.53103e-08
8.31149e-08
7.48352e-08
6.24837e-08
5.42577e-08
1.787e-08
0
0
0
0
0
0
0
0
0
0
0
0
0
0
3.94254e-07
6.81687e-07
1.25486e-06
2.055e-06
2.59117e-06
2.62388e-06
2.68469e-06
2.43868e-06
2.27419e-06
1.94605e-06
1.45403e-06
7.17019e-07
0
0
0
0
0
0
0
0
0
8.80145e-07
2.0363e-06
2.16401e-06
2.66751e-06
2.37361e-06
1.95233e-06
1.68825e-06
1.53954e-06
1.6031e-06
1.61864e-06
1.5595e-06
9.6014e-07
2.75081e-07
1.78558e-07
0
0
0
3.31911e-07
3.03842e-06
1.75913e-06
0
0
0
2.36917e-07
4.77895e-06
9.91176e-06
1.29741e-05
1.84463e-05
2.16519e-05
2.0235e-05
2.49188e-05
3.77014e-05
2.10607e-06
5.06213e-06
4.88923e-06
3.63755e-06
2.38082e-06
1.45903e-06
0
0
0
4.85514e-07
2.2225e-06
1.89735e-06
1.33074e-06
9.54941e-07
7.0633e-07
5.32744e-07
3.95127e-07
2.71738e-07
1.7961e-07
1.30293e-07
1.18315e-07
1.52192e-07
2.45649e-07
3.10758e-07
1.57658e-07
0
0
0
0
1.22122e-07
2.06442e-07
1.93649e-07
2.3998e-09
1.93461e-09
0
5.90201e-09
3.24139e-09
0
0
0
0
0
2.86112e-08
6.22357e-08
8.55336e-08
8.31055e-08
7.43194e-08
5.79539e-08
4.61682e-08
3.92867e-08
1.47642e-08
0
0
0
0
0
0
0
0
0
0
0
0
0
0
0
5.31746e-09
2.3435e-07
4.49476e-07
6.58323e-07
8.66532e-07
1.08101e-06
1.2758e-06
1.43526e-06
1.54486e-06
1.52841e-06
1.30959e-06
7.22581e-07
0
0
0
0
0
0
0
0
0
1.1296e-06
1.29623e-06
8.41608e-07
4.77502e-07
3.59638e-07
3.18092e-07
2.48209e-07
2.04171e-07
1.79253e-07
1.57051e-07
1.37616e-07
1.2565e-07
1.19329e-07
1.14515e-07
1.09632e-07
1.04536e-07
9.83211e-08
9.09012e-08
8.43273e-08
8.02615e-08
7.87215e-08
7.7302e-08
7.13442e-08
5.88278e-08
5.05654e-08
2.99034e-08
0
0
0
0
0
0
0
0
0
0
0
0
0
0
8.51457e-07
1.63614e-06
2.37819e-06
2.83765e-06
2.68727e-06
2.27946e-06
2.02193e-06
1.75753e-06
1.55253e-06
1.24145e-06
8.8599e-07
4.3265e-07
0
0
0
0
0
0
0
0
0
1.77252e-06
2.28226e-06
2.53482e-06
2.47166e-06
2.02916e-06
1.74452e-06
1.55085e-06
1.45951e-06
1.49711e-06
1.36711e-06
1.17611e-06
7.21946e-07
2.39277e-07
9.47149e-08
0
0
0
0
2.3191e-06
2.75564e-06
1.22867e-09
0
0
9.35196e-07
5.96309e-06
1.22172e-05
1.50526e-05
1.998e-05
2.3901e-05
2.21487e-05
2.53592e-05
4.02032e-05
1.4475e-05
4.26288e-06
3.91017e-06
2.76156e-06
1.76944e-06
9.69653e-07
0
0
3.34727e-08
6.53953e-07
1.86487e-06
1.57493e-06
1.07511e-06
7.49707e-07
5.44244e-07
4.08461e-07
3.00515e-07
1.96883e-07
1.15286e-07
7.07311e-08
5.84538e-08
8.16305e-08
1.64036e-07
2.80764e-07
1.70038e-07
0
0
0
0
3.17878e-07
3.14661e-07
2.41198e-07
2.35403e-09
0
0
0
0
0
0
0
0
0
0
3.00056e-09
1.2291e-08
5.84912e-09
1.20966e-08
3.22215e-08
3.55939e-08
3.41732e-08
3.35127e-08
0
0
0
0
0
0
0
0
0
0
0
0
0
0
0
0
8.90987e-08
3.17019e-07
5.32091e-07
7.39727e-07
9.65306e-07
1.20967e-06
1.46751e-06
1.73872e-06
1.95631e-06
1.94881e-06
1.3429e-06
0
0
0
0
0
0
0
0
1.46042e-06
1.622e-06
1.1352e-06
6.50781e-07
4.10295e-07
3.15321e-07
2.3793e-07
1.94327e-07
1.6723e-07
1.45557e-07
1.29144e-07
1.1903e-07
1.15324e-07
1.13216e-07
1.09381e-07
1.04056e-07
9.82945e-08
9.19283e-08
8.44114e-08
7.75221e-08
7.26918e-08
7.04766e-08
6.92797e-08
6.53271e-08
5.50091e-08
4.57982e-08
3.47316e-08
0
0
0
0
0
0
0
0
0
0
0
0
0
0
8.3576e-07
2.25148e-06
2.71502e-06
2.61462e-06
2.21741e-06
1.77347e-06
1.42908e-06
1.19996e-06
1.01339e-06
7.78486e-07
5.48235e-07
2.72719e-07
0
0
0
0
0
0
0
0
1.00626e-06
2.42264e-06
2.42282e-06
2.52517e-06
2.13049e-06
1.81173e-06
1.61945e-06
1.50748e-06
1.43519e-06
1.3343e-06
1.00597e-06
7.9953e-07
5.55506e-07
2.27248e-07
1.73188e-08
0
0
0
0
2.68852e-07
2.04512e-06
1.93766e-06
4.5059e-07
6.39116e-07
1.65663e-06
7.15795e-06
1.52573e-05
1.80164e-05
2.20367e-05
2.62978e-05
2.43582e-05
2.57111e-05
3.52395e-05
2.46729e-05
5.34176e-06
3.10094e-06
2.06478e-06
1.36e-06
6.35609e-07
0
2.95728e-07
4.74403e-07
8.10497e-07
1.56491e-06
1.2519e-06
8.2931e-07
5.67153e-07
4.09452e-07
3.08546e-07
2.22892e-07
1.32076e-07
5.86729e-08
1.97531e-08
8.8243e-09
2.31059e-08
8.12886e-08
2.0972e-07
2.19437e-07
0
0
0
0
6.38874e-07
3.89774e-07
2.54419e-07
2.95574e-09
0
0
0
0
0
0
0
0
0
0
0
0
0
6.46812e-09
3.64875e-08
4.38266e-08
3.47596e-08
3.02226e-08
8.72803e-09
0
0
0
0
0
0
0
0
0
0
0
0
0
0
0
0
9.28249e-08
3.424e-07
5.92762e-07
8.55945e-07
1.14408e-06
1.46987e-06
1.83254e-06
2.16215e-06
2.17872e-06
1.2844e-06
0
0
0
0
0
0
2.91931e-07
1.75486e-06
1.81586e-06
1.35992e-06
8.44102e-07
4.90697e-07
3.12818e-07
2.25679e-07
1.80609e-07
1.53025e-07
1.3383e-07
1.18489e-07
1.09654e-07
1.07783e-07
1.08685e-07
1.06699e-07
1.02099e-07
9.50859e-08
8.8213e-08
8.20624e-08
7.61975e-08
7.05265e-08
6.56916e-08
6.27601e-08
6.11923e-08
5.83004e-08
4.99552e-08
4.04601e-08
3.41203e-08
7.73325e-09
0
0
0
0
0
0
0
0
0
0
0
0
0
0
1.44298e-06
1.69701e-06
1.54233e-06
1.34816e-06
1.13394e-06
9.35592e-07
7.70069e-07
6.31411e-07
4.89945e-07
3.56556e-07
1.75653e-07
0
0
0
0
0
0
0
0
2.55341e-06
2.49427e-06
2.43305e-06
2.2282e-06
1.87338e-06
1.6093e-06
1.46791e-06
1.36686e-06
1.17818e-06
8.92465e-07
6.5695e-07
5.50455e-07
4.64839e-07
2.23152e-07
0
0
0
0
0
0
0
5.29244e-07
2.27887e-06
1.80593e-06
2.26768e-06
6.985e-06
1.84878e-05
2.19801e-05
2.43958e-05
2.85648e-05
2.62841e-05
2.57288e-05
2.99256e-05
2.34896e-05
7.32701e-06
2.55825e-06
1.50731e-06
1.07662e-06
4.32794e-07
0
8.0943e-07
6.46037e-07
8.30414e-07
1.21041e-06
9.01306e-07
5.80846e-07
3.95622e-07
2.89721e-07
2.20463e-07
1.50253e-07
6.77064e-08
2.60062e-09
0
0
0
9.95143e-09
1.03907e-07
2.0281e-07
6.3716e-08
0
0
6.20405e-07
8.18348e-07
3.68264e-07
2.14902e-07
2.38334e-09
8.32062e-10
0
0
0
0
0
0
0
0
0
2.65312e-09
1.99896e-09
0
1.53874e-08
4.2326e-08
4.08869e-08
3.03642e-08
2.23365e-08
1.23233e-08
0
0
0
0
0
0
0
0
0
0
0
0
0
0
0
0
0
0
0
8.17546e-08
2.97494e-07
4.81905e-07
5.82398e-07
4.78468e-07
4.18734e-08
0
0
0
0
9.16782e-08
2.21677e-07
1.11644e-06
1.76911e-06
1.77095e-06
1.40007e-06
9.71724e-07
5.71471e-07
3.02356e-07
2.08011e-07
1.62909e-07
1.37336e-07
1.20551e-07
1.06771e-07
9.93715e-08
9.91017e-08
1.02243e-07
1.02218e-07
9.92843e-08
9.33876e-08
8.53171e-08
7.72288e-08
7.07003e-08
6.61296e-08
6.24012e-08
5.86202e-08
5.55075e-08
5.35197e-08
5.13442e-08
4.49254e-08
3.57868e-08
3.06108e-08
1.81187e-08
0
0
0
0
0
0
0
0
0
0
0
0
0
0
3.00821e-07
6.90274e-07
7.13681e-07
6.66913e-07
6.08662e-07
5.38196e-07
4.63486e-07
3.87866e-07
3.12556e-07
2.19819e-07
9.50024e-08
0
0
0
0
0
0
0
2.51424e-06
2.93932e-06
2.24542e-06
2.2292e-06
1.9561e-06
1.58318e-06
1.30775e-06
1.10944e-06
8.91864e-07
6.91971e-07
5.43837e-07
4.50705e-07
4.19855e-07
4.15438e-07
2.20522e-07
0
0
0
0
0
0
0
0
2.88844e-06
2.65398e-06
2.70006e-06
4.72059e-06
1.91937e-05
2.70536e-05
2.69589e-05
3.05615e-05
2.76455e-05
2.52271e-05
2.53597e-05
1.95666e-05
7.88479e-06
2.21657e-06
1.04504e-06
8.63638e-07
3.93788e-07
3.95151e-07
8.78951e-07
6.04712e-07
6.66306e-07
7.85405e-07
5.35742e-07
3.3927e-07
2.38194e-07
1.82019e-07
1.37475e-07
7.64229e-08
1.31207e-09
0
0
0
0
0
8.98184e-09
9.60057e-08
7.91916e-08
0
9.59675e-08
1.5063e-06
7.77247e-07
3.13105e-07
1.62163e-07
6.53256e-10
4.12667e-09
1.2597e-09
0
0
0
0
0
0
1.08109e-09
1.22544e-08
2.90706e-08
2.26217e-08
0
2.58315e-09
2.61226e-08
2.98802e-08
2.82302e-08
2.46276e-08
8.5711e-09
0
0
0
0
0
0
0
0
0
0
0
0
0
0
0
0
0
0
0
0
0
0
0
0
0
0
1.28334e-07
5.06373e-07
6.80081e-07
7.65586e-07
1.18924e-06
1.44604e-06
1.47192e-06
1.21096e-06
9.64364e-07
5.91754e-07
2.73741e-07
1.82817e-07
1.43102e-07
1.21288e-07
1.06443e-07
9.45599e-08
8.91495e-08
9.0355e-08
9.39043e-08
9.56029e-08
9.40587e-08
9.02347e-08
8.36468e-08
7.54892e-08
6.77949e-08
6.15236e-08
5.73352e-08
5.45549e-08
5.16923e-08
4.86097e-08
4.61927e-08
4.42274e-08
3.98199e-08
3.19169e-08
2.64376e-08
2.14354e-08
0
0
0
0
0
0
0
0
0
0
0
0
0
0
0
4.29935e-08
2.15893e-07
2.63149e-07
2.71199e-07
2.61958e-07
2.40316e-07
2.09876e-07
1.72821e-07
1.20244e-07
6.25591e-08
0
0
0
0
0
0
1.1558e-07
4.0063e-06
1.93835e-06
2.12042e-06
1.98131e-06
1.57861e-06
1.16411e-06
8.48858e-07
6.39047e-07
5.0317e-07
4.09844e-07
3.69946e-07
3.56983e-07
3.59535e-07
3.81721e-07
2.13353e-07
0
0
0
0
0
0
0
0
2.7869e-06
3.11831e-06
2.90919e-06
3.2275e-06
1.00093e-05
3.28475e-05
2.97003e-05
3.17937e-05
2.83794e-05
2.41374e-05
2.13922e-05
1.57353e-05
7.13807e-06
1.88087e-06
6.79251e-07
6.93623e-07
4.14427e-07
5.06718e-07
6.34347e-07
3.76125e-07
3.17415e-07
3.16454e-07
1.89997e-07
1.25683e-07
1.02508e-07
8.61828e-08
5.73e-08
1.35409e-09
0
0
0
0
0
0
0
0
1.46292e-08
1.10601e-07
6.25758e-07
1.07192e-06
6.53092e-07
2.63324e-07
1.17356e-07
0
0
0
0
0
0
0
0
1.30871e-08
2.8457e-08
4.90118e-08
3.17575e-08
0
0
0
1.55865e-08
2.47712e-08
2.10715e-08
1.35304e-08
4.39481e-09
0
0
0
0
0
0
0
0
0
0
0
0
0
0
0
0
0
0
0
0
0
0
0
0
0
0
0
0
2.36877e-07
6.99119e-07
9.48605e-07
1.01304e-06
9.23399e-07
8.38585e-07
4.92635e-07
2.19076e-07
1.49898e-07
1.20091e-07
1.03342e-07
9.15351e-08
8.25551e-08
7.92733e-08
8.1369e-08
8.45104e-08
8.6268e-08
8.51072e-08
8.23895e-08
7.7687e-08
7.03753e-08
6.33137e-08
5.75729e-08
5.30654e-08
5.0096e-08
4.8144e-08
4.58542e-08
4.27407e-08
3.98225e-08
3.75775e-08
3.466e-08
2.86153e-08
2.29624e-08
2.02948e-08
1.0599e-08
0
0
0
0
0
0
0
0
3.67519e-08
9.45711e-09
0
0
0
0
0
0
3.16496e-09
6.06927e-08
8.48497e-08
9.44275e-08
9.82911e-08
9.64534e-08
8.15001e-08
3.59577e-08
0
0
0
0
0
0
1.90457e-06
1.08405e-06
1.84338e-06
1.93406e-06
1.55308e-06
1.05707e-06
7.19244e-07
4.89316e-07
3.59417e-07
3.07781e-07
2.89959e-07
2.99561e-07
3.19228e-07
3.32794e-07
3.65311e-07
2.10144e-07
0
0
0
0
0
0
0
0
3.15792e-06
3.40028e-06
3.02342e-06
3.06176e-06
1.81111e-06
3.01207e-05
3.20302e-05
3.16333e-05
2.83732e-05
2.23233e-05
1.7692e-05
1.20251e-05
5.32841e-06
1.21132e-06
3.02052e-07
3.73016e-07
1.27282e-07
1.5596e-07
1.93372e-07
0
0
0
0
0
0
8.88991e-10
0
0
0
0
0
0
0
0
0
0
2.91984e-09
2.9743e-07
7.03879e-07
8.04717e-07
5.4421e-07
2.23496e-07
7.9802e-08
1.10528e-08
8.68193e-09
2.1804e-09
0
0
0
0
0
1.28387e-08
3.17267e-08
3.42964e-08
0
0
0
0
7.21531e-09
1.37431e-08
1.05863e-08
6.01774e-09
1.20219e-09
0
0
0
0
0
0
0
0
0
0
0
0
0
0
0
0
0
0
0
0
0
0
0
0
0
0
0
0
2.92108e-07
5.15025e-07
5.99431e-07
6.39029e-07
6.2139e-07
3.01455e-07
1.5254e-07
1.12388e-07
9.44191e-08
8.45557e-08
7.73625e-08
7.1857e-08
7.00325e-08
7.17759e-08
7.37648e-08
7.49767e-08
7.41863e-08
7.23972e-08
6.94534e-08
6.49488e-08
5.91284e-08
5.33318e-08
4.84958e-08
4.49861e-08
4.29247e-08
4.17328e-08
4.01701e-08
3.73441e-08
3.40495e-08
3.14514e-08
2.92382e-08
2.51201e-08
2.00091e-08
1.73367e-08
1.43053e-08
9.68815e-10
0
0
0
0
0
0
0
1.26402e-07
1.63431e-07
5.94556e-09
0
0
0
0
0
0
0
0
2.3318e-08
3.2949e-08
2.21239e-08
0
0
0
5.27029e-08
5.06002e-08
0
0
0
0
1.29804e-06
1.78562e-06
1.47634e-06
9.94898e-07
6.45258e-07
4.02273e-07
2.77081e-07
2.326e-07
2.30102e-07
2.41967e-07
2.67291e-07
2.9743e-07
3.24752e-07
3.56841e-07
2.03e-07
0
0
0
0
0
0
0
0
3.6884e-06
3.6266e-06
3.12415e-06
3.07471e-06
2.08831e-06
0
3.11508e-05
2.98888e-05
2.76039e-05
2.04825e-05
1.46433e-05
9.00223e-06
3.65163e-06
7.08844e-07
2.84202e-08
0
0
0
0
0
0
0
0
0
0
0
0
0
0
0
0
0
0
0
0
0
4.6297e-08
3.73366e-07
6.44699e-07
6.78529e-07
4.91875e-07
2.05979e-07
5.23084e-08
1.2163e-08
1.04138e-08
6.22339e-09
0
0
0
0
0
0
1.0497e-08
2.70976e-08
0
0
0
0
6.37294e-10
7.42732e-09
6.68236e-09
1.85797e-09
0
0
0
0
0
0
0
0
0
0
0
0
0
0
0
0
0
0
0
0
0
0
0
0
0
0
0
0
6.17064e-08
2.15566e-07
3.10393e-07
3.70666e-07
3.00098e-07
1.48513e-07
9.96041e-08
8.05195e-08
7.16048e-08
6.7546e-08
6.49036e-08
6.2323e-08
6.06709e-08
6.07987e-08
6.16286e-08
6.21635e-08
6.18914e-08
6.09129e-08
5.91478e-08
5.64086e-08
5.23717e-08
4.80083e-08
4.40795e-08
4.08092e-08
3.82529e-08
3.65068e-08
3.5532e-08
3.43823e-08
3.21431e-08
2.87531e-08
2.58524e-08
2.39552e-08
2.13776e-08
1.72545e-08
1.44126e-08
1.31698e-08
8.39734e-09
0
0
0
0
0
0
0
7.54156e-08
1.73938e-07
8.39683e-08
0
0
0
0
0
0
0
0
0
0
0
0
2.75665e-08
1.43801e-07
7.51455e-08
0
0
0
0
5.37349e-07
1.51386e-06
1.32835e-06
9.10642e-07
5.86174e-07
3.4718e-07
2.26008e-07
1.86106e-07
1.80918e-07
1.92997e-07
2.10451e-07
2.43032e-07
2.84525e-07
3.2022e-07
3.47115e-07
1.86778e-07
0
0
0
0
0
0
0
0
4.19943e-06
3.82477e-06
3.20074e-06
2.97939e-06
2.98431e-06
0
1.49639e-05
2.62034e-05
2.56694e-05
2.02567e-05
1.35062e-05
7.79128e-06
3.32066e-06
9.69268e-07
0
0
0
0
0
0
0
0
0
0
0
0
0
0
0
0
0
0
0
0
0
0
1.97344e-09
2.76708e-07
5.08471e-07
5.87881e-07
4.81872e-07
2.19983e-07
4.45765e-08
1.40075e-08
1.07689e-08
5.23167e-09
0
0
0
0
0
0
0
0
0
0
0
0
0
8.07635e-10
3.0137e-09
0
0
0
0
0
0
0
0
0
0
0
0
0
0
0
0
0
0
0
0
0
0
0
0
0
0
0
0
0
0
9.92378e-09
9.07081e-08
9.25711e-08
7.42843e-08
6.22726e-08
5.58233e-08
5.29987e-08
5.22099e-08
5.21291e-08
5.15747e-08
5.04359e-08
4.95739e-08
4.95654e-08
5.00261e-08
5.03078e-08
5.01701e-08
4.94445e-08
4.79578e-08
4.56901e-08
4.25563e-08
3.97448e-08
3.74827e-08
3.52823e-08
3.30536e-08
3.11193e-08
2.9845e-08
2.88329e-08
2.71035e-08
2.40347e-08
2.09005e-08
1.9093e-08
1.77879e-08
1.48388e-08
1.17193e-08
1.04624e-08
9.22823e-09
4.40261e-09
0
0
0
0
0
0
0
2.21672e-08
0
0
0
0
0
0
0
0
0
0
0
1.02132e-08
8.6487e-08
1.03725e-07
0
0
0
0
0
0
1.17339e-06
1.09804e-06
7.82197e-07
5.13451e-07
3.03914e-07
1.92511e-07
1.53625e-07
1.45801e-07
1.50509e-07
1.63627e-07
1.85092e-07
2.24835e-07
2.74009e-07
3.15769e-07
3.37822e-07
1.7002e-07
0
0
0
0
0
0
0
6.0699e-07
4.62999e-06
4.00678e-06
3.25014e-06
2.89824e-06
3.0809e-06
9.32767e-07
0
1.82415e-05
2.16634e-05
1.9167e-05
1.36383e-05
8.0355e-06
3.84957e-06
1.37482e-06
0
0
0
0
0
0
0
0
0
0
0
0
0
0
0
0
0
0
0
0
0
0
0
1.24177e-07
3.36461e-07
4.69366e-07
4.62135e-07
2.46863e-07
5.7524e-08
3.29041e-08
0
0
0
0
0
0
0
0
0
0
0
0
0
0
0
0
0
0
0
0
0
0
0
0
0
0
0
0
0
0
0
0
0
0
0
0
0
0
0
0
0
0
0
0
0
0
0
2.48863e-08
3.97416e-08
3.98606e-08
3.85458e-08
3.86227e-08
3.99585e-08
4.1688e-08
4.31256e-08
4.39771e-08
4.43336e-08
4.42165e-08
4.39868e-08
4.40148e-08
4.41272e-08
4.40895e-08
4.36372e-08
4.26049e-08
4.10475e-08
3.92857e-08
3.7368e-08
3.58732e-08
3.43821e-08
3.2406e-08
2.99197e-08
2.74147e-08
2.5679e-08
2.46114e-08
2.33544e-08
2.08619e-08
1.75189e-08
1.53647e-08
1.49707e-08
1.36273e-08
1.03299e-08
7.97906e-09
7.52428e-09
6.34298e-09
3.45647e-09
3.00023e-09
7.08324e-09
0
0
0
0
0
0
0
0
0
0
0
0
0
0
0
0
2.36563e-08
0
0
0
0
0
0
0
8.72752e-07
8.36132e-07
6.05818e-07
4.14844e-07
2.63222e-07
1.70475e-07
1.31472e-07
1.18653e-07
1.19579e-07
1.26676e-07
1.43271e-07
1.68738e-07
2.13294e-07
2.67757e-07
3.20464e-07
3.41142e-07
1.71027e-07
0
0
0
0
0
0
0
1.47973e-06
4.95388e-06
4.20157e-06
3.30041e-06
2.81308e-06
2.83206e-06
2.66583e-06
0
1.62533e-06
1.57115e-05
1.56673e-05
1.18981e-05
7.26847e-06
3.3822e-06
7.30476e-07
0
0
0
0
0
0
0
0
0
0
0
0
0
0
0
0
0
0
0
0
0
0
0
5.68912e-10
1.82979e-07
3.25817e-07
3.87527e-07
2.43378e-07
7.40169e-08
0
0
0
0
0
0
0
0
0
0
0
0
4.15583e-09
0
0
0
0
0
0
0
0
0
0
0
0
0
0
0
0
1.82172e-10
1.45469e-09
2.16168e-09
1.35164e-09
0
0
0
0
0
0
0
0
0
0
0
0
8.89554e-10
1.31515e-08
1.87189e-08
2.17067e-08
2.3759e-08
2.55528e-08
2.77899e-08
3.04806e-08
3.30047e-08
3.48039e-08
3.58047e-08
3.63178e-08
3.64266e-08
3.58983e-08
3.53117e-08
3.49522e-08
3.47134e-08
3.44447e-08
3.38688e-08
3.28494e-08
3.1656e-08
3.07043e-08
2.97332e-08
2.87137e-08
2.75948e-08
2.58997e-08
2.34314e-08
2.07611e-08
1.90269e-08
1.81109e-08
1.72451e-08
1.54737e-08
1.23576e-08
9.88389e-09
9.94799e-09
1.03065e-08
7.95922e-09
4.38674e-09
3.06085e-09
3.10987e-09
2.10016e-09
2.48547e-09
1.02499e-08
0
0
0
0
0
0
0
0
0
0
0
0
0
0
0
0
0
0
0
0
0
0
1.13631e-07
6.36421e-07
5.69784e-07
4.09036e-07
2.96297e-07
2.20972e-07
1.59691e-07
1.19148e-07
9.50971e-08
8.56981e-08
8.80048e-08
9.9349e-08
1.20132e-07
1.48331e-07
1.94314e-07
2.61608e-07
3.25453e-07
3.46137e-07
1.86468e-07
0
0
0
4.35884e-08
3.29416e-07
7.84067e-07
4.9028e-07
1.92669e-06
5.00719e-06
4.27071e-06
3.27111e-06
2.67943e-06
2.51759e-06
2.60105e-06
1.4336e-06
0
6.13645e-06
1.14113e-05
9.18424e-06
5.48637e-06
2.1709e-06
0
0
0
0
0
0
0
0
0
0
0
0
0
0
0
0
0
0
0
0
0
0
0
0
0
8.66093e-08
2.15211e-07
2.95345e-07
2.02149e-07
7.51911e-08
0
0
0
0
0
0
0
0
0
0
0
1.8615e-08
4.62939e-09
0
0
0
0
0
0
0
0
0
1.34833e-09
4.80511e-09
6.95984e-09
8.36406e-09
1.01569e-08
1.24255e-08
1.45866e-08
1.64289e-08
1.8168e-08
1.98398e-08
2.12745e-08
2.22449e-08
2.24799e-08
2.20262e-08
2.10165e-08
1.90446e-08
1.67122e-08
1.46818e-08
1.4198e-08
1.60985e-08
1.91584e-08
2.09324e-08
2.01284e-08
1.79263e-08
1.60398e-08
1.50684e-08
1.47004e-08
1.4722e-08
1.52597e-08
1.6135e-08
1.70608e-08
1.76918e-08
1.77893e-08
1.72594e-08
1.62608e-08
1.49563e-08
1.38923e-08
1.34331e-08
1.35536e-08
1.39742e-08
1.43781e-08
1.44378e-08
1.39871e-08
1.33792e-08
1.30714e-08
1.29205e-08
1.26636e-08
1.20717e-08
1.07344e-08
8.45321e-09
6.04049e-09
4.9868e-09
4.87163e-09
4.49568e-09
3.40732e-09
1.03062e-09
0
0
6.42908e-10
1.83948e-10
0
0
0
0
0
0
8.87595e-10
0
0
0
0
0
0
0
0
0
0
0
0
0
0
0
0
0
0
0
0
2.53674e-07
4.44688e-07
3.7422e-07
2.7242e-07
2.11936e-07
1.80818e-07
1.52804e-07
1.21583e-07
8.36874e-08
5.63538e-08
4.77959e-08
5.28404e-08
6.82592e-08
9.25035e-08
1.26299e-07
1.79948e-07
2.64475e-07
3.39033e-07
3.56108e-07
2.1092e-07
4.91214e-08
0
0
4.02022e-07
1.12422e-06
1.68824e-06
1.245e-06
1.95737e-06
4.86296e-06
4.31737e-06
3.26911e-06
2.55495e-06
2.22338e-06
2.16921e-06
2.08275e-06
2.05396e-07
0
4.77484e-06
6.65702e-06
4.40148e-06
1.64227e-06
0
0
0
0
0
0
0
0
0
0
0
0
0
0
0
0
0
0
0
0
0
0
0
0
0
5.90241e-08
1.83253e-07
2.63583e-07
1.8466e-07
7.62436e-08
0
0
0
0
0
0
0
0
0
0
7.83814e-08
1.20623e-07
6.40121e-08
1.89862e-08
0
0
0
0
0
0
1.03015e-09
9.38447e-09
1.73412e-08
2.44575e-08
3.0522e-08
3.58474e-08
4.09879e-08
4.5997e-08
5.04794e-08
5.44002e-08
5.8195e-08
6.1761e-08
6.46697e-08
6.65115e-08
6.70938e-08
6.67552e-08
6.52467e-08
6.24645e-08
5.84631e-08
5.36275e-08
4.93545e-08
4.51235e-08
3.90829e-08
3.13056e-08
2.40563e-08
1.85127e-08
1.36758e-08
8.67263e-09
3.67251e-09
0
0
0
0
0
0
0
0
0
0
0
0
0
0
0
0
0
0
0
0
0
0
0
0
0
0
0
0
0
0
0
0
0
0
0
0
0
0
0
0
0
0
0
0
0
0
0
0
0
0
0
0
0
0
0
0
0
0
5.76796e-09
2.32351e-07
2.62732e-07
2.10559e-07
1.62266e-07
1.3993e-07
1.27916e-07
1.14496e-07
9.4446e-08
6.01348e-08
2.29329e-08
8.33194e-09
7.79732e-09
1.6481e-08
3.53002e-08
6.44537e-08
1.07606e-07
1.76728e-07
2.76187e-07
3.46316e-07
3.62365e-07
2.37249e-07
9.81222e-08
0
0
4.48749e-07
1.52961e-06
2.32549e-06
1.74928e-06
1.63269e-06
4.38282e-06
4.17572e-06
3.17257e-06
2.33836e-06
1.91053e-06
1.68046e-06
1.58561e-06
1.23714e-06
0
0
7.46442e-07
1.33777e-06
0
0
0
0
0
0
0
0
0
0
0
0
0
0
0
0
0
0
0
0
0
0
0
0
0
0
8.77515e-08
2.31139e-07
3.26136e-07
2.49958e-07
1.21093e-07
0
0
0
0
0
0
0
0
0
0
0
7.00285e-08
1.38232e-07
1.46114e-07
1.24385e-07
9.71744e-08
7.40783e-08
5.8481e-08
5.07854e-08
4.95379e-08
5.26515e-08
5.83719e-08
6.55379e-08
7.33432e-08
8.10403e-08
8.79787e-08
9.37744e-08
9.81388e-08
1.00855e-07
1.02214e-07
1.03107e-07
1.04563e-07
1.06607e-07
1.08531e-07
1.09661e-07
1.09194e-07
1.06575e-07
1.01806e-07
9.53065e-08
8.71765e-08
7.68194e-08
6.38928e-08
4.98485e-08
3.70101e-08
2.60789e-08
1.57293e-08
4.80401e-09
0
0
0
0
0
0
0
0
0
0
0
0
0
0
0
0
0
0
0
0
0
0
0
0
0
0
0
0
0
0
0
0
0
0
0
0
0
0
0
0
0
0
0
0
0
0
0
0
0
0
0
0
0
0
0
0
0
0
1.63829e-08
1.27457e-07
1.53545e-07
1.36129e-07
1.08877e-07
8.8169e-08
8.3167e-08
8.48431e-08
7.91472e-08
6.94284e-08
8.71312e-08
1.99791e-08
0
0
0
0
0
4.26736e-08
1.08113e-07
2.09223e-07
3.08447e-07
3.69095e-07
3.89776e-07
2.82784e-07
1.42168e-07
5.18491e-08
0
3.47533e-07
1.72321e-06
2.72956e-06
2.02526e-06
1.07787e-06
3.67401e-06
3.97028e-06
3.0787e-06
2.20058e-06
1.64831e-06
1.30835e-06
1.06194e-06
8.7371e-07
4.18274e-07
0
0
0
0
0
0
0
0
0
0
0
0
0
0
0
0
0
0
0
0
0
0
0
0
0
0
0
0
0
1.3116e-07
3.05559e-07
4.27634e-07
3.85509e-07
2.33946e-07
0
0
0
0
0
0
0
0
0
0
0
0
0
3.41514e-08
5.83073e-08
6.42163e-08
6.21389e-08
5.9893e-08
6.09633e-08
6.60422e-08
7.47431e-08
8.6223e-08
9.9485e-08
1.13386e-07
1.26553e-07
1.37832e-07
1.46704e-07
1.5316e-07
1.57313e-07
1.59457e-07
1.6065e-07
1.62438e-07
1.65063e-07
1.67685e-07
1.70083e-07
1.70021e-07
1.65843e-07
1.57586e-07
1.46149e-07
1.31496e-07
1.12559e-07
9.04739e-08
6.82307e-08
4.73577e-08
2.73561e-08
7.62736e-09
0
0
0
0
0
0
0
0
0
0
0
0
0
0
0
0
0
0
0
0
0
0
0
0
0
0
0
0
0
0
0
0
0
0
0
0
0
0
0
0
0
0
0
0
0
0
0
0
0
6.70661e-08
1.57848e-07
2.24673e-07
2.6127e-07
2.55999e-07
2.28137e-07
1.86857e-07
1.50733e-07
1.34659e-07
1.20805e-07
1.0165e-07
8.31511e-08
6.5038e-08
5.3659e-08
4.8622e-08
4.95749e-08
6.06993e-08
6.76543e-08
6.65491e-08
1.04782e-07
2.02506e-07
1.09739e-07
3.20186e-09
0
0
0
0
2.43056e-08
1.44328e-07
2.80532e-07
3.62819e-07
4.0294e-07
4.25544e-07
3.30317e-07
1.85108e-07
1.3676e-07
0
2.46185e-07
1.63769e-06
2.81564e-06
2.04885e-06
3.97657e-07
2.76814e-06
3.70007e-06
3.01141e-06
2.19936e-06
1.54737e-06
1.08761e-06
7.64698e-07
5.14136e-07
2.73764e-07
0
0
0
0
0
0
0
0
0
0
0
0
0
0
0
0
0
0
0
0
0
0
0
0
0
0
0
0
0
1.24708e-07
3.13677e-07
4.34045e-07
4.59001e-07
3.37325e-07
0
0
0
0
0
0
0
0
0
0
0
0
0
1.74842e-08
4.09409e-08
5.91789e-08
7.34873e-08
8.4916e-08
9.46428e-08
1.04249e-07
1.15406e-07
1.29031e-07
1.4487e-07
1.61593e-07
1.77326e-07
1.90334e-07
1.99714e-07
2.05915e-07
2.10195e-07
2.13698e-07
2.1712e-07
2.20422e-07
2.23321e-07
2.2547e-07
2.26553e-07
2.25608e-07
2.20696e-07
2.10597e-07
1.94855e-07
1.72809e-07
1.4515e-07
1.14812e-07
8.42265e-08
5.43078e-08
2.50609e-08
0
0
0
0
0
0
0
0
0
0
0
0
0
0
0
0
0
0
0
0
0
0
0
0
0
0
0
0
0
0
0
0
0
0
0
0
0
0
0
0
0
0
0
0
0
2.46523e-10
2.24381e-09
7.3265e-09
1.95231e-08
4.61273e-08
9.52078e-08
1.67466e-07
2.27958e-07
2.54404e-07
2.49446e-07
2.30033e-07
1.99819e-07
1.62634e-07
1.2813e-07
9.36177e-08
6.75104e-08
5.1572e-08
4.03459e-08
3.62117e-08
3.5489e-08
4.15635e-08
5.67404e-08
6.04714e-08
6.82028e-08
1.29436e-07
1.76779e-07
1.12999e-07
4.41565e-10
0
0
0
0
1.10208e-07
3.26075e-07
4.71279e-07
4.90619e-07
4.76713e-07
4.73757e-07
3.48794e-07
2.14456e-07
1.69812e-07
0
1.9506e-07
1.42869e-06
2.62065e-06
1.87097e-06
0
1.65027e-06
3.34446e-06
2.98145e-06
2.31748e-06
1.66479e-06
1.10075e-06
6.67568e-07
3.87871e-07
1.6657e-07
0
0
0
0
0
0
0
0
0
0
0
0
0
0
0
0
0
0
0
0
0
0
0
0
0
0
0
0
0
6.06001e-08
2.69451e-07
3.89261e-07
4.66496e-07
3.62294e-07
0
0
0
0
3.24642e-08
5.29015e-08
6.90429e-08
8.45947e-08
9.82867e-08
1.08321e-07
1.13683e-07
1.13679e-07
1.08015e-07
9.80001e-08
8.80781e-08
8.39173e-08
8.88154e-08
1.02041e-07
1.2056e-07
1.41548e-07
1.6361e-07
1.85842e-07
2.06257e-07
2.2358e-07
2.36903e-07
2.45828e-07
2.50831e-07
2.53346e-07
2.55372e-07
2.58791e-07
2.64663e-07
2.73178e-07
2.84158e-07
2.97265e-07
3.11448e-07
3.24176e-07
3.31402e-07
3.27902e-07
3.09824e-07
2.77971e-07
2.35584e-07
1.85062e-07
1.29388e-07
7.31809e-08
1.9369e-08
0
0
0
0
0
0
0
0
0
0
0
0
0
0
0
0
0
0
0
0
0
0
0
0
0
0
0
0
0
0
0
0
0
0
0
0
0
0
0
0
0
0
0
0
9.69484e-09
2.76662e-08
4.32025e-08
5.51221e-08
6.77116e-08
8.27859e-08
1.02838e-07
1.3195e-07
1.64188e-07
1.82932e-07
1.81751e-07
1.70761e-07
1.54242e-07
1.34428e-07
1.15008e-07
9.45402e-08
7.97786e-08
6.55118e-08
5.08802e-08
4.08792e-08
3.0947e-08
3.25781e-08
4.15503e-08
3.41376e-08
3.7811e-08
6.20083e-08
0
0
0
0
0
0
3.57298e-07
6.6968e-07
9.4975e-07
1.02977e-06
8.41049e-07
6.53486e-07
5.30831e-07
3.28821e-07
2.21792e-07
1.6246e-07
3.08671e-08
8.48478e-08
1.07202e-06
2.24722e-06
1.69294e-06
0
4.02841e-07
2.74918e-06
2.85347e-06
2.38198e-06
1.82578e-06
1.29005e-06
7.7271e-07
4.10255e-07
1.66084e-07
0
0
0
0
0
0
0
0
0
0
0
0
0
0
0
0
0
0
0
0
0
0
0
0
0
0
0
0
0
0
2.08878e-07
3.28052e-07
4.48563e-07
3.43997e-07
0
0
0
0
0
0
5.07213e-08
1.16664e-07
1.72454e-07
2.13257e-07
2.36528e-07
2.41169e-07
2.27272e-07
1.95764e-07
1.51742e-07
1.05377e-07
6.8225e-08
5.0727e-08
5.78526e-08
8.64431e-08
1.26832e-07
1.68619e-07
2.06124e-07
2.35476e-07
2.55161e-07
2.65672e-07
2.68374e-07
2.65343e-07
2.59107e-07
2.52347e-07
2.51609e-07
2.65145e-07
3.00103e-07
3.5683e-07
4.22669e-07
4.79963e-07
5.07045e-07
4.89644e-07
4.37525e-07
3.67463e-07
2.93788e-07
2.2414e-07
1.61444e-07
1.05649e-07
5.37399e-08
2.94455e-09
0
0
0
0
0
0
0
0
0
0
0
0
0
0
0
0
0
0
0
0
0
0
0
0
0
0
0
0
0
0
0
0
0
0
0
0
0
0
0
0
0
0
0
2.46347e-09
2.83176e-08
5.71962e-08
8.53159e-08
1.08712e-07
1.2725e-07
1.41475e-07
1.52369e-07
1.60068e-07
1.61525e-07
1.56551e-07
1.48631e-07
1.39818e-07
1.26022e-07
1.05576e-07
8.75239e-08
7.56025e-08
5.97822e-08
4.10809e-08
2.51834e-08
9.5362e-09
1.1525e-08
9.18785e-09
0
0
0
0
0
0
0
0
0
0
6.91389e-08
1.20617e-06
1.70101e-06
1.48898e-06
1.08484e-06
7.55051e-07
4.09215e-07
2.93623e-07
1.944e-07
8.92522e-08
3.94922e-08
8.3838e-07
2.13579e-06
2.61158e-06
1.09214e-06
2.40739e-07
2.29779e-06
3.01064e-06
2.67327e-06
2.13825e-06
1.65158e-06
1.10393e-06
6.27464e-07
2.81779e-07
3.87559e-08
0
0
0
0
0
0
0
0
0
0
0
0
0
0
0
0
0
0
0
0
0
0
0
0
0
0
0
0
0
5.4962e-08
9.59716e-08
2.7397e-07
0
0
0
1.97339e-09
6.67713e-08
8.18309e-08
7.01067e-08
5.74578e-08
5.53341e-08
6.31218e-08
7.49615e-08
8.40635e-08
8.50396e-08
7.54962e-08
5.71366e-08
3.56813e-08
1.88691e-08
1.26285e-08
1.81351e-08
3.3328e-08
5.61716e-08
8.54335e-08
1.21049e-07
1.61773e-07
2.02271e-07
2.37565e-07
2.62861e-07
2.74668e-07
2.70306e-07
2.45617e-07
2.04755e-07
1.59023e-07
1.20499e-07
1.08501e-07
1.38826e-07
1.90817e-07
2.05314e-07
1.39054e-07
0
0
0
0
0
0
0
2.12564e-07
3.13535e-07
2.67811e-07
1.65053e-07
8.11814e-08
2.83168e-08
0
0
0
0
0
0
0
0
0
0
0
0
0
0
0
0
0
0
0
0
0
0
0
0
0
0
0
0
0
0
0
0
0
0
0
0
0
0
0
4.02329e-09
1.6628e-08
3.28966e-08
5.07913e-08
6.90808e-08
8.58854e-08
9.84954e-08
1.0668e-07
1.09337e-07
1.06968e-07
1.00866e-07
9.22903e-08
8.14294e-08
6.27962e-08
4.14816e-08
2.95953e-08
2.1189e-08
7.13555e-09
0
0
0
1.18746e-08
0
0
0
0
0
0
0
0
0
0
0
0
0
3.73773e-07
8.45956e-07
8.71122e-07
6.30921e-07
3.22705e-07
3.03262e-07
2.27808e-07
2.06839e-07
2.23121e-07
9.97333e-07
2.8365e-06
5.13628e-06
4.48003e-06
2.21939e-06
2.38974e-06
3.50696e-06
3.36303e-06
2.80229e-06
2.25618e-06
1.66711e-06
1.05542e-06
5.8664e-07
1.84745e-07
0
0
0
0
0
0
0
0
0
0
0
0
0
0
0
0
0
0
0
0
0
0
0
0
0
0
0
0
0
0
0
0
0
0
0
0
0
0
1.04987e-08
6.51438e-08
8.67198e-08
7.72798e-08
5.09819e-08
2.31795e-08
5.23535e-09
2.04141e-09
1.13579e-08
2.59703e-08
3.84727e-08
4.49602e-08
4.55758e-08
4.33233e-08
4.29126e-08
4.98222e-08
6.97833e-08
1.07101e-07
1.61918e-07
2.27415e-07
2.88993e-07
3.27923e-07
3.26152e-07
2.71863e-07
1.72312e-07
5.71302e-08
0
0
0
0
0
0
0
0
0
0
0
0
2.16753e-07
3.92557e-07
2.96473e-07
1.40664e-07
1.69865e-08
0
0
0
4.37263e-08
6.27604e-08
4.25578e-08
0
0
0
0
0
0
0
0
0
0
0
0
0
0
0
0
0
0
0
0
0
0
0
0
0
0
0
0
0
0
0
0
0
0
0
0
0
1.38097e-08
2.34184e-08
2.80052e-08
3.04469e-08
3.29066e-08
3.56054e-08
3.48634e-08
3.39151e-08
3.01517e-08
2.42112e-08
1.53516e-08
0
0
0
0
0
0
0
0
3.32488e-08
0
0
0
0
0
2.08276e-07
3.0724e-07
0
0
0
0
0
0
0
4.80925e-08
2.55855e-07
2.02958e-07
3.12952e-08
9.68692e-08
1.23732e-07
3.54124e-07
7.13828e-07
1.90177e-06
4.37278e-06
7.95245e-06
7.12951e-06
4.6296e-06
2.67031e-06
4.19948e-06
4.44092e-06
3.99027e-06
3.24029e-06
2.50632e-06
1.79484e-06
1.14395e-06
5.19788e-07
0
0
0
0
0
0
0
0
0
0
0
0
0
0
0
0
0
0
0
0
0
0
0
0
0
0
0
0
0
0
0
0
0
0
0
0
0
1.68274e-08
8.87836e-08
1.41882e-07
1.67368e-07
1.6541e-07
1.42678e-07
1.08473e-07
7.18832e-08
4.07152e-08
1.97934e-08
1.0147e-08
1.02441e-08
1.71207e-08
2.74686e-08
3.84498e-08
4.83484e-08
5.77887e-08
7.09104e-08
9.59912e-08
1.42933e-07
2.14629e-07
2.95731e-07
3.53704e-07
3.62166e-07
3.22809e-07
2.58366e-07
1.91006e-07
1.31409e-07
8.15816e-08
4.19474e-08
1.0816e-08
0
0
0
0
0
0
0
2.35127e-07
4.62517e-07
5.1865e-07
4.85199e-07
3.93673e-07
2.86853e-07
2.0319e-07
1.53587e-07
1.23494e-07
9.18265e-08
5.02977e-08
4.34994e-09
0
0
0
0
0
0
0
0
0
0
0
0
0
0
0
0
0
0
0
0
0
0
0
0
0
0
0
0
0
0
0
0
0
0
0
0
0
0
0
0
0
0
0
0
0
0
0
0
0
0
0
0
0
0
0
5.52321e-08
1.37589e-07
0
0
0
0
2.95595e-07
7.34267e-07
5.10869e-07
0
0
0
0
0
0
0
0
0
0
0
0
0
1.26157e-07
1.00829e-06
2.62915e-06
5.00072e-06
8.30371e-06
6.2465e-06
3.85152e-06
2.48525e-06
3.71199e-06
4.9111e-06
4.84945e-06
4.22798e-06
3.46601e-06
2.73666e-06
1.91095e-06
1.05802e-06
7.11867e-08
0
0
0
0
0
0
0
0
0
0
0
0
0
0
0
0
0
0
0
0
0
0
0
0
0
0
0
0
0
0
2.98213e-08
0
0
0
0
0
6.92436e-09
4.05437e-08
6.94456e-08
8.94452e-08
9.71452e-08
9.12239e-08
7.26819e-08
4.45573e-08
1.2031e-08
0
0
0
0
0
0
6.67698e-09
3.97338e-08
6.79607e-08
8.88062e-08
1.06111e-07
1.27751e-07
1.5892e-07
1.95025e-07
2.26336e-07
2.42998e-07
2.40158e-07
2.18794e-07
1.82345e-07
1.33424e-07
7.62408e-08
1.94223e-08
0
0
0
0
6.0093e-08
9.0978e-08
1.44384e-07
2.04214e-07
2.07535e-07
1.74769e-07
1.38142e-07
1.12266e-07
9.95859e-08
9.4908e-08
8.72368e-08
6.57623e-08
3.09642e-08
0
0
0
0
0
0
0
0
0
0
0
0
0
8.21704e-09
1.35048e-08
1.30446e-08
7.19425e-09
0
0
0
0
3.56542e-09
7.32079e-09
8.89578e-09
7.96987e-09
5.08333e-09
1.41034e-09
0
0
0
5.14582e-10
2.91046e-09
8.30686e-09
1.30095e-08
7.50392e-09
0
0
0
0
0
0
0
0
0
0
0
0
0
0
0
0
0
0
0
0
9.63836e-09
7.74083e-09
1.03271e-07
1.12584e-07
0
0
0
0
3.99433e-07
7.57227e-07
2.2193e-07
0
0
0
0
0
2.31676e-07
0
0
0
0
0
0
0
0
2.62272e-07
1.88755e-06
3.39675e-06
5.3798e-06
2.24856e-06
0
9.61996e-07
2.92889e-06
4.45557e-06
5.19765e-06
5.08375e-06
4.6226e-06
3.93232e-06
3.10852e-06
1.98726e-06
3.96327e-07
0
0
0
0
0
0
0
0
0
0
0
0
0
0
0
0
0
0
0
0
0
0
0
0
0
0
0
0
1.70344e-09
0
3.40987e-08
0
0
0
0
0
0
0
1.21039e-10
1.43874e-08
2.22834e-08
2.34417e-08
1.81528e-08
7.51371e-09
0
0
0
0
0
0
0
9.48475e-09
3.25494e-08
5.17209e-08
6.45298e-08
7.12046e-08
7.39378e-08
7.54411e-08
7.76824e-08
8.10955e-08
8.42314e-08
8.36365e-08
7.41337e-08
4.99329e-08
8.11264e-09
0
0
0
0
0
0
0
0
0
0
0
0
0
5.11209e-09
8.18367e-08
1.40424e-07
1.55925e-07
1.28877e-07
8.51288e-08
5.0802e-08
3.74262e-08
4.38331e-08
6.24281e-08
8.352e-08
9.76787e-08
1.01836e-07
9.92239e-08
9.53161e-08
9.47083e-08
1.00067e-07
1.11728e-07
1.27831e-07
1.45525e-07
1.61753e-07
1.70839e-07
1.68457e-07
1.5889e-07
1.51601e-07
1.51218e-07
1.55997e-07
1.63213e-07
1.67131e-07
1.63206e-07
1.48965e-07
1.26868e-07
1.05515e-07
9.50464e-08
9.7683e-08
1.06061e-07
1.06921e-07
9.67597e-08
8.16325e-08
6.53306e-08
4.2908e-08
1.01465e-08
0
0
0
0
0
0
0
0
0
0
0
0
0
0
0
0
2.0548e-08
7.21769e-09
2.19558e-08
2.62244e-08
1.10299e-08
5.92616e-08
4.81895e-08
0
0
0
0
8.34372e-07
8.94554e-07
2.91092e-07
0
0
0
0
9.37739e-07
8.16015e-07
0
0
0
0
0
0
0
0
0
6.44957e-07
1.40275e-06
1.48946e-06
0
0
1.33329e-06
3.70539e-06
4.17042e-06
5.14003e-06
5.67458e-06
5.67184e-06
5.38989e-06
4.85388e-06
3.71759e-06
1.20778e-06
0
0
0
0
0
0
0
0
0
0
0
0
0
0
0
0
0
0
0
0
0
0
0
0
0
0
0
0
6.46598e-09
0
2.66663e-08
0
0
0
0
0
0
0
0
0
0
0
0
0
0
0
0
0
0
0
0
0
0
0
0
0
3.17559e-09
7.72396e-09
7.49361e-09
3.92708e-09
0
0
0
0
0
0
0
0
0
0
0
0
0
0
0
4.48124e-09
2.87554e-08
3.74209e-08
3.60882e-08
2.92548e-08
2.07898e-08
1.37717e-08
9.755e-09
8.75195e-09
1.03557e-08
1.37542e-08
1.73019e-08
2.00979e-08
2.17255e-08
2.17283e-08
2.07468e-08
1.93688e-08
1.77517e-08
1.62104e-08
1.53063e-08
1.54545e-08
1.72647e-08
2.13218e-08
2.65527e-08
3.18141e-08
3.72735e-08
4.09225e-08
4.1554e-08
3.9795e-08
3.62751e-08
3.14617e-08
2.68536e-08
2.34479e-08
2.04975e-08
1.68149e-08
1.22623e-08
8.50433e-09
7.75909e-09
1.07686e-08
1.54543e-08
1.76673e-08
1.5981e-08
1.12694e-08
5.26683e-09
1.22614e-09
0
0
0
0
0
0
0
0
0
0
0
0
1.71648e-11
0
0
3.17112e-08
3.85047e-08
2.5925e-08
3.8744e-08
0
0
0
0
0
0
0
1.0374e-07
3.17527e-06
2.25126e-06
1.26041e-06
2.03293e-07
0
0
0
1.94666e-06
6.67297e-07
0
0
0
0
0
0
0
0
0
0
0
0
0
0
3.45623e-06
4.46469e-06
4.93018e-06
5.24443e-06
5.8003e-06
6.00139e-06
6.02253e-06
5.89759e-06
5.33612e-06
2.59334e-06
0
0
0
0
0
0
0
0
0
0
0
0
0
0
0
0
0
0
0
0
0
0
0
0
0
0
0
0
5.79614e-09
0
1.81613e-08
0
0
0
0
0
0
0
0
0
0
0
0
0
0
0
0
0
0
0
0
0
0
0
0
0
0
0
0
0
0
0
0
0
0
0
0
0
0
0
0
0
0
2.54544e-10
9.60472e-10
1.17355e-09
1.09372e-09
1.0025e-09
1.02149e-09
9.81923e-10
9.72252e-10
1.11682e-09
1.39237e-09
1.74112e-09
2.23821e-09
2.92768e-09
3.49e-09
3.64187e-09
3.32053e-09
2.17016e-09
4.97672e-10
0
0
0
0
0
7.25699e-10
2.93263e-09
5.3226e-09
7.16303e-09
8.13812e-09
8.26064e-09
7.71368e-09
6.84915e-09
5.9987e-09
5.13651e-09
4.32094e-09
3.53822e-09
2.70092e-09
1.78009e-09
9.16085e-10
4.07359e-10
3.4583e-10
6.8591e-10
1.07221e-09
1.16436e-09
1.45974e-09
1.92367e-09
2.74829e-09
3.75561e-09
3.63558e-09
3.13342e-09
1.25588e-09
0
0
0
0
0
0
0
0
5.94778e-09
2.80615e-08
0
0
3.07694e-08
3.83704e-09
0
0
0
0
0
0
0
0
0
9.74591e-07
4.98596e-06
4.71715e-06
3.27311e-06
1.84539e-06
0
0
3.39343e-07
2.0083e-06
0
0
0
0
0
0
0
0
1.06565e-08
0
0
0
0
0
6.43279e-07
6.48153e-06
5.78133e-06
4.4581e-06
4.95785e-06
5.57311e-06
5.85452e-06
5.97256e-06
5.88544e-06
5.49345e-06
3.7372e-06
0
0
0
0
0
0
0
0
0
0
0
0
0
0
0
0
0
0
0
0
0
0
0
0
0
0
0
0
2.96882e-09
0
9.69733e-09
0
0
0
0
0
0
0
0
0
0
0
0
0
0
0
0
0
0
0
1.72443e-10
9.57102e-10
1.45578e-09
1.67549e-09
1.67405e-09
1.52688e-09
1.30468e-09
1.07928e-09
8.74965e-10
6.67147e-10
3.89858e-10
3.94454e-11
0
0
0
0
0
0
0
0
0
0
1.70089e-10
5.87696e-10
8.89727e-10
1.01375e-09
9.28337e-10
9.07902e-10
1.05411e-09
1.51863e-09
2.32347e-09
3.1704e-09
3.48135e-09
2.75733e-09
9.96969e-10
0
0
0
0
0
0
0
0
0
0
0
0
0
9.62335e-10
1.37955e-09
8.51862e-10
0
0
0
0
0
0
4.44577e-10
8.4504e-10
1.30354e-09
1.98203e-09
2.86734e-09
3.6985e-09
4.31093e-09
4.57672e-09
4.725e-09
5.18208e-09
5.72631e-09
6.41594e-09
6.67111e-09
6.1218e-09
5.75887e-09
4.47078e-09
3.39115e-09
3.30256e-09
2.02889e-09
1.12083e-09
1.53183e-09
0
0
0
1.16619e-08
2.58492e-08
0
0
0
0
0
0
0
0
0
0
1.49509e-07
0
0
6.86001e-07
5.99074e-06
5.98672e-06
4.16362e-06
3.38872e-06
2.32905e-06
0
4.70523e-07
0
0
0
0
0
0
0
0
0
0
0
0
0
0
7.51393e-08
6.21733e-06
1.13443e-05
8.3167e-06
4.59419e-06
3.77256e-06
3.60652e-06
3.49758e-06
3.52267e-06
3.32115e-06
2.4432e-06
8.93456e-07
0
0
0
0
0
0
0
0
0
0
0
0
0
0
0
0
0
0
0
0
0
0
0
0
0
0
0
0
7.82481e-10
0
4.74603e-09
0
0
0
0
0
0
0
0
0
0
0
0
0
0
0
0
0
0
0
0
0
0
0
0
0
0
0
0
0
0
0
0
0
1.47796e-09
2.55601e-09
3.24549e-09
3.38804e-09
1.96466e-09
0
0
0
0
0
0
0
0
0
0
0
0
0
0
0
0
0
0
0
0
0
0
0
0
0
0
0
0
0
0
0
0
0
0
0
0
0
6.08435e-10
2.14065e-09
3.59091e-09
5.04399e-09
6.56222e-09
8.02685e-09
9.21928e-09
1.00969e-08
1.06475e-08
1.10465e-08
1.14297e-08
1.15934e-08
1.15989e-08
1.10983e-08
1.00747e-08
9.51368e-09
8.5049e-09
6.6769e-09
4.20691e-09
0
0
0
0
0
0
0
0
0
0
0
0
0
0
0
0
0
0
0
0
0
2.64998e-06
1.06142e-05
1.28753e-05
5.28578e-06
2.20353e-06
6.14938e-07
1.04698e-07
0
0
0
0
0
0
0
0
0
0
0
0
0
0
2.13462e-07
1.26645e-07
5.72336e-07
3.29441e-06
4.94288e-06
3.72929e-06
3.85142e-06
4.05468e-06
2.27627e-06
7.0775e-07
9.63921e-08
1.67903e-09
0
0
0
0
0
0
0
0
0
0
0
0
0
0
0
0
0
0
0
0
0
0
0
0
0
0
0
0
0
0
0
1.95546e-09
0
0
0
0
0
0
0
0
0
0
0
0
0
0
0
0
0
0
0
0
0
0
0
0
0
0
0
0
0
0
0
0
0
2.18328e-09
4.68246e-09
6.5199e-09
7.35215e-09
5.72636e-09
5.12565e-10
0
0
0
0
0
0
0
0
0
0
0
0
0
0
0
0
0
0
0
9.9342e-10
3.88578e-09
5.96729e-09
7.13733e-09
7.50513e-09
7.11088e-09
5.68596e-09
3.08242e-09
0
0
0
0
0
0
0
0
1.1023e-09
4.13352e-09
7.32629e-09
1.03338e-08
1.30152e-08
1.53156e-08
1.70986e-08
1.83273e-08
1.91386e-08
1.94582e-08
1.94218e-08
1.91961e-08
1.86585e-08
1.78203e-08
1.65691e-08
1.50098e-08
1.41194e-08
1.30013e-08
9.27479e-09
3.0542e-09
0
0
0
0
0
0
0
0
0
0
0
0
0
0
0
2.79923e-07
1.73168e-07
0
0
0
0
4.06618e-07
2.61334e-06
1.10396e-05
9.52739e-06
1.02539e-06
6.71249e-08
0
0
0
0
0
0
0
0
0
0
0
0
0
0
0
4.48927e-07
1.43323e-07
2.12918e-08
3.63137e-07
6.30558e-07
6.70596e-07
1.1059e-06
3.16039e-06
3.19753e-06
2.98941e-07
0
0
0
0
0
0
0
0
0
0
0
0
0
0
0
0
0
0
0
0
0
0
0
0
0
0
0
0
0
0
0
0
0
5.15022e-10
0
0
0
0
0
0
0
0
0
0
0
0
0
0
0
0
0
0
0
0
0
0
0
0
0
0
0
0
0
0
0
0
0
1.19548e-09
4.08016e-09
7.71441e-09
1.41961e-08
2.00843e-08
1.51708e-08
2.55358e-09
0
0
0
0
0
0
0
0
0
0
0
0
0
0
0
0
0
6.41609e-09
1.81397e-08
2.76986e-08
3.43675e-08
3.71426e-08
3.56461e-08
2.95671e-08
1.97526e-08
8.40525e-09
0
0
0
0
0
0
0
0
0
6.16314e-09
1.24249e-08
1.71514e-08
2.03005e-08
2.21164e-08
2.29612e-08
2.30745e-08
2.26398e-08
2.17234e-08
2.04221e-08
1.90093e-08
1.71008e-08
1.49923e-08
1.3319e-08
1.17143e-08
1.04894e-08
8.57874e-09
4.71608e-09
8.28897e-10
0
0
0
0
0
0
0
0
0
0
2.16289e-07
1.28078e-07
0
0
1.11192e-09
3.87373e-07
1.75463e-07
2.93971e-08
0
0
0
1.4101e-07
9.97619e-07
4.59873e-06
7.39982e-06
4.68891e-07
0
0
0
0
0
0
0
0
0
0
0
0
1.37061e-08
0
0
3.64768e-07
5.41169e-07
1.6657e-07
0
4.75581e-08
1.46572e-07
1.98716e-07
3.15263e-07
8.53443e-07
2.20208e-06
9.63783e-08
0
0
0
0
0
0
0
0
0
0
0
0
0
0
0
0
0
0
0
0
0
0
0
0
0
0
0
0
0
0
0
0
0
2.83086e-11
0
6.34978e-09
5.20816e-09
1.21099e-08
1.51137e-08
1.45028e-08
1.24915e-08
1.05831e-08
8.62358e-09
7.15444e-09
5.78677e-09
4.73905e-09
3.7189e-09
2.99813e-09
2.16196e-09
1.74325e-09
8.95597e-10
8.46807e-10
0
3.14472e-10
0
1.64277e-10
0
3.92435e-10
0
0
3.20022e-09
1.43663e-09
4.10887e-09
4.84493e-09
4.63084e-09
3.84373e-09
3.58578e-09
2.98733e-09
2.7907e-09
2.34114e-09
2.18788e-09
1.83185e-09
1.69009e-09
1.34143e-09
1.25457e-09
8.52277e-10
8.96074e-10
3.26083e-10
6.57571e-10
0
6.17287e-10
0
8.64704e-10
0
0
2.82237e-09
0
1.81502e-09
3.0523e-09
2.66084e-09
2.16646e-09
1.84032e-09
1.55851e-09
1.3778e-09
1.18511e-09
1.13352e-09
9.94759e-10
1.00523e-09
8.68617e-10
9.13129e-10
7.44108e-10
8.53248e-10
5.84591e-10
8.4372e-10
3.45873e-10
9.54094e-10
0
1.25882e-09
0
0
2.73791e-09
0
0
0
0
2.85399e-10
8.6615e-10
1.16276e-09
1.25408e-09
1.19788e-09
1.15199e-09
1.03743e-09
9.84789e-10
8.65844e-10
8.79097e-10
7.53025e-10
8.90131e-10
6.79994e-10
1.02912e-09
5.67531e-10
1.36033e-09
3.18855e-10
1.96055e-09
0
1.14316e-09
5.38019e-09
0
0
0
0
0
0
0
0
0
0
0
0
0
0
0
0
0
0
0
0
0
0
0
0
0
0
0
0
0
0
0
0
0
0
0
0
0
0
0
0
0
0
0
0
0
0
0
0
0
0
0
0
0
0
0
0
0
0
0
0
0
0
0
0
0
0
0
0
0
0
0
0
0
0
0
0
0
0
0
0
0
0
0
0
0
0
0
0
0
0
0
0
0
0
0
0
0
0
0
0
0
0
0
0
0
0
0
0
0
0
0
0
0
0
0
0
0
0
0
0
0
0
0
0
0
0
0
0
0
0
0
0
0
0
0
0
0
0
0
0
0
0
0
0
0
0
0
0
0
0
0
0
0
0
0
0
0
0
0
0
0
0
0
0
0
0
0
0
0
0
0
0
0
0
0
0
0
0
0
0
0
0
0
0
0
0
0
0
0
0
0
0
0
0
0
0
0
0
0
0
0
0
0
0
0
0
0
0
0
0
0
0
0
0
0
0
0
0
0
0
0
0
0
0
0
0
0
0
0
0
0
0
0
0
0
0
0
0
0
0
0
0
0
0
0
0
0
0
0
9.61809e-11
0
0
0
0
0
0
0
0
0
0
0
0
0
0
0
0
0
0
0
0
0
0
0
0
3.17996e-09
0
0
0
0
0
0
0
0
0
0
0
0
0
0
0
0
0
0
0
0
0
0
0
0
3.64429e-09
0
0
0
0
0
0
0
0
0
0
0
0
0
0
0
0
0
0
0
0
0
0
0
0
2.60212e-09
0
0
0
0
0
0
0
0
0
0
0
0
0
0
0
0
0
0
0
0
0
0
0
0
2.92888e-09
7.4795e-09
3.33534e-09
0
0
0
0
0
0
0
0
0
0
0
0
0
0
0
0
0
0
0
0
0
0
2.27366e-08
2.55256e-08
1.47885e-08
0
0
0
0
0
0
0
0
0
0
0
0
0
0
0
0
0
0
0
0
0
0
8.65964e-08
2.69934e-08
2.59247e-09
0
0
0
0
0
0
0
0
0
0
0
0
0
0
0
0
0
0
0
0
0
0
1.1819e-07
3.96541e-08
0
0
0
0
0
0
0
0
0
0
0
0
0
0
0
0
0
0
0
0
0
0
0
1.24679e-07
7.08738e-08
1.25738e-08
0
0
0
0
0
0
0
0
0
0
0
0
0
0
0
0
0
0
0
0
0
0
1.19776e-07
9.63004e-08
3.91454e-08
0
0
0
0
0
0
0
0
0
0
0
0
0
0
0
0
0
0
0
0
0
0
1.1643e-07
1.09539e-07
6.50257e-08
1.33069e-08
0
0
0
0
0
0
0
0
0
0
0
0
0
0
0
0
0
0
0
0
0
1.22102e-07
1.17361e-07
8.40054e-08
3.02882e-08
0
0
0
0
0
0
0
0
0
0
0
0
0
0
0
0
0
0
0
0
0
1.38491e-07
1.29832e-07
9.98007e-08
4.65867e-08
0
0
0
0
0
0
0
0
0
0
0
0
0
0
0
0
0
0
0
0
0
1.77781e-07
1.66881e-07
1.34635e-07
7.26406e-08
4.72971e-09
0
0
0
0
0
0
0
0
0
0
0
0
0
0
0
0
0
0
0
0
2.01307e-07
1.95351e-07
1.74082e-07
1.07857e-07
1.9547e-08
0
0
0
0
0
0
0
0
0
0
0
0
0
0
0
0
0
0
0
0
1.92872e-07
1.91875e-07
1.98151e-07
1.51127e-07
4.56393e-08
0
0
0
0
0
0
0
0
0
0
0
0
0
0
0
0
0
0
0
0
1.4882e-07
1.48488e-07
1.74562e-07
1.74312e-07
8.33033e-08
0
0
0
0
0
0
0
0
0
0
0
0
0
0
0
0
0
0
0
0
9.98612e-08
1.02564e-07
1.32679e-07
1.67191e-07
1.24868e-07
0
0
0
0
0
0
0
0
0
0
0
0
0
0
0
0
0
0
0
0
5.75738e-08
6.67298e-08
1.01559e-07
1.50046e-07
1.59478e-07
4.4732e-08
0
0
0
0
0
0
0
0
0
0
0
0
0
0
0
0
0
0
0
1.78737e-08
3.33532e-08
8.08499e-08
1.39148e-07
1.83527e-07
1.1198e-07
0
0
0
0
0
0
0
0
0
0
0
0
0
0
0
0
0
0
0
0
0
6.04511e-08
1.37163e-07
2.00536e-07
1.73012e-07
1.20935e-08
0
0
0
0
0
0
0
0
0
0
0
0
0
0
0
0
0
0
0
0
2.53645e-08
1.36673e-07
2.16248e-07
2.16537e-07
8.21004e-08
0
0
0
0
0
0
0
0
0
0
0
0
0
0
0
0
0
0
0
0
0
1.15795e-07
2.30016e-07
2.45416e-07
1.39264e-07
0
0
0
0
0
0
0
0
0
0
0
0
0
0
0
0
0
0
0
0
0
5.94643e-08
2.15776e-07
2.64042e-07
1.80195e-07
1.3704e-08
0
0
0
0
0
0
0
0
0
0
0
0
0
0
0
0
0
0
0
0
1.50682e-09
1.5813e-07
2.53163e-07
2.06391e-07
6.24214e-08
0
0
0
0
0
0
0
0
0
0
0
0
0
0
0
0
0
0
0
0
0
9.60473e-08
2.07935e-07
2.11988e-07
9.79343e-08
0
0
0
0
0
0
0
0
0
0
0
0
0
0
0
0
0
0
0
0
0
5.53006e-08
1.63757e-07
2.03928e-07
1.22785e-07
0
0
0
0
0
0
0
0
0
0
0
0
0
0
0
0
0
1.30755e-08
0
0
0
2.21378e-08
1.37851e-07
1.9901e-07
1.40471e-07
7.17765e-09
0
0
0
0
0
0
0
0
0
0
0
0
0
0
0
0
1.01967e-07
0
0
0
0
1.08437e-07
1.88897e-07
1.44312e-07
1.99042e-08
0
0
0
0
0
0
0
0
0
0
0
0
0
0
0
0
1.76222e-07
2.19421e-08
0
0
0
6.10394e-08
1.63479e-07
1.30514e-07
9.5295e-09
0
0
0
0
0
0
0
0
0
0
0
0
0
0
0
0
2.10217e-07
9.08437e-08
0
0
0
0
6.35589e-08
5.17454e-08
0
0
0
0
0
0
0
0
0
0
0
0
0
0
0
0
0
0
0
0
0
0
0
0
0
0
0
0
0
0
0
0
0
0
0
0
0
0
0
0
0
0
0
0
0
0
0
0
0
0
0
0
0
0
0
0
0
0
0
0
0
0
0
0
0
0
0
0
0
0
0
0
0
0
0
0
0
0
0
0
0
0
0
0
0
0
0
0
0
0
0
0
2.88382e-08
0
0
0
0
0
0
0
0
0
0
0
0
0
0
0
0
0
8.97209e-10
0
4.25711e-09
0
1.23742e-09
0
0
3.44131e-08
0
0
0
0
0
0
0
0
0
0
0
0
0
0
0
0
0
2.6413e-09
7.38101e-10
3.94728e-09
0
3.90524e-09
0
4.63079e-10
2.90114e-08
0
0
0
0
0
0
0
0
0
0
0
0
0
0
1.027e-10
1.45757e-09
1.44065e-09
2.86148e-09
1.44676e-09
3.0435e-09
2.20961e-11
3.49607e-09
0
8.7979e-10
1.9563e-08
0
0
0
0
0
0
0
0
8.73623e-10
1.51555e-09
1.52588e-09
1.60266e-09
1.5918e-09
1.90088e-09
1.81135e-09
2.22606e-09
1.87791e-09
2.34862e-09
1.42417e-09
2.12854e-09
5.75834e-10
2.35877e-09
0
3.44635e-10
9.32853e-09
0
0
0
0
0
0
1.82982e-09
2.83864e-09
3.1204e-09
3.11962e-09
2.80452e-09
2.48866e-09
2.11256e-09
1.88894e-09
1.54248e-09
1.52805e-09
1.20663e-09
1.33506e-09
8.65321e-10
1.16982e-09
4.22723e-10
1.22512e-09
0
0
4.02327e-09
0
0
7.51249e-11
1.22612e-09
2.64732e-09
3.32304e-09
3.40972e-09
3.19564e-09
2.73732e-09
2.31898e-09
1.87141e-09
1.51549e-09
1.2458e-09
1.05917e-09
8.37779e-10
7.98842e-10
6.43533e-10
6.90218e-10
4.8078e-10
6.26311e-10
2.73444e-10
6.31901e-10
0
0
2.58719e-09
0
4.45009e-09
4.24783e-09
3.87002e-09
3.25747e-09
2.56387e-09
2.01483e-09
1.597e-09
1.22371e-09
9.69526e-10
7.512e-10
6.23026e-10
5.18102e-10
4.38651e-10
3.58783e-10
3.59116e-10
3.11781e-10
3.40295e-10
2.55769e-10
3.28534e-10
1.65577e-10
3.25008e-10
3.28468e-11
0
3.15383e-09
2.72286e-09
4.54537e-09
2.99389e-09
1.88228e-09
1.07022e-09
5.51132e-10
2.98243e-10
1.8583e-10
1.19701e-10
9.48278e-11
7.92569e-11
1.02825e-10
8.86737e-11
4.49249e-11
2.46828e-11
4.12618e-11
4.60686e-11
7.42582e-11
5.70725e-11
9.53521e-11
3.4141e-11
1.0154e-10
0
0
2.97961e-09
2.52044e-09
2.06156e-09
9.6018e-10
3.47164e-10
1.09264e-12
0
0
0
0
0
0
0
0
0
0
0
0
0
0
0
0
6.3297e-12
0
0
)
;

boundaryField
{
    inlet
    {
        type            zeroGradient;
    }
    outlet
    {
        type            zeroGradient;
    }
    upperWall
    {
        type            zeroGradient;
    }
    lowerWall
    {
        type            zeroGradient;
    }
    frontAndBack
    {
        type            empty;
    }
}


// ************************************************************************* //
