/*--------------------------------*- C++ -*----------------------------------*\
  =========                 |
  \\      /  F ield         | OpenFOAM: The Open Source CFD Toolbox
   \\    /   O peration     | Website:  https://openfoam.org
    \\  /    A nd           | Version:  7
     \\/     M anipulation  |
\*---------------------------------------------------------------------------*/
FoamFile
{
    version     2.0;
    format      ascii;
    class       volScalarField;
    location    "0.102";
    object      s_0;
}
// * * * * * * * * * * * * * * * * * * * * * * * * * * * * * * * * * * * * * //

dimensions      [0 0 0 0 0 0 0];

internalField   nonuniform List<scalar> 
12225
(
1
1
1
1
1
1
1
1
1
1
1
1
1
1
1
1
1
1
1
1
1
1
1
1
1
1
1
1
1
1
1
1
1
1
1
1
1
1
1
1
1
1
1
1
1
1
1
1
1
1
1
1
1
1
1
1
1
1
1
1
1
1
1
1
1
1
1
1
1
1
1
1
1
1
1
1
1
1
1
1
1
1
1
1
1
1
1
1
1
1
1
1
1
1
1
1
1
1
1
1
1
1
1
1
1
1
1
1
1
1
1
1
1
1
1
1
1
1
1
1
1
1
1
1
1
1
1
1
1
1
1
1
1
1
1
1
1
1
1
1
1
1
1
1
1
1
1
1
1
1
1
1
1
1
1
1
1
1
1
1
1
1
1
1
1
1
1
1
1
1
1
1
1
1
1
1
1
1
1
1
1
1
1
1
1
1
1
1
1
1
1
1
1
1
1
1
1
1
1
1
1
1
1
1
1
1
1
1
1
1
1
1
1
1
1
1
1
1
1
1
1
1
1
1
1
1
1
1
1
1
1
1
1
1
1
1
1
1
1
1
1
1
1
1
1
1
1
1
1
1
1
1
1
1
1
1
1
1
1
1
1
1
1
1
1
1
1
1
1
1
1
1
1
1
1
1
1
1
1
1
1
1
1
1
1
1
1
1
1
1
1
1
1
1
1
1
1
1
1
1
1
1
1
1
1
1
1
1
1
1
1
1
1
1
1
1
1
1
1
1
1
1
1
1
1
1
1
1
1
1
1
1
1
1
1
1
1
1
1
1
1
1
1
1
1
1
1
1
1
1
1
1
1
1
1
1
1
1
1
1
1
1
1
1
1
1
1
1
1
1
1
1
1
1
1
1
1
1
1
1
1
1
1
1
1
1
1
1
1
1
1
1
1
1
1
1
1
1
1
1
1
1
1
1
1
1
1
1
1
1
1
1
1
1
1
1
1
1
1
1
1
1
1
1
1
1
1
1
1
1
1
1
1
1
1
1
1
1
1
1
1
1
1
1
1
1
1
1
1
1
1
1
1
1
1
1
1
1
1
1
1
1
1
1
1
1
1
1
1
1
1
1
1
1
1
1
1
1
1
1
1
1
1
1
1
1
1
1
1
1
1
1
1
1
1
1
1
1
1
1
1
1
1
1
1
1
1
1
1
1
1
1
1
1
1
1
1
1
1
1
1
1
1
1
1
1
1
1
1
1
1
1
1
1
1
1
1
1
1
1
0.240392
0.412031
0.464468
0.484754
0.494951
0.497555
0.487878
0.465945
0.404181
0.28894
0.230491
0.250188
0.347161
0.395595
0.414323
0.419879
0.42093
0.42019
0.415058
0.399191
0.38846
0.371954
0.319975
0.281941
0.285361
0.404607
0.670673
0.76975
0.813815
0.834241
0.838045
0.838117
0.835713
0.82906
0.818084
0.804182
0.789672
0.776177
0.763772
0.751815
0.742675
0.739706
0.739057
0.739021
0.739569
0.741081
0.741959
0.742114
0.74137
0.738517
0.734995
0.732044
0.729785
0.728575
0.727763
0.726747
0.724974
0.722322
0.719182
0.716202
0.713099
0.709146
0.70433
0.700473
0.696412
0.692849
0.69025
0.688783
0.686461
0.683448
0.677493
0.632813
0.436716
0.353589
0.357252
0.326452
0.324665
0.343874
0.392186
0.490752
0.602441
0.661612
0.668705
0.662449
0.636954
0.550227
0.477954
0.494717
0.61387
0.74525
0.830907
0.866836
0.865345
0.853254
0.846326
0.841477
0.838014
0.834963
0.832488
0.830696
0.829037
0.827679
0.826697
0.825903
0.82556
0.825429
0.825396
0.825409
0.825528
0.826075
0.826957
0.827908
0.828993
0.830288
0.831657
0.832998
0.83371
0.834705
0.835457
0.836027
0.836337
0.836822
0.837174
0.838015
0.838735
0.839843
0.841618
0.843982
0.846957
0.850512
0.854657
0.8594
0.864717
0.87054
0.876715
0.883103
0.889255
0.894345
0.898153
0.900933
0.902608
0.903123
0.902842
0.900778
0.898375
0.896509
0.892881
0.881991
0.860479
0.846854
0.833697
0.805427
0.716184
0.456457
0.21383
0.081048
0.0256173
0.00709947
0.0018249
0.000407096
0.000873879
0.00197311
0.00222885
0.00201071
0.00153854
0.000987302
0.000525263
0.000259611
0.00011254
3.90271e-05
4.73256e-06
5.0884e-07
1.55771e-07
7.95112e-08
4.27368e-08
2.23668e-08
1.12852e-08
5.3395e-09
2.64043e-09
2.60469e-10
0.228595
0.444287
0.554064
0.588352
0.602955
0.612895
0.612912
0.609106
0.596258
0.56618
0.512893
0.385847
0.337929
0.345117
0.415379
0.428325
0.427323
0.411597
0.363998
0.320756
0.317718
0.345294
0.399682
0.506591
0.633787
0.705164
0.804331
0.839883
0.855028
0.859306
0.859466
0.85478
0.844779
0.833375
0.82268
0.81533
0.812423
0.811567
0.813185
0.822317
0.839137
0.857498
0.871778
0.883371
0.893697
0.901482
0.90628
0.909022
0.910373
0.910882
0.910496
0.908004
0.906905
0.90557
0.902007
0.899595
0.896373
0.890662
0.883938
0.874371
0.863035
0.849785
0.833842
0.81496
0.793857
0.772059
0.754551
0.736412
0.715751
0.698083
0.68592
0.654506
0.519866
0.392353
0.366785
0.349116
0.316905
0.309099
0.326912
0.39583
0.597137
0.74988
0.795916
0.798755
0.781532
0.687338
0.53231
0.491762
0.511071
0.695054
0.851999
0.864915
0.850903
0.831875
0.820059
0.810484
0.805798
0.801734
0.799736
0.798275
0.797665
0.797458
0.797458
0.797995
0.79827
0.799118
0.800716
0.802547
0.805126
0.809044
0.813268
0.818247
0.823731
0.829802
0.835712
0.84175
0.84762
0.852585
0.855839
0.857717
0.858467
0.855658
0.851389
0.846382
0.840409
0.833567
0.826725
0.820223
0.814805
0.810238
0.806215
0.802829
0.800255
0.798796
0.798562
0.799732
0.803664
0.810993
0.822345
0.836841
0.853546
0.873054
0.892351
0.905076
0.913526
0.921019
0.925593
0.926193
0.925408
0.922493
0.916322
0.907872
0.889543
0.841893
0.739397
0.656646
0.587413
0.518814
0.473687
0.463052
0.464524
0.472698
0.478722
0.477502
0.46183
0.393547
0.289384
0.208605
0.147024
0.100759
0.0666654
0.0425762
0.0260817
0.0154238
0.00870723
0.0047463
0.00248357
0.00116774
0.00071931
-0.000305724
0.200218
0.412957
0.537574
0.587713
0.621948
0.642541
0.645652
0.638541
0.621582
0.608471
0.581896
0.547
0.453559
0.374428
0.382994
0.427264
0.422397
0.370709
0.35044
0.366981
0.450253
0.603986
0.716132
0.774559
0.831624
0.873785
0.898371
0.909976
0.914387
0.915188
0.914275
0.910278
0.904179
0.902517
0.903592
0.91248
0.928511
0.944494
0.957651
0.968338
0.976357
0.981617
0.98545
0.988222
0.989755
0.990648
0.991105
0.991564
0.991808
0.991974
0.992048
0.991986
0.991811
0.991656
0.99107
0.99051
0.98963
0.988437
0.9867
0.984299
0.980936
0.976175
0.969165
0.958725
0.942499
0.916281
0.873347
0.818756
0.766499
0.717952
0.692074
0.668711
0.607918
0.480321
0.403393
0.379714
0.345769
0.322402
0.319756
0.339966
0.504843
0.750965
0.81631
0.815284
0.793141
0.679102
0.532737
0.504847
0.586786
0.818873
0.85586
0.837665
0.811486
0.800003
0.7956
0.79398
0.7936
0.793507
0.793447
0.793309
0.792584
0.79193
0.790754
0.789212
0.787396
0.785614
0.784329
0.783952
0.784139
0.788115
0.795846
0.805097
0.815519
0.826674
0.839566
0.850874
0.86276
0.872972
0.882836
0.892958
0.905359
0.912034
0.919305
0.923639
0.92645
0.926883
0.925223
0.920911
0.913199
0.902832
0.890691
0.876541
0.859913
0.841471
0.822894
0.806544
0.794076
0.78444
0.777391
0.773324
0.77211
0.772841
0.778628
0.80052
0.838083
0.871622
0.895957
0.910917
0.919905
0.927661
0.933621
0.935533
0.935032
0.93171
0.922798
0.904725
0.868823
0.833004
0.816347
0.815073
0.816969
0.822969
0.840625
0.859111
0.867258
0.86846
0.865716
0.852421
0.839498
0.824601
0.792364
0.70654
0.557024
0.417327
0.2964
0.207005
0.137529
0.0883494
0.0566613
0.0275561
0.206716
0.39646
0.539511
0.61836
0.661347
0.666336
0.660632
0.64199
0.62366
0.607536
0.580689
0.54883
0.510483
0.420548
0.381946
0.418511
0.413642
0.378746
0.390198
0.511066
0.716723
0.809715
0.854245
0.888276
0.922598
0.937935
0.946822
0.952829
0.955566
0.958293
0.961379
0.963731
0.96589
0.968857
0.972973
0.978131
0.983839
0.988429
0.991186
0.992561
0.993452
0.993893
0.9941
0.994185
0.994217
0.994239
0.994477
0.994899
0.995346
0.995968
0.996597
0.996952
0.997489
0.997752
0.997922
0.99812
0.998203
0.998261
0.998279
0.998124
0.997807
0.997141
0.995962
0.993815
0.989931
0.982577
0.968096
0.938321
0.873299
0.786839
0.722743
0.687355
0.65274
0.577231
0.478748
0.426179
0.389577
0.345329
0.322078
0.326589
0.423762
0.731782
0.825833
0.813581
0.74392
0.618864
0.542581
0.577097
0.785114
0.843888
0.834012
0.802629
0.79296
0.790206
0.790055
0.79037
0.790526
0.790002
0.787768
0.783639
0.777799
0.768672
0.755584
0.742879
0.733223
0.724698
0.72093
0.719395
0.719181
0.721865
0.730141
0.741305
0.755139
0.774401
0.798221
0.824724
0.848485
0.864933
0.878039
0.891394
0.907789
0.917328
0.929699
0.938321
0.94582
0.951872
0.956836
0.960891
0.963847
0.965457
0.965816
0.965127
0.962335
0.956704
0.947423
0.932923
0.911913
0.886289
0.857487
0.828176
0.802368
0.781377
0.768137
0.764069
0.764301
0.768196
0.78548
0.835787
0.88042
0.907458
0.922315
0.929834
0.936187
0.94139
0.942695
0.942093
0.939485
0.931492
0.911285
0.897383
0.892847
0.892593
0.893722
0.899501
0.918491
0.938474
0.95091
0.957041
0.958976
0.959033
0.957408
0.949767
0.938606
0.925691
0.898457
0.831028
0.663177
0.468981
0.328872
0.187697
0.363743
0.545469
0.644816
0.683219
0.685619
0.676934
0.652181
0.596106
0.552307
0.512673
0.505409
0.509359
0.497634
0.446234
0.383494
0.407299
0.411853
0.396621
0.471411
0.685278
0.84085
0.894364
0.920257
0.943892
0.961129
0.96787
0.971642
0.9748
0.976364
0.978234
0.98051
0.982242
0.9837
0.985079
0.986489
0.987877
0.989065
0.989586
0.989761
0.989216
0.987354
0.985473
0.983379
0.981526
0.980541
0.980136
0.980105
0.981265
0.98312
0.985008
0.987659
0.989858
0.992279
0.993964
0.995002
0.9964
0.997085
0.998009
0.998433
0.998792
0.999026
0.999109
0.999139
0.999011
0.998502
0.997228
0.994197
0.9869
0.968997
0.925729
0.83458
0.749547
0.707276
0.66816
0.582362
0.503209
0.444229
0.37939
0.332235
0.326769
0.377532
0.684779
0.834461
0.819116
0.728331
0.639651
0.649007
0.768708
0.829736
0.834685
0.800773
0.78927
0.786625
0.787669
0.787941
0.787758
0.785547
0.780283
0.769412
0.750683
0.736482
0.722758
0.714543
0.707652
0.702106
0.699779
0.698965
0.698811
0.699799
0.703213
0.709164
0.717467
0.728389
0.742379
0.760322
0.783033
0.811608
0.842322
0.862289
0.882248
0.903971
0.917882
0.931948
0.943329
0.95199
0.959332
0.965588
0.970813
0.975147
0.978678
0.981368
0.983217
0.984179
0.984333
0.983911
0.982264
0.979162
0.974417
0.966822
0.95346
0.931896
0.899836
0.857641
0.816492
0.787278
0.773447
0.770935
0.772788
0.782486
0.819698
0.87393
0.905282
0.924047
0.93467
0.941334
0.946423
0.948349
0.948288
0.947077
0.941833
0.925997
0.914025
0.909893
0.909671
0.911721
0.921968
0.941413
0.957911
0.970582
0.978842
0.98296
0.984245
0.984313
0.983908
0.982146
0.976993
0.963455
0.931092
0.853319
0.605378
0.621614
0.641162
0.690186
0.70234
0.692557
0.652038
0.549999
0.481338
0.453271
0.433888
0.42988
0.437684
0.459528
0.440462
0.385171
0.402393
0.417217
0.426407
0.545123
0.789035
0.901537
0.938511
0.956121
0.969968
0.977268
0.979981
0.981308
0.982118
0.982514
0.98294
0.983635
0.984148
0.984491
0.984685
0.984652
0.98393
0.982288
0.979216
0.974496
0.968265
0.96125
0.955877
0.950534
0.94729
0.945133
0.944172
0.943892
0.944885
0.947753
0.951033
0.956399
0.962714
0.969083
0.97549
0.980138
0.984798
0.988302
0.991748
0.994308
0.996258
0.997889
0.998615
0.999159
0.999404
0.99948
0.999483
0.999151
0.99803
0.994749
0.985652
0.962023
0.905817
0.829118
0.777689
0.715233
0.639206
0.556297
0.455527
0.368606
0.339544
0.364033
0.616076
0.834208
0.8351
0.788794
0.758367
0.786701
0.82001
0.827872
0.803532
0.786961
0.783313
0.784814
0.785413
0.785076
0.781058
0.7701
0.752343
0.736169
0.726227
0.715611
0.709574
0.703202
0.698549
0.696068
0.695482
0.695426
0.695927
0.697827
0.701364
0.706824
0.714418
0.724293
0.736306
0.749806
0.765691
0.785627
0.812145
0.846399
0.871712
0.894193
0.916256
0.931982
0.945609
0.956762
0.9652
0.97133
0.976103
0.980213
0.983918
0.986988
0.989352
0.991084
0.992281
0.99298
0.993221
0.993173
0.992712
0.991451
0.989474
0.985084
0.979524
0.969691
0.947453
0.896619
0.839994
0.801037
0.78253
0.779392
0.781427
0.791446
0.830457
0.8841
0.91348
0.930626
0.940823
0.94768
0.952089
0.953455
0.953326
0.951412
0.941969
0.925546
0.916909
0.914514
0.914705
0.917961
0.932593
0.954008
0.969239
0.979722
0.986824
0.991127
0.993128
0.993587
0.993485
0.992643
0.989484
0.979539
0.928574
0.635669
0.655396
0.709998
0.710285
0.670842
0.548531
0.474347
0.434968
0.41534
0.39817
0.389903
0.395955
0.42292
0.427111
0.384779
0.397028
0.423311
0.451035
0.607789
0.850112
0.93503
0.962097
0.974314
0.980501
0.982933
0.983497
0.98353
0.982888
0.982616
0.982268
0.981798
0.980555
0.978233
0.974341
0.968526
0.960467
0.952485
0.943907
0.936959
0.931167
0.927984
0.924011
0.922197
0.920904
0.920349
0.920174
0.920223
0.920501
0.920933
0.921766
0.922985
0.925315
0.928722
0.934348
0.943173
0.95258
0.963143
0.973065
0.980468
0.987589
0.992703
0.99548
0.997431
0.998778
0.999365
0.999617
0.999696
0.99969
0.99936
0.998111
0.994228
0.983614
0.959059
0.912721
0.850875
0.790256
0.731044
0.619798
0.469882
0.379772
0.373874
0.514834
0.819673
0.844285
0.825008
0.815457
0.819885
0.821784
0.808443
0.785429
0.780318
0.78137
0.782509
0.782591
0.778174
0.763102
0.748685
0.737764
0.729012
0.722496
0.714576
0.70911
0.70199
0.697248
0.695822
0.695661
0.696221
0.6985
0.702865
0.708054
0.713908
0.72061
0.728118
0.736579
0.746188
0.757494
0.771361
0.792148
0.820145
0.853693
0.880076
0.905722
0.927327
0.944398
0.957603
0.96789
0.975937
0.981893
0.985975
0.988683
0.99078
0.992524
0.994029
0.995239
0.996079
0.996628
0.996971
0.997075
0.997049
0.996906
0.996445
0.995209
0.993565
0.990206
0.982582
0.965125
0.91448
0.843525
0.803266
0.788463
0.787583
0.791492
0.808743
0.860379
0.902368
0.925812
0.940085
0.949159
0.955128
0.957733
0.958028
0.957057
0.951012
0.933905
0.922491
0.918529
0.918248
0.919869
0.928708
0.950195
0.967857
0.979959
0.987755
0.992632
0.995506
0.996821
0.997095
0.996971
0.996073
0.987431
0.633826
0.669325
0.722836
0.713532
0.607556
0.493628
0.443393
0.41304
0.384723
0.364125
0.358946
0.366923
0.397616
0.412214
0.383616
0.389788
0.429226
0.471058
0.652733
0.885646
0.954453
0.974234
0.981368
0.983851
0.984395
0.984087
0.983215
0.981685
0.979761
0.976286
0.971217
0.962793
0.952491
0.943506
0.934458
0.928652
0.923137
0.919685
0.916502
0.914793
0.913703
0.912895
0.912565
0.912477
0.912786
0.913433
0.91405
0.914373
0.915061
0.91544
0.915773
0.916009
0.916361
0.916942
0.918405
0.921259
0.926636
0.935779
0.950764
0.967159
0.980236
0.988931
0.993106
0.996525
0.998264
0.999204
0.999641
0.999801
0.999851
0.999788
0.999352
0.997693
0.99241
0.978611
0.948608
0.877117
0.816931
0.772791
0.667355
0.48013
0.410985
0.463836
0.768791
0.847584
0.834945
0.826234
0.821392
0.811474
0.786079
0.778056
0.776778
0.779444
0.779976
0.776289
0.763227
0.751329
0.743654
0.736978
0.730133
0.724974
0.718551
0.711923
0.702521
0.698812
0.698243
0.698947
0.701332
0.704896
0.708877
0.713265
0.717608
0.723372
0.729447
0.736531
0.743428
0.750331
0.758528
0.771393
0.792601
0.822444
0.853419
0.882913
0.910814
0.934516
0.952957
0.96647
0.976097
0.983088
0.988247
0.991921
0.994343
0.995835
0.996698
0.99723
0.997652
0.997987
0.99826
0.998407
0.998434
0.998421
0.998383
0.998299
0.998121
0.997731
0.996662
0.993645
0.985026
0.963211
0.898618
0.831895
0.801609
0.795372
0.796964
0.80719
0.845876
0.894168
0.922753
0.940238
0.951266
0.958396
0.961891
0.962583
0.962041
0.957984
0.943035
0.930231
0.925685
0.925369
0.927118
0.935926
0.954825
0.970327
0.981626
0.989185
0.993823
0.996521
0.997956
0.998467
0.998485
0.997253
0.637708
0.674748
0.726601
0.712988
0.57538
0.471605
0.430916
0.394341
0.35334
0.331823
0.33201
0.341842
0.369449
0.399433
0.381062
0.384488
0.434101
0.490731
0.686505
0.906625
0.965333
0.979905
0.98382
0.984634
0.984589
0.983463
0.98097
0.976178
0.96829
0.955507
0.944505
0.934441
0.927099
0.920659
0.915993
0.913485
0.911627
0.910764
0.91013
0.909619
0.908766
0.907734
0.90728
0.907114
0.907262
0.908302
0.909274
0.91036
0.911852
0.913053
0.914038
0.914554
0.915059
0.915288
0.915328
0.915423
0.916555
0.919393
0.925589
0.937352
0.958311
0.977682
0.987205
0.992571
0.996327
0.998156
0.99916
0.999647
0.999857
0.999916
0.999923
0.999762
0.998893
0.99517
0.982682
0.957837
0.88327
0.836301
0.786664
0.63708
0.471994
0.46717
0.690497
0.842168
0.838145
0.826478
0.815534
0.789608
0.776192
0.772599
0.77552
0.777334
0.775648
0.767336
0.755598
0.749818
0.744182
0.739749
0.737458
0.733443
0.724412
0.713635
0.704248
0.701132
0.700534
0.700536
0.70085
0.701029
0.7004
0.700625
0.701262
0.705305
0.710096
0.718686
0.72685
0.735204
0.743596
0.753544
0.769324
0.7929
0.818635
0.849178
0.881636
0.912617
0.938836
0.958788
0.972749
0.982055
0.988186
0.992299
0.995091
0.996894
0.997961
0.998539
0.99882
0.99891
0.998942
0.998951
0.998939
0.998907
0.998862
0.998813
0.9987
0.998603
0.998446
0.998037
0.996736
0.992485
0.97929
0.941215
0.860088
0.817212
0.803856
0.80433
0.811479
0.842055
0.891731
0.92293
0.942141
0.954329
0.962131
0.966223
0.967285
0.967044
0.964653
0.954523
0.943567
0.939377
0.93901
0.940548
0.948022
0.963255
0.975712
0.984841
0.991087
0.995042
0.997323
0.998544
0.999068
0.998976
0.649301
0.675585
0.727255
0.721892
0.564028
0.464584
0.426574
0.381091
0.324099
0.310233
0.313517
0.324567
0.355059
0.39067
0.378865
0.381264
0.435263
0.505607
0.704152
0.917968
0.970805
0.982474
0.9849
0.985121
0.984111
0.981137
0.974262
0.960453
0.944296
0.934376
0.924991
0.917556
0.913535
0.910141
0.908733
0.908175
0.907663
0.906812
0.905046
0.902478
0.898675
0.896218
0.894173
0.892956
0.89251
0.892567
0.894428
0.896187
0.900002
0.903888
0.908406
0.911289
0.914164
0.915498
0.915934
0.916091
0.916132
0.916947
0.919769
0.925875
0.937583
0.959844
0.979464
0.988223
0.994251
0.997117
0.998629
0.999372
0.999727
0.999896
0.999954
0.999966
0.999885
0.99928
0.995582
0.985916
0.952946
0.884206
0.846252
0.763625
0.554181
0.491428
0.60881
0.823624
0.838802
0.822737
0.79814
0.777595
0.770417
0.769598
0.773406
0.774404
0.771674
0.761228
0.754588
0.750729
0.748412
0.748604
0.745733
0.737133
0.725681
0.713818
0.703689
0.698454
0.695015
0.688127
0.676242
0.662151
0.651577
0.646588
0.645301
0.64874
0.654319
0.666545
0.679553
0.694013
0.710382
0.728307
0.746035
0.763882
0.785378
0.812005
0.845016
0.881292
0.915592
0.943813
0.964421
0.978118
0.986684
0.991905
0.995087
0.997049
0.998248
0.998912
0.999226
0.999334
0.999335
0.999312
0.999246
0.999158
0.999081
0.999024
0.998927
0.998654
0.998437
0.998324
0.998109
0.99745
0.994992
0.986218
0.960812
0.886252
0.831664
0.812875
0.812528
0.818138
0.845018
0.895098
0.927394
0.946626
0.958612
0.966387
0.970769
0.972172
0.972153
0.970933
0.965267
0.958567
0.955985
0.955698
0.956585
0.961177
0.972171
0.981649
0.988566
0.993266
0.996267
0.998013
0.999007
0.999338
0.668368
0.667182
0.722159
0.735611
0.573885
0.468333
0.432354
0.378972
0.316418
0.305061
0.306653
0.318588
0.352521
0.386201
0.377821
0.378666
0.43365
0.504642
0.697592
0.916521
0.972415
0.983758
0.98534
0.985065
0.982637
0.974915
0.959567
0.941508
0.928591
0.921304
0.913847
0.909589
0.907543
0.906397
0.905864
0.904433
0.902284
0.898713
0.893865
0.888665
0.885105
0.882571
0.880721
0.879751
0.879285
0.879168
0.879799
0.880625
0.882185
0.884621
0.888558
0.895449
0.903283
0.911308
0.915339
0.917717
0.918799
0.919244
0.919336
0.922887
0.929311
0.9423
0.968146
0.982778
0.991625
0.996191
0.998304
0.999245
0.999665
0.999855
0.999941
0.999976
0.999982
0.999928
0.999385
0.996537
0.985067
0.931273
0.888773
0.836261
0.663319
0.52649
0.55279
0.768085
0.834136
0.81813
0.78442
0.770497
0.765347
0.767328
0.771579
0.771933
0.76699
0.759102
0.755067
0.754641
0.756004
0.754871
0.748413
0.737561
0.725001
0.711381
0.698374
0.685438
0.667815
0.63657
0.593465
0.571151
0.563146
0.566593
0.586779
0.611979
0.630299
0.641553
0.650294
0.657894
0.666834
0.684948
0.714841
0.737294
0.755649
0.777635
0.807992
0.846202
0.886776
0.923252
0.951595
0.971082
0.983298
0.990503
0.99462
0.996952
0.998273
0.999016
0.999391
0.999547
0.999583
0.999582
0.999564
0.999502
0.99935
0.999214
0.999096
0.998798
0.998051
0.997767
0.997701
0.997558
0.99716
0.995534
0.989164
0.968293
0.902693
0.842631
0.821462
0.820586
0.826127
0.853585
0.902821
0.934396
0.952556
0.963545
0.970829
0.975356
0.977186
0.977419
0.97705
0.974933
0.971521
0.97019
0.970054
0.970444
0.972797
0.97982
0.986826
0.991857
0.995249
0.997348
0.99865
0.999285
0.678388
0.659153
0.70705
0.740264
0.618045
0.481504
0.440318
0.398447
0.323639
0.306154
0.306239
0.318381
0.352828
0.384756
0.377525
0.375536
0.428201
0.498682
0.677034
0.908937
0.971401
0.983829
0.985633
0.984816
0.97934
0.967018
0.948492
0.929359
0.919332
0.913682
0.90819
0.905699
0.904464
0.903207
0.901685
0.898631
0.894272
0.88929
0.884337
0.880722
0.878494
0.877239
0.876508
0.87618
0.876065
0.876066
0.876307
0.876726
0.877338
0.878252
0.879559
0.881528
0.884834
0.891507
0.903697
0.914147
0.91898
0.921067
0.922315
0.922609
0.926272
0.933327
0.952078
0.973058
0.986708
0.994174
0.997631
0.999061
0.999622
0.999843
0.999934
0.999974
0.999991
0.999989
0.999934
0.999426
0.996186
0.97421
0.920919
0.883931
0.780576
0.579797
0.55642
0.674406
0.815477
0.814942
0.785053
0.76558
0.761412
0.764533
0.7698
0.770186
0.765105
0.75888
0.757147
0.759556
0.760339
0.757092
0.748799
0.736456
0.721026
0.703044
0.681203
0.647478
0.587982
0.513725
0.478265
0.466123
0.475242
0.510306
0.557117
0.595859
0.625223
0.639872
0.647394
0.652419
0.655733
0.66033
0.674688
0.705893
0.730291
0.751499
0.778034
0.814732
0.858339
0.901256
0.936808
0.962314
0.97865
0.98829
0.993678
0.996628
0.998209
0.999039
0.999461
0.999648
0.999709
0.999719
0.999715
0.999698
0.999643
0.999449
0.999234
0.99899
0.998276
0.996642
0.996219
0.996385
0.996486
0.996233
0.995023
0.98968
0.970456
0.908467
0.849228
0.829274
0.828774
0.83583
0.868961
0.915615
0.94396
0.959743
0.969051
0.975278
0.979602
0.982004
0.982828
0.982887
0.982686
0.981623
0.98056
0.980325
0.980436
0.981562
0.985752
0.99083
0.994437
0.996773
0.998248
0.999097
0.679841
0.657206
0.696818
0.752994
0.671573
0.503169
0.452919
0.425309
0.358978
0.315266
0.309709
0.320311
0.354734
0.384638
0.377873
0.371021
0.417702
0.483751
0.63253
0.89017
0.967844
0.983468
0.985862
0.985004
0.979381
0.96471
0.940999
0.921957
0.914351
0.909887
0.905985
0.904098
0.902985
0.900942
0.897357
0.892502
0.887598
0.883031
0.879213
0.877165
0.875982
0.875397
0.875056
0.874895
0.874838
0.87489
0.875073
0.875377
0.875862
0.876528
0.877434
0.878705
0.880178
0.882316
0.88672
0.897946
0.912985
0.919936
0.922831
0.924287
0.925482
0.928477
0.937471
0.959625
0.979042
0.990666
0.996309
0.998644
0.999517
0.999825
0.999933
0.999974
0.999992
0.999996
0.999991
0.999916
0.999219
0.993556
0.955814
0.915913
0.86293
0.682144
0.574934
0.600023
0.759556
0.805996
0.789604
0.76425
0.75786
0.760392
0.767671
0.768705
0.764849
0.75902
0.759184
0.76204
0.762151
0.757981
0.748379
0.732534
0.711631
0.684104
0.639259
0.549152
0.45017
0.398874
0.374011
0.364308
0.378473
0.423235
0.492993
0.56741
0.621949
0.650773
0.656608
0.65783
0.656526
0.656897
0.659599
0.672597
0.705887
0.732472
0.757186
0.790776
0.834663
0.881798
0.923254
0.954132
0.974281
0.986207
0.992887
0.996417
0.998176
0.999066
0.999506
0.99967
0.999722
0.999729
0.99972
0.9997
0.999669
0.999567
0.999269
0.999014
0.998595
0.997363
0.99469
0.993861
0.994005
0.994857
0.994728
0.993644
0.988404
0.96844
0.905825
0.852839
0.836934
0.837913
0.84983
0.892527
0.932648
0.955243
0.967447
0.974703
0.979774
0.983552
0.98614
0.987634
0.988259
0.988366
0.988205
0.987431
0.98698
0.986974
0.987574
0.990225
0.993821
0.996302
0.997901
0.998878
0.677882
0.657013
0.696439
0.758463
0.712878
0.534242
0.469855
0.444555
0.411602
0.351584
0.328842
0.329869
0.360651
0.385039
0.37939
0.368831
0.400692
0.465795
0.576526
0.845427
0.957549
0.981673
0.98577
0.985653
0.98046
0.966195
0.941848
0.921441
0.912052
0.907696
0.904955
0.902857
0.900634
0.89686
0.892967
0.888337
0.883504
0.879814
0.877145
0.875744
0.875009
0.87458
0.874306
0.874137
0.874048
0.874014
0.874124
0.874438
0.874975
0.875674
0.876494
0.877677
0.879184
0.880645
0.882785
0.887455
0.899597
0.914266
0.921802
0.924494
0.925617
0.927262
0.931001
0.945102
0.969246
0.985431
0.993991
0.997787
0.999249
0.999757
0.999922
0.999974
0.999992
0.999997
0.999998
0.999988
0.999855
0.998557
0.987223
0.940197
0.904295
0.807715
0.621937
0.600293
0.664666
0.781748
0.785576
0.76804
0.75537
0.755982
0.763879
0.767058
0.764746
0.75928
0.75951
0.76249
0.762612
0.758468
0.744193
0.719155
0.69089
0.637117
0.540306
0.429647
0.350393
0.30228
0.270969
0.255294
0.259471
0.292935
0.383692
0.505913
0.606003
0.660347
0.679958
0.679161
0.669961
0.659434
0.657336
0.659869
0.678314
0.713966
0.740956
0.771813
0.814801
0.864805
0.911413
0.947249
0.970899
0.98491
0.992517
0.996356
0.998256
0.999179
0.999538
0.999661
0.999649
0.999606
0.999488
0.99935
0.999352
0.999362
0.999261
0.998909
0.99847
0.997568
0.995329
0.992656
0.99164
0.991743
0.992795
0.992815
0.991619
0.985474
0.961263
0.896561
0.856168
0.846629
0.850576
0.87348
0.919835
0.949801
0.965967
0.974559
0.97988
0.98396
0.987302
0.989817
0.991419
0.992181
0.992351
0.992241
0.991623
0.991208
0.991189
0.991613
0.993546
0.996003
0.997656
0.998702
0.670906
0.658856
0.705823
0.76488
0.741093
0.580896
0.489357
0.459202
0.442656
0.412147
0.381095
0.366562
0.375865
0.387238
0.382218
0.369302
0.387462
0.435789
0.521498
0.767527
0.932748
0.975909
0.984934
0.985845
0.98307
0.971132
0.946097
0.923331
0.912506
0.907693
0.904941
0.902894
0.900606
0.8963
0.891081
0.886032
0.881594
0.878234
0.876168
0.874963
0.874338
0.873969
0.873761
0.873598
0.873475
0.873453
0.873514
0.873694
0.874121
0.875026
0.876063
0.877123
0.878749
0.880333
0.882084
0.885275
0.893832
0.909496
0.920269
0.924602
0.925901
0.927085
0.929106
0.935813
0.958502
0.979417
0.990986
0.996476
0.998755
0.999596
0.999877
0.999964
0.99999
0.999997
0.999999
0.999998
0.999974
0.999686
0.996762
0.969769
0.926533
0.879538
0.723943
0.61793
0.624458
0.715927
0.772987
0.770812
0.757146
0.752899
0.757683
0.764371
0.763908
0.759818
0.759513
0.76228
0.76257
0.758605
0.741671
0.710359
0.657175
0.570233
0.454419
0.350655
0.283253
0.242046
0.22051
0.215301
0.221843
0.244515
0.311979
0.455338
0.581441
0.657825
0.689438
0.694921
0.689621
0.668829
0.657426
0.656128
0.662386
0.694426
0.728121
0.75623
0.79733
0.849116
0.900401
0.94105
0.968186
0.984004
0.99235
0.996492
0.998481
0.999283
0.999535
0.999495
0.999226
0.998822
0.997999
0.997439
0.997503
0.99785
0.998327
0.998412
0.998222
0.997485
0.995705
0.993329
0.99098
0.989931
0.989975
0.990665
0.990632
0.988931
0.980279
0.944794
0.887658
0.862793
0.860085
0.86935
0.906569
0.943591
0.964206
0.974751
0.980443
0.984363
0.987719
0.990623
0.99283
0.994188
0.994774
0.994872
0.994744
0.994243
0.994008
0.994022
0.994415
0.995951
0.997557
0.998601
0.66871
0.667222
0.729624
0.772935
0.755982
0.644242
0.516721
0.474435
0.457804
0.445474
0.429172
0.415834
0.408518
0.397894
0.389494
0.374053
0.385621
0.409578
0.464794
0.645042
0.879784
0.959751
0.981243
0.98542
0.984763
0.978862
0.958595
0.929658
0.915021
0.90855
0.905304
0.903344
0.901204
0.897109
0.891733
0.886488
0.88201
0.878525
0.876372
0.875072
0.874371
0.873965
0.873709
0.873518
0.873393
0.873368
0.873395
0.87351
0.87382
0.874605
0.875929
0.877015
0.878581
0.880432
0.882058
0.884957
0.892198
0.907978
0.919845
0.925663
0.927296
0.927707
0.928559
0.932499
0.949635
0.973751
0.988062
0.995138
0.998203
0.999393
0.999811
0.999945
0.999985
0.999996
0.999999
0.999999
0.999996
0.999937
0.999226
0.99174
0.946726
0.909572
0.830458
0.665564
0.628356
0.648483
0.735726
0.764396
0.759646
0.750908
0.751801
0.759413
0.761913
0.759739
0.759181
0.761587
0.762105
0.757504
0.735024
0.693722
0.617963
0.511049
0.391405
0.299341
0.245115
0.217082
0.207052
0.206714
0.211722
0.22953
0.284899
0.435059
0.573883
0.656733
0.693432
0.701408
0.697877
0.675547
0.657686
0.653711
0.655915
0.678255
0.720266
0.748705
0.783565
0.835045
0.89024
0.935565
0.965984
0.983542
0.992498
0.996853
0.998727
0.999313
0.999269
0.99882
0.997128
0.995118
0.991454
0.989886
0.990203
0.991377
0.994155
0.996236
0.996924
0.996857
0.995949
0.993805
0.991548
0.989553
0.988508
0.988499
0.988723
0.988324
0.985374
0.971224
0.923047
0.883571
0.873495
0.876191
0.898432
0.938032
0.962277
0.975022
0.981443
0.985202
0.988204
0.990982
0.993373
0.995106
0.996087
0.996454
0.996488
0.996355
0.996053
0.995975
0.99602
0.996422
0.997609
0.998594
0.669811
0.684836
0.760896
0.786706
0.768518
0.682138
0.560744
0.494139
0.469598
0.46008
0.452903
0.445989
0.438933
0.42858
0.413671
0.394228
0.393178
0.405068
0.431206
0.521736
0.768565
0.920759
0.969809
0.982993
0.984586
0.983012
0.974179
0.945202
0.922031
0.911471
0.906524
0.904097
0.902695
0.899819
0.894043
0.888352
0.883617
0.879772
0.877253
0.875659
0.874724
0.87418
0.873869
0.873644
0.873511
0.873506
0.873547
0.873676
0.873956
0.874558
0.876407
0.878116
0.87936
0.881154
0.883293
0.886724
0.894387
0.910125
0.922904
0.928143
0.928826
0.928254
0.928439
0.931245
0.945782
0.970855
0.986467
0.994399
0.997905
0.999285
0.999775
0.999934
0.999982
0.999995
0.999999
1
0.999999
0.999988
0.999825
0.997881
0.976992
0.927262
0.882884
0.753884
0.647263
0.638438
0.671876
0.74413
0.754849
0.750628
0.748879
0.752638
0.759241
0.759035
0.758199
0.75996
0.760653
0.75569
0.732141
0.670254
0.573931
0.46286
0.35758
0.281806
0.236851
0.213887
0.20621
0.206168
0.210434
0.226829
0.279943
0.43495
0.591845
0.67407
0.703995
0.708905
0.703925
0.67805
0.655382
0.648976
0.650341
0.66758
0.714689
0.745949
0.777589
0.825902
0.882443
0.93138
0.96462
0.983457
0.992995
0.997346
0.99884
0.999039
0.998468
0.996048
0.989133
0.981927
0.97185
0.968156
0.968892
0.971989
0.97964
0.988261
0.993193
0.994955
0.994986
0.994073
0.991995
0.989881
0.988258
0.987348
0.98714
0.987009
0.985909
0.979887
0.952001
0.905567
0.887333
0.886699
0.898181
0.934188
0.961042
0.975409
0.982646
0.986432
0.989036
0.991422
0.993662
0.995498
0.996731
0.997364
0.997568
0.997576
0.997487
0.997394
0.997391
0.997469
0.997906
0.99869
0.675112
0.70368
0.784441
0.802371
0.784365
0.715777
0.617764
0.530708
0.482846
0.468755
0.462907
0.459371
0.456061
0.451118
0.443216
0.428659
0.414306
0.411762
0.42073
0.460789
0.616404
0.842713
0.942829
0.975232
0.983194
0.983211
0.98056
0.968443
0.937035
0.918308
0.909522
0.905547
0.903637
0.902228
0.899198
0.892876
0.887019
0.882447
0.879226
0.877083
0.875718
0.87487
0.874412
0.874075
0.873913
0.873924
0.874014
0.874256
0.874745
0.875729
0.877806
0.87986
0.881391
0.882419
0.884437
0.889274
0.902486
0.919599
0.929045
0.930888
0.929809
0.928231
0.928314
0.930948
0.944826
0.97012
0.986079
0.994224
0.997835
0.999258
0.999765
0.999931
0.999981
0.999995
0.999999
1
1
0.999998
0.999958
0.999417
0.9933
0.950232
0.909059
0.826451
0.687535
0.642344
0.647441
0.698463
0.741583
0.747336
0.746493
0.747489
0.753832
0.757343
0.757249
0.757891
0.758035
0.754388
0.733925
0.672812
0.572961
0.462559
0.360129
0.286281
0.241531
0.217504
0.211034
0.212297
0.219383
0.242137
0.315847
0.495408
0.628802
0.69209
0.712706
0.713966
0.706321
0.677103
0.65049
0.641827
0.64261
0.658868
0.71208
0.745457
0.775773
0.822226
0.879117
0.929597
0.964047
0.983756
0.99356
0.99768
0.998767
0.998392
0.995584
0.986598
0.967706
0.956921
0.952891
0.95069
0.949676
0.94962
0.952128
0.965206
0.981933
0.990301
0.993094
0.993194
0.992289
0.990339
0.988473
0.98712
0.986417
0.98611
0.985466
0.982555
0.968416
0.925993
0.900705
0.89711
0.903224
0.932298
0.960744
0.976096
0.983946
0.987851
0.990156
0.992098
0.994007
0.995733
0.997047
0.997859
0.998244
0.998366
0.998381
0.998379
0.998381
0.998415
0.998581
0.99901
0.682005
0.713056
0.796646
0.815205
0.802079
0.750918
0.672843
0.591422
0.50927
0.478637
0.468982
0.464843
0.462676
0.459913
0.455095
0.444486
0.427825
0.420784
0.422239
0.43825
0.512868
0.722989
0.886734
0.956295
0.97801
0.982432
0.981988
0.977847
0.962826
0.931926
0.916136
0.90864
0.905194
0.903348
0.901919
0.898958
0.893988
0.888178
0.883224
0.880018
0.877903
0.876494
0.875739
0.875164
0.874931
0.87497
0.875161
0.87564
0.876446
0.878113
0.880367
0.882204
0.883269
0.884564
0.887361
0.894766
0.912617
0.926742
0.932206
0.93245
0.930169
0.928139
0.928306
0.931843
0.948533
0.973296
0.987996
0.995174
0.998237
0.999407
0.999814
0.999945
0.999985
0.999996
0.999999
1
1
0.999999
0.99999
0.999833
0.99793
0.978419
0.929545
0.873979
0.744267
0.656275
0.64232
0.657213
0.71352
0.739318
0.742823
0.743867
0.747981
0.75421
0.755695
0.75622
0.756108
0.753476
0.738134
0.683991
0.582109
0.472464
0.37279
0.300551
0.254635
0.227954
0.223008
0.225655
0.236666
0.269438
0.37571
0.548721
0.657005
0.703703
0.716933
0.716584
0.705133
0.669096
0.642826
0.634631
0.635643
0.653943
0.71433
0.750637
0.776551
0.82107
0.877948
0.929049
0.964342
0.98436
0.994116
0.997903
0.998284
0.996479
0.986812
0.961919
0.95047
0.94959
0.949995
0.949598
0.948127
0.945694
0.944075
0.944923
0.955362
0.977948
0.988474
0.991549
0.991608
0.990755
0.988873
0.987244
0.986283
0.985847
0.985297
0.983575
0.975611
0.943465
0.913504
0.906918
0.910324
0.932753
0.961468
0.977359
0.985398
0.989318
0.991407
0.992968
0.994506
0.996002
0.997256
0.998131
0.998635
0.998874
0.998967
0.999
0.999021
0.999062
0.999185
0.999419
0.68807
0.720056
0.806245
0.826897
0.819551
0.783797
0.726091
0.658991
0.571035
0.498846
0.477095
0.46848
0.464414
0.460647
0.455934
0.445514
0.430621
0.424029
0.42423
0.431441
0.469813
0.615729
0.806991
0.916327
0.964878
0.979106
0.98146
0.980514
0.974958
0.957074
0.930051
0.915348
0.908432
0.904946
0.903151
0.901785
0.898922
0.895226
0.890822
0.88647
0.882899
0.880215
0.878819
0.877732
0.877351
0.87745
0.877816
0.878629
0.879921
0.88181
0.883549
0.884647
0.885489
0.88717
0.891559
0.904817
0.924718
0.93349
0.934866
0.933597
0.929838
0.928374
0.929231
0.935578
0.957627
0.979577
0.991351
0.996722
0.998865
0.999633
0.999887
0.999966
0.99999
0.999997
0.999999
1
1
1
0.999997
0.999951
0.999319
0.992667
0.951268
0.899234
0.79286
0.683088
0.644863
0.64546
0.675137
0.724233
0.737717
0.740263
0.743018
0.749844
0.753795
0.754634
0.754559
0.75287
0.743375
0.706812
0.607847
0.497471
0.40126
0.332404
0.283347
0.251014
0.246603
0.251144
0.269223
0.323064
0.477128
0.629793
0.696446
0.7183
0.721632
0.718244
0.697999
0.65611
0.633402
0.627462
0.629721
0.652142
0.721173
0.762396
0.784238
0.823665
0.879772
0.931577
0.966617
0.986034
0.995207
0.998022
0.997658
0.99156
0.965166
0.947774
0.947449
0.950171
0.956243
0.957771
0.957091
0.953677
0.945664
0.941822
0.942665
0.953105
0.977568
0.98781
0.990346
0.990293
0.989415
0.987574
0.986389
0.985844
0.98533
0.984109
0.979147
0.955912
0.925042
0.91656
0.918603
0.936059
0.964097
0.979447
0.987045
0.990758
0.99266
0.993928
0.995131
0.99636
0.997472
0.99832
0.998873
0.999185
0.999336
0.999395
0.999423
0.999471
0.999581
0.999698
0.692986
0.730312
0.81611
0.837149
0.834398
0.812793
0.772068
0.721519
0.656219
0.562733
0.499722
0.476872
0.46652
0.460038
0.453385
0.442633
0.43125
0.426507
0.426504
0.431606
0.454537
0.546546
0.737916
0.868887
0.939538
0.970604
0.979353
0.980091
0.978651
0.971966
0.952485
0.928974
0.915202
0.908238
0.904966
0.902836
0.901298
0.899459
0.896394
0.893111
0.890123
0.887254
0.885028
0.883535
0.882594
0.882615
0.882864
0.883438
0.884411
0.885582
0.886349
0.886832
0.887806
0.890483
0.898946
0.920803
0.933223
0.936261
0.935802
0.932774
0.929722
0.929782
0.932449
0.94446
0.970561
0.986674
0.994585
0.997965
0.999282
0.999763
0.999926
0.999978
0.999994
0.999998
1
1
1
1
0.999999
0.999985
0.999763
0.997218
0.974746
0.908124
0.827625
0.718331
0.653654
0.641906
0.651541
0.695603
0.727797
0.735665
0.738345
0.743905
0.75083
0.753344
0.753522
0.752537
0.747284
0.726759
0.660556
0.539385
0.437641
0.370349
0.316279
0.283283
0.282466
0.292449
0.326827
0.429099
0.586801
0.674525
0.712377
0.723202
0.723143
0.715921
0.683801
0.643618
0.624662
0.621215
0.6271
0.659014
0.732931
0.773006
0.794336
0.832625
0.8873
0.937307
0.970486
0.988536
0.996352
0.998016
0.99607
0.979882
0.946982
0.944528
0.94904
0.962269
0.972166
0.973697
0.973304
0.971219
0.962763
0.946491
0.941275
0.942773
0.95696
0.979835
0.987799
0.989419
0.989221
0.988246
0.986745
0.985987
0.985518
0.984562
0.981118
0.964178
0.934879
0.925781
0.927255
0.94253
0.968141
0.982015
0.988792
0.992131
0.993838
0.994891
0.99582
0.996787
0.997717
0.998489
0.999038
0.999374
0.999547
0.999626
0.999675
0.999729
0.999796
0.999854
0.697401
0.739094
0.822766
0.845745
0.846006
0.835978
0.811026
0.775158
0.731149
0.666682
0.583178
0.518609
0.485807
0.469381
0.457133
0.445227
0.436422
0.432346
0.43145
0.43463
0.453254
0.519487
0.686829
0.824373
0.907771
0.952809
0.973133
0.978489
0.978401
0.976427
0.968739
0.948338
0.928475
0.915049
0.90845
0.904791
0.902682
0.900834
0.899362
0.897362
0.894984
0.892715
0.890922
0.889329
0.888342
0.887604
0.887564
0.887679
0.887983
0.888197
0.888397
0.888893
0.89052
0.896257
0.914705
0.931788
0.937082
0.937458
0.936021
0.932324
0.931619
0.933123
0.94052
0.962223
0.983287
0.993671
0.997724
0.999175
0.999702
0.999893
0.999963
0.999988
0.999996
0.999999
1
1
1
1
1
0.999995
0.999915
0.998909
0.989212
0.932284
0.846671
0.751772
0.670448
0.643329
0.643656
0.663539
0.710407
0.728197
0.732412
0.738341
0.746391
0.751069
0.75213
0.751858
0.749341
0.73892
0.706285
0.622226
0.507735
0.434621
0.365432
0.341093
0.346608
0.370875
0.435719
0.571537
0.66318
0.707671
0.723826
0.726519
0.724001
0.708901
0.663677
0.62936
0.617829
0.618456
0.628708
0.678485
0.752963
0.78786
0.806174
0.842164
0.894871
0.942614
0.973857
0.990385
0.996915
0.997694
0.992355
0.956462
0.940098
0.944237
0.961724
0.975075
0.978118
0.978178
0.977487
0.97636
0.973752
0.961915
0.945019
0.94148
0.944935
0.964847
0.982685
0.987897
0.988719
0.988408
0.98734
0.986316
0.985776
0.9849
0.982242
0.96945
0.942944
0.934194
0.935414
0.949114
0.97235
0.984679
0.990529
0.993408
0.994909
0.995796
0.996509
0.99724
0.997987
0.998652
0.999158
0.999485
0.999668
0.999763
0.99982
0.999863
0.999902
0.999933
0.702796
0.747317
0.825803
0.851927
0.855506
0.853077
0.841628
0.819887
0.792499
0.757256
0.706186
0.643157
0.584838
0.546129
0.516173
0.487485
0.468366
0.454049
0.446051
0.445898
0.458439
0.511268
0.652249
0.787475
0.879492
0.933845
0.961604
0.974119
0.977389
0.976987
0.974328
0.964941
0.944197
0.927931
0.915658
0.908729
0.904802
0.902363
0.900806
0.89891
0.897739
0.896181
0.894374
0.893272
0.892157
0.891264
0.89098
0.890575
0.890077
0.889984
0.890144
0.89111
0.895149
0.909554
0.930076
0.937431
0.93867
0.93802
0.935488
0.93395
0.935017
0.94048
0.957945
0.982022
0.993095
0.997387
0.999025
0.99964
0.999869
0.999954
0.999984
0.999995
0.999998
0.999999
1
1
1
1
1
0.999998
0.999969
0.999564
0.995344
0.963271
0.865828
0.775827
0.693905
0.648748
0.640908
0.648008
0.683084
0.716006
0.726621
0.731442
0.740143
0.746925
0.750076
0.750546
0.749563
0.745012
0.730326
0.689124
0.610024
0.537818
0.464477
0.455774
0.466598
0.498967
0.577531
0.652575
0.700487
0.722441
0.728275
0.727733
0.721397
0.6919
0.642792
0.61925
0.615009
0.617706
0.636924
0.707274
0.776342
0.804838
0.821071
0.85509
0.905612
0.949297
0.977287
0.991949
0.997289
0.99726
0.985033
0.942335
0.936641
0.951058
0.973008
0.97917
0.980043
0.979569
0.977868
0.976848
0.975156
0.970471
0.953327
0.942554
0.942219
0.950496
0.974201
0.985029
0.987836
0.988105
0.987698
0.986597
0.985909
0.98509
0.982885
0.972703
0.949505
0.941719
0.942914
0.955697
0.976553
0.987289
0.992185
0.994569
0.995857
0.996611
0.997155
0.99769
0.998263
0.998811
0.999253
0.999556
0.999738
0.999838
0.999894
0.999928
0.999952
0.999969
0.707523
0.749907
0.826164
0.853691
0.859705
0.860852
0.859422
0.852569
0.839987
0.824033
0.801849
0.775643
0.752585
0.732895
0.706201
0.664998
0.609006
0.547813
0.503719
0.48087
0.482227
0.518097
0.633653
0.75589
0.850203
0.913993
0.951002
0.968598
0.975325
0.976383
0.975593
0.971974
0.960033
0.940716
0.92669
0.916522
0.909314
0.905409
0.902465
0.900762
0.899435
0.897609
0.896629
0.895548
0.894116
0.893456
0.892847
0.891866
0.891396
0.891457
0.89213
0.895144
0.905873
0.928369
0.937606
0.939635
0.939246
0.937347
0.935725
0.936811
0.941621
0.955788
0.981615
0.992581
0.997066
0.998857
0.999562
0.999834
0.999937
0.999977
0.999991
0.999997
0.999999
1
1
1
1
1
1
0.999999
0.999988
0.99982
0.997943
0.982063
0.900332
0.794481
0.714165
0.659225
0.641573
0.642303
0.658859
0.700172
0.718799
0.725256
0.73276
0.742766
0.748018
0.749318
0.749113
0.747272
0.741006
0.720984
0.68888
0.634025
0.57936
0.575553
0.584711
0.611361
0.662068
0.701632
0.72243
0.729654
0.73017
0.727617
0.713247
0.666263
0.626607
0.614241
0.614127
0.621093
0.657166
0.74654
0.803155
0.824311
0.837581
0.868541
0.918237
0.957834
0.981609
0.993749
0.997628
0.996594
0.972823
0.932087
0.933093
0.959108
0.976935
0.980966
0.981134
0.9803
0.97739
0.976419
0.975045
0.971617
0.959746
0.944995
0.941557
0.944452
0.962212
0.980085
0.986249
0.987595
0.987533
0.986776
0.985939
0.985146
0.983221
0.974626
0.95474
0.948344
0.9497
0.962138
0.980577
0.989712
0.993692
0.995596
0.996673
0.997315
0.997734
0.998112
0.998533
0.998967
0.99934
0.999611
0.999781
0.999878
0.99993
0.999958
0.999975
0.999985
0.710698
0.746897
0.812316
0.847507
0.85933
0.864023
0.865922
0.865904
0.86277
0.85858
0.85511
0.853476
0.860414
0.869587
0.874771
0.863552
0.824884
0.755084
0.661718
0.58886
0.551384
0.556987
0.622584
0.736979
0.823693
0.889006
0.933683
0.960084
0.971496
0.974983
0.975074
0.973932
0.969315
0.95539
0.937291
0.924743
0.916021
0.909897
0.905684
0.903032
0.90067
0.899243
0.897986
0.896346
0.895573
0.894884
0.893606
0.892909
0.892934
0.893483
0.895951
0.904379
0.926689
0.937803
0.940569
0.940297
0.938589
0.936933
0.937853
0.942273
0.954919
0.980661
0.991989
0.996752
0.9987
0.999485
0.999799
0.999923
0.999971
0.999989
0.999996
0.999999
1
1
1
1
1
1
1
1
0.999996
0.999924
0.999067
0.991218
0.939923
0.81655
0.729338
0.670842
0.643787
0.640556
0.647318
0.67887
0.708868
0.719166
0.727243
0.736341
0.74461
0.747768
0.748181
0.747446
0.745001
0.73629
0.723481
0.697321
0.663883
0.66138
0.666696
0.682423
0.707237
0.723959
0.731006
0.732205
0.73099
0.723854
0.69367
0.641256
0.61696
0.612281
0.614223
0.630426
0.696929
0.784656
0.829861
0.845768
0.856692
0.883375
0.929418
0.965107
0.985623
0.995466
0.997999
0.995569
0.962576
0.923526
0.92855
0.961366
0.979342
0.982844
0.983003
0.981605
0.977028
0.975114
0.974018
0.971181
0.96207
0.947656
0.941595
0.942107
0.951866
0.973725
0.983836
0.986805
0.987172
0.986745
0.98592
0.985132
0.983334
0.975588
0.958948
0.954185
0.955854
0.968321
0.984301
0.991858
0.995023
0.99649
0.997363
0.997906
0.998232
0.998491
0.998788
0.999119
0.999425
0.999659
0.999811
0.9999
0.999947
0.999972
0.999985
0.999992
0.711476
0.736108
0.774723
0.815534
0.850668
0.863225
0.869065
0.87266
0.873863
0.874995
0.882004
0.902518
0.930554
0.951826
0.961937
0.963125
0.951152
0.917572
0.852936
0.748885
0.668082
0.640052
0.651701
0.717843
0.808644
0.870524
0.914878
0.945259
0.963761
0.971881
0.973926
0.973632
0.97199
0.966558
0.951661
0.934109
0.922599
0.914632
0.909258
0.905287
0.902565
0.900703
0.8988
0.897746
0.896837
0.895401
0.894688
0.894728
0.895281
0.897559
0.904934
0.926023
0.938207
0.941572
0.94138
0.939627
0.937872
0.938472
0.942173
0.953577
0.979032
0.991206
0.996386
0.998534
0.99941
0.999764
0.999907
0.999963
0.999986
0.999994
0.999998
0.999999
1
1
1
1
1
1
1
1
0.999998
0.999967
0.999567
0.995694
0.967507
0.853326
0.745131
0.680667
0.647604
0.639352
0.641542
0.659886
0.696384
0.712078
0.71911
0.728967
0.737506
0.744147
0.746747
0.746826
0.745961
0.742545
0.737311
0.726942
0.710052
0.708385
0.710818
0.718114
0.727763
0.732991
0.733949
0.733174
0.729163
0.713092
0.663787
0.62455
0.612429
0.611829
0.617977
0.65095
0.747052
0.82262
0.854148
0.863728
0.87457
0.902867
0.942644
0.972268
0.98927
0.996848
0.998211
0.994172
0.951624
0.912641
0.922841
0.961845
0.982422
0.986155
0.986092
0.983942
0.977422
0.973842
0.972676
0.969985
0.962001
0.949516
0.941934
0.941241
0.945966
0.965661
0.979965
0.985228
0.986503
0.986442
0.985819
0.985025
0.983284
0.97594
0.962514
0.959331
0.961439
0.974108
0.987606
0.993677
0.99614
0.997253
0.997929
0.998383
0.998643
0.998818
0.999017
0.999262
0.999506
0.999702
0.999835
0.999914
0.999957
0.999979
0.999989
0.999995
0.715591
0.727604
0.747215
0.772522
0.81833
0.852473
0.872435
0.885539
0.898706
0.911734
0.931695
0.955495
0.973772
0.983806
0.985858
0.988484
0.990096
0.981862
0.9488
0.896015
0.807985
0.724917
0.703714
0.722977
0.780165
0.852997
0.901229
0.932787
0.953191
0.965462
0.971049
0.972475
0.97184
0.969743
0.963793
0.949058
0.932458
0.921114
0.913701
0.908485
0.905092
0.902421
0.900619
0.899368
0.89777
0.897069
0.897153
0.897814
0.900219
0.907343
0.927227
0.939011
0.942654
0.94255
0.940806
0.938603
0.938772
0.941409
0.951186
0.975914
0.989821
0.995803
0.998298
0.999315
0.999725
0.99989
0.999956
0.999983
0.999993
0.999997
0.999999
1
1
1
1
1
1
1
1
1
0.999999
0.999986
0.999793
0.997831
0.982523
0.897338
0.766344
0.690473
0.651405
0.638053
0.637827
0.646457
0.679312
0.703192
0.711511
0.719296
0.730839
0.73914
0.743882
0.745527
0.745463
0.744335
0.742029
0.738572
0.731118
0.72975
0.730567
0.73316
0.735504
0.735617
0.734907
0.732012
0.722123
0.68817
0.637954
0.615658
0.6111
0.612856
0.628101
0.69303
0.797445
0.855612
0.876939
0.883795
0.894993
0.924507
0.957903
0.980258
0.992387
0.997655
0.998318
0.992646
0.941463
0.902076
0.916628
0.961586
0.983245
0.989848
0.989612
0.986848
0.978591
0.972723
0.971454
0.968909
0.961063
0.950186
0.9424
0.940727
0.943016
0.957402
0.975986
0.983751
0.985756
0.98582
0.985366
0.984625
0.983034
0.976192
0.965725
0.963879
0.966558
0.979388
0.990439
0.995183
0.997051
0.997887
0.998399
0.998761
0.998977
0.999093
0.999217
0.99939
0.99958
0.999742
0.999856
0.999925
0.999963
0.999982
0.999992
0.999996
0.942186
0.837047
0.79848
0.796381
0.802047
0.813441
0.828176
0.855976
0.883986
0.908409
0.932602
0.957788
0.97185
0.970752
0.970416
0.980205
0.991259
0.995478
0.992231
0.954543
0.895796
0.845615
0.783873
0.757606
0.773791
0.817218
0.880677
0.920182
0.944544
0.958896
0.966726
0.969797
0.970444
0.969616
0.967321
0.961402
0.948299
0.933807
0.922141
0.914587
0.909574
0.906111
0.903869
0.90175
0.900916
0.901102
0.902083
0.904996
0.913172
0.930923
0.940505
0.943848
0.943784
0.942246
0.939178
0.93894
0.940603
0.948336
0.970849
0.987648
0.994945
0.99797
0.999194
0.99968
0.999872
0.999949
0.999979
0.999992
0.999997
0.999999
1
1
1
1
1
1
1
1
1
1
1
0.999994
0.999906
0.998936
0.990832
0.939622
0.796359
0.701934
0.65523
0.637487
0.635042
0.638815
0.66053
0.692346
0.706505
0.713566
0.722703
0.734011
0.740576
0.743614
0.744385
0.744018
0.742886
0.741551
0.738986
0.737679
0.73767
0.737663
0.73736
0.736332
0.73341
0.725786
0.705204
0.653946
0.621788
0.611551
0.611079
0.617553
0.650635
0.752974
0.846679
0.888785
0.900685
0.905743
0.917247
0.945388
0.971122
0.987007
0.99516
0.99843
0.9985
0.990991
0.932178
0.88827
0.905212
0.958332
0.983052
0.991984
0.992528
0.989741
0.980427
0.972108
0.969983
0.967428
0.959479
0.949689
0.942572
0.940347
0.941341
0.950359
0.970592
0.980954
0.984204
0.984395
0.983886
0.983291
0.982118
0.976314
0.96889
0.968186
0.971738
0.984444
0.992983
0.996497
0.997841
0.998445
0.998819
0.999085
0.999251
0.999332
0.999397
0.99951
0.999652
0.999781
0.999876
0.999935
0.999968
0.999985
0.999993
0.999997
0.999173
0.996467
0.990341
0.984246
0.979476
0.978582
0.975583
0.96475
0.92704
0.9153
0.920329
0.93608
0.939967
0.942023
0.956736
0.977734
0.989549
0.996274
0.998061
0.995125
0.961586
0.894573
0.842994
0.806028
0.796609
0.8087
0.837424
0.892907
0.929537
0.950215
0.961584
0.966813
0.968299
0.968354
0.967514
0.965333
0.960057
0.950037
0.939176
0.928797
0.921157
0.91547
0.911223
0.909923
0.910304
0.911835
0.91561
0.925888
0.936894
0.943068
0.945238
0.945091
0.943685
0.939558
0.938732
0.939824
0.945893
0.965393
0.985177
0.993945
0.99759
0.999059
0.999635
0.999858
0.999944
0.999978
0.999991
0.999996
0.999999
0.999999
1
1
1
1
1
1
1
1
1
1
1
0.999998
0.99996
0.999506
0.995467
0.967645
0.844767
0.719697
0.659669
0.636648
0.631972
0.633464
0.645136
0.677816
0.699409
0.707913
0.714678
0.723144
0.733283
0.739444
0.742065
0.74275
0.742448
0.741719
0.740512
0.739436
0.738933
0.738341
0.736939
0.733185
0.725494
0.709692
0.668923
0.6302
0.613853
0.610475
0.613151
0.631141
0.702139
0.821204
0.891022
0.919228
0.926914
0.932783
0.946882
0.968159
0.983674
0.992684
0.997369
0.999015
0.998703
0.988906
0.920121
0.867506
0.885397
0.950272
0.981912
0.992478
0.994337
0.99224
0.982951
0.972117
0.968543
0.96551
0.957048
0.948287
0.942325
0.940114
0.940493
0.94566
0.962759
0.975795
0.980626
0.981209
0.981111
0.980949
0.980396
0.976268
0.972015
0.972135
0.977143
0.988922
0.995132
0.997579
0.998488
0.998904
0.999165
0.999346
0.99946
0.999518
0.999551
0.999611
0.999712
0.999814
0.999893
0.999943
0.999972
0.999987
0.999994
0.999997
0.99999
0.999942
0.999805
0.999563
0.99925
0.999003
0.998577
0.997568
0.994524
0.98656
0.968172
0.962563
0.963897
0.970668
0.985612
0.99412
0.997715
0.999135
0.999626
0.999566
0.997289
0.987671
0.962018
0.892418
0.840513
0.827469
0.834744
0.852369
0.890643
0.929821
0.950362
0.960554
0.964827
0.966258
0.966269
0.965489
0.963534
0.96025
0.953514
0.946489
0.941394
0.935254
0.931112
0.930907
0.931622
0.933815
0.938396
0.942909
0.946016
0.946675
0.946345
0.944721
0.939722
0.938315
0.939035
0.943958
0.96085
0.982906
0.99296
0.997207
0.998923
0.999592
0.999846
0.999941
0.999977
0.999991
0.999996
0.999998
0.999999
1
1
1
1
1
1
1
1
1
1
1
1
0.999999
0.999984
0.99978
0.997808
0.983282
0.900266
0.747772
0.667045
0.634908
0.62716
0.627492
0.633905
0.660137
0.686846
0.699938
0.706536
0.711998
0.720154
0.729626
0.736645
0.739575
0.740507
0.740394
0.739858
0.738983
0.738101
0.736261
0.731347
0.719487
0.7068
0.67812
0.64018
0.61831
0.611304
0.611804
0.621651
0.663657
0.782754
0.881839
0.929178
0.947053
0.954026
0.963446
0.976603
0.98618
0.992672
0.996589
0.998726
0.999376
0.998808
0.988091
0.915445
0.85491
0.863853
0.936064
0.979308
0.992411
0.995215
0.993892
0.986007
0.972557
0.967255
0.963586
0.954065
0.946236
0.941739
0.939895
0.94002
0.942965
0.955663
0.969556
0.974214
0.975656
0.977714
0.978874
0.978774
0.976483
0.974638
0.975425
0.982662
0.992414
0.996771
0.998376
0.998962
0.999239
0.999415
0.999534
0.999605
0.999641
0.999661
0.999689
0.999756
0.99984
0.999906
0.99995
0.999975
0.999988
0.999995
0.999998
1
0.999999
0.999997
0.999991
0.999981
0.999966
0.999941
0.99988
0.999703
0.999192
0.997323
0.995773
0.996081
0.997364
0.99872
0.999459
0.99978
0.99991
0.999963
0.999964
0.999799
0.998673
0.994421
0.981672
0.949229
0.883339
0.855737
0.857589
0.867132
0.887543
0.918393
0.943562
0.955727
0.961086
0.963401
0.963752
0.96318
0.961964
0.959404
0.956005
0.95319
0.950189
0.947364
0.946461
0.946576
0.947094
0.94811
0.948351
0.948178
0.947482
0.94515
0.939027
0.937413
0.938031
0.942453
0.957869
0.981186
0.992173
0.996889
0.998807
0.999555
0.999836
0.999939
0.999977
0.999991
0.999996
0.999999
0.999999
1
1
1
1
1
1
1
1
1
1
1
1
1
1
0.999994
0.999909
0.999
0.991687
0.946155
0.792755
0.680689
0.63473
0.621602
0.620747
0.624092
0.642176
0.673892
0.692464
0.700773
0.706442
0.711575
0.718059
0.725388
0.730835
0.734572
0.735563
0.73529
0.73427
0.731898
0.726665
0.710577
0.69647
0.679799
0.651054
0.625699
0.61405
0.612404
0.617594
0.645281
0.739131
0.85974
0.929735
0.962293
0.974896
0.981399
0.985847
0.990013
0.993655
0.996408
0.998269
0.999332
0.999586
0.9989
0.988014
0.915476
0.852556
0.854009
0.918428
0.975168
0.991937
0.996012
0.995313
0.989261
0.973952
0.965843
0.961821
0.951363
0.944057
0.940856
0.939647
0.939701
0.941408
0.950063
0.961637
0.96685
0.969917
0.97395
0.977076
0.97764
0.976813
0.976336
0.978633
0.988221
0.995152
0.997951
0.998936
0.999297
0.999476
0.99959
0.999663
0.999703
0.999722
0.999733
0.999748
0.999789
0.99986
0.999918
0.999956
0.999978
0.999989
0.999995
0.999998
1
1
1
1
1
0.999999
0.999998
0.999996
0.999989
0.999968
0.999872
0.999791
0.999826
0.999903
0.999954
0.999981
0.999992
0.999997
0.999999
0.999999
0.999988
0.999884
0.999341
0.997362
0.991197
0.975315
0.930281
0.885636
0.877896
0.881518
0.890339
0.90708
0.926636
0.943837
0.953658
0.958126
0.960132
0.960114
0.959427
0.95787
0.956292
0.954662
0.953138
0.95213
0.951287
0.950527
0.950037
0.949365
0.947914
0.943715
0.93731
0.936099
0.936793
0.941383
0.957137
0.980595
0.991849
0.996743
0.99875
0.999536
0.999832
0.99994
0.999978
0.999992
0.999997
0.999999
1
1
1
1
1
1
1
1
1
1
1
1
1
1
1
1
0.999998
0.999966
0.999576
0.996107
0.972328
0.854514
0.706007
0.63856
0.616984
0.613849
0.615509
0.625858
0.657723
0.684452
0.696512
0.703673
0.706901
0.711021
0.714231
0.717234
0.720936
0.721291
0.720454
0.717938
0.71279
0.699715
0.684665
0.675909
0.663775
0.636623
0.618775
0.613846
0.616616
0.634956
0.703238
0.838785
0.923951
0.9666
0.983714
0.990202
0.992696
0.994146
0.99559
0.997002
0.998187
0.999087
0.999618
0.999695
0.998992
0.988783
0.919778
0.853423
0.851668
0.901348
0.969625
0.991031
0.996377
0.996655
0.992107
0.977
0.965428
0.960745
0.949799
0.942271
0.939967
0.939408
0.939472
0.940482
0.945229
0.955653
0.961717
0.965419
0.970857
0.975505
0.977049
0.977062
0.977788
0.98383
0.992656
0.997049
0.998736
0.999309
0.999527
0.999642
0.999711
0.999749
0.999767
0.999775
0.999781
0.99979
0.999819
0.999881
0.99993
0.999963
0.999981
0.999991
0.999996
0.999998
1
1
1
1
1
1
1
1
1
0.999999
0.999996
0.999995
0.999996
0.999998
0.999999
1
1
1
1
1
0.999999
0.999992
0.999939
0.999689
0.998744
0.995782
0.987045
0.965316
0.920431
0.897321
0.895944
0.898616
0.905156
0.914713
0.926453
0.937374
0.946403
0.951621
0.954478
0.954773
0.954531
0.953958
0.952948
0.951894
0.950871
0.950037
0.948662
0.945824
0.938758
0.934541
0.934306
0.935554
0.941309
0.959751
0.981788
0.992279
0.996883
0.998796
0.999552
0.999839
0.999943
0.99998
0.999993
0.999997
0.999999
1
1
1
1
1
1
1
1
1
1
1
1
1
1
1
1
1
0.999999
0.999988
0.999836
0.998311
0.986577
0.916767
0.745544
0.648704
0.613544
0.606566
0.607159
0.613203
0.637163
0.668646
0.68802
0.697606
0.701062
0.703701
0.704953
0.705383
0.705334
0.704696
0.703138
0.700192
0.691841
0.679705
0.673307
0.665992
0.645747
0.624064
0.615934
0.617134
0.630059
0.680077
0.815163
0.918592
0.965116
0.984788
0.992791
0.995865
0.996976
0.997506
0.998022
0.998568
0.999078
0.99952
0.999775
0.999789
0.999122
0.99024
0.928039
0.857341
0.851803
0.886188
0.96302
0.989826
0.996387
0.997487
0.994322
0.98154
0.965638
0.959891
0.949108
0.941249
0.939285
0.939089
0.939245
0.940154
0.943818
0.953287
0.958102
0.96272
0.969706
0.974814
0.976664
0.97757
0.980949
0.98958
0.995579
0.998263
0.999231
0.999555
0.999686
0.999754
0.999789
0.999804
0.999809
0.999812
0.999815
0.999822
0.999849
0.999903
0.999944
0.99997
0.999985
0.999993
0.999997
0.999999
1
1
1
1
1
1
1
1
1
1
1
1
1
1
1
1
1
1
1
1
1
1
0.999996
0.999971
0.999855
0.999409
0.997937
0.993679
0.983611
0.959007
0.925715
0.910481
0.909349
0.910723
0.914199
0.919529
0.924514
0.930324
0.935612
0.939223
0.942515
0.944052
0.944033
0.943584
0.942446
0.940328
0.935775
0.932474
0.931829
0.932394
0.935504
0.944396
0.968027
0.985286
0.9936
0.997366
0.998969
0.999613
0.99986
0.999951
0.999983
0.999994
0.999998
0.999999
1
1
1
1
1
1
1
1
1
1
1
1
1
1
1
1
1
1
1
0.999997
0.999945
0.999344
0.994131
0.958928
0.809794
0.670788
0.614097
0.59842
0.597629
0.601028
0.617957
0.649675
0.672553
0.685778
0.692412
0.695727
0.696524
0.696448
0.696017
0.695049
0.692917
0.685628
0.676247
0.671614
0.666658
0.652988
0.629868
0.619055
0.619239
0.629054
0.670419
0.795358
0.910781
0.962381
0.984253
0.993261
0.996881
0.998272
0.998759
0.998951
0.999123
0.999318
0.999535
0.999748
0.999862
0.999853
0.999265
0.991995
0.939001
0.864667
0.854608
0.880201
0.955699
0.988371
0.9963
0.997883
0.996278
0.986589
0.967963
0.959231
0.949961
0.941017
0.939055
0.938973
0.939213
0.940188
0.943994
0.951958
0.956172
0.96224
0.96978
0.974704
0.976593
0.979017
0.986301
0.993569
0.997439
0.999005
0.999539
0.999718
0.999791
0.999824
0.999835
0.999837
0.999837
0.999838
0.99984
0.999847
0.999876
0.999923
0.999956
0.999977
0.999989
0.999995
0.999997
0.999999
1
1
1
1
1
1
1
1
1
1
1
1
1
1
1
1
1
1
1
1
1
1
1
0.999998
0.999987
0.999934
0.999733
0.999069
0.997248
0.992629
0.983343
0.962736
0.938827
0.924956
0.92054
0.920815
0.921776
0.923763
0.925452
0.926876
0.928523
0.929488
0.929581
0.929387
0.928793
0.928773
0.929052
0.930143
0.933227
0.940351
0.958954
0.978931
0.989961
0.995513
0.99811
0.999246
0.999713
0.999895
0.999963
0.999987
0.999996
0.999999
1
1
1
1
1
1
1
1
1
1
1
1
1
1
1
1
1
1
1
1
1
0.999999
0.999984
0.999781
0.997737
0.981914
0.887792
0.710424
0.623637
0.593461
0.588114
0.589682
0.600733
0.633777
0.660801
0.677007
0.686164
0.690768
0.692141
0.692171
0.691796
0.690292
0.684163
0.675822
0.67204
0.668284
0.658322
0.635585
0.622868
0.622471
0.630834
0.667973
0.785079
0.905711
0.96046
0.983771
0.993339
0.997193
0.998724
0.999311
0.999511
0.999574
0.999622
0.999678
0.999762
0.99986
0.999909
0.999894
0.999424
0.993894
0.952129
0.875679
0.861212
0.879938
0.949062
0.986778
0.996146
0.998138
0.99761
0.991207
0.973832
0.959296
0.952629
0.94225
0.939255
0.93907
0.939359
0.940566
0.945302
0.952068
0.956092
0.962633
0.970351
0.974762
0.97715
0.983116
0.99115
0.996251
0.998587
0.999448
0.999728
0.99982
0.999853
0.999862
0.999861
0.999855
0.999853
0.999853
0.999856
0.999867
0.999904
0.999943
0.999968
0.999983
0.999992
0.999996
0.999998
0.999999
1
1
1
1
1
1
1
1
1
1
1
1
1
1
1
1
1
1
1
1
1
1
1
1
0.999999
0.999994
0.999973
0.999891
0.999633
0.998922
0.997218
0.993158
0.986782
0.973674
0.960185
0.946062
0.937235
0.933178
0.93105
0.930179
0.930201
0.930316
0.93051
0.930985
0.932076
0.934451
0.938681
0.9462
0.962807
0.978541
0.988616
0.994391
0.99742
0.998886
0.999546
0.999824
0.999935
0.999977
0.999992
0.999997
0.999999
1
1
1
1
1
1
1
1
1
1
1
1
1
1
1
1
1
1
1
1
1
1
1
0.999996
0.999941
0.99928
0.993294
0.951519
0.784214
0.647772
0.597431
0.583026
0.582211
0.587803
0.614212
0.648781
0.670384
0.682292
0.687653
0.688832
0.68876
0.688066
0.685158
0.67843
0.674998
0.671684
0.662674
0.64084
0.627322
0.626984
0.635492
0.672003
0.787516
0.906285
0.960744
0.984048
0.993601
0.997417
0.998926
0.99952
0.999744
0.999818
0.999835
0.99984
0.999848
0.99987
0.999912
0.999932
0.999916
0.999565
0.995581
0.9652
0.889978
0.871554
0.883866
0.944229
0.985273
0.995951
0.998285
0.9982
0.99502
0.981562
0.962739
0.954653
0.946284
0.940772
0.93984
0.940281
0.942704
0.94882
0.952658
0.956581
0.964368
0.971428
0.975075
0.980015
0.988547
0.994767
0.997971
0.999263
0.999702
0.999837
0.999876
0.999883
0.999879
0.999867
0.999861
0.999859
0.99986
0.999866
0.999891
0.99993
0.999959
0.999977
0.999988
0.999994
0.999997
0.999998
0.999998
1
1
1
1
1
1
1
1
1
1
1
1
1
1
1
1
1
1
1
1
1
1
1
1
1
1
0.999998
0.99999
0.999961
0.999875
0.999643
0.999084
0.997958
0.995168
0.99151
0.987273
0.979545
0.972906
0.967789
0.962054
0.958515
0.958261
0.95888
0.960681
0.96446
0.971643
0.979444
0.986378
0.991747
0.995406
0.997641
0.998876
0.9995
0.999791
0.999917
0.999969
0.999989
0.999996
0.999999
1
1
1
1
1
1
1
1
1
1
1
1
1
1
1
1
1
1
1
1
1
1
1
1
1
0.999999
0.999987
0.999821
0.998061
0.983515
0.892135
0.702831
0.612908
0.585166
0.580331
0.582163
0.596085
0.631312
0.658101
0.67398
0.681193
0.68322
0.683257
0.682846
0.681106
0.678782
0.675836
0.667444
0.645452
0.633041
0.633507
0.644198
0.683651
0.805356
0.914232
0.964042
0.985466
0.994251
0.997739
0.999101
0.999631
0.999836
0.999912
0.999934
0.999936
0.99993
0.999921
0.999921
0.999932
0.999941
0.999928
0.99968
0.996951
0.975958
0.907527
0.884734
0.892384
0.942844
0.984124
0.995738
0.998316
0.998623
0.997125
0.989649
0.970583
0.956471
0.950456
0.945673
0.943393
0.944257
0.947728
0.951075
0.953581
0.958677
0.966948
0.972597
0.977202
0.986072
0.993189
0.997219
0.998991
0.999635
0.999837
0.999892
0.999902
0.999897
0.99988
0.999866
0.99986
0.999859
0.999862
0.999877
0.999915
0.999946
0.999968
0.999982
0.99999
0.999994
0.999996
0.999997
0.999998
1
1
1
1
1
1
1
1
1
1
1
1
1
1
1
1
1
1
1
1
1
1
1
1
1
1
1
0.999999
0.999997
0.999989
0.999964
0.999902
0.999761
0.999355
0.998782
0.998026
0.996033
0.994541
0.993306
0.991187
0.990022
0.990007
0.990337
0.991224
0.992827
0.994649
0.996354
0.997728
0.998702
0.999316
0.999666
0.999848
0.999935
0.999974
0.99999
0.999996
0.999999
1
1
1
1
1
1
1
1
1
1
1
1
1
1
1
1
1
1
1
1
1
1
1
1
1
1
1
1
0.999998
0.999964
0.999559
0.99571
0.967009
0.821888
0.660181
0.598459
0.583213
0.583137
0.590552
0.617635
0.645296
0.662991
0.672754
0.677177
0.678531
0.678588
0.678296
0.677113
0.671266
0.6514
0.642753
0.644725
0.659678
0.70842
0.840808
0.929265
0.970251
0.988022
0.995307
0.998185
0.999298
0.999725
0.999887
0.999948
0.999969
0.999973
0.999972
0.999963
0.999945
0.999939
0.999941
0.999943
0.999934
0.999764
0.997957
0.983909
0.92611
0.899468
0.903864
0.94341
0.98347
0.995499
0.998311
0.998889
0.99824
0.994811
0.982406
0.963522
0.95395
0.949625
0.94775
0.948398
0.950421
0.952568
0.955433
0.961986
0.969538
0.975341
0.983982
0.991831
0.996474
0.998678
0.999536
0.999821
0.999901
0.999916
0.999913
0.999896
0.999875
0.999859
0.999852
0.999852
0.999857
0.999884
0.999924
0.999952
0.999971
0.999983
0.99999
0.999994
0.999995
0.999996
0.999996
1
1
1
1
1
1
1
1
1
1
1
1
1
1
1
1
1
1
1
1
1
1
1
1
1
1
1
1
1
0.999999
0.999997
0.999991
0.999977
0.999935
0.999868
0.999767
0.999463
0.999216
0.999012
0.998613
0.998463
0.998485
0.998573
0.998784
0.999062
0.999341
0.999577
0.999751
0.999865
0.999932
0.999968
0.999986
0.999994
0.999998
0.999999
1
1
1
1
1
1
1
1
1
1
1
1
1
1
1
1
1
1
1
1
1
1
1
1
1
1
1
1
1
1
1
0.999994
0.999913
0.999051
0.991916
0.946936
0.772977
0.642578
0.598388
0.590193
0.594056
0.614424
0.6409
0.658445
0.668937
0.674382
0.676501
0.676868
0.676534
0.672815
0.65962
0.65697
0.661337
0.68229
0.754813
0.878599
0.945676
0.977139
0.990791
0.996402
0.998621
0.999477
0.999801
0.999922
0.999966
0.99998
0.999984
0.999984
0.999981
0.99997
0.999951
0.999943
0.999942
0.999943
0.999935
0.99982
0.998638
0.989336
0.943094
0.914087
0.916246
0.946305
0.983292
0.995214
0.998273
0.998983
0.998893
0.997328
0.991919
0.977179
0.961908
0.954753
0.95204
0.951638
0.953119
0.955414
0.960052
0.967918
0.975035
0.983207
0.991058
0.995932
0.9984
0.99943
0.999794
0.999903
0.999928
0.999927
0.999913
0.999885
0.999855
0.999832
0.999823
0.999824
0.99984
0.999887
0.999925
0.999952
0.99997
0.999982
0.999989
0.999992
0.999993
0.999993
0.999992
1
1
1
1
1
1
1
1
1
1
1
1
1
1
1
1
1
1
1
1
1
1
1
1
1
1
1
1
1
1
1
0.999999
0.999998
0.999995
0.99999
0.99998
0.999949
0.999925
0.999897
0.999856
0.999851
0.999855
0.999869
0.999893
0.99992
0.999945
0.999965
0.99998
0.999989
0.999994
0.999997
0.999999
1
1
1
1
1
1
1
1
1
1
1
1
1
1
1
1
1
1
1
1
1
1
1
1
1
1
1
1
1
1
1
1
1
1
0.999999
0.999986
0.999827
0.998359
0.988191
0.938837
0.772362
0.655512
0.616124
0.611236
0.619412
0.641667
0.658552
0.668812
0.674334
0.676706
0.677168
0.676041
0.673895
0.675805
0.686489
0.721826
0.826461
0.915876
0.961948
0.983771
0.993397
0.997409
0.99901
0.999628
0.999862
0.999948
0.999977
0.999985
0.999987
0.999986
0.999985
0.999981
0.999968
0.99995
0.999941
0.999938
0.999937
0.999929
0.999846
0.999064
0.992887
0.957286
0.927732
0.928335
0.951027
0.983438
0.99487
0.998167
0.999008
0.999181
0.998617
0.996228
0.990058
0.977717
0.966828
0.961101
0.95879
0.959783
0.963954
0.971242
0.978131
0.984917
0.991339
0.995839
0.998273
0.99936
0.99977
0.999902
0.999934
0.999936
0.999927
0.999896
0.999846
0.999798
0.99977
0.999764
0.999776
0.999827
0.999881
0.99992
0.999948
0.999967
0.999979
0.999985
0.999987
0.999987
0.999987
0.999985
1
1
1
1
1
1
1
1
1
1
1
1
1
1
1
1
1
1
1
1
1
1
1
1
1
1
1
1
1
1
1
1
1
1
0.999999
0.999999
0.999997
0.999996
0.999993
0.999992
0.999992
0.999993
0.999994
0.999995
0.999996
0.999998
0.999998
0.999999
1
1
1
1
1
1
1
1
1
1
1
1
1
1
1
1
1
1
1
1
1
1
1
1
1
1
1
1
1
1
1
1
1
1
1
1
1
1
1
0.999998
0.999977
0.999751
0.998029
0.988281
0.950775
0.84131
0.723855
0.668141
0.654077
0.657604
0.6671
0.675242
0.680829
0.684824
0.688049
0.69319
0.705485
0.740643
0.832067
0.908642
0.954336
0.978792
0.990758
0.996183
0.998492
0.999425
0.999786
0.999922
0.99997
0.999986
0.999989
0.999988
0.999984
0.999977
0.999972
0.999964
0.999946
0.999931
0.999921
0.999919
0.999918
0.999911
0.999848
0.999328
0.995224
0.968802
0.94055
0.940031
0.956902
0.98399
0.994457
0.997938
0.998998
0.999297
0.999227
0.998351
0.995805
0.990678
0.983302
0.977923
0.975475
0.975801
0.97919
0.983816
0.98854
0.992971
0.996382
0.998403
0.999375
0.999768
0.999901
0.999937
0.99994
0.999934
0.999904
0.999828
0.999736
0.999668
0.999646
0.999656
0.999721
0.999801
0.999859
0.999902
0.999933
0.999955
0.999968
0.999975
0.999976
0.999976
0.999975
0.999967
1
1
1
1
1
1
1
1
1
1
1
1
1
1
1
1
1
1
1
1
1
1
1
1
1
1
1
1
1
1
1
1
1
1
1
1
1
1
1
1
1
1
1
1
1
1
1
1
1
1
1
1
1
1
1
1
1
1
1
1
1
1
1
1
1
1
1
1
1
1
1
1
1
1
1
1
1
1
1
1
1
1
1
1
1
1
1
1
0.999998
0.999973
0.999762
0.998427
0.992323
0.97026
0.919085
0.854554
0.802233
0.763316
0.750853
0.751432
0.756175
0.767352
0.788428
0.830252
0.883765
0.929811
0.961713
0.980813
0.99106
0.996091
0.998381
0.99936
0.999756
0.99991
0.999967
0.999987
0.999992
0.999992
0.999987
0.999974
0.999945
0.999919
0.999901
0.999886
0.999869
0.999863
0.999862
0.999866
0.99987
0.999866
0.999821
0.999473
0.996792
0.977883
0.951762
0.950244
0.962583
0.984377
0.993928
0.997523
0.998885
0.999325
0.999459
0.999284
0.998469
0.996616
0.993678
0.990666
0.989208
0.989049
0.990662
0.992985
0.995395
0.997426
0.998774
0.999485
0.999795
0.999907
0.999937
0.99994
0.999932
0.999893
0.999782
0.999619
0.999496
0.999457
0.999474
0.99957
0.999673
0.99975
0.999811
0.99986
0.9999
0.999929
0.999947
0.999955
0.999957
0.999955
0.99995
0.999927
1
1
1
1
1
1
1
1
1
1
1
1
1
1
1
1
1
1
1
1
1
1
1
1
1
1
1
1
1
1
1
1
1
1
1
1
1
1
1
1
1
1
1
1
1
1
1
1
1
1
1
1
1
1
1
1
1
1
1
1
1
1
1
1
1
1
1
1
1
1
1
1
1
1
1
1
1
1
1
1
1
1
1
1
1
1
1
1
1
0.999998
0.99998
0.999854
0.999197
0.996443
0.987769
0.972221
0.950743
0.929572
0.921737
0.921907
0.924618
0.931405
0.946217
0.965013
0.979639
0.989145
0.994635
0.997518
0.998917
0.999551
0.999822
0.999932
0.999975
0.999991
0.999996
0.999995
0.999993
0.999981
0.99994
0.999888
0.999787
0.999699
0.999651
0.999655
0.999672
0.999693
0.999716
0.999756
0.999784
0.999784
0.999754
0.999507
0.997631
0.983693
0.960133
0.957755
0.96591
0.984375
0.993219
0.996878
0.99856
0.999268
0.999514
0.999588
0.999453
0.998976
0.998089
0.996977
0.996319
0.996151
0.996734
0.997631
0.998535
0.999228
0.999642
0.99984
0.999915
0.999934
0.999934
0.999916
0.999847
0.999656
0.999374
0.999189
0.999145
0.999192
0.999351
0.999475
0.999563
0.999637
0.999709
0.999779
0.999841
0.999887
0.999915
0.999926
0.999928
0.999924
0.999908
0.999839
1
1
1
1
1
1
1
1
1
1
1
1
1
1
1
1
1
1
1
1
1
1
1
1
1
1
1
1
1
1
1
1
1
1
1
1
1
1
1
1
1
1
1
1
1
1
1
1
1
1
1
1
1
1
1
1
1
1
1
1
1
1
1
1
1
1
1
1
1
1
1
1
1
1
1
1
1
1
1
1
1
1
1
1
1
1
1
1
1
1
0.999999
0.999991
0.999945
0.99973
0.998993
0.997343
0.993552
0.988721
0.986988
0.987098
0.987827
0.989582
0.993171
0.996213
0.998041
0.999047
0.999562
0.999809
0.99992
0.999968
0.999988
0.999996
0.999998
0.999998
0.999997
0.99999
0.999967
0.999891
0.999707
0.999541
0.999175
0.998936
0.998946
0.999016
0.999171
0.999315
0.999426
0.999546
0.999647
0.999672
0.999654
0.999469
0.997945
0.986453
0.965998
0.962965
0.968114
0.983699
0.992321
0.995979
0.997955
0.998955
0.999472
0.999643
0.999697
0.999661
0.99949
0.999207
0.998992
0.998923
0.999084
0.999348
0.999604
0.999784
0.99988
0.999917
0.999925
0.999917
0.999871
0.999729
0.999402
0.999021
0.998811
0.998766
0.998848
0.999041
0.99916
0.999239
0.999321
0.999427
0.999549
0.99967
0.99977
0.999839
0.999877
0.99989
0.99989
0.999878
0.999833
0.999635
1
1
1
1
1
1
1
1
1
1
1
1
1
1
1
1
1
1
1
1
1
1
1
1
1
1
1
1
1
1
1
1
1
1
1
1
1
1
1
1
1
1
1
1
1
1
1
1
1
1
1
1
1
1
1
1
1
1
1
1
1
1
1
1
1
1
1
1
1
1
1
1
1
1
1
1
1
1
1
1
1
1
1
1
1
1
1
1
1
1
1
1
0.999998
0.999988
0.99995
0.999854
0.999582
0.999062
0.998891
0.998918
0.999017
0.999254
0.999604
0.999804
0.999907
0.999958
0.999981
0.999992
0.999997
0.999999
0.999999
0.999999
0.999999
0.999996
0.999982
0.999934
0.999796
0.999331
0.998853
0.998197
0.996976
0.996757
0.99691
0.997336
0.997959
0.998473
0.998873
0.99918
0.999422
0.999519
0.999516
0.999369
0.997968
0.987699
0.970718
0.967274
0.969992
0.982417
0.991238
0.994852
0.997014
0.998282
0.999143
0.999551
0.999718
0.999775
0.999787
0.999769
0.999732
0.999721
0.999757
0.999813
0.999863
0.999893
0.999904
0.9999
0.999859
0.999737
0.999446
0.998966
0.998548
0.998344
0.998324
0.998498
0.998784
0.998925
0.998972
0.998996
0.999043
0.999176
0.999391
0.999578
0.999714
0.999796
0.999833
0.99984
0.999836
0.999792
0.999655
0.999092
1
1
1
1
1
1
1
1
1
1
1
1
1
1
1
1
1
1
1
1
1
1
1
1
1
1
1
1
1
1
1
1
1
1
1
1
1
1
1
1
1
1
1
1
1
1
1
1
1
1
1
1
1
1
1
1
1
1
1
1
1
1
1
1
1
1
1
1
1
1
1
1
1
1
1
1
1
1
1
1
1
1
1
1
1
1
1
1
1
1
1
1
1
1
0.999999
0.999996
0.999986
0.999961
0.999955
0.999958
0.999965
0.99998
0.999991
0.999996
0.999998
0.999999
1
1
1
1
1
0.999998
0.999991
0.999963
0.999861
0.999548
0.99878
0.996991
0.995751
0.993572
0.99101
0.990946
0.991538
0.993257
0.995395
0.996998
0.997869
0.998419
0.998945
0.999269
0.999333
0.999211
0.997829
0.989225
0.976283
0.970856
0.971358
0.980434
0.989921
0.993606
0.995775
0.997213
0.998369
0.999083
0.999464
0.999655
0.999752
0.999794
0.99981
0.999825
0.999841
0.999855
0.999861
0.999847
0.99979
0.999653
0.999368
0.998875
0.998331
0.997962
0.997809
0.997848
0.99815
0.99849
0.998669
0.998718
0.99872
0.998722
0.998762
0.99897
0.999303
0.999536
0.999676
0.999741
0.999757
0.999753
0.999719
0.999512
0.999063
0.997501
1
1
1
1
1
1
1
1
1
1
1
1
1
1
1
1
1
1
1
1
1
1
1
1
1
1
1
1
1
1
1
1
1
1
1
1
1
1
1
1
1
1
1
1
1
1
1
1
1
1
1
1
1
1
1
1
1
1
1
1
1
1
1
1
1
1
1
1
1
1
1
1
1
1
1
1
1
1
1
1
1
1
1
1
1
1
1
1
1
1
1
1
1
1
1
1
1
0.999999
0.999999
0.999999
1
1
1
1
1
1
1
1
1
0.999999
0.999996
0.999982
0.999928
0.999729
0.999093
0.997468
0.994051
0.991746
0.988839
0.984274
0.981523
0.981481
0.982289
0.984876
0.990092
0.994006
0.996321
0.997674
0.99854
0.998996
0.9991
0.998967
0.997514
0.992603
0.983778
0.973745
0.971799
0.978569
0.988443
0.992489
0.99469
0.996201
0.997405
0.998309
0.998805
0.999117
0.999363
0.999532
0.999639
0.9997
0.999728
0.999727
0.999667
0.999515
0.999221
0.998721
0.998103
0.997608
0.997318
0.997257
0.997417
0.997824
0.998184
0.998377
0.998401
0.998373
0.998349
0.998374
0.998573
0.999029
0.999355
0.999533
0.99959
0.999592
0.999566
0.999472
0.999195
0.998035
0.996651
0.992717
1
1
1
1
1
1
1
1
1
1
1
1
1
1
1
1
1
1
1
1
1
1
1
1
1
1
1
1
1
1
1
1
1
1
1
1
1
1
1
1
1
1
1
1
1
1
1
1
1
1
1
1
1
1
1
1
1
1
1
1
1
1
1
1
1
1
1
1
1
1
1
1
1
1
1
1
1
1
1
1
1
1
1
1
1
1
1
1
1
1
1
1
1
1
1
1
1
1
1
1
1
1
1
1
1
1
1
0.999999
0.999997
0.999991
0.999966
0.999874
0.999549
0.99848
0.995571
0.991324
0.990079
0.988246
0.983775
0.980058
0.978371
0.97834
0.97897
0.980897
0.985558
0.990867
0.994556
0.996626
0.99788
0.998653
0.998923
0.998849
0.997929
0.995942
0.991937
0.977806
0.970136
0.975426
0.986495
0.991461
0.994174
0.995818
0.997026
0.99783
0.998224
0.998506
0.998751
0.998963
0.999147
0.999265
0.999307
0.999229
0.998976
0.998477
0.997804
0.997212
0.996825
0.996677
0.996751
0.997082
0.9975
0.997868
0.998059
0.998061
0.997969
0.997918
0.997956
0.99825
0.99883
0.999189
0.999314
0.999317
0.999241
0.998967
0.998497
0.997728
0.996059
0.991206
0.988017
0.980316
1
1
1
1
1
1
1
1
1
1
1
1
1
1
1
1
1
1
1
1
1
1
1
1
1
1
1
1
1
1
1
1
1
1
1
1
1
1
1
1
1
1
1
1
1
1
1
1
1
1
1
1
1
1
1
1
1
1
1
1
1
1
1
1
1
1
1
1
1
1
1
1
1
1
1
1
1
1
1
1
1
1
1
1
1
1
1
1
1
1
1
1
1
1
1
1
1
1
1
1
1
1
1
1
1
1
0.999998
0.999992
0.999973
0.999921
0.999761
0.999256
0.997681
0.992884
0.988922
0.989194
0.989239
0.987299
0.982135
0.978839
0.97761
0.977513
0.97805
0.97999
0.985045
0.990307
0.993879
0.996109
0.997607
0.998518
0.998824
0.998781
0.998314
0.997207
0.994303
0.979448
0.963801
0.968384
0.983373
0.989842
0.993364
0.995373
0.996635
0.997363
0.997744
0.998014
0.998217
0.998361
0.998441
0.998435
0.998293
0.997841
0.997193
0.996578
0.996193
0.996035
0.996094
0.99638
0.996767
0.9972
0.997541
0.997698
0.997657
0.997506
0.997479
0.997599
0.998138
0.998675
0.998869
0.998872
0.998722
0.998127
0.996391
0.9943
0.991258
0.987346
0.980946
0.971351
0.966346
0.953669
1
1
1
1
1
1
1
1
1
1
1
1
1
1
1
1
1
1
1
1
1
1
1
1
1
1
1
1
1
1
1
1
1
1
1
1
1
1
1
1
1
1
1
1
1
1
1
1
1
1
1
1
1
1
1
1
1
1
1
1
1
1
1
1
1
1
1
1
1
1
1
1
1
1
1
1
1
1
1
1
1
1
1
1
1
1
1
1
1
1
1
1
1
1
1
1
1
1
1
1
1
1
1
1
0.999999
0.999995
0.999979
0.999919
0.999773
0.99945
0.99863
0.996433
0.989577
0.986389
0.98711
0.990799
0.990938
0.987186
0.98182
0.978697
0.977606
0.977649
0.978402
0.980686
0.985863
0.990745
0.994064
0.996214
0.997649
0.99843
0.998665
0.99865
0.998473
0.997988
0.996076
0.982656
0.955248
0.956027
0.977511
0.987634
0.99181
0.99427
0.995635
0.996323
0.996755
0.997025
0.99717
0.997196
0.997016
0.99654
0.99599
0.99556
0.995333
0.995277
0.995411
0.995697
0.996065
0.996502
0.996909
0.997192
0.997279
0.997172
0.997071
0.997122
0.997503
0.998028
0.998195
0.998154
0.997796
0.996567
0.992442
0.986559
0.979659
0.972782
0.963099
0.953288
0.941595
0.931243
0.925717
0.910502
1
1
1
1
1
1
1
1
1
1
1
1
1
1
1
1
1
1
1
1
1
1
1
1
1
1
1
1
1
1
1
1
1
1
1
1
1
1
1
1
1
1
1
1
1
1
1
1
1
1
1
1
1
1
1
1
1
1
1
1
1
1
1
1
1
1
1
1
1
1
1
1
1
1
1
1
1
1
1
1
1
1
1
1
1
1
1
1
1
1
1
1
1
1
1
1
1
1
1
1
1
1
0.999999
0.999995
0.999981
0.999937
0.999795
0.999259
0.998428
0.99693
0.993729
0.985869
0.983657
0.984694
0.990161
0.99212
0.99244
0.989383
0.984493
0.980776
0.979088
0.978739
0.979754
0.982722
0.987773
0.991828
0.994588
0.996519
0.997773
0.998363
0.998522
0.998534
0.998501
0.998348
0.997266
0.987723
0.949826
0.937387
0.964243
0.985892
0.990207
0.992177
0.993441
0.994119
0.994424
0.994561
0.9945
0.994381
0.994266
0.994236
0.994258
0.99443
0.994687
0.995016
0.995395
0.995827
0.996268
0.996599
0.996806
0.996819
0.996742
0.99675
0.996951
0.997313
0.997432
0.997307
0.996399
0.993421
0.985045
0.969192
0.952231
0.939512
0.926481
0.913814
0.898537
0.889459
0.883597
0.880344
0.877308
0.864657
1
1
1
1
1
1
1
1
1
1
1
1
1
1
1
1
1
1
1
1
1
1
1
1
1
1
1
1
1
1
1
1
1
1
1
1
1
1
1
1
1
1
1
1
1
1
1
1
1
1
1
1
1
1
1
1
1
1
1
1
1
1
1
1
1
1
1
1
1
1
1
1
1
1
1
1
1
1
1
1
1
1
1
1
1
1
1
1
1
1
1
1
1
1
1
1
1
1
1
1
0.999999
0.999994
0.999978
0.999929
0.999785
0.999401
0.998415
0.994888
0.991992
0.985713
0.981099
0.980828
0.984146
0.989192
0.991021
0.992165
0.992882
0.992326
0.988275
0.984594
0.98269
0.981957
0.983466
0.987055
0.990492
0.993248
0.995459
0.99708
0.997927
0.99822
0.998247
0.998246
0.998221
0.998074
0.997292
0.990982
0.952051
0.915797
0.938672
0.98165
0.9891
0.990462
0.99116
0.991642
0.991926
0.992276
0.992535
0.992859
0.993232
0.993609
0.993994
0.994383
0.994792
0.99526
0.995709
0.996057
0.996305
0.996456
0.996452
0.99643
0.996448
0.996557
0.996629
0.996497
0.995193
0.989781
0.973007
0.937806
0.903454
0.874138
0.851345
0.83808
0.833913
0.833761
0.834614
0.839318
0.841916
0.845957
0.845174
0.826337
1
1
1
1
1
1
1
1
1
1
1
1
1
1
1
1
1
1
1
1
1
1
1
1
1
1
1
1
1
1
1
1
1
1
1
1
1
1
1
1
1
1
1
1
1
1
1
1
1
1
1
1
1
1
1
1
1
1
1
1
1
1
1
1
1
1
1
1
1
1
1
1
1
1
1
1
1
1
1
1
1
1
1
1
1
1
1
1
1
1
1
1
1
1
1
1
1
0.999999
0.999998
0.999993
0.999976
0.999894
0.999676
0.999205
0.998085
0.995437
0.990083
0.975235
0.970944
0.97213
0.976698
0.983057
0.98724
0.989301
0.990167
0.991596
0.992902
0.993288
0.992398
0.989566
0.98801
0.987367
0.988427
0.99059
0.992751
0.994885
0.996578
0.997513
0.997841
0.997832
0.99768
0.99717
0.995391
0.994422
0.994324
0.990425
0.959798
0.898265
0.906926
0.969814
0.987876
0.989997
0.990681
0.991257
0.991642
0.992134
0.992555
0.99301
0.993501
0.993999
0.994488
0.994934
0.995318
0.995599
0.995818
0.995997
0.996074
0.996039
0.995977
0.995948
0.995846
0.995266
0.992898
0.984842
0.960545
0.893718
0.815283
0.762656
0.740806
0.737874
0.739528
0.746403
0.770452
0.794448
0.797658
0.796582
0.785992
0.776237
0.755305
0.642027
1
1
1
1
1
1
1
1
1
1
1
1
1
1
1
1
1
1
1
1
1
1
1
1
1
1
1
1
1
1
1
1
1
1
1
1
1
1
1
1
1
1
1
1
1
1
1
1
1
1
1
1
1
1
1
1
1
1
1
1
1
1
1
1
1
1
1
1
1
1
1
1
1
1
1
1
1
1
1
1
1
1
1
1
1
1
1
1
1
1
1
1
1
0.999999
0.999997
0.999993
0.999982
0.99995
0.999916
0.999839
0.999594
0.998449
0.996109
0.993292
0.986811
0.970778
0.949528
0.950133
0.961525
0.973913
0.979995
0.984194
0.986864
0.987615
0.987952
0.989641
0.992273
0.993451
0.99379
0.993334
0.992277
0.991793
0.992509
0.993777
0.995129
0.996412
0.997153
0.997426
0.997319
0.997104
0.995708
0.984455
0.975463
0.976134
0.983156
0.983493
0.96416
0.888252
0.877763
0.944829
0.983081
0.98869
0.990277
0.991472
0.99227
0.993093
0.993685
0.994174
0.994506
0.99476
0.994962
0.995142
0.995301
0.995407
0.995422
0.995288
0.994918
0.99404
0.99178
0.984953
0.963768
0.93744
0.913552
0.868407
0.752676
0.623822
0.562954
0.55262
0.556537
0.588351
0.660068
0.677964
0.673666
0.645697
0.551249
0.49591
0.438864
0.376682
0.31232
0.151486
1
1
1
1
1
1
1
1
1
1
1
1
1
1
1
1
1
1
1
1
1
1
1
1
1
1
1
1
1
1
1
1
1
1
1
1
1
1
1
1
1
1
1
1
1
1
1
1
1
1
1
1
1
1
1
1
1
1
1
1
1
1
1
1
1
1
1
1
1
1
1
1
1
1
1
1
1
1
1
1
1
1
1
1
1
1
1
1
1
1
1
0.999996
0.999977
0.999904
0.999716
0.999541
0.999101
0.998541
0.998215
0.997496
0.995078
0.982395
0.970203
0.95982
0.921535
0.909481
0.921261
0.950352
0.966197
0.974884
0.980211
0.98368
0.985018
0.985027
0.985101
0.986697
0.989805
0.99242
0.993848
0.99458
0.99487
0.994954
0.995319
0.995894
0.996429
0.996828
0.997038
0.996884
0.996572
0.995194
0.977445
0.897904
0.888853
0.902166
0.951066
0.965999
0.952085
0.872665
0.843409
0.906481
0.965833
0.978633
0.983674
0.986818
0.988935
0.990565
0.991867
0.992645
0.992809
0.992336
0.991582
0.990363
0.988194
0.984753
0.979247
0.970624
0.961532
0.948435
0.927903
0.90315
0.876253
0.826787
0.684366
0.391809
0.223442
0.188887
0.218734
0.334866
0.380441
0.367687
0.265914
0.135067
0.0650333
0.0302659
0.0133654
0.00556753
0.00209451
0.000861897
0.000509113
-0.0161029
1
1
1
1
1
1
1
1
1
1
1
1
1
1
1
1
1
1
1
1
1
1
1
1
1
1
1
1
1
1
1
1
1
1
1
1
1
1
1
1
1
1
1
1
1
1
1
1
1
1
1
1
1
1
1
1
1
1
1
1
1
1
1
1
1
1
1
1
1
1
1
1
1
1
1
1
1
1
1
1
1
1
1
1
1
1
1
1
1
0.999976
0.999765
0.998946
0.996987
0.992237
0.989775
0.985643
0.979863
0.977987
0.977571
0.975427
0.952938
0.906021
0.889138
0.885066
0.885522
0.891221
0.910751
0.939509
0.959136
0.970771
0.977577
0.980805
0.981593
0.981966
0.983255
0.985927
0.987051
0.987966
0.989823
0.992299
0.994639
0.99585
0.99606
0.996261
0.9964
0.996472
0.996277
0.995264
0.986151
0.954027
0.80158
0.683101
0.763626
0.890002
0.933234
0.934977
0.904526
0.806097
0.801337
0.864903
0.915846
0.92697
0.932906
0.936102
0.938962
0.940848
0.942906
0.944579
0.944292
0.938742
0.931807
0.924005
0.914285
0.902736
0.889102
0.871958
0.844326
0.780693
0.603499
0.364906
0.183232
0.073285
0.0234625
0.00711093
0.0020525
0.00063183
0.000278893
0.000188278
0.000123764
7.64162e-05
4.31374e-05
2.23185e-05
1.07992e-05
4.95989e-06
2.17421e-06
9.22513e-07
3.84947e-07
1.72535e-07
8.0991e-08
-5.85509e-07
1
1
1
1
1
1
1
1
1
1
1
1
1
1
1
1
1
1
1
1
1
1
1
1
1
1
1
1
1
1
1
1
1
1
1
1
1
1
1
1
1
1
1
1
1
1
1
1
1
1
1
1
1
1
1
1
1
1
1
1
1
1
1
1
1
1
1
1
1
1
1
1
1
1
1
1
1
1
1
1
1
1
1
1
1
0.999997
0.999976
0.999844
0.999071
0.995027
0.976317
0.937858
0.914563
0.905115
0.902374
0.901004
0.898383
0.891824
0.879394
0.868977
0.868279
0.883147
0.908691
0.92494
0.938259
0.947593
0.954737
0.960271
0.9653
0.969107
0.971081
0.972726
0.976206
0.98109
0.984784
0.986363
0.986497
0.985288
0.982086
0.97828
0.974492
0.971068
0.967881
0.962516
0.954224
0.939949
0.913589
0.874223
0.794437
0.573467
0.51786
0.630916
0.729467
0.789737
0.79415
0.742129
0.655642
0.668171
0.781786
0.853215
0.85705
0.834375
0.805123
0.770008
0.735719
0.690262
0.639404
0.580548
0.508515
0.424308
0.320315
0.244281
0.194671
0.161586
0.135873
0.111161
0.0814809
0.0448862
0.0161035
0.00600811
0.00177686
0.000387548
5.43839e-05
2.66875e-06
1.581e-07
4.69375e-08
2.2668e-08
1.29479e-08
7.41731e-09
4.07554e-09
2.12154e-09
1.0514e-09
5.00726e-10
2.31506e-10
1.05221e-10
4.82312e-11
2.28757e-11
1.15047e-11
-2.56297e-11
6.36328e-10
5.36323e-05
9.37382e-05
8.37234e-05
6.58459e-05
4.04566e-05
2.27272e-05
1.20693e-05
6.15085e-06
3.04678e-06
1.47476e-06
7.00585e-07
3.25883e-07
1.4922e-07
6.66011e-08
2.93788e-08
1.24216e-08
4.9352e-09
2.0663e-09
9.45622e-10
3.929e-10
1.62831e-10
6.2327e-11
2.55321e-11
1.00644e-11
5.44686e-12
0.00133726
0.00180285
0.00167632
0.00140665
0.000972465
0.000625742
0.000382586
0.00022553
0.000129603
7.30691e-05
4.05378e-05
2.21041e-05
1.18249e-05
6.17498e-06
3.14445e-06
1.55148e-06
7.44151e-07
3.43397e-07
1.53789e-07
6.5713e-08
2.73589e-08
1.08839e-08
4.34595e-09
1.72379e-09
6.24539e-10
0.0259625
0.0230005
0.0182886
0.0134717
0.00930239
0.00610942
0.00385945
0.00236828
0.0014232
0.000842207
0.000492106
0.000283668
0.000160896
8.93658e-05
4.84526e-05
2.55227e-05
1.30564e-05
6.45413e-06
3.08883e-06
1.42132e-06
6.33433e-07
2.71737e-07
1.14404e-07
4.83625e-08
1.69235e-08
0.15745
0.125328
0.095159
0.0689066
0.0476817
0.0317384
0.0204754
0.0128994
0.00798942
0.00488749
0.00295879
0.00176975
0.00104203
0.000600741
0.000337722
0.000184348
9.75865e-05
4.99269e-05
2.46925e-05
1.17521e-05
5.40462e-06
2.39362e-06
1.03512e-06
4.50781e-07
1.59413e-07
0.491236
0.383778
0.291413
0.21384
0.151408
0.103834
0.069388
0.045479
0.0294007
0.0188088
0.0119113
0.00744454
0.00456954
0.00273843
0.00159521
0.000899933
0.000491047
0.000258565
0.000131331
6.41396e-05
3.02003e-05
1.36842e-05
6.03663e-06
2.68637e-06
9.62857e-07
0.893898
0.803429
0.653671
0.496929
0.36402
0.2595
0.180895
0.124029
0.0840378
0.0563814
0.0374069
0.0244351
0.0156241
0.00971922
0.00585652
0.00340795
0.00191313
0.00103467
0.000538724
0.000269434
0.00012967
6.00123e-05
2.69712e-05
1.22495e-05
4.45163e-06
0.981426
0.968545
0.93812
0.852468
0.691284
0.525522
0.386939
0.279224
0.198696
0.139714
0.0968982
0.0659559
0.0437902
0.02819
0.0175248
0.0104957
0.00605142
0.00335666
0.00178977
0.000915883
0.000450332
0.000212832
9.74524e-05
4.51849e-05
1.66622e-05
0.996422
0.99438
0.989666
0.978174
0.945744
0.846041
0.682241
0.525967
0.396031
0.29262
0.212081
0.150152
0.103274
0.068645
0.0439422
0.0270447
0.0159975
0.00909378
0.00496313
0.00259788
0.00130493
0.000629842
0.000293865
0.000139146
5.21014e-05
0.998944
0.998727
0.998048
0.996289
0.991809
0.979316
0.939951
0.824347
0.667943
0.521868
0.396535
0.292401
0.208415
0.143023
0.094258
0.0596079
0.0361737
0.0210748
0.0117758
0.00630628
0.0032371
0.00159626
0.00075918
0.000367301
0.000139775
0.999478
0.999497
0.999454
0.999241
0.998588
0.99683
0.992021
0.97743
0.929371
0.799673
0.642147
0.494603
0.365966
0.259586
0.176302
0.11466
0.07145
0.0426974
0.0244441
0.0134019
0.0070343
0.00354571
0.0017197
0.000850553
0.000329254
0.999582
0.999713
0.999747
0.999741
0.999676
0.999432
0.998716
0.996706
0.990685
0.970685
0.901674
0.740203
0.570674
0.419362
0.293966
0.196842
0.126071
0.0773394
0.0453983
0.0254978
0.0136908
0.00705684
0.00349129
0.0017659
0.000696014
0.999519
0.999737
0.999839
0.999872
0.999874
0.999854
0.999759
0.999441
0.998454
0.995256
0.984071
0.943206
0.807694
0.615565
0.446194
0.308171
0.203152
0.128074
0.0771422
0.044405
0.0243962
0.0128598
0.00648954
0.00335691
0.00134815
0.999401
0.99969
0.999841
0.999912
0.999936
0.999939
0.999931
0.999885
0.999709
0.999087
0.996817
0.988186
0.954983
0.833293
0.627707
0.447943
0.304445
0.197526
0.122212
0.0721499
0.040572
0.0218727
0.0112573
0.00595492
0.00243841
0.999292
0.99963
0.999817
0.999911
0.999954
0.999968
0.99997
0.999965
0.999935
0.999804
0.999282
0.997167
0.988566
0.954306
0.826268
0.612952
0.430425
0.287892
0.18321
0.11103
0.0639342
0.035259
0.018507
0.0100116
0.00418283
0.999222
0.999586
0.999792
0.999901
0.999954
0.999977
0.999984
0.999985
0.99998
0.999952
0.999823
0.999262
0.996833
0.986595
0.945241
0.79623
0.57978
0.400664
0.262702
0.163623
0.0965435
0.0544877
0.0291693
0.0161397
0.00688526
0.999204
0.999569
0.99978
0.999894
0.999952
0.999979
0.999989
0.999992
0.999992
0.999986
0.999953
0.999797
0.999079
0.995879
0.982267
0.927569
0.749479
0.536039
0.362842
0.232605
0.140749
0.0813423
0.0444204
0.0251479
0.0109627
0.999243
0.999584
0.999785
0.999895
0.999952
0.999979
0.999991
0.999995
0.999996
0.999995
0.999986
0.999942
0.999724
0.998703
0.994142
0.974962
0.898893
0.692374
0.484798
0.320368
0.19897
0.117827
0.0656522
0.0380468
0.0169623
0.999412
0.99967
0.999828
0.999916
0.999962
0.999983
0.999993
0.999997
0.999998
0.999998
0.999996
0.999983
0.999916
0.999588
0.998051
0.991295
0.96342
0.855007
0.627961
0.428553
0.273362
0.165977
0.0943761
0.0560166
0.0255679
0.99965
0.999803
0.999897
0.99995
0.999977
0.99999
0.999996
0.999998
0.999999
0.999999
0.999999
0.999995
0.999974
0.999868
0.999347
0.996953
0.98663
0.944902
0.790531
0.557506
0.365318
0.227557
0.132067
0.0803455
0.0376088
0.999816
0.999896
0.999946
0.999974
0.999988
0.999995
0.999998
0.999999
1
1
1
0.999998
0.999992
0.999957
0.999777
0.998912
0.995
0.978422
0.911492
0.705063
0.474509
0.303587
0.179929
0.112358
0.0541081
0.999912
0.99995
0.999974
0.999987
0.999994
0.999997
0.999999
1
1
1
1
0.999999
0.999997
0.999986
0.999922
0.999599
0.998062
0.99121
0.962243
0.847432
0.597653
0.394097
0.238836
0.153509
0.0764822
0.99996
0.999977
0.999988
0.999994
0.999997
0.999999
1
1
1
1
1
1
0.999999
0.999995
0.999972
0.999847
0.999219
0.996272
0.983163
0.928819
0.734064
0.498415
0.309409
0.205671
0.106933
0.999982
0.99999
0.999995
0.999997
0.999999
0.999999
1
1
1
1
1
1
1
0.999998
0.999989
0.99994
0.999676
0.998372
0.992267
0.965678
0.852048
0.613376
0.392202
0.271533
0.148984
0.999991
0.999995
0.999997
0.999999
0.999999
1
1
1
1
1
1
1
1
0.999999
0.999996
0.999976
0.999864
0.999285
0.996433
0.983361
0.924954
0.738568
0.487544
0.354842
0.207912
0.999995
0.999997
0.999999
0.999999
1
1
1
1
1
1
1
1
1
1
0.999998
0.999991
0.999945
0.999697
0.99841
0.992179
0.962822
0.854796
0.596029
0.459749
0.290303
0.999997
0.999999
0.999999
1
1
1
1
1
1
1
1
1
1
1
0.999999
0.999997
0.999979
0.999882
0.999356
0.996684
0.983281
0.929811
0.728867
0.58942
0.401678
0.999998
0.999999
1
1
1
1
1
1
1
1
1
1
1
1
1
0.999999
0.999993
0.99996
0.999777
0.998812
0.993712
0.971956
0.860105
0.744614
0.548586
0.999999
0.999999
1
1
1
1
1
1
1
1
1
1
1
1
1
1
0.999998
0.999991
0.999947
0.999713
0.998422
0.992676
0.960197
0.907276
0.756643
0.999999
0.999999
1
1
1
1
1
1
1
1
1
1
1
1
1
1
1
0.999999
0.999994
0.999967
0.999835
0.999236
0.99628
0.986848
0.934031
0.999999
1
1
1
1
1
1
1
1
1
1
1
1
1
1
1
1
1
0.999999
0.999996
0.999981
0.999918
0.999693
0.998775
0.982476
0.999999
1
1
1
1
1
1
1
1
1
1
1
1
1
1
1
1
1
1
0.999999
0.999996
0.999979
0.999909
0.999592
0.991829
0.999999
1
1
1
1
1
1
1
1
1
1
1
1
1
1
1
1
1
1
1
0.999999
0.999994
0.999973
0.999847
0.995321
0.999999
1
1
1
1
1
1
1
1
1
1
1
1
1
1
1
1
1
1
1
1
0.999998
0.99999
0.999929
0.996973
0.999999
1
1
1
1
1
1
1
1
1
1
1
1
1
1
1
1
1
1
1
1
0.999999
0.999996
0.999961
0.997904
0.999999
0.999999
0.999999
0.999999
0.999999
0.999999
0.999999
0.999999
0.999999
0.999999
1
1
1
1
1
1
1
1
1
1
1
1
0.999998
0.999975
0.998463
0.999999
0.999999
0.999999
0.999999
0.999999
0.999998
0.999998
0.999998
0.999998
0.999998
0.999999
0.999999
1
1
1
1
0.999999
0.999999
0.999999
1
1
1
0.999999
0.999983
0.998834
0.999998
0.999998
0.999998
0.999998
0.999997
0.999996
0.999995
0.999995
0.999995
0.999996
0.999997
0.999998
0.999999
0.999999
0.999999
0.999999
0.999999
0.999999
0.999999
0.999999
0.999999
0.999999
0.999999
0.999988
0.999093
0.999996
0.999996
0.999996
0.999996
0.999995
0.999992
0.99999
0.999989
0.999989
0.99999
0.999993
0.999996
0.999997
0.999998
0.999998
0.999998
0.999997
0.999996
0.999996
0.999996
0.999997
0.999998
0.999998
0.99999
0.999276
0.999993
0.999993
0.999992
0.999992
0.999989
0.999983
0.999978
0.999975
0.999975
0.999977
0.999983
0.99999
0.999994
0.999995
0.999995
0.999995
0.999993
0.999991
0.999991
0.999991
0.999993
0.999996
0.999996
0.99999
0.999408
0.999985
0.999985
0.999985
0.999984
0.999978
0.999965
0.999953
0.999946
0.999944
0.999946
0.999958
0.999975
0.999985
0.999988
0.999989
0.999989
0.999985
0.99998
0.999978
0.999978
0.99998
0.999988
0.999992
0.999988
0.999501
0.999967
0.999968
0.999969
0.999968
0.99996
0.999932
0.9999
0.999881
0.999876
0.999878
0.999897
0.999936
0.99996
0.999972
0.999975
0.999974
0.999968
0.999954
0.999948
0.999948
0.999951
0.999966
0.999981
0.99998
0.999556
0.999926
0.999929
0.999933
0.999932
0.999923
0.999879
0.999798
0.999746
0.999727
0.999729
0.999754
0.999834
0.999897
0.999928
0.999938
0.999938
0.999929
0.999899
0.999882
0.999879
0.999884
0.99991
0.99995
0.999959
0.999569
0.999832
0.999837
0.999852
0.999855
0.999847
0.999794
0.999627
0.999488
0.999428
0.999423
0.999453
0.999589
0.999738
0.999818
0.999846
0.999848
0.999835
0.999776
0.999735
0.999727
0.999735
0.999776
0.999868
0.999903
0.999537
0.999607
0.999614
0.999656
0.999679
0.999673
0.999613
0.999352
0.999029
0.99887
0.998839
0.99887
0.999062
0.999374
0.999556
0.999627
0.999635
0.999614
0.999506
0.999422
0.999406
0.999419
0.999493
0.999676
0.999762
0.999398
0.999021
0.999032
0.99914
0.999234
0.999238
0.999172
0.998813
0.998185
0.997831
0.997733
0.99776
0.997993
0.998571
0.99895
0.999104
0.999127
0.99909
0.998903
0.998765
0.998744
0.998772
0.998926
0.999275
0.999432
0.999021
0.997422
0.997468
0.997772
0.998055
0.99809
0.998013
0.997536
0.996478
0.995817
0.995599
0.995617
0.995904
0.996842
0.997568
0.99786
0.997902
0.99783
0.997538
0.997389
0.997388
0.997472
0.997874
0.998496
0.998741
0.998219
0.992868
0.993264
0.994292
0.994959
0.995055
0.994944
0.994268
0.992709
0.991699
0.991352
0.991377
0.991817
0.993319
0.994508
0.994963
0.995015
0.994853
0.99457
0.994525
0.994601
0.994978
0.99613
0.997096
0.997438
0.996669
0.981363
0.983434
0.986054
0.987509
0.987696
0.987495
0.986368
0.984439
0.983349
0.983076
0.983225
0.98423
0.986681
0.988245
0.988755
0.988762
0.988399
0.988277
0.98841
0.989117
0.991311
0.993478
0.9948
0.995224
0.993809
0.957372
0.963431
0.968993
0.971453
0.971585
0.970902
0.968169
0.965592
0.964531
0.964494
0.965434
0.968912
0.972079
0.97351
0.973852
0.974008
0.974532
0.976442
0.980372
0.984563
0.988143
0.990551
0.991634
0.991776
0.987936
0.919762
0.928725
0.933855
0.934399
0.933787
0.932598
0.932373
0.933435
0.935882
0.939035
0.943062
0.947412
0.951741
0.956096
0.960243
0.964316
0.968857
0.974224
0.979377
0.983214
0.985159
0.985854
0.985906
0.985116
0.967539
0.877391
0.888931
0.897914
0.904356
0.909109
0.913407
0.917971
0.922404
0.926616
0.931246
0.936642
0.942245
0.947372
0.952196
0.957346
0.962986
0.968084
0.971726
0.973588
0.974235
0.973341
0.971171
0.964363
0.95189
0.850905
0.846922
0.863947
0.877287
0.887449
0.895625
0.90258
0.90865
0.914297
0.91974
0.924873
0.930218
0.935608
0.94052
0.944418
0.946687
0.947955
0.948132
0.943987
0.932442
0.928004
0.921565
0.897027
0.784931
0.625431
0.347521
0.726087
0.782212
0.816923
0.840065
0.85663
0.868203
0.876663
0.882846
0.886818
0.88833
0.886881
0.88546
0.882828
0.869912
0.843161
0.824254
0.810121
0.779907
0.69989
0.576236
0.425908
0.295207
0.182257
0.114903
0.0534504
0.278501
0.447394
0.555433
0.620126
0.66045
0.677661
0.678139
0.673511
0.658144
0.634693
0.605426
0.564754
0.512124
0.455072
0.397396
0.335481
0.267827
0.19981
0.137044
0.0868014
0.0503661
0.027307
0.0135891
0.00663784
0.00254684
0.0292114
0.112206
0.174497
0.204895
0.226831
0.226346
0.22088
0.209795
0.193886
0.17481
0.153232
0.130352
0.105803
0.0808066
0.0570673
0.0367914
0.0215711
0.0115306
0.0056346
0.00253514
0.00105346
0.000409648
0.00015068
4.73387e-05
2.06303e-05
0.00350832
0.0183685
0.0304374
0.0362572
0.0377746
0.0363287
0.0336776
0.029695
0.0248031
0.0193394
0.0134132
0.00797902
0.00415898
0.00193563
0.00080808
0.000307112
9.09857e-05
3.1476e-05
1.3773e-05
5.59229e-06
2.16681e-06
8.08871e-07
2.92188e-07
1.02281e-07
7.76305e-08
0.000294488
0.00168321
0.0021545
0.00231086
0.00208415
0.00170318
0.00115916
0.000613115
0.0002634
8.33841e-05
1.67019e-05
5.17953e-06
1.64109e-06
5.14612e-07
1.56779e-07
4.62425e-08
1.26638e-08
3.71049e-09
1.24058e-09
4.49506e-10
1.69269e-10
6.48458e-11
2.59705e-11
-2.75666e-12
1.24926e-10
)
;

boundaryField
{
    inlet
    {
        type            fixedValue;
        value           uniform 1;
    }
    outlet
    {
        type            inletOutlet;
        inletValue      uniform 0;
        value           nonuniform List<scalar> 
57
(
5.44686e-12
6.24539e-10
1.69235e-08
1.59413e-07
9.62857e-07
4.45163e-06
1.66622e-05
5.21014e-05
0.000139775
0.000329254
0.000696014
0.00134815
0.00243841
0.00418283
0.00688526
0.0109627
0.0169623
0.0255679
0.0376088
0.0541081
0.0764822
0.106933
0.148984
0.207912
0.290303
0.401678
0.548586
0.756643
0.934031
0.982476
0.991829
0.995321
0.996973
0.997904
0.998463
0.998834
0.999093
0.999276
0.999408
0.999501
0.999556
0.999569
0.999537
0.999398
0.999021
0.998219
0.996669
0.993809
0.987936
0.967539
0.850905
0.347521
0.0534504
0.00254684
2.06303e-05
7.76305e-08
1.24926e-10
)
;
    }
    upperWall
    {
        type            zeroGradient;
    }
    lowerWall
    {
        type            zeroGradient;
    }
    frontAndBack
    {
        type            empty;
    }
}


// ************************************************************************* //
