/*--------------------------------*- C++ -*----------------------------------*\
  =========                 |
  \\      /  F ield         | OpenFOAM: The Open Source CFD Toolbox
   \\    /   O peration     | Website:  https://openfoam.org
    \\  /    A nd           | Version:  7
     \\/     M anipulation  |
\*---------------------------------------------------------------------------*/
FoamFile
{
    version     2.0;
    format      ascii;
    class       volScalarField;
    location    "0.1";
    object      nut;
}
// * * * * * * * * * * * * * * * * * * * * * * * * * * * * * * * * * * * * * //

dimensions      [0 2 -1 0 0 0 0];

internalField   nonuniform List<scalar> 
12225
(
0
0
0
0
0
0
0
0
0
0
0
8.63577e-12
0
0
0
0
0
0
0
0
0
0
0
1.64258e-10
0
0
0
0
0
0
0
0
0
0
0
0
0
3.89879e-10
8.85468e-11
2.49069e-10
8.35218e-10
1.0105e-09
3.70895e-10
0
0
0
0
0
0
0
0
0
0
0
0
8.99873e-09
6.50161e-09
1.28419e-09
4.68494e-10
1.03639e-09
6.31102e-10
0
0
0
0
0
0
0
0
0
0
0
0
1.71915e-07
9.95561e-08
0
0
5.13833e-09
9.06821e-09
8.22503e-10
0
0
0
0
0
0
8.19728e-11
0
0
0
0
1.77418e-07
1.8521e-07
9.28627e-08
8.98876e-08
1.25867e-07
1.01726e-07
2.99605e-08
0
0
1.26735e-09
1.80339e-09
0
0
0
0
0
0
0
3.68889e-07
3.21227e-07
1.57522e-07
7.70994e-08
4.34818e-08
1.73776e-08
0
0
0
2.20934e-10
0
0
0
0
0
0
0
0
5.99472e-07
6.65964e-07
2.51525e-07
1.21983e-07
4.77518e-08
1.61275e-08
2.54393e-08
3.43469e-08
3.04757e-08
2.01413e-08
0
0
0
0
2.32074e-09
4.81993e-09
6.17493e-09
0
4.16792e-07
6.65366e-07
2.809e-07
1.48522e-07
6.23333e-08
2.79046e-08
5.58884e-08
7.22599e-08
7.55209e-08
7.79187e-08
5.15231e-08
0
0
3.21239e-08
7.18766e-08
8.0787e-08
7.46545e-08
0
5.51242e-07
1.76197e-07
0
2.1317e-08
9.62548e-09
7.71182e-09
6.77942e-08
1.16057e-07
1.48722e-07
1.78807e-07
1.04734e-07
3.56565e-09
0
2.4639e-08
7.19688e-08
1.15499e-07
1.53947e-07
0
1.98889e-07
1.74858e-08
0
4.92295e-08
2.06518e-08
5.23144e-08
3.91161e-07
6.40207e-07
1.23826e-07
0
0
0
0
0
0
6.52452e-08
1.76407e-07
0
1.33726e-07
7.89026e-08
2.01838e-07
4.76362e-07
5.56161e-07
5.19317e-07
5.0045e-07
2.15944e-07
0
0
0
0
0
0
0
0
0
0
2.38551e-07
3.39948e-07
3.90977e-07
9.17523e-07
1.24694e-06
0
0
0
0
0
0
0
0
0
0
7.12062e-09
3.53172e-08
0
1.3626e-07
2.58301e-07
1.96037e-07
4.77557e-07
3.39555e-07
0
0
0
0
0
0
0
2.33112e-08
1.21527e-07
2.14446e-07
2.97448e-07
3.589e-07
5.276e-07
5.46566e-07
4.37567e-07
3.9965e-07
4.73797e-07
8.25171e-07
1.30885e-06
0
0
0
0
0
0
0
1.77114e-07
5.05929e-07
6.6352e-07
6.74996e-07
9.91993e-07
1.12024e-06
1.58428e-06
1.78849e-06
1.32986e-06
6.08095e-07
7.28202e-08
0
0
0
0
0
0
0
0
1.26371e-09
8.21387e-08
9.26409e-08
6.17483e-07
4.32889e-07
1.68253e-06
2.93503e-06
3.00146e-06
1.09968e-06
0
0
0
0
0
0
0
0
0
0
3.19361e-08
6.07857e-08
7.52247e-07
7.78619e-07
1.39143e-06
1.73939e-06
1.65939e-06
1.32323e-06
0
0
0
0
0
0
0
2.90774e-09
0
0
0
0
5.96973e-07
8.0027e-07
8.56602e-07
6.58715e-07
5.06434e-07
2.78597e-07
2.19297e-07
1.52503e-07
0
0
0
7.073e-08
1.64273e-07
1.78601e-07
1.14259e-07
0
0
0
1.43444e-07
8.4233e-07
8.8384e-07
3.77197e-07
1.35328e-07
0
0
3.32497e-07
0
0
1.09952e-08
8.43e-09
0
0
0
0
0
0
0
3.18459e-07
5.06834e-07
1.67046e-07
0
0
0
0
0
0
0
2.87642e-08
8.88152e-10
0
0
0
0
0
0
9.97728e-08
0
0
0
0
0
0
0
0
1.10114e-07
1.89847e-07
1.4252e-07
6.27913e-08
7.09601e-09
0
0
1.28251e-08
1.62418e-08
0
0
0
0
0
0
0
0
0
9.2676e-08
1.29381e-07
8.88183e-08
1.70678e-08
0
0
0
0
9.84697e-08
0
0
0
0
0
0
0
0
0
2.0788e-08
4.18775e-08
2.82324e-08
0
0
0
0
0
0
0
0
5.67729e-08
8.37035e-08
0
0
0
0
0
0
0
0
0
0
0
0
0
7.21085e-08
2.84008e-08
0
1.50715e-07
1.90556e-07
1.07541e-07
2.86113e-08
0
0
0
0
0
0
0
0
0
0
0
0
0
0
0
0
0
0
0
0
0
0
0
0
0
0
0
0
0
3.8757e-09
0
0
0
0
0
0
0
0
0
0
0
0
0
0
0
0
0
6.37325e-09
0
0
0
0
0
0
0
0
0
0
0
0
0
0
0
0
0
5.22872e-08
0
0
0
0
0
0
0
0
0
0
0
0
0
0
0
0
0
0
0
0
0
0
0
8.06575e-07
1.2964e-06
7.07071e-07
0
0
0
0
0
0
0
1.29548e-07
2.03423e-07
0
0
0
0
0
0
0
0
0
0
0
0
2.83887e-08
1.2113e-07
1.84847e-07
2.18634e-07
2.31004e-07
2.26103e-07
2.13031e-07
1.95549e-07
1.71727e-07
1.4813e-07
1.23225e-07
9.74489e-08
7.07392e-08
4.26753e-08
1.17788e-08
0
0
0
0
0
0
0
0
0
0
0
0
0
0
0
0
1.51607e-07
1.72754e-07
0
0
0
0
0
0
0
0
0
0
3.61625e-06
9.05879e-06
1.60584e-05
0
0
0
0
0
0
0
5.36588e-07
1.91692e-07
8.20606e-07
2.01964e-05
5.08898e-05
5.99421e-05
3.8094e-05
1.08753e-05
1.60887e-06
2.57708e-07
6.0172e-08
5.1748e-08
6.28087e-08
6.40482e-08
5.87291e-08
4.95185e-08
3.82133e-08
2.94696e-08
2.06643e-08
1.34652e-08
6.84785e-09
5.09598e-10
0
0
0
0
0
0
0
0
0
0
0
0
0
0
0
0
0
0
0
0
0
0
0
1.36023e-08
6.46874e-09
0
0
0
0
0
0
0
0
0
0
0
0
0
0
0
0
0
0
0
0
0
0
0
0
0
0
0
0
0
0
0
0
0
0
0
0
0
0
2.11074e-11
5.67342e-11
5.28661e-11
7.96132e-11
5.21981e-11
1.19561e-10
7.04718e-11
2.2119e-10
2.49486e-10
4.37108e-10
2.56368e-09
2.77934e-10
0
0
0
0
0
1.63952e-06
2.4375e-06
2.03984e-06
9.86147e-07
0
0
0
0
0
0
0
0
0
0
0
0
2.21944e-07
4.50615e-07
2.74913e-07
1.64776e-07
4.23705e-07
5.68015e-07
2.88885e-07
1.84708e-08
0
2.05492e-08
8.20292e-08
1.24657e-07
1.47657e-07
1.47244e-07
1.3602e-07
1.238e-07
1.07911e-07
9.37545e-08
7.99711e-08
6.60616e-08
5.28835e-08
3.9441e-08
2.37271e-08
5.37702e-09
0
0
0
0
0
0
0
0
0
0
0
0
0
0
0
1.93645e-07
5.09011e-07
6.02305e-07
2.65488e-07
0
0
0
0
0
0
0
0
0
1.56544e-06
3.62243e-06
5.15887e-06
2.16613e-06
1.29874e-06
4.16815e-07
0
0
0
0
3.706e-07
7.25118e-07
8.37492e-06
1.43211e-05
1.36786e-05
1.05533e-05
6.64132e-06
3.13826e-06
1.11759e-06
3.70182e-07
1.50729e-07
1.10547e-07
1.00468e-07
9.11697e-08
8.08738e-08
6.9948e-08
5.8983e-08
4.87517e-08
3.83174e-08
2.75539e-08
1.62619e-08
4.07864e-09
0
0
0
0
0
0
0
0
0
0
0
0
0
0
0
0
0
0
0
0
0
0
0
1.21338e-09
2.97703e-08
2.80168e-08
2.01188e-08
1.28237e-08
7.36225e-09
3.52407e-09
8.70344e-10
0
0
0
0
0
0
0
0
0
0
0
0
0
0
0
0
0
0
0
0
0
0
0
0
0
0
0
0
0
0
0
0
1.75946e-10
3.39479e-10
3.32505e-10
4.23452e-10
3.22432e-10
4.70175e-10
3.38891e-10
5.44046e-10
5.85603e-10
5.25249e-10
1.95789e-09
0
3.26754e-06
3.59082e-06
4.06323e-07
0
9.53155e-07
2.8156e-06
2.94169e-06
2.07315e-06
1.07321e-06
1.11381e-07
0
0
0
0
0
0
0
0
0
0
0
0
0
0
1.20022e-07
2.76301e-07
4.03028e-07
2.08965e-07
0
0
0
0
0
0
2.74455e-09
2.84094e-08
4.29119e-08
4.77507e-08
4.6015e-08
3.99036e-08
3.16408e-08
2.24695e-08
1.30628e-08
3.6721e-09
0
0
0
0
0
0
0
0
0
0
0
0
0
8.21083e-09
7.3751e-08
1.82356e-07
3.30437e-07
4.61892e-07
5.36474e-07
5.30463e-07
3.85842e-07
3.35778e-08
0
0
0
0
0
0
0
0
6.58616e-07
0
0
1.56617e-06
5.02815e-06
1.20283e-06
0
0
0
4.69652e-06
2.9715e-06
1.65174e-06
1.97575e-06
1.63857e-06
1.1402e-06
1.02607e-06
8.84414e-07
6.46907e-07
5.00053e-07
5.01029e-07
5.33165e-07
5.1232e-07
4.51017e-07
3.85071e-07
3.24573e-07
2.72025e-07
2.25501e-07
1.80673e-07
1.36189e-07
8.95715e-08
3.8757e-08
0
0
0
0
0
0
0
0
0
0
0
0
0
0
0
0
0
0
0
0
0
0
0
0
0
0
0
0
1.1528e-08
2.09671e-08
2.32775e-08
2.16108e-08
1.79173e-08
1.34802e-08
9.01077e-09
4.99115e-09
1.61908e-09
0
0
0
0
0
0
0
0
0
0
0
0
0
0
0
0
0
0
0
0
0
0
0
0
0
0
3.47602e-10
8.20686e-10
9.42731e-10
1.22613e-09
1.086e-09
1.31983e-09
1.12235e-09
1.13821e-09
1.53413e-09
1.56472e-10
3.13127e-09
0
8.39691e-06
5.4122e-06
1.86756e-06
8.80281e-07
1.71088e-06
3.52037e-06
2.55649e-06
1.69153e-06
1.17461e-06
7.8121e-07
1.19694e-07
0
0
0
0
0
0
0
0
0
0
0
0
0
0
0
0
0
0
0
0
0
0
0
0
0
0
0
0
0
0
8.46537e-08
1.52175e-07
7.70809e-08
0
0
1.50935e-08
1.67545e-07
2.87775e-07
3.69819e-07
4.20132e-07
4.40098e-07
4.36306e-07
4.19122e-07
3.91056e-07
3.50606e-07
3.10407e-07
2.7493e-07
2.47143e-07
2.34536e-07
2.27252e-07
2.22695e-07
2.32633e-07
2.76655e-07
3.35045e-07
2.777e-07
2.15991e-08
0
0
0
0
1.64445e-07
3.48286e-07
0
0
0
0
1.21627e-07
9.8358e-07
2.54178e-06
0
0
0
3.81116e-06
8.36991e-07
0
6.72841e-08
2.26719e-07
1.83783e-07
2.30691e-07
3.90727e-07
5.25916e-07
6.73166e-07
7.22068e-07
6.19585e-07
4.79452e-07
3.62892e-07
2.80543e-07
2.22105e-07
1.78487e-07
1.41262e-07
1.05116e-07
6.57299e-08
2.23229e-08
0
0
0
0
0
0
0
0
0
0
0
0
0
0
0
0
0
0
0
0
0
0
0
0
0
0
0
0
0
0
0
0
0
0
0
0
0
0
0
0
0
0
0
0
1.13415e-09
0
0
0
0
0
0
0
0
0
0
3.00135e-09
5.85691e-09
6.19991e-09
4.60335e-09
2.14117e-09
0
0
0
0
0
1.08958e-10
6.63185e-10
1.24923e-09
1.57201e-09
1.61324e-09
2.1577e-09
6.89286e-10
3.24621e-09
0
6.17733e-09
0
5.33566e-06
3.9907e-06
2.07024e-06
1.5161e-06
3.05121e-06
1.96104e-06
1.16594e-06
9.14806e-07
8.32932e-07
6.81996e-07
4.05191e-07
0
0
0
0
0
0
0
0
0
0
0
0
0
0
0
0
0
0
0
0
0
0
0
0
0
0
1.47339e-07
3.95263e-07
7.1425e-07
1.12514e-06
1.64226e-06
2.14043e-06
1.52644e-06
0
0
0
0
0
0
2.07416e-07
3.47166e-07
4.30218e-07
4.67601e-07
4.63939e-07
4.24346e-07
3.7378e-07
3.26324e-07
2.881e-07
2.55865e-07
2.28793e-07
2.05161e-07
1.83311e-07
1.56059e-07
1.24455e-07
8.73832e-08
0
0
0
0
0
2.64061e-07
3.75007e-07
0
0
0
0
0
0
0
0
0
8.04441e-07
4.20478e-06
2.60607e-06
5.7099e-07
1.85838e-07
1.58988e-07
1.59885e-07
2.71506e-07
4.38044e-07
3.35637e-07
1.655e-07
5.10437e-08
0
0
0
0
0
0
0
0
0
0
0
0
0
0
0
0
0
0
0
0
0
0
0
0
0
0
0
0
0
0
0
0
0
0
0
0
0
0
0
0
0
0
0
0
0
0
0
0
0
0
0
1.20947e-09
0
0
0
1.10267e-08
1.62643e-08
0
0
0
0
3.15892e-10
0
0
0
0
0
0
0
0
0
0
0
0
0
0
0
0
0
0
2.18887e-09
0
8.66652e-09
0
1.71381e-08
0
7.02087e-07
1.20642e-06
1.47977e-06
2.35905e-06
7.20965e-07
1.54676e-07
2.84121e-07
4.2354e-07
5.79672e-07
7.00035e-07
7.33862e-07
4.73083e-07
0
0
0
0
0
0
0
0
0
0
0
0
0
0
0
0
0
0
0
0
1.52419e-08
3.08521e-07
6.4487e-07
1.01461e-06
1.411e-06
1.84831e-06
2.36146e-06
2.97829e-06
3.76391e-06
4.7753e-06
5.65491e-06
3.05945e-06
0
0
0
0
0
0
0
0
0
1.69847e-07
3.4219e-07
4.04842e-07
3.95628e-07
3.47558e-07
3.0869e-07
2.76987e-07
2.43996e-07
2.20707e-07
1.99572e-07
1.76556e-07
1.47041e-07
8.10125e-08
0
0
0
0
1.44204e-08
2.4936e-07
3.08641e-07
3.28944e-08
0
0
0
0
0
0
0
0
4.23562e-07
2.03327e-06
2.68844e-06
1.50244e-06
8.49084e-07
7.40307e-07
7.94781e-07
5.11555e-07
1.81624e-07
4.84156e-08
0
0
0
0
6.03648e-09
4.62712e-08
8.18044e-08
1.12785e-07
1.36591e-07
1.4619e-07
1.29611e-07
7.10395e-08
0
0
0
0
0
0
0
0
0
0
0
0
0
0
0
0
0
0
0
0
0
0
0
0
0
0
0
0
0
0
0
0
0
0
0
0
0
0
0
0
5.53009e-09
2.40978e-08
2.46403e-08
1.62943e-08
6.07996e-10
0
0
2.37359e-08
1.69192e-08
0
0
0
0
7.88792e-09
3.33457e-09
0
0
0
0
0
0
0
0
0
0
0
0
0
0
0
2.48148e-09
0
1.57559e-08
0
3.81714e-08
0
4.63827e-08
2.07165e-07
7.0818e-07
1.18889e-06
0
0
0
2.72702e-07
5.50213e-07
7.96933e-07
8.87574e-07
7.45809e-07
2.41018e-08
0
0
0
0
0
0
0
0
0
0
0
0
0
0
0
0
0
1.10837e-07
5.56404e-07
1.04283e-06
1.44342e-06
1.72352e-06
1.97861e-06
2.23543e-06
2.62084e-06
3.15282e-06
3.91218e-06
4.96882e-06
6.24293e-06
6.27569e-06
0
0
0
0
0
0
0
0
0
0
0
0
0
2.05618e-07
2.85355e-07
2.91235e-07
2.74953e-07
2.45928e-07
2.27109e-07
2.10715e-07
1.94723e-07
1.76194e-07
1.46204e-07
8.90713e-08
1.67123e-09
0
0
4.38411e-08
2.493e-07
3.37622e-07
1.9746e-07
0
0
0
0
0
0
0
0
1.7277e-08
6.45891e-07
1.09627e-06
1.16097e-06
1.04328e-06
7.17133e-07
3.43562e-07
1.3664e-07
2.77699e-08
0
0
0
0
5.32755e-08
1.22927e-07
1.85769e-07
2.45284e-07
2.98602e-07
3.38344e-07
3.44396e-07
2.9799e-07
1.64483e-07
0
0
0
0
0
0
0
0
0
0
0
0
0
0
0
0
0
0
0
0
0
0
0
0
0
0
0
0
0
0
0
0
0
0
0
0
0
0
0
0
0
9.83315e-09
3.68544e-08
4.70277e-08
3.47323e-08
8.7478e-09
0
0
9.69601e-09
1.8878e-08
0
0
0
0
3.37061e-08
5.89765e-08
4.01212e-08
2.13434e-08
9.49303e-09
0
0
0
0
0
0
0
1.86163e-09
4.48502e-09
1.64031e-08
1.69649e-08
3.22305e-08
1.47651e-08
3.51631e-08
0
3.4324e-08
0
0
1.35691e-08
2.72013e-07
0
0
0
7.22939e-08
2.39303e-07
3.23514e-07
4.7105e-07
6.11193e-07
6.05627e-07
2.77286e-07
0
0
0
0
0
0
0
0
0
0
0
0
0
0
0
0
4.26066e-07
1.03921e-06
1.5238e-06
1.65315e-06
1.65138e-06
1.61647e-06
1.6353e-06
1.74701e-06
1.9728e-06
2.32454e-06
2.77364e-06
3.17186e-06
3.08367e-06
1.86752e-06
0
0
0
0
0
0
0
0
0
0
0
0
0
0
0
1.1383e-07
2.18348e-07
2.36388e-07
2.29633e-07
2.09182e-07
1.90434e-07
1.73886e-07
1.53921e-07
1.18022e-07
6.37685e-08
8.98863e-09
0
0
1.74762e-07
3.52641e-07
2.76148e-07
6.62295e-08
0
0
0
0
0
0
0
0
2.90358e-07
3.99991e-07
3.84867e-07
2.94448e-07
1.77216e-07
9.35247e-08
3.58781e-08
0
0
0
0
5.94212e-08
1.56185e-07
2.3365e-07
2.93153e-07
3.3178e-07
3.30751e-07
2.81925e-07
1.77818e-07
5.65651e-09
0
0
4.01253e-07
8.95238e-07
6.28098e-07
3.84147e-07
2.30322e-07
1.33123e-07
6.45806e-08
1.47099e-08
0
0
6.00465e-09
1.90054e-08
0
0
0
0
0
0
0
0
0
0
0
0
0
0
0
0
0
0
0
0
0
0
0
0
0
0
0
0
0
3.85426e-10
5.08319e-08
6.31949e-08
4.90296e-08
1.8613e-08
0
0
0
2.44775e-08
0
0
0
2.49666e-08
7.03116e-08
9.42927e-08
7.44034e-08
4.40876e-08
1.48356e-08
0
0
0
0
0
2.55241e-08
2.18179e-08
1.58113e-08
2.04611e-08
2.06505e-08
3.21642e-08
2.95165e-08
4.56975e-08
1.52513e-08
3.03685e-08
0
0
0
7.32076e-08
0
0
0
1.08211e-07
2.27562e-07
2.2344e-07
2.48417e-07
3.50575e-07
3.99542e-07
2.63203e-07
0
0
0
0
0
0
0
0
0
0
0
0
0
0
5.92855e-08
6.91261e-07
1.41251e-06
1.67536e-06
1.34291e-06
8.55601e-07
4.59027e-07
2.2302e-07
1.47041e-07
2.1215e-07
3.94266e-07
6.62688e-07
9.49073e-07
1.10428e-06
9.28868e-07
4.37127e-07
3.44315e-08
0
9.24086e-08
2.50878e-07
3.61095e-07
3.80173e-07
2.79156e-07
3.77767e-08
0
0
0
0
0
0
0
0
0
1.54114e-07
2.32188e-07
2.268e-07
1.96068e-07
1.6346e-07
1.38716e-07
1.16915e-07
8.63274e-08
4.42832e-08
0
0
0
2.26873e-07
3.90353e-07
2.09445e-07
0
0
0
0
0
0
0
0
1.00703e-07
1.61847e-07
1.43485e-07
1.01975e-07
5.70323e-08
2.47173e-08
9.55675e-09
0
0
0
0
1.24881e-07
2.18357e-07
2.62792e-07
2.77178e-07
2.69936e-07
2.31763e-07
1.55287e-07
2.57735e-08
0
0
0
5.14612e-07
8.86972e-07
6.8271e-07
4.4611e-07
2.90081e-07
1.87973e-07
1.13504e-07
5.16781e-08
1.16773e-08
1.83945e-09
2.16855e-08
5.87654e-08
6.3766e-08
0
0
0
0
0
0
0
0
0
0
0
0
0
0
0
0
0
0
0
0
0
0
0
0
0
0
0
0
0
7.53811e-09
6.55377e-08
7.41158e-08
5.02586e-08
9.98066e-09
0
0
8.5918e-09
5.37815e-08
2.95629e-08
2.04287e-08
3.6898e-08
6.56349e-08
9.9013e-08
1.09501e-07
7.60183e-08
3.0943e-08
0
0
0
0
0
2.66702e-08
4.65081e-08
3.43306e-08
2.85218e-08
2.28544e-08
2.52117e-08
2.08667e-08
3.21954e-08
1.86169e-08
2.71922e-08
0
0
0
0
0
4.47395e-10
6.12709e-08
1.44669e-07
2.08075e-07
1.41618e-07
3.75458e-08
4.17937e-08
8.64127e-08
4.80247e-08
0
0
0
0
0
0
0
0
0
0
0
0
0
9.2508e-08
8.10468e-07
1.58154e-06
1.67604e-06
1.04294e-06
3.97494e-07
0
0
0
1.38784e-08
3.18766e-07
7.3282e-07
1.24153e-06
1.78215e-06
2.12659e-06
1.74842e-06
4.00979e-07
0
0
0
0
0
0
1.88482e-07
3.94815e-07
5.47448e-07
6.10756e-07
4.72603e-07
1.05917e-08
0
0
0
0
0
0
1.40193e-07
2.43169e-07
2.24756e-07
1.75891e-07
1.33868e-07
1.05592e-07
8.64142e-08
6.6203e-08
3.475e-08
0
0
0
1.23262e-07
2.90205e-07
5.06347e-08
0
0
0
0
0
0
0
0
3.92658e-08
3.66836e-08
2.56832e-08
9.24506e-09
9.06725e-10
2.83761e-09
0
0
0
1.64516e-08
1.67926e-07
2.41727e-07
2.5766e-07
2.65157e-07
2.65793e-07
2.41553e-07
1.70909e-07
1.92392e-08
0
0
0
1.33127e-06
1.32831e-06
9.02927e-07
5.56799e-07
3.40105e-07
2.09048e-07
1.27747e-07
6.58396e-08
2.19224e-08
4.92483e-09
2.16407e-08
6.59734e-08
1.01898e-07
5.53235e-08
0
0
0
0
0
0
0
0
0
0
0
0
0
0
0
0
0
0
0
0
0
0
0
0
0
0
0
0
0
2.99972e-08
9.58281e-08
8.78245e-08
4.70053e-08
8.67931e-10
0
0
6.32572e-08
1.07936e-07
8.04409e-08
7.21968e-08
8.20402e-08
9.98734e-08
1.18742e-07
1.06338e-07
4.98887e-08
0
0
0
0
0
0
4.23389e-08
5.48096e-08
4.64636e-08
3.27553e-08
2.62483e-08
1.63794e-08
1.82194e-08
7.44663e-09
1.94384e-08
0
0
0
0
9.22835e-08
7.36156e-08
4.89718e-08
7.83163e-08
1.35537e-07
9.95471e-08
0
0
0
0
0
0
0
0
0
0
0
0
0
0
0
0
2.16497e-08
7.27461e-07
1.593e-06
1.80221e-06
1.05756e-06
3.34509e-07
0
0
0
2.04553e-08
3.39471e-07
7.63271e-07
1.31026e-06
2.02609e-06
2.91122e-06
3.76998e-06
3.56701e-06
6.59641e-07
0
0
0
0
0
0
0
0
0
0
3.57634e-07
7.22537e-07
6.36768e-07
0
0
0
0
0
0
1.7059e-07
2.32104e-07
1.91219e-07
1.41437e-07
1.05472e-07
8.15491e-08
6.67938e-08
5.38223e-08
2.85238e-08
0
0
0
0
1.36686e-07
0
0
0
0
0
0
0
0
0
0
0
0
0
0
0
0
0
4.2019e-08
1.95743e-07
2.48578e-07
2.59255e-07
2.84355e-07
3.06566e-07
2.95184e-07
2.04068e-07
0
0
0
0
3.04831e-06
2.1245e-06
1.3471e-06
8.15033e-07
4.63565e-07
2.49332e-07
1.29021e-07
6.07478e-08
2.47782e-08
1.5809e-08
3.28349e-08
6.52181e-08
1.03805e-07
9.18486e-08
0
0
0
0
0
0
0
0
0
0
0
0
0
0
0
0
0
0
0
0
0
0
0
0
0
0
0
0
0
0
8.31572e-08
1.25838e-07
9.75631e-08
5.06248e-08
1.09409e-08
0
4.65396e-08
1.58847e-07
1.68624e-07
1.3178e-07
1.18923e-07
1.18657e-07
1.22702e-07
1.19484e-07
7.15491e-08
0
0
0
0
0
0
1.83655e-08
5.09004e-08
6.17077e-08
4.91585e-08
3.45024e-08
1.81144e-08
1.29469e-08
0
6.19908e-09
0
0
0
0
7.53884e-08
8.28946e-08
2.35574e-08
3.51469e-08
1.06237e-07
1.49476e-07
5.61957e-08
0
0
4.99216e-08
2.25469e-07
7.3368e-07
2.20357e-06
1.65803e-07
0
0
0
0
0
0
0
0
4.56791e-07
1.39323e-06
1.92678e-06
1.34719e-06
5.23539e-07
6.23476e-08
0
0
1.3951e-07
4.63867e-07
8.87309e-07
1.42086e-06
2.12063e-06
3.10485e-06
4.50654e-06
6.54889e-06
8.33928e-06
1.97285e-06
0
0
0
0
0
0
0
1.73252e-07
2.91795e-08
0
0
0
5.02999e-07
6.54741e-07
1.41688e-07
0
0
0
0
1.00344e-08
1.91565e-07
1.86265e-07
1.40621e-07
1.02789e-07
7.71773e-08
6.05954e-08
5.34646e-08
4.69582e-08
1.72083e-08
0
0
0
0
1.52791e-07
0
0
0
0
0
0
0
0
0
0
0
0
0
0
0
0
5.6781e-08
1.96703e-07
2.44672e-07
2.6525e-07
3.14072e-07
3.56854e-07
3.15093e-07
1.18969e-07
0
0
0
2.99231e-07
2.65213e-06
2.35169e-06
1.67221e-06
1.05771e-06
5.89828e-07
2.65327e-07
6.74885e-08
0
0
7.78304e-09
4.87096e-08
7.11537e-08
9.52411e-08
1.0828e-07
5.62321e-08
0
0
0
0
0
0
0
0
0
0
0
0
0
0
0
0
0
0
0
0
0
0
0
0
0
3.12311e-07
5.58174e-08
0
0
0
1.62011e-07
1.70233e-07
1.26365e-07
8.24841e-08
5.87938e-08
7.66853e-08
1.72525e-07
2.67765e-07
2.2193e-07
1.75976e-07
1.54565e-07
1.41973e-07
1.27785e-07
8.916e-08
0
0
0
0
0
0
5.03813e-09
3.95249e-08
6.12921e-08
6.24023e-08
4.88303e-08
2.62515e-08
1.42888e-08
0
0
0
0
0
0
0
6.14368e-08
0
0
4.43995e-08
1.80128e-07
2.55934e-07
2.50401e-07
2.89486e-07
4.58412e-07
8.54586e-07
1.65995e-06
2.77523e-06
1.24036e-06
3.04397e-07
0
0
0
0
0
0
8.98828e-08
7.34817e-07
1.58395e-06
1.5714e-06
7.95427e-07
2.52957e-07
3.42274e-08
9.87844e-09
1.18891e-07
3.42893e-07
6.65256e-07
1.06877e-06
1.5854e-06
2.31e-06
3.33729e-06
4.79678e-06
6.73328e-06
7.90305e-06
0
0
0
0
0
0
0
0
0
2.60149e-07
1.41344e-07
0
0
0
2.74308e-07
4.35699e-07
1.61908e-07
0
0
0
0
1.49443e-07
1.5886e-07
1.17083e-07
8.2065e-08
6.32627e-08
5.24478e-08
4.60677e-08
4.29998e-08
3.63628e-08
0
0
0
0
1.2278e-07
1.7495e-07
0
0
0
0
0
0
0
0
0
0
0
0
0
0
0
6.07104e-08
1.9595e-07
2.38067e-07
2.69788e-07
3.19077e-07
3.0686e-07
1.72896e-07
0
0
0
0
1.51928e-08
1.89492e-06
2.23389e-06
1.85575e-06
1.31078e-06
7.88998e-07
3.55696e-07
3.03272e-08
0
0
0
3.16787e-08
7.84716e-08
9.97546e-08
1.22794e-07
1.05791e-07
9.92553e-09
0
0
0
0
0
0
0
0
0
0
0
0
0
0
0
0
0
0
0
0
0
0
0
2.82515e-07
1.02591e-06
1.34993e-06
3.26551e-07
0
0
1.14537e-07
2.86821e-07
2.45966e-07
1.9101e-07
1.55907e-07
1.55423e-07
2.13134e-07
3.41072e-07
3.45882e-07
2.58998e-07
2.06442e-07
1.75816e-07
1.49211e-07
1.07977e-07
1.65684e-08
0
0
0
0
0
3.19361e-09
3.64129e-08
5.78586e-08
6.50321e-08
6.02193e-08
3.84104e-08
2.09618e-08
5.73781e-10
0
0
0
0
0
0
0
0
0
0
9.72673e-08
2.83383e-07
4.48305e-07
6.18506e-07
9.01778e-07
1.37599e-06
1.92967e-06
2.17899e-06
1.20992e-06
4.96515e-07
1.6877e-07
0
0
0
0
0
8.89819e-08
3.01759e-07
6.05181e-07
5.82277e-07
2.66011e-07
6.28579e-08
0
1.02328e-08
8.53709e-08
2.37258e-07
4.64924e-07
7.64263e-07
1.16343e-06
1.69221e-06
2.31097e-06
2.73406e-06
2.43191e-06
5.90877e-07
0
0
0
0
0
0
0
0
0
0
5.6982e-08
0
0
0
2.64188e-08
2.27567e-07
3.42436e-07
1.1338e-07
0
0
3.6567e-08
1.69648e-07
1.37052e-07
8.4676e-08
5.02514e-08
3.59219e-08
3.41409e-08
3.47658e-08
3.3933e-08
2.99813e-08
1.851e-08
0
0
0
0
1.73235e-07
9.78606e-08
0
0
0
0
0
0
0
0
0
0
0
0
0
0
4.42323e-08
1.79752e-07
1.93962e-07
1.90697e-07
1.9675e-07
1.29925e-07
0
0
0
0
0
0
1.21543e-06
1.73541e-06
1.6355e-06
1.29848e-06
9.22253e-07
5.50818e-07
1.81668e-07
0
0
0
0
5.38241e-08
1.09666e-07
1.39686e-07
1.37253e-07
6.72006e-08
0
0
0
0
0
0
0
0
0
0
0
0
0
0
0
0
0
0
0
0
0
0
0
3.95058e-07
1.21905e-06
1.78263e-06
5.03149e-07
0
0
0
4.17338e-07
4.45851e-07
3.51099e-07
2.89257e-07
2.69326e-07
3.01568e-07
4.05833e-07
4.83807e-07
3.78753e-07
2.78473e-07
2.20802e-07
1.80548e-07
1.35388e-07
5.57693e-08
0
0
0
0
0
1.15834e-08
4.3222e-08
6.08058e-08
6.57642e-08
6.43431e-08
4.825e-08
3.01184e-08
6.98626e-09
0
0
0
0
0
0
0
0
0
0
0
9.60831e-08
3.41076e-07
6.37466e-07
1.01306e-06
1.4455e-06
1.70359e-06
1.53722e-06
8.73087e-07
4.77359e-07
3.08114e-07
1.7025e-07
3.88433e-08
5.66187e-08
1.04767e-07
7.58307e-08
0
0
0
0
0
0
0
0
0
0
0
8.26497e-08
1.76182e-07
2.33023e-07
1.77898e-07
0
0
0
0
0
0
0
0
0
0
0
0
0
0
0
0
0
1.17543e-07
1.89871e-07
2.56726e-07
8.69639e-08
0
0
2.07054e-07
2.2266e-07
1.24985e-07
5.98962e-08
2.70573e-08
1.18744e-08
1.03212e-08
1.66333e-08
2.15791e-08
1.87658e-08
1.11069e-08
0
0
0
0
0
8.71822e-08
0
0
0
0
0
0
0
0
0
0
0
0
0
0
1.55384e-08
1.6988e-07
1.56357e-07
8.86649e-08
1.92353e-08
0
0
0
0
0
0
0
1.88926e-07
5.57331e-07
5.95841e-07
5.11675e-07
4.67912e-07
4.78219e-07
3.58566e-07
8.30602e-08
0
0
0
0
9.82241e-08
1.52988e-07
1.56036e-07
1.05975e-07
0
0
0
0
0
0
0
0
0
0
0
0
0
0
0
0
0
0
0
0
0
0
1.21756e-08
3.3734e-07
1.26666e-06
1.78294e-06
8.888e-07
0
0
0
0
7.38114e-07
5.91712e-07
4.62505e-07
4.10288e-07
4.2338e-07
4.98914e-07
6.01707e-07
5.32964e-07
3.78786e-07
2.79873e-07
2.17679e-07
1.65975e-07
9.67553e-08
0
0
0
0
0
3.30536e-08
6.24391e-08
7.38161e-08
7.19059e-08
6.71058e-08
5.36896e-08
3.73631e-08
1.3977e-08
0
0
0
0
0
0
1.90513e-07
0
0
0
0
0
0
2.10564e-07
5.4214e-07
8.33539e-07
8.84449e-07
6.8428e-07
4.52121e-07
3.51052e-07
3.47788e-07
3.55366e-07
3.20027e-07
3.31206e-07
3.15874e-07
1.34548e-07
0
0
0
0
0
0
0
0
0
0
0
0
0
0
0
0
0
0
0
0
0
0
0
0
0
0
0
6.36723e-08
6.83692e-08
0
0
0
1.91302e-07
2.35413e-07
2.49859e-07
0
0
0
3.26811e-07
2.24378e-07
9.60344e-08
3.73798e-08
1.56738e-08
4.08746e-09
0
2.88937e-09
1.03808e-08
1.13549e-08
1.44682e-09
0
0
0
0
0
0
0
0
0
0
0
0
0
0
0
0
0
0
0
0
0
1.21926e-07
8.6732e-08
0
0
0
0
0
0
0
0
0
0
0
0
0
0
5.40344e-08
2.99901e-07
2.21976e-07
0
0
0
0
7.12153e-08
1.75287e-07
1.82471e-07
1.39844e-07
5.46109e-08
0
0
0
0
0
0
0
0
0
0
0
0
0
0
0
0
0
0
0
0
0
3.02014e-08
7.98077e-07
9.66286e-07
1.66165e-06
1.62757e-06
0
0
0
0
9.09094e-07
9.64684e-07
7.16944e-07
5.97986e-07
5.81937e-07
6.34182e-07
7.17951e-07
7.00971e-07
5.15293e-07
3.62864e-07
2.68187e-07
1.99154e-07
1.30802e-07
3.76488e-08
0
0
0
3.65714e-09
8.16647e-08
1.04736e-07
1.04673e-07
9.11561e-08
7.65314e-08
5.92713e-08
4.22238e-08
1.8382e-08
1.52393e-09
0
0
0
0
0
5.72161e-07
3.9192e-07
0
0
0
0
0
0
0
0
0
0
5.57886e-09
1.76101e-07
3.44804e-07
5.26493e-07
5.95799e-07
5.62487e-07
4.51092e-07
2.2185e-07
0
0
0
0
0
0
5.7756e-08
0
0
0
0
0
0
0
0
0
0
0
0
0
0
0
8.09055e-08
3.76901e-07
3.82458e-07
2.83642e-07
2.39981e-07
2.49891e-07
1.66463e-07
0
0
6.80936e-08
2.40117e-07
2.64184e-07
3.06069e-07
1.69806e-08
0
3.23578e-07
3.90986e-07
1.63879e-07
4.84311e-08
1.20842e-08
4.42164e-09
2.10099e-09
0
0
4.58828e-09
8.41895e-09
2.85122e-09
0
0
0
0
0
0
0
0
0
0
0
0
0
0
0
0
0
0
0
0
0
3.81579e-08
2.26808e-08
0
0
0
0
0
0
0
0
0
0
0
0
0
0
0
9.21335e-08
1.91794e-07
6.66783e-08
0
0
0
3.68764e-08
2.01809e-07
2.13088e-07
1.65712e-07
1.0297e-07
2.22748e-08
0
0
0
0
0
0
0
0
0
0
0
0
0
0
0
0
0
0
0
0
0
1.28859e-06
1.4995e-06
1.41493e-06
1.58325e-06
0
0
0
0
2.94054e-07
1.43416e-06
1.06649e-06
8.2272e-07
7.53918e-07
7.79102e-07
8.31799e-07
8.28413e-07
6.60804e-07
4.63124e-07
3.29495e-07
2.3691e-07
1.57656e-07
7.28989e-08
0
0
0
9.55507e-08
2.06172e-07
2.01496e-07
1.73647e-07
1.36754e-07
1.02834e-07
7.17687e-08
4.74322e-08
1.96129e-08
1.6025e-10
0
0
0
0
0
6.00553e-07
8.33558e-07
2.08689e-07
0
0
0
0
0
0
0
0
0
0
1.711e-07
4.99347e-07
7.92512e-07
8.05255e-07
6.84837e-07
5.33722e-07
3.3476e-07
6.82857e-08
0
0
0
0
1.60143e-07
2.54651e-07
2.21859e-07
8.88337e-08
0
0
0
0
0
0
0
0
0
0
0
0
1.16297e-06
1.61381e-06
1.29824e-06
8.95756e-07
5.66223e-07
3.87066e-07
3.0409e-07
1.53806e-07
0
0
1.64561e-07
2.80814e-07
2.97673e-07
4.56292e-07
3.16297e-07
3.64364e-07
5.91224e-07
2.86323e-07
8.00125e-08
1.57239e-08
1.31422e-09
1.72516e-09
4.94369e-09
3.66106e-09
2.6632e-09
6.82106e-09
1.03214e-08
1.01682e-08
2.26933e-09
0
0
0
0
0
0
0
0
0
0
0
0
0
0
0
0
0
0
0
0
0
4.44511e-08
0
0
0
0
1.88634e-07
4.59903e-07
6.93686e-07
8.73824e-07
8.26837e-07
3.99165e-07
2.15284e-08
0
0
0
0
0
1.23279e-07
9.94524e-08
0
0
0
0
2.21132e-07
2.35327e-07
1.81026e-07
1.46454e-07
1.1239e-07
6.47291e-08
6.40719e-09
0
0
0
0
0
0
0
0
0
0
0
0
0
0
0
0
0
0
0
1.44229e-06
2.3909e-06
2.56319e-06
1.91661e-06
9.12344e-07
0
0
0
0
1.82212e-06
1.51442e-06
1.10904e-06
9.51034e-07
9.29455e-07
9.41838e-07
9.15367e-07
7.77393e-07
5.69402e-07
4.03037e-07
2.83829e-07
1.8764e-07
9.8797e-08
2.19633e-08
0
4.81498e-08
2.32897e-07
4.54135e-07
4.26175e-07
3.33005e-07
2.45076e-07
1.7063e-07
1.05069e-07
5.56171e-08
1.65923e-08
0
0
0
0
0
0
2.94835e-07
7.41865e-07
7.23279e-07
0
0
0
0
0
0
0
0
0
6.8615e-09
3.61369e-07
7.00663e-07
8.94301e-07
7.82878e-07
6.32222e-07
5.02273e-07
3.60441e-07
1.83868e-07
5.80197e-09
0
0
7.06089e-08
2.29492e-07
3.19835e-07
3.26814e-07
2.59214e-07
1.36724e-07
0
0
0
0
0
0
0
0
0
0
6.13526e-07
3.5816e-06
2.2809e-06
1.38895e-06
8.38944e-07
4.84068e-07
3.15515e-07
2.4517e-07
1.03617e-07
0
3.98082e-08
2.6418e-07
3.13364e-07
3.62796e-07
7.59304e-07
8.92663e-07
8.81358e-07
4.81898e-07
1.61848e-07
5.18822e-08
2.12755e-08
1.49815e-08
1.63174e-08
1.91259e-08
1.8713e-08
1.58136e-08
1.80623e-08
2.00175e-08
2.08412e-08
1.8644e-08
2.73267e-10
0
0
0
0
0
0
0
0
0
0
0
0
0
0
0
0
0
0
0
0
1.46588e-07
1.75638e-07
2.31911e-07
6.01368e-07
1.40027e-06
2.49848e-06
3.60063e-06
4.34342e-06
4.37943e-06
3.3722e-06
1.46601e-06
0
0
0
0
0
0
6.57818e-08
1.15239e-07
0
0
0
0
2.17243e-07
2.30635e-07
1.88164e-07
2.10277e-07
2.47242e-07
2.40959e-07
1.79645e-07
6.57259e-08
0
0
0
0
0
0
0
0
0
0
0
0
0
0
0
8.54898e-08
0
0
1.40528e-06
2.91404e-06
3.60618e-06
3.09987e-06
1.84645e-06
0
0
0
0
1.97361e-06
1.99686e-06
1.4307e-06
1.15415e-06
1.06555e-06
1.02751e-06
9.62585e-07
8.30734e-07
6.44924e-07
4.72862e-07
3.36152e-07
2.24537e-07
1.27232e-07
5.50978e-08
4.42419e-08
1.34482e-07
3.16023e-07
5.04203e-07
5.90826e-07
5.57129e-07
4.37743e-07
3.13525e-07
1.90095e-07
7.26768e-08
1.15167e-09
0
0
0
0
0
0
4.15264e-08
3.02691e-07
5.2268e-07
5.01397e-07
0
0
0
0
0
0
0
2.89447e-08
2.29733e-07
4.82883e-07
7.02345e-07
7.50563e-07
6.04171e-07
4.85495e-07
3.92779e-07
2.97638e-07
1.84971e-07
6.74416e-08
0
5.05032e-09
9.09113e-08
1.94386e-07
2.64463e-07
2.85683e-07
2.59569e-07
1.9638e-07
1.07019e-07
0
0
0
0
0
0
0
0
0
1.45802e-06
2.16332e-06
1.32834e-06
7.73665e-07
4.41981e-07
2.40882e-07
1.88858e-07
1.72162e-07
4.70264e-08
0
1.60072e-07
3.55687e-07
3.53657e-07
5.04744e-07
1.30702e-06
1.55144e-06
8.26308e-07
2.90557e-07
1.17578e-07
5.66861e-08
3.67879e-08
3.3799e-08
3.69273e-08
3.89321e-08
3.7827e-08
3.35309e-08
3.37686e-08
3.55683e-08
3.48442e-08
3.61146e-08
2.94463e-08
0
0
0
0
0
0
0
0
0
0
0
0
0
0
0
0
0
0
0
0
3.08173e-07
5.22818e-07
7.75153e-07
1.38199e-06
2.73298e-06
4.74209e-06
6.94858e-06
8.97543e-06
9.68303e-06
7.8147e-06
3.02483e-06
0
0
0
0
0
0
2.14754e-08
1.19334e-07
0
0
0
0
1.92562e-07
1.99637e-07
2.06938e-07
3.29716e-07
4.55694e-07
4.9087e-07
4.12628e-07
2.56062e-07
1.03269e-07
0
0
0
0
0
0
0
0
0
0
0
0
0
0
5.72043e-07
6.04589e-07
1.87045e-07
1.35943e-06
3.18638e-06
4.10208e-06
3.81663e-06
2.56657e-06
0
0
0
0
1.83155e-06
2.41924e-06
1.74055e-06
1.33779e-06
1.17241e-06
1.08008e-06
9.75832e-07
8.33542e-07
6.67487e-07
5.14749e-07
3.81979e-07
2.65794e-07
1.63501e-07
9.17863e-08
9.11831e-08
1.91115e-07
3.62673e-07
5.12869e-07
5.68632e-07
5.60206e-07
5.34079e-07
4.29767e-07
2.742e-07
6.60509e-08
0
4.83223e-08
9.56961e-08
0
0
0
0
0
1.00024e-07
1.70014e-07
4.65327e-07
0
0
0
0
2.06569e-08
1.20234e-07
1.64399e-07
1.95402e-07
2.83779e-07
4.25045e-07
5.29374e-07
4.98482e-07
3.72057e-07
2.91967e-07
2.42299e-07
1.89174e-07
1.23509e-07
5.23355e-08
5.28179e-09
5.67992e-09
5.35058e-08
1.17783e-07
1.65668e-07
1.84831e-07
1.76004e-07
1.46569e-07
1.04909e-07
5.83126e-08
1.17105e-08
0
0
0
0
0
0
1.00123e-07
4.26111e-07
4.85486e-07
2.9382e-07
1.59417e-07
7.05907e-08
3.55125e-08
9.31907e-08
9.79798e-08
0
9.90324e-09
2.99907e-07
4.39996e-07
4.18499e-07
8.29708e-07
2.15596e-06
1.77787e-06
5.01864e-07
2.10724e-07
1.1371e-07
6.85286e-08
5.27062e-08
5.28891e-08
5.7064e-08
5.75656e-08
5.45537e-08
4.93776e-08
4.76808e-08
5.04892e-08
4.99767e-08
5.13516e-08
4.97788e-08
6.81292e-09
0
0
0
0
0
0
0
0
0
0
0
0
0
0
0
0
0
0
7.75082e-08
5.3699e-07
9.01263e-07
1.26228e-06
1.94928e-06
3.39884e-06
5.97149e-06
9.04988e-06
1.31707e-05
1.6324e-05
1.54987e-05
4.67852e-06
0
0
0
0
0
0
2.88286e-09
1.24028e-07
0
0
0
0
1.53242e-07
1.65757e-07
2.79842e-07
5.42048e-07
7.49959e-07
8.04923e-07
6.79994e-07
4.78948e-07
3.11573e-07
5.32222e-08
0
0
0
0
0
0
0
0
0
0
0
0
0
8.70749e-07
1.10163e-06
9.28192e-07
1.44976e-06
3.3303e-06
4.34134e-06
4.15732e-06
3.01399e-06
1.46547e-06
0
0
0
1.53811e-06
2.69885e-06
1.98889e-06
1.48044e-06
1.24195e-06
1.09812e-06
9.60532e-07
8.07405e-07
6.48336e-07
5.156e-07
4.04019e-07
3.00806e-07
2.04361e-07
1.3529e-07
1.37882e-07
2.33611e-07
3.79105e-07
4.9213e-07
5.50164e-07
5.46265e-07
4.94363e-07
3.95062e-07
1.8499e-07
0
0
3.31602e-07
2.43976e-07
0
0
0
0
0
3.06236e-08
7.56169e-09
0
0
0
0
1.13006e-07
1.85907e-07
1.88399e-07
1.5967e-07
1.32568e-07
1.61343e-07
2.35307e-07
2.74638e-07
2.25169e-07
1.38535e-07
9.46523e-08
7.68957e-08
5.66945e-08
2.76143e-08
0
0
0
1.48882e-08
5.40448e-08
8.33154e-08
9.50074e-08
9.08569e-08
7.7591e-08
6.27193e-08
5.26229e-08
5.31825e-08
6.52332e-08
9.06083e-08
1.30376e-07
1.82161e-07
2.43067e-07
2.76034e-07
2.4659e-07
1.38032e-07
0
0
0
0
0
3.60037e-09
0
0
1.05416e-07
4.48207e-07
5.18844e-07
5.42952e-07
1.60542e-06
2.93871e-06
1.26009e-06
3.25362e-07
1.95194e-07
1.22796e-07
8.31647e-08
7.09117e-08
7.34663e-08
7.64089e-08
7.47463e-08
6.92679e-08
6.17205e-08
5.769e-08
6.1469e-08
6.31599e-08
6.3994e-08
6.53576e-08
4.87019e-08
0
0
0
0
0
0
0
0
0
0
0
0
0
0
0
0
0
6.75741e-08
3.33939e-07
7.59764e-07
1.25394e-06
1.65389e-06
2.25248e-06
3.43749e-06
5.83847e-06
8.88702e-06
1.39565e-05
1.993e-05
2.63917e-05
5.75418e-06
0
0
0
0
0
0
0
1.1577e-07
0
0
0
5.3881e-08
1.06805e-07
1.73684e-07
4.61145e-07
8.64251e-07
1.11254e-06
1.1492e-06
9.41876e-07
6.83194e-07
5.00852e-07
2.56993e-07
0
0
0
0
0
0
0
0
0
0
0
0
1.19774e-07
1.25273e-06
1.66455e-06
1.56897e-06
1.76162e-06
3.48266e-06
4.60925e-06
4.56732e-06
3.53229e-06
2.82798e-06
1.05332e-06
3.16507e-07
0
1.34233e-06
2.86508e-06
2.18258e-06
1.58394e-06
1.27409e-06
1.0832e-06
9.22156e-07
7.63417e-07
6.06662e-07
4.83302e-07
3.93515e-07
3.14692e-07
2.38424e-07
1.81192e-07
1.84746e-07
2.67699e-07
3.77919e-07
4.42612e-07
4.46062e-07
4.4048e-07
3.88746e-07
1.9721e-07
0
0
0
2.6311e-07
2.17782e-07
0
0
0
0
7.7137e-08
1.45973e-07
1.32102e-07
3.60854e-08
0
0
0
4.23325e-08
1.08037e-07
6.44536e-08
0
0
0
0
0
0
0
0
0
0
0
0
0
0
0
9.30875e-09
2.49166e-08
2.74867e-08
2.14644e-08
1.43747e-08
1.32667e-08
2.32311e-08
4.92555e-08
9.18277e-08
1.5096e-07
2.23358e-07
2.99391e-07
3.54606e-07
3.46501e-07
2.4958e-07
4.95155e-08
0
0
0
0
0
0
0
0
2.73216e-07
5.94527e-07
6.0487e-07
8.66994e-07
2.88917e-06
3.05681e-06
6.42435e-07
2.79071e-07
1.967e-07
1.31018e-07
9.73159e-08
9.02507e-08
9.38981e-08
9.46838e-08
9.0977e-08
8.32843e-08
7.17534e-08
6.54343e-08
6.90641e-08
7.35634e-08
7.49603e-08
7.76319e-08
7.1482e-08
9.09038e-09
0
0
0
0
0
0
0
0
0
0
0
0
0
2.58997e-08
1.84744e-07
3.72807e-07
5.41234e-07
7.21199e-07
9.86919e-07
1.37869e-06
1.8368e-06
2.31671e-06
3.13536e-06
4.85532e-06
7.00676e-06
1.06525e-05
1.47755e-05
1.92607e-05
0
0
0
0
0
0
0
0
8.10943e-08
0
0
5.92079e-08
1.41235e-07
7.37385e-08
2.89551e-07
7.89337e-07
1.27261e-06
1.49888e-06
1.46313e-06
1.15081e-06
8.27938e-07
5.93676e-07
9.92209e-08
0
0
0
0
0
0
0
0
0
0
0
0
2.37654e-07
1.7635e-06
2.36936e-06
2.37503e-06
2.27077e-06
3.62402e-06
4.8937e-06
5.13051e-06
4.35404e-06
4.18348e-06
2.77891e-06
1.50289e-06
0
1.34764e-06
2.93955e-06
2.29041e-06
1.62703e-06
1.26193e-06
1.03805e-06
8.61713e-07
7.01885e-07
5.53166e-07
4.3557e-07
3.57794e-07
3.00717e-07
2.51473e-07
2.17855e-07
2.27264e-07
2.94273e-07
3.64825e-07
3.75666e-07
3.08606e-07
2.10389e-07
6.23545e-08
0
0
0
0
1.76753e-07
1.83272e-07
0
0
0
1.08979e-07
4.81053e-07
6.18915e-07
7.57252e-07
8.78185e-07
7.37876e-07
0
0
0
0
0
0
0
0
0
0
0
0
0
0
0
0
0
0
0
0
7.44867e-09
2.13351e-08
1.68189e-08
9.78568e-10
0
0
0
2.92529e-08
8.40092e-08
1.56997e-07
2.4138e-07
3.23373e-07
3.73554e-07
3.52762e-07
2.33995e-07
0
0
0
0
0
0
0
0
0
4.91179e-07
7.27824e-07
7.39328e-07
1.80723e-06
3.60867e-06
2.22104e-06
3.67744e-07
2.71192e-07
1.96077e-07
1.38648e-07
1.12871e-07
1.09888e-07
1.12341e-07
1.1065e-07
1.0508e-07
9.54934e-08
8.13649e-08
7.25273e-08
7.40491e-08
8.00231e-08
8.32874e-08
8.63304e-08
8.51044e-08
5.76184e-08
0
0
0
0
0
0
0
0
0
0
0
0
0
5.94979e-07
9.2022e-07
1.11152e-06
1.16906e-06
1.15507e-06
1.19689e-06
1.35758e-06
1.76124e-06
2.07972e-06
2.68746e-06
3.71468e-06
4.97273e-06
6.74333e-06
8.03486e-06
7.443e-06
0
0
0
0
0
0
0
0
0
0
5.58576e-08
3.85885e-07
1.77685e-07
1.02807e-07
5.77914e-07
1.25028e-06
1.70397e-06
1.85462e-06
1.70949e-06
1.28993e-06
8.9204e-07
6.07367e-07
2.61424e-08
0
0
0
0
0
0
0
0
0
0
0
0
0
2.08091e-06
3.16252e-06
3.23994e-06
3.07945e-06
3.87655e-06
5.24622e-06
5.84048e-06
5.48675e-06
5.58786e-06
4.08997e-06
2.36599e-06
6.17758e-07
1.47334e-06
2.91326e-06
2.30306e-06
1.60845e-06
1.2099e-06
9.63868e-07
7.79272e-07
6.29633e-07
4.96316e-07
3.85159e-07
3.10944e-07
2.65365e-07
2.37928e-07
2.33133e-07
2.59653e-07
3.15601e-07
3.46025e-07
2.98976e-07
1.7119e-07
6.32557e-09
0
0
0
0
1.74894e-08
1.28468e-07
1.57704e-07
0
1.26545e-07
5.04591e-07
5.73032e-07
5.98132e-07
7.15999e-07
7.60292e-07
5.79223e-07
1.1776e-07
0
0
0
0
0
0
0
0
0
0
0
0
0
0
0
0
0
0
0
0
7.96052e-09
4.55932e-08
5.72297e-08
5.00146e-08
3.45677e-08
2.42887e-08
3.04502e-08
5.9887e-08
1.13719e-07
1.88494e-07
2.75013e-07
3.57288e-07
4.03303e-07
3.76044e-07
2.26592e-07
0
0
0
0
0
0
0
0
1.25788e-07
7.10339e-07
8.38954e-07
1.09979e-06
3.02974e-06
3.43437e-06
1.04062e-06
3.19454e-07
2.73745e-07
1.99565e-07
1.48089e-07
1.28202e-07
1.26456e-07
1.26544e-07
1.22274e-07
1.14975e-07
1.03986e-07
8.99574e-08
8.05044e-08
7.95549e-08
8.50084e-08
8.89977e-08
9.21771e-08
9.3002e-08
8.15285e-08
2.22418e-08
0
0
0
0
0
0
0
0
0
0
0
1.18281e-07
1.33111e-06
1.64803e-06
1.61568e-06
1.53865e-06
1.41646e-06
1.31573e-06
1.30535e-06
1.5506e-06
1.71133e-06
2.17944e-06
2.71712e-06
3.45184e-06
4.17016e-06
4.38078e-06
3.32171e-06
0
0
0
0
0
0
0
0
0
0
5.07909e-07
6.07673e-07
1.57764e-07
2.81066e-07
1.05598e-06
1.75836e-06
2.08577e-06
2.12992e-06
1.84529e-06
1.34716e-06
8.98494e-07
5.90763e-07
4.91497e-08
0
0
0
0
0
0
0
0
0
1.51797e-06
4.65217e-06
5.36519e-06
2.57865e-06
1.40597e-06
3.49586e-06
4.01934e-06
3.91541e-06
4.58074e-06
5.80871e-06
6.74534e-06
6.78745e-06
6.83311e-06
4.90665e-06
2.84065e-06
1.10265e-06
1.64028e-06
2.8538e-06
2.24126e-06
1.53271e-06
1.12398e-06
8.66619e-07
6.89176e-07
5.55952e-07
4.39688e-07
3.36314e-07
2.62202e-07
2.19662e-07
2.03376e-07
2.20102e-07
2.70979e-07
3.28634e-07
3.22721e-07
2.19078e-07
3.8943e-08
0
0
0
0
0
5.22553e-08
1.10335e-07
1.38866e-07
4.72677e-08
7.01669e-08
8.11417e-08
8.63769e-08
1.50314e-07
2.3567e-07
2.39874e-07
1.27492e-07
0
0
0
0
0
0
0
0
0
0
0
0
0
0
0
0
0
0
0
0
0
0
4.69357e-08
8.60997e-08
1.03994e-07
1.0866e-07
1.11544e-07
1.23478e-07
1.52948e-07
2.05903e-07
2.80445e-07
3.69438e-07
4.52771e-07
4.99073e-07
4.67978e-07
2.7266e-07
0
0
0
0
0
0
0
0
4.37001e-07
8.70586e-07
9.72533e-07
2.00134e-06
3.14668e-06
2.55171e-06
4.39231e-07
3.22811e-07
2.57918e-07
1.85799e-07
1.4746e-07
1.34685e-07
1.33744e-07
1.32138e-07
1.2665e-07
1.18232e-07
1.06856e-07
9.5019e-08
8.65939e-08
8.43263e-08
8.86595e-08
9.28884e-08
9.63392e-08
9.74208e-08
9.2573e-08
6.72948e-08
0
0
0
0
0
0
0
0
0
0
0
6.91515e-08
1.42895e-06
1.64476e-06
1.51461e-06
1.42407e-06
1.3567e-06
1.2659e-06
1.20116e-06
1.28869e-06
1.36143e-06
1.66707e-06
1.97126e-06
2.41952e-06
2.68381e-06
2.60887e-06
1.82897e-06
0
0
0
0
0
0
0
0
0
3.18325e-07
9.12608e-07
6.4502e-07
1.46357e-07
6.97258e-07
1.63926e-06
2.17864e-06
2.34799e-06
2.28251e-06
1.86625e-06
1.31927e-06
8.60864e-07
5.52771e-07
4.74775e-08
6.10692e-08
0
0
0
0
0
0
0
2.74551e-06
6.6372e-06
9.93245e-06
1.29572e-05
1.52403e-05
1.02494e-05
2.60059e-06
3.79628e-06
4.54426e-06
5.7404e-06
6.83314e-06
7.62468e-06
7.85006e-06
7.52158e-06
5.08929e-06
2.88177e-06
1.30246e-06
1.72472e-06
2.66968e-06
2.05998e-06
1.39413e-06
9.96329e-07
7.51654e-07
5.92535e-07
4.7911e-07
3.80185e-07
2.86202e-07
2.12833e-07
1.70048e-07
1.57181e-07
1.83891e-07
2.56635e-07
3.34032e-07
3.02198e-07
1.43309e-07
0
0
0
0
0
6.14796e-08
9.34523e-08
1.17257e-07
1.31094e-07
2.14585e-08
2.01371e-08
4.38783e-08
8.011e-08
1.00953e-07
1.22449e-07
1.15471e-07
6.83056e-08
0
0
0
0
0
0
0
0
0
0
0
0
0
0
0
0
0
0
0
0
0
0
3.92379e-08
1.20352e-07
1.72775e-07
2.09319e-07
2.3891e-07
2.71598e-07
3.14385e-07
3.75416e-07
4.5381e-07
5.47561e-07
6.38519e-07
6.97665e-07
6.6845e-07
4.27345e-07
0
0
0
0
0
0
0
0
6.71441e-07
9.57997e-07
1.33376e-06
2.41753e-06
2.6441e-06
1.26234e-06
3.17887e-07
2.97269e-07
2.26076e-07
1.74865e-07
1.48481e-07
1.38966e-07
1.35774e-07
1.31195e-07
1.24124e-07
1.14565e-07
1.05303e-07
9.80625e-08
9.09685e-08
8.67483e-08
8.8523e-08
9.16199e-08
9.47539e-08
9.58643e-08
9.36278e-08
8.37722e-08
4.29573e-08
0
0
0
0
0
0
0
0
0
0
0
8.46824e-07
1.11207e-06
1.07262e-06
1.04187e-06
1.04756e-06
1.03698e-06
1.00917e-06
1.01949e-06
1.05101e-06
1.22274e-06
1.39792e-06
1.66709e-06
1.75569e-06
1.64786e-06
1.13967e-06
0
0
0
0
0
0
0
0
0
8.85741e-07
1.0984e-06
5.23033e-07
3.39355e-07
1.3352e-06
2.11631e-06
2.36636e-06
2.40715e-06
2.24147e-06
1.7363e-06
1.1986e-06
7.77151e-07
4.82075e-07
4.37073e-08
9.93364e-08
0
0
0
0
0
0
4.27784e-07
3.5318e-06
6.12689e-06
8.76664e-06
1.18376e-05
1.51812e-05
1.95729e-05
1.87162e-05
2.37732e-06
3.95542e-06
7.27192e-06
7.87424e-06
7.82104e-06
7.98766e-06
7.19287e-06
4.5113e-06
2.46284e-06
1.19344e-06
1.59424e-06
2.30359e-06
1.7584e-06
1.17227e-06
8.19305e-07
6.09047e-07
4.79212e-07
3.8973e-07
3.10199e-07
2.28846e-07
1.59847e-07
1.18199e-07
1.05441e-07
1.30167e-07
2.09402e-07
3.17898e-07
2.84433e-07
8.20212e-08
0
0
0
0
4.82067e-08
1.28644e-07
1.44478e-07
1.4688e-07
1.42752e-07
0
4.66491e-10
2.35096e-08
8.65955e-08
9.50491e-08
8.25344e-08
6.5326e-08
4.92295e-08
2.43794e-08
0
0
0
0
0
0
0
0
0
0
0
0
0
0
0
0
0
0
0
0
0
0
5.77155e-08
1.49105e-07
2.18791e-07
2.76662e-07
3.32713e-07
3.95037e-07
4.70997e-07
5.59828e-07
6.64735e-07
7.71066e-07
8.64465e-07
8.65597e-07
6.07634e-07
0
0
0
0
0
0
0
2.32154e-07
7.75912e-07
1.08088e-06
1.70866e-06
2.14403e-06
1.84173e-06
4.68079e-07
3.03688e-07
2.54401e-07
1.98378e-07
1.6158e-07
1.43112e-07
1.36435e-07
1.32511e-07
1.26735e-07
1.18684e-07
1.08758e-07
1.03266e-07
9.98423e-08
9.48277e-08
8.98086e-08
8.87528e-08
9.02195e-08
9.12962e-08
9.24734e-08
9.05797e-08
8.68556e-08
8.11336e-08
0
0
0
0
0
0
0
0
0
0
0
1.84551e-07
5.36593e-07
6.36909e-07
6.72513e-07
7.19401e-07
7.66352e-07
7.92936e-07
8.09471e-07
8.35544e-07
9.24309e-07
1.01979e-06
1.17987e-06
1.22031e-06
1.14191e-06
7.92047e-07
0
0
0
0
0
0
0
0
7.62823e-07
1.34807e-06
1.12796e-06
5.12864e-07
1.10156e-06
2.0904e-06
2.47138e-06
2.49268e-06
2.46597e-06
2.19279e-06
1.64011e-06
1.10056e-06
7.43846e-07
4.46898e-07
9.51612e-08
5.10931e-08
0
0
0
0
0
0
9.55269e-07
3.40554e-06
5.85202e-06
8.24907e-06
1.06811e-05
1.35876e-05
1.66859e-05
2.00122e-05
1.70336e-05
3.97665e-06
6.43243e-06
7.3935e-06
7.28611e-06
7.47693e-06
6.37576e-06
3.68947e-06
1.91471e-06
9.77386e-07
1.39918e-06
1.94108e-06
1.47364e-06
9.67444e-07
6.6537e-07
4.92016e-07
3.90918e-07
3.22242e-07
2.57073e-07
1.82733e-07
1.14766e-07
7.24233e-08
5.82958e-08
7.65391e-08
1.48505e-07
2.87733e-07
2.99397e-07
6.46579e-08
0
0
0
0
1.96747e-07
2.4382e-07
2.25891e-07
2.1172e-07
1.95306e-07
2.36448e-09
2.86157e-10
0
9.85294e-09
1.23501e-08
1.06245e-08
8.90162e-09
1.1451e-08
1.18835e-08
0
0
9.99081e-09
6.64262e-09
0
0
0
0
0
0
0
0
0
0
0
0
0
0
0
0
0
0
0
9.58721e-08
1.96719e-07
2.85067e-07
3.69792e-07
4.59031e-07
5.58284e-07
6.69252e-07
7.87046e-07
8.96543e-07
9.93485e-07
9.88618e-07
7.01016e-07
0
0
0
0
0
0
0
3.47323e-07
8.02996e-07
1.21536e-06
1.59244e-06
1.61821e-06
9.10334e-07
3.13595e-07
2.64443e-07
2.12616e-07
1.70526e-07
1.43636e-07
1.30474e-07
1.25003e-07
1.20863e-07
1.15262e-07
1.07641e-07
9.98907e-08
9.65007e-08
9.58982e-08
9.39944e-08
8.96762e-08
8.57246e-08
8.50589e-08
8.46357e-08
8.53838e-08
8.35288e-08
8.17948e-08
8.71632e-08
4.11749e-08
0
0
0
0
0
1.76832e-07
1.58044e-07
4.16786e-08
0
0
0
3.02819e-08
2.46623e-07
3.48336e-07
4.16014e-07
4.82107e-07
5.42983e-07
5.9062e-07
6.32272e-07
6.84538e-07
7.53383e-07
8.40382e-07
8.63787e-07
8.03741e-07
5.61666e-07
1.20396e-08
0
0
0
0
0
0
5.25424e-07
1.51809e-06
1.54884e-06
1.04268e-06
1.05297e-06
2.09346e-06
2.4789e-06
2.47392e-06
2.40784e-06
2.34207e-06
1.95621e-06
1.43314e-06
9.37044e-07
6.6734e-07
4.21392e-07
1.94494e-07
2.58834e-08
0
0
0
0
0
0
1.39391e-06
3.78551e-06
6.23295e-06
8.57719e-06
1.04868e-05
1.23939e-05
1.43417e-05
1.55502e-05
1.39262e-05
6.82494e-06
2.31517e-06
3.39974e-06
4.80146e-06
5.65645e-06
4.61655e-06
2.36588e-06
1.09052e-06
5.80409e-07
1.08684e-06
1.45097e-06
1.05353e-06
6.78002e-07
4.64093e-07
3.48159e-07
2.83905e-07
2.38455e-07
1.88001e-07
1.2204e-07
5.89259e-08
2.05952e-08
7.87474e-09
1.89474e-08
7.07867e-08
1.98288e-07
2.86289e-07
9.68608e-08
0
0
0
0
4.8465e-07
3.76312e-07
2.94992e-07
2.61614e-07
2.46376e-07
2.8905e-09
0
0
0
0
0
0
0
0
0
0
1.53461e-08
3.3301e-08
3.46335e-08
0
0
0
0
0
0
0
0
0
0
0
0
0
0
0
0
0
0
0
1.06568e-07
2.24711e-07
3.31572e-07
4.32727e-07
5.30923e-07
6.23297e-07
6.99239e-07
7.43987e-07
7.37793e-07
6.05207e-07
2.65296e-07
0
0
0
0
0
0
0
4.78747e-07
8.63388e-07
1.13751e-06
1.22658e-06
9.539e-07
4.11071e-07
2.6919e-07
2.16147e-07
1.71966e-07
1.42467e-07
1.26307e-07
1.18548e-07
1.143e-07
1.10183e-07
1.04739e-07
9.77253e-08
9.21009e-08
9.02937e-08
9.07563e-08
9.00824e-08
8.68148e-08
8.1633e-08
7.84308e-08
7.68915e-08
7.64464e-08
7.51006e-08
7.32782e-08
7.97889e-08
1.02867e-07
0
0
0
0
1.44847e-08
3.4434e-07
4.19003e-07
2.72512e-07
0
0
0
0
0
9.79025e-08
1.92529e-07
2.66501e-07
3.36484e-07
4.03243e-07
4.61183e-07
5.13288e-07
5.70769e-07
6.21015e-07
6.41304e-07
6.03643e-07
4.58268e-07
8.23679e-08
0
0
0
0
0
2.07206e-07
1.84018e-06
1.99037e-06
1.61473e-06
1.37399e-06
2.27933e-06
2.50781e-06
2.42354e-06
2.32677e-06
2.28262e-06
2.17697e-06
1.67734e-06
1.21798e-06
7.9611e-07
6.2143e-07
4.28123e-07
3.20153e-07
4.12843e-08
0
4.6717e-07
3.03788e-06
0
0
4.56737e-08
2.14869e-06
4.38987e-06
6.93678e-06
9.59294e-06
1.16147e-05
1.27269e-05
1.3591e-05
1.35386e-05
1.14926e-05
6.55722e-06
1.37987e-06
5.31336e-07
2.27691e-06
3.62995e-06
2.71466e-06
1.03062e-06
2.84473e-07
1.8694e-07
7.62104e-07
9.74642e-07
6.69166e-07
4.25825e-07
2.97916e-07
2.33637e-07
1.99257e-07
1.70781e-07
1.28876e-07
6.69824e-08
7.63667e-09
0
0
0
8.93059e-09
1.00057e-07
2.28581e-07
1.62598e-07
0
0
0
0
7.30964e-07
4.28246e-07
3.06771e-07
2.61682e-07
2.50786e-07
3.98253e-09
0
0
0
0
0
0
0
0
0
0
9.49797e-09
2.51182e-08
3.32013e-08
8.15444e-09
0
0
0
0
0
0
0
0
0
0
0
0
0
0
0
0
0
0
0
0
0
0
0
0
0
0
0
0
5.61866e-08
0
0
0
0
0
1.86188e-07
4.59231e-07
6.60157e-07
8.19766e-07
8.62292e-07
7.71595e-07
5.14232e-07
2.80979e-07
2.06951e-07
1.63912e-07
1.36313e-07
1.19888e-07
1.11206e-07
1.06493e-07
1.03361e-07
9.99066e-08
9.50761e-08
8.92393e-08
8.58441e-08
8.52007e-08
8.6106e-08
8.54441e-08
8.1863e-08
7.59868e-08
7.11594e-08
6.86735e-08
6.78131e-08
6.6813e-08
6.43759e-08
6.89158e-08
1.01955e-07
2.81058e-08
0
0
0
0
3.97081e-07
5.89754e-07
4.44629e-07
0
0
0
0
0
0
1.201e-08
9.39263e-08
1.64455e-07
2.3269e-07
2.95627e-07
3.53447e-07
4.1031e-07
4.62527e-07
4.98788e-07
4.8812e-07
3.77179e-07
5.14543e-08
0
0
0
0
2.0224e-08
2.51556e-06
2.66879e-06
2.31595e-06
2.03018e-06
2.65449e-06
2.50343e-06
2.26279e-06
2.15139e-06
2.11732e-06
2.11799e-06
1.90396e-06
1.38559e-06
9.90926e-07
6.5898e-07
5.66839e-07
4.45342e-07
4.3168e-07
9.84574e-08
0
3.43489e-06
6.58171e-06
0
0
8.14267e-07
2.05656e-06
3.85476e-06
6.46271e-06
9.76838e-06
1.26934e-05
1.3971e-05
1.38128e-05
1.2677e-05
1.00957e-05
5.84008e-06
1.38039e-06
0
9.08782e-07
1.92654e-06
9.33617e-07
0
0
0
3.64281e-07
4.83293e-07
3.12086e-07
2.03931e-07
1.56614e-07
1.36837e-07
1.26193e-07
1.09072e-07
7.07138e-08
1.11279e-08
0
0
0
0
0
1.46586e-08
1.16287e-07
1.53573e-07
1.93466e-08
0
0
1.49418e-06
7.23421e-07
3.65406e-07
2.47461e-07
2.08718e-07
1.96488e-07
3.39291e-09
0
0
0
1.33517e-09
5.00735e-09
8.03858e-09
9.09684e-09
4.10589e-09
0
2.663e-09
1.25772e-08
2.11832e-08
2.602e-08
1.25373e-08
0
0
0
0
0
0
0
0
0
0
0
0
0
0
0
0
0
0
0
0
0
0
0
0
0
0
0
0
0
0
1.19224e-07
3.57493e-07
5.44719e-07
5.94002e-07
5.67112e-07
5.51846e-07
5.77558e-07
5.78559e-07
6.02666e-07
5.20523e-07
2.86426e-07
1.93959e-07
1.52123e-07
1.26971e-07
1.11689e-07
1.02699e-07
9.73904e-08
9.41697e-08
9.19743e-08
8.95154e-08
8.58738e-08
8.16951e-08
7.90083e-08
7.85841e-08
7.9647e-08
7.92565e-08
7.59101e-08
6.95202e-08
6.34555e-08
6.00472e-08
5.93934e-08
5.94439e-08
5.63226e-08
5.76208e-08
8.04708e-08
1.37499e-07
0
0
0
0
3.08317e-07
5.89072e-07
4.91968e-07
0
0
0
0
0
0
0
0
2.87032e-08
9.82723e-08
1.65704e-07
2.32255e-07
2.95628e-07
3.50733e-07
3.7836e-07
3.43701e-07
2.19856e-07
0
0
0
0
1.33636e-06
3.96216e-06
3.76062e-06
3.33765e-06
3.02394e-06
2.92605e-06
2.35933e-06
2.00695e-06
1.88863e-06
1.85603e-06
1.90543e-06
1.89795e-06
1.51584e-06
1.06577e-06
7.67674e-07
5.4864e-07
5.25326e-07
4.58835e-07
5.1265e-07
1.86748e-07
0
5.3936e-06
8.81651e-06
6.04562e-07
0
7.44516e-07
9.56559e-07
2.45621e-06
5.03856e-06
8.77547e-06
1.26363e-05
1.50165e-05
1.48818e-05
1.28154e-05
9.59599e-06
5.55074e-06
1.84065e-06
3.03252e-07
7.05903e-07
7.17423e-07
0
0
0
0
0
9.74117e-09
5.44477e-09
2.04075e-08
3.88573e-08
5.23671e-08
5.77092e-08
4.64941e-08
9.78805e-09
0
0
0
0
0
0
0
4.96938e-09
5.65429e-08
3.35675e-08
0
4.93153e-07
1.3679e-06
6.29482e-07
2.89131e-07
1.78491e-07
1.50192e-07
1.42704e-07
6.04084e-09
6.34399e-09
4.27212e-09
7.04095e-09
1.23832e-08
1.90947e-08
2.80777e-08
2.71763e-08
3.37719e-09
0
8.94149e-09
2.17424e-08
3.19182e-08
2.96398e-08
5.72244e-09
0
0
0
0
0
0
0
0
0
0
0
0
0
0
0
0
0
0
0
0
0
0
0
0
0
0
0
0
0
0
0
2.11344e-07
3.25488e-07
3.52016e-07
3.61504e-07
3.88836e-07
4.59218e-07
5.50803e-07
4.56544e-07
2.55351e-07
1.693e-07
1.32896e-07
1.12894e-07
9.98179e-08
9.19565e-08
8.82522e-08
8.61866e-08
8.45732e-08
8.31531e-08
8.12539e-08
7.81883e-08
7.40046e-08
7.11025e-08
7.02424e-08
7.07512e-08
7.03564e-08
6.76448e-08
6.1755e-08
5.51747e-08
5.12965e-08
5.02982e-08
5.10773e-08
4.86538e-08
4.69478e-08
5.87247e-08
1.14537e-07
6.06064e-08
0
0
0
4.57254e-08
3.64495e-07
3.44324e-07
0
0
0
0
0
0
0
0
0
8.31429e-09
6.92961e-08
1.22189e-07
1.64309e-07
1.88272e-07
1.84486e-07
1.64042e-07
1.67775e-07
2.30215e-07
3.16469e-07
5.21489e-07
4.1728e-06
5.8802e-06
5.23797e-06
4.6882e-06
3.77207e-06
2.59135e-06
2.04513e-06
1.73878e-06
1.62492e-06
1.5899e-06
1.63827e-06
1.71062e-06
1.51833e-06
1.09431e-06
7.58529e-07
5.85585e-07
4.77098e-07
4.92532e-07
4.60923e-07
5.62353e-07
2.92008e-07
0
5.73478e-06
9.19597e-06
2.90104e-06
0
2.35181e-07
0
8.69146e-07
3.29596e-06
7.22458e-06
1.14808e-05
1.48122e-05
1.58597e-05
1.39713e-05
1.03473e-05
6.35855e-06
3.1433e-06
1.60882e-06
9.98387e-07
0
0
0
0
0
0
0
0
0
0
0
0
0
0
0
0
0
0
0
0
0
0
0
1.72241e-08
2.06321e-07
7.54617e-07
9.63065e-07
5.33655e-07
2.33743e-07
1.24374e-07
1.01235e-07
1.05672e-07
5.74918e-09
7.1331e-09
3.89322e-09
4.37597e-09
1.21093e-08
2.37656e-08
3.60774e-08
2.86276e-08
2.08622e-08
1.68051e-08
1.94338e-08
2.66669e-08
3.26765e-08
3.05392e-08
1.46258e-08
0
0
0
0
0
0
0
0
0
0
0
0
0
0
0
0
0
0
0
0
0
0
0
0
0
0
0
0
0
0
4.03339e-08
1.3384e-07
2.18606e-07
3.10402e-07
4.16657e-07
5.03822e-07
4.70939e-07
3.07746e-07
1.86901e-07
1.32418e-07
1.07632e-07
9.43061e-08
8.53285e-08
7.9687e-08
7.79077e-08
7.73567e-08
7.62802e-08
7.5038e-08
7.38412e-08
7.20502e-08
6.90405e-08
6.5031e-08
6.21761e-08
6.09338e-08
6.06273e-08
5.98276e-08
5.75851e-08
5.2774e-08
4.66594e-08
4.30346e-08
4.16889e-08
4.28749e-08
4.26413e-08
3.90726e-08
4.2606e-08
7.0533e-08
1.37917e-07
0
0
0
0
0
0
0
0
0
0
0
0
0
0
0
0
0
0
0
3.70903e-08
9.5755e-08
2.31763e-07
4.84438e-07
8.30047e-07
1.29097e-06
2.90922e-06
4.79817e-06
5.31843e-06
4.6564e-06
2.4563e-06
1.89698e-06
1.71924e-06
1.54184e-06
1.44213e-06
1.40776e-06
1.44079e-06
1.50817e-06
1.38262e-06
1.0141e-06
7.24828e-07
5.50744e-07
4.76091e-07
4.34485e-07
4.60768e-07
4.55071e-07
5.84463e-07
3.89373e-07
0
4.32204e-06
7.80292e-06
5.18255e-06
1.5206e-06
0
0
0
1.01684e-06
4.80024e-06
9.34779e-06
1.3029e-05
1.48539e-05
1.42421e-05
1.135e-05
7.77938e-06
4.75077e-06
2.62343e-06
5.84708e-07
0
0
0
0
0
0
0
0
0
0
0
0
0
0
0
0
0
0
0
0
0
0
0
7.70135e-08
3.79425e-07
7.10101e-07
7.30115e-07
4.52916e-07
1.90648e-07
7.89397e-08
5.56356e-08
7.72627e-08
7.56241e-09
7.06546e-09
6.67202e-09
1.06064e-08
1.82657e-08
2.91409e-08
5.33108e-08
5.96891e-08
3.93238e-08
2.45364e-08
1.97513e-08
2.23561e-08
2.60126e-08
2.36069e-08
9.59123e-09
0
0
0
0
0
0
0
0
0
0
0
0
0
0
0
0
0
0
0
0
0
0
0
0
0
0
0
0
2.47233e-08
8.72584e-08
1.55995e-07
2.42254e-07
3.32237e-07
3.6495e-07
3.04638e-07
2.15112e-07
1.50531e-07
1.12457e-07
9.13775e-08
8.01441e-08
7.35983e-08
6.90157e-08
6.6654e-08
6.66934e-08
6.73503e-08
6.72304e-08
6.62785e-08
6.50606e-08
6.37698e-08
6.18246e-08
5.86463e-08
5.50502e-08
5.26219e-08
5.13563e-08
5.06113e-08
4.94403e-08
4.73903e-08
4.36817e-08
3.85535e-08
3.5369e-08
3.41641e-08
3.48109e-08
3.5801e-08
3.29553e-08
3.12532e-08
4.1698e-08
7.71035e-08
7.81239e-08
0
0
0
0
0
0
0
0
0
0
0
0
0
0
0
0
0
5.80509e-08
1.55239e-07
2.85803e-07
4.33222e-07
4.63753e-07
4.08833e-07
7.10955e-07
1.2843e-06
1.30754e-06
2.63359e-07
8.31408e-07
1.40096e-06
1.48712e-06
1.41132e-06
1.33522e-06
1.30729e-06
1.3385e-06
1.35884e-06
1.14958e-06
8.49545e-07
6.17053e-07
4.89783e-07
4.22733e-07
4.08718e-07
4.02362e-07
4.3091e-07
4.46242e-07
5.84807e-07
4.34945e-07
0
1.79019e-06
5.3031e-06
7.11931e-06
5.98617e-06
0
0
0
0
1.18983e-06
6.15829e-06
1.04694e-05
1.24023e-05
1.22803e-05
1.02269e-05
7.34119e-06
4.44976e-06
1.72943e-06
0
0
0
0
0
0
0
0
0
0
0
0
0
0
0
0
0
0
0
0
0
0
0
0
1.39845e-07
4.26311e-07
6.36598e-07
6.23298e-07
4.09683e-07
1.61215e-07
3.70192e-08
4.00448e-09
5.01312e-08
5.85387e-08
5.15537e-08
4.92537e-08
5.65227e-08
7.17848e-08
8.09268e-08
5.58634e-08
2.01169e-08
5.80607e-09
3.25771e-09
4.41666e-09
7.63796e-09
1.04113e-08
7.47318e-09
0
0
0
0
0
0
0
0
0
0
0
0
0
0
0
0
0
0
0
0
0
0
0
0
0
0
0
0
0
4.84762e-08
1.17571e-07
1.62619e-07
1.4385e-07
1.11491e-07
8.94594e-08
7.62461e-08
6.76444e-08
6.1883e-08
5.8057e-08
5.58724e-08
5.46936e-08
5.44338e-08
5.51272e-08
5.62851e-08
5.71433e-08
5.73005e-08
5.67945e-08
5.55169e-08
5.40322e-08
5.25316e-08
5.04423e-08
4.7503e-08
4.48556e-08
4.31888e-08
4.21768e-08
4.12807e-08
3.99447e-08
3.80092e-08
3.53521e-08
3.14631e-08
2.80751e-08
2.68709e-08
2.71563e-08
2.85468e-08
2.75357e-08
2.39931e-08
2.51861e-08
3.59936e-08
5.41601e-08
0
0
0
0
0
0
0
0
0
0
0
0
0
0
0
0
3.16211e-08
5.21265e-08
3.2975e-09
0
0
0
0
0
0
0
4.28227e-07
1.18789e-06
1.3475e-06
1.29823e-06
1.22719e-06
1.1702e-06
1.17336e-06
1.09395e-06
8.82438e-07
6.23597e-07
4.55068e-07
3.87483e-07
3.58941e-07
3.48363e-07
3.649e-07
3.73155e-07
4.06753e-07
4.26406e-07
5.50398e-07
3.55122e-07
0
0
2.53709e-06
7.3972e-06
8.84201e-06
0
6.04911e-07
1.18056e-06
0
0
1.35817e-06
7.48448e-06
1.01264e-05
1.00395e-05
8.11656e-06
5.34219e-06
2.58222e-06
7.55629e-08
0
0
0
0
0
0
0
0
0
0
0
0
0
0
0
0
0
0
0
0
0
0
0
0
8.39506e-08
3.3257e-07
5.28611e-07
5.63184e-07
4.06666e-07
1.57141e-07
6.83815e-09
0
1.53899e-08
1.83562e-07
2.35328e-07
2.99041e-07
3.65565e-07
3.44268e-07
2.10167e-07
7.89433e-08
1.27404e-08
0
0
0
0
2.01378e-09
2.12812e-09
0
0
0
0
0
0
0
0
0
0
0
0
0
0
0
0
0
0
0
0
0
0
0
0
0
0
0
0
9.5903e-09
3.73637e-08
4.43035e-08
4.39978e-08
4.18914e-08
3.98525e-08
3.86782e-08
3.84224e-08
3.86687e-08
3.93107e-08
4.03541e-08
4.17903e-08
4.36962e-08
4.53171e-08
4.64836e-08
4.70338e-08
4.71728e-08
4.7027e-08
4.62296e-08
4.4593e-08
4.29198e-08
4.14066e-08
3.96719e-08
3.78204e-08
3.62748e-08
3.52461e-08
3.43966e-08
3.32905e-08
3.18044e-08
3.00438e-08
2.83271e-08
2.61298e-08
2.28902e-08
2.07184e-08
2.0172e-08
2.07882e-08
2.10232e-08
1.82275e-08
1.53694e-08
1.69845e-08
1.89717e-08
0
0
0
0
0
0
0
0
0
0
0
0
0
0
0
0
0
0
0
0
0
0
0
0
0
5.36129e-07
1.08439e-06
1.19198e-06
1.10082e-06
9.6575e-07
8.64132e-07
8.21596e-07
7.3558e-07
5.56386e-07
3.87724e-07
3.03285e-07
2.77021e-07
2.80963e-07
2.93097e-07
3.06611e-07
3.37103e-07
3.56884e-07
3.85842e-07
3.924e-07
4.61952e-07
7.43008e-08
0
0
0
4.28898e-06
4.02634e-06
1.01068e-06
2.86278e-06
3.75013e-06
2.35536e-06
0
0
2.12901e-06
8.33843e-06
8.90645e-06
7.08464e-06
4.28405e-06
1.63357e-06
0
0
0
0
0
0
0
0
0
0
0
0
0
0
0
0
0
0
0
0
0
0
0
0
0
0
1.84159e-07
3.80446e-07
4.82713e-07
4.10275e-07
1.72441e-07
0
0
0
3.21228e-07
5.04759e-07
6.31591e-07
6.17425e-07
4.93411e-07
3.41253e-07
2.04839e-07
1.05599e-07
4.65766e-08
1.55447e-08
3.0324e-10
0
0
0
0
0
0
0
0
0
0
0
0
0
0
0
0
0
0
0
0
0
0
0
0
0
0
0
0
0
7.8162e-09
2.0401e-08
2.6101e-08
2.83044e-08
2.87783e-08
2.82974e-08
2.75367e-08
2.7106e-08
2.72767e-08
2.80949e-08
2.95797e-08
3.15784e-08
3.37742e-08
3.60296e-08
3.80124e-08
3.94716e-08
4.02735e-08
4.05853e-08
4.0592e-08
4.00209e-08
3.85265e-08
3.67827e-08
3.52003e-08
3.41116e-08
3.33229e-08
3.26295e-08
3.18676e-08
3.09899e-08
2.99562e-08
2.85584e-08
2.68083e-08
2.50886e-08
2.39686e-08
2.29593e-08
2.05098e-08
1.72521e-08
1.525e-08
1.47711e-08
1.48952e-08
1.31622e-08
9.0552e-09
5.93896e-09
2.67765e-09
0
0
0
0
0
0
0
0
0
0
0
0
0
0
0
0
0
0
0
0
0
0
0
0
6.61948e-07
8.93603e-07
8.65818e-07
7.15251e-07
6.09226e-07
5.56381e-07
5.22353e-07
4.32328e-07
3.1088e-07
2.30838e-07
1.98414e-07
1.95092e-07
2.06403e-07
2.33567e-07
2.61554e-07
2.84188e-07
3.27086e-07
3.46687e-07
3.69345e-07
3.52192e-07
3.33607e-07
0
0
0
0
0
0
0
3.12961e-06
4.40865e-06
3.82014e-06
3.2537e-06
1.97047e-07
0
3.75565e-06
9.59707e-06
8.25203e-06
5.32805e-06
2.61228e-06
5.68571e-07
0
0
0
0
0
0
0
0
0
0
0
0
0
0
0
0
0
0
0
0
0
0
0
0
0
5.44134e-08
2.2876e-07
3.59245e-07
3.68567e-07
1.77841e-07
3.36263e-09
0
0
0
3.01988e-08
8.67473e-08
1.31106e-07
1.48695e-07
1.38507e-07
1.08397e-07
7.08481e-08
3.7038e-08
1.11462e-08
0
0
0
0
0
0
0
0
0
0
0
0
4.85601e-10
1.68047e-09
3.05379e-09
4.56296e-09
5.98374e-09
6.96693e-09
7.30723e-09
7.00082e-09
6.13139e-09
4.96145e-09
3.61643e-09
2.30567e-09
1.21227e-09
9.79246e-10
2.74525e-09
6.81941e-09
1.19242e-08
1.59082e-08
1.81492e-08
1.9081e-08
1.90344e-08
1.84764e-08
1.78615e-08
1.74375e-08
1.75076e-08
1.82516e-08
1.98451e-08
2.21964e-08
2.47833e-08
2.70963e-08
2.91032e-08
3.10137e-08
3.23039e-08
3.27836e-08
3.26191e-08
3.20545e-08
3.10476e-08
2.94927e-08
2.79198e-08
2.65909e-08
2.58655e-08
2.56791e-08
2.56585e-08
2.55632e-08
2.52295e-08
2.43867e-08
2.34044e-08
2.21802e-08
2.05171e-08
1.89198e-08
1.8249e-08
1.80051e-08
1.64883e-08
1.30581e-08
9.75533e-09
8.19011e-09
7.83214e-09
6.73628e-09
3.00986e-09
0
0
0
0
0
0
0
0
0
0
0
0
0
0
0
0
0
0
0
0
0
0
0
0
2.78016e-07
5.10363e-07
5.21443e-07
4.41126e-07
3.63296e-07
3.16769e-07
3.02371e-07
2.91129e-07
2.44591e-07
1.81071e-07
1.43064e-07
1.28205e-07
1.28221e-07
1.39695e-07
1.60254e-07
1.97604e-07
2.34515e-07
2.60152e-07
3.05502e-07
3.23336e-07
3.3999e-07
2.99882e-07
1.71741e-07
0
0
0
0
0
0
0
2.54153e-06
4.01158e-06
3.5668e-06
3.5251e-06
3.0533e-06
1.23307e-06
0
5.61595e-06
1.13075e-05
8.56034e-06
5.12582e-06
2.17523e-06
0
0
0
0
0
0
0
0
0
0
0
0
0
0
0
0
0
0
0
0
0
0
0
0
0
0
1.19268e-07
2.42832e-07
2.87149e-07
1.54975e-07
5.65229e-09
0
0
3.80829e-08
4.9541e-08
6.72243e-08
8.78034e-08
1.02779e-07
1.0582e-07
9.58539e-08
7.66491e-08
5.3204e-08
2.84142e-08
5.44578e-09
0
0
0
0
0
0
5.4155e-09
1.13245e-08
1.4866e-08
1.67039e-08
1.80299e-08
1.94588e-08
2.09071e-08
2.223e-08
2.34039e-08
2.43922e-08
2.51772e-08
2.56688e-08
2.58378e-08
2.57078e-08
2.54021e-08
2.50711e-08
2.45101e-08
2.36498e-08
2.28994e-08
2.26707e-08
2.23488e-08
2.12016e-08
1.96227e-08
1.82493e-08
1.71115e-08
1.5906e-08
1.46444e-08
1.35627e-08
1.28609e-08
1.25152e-08
1.25516e-08
1.28985e-08
1.33545e-08
1.38878e-08
1.4631e-08
1.55435e-08
1.62313e-08
1.60171e-08
1.48539e-08
1.32147e-08
1.14848e-08
9.82576e-09
8.33104e-09
7.2067e-09
6.77706e-09
7.11349e-09
7.88151e-09
8.52846e-09
8.86672e-09
8.99127e-09
8.85315e-09
8.5223e-09
7.8955e-09
6.69552e-09
5.53304e-09
5.56119e-09
6.10815e-09
5.73441e-09
3.45534e-09
1.88488e-10
0
0
0
0
0
0
0
0
0
0
0
0
0
0
0
0
0
0
0
0
0
0
0
0
0
0
8.99591e-08
2.18342e-07
2.42449e-07
2.23472e-07
1.93934e-07
1.6995e-07
1.61409e-07
1.66438e-07
1.73258e-07
1.64183e-07
1.34781e-07
1.04258e-07
8.6105e-08
7.84886e-08
8.20343e-08
9.54201e-08
1.20754e-07
1.66468e-07
2.07667e-07
2.37252e-07
2.80281e-07
2.94879e-07
3.0702e-07
2.49626e-07
0
0
0
0
0
0
0
0
2.05552e-06
3.47926e-06
3.13288e-06
3.00925e-06
2.68326e-06
2.25776e-06
1.33066e-06
2.82645e-07
1.2921e-06
2.68446e-06
1.47254e-06
0
0
0
0
0
0
0
0
0
0
0
0
0
0
0
0
0
0
0
0
0
0
0
0
0
0
0
7.6045e-08
1.90485e-07
2.37079e-07
1.30777e-07
8.8244e-13
0
0
3.49571e-07
3.24427e-07
2.75004e-07
2.26589e-07
1.8461e-07
1.48545e-07
1.15302e-07
8.33302e-08
5.37599e-08
2.84471e-08
9.05704e-09
0
0
0
1.04981e-08
2.43205e-08
3.70893e-08
4.7353e-08
5.46624e-08
5.91917e-08
6.15425e-08
6.2557e-08
6.29388e-08
6.30461e-08
6.30199e-08
6.29715e-08
6.29073e-08
6.25033e-08
6.16036e-08
6.01823e-08
5.82675e-08
5.6103e-08
5.38478e-08
5.08538e-08
4.76987e-08
4.46194e-08
4.0438e-08
3.4462e-08
2.77364e-08
2.16418e-08
1.63497e-08
1.13008e-08
6.12455e-09
8.70742e-10
0
0
0
0
0
0
0
0
0
0
0
0
0
0
0
0
0
0
0
0
0
0
0
0
0
0
0
0
0
0
0
0
0
0
0
0
0
0
0
0
0
0
0
0
0
0
0
0
0
0
0
0
0
0
0
0
0
4.60364e-08
8.63934e-08
9.59539e-08
9.55311e-08
9.28171e-08
9.32841e-08
9.71944e-08
1.014e-07
1.06489e-07
1.1031e-07
1.10592e-07
9.97622e-08
7.50781e-08
5.70856e-08
4.14582e-08
3.21255e-08
3.44215e-08
4.79485e-08
7.68155e-08
1.31558e-07
1.81095e-07
2.14731e-07
2.478e-07
2.51672e-07
2.58738e-07
1.98251e-07
0
0
0
0
0
0
0
0
1.77256e-06
2.98451e-06
2.71705e-06
2.49865e-06
2.06341e-06
1.66842e-06
1.18486e-06
4.43436e-07
0
0
0
0
0
0
0
0
0
0
0
0
0
0
0
0
0
0
0
0
0
0
0
0
0
0
0
0
0
0
9.44577e-08
2.15279e-07
2.57131e-07
1.49411e-07
1.09002e-08
0
0
6.00018e-07
4.83598e-07
3.81625e-07
3.10882e-07
2.58949e-07
2.17e-07
1.81465e-07
1.51139e-07
1.2471e-07
1.01179e-07
8.03913e-08
6.26332e-08
4.8709e-08
4.01093e-08
3.74609e-08
4.02916e-08
4.72688e-08
5.6873e-08
6.79144e-08
7.85442e-08
8.76079e-08
9.45619e-08
9.94793e-08
1.02746e-07
1.04839e-07
1.06151e-07
1.06831e-07
1.06901e-07
1.06329e-07
1.04754e-07
1.02118e-07
9.85692e-08
9.40801e-08
8.84939e-08
8.22547e-08
7.54842e-08
6.73755e-08
5.79768e-08
4.81424e-08
3.82136e-08
2.79337e-08
1.70521e-08
5.50565e-09
0
0
0
0
0
0
0
0
0
0
0
0
0
0
0
0
0
0
0
0
0
0
0
0
0
0
0
0
0
0
0
0
0
0
0
0
0
0
0
0
0
0
0
0
0
0
0
0
0
0
0
6.44476e-09
1.82238e-08
2.9489e-08
3.91091e-08
4.64031e-08
5.89586e-08
6.88106e-08
6.3154e-08
5.28561e-08
5.07021e-08
5.36224e-08
5.64959e-08
5.98882e-08
6.26537e-08
6.42908e-08
6.59687e-08
6.28742e-08
5.41964e-08
2.77199e-08
0
9.92846e-09
0
0
0
5.11995e-09
4.11901e-08
1.07863e-07
1.70419e-07
2.07021e-07
2.27178e-07
2.1985e-07
2.17082e-07
1.68586e-07
0
0
0
0
0
0
0
0
1.73673e-06
2.67911e-06
2.3946e-06
2.12105e-06
1.58257e-06
1.11341e-06
6.9428e-07
2.1973e-07
0
0
0
0
0
0
0
0
0
0
0
0
0
0
0
0
0
0
0
0
0
0
0
0
0
0
0
0
0
0
1.37488e-07
2.72039e-07
3.13749e-07
2.17874e-07
6.44014e-08
0
0
6.23562e-08
5.88955e-08
5.75441e-08
5.45811e-08
5.03295e-08
4.71788e-08
4.75881e-08
5.21605e-08
5.89084e-08
6.47559e-08
6.7598e-08
6.72065e-08
6.50111e-08
6.38154e-08
6.55703e-08
7.09918e-08
7.99754e-08
9.19507e-08
1.06357e-07
1.21952e-07
1.36896e-07
1.49935e-07
1.6029e-07
1.67564e-07
1.71734e-07
1.73236e-07
1.72818e-07
1.70938e-07
1.67531e-07
1.62387e-07
1.55485e-07
1.47033e-07
1.37691e-07
1.27754e-07
1.16252e-07
1.02921e-07
8.83327e-08
7.28805e-08
5.65335e-08
3.8986e-08
2.00355e-08
8.49838e-11
0
0
0
0
0
0
0
0
0
0
0
0
0
0
0
0
0
0
0
0
0
0
0
0
0
0
0
0
0
0
0
0
0
0
0
0
0
0
0
0
0
0
0
0
0
7.63342e-09
1.71639e-08
3.02016e-08
4.47346e-08
6.40723e-08
7.82944e-08
9.00363e-08
9.33085e-08
9.04859e-08
8.59147e-08
7.78698e-08
6.78077e-08
5.93871e-08
5.13242e-08
4.23833e-08
3.69146e-08
3.66646e-08
3.8203e-08
3.94996e-08
4.09841e-08
4.0377e-08
4.08516e-08
4.33387e-08
3.99226e-08
4.80784e-08
1.33394e-07
1.12005e-07
1.51454e-08
0
0
0
0
0
8.48728e-08
1.67882e-07
2.09621e-07
2.22393e-07
1.9481e-07
1.8476e-07
1.58708e-07
0
0
0
0
0
0
0
0
1.78683e-06
2.49671e-06
2.17017e-06
1.78828e-06
1.22537e-06
7.68057e-07
3.98075e-07
6.32903e-08
0
0
0
0
0
0
0
0
0
0
0
0
0
0
0
0
0
0
0
0
0
0
0
0
0
0
0
0
0
0
1.36286e-07
2.67434e-07
3.02632e-07
2.56192e-07
1.35533e-07
0
0
7.27598e-08
7.87612e-08
7.54022e-08
7.11609e-08
7.106e-08
7.75273e-08
8.93771e-08
1.02717e-07
1.13439e-07
1.19194e-07
1.19989e-07
1.17901e-07
1.15829e-07
1.16644e-07
1.2105e-07
1.28528e-07
1.38331e-07
1.49884e-07
1.62438e-07
1.75188e-07
1.87425e-07
1.98339e-07
2.0694e-07
2.12272e-07
2.14048e-07
2.13136e-07
2.11356e-07
2.10347e-07
2.1039e-07
2.1094e-07
2.10284e-07
2.06369e-07
1.98112e-07
1.8544e-07
1.68122e-07
1.46758e-07
1.23493e-07
9.93045e-08
7.30798e-08
4.38961e-08
1.23249e-08
0
0
0
0
0
0
0
0
0
0
0
0
0
0
0
0
0
0
0
0
0
0
0
0
0
0
0
0
0
0
0
0
0
0
0
0
0
0
0
0
0
0
6.92527e-09
1.37826e-08
1.94553e-08
2.65184e-08
3.61786e-08
4.81172e-08
6.31512e-08
7.68912e-08
9.09668e-08
1.02368e-07
1.09593e-07
1.08185e-07
1.01868e-07
9.23135e-08
8.03068e-08
6.86248e-08
5.93346e-08
5.07039e-08
4.31131e-08
3.83039e-08
3.69981e-08
3.58307e-08
3.52205e-08
3.53985e-08
3.41295e-08
4.16181e-08
5.14644e-08
5.34878e-08
1.22832e-07
2.77207e-07
1.93491e-07
8.18713e-08
0
0
0
0
0
7.91616e-08
2.0055e-07
2.42711e-07
2.23471e-07
1.71373e-07
1.61082e-07
1.54544e-07
1.76273e-08
0
0
0
0
0
0
0
1.49819e-06
2.27982e-06
2.05959e-06
1.6418e-06
1.04805e-06
6.20515e-07
2.89789e-07
1.44482e-08
0
0
0
0
0
0
0
0
0
0
0
0
0
0
0
0
0
0
0
0
0
0
0
0
0
0
0
0
0
0
8.12866e-08
2.17553e-07
2.56245e-07
2.51675e-07
1.61227e-07
9.33541e-08
1.05682e-08
0
5.61316e-09
2.9366e-08
5.16984e-08
7.33087e-08
9.29802e-08
1.09098e-07
1.2044e-07
1.26731e-07
1.28887e-07
1.29002e-07
1.29811e-07
1.33967e-07
1.42865e-07
1.5677e-07
1.75174e-07
1.97005e-07
2.20416e-07
2.44183e-07
2.67422e-07
2.88786e-07
3.05916e-07
3.15789e-07
3.16054e-07
3.06667e-07
2.90298e-07
2.71388e-07
2.55087e-07
2.45059e-07
2.42932e-07
2.45759e-07
2.48089e-07
2.44624e-07
2.32148e-07
2.11117e-07
1.84728e-07
1.56814e-07
1.28613e-07
9.64405e-08
5.92318e-08
1.72982e-08
0
0
0
0
0
0
0
0
0
0
0
0
0
0
0
0
0
0
0
0
0
0
0
0
0
0
0
0
0
0
0
0
0
0
0
0
0
0
0
0
0
0
2.39271e-08
4.86508e-08
6.76639e-08
7.94739e-08
8.74763e-08
9.59981e-08
1.06816e-07
1.19896e-07
1.3483e-07
1.484e-07
1.56499e-07
1.56596e-07
1.4989e-07
1.39145e-07
1.26776e-07
1.13187e-07
9.67749e-08
7.91115e-08
6.24103e-08
5.05918e-08
4.41818e-08
3.69254e-08
3.12845e-08
2.66809e-08
2.40729e-08
3.80919e-08
3.63337e-08
2.34364e-08
1.01294e-07
1.39079e-07
8.05424e-08
1.90401e-08
0
0
0
0
1.39718e-07
3.94758e-07
5.07522e-07
4.40654e-07
2.97473e-07
1.78142e-07
1.5725e-07
1.53205e-07
1.11116e-07
0
0
0
0
2.16578e-06
2.0395e-06
0
3.83144e-07
1.76434e-06
1.88608e-06
1.61981e-06
1.06328e-06
6.70296e-07
3.26814e-07
5.95074e-08
0
0
0
0
0
0
0
0
0
0
0
0
0
0
0
0
0
0
0
0
0
0
0
0
0
0
0
0
0
0
9.78783e-09
1.62399e-07
2.13831e-07
2.40597e-07
1.52788e-07
1.56421e-07
4.25871e-08
0
0
0
0
4.82626e-08
9.91633e-08
1.31288e-07
1.47154e-07
1.50468e-07
1.45023e-07
1.34372e-07
1.21883e-07
1.11899e-07
1.09729e-07
1.22785e-07
1.59821e-07
2.27116e-07
3.22001e-07
4.27709e-07
5.18472e-07
5.70999e-07
5.711e-07
5.26459e-07
4.57596e-07
3.86655e-07
3.30093e-07
2.96565e-07
2.89288e-07
3.02619e-07
3.2808e-07
3.54619e-07
3.70334e-07
3.64561e-07
3.28633e-07
2.61752e-07
1.80606e-07
9.97971e-08
2.9679e-08
0
0
0
0
0
0
0
0
0
0
0
0
0
0
0
0
0
0
0
0
0
0
0
0
0
0
0
0
0
0
0
0
0
0
0
0
0
0
0
0
0
0
0
0
0
1.84548e-08
5.34294e-08
8.86752e-08
1.17457e-07
1.35814e-07
1.45957e-07
1.52249e-07
1.57798e-07
1.63477e-07
1.69098e-07
1.7303e-07
1.73388e-07
1.68683e-07
1.59342e-07
1.46805e-07
1.31177e-07
1.11961e-07
8.9519e-08
6.65282e-08
5.04402e-08
4.03126e-08
2.87563e-08
1.90482e-08
7.64205e-09
6.80976e-09
1.68617e-08
0
0
0
0
0
0
0
0
0
1.85465e-08
9.70946e-07
1.56794e-06
1.68253e-06
1.24939e-06
7.16506e-07
3.71862e-07
2.81393e-07
2.37699e-07
1.93638e-07
1.218e-07
0
0
9.4836e-07
3.86042e-06
4.15343e-06
0
0
1.20525e-06
1.83484e-06
1.79391e-06
1.31247e-06
9.59514e-07
5.65556e-07
2.33217e-07
0
0
0
0
0
0
0
0
0
0
0
0
0
0
0
0
0
0
0
0
0
0
0
0
0
0
0
0
0
0
0
4.55442e-08
1.07822e-07
1.94708e-07
5.39089e-08
8.57772e-08
0
0
0
1.77971e-08
6.74885e-08
1.17704e-07
1.64457e-07
2.03417e-07
2.30572e-07
2.42269e-07
2.35188e-07
2.05729e-07
1.54931e-07
8.98441e-08
2.11299e-08
0
0
0
5.96261e-08
1.35493e-07
1.78385e-07
1.6181e-07
7.91116e-08
0
0
0
0
0
0
0
3.61359e-09
1.50576e-07
2.94071e-07
3.93104e-07
4.12197e-07
3.39769e-07
2.02622e-07
4.86165e-08
0
0
0
0
0
0
0
0
0
0
0
0
0
0
0
0
0
0
0
0
0
0
0
0
0
0
0
0
0
0
0
0
0
0
0
0
0
0
0
0
0
0
0
0
0
0
7.44956e-09
2.8305e-08
5.25354e-08
7.51987e-08
9.43379e-08
1.0727e-07
1.14132e-07
1.15897e-07
1.14342e-07
1.10275e-07
1.04477e-07
9.77425e-08
8.91935e-08
8.05323e-08
7.03872e-08
5.74289e-08
4.28442e-08
2.49271e-08
1.16159e-08
1.00189e-08
1.2718e-08
1.52874e-08
1.83101e-08
1.64302e-08
2.89247e-08
2.28397e-08
0
0
0
0
0
0
0
0
0
0
0
1.37299e-07
1.38251e-06
1.66971e-06
1.14208e-06
6.54895e-07
4.76684e-07
3.34094e-07
2.4113e-07
1.74162e-07
0
1.13472e-07
1.16058e-06
3.92007e-06
5.7245e-06
2.21184e-06
0
1.16875e-06
2.38797e-06
2.56749e-06
2.0623e-06
1.63535e-06
1.11269e-06
6.37999e-07
1.6466e-07
0
0
0
0
0
0
0
0
0
0
0
0
0
0
0
0
0
0
0
0
0
0
0
0
0
0
0
0
0
0
0
0
0
0
0
0
0
0
1.61355e-09
3.66179e-08
9.42763e-08
1.70621e-07
2.50317e-07
3.09775e-07
3.27979e-07
2.96315e-07
2.2173e-07
1.27098e-07
4.30824e-08
0
0
0
2.83131e-08
6.0288e-08
8.35301e-08
9.09242e-08
7.80028e-08
4.10472e-08
0
0
0
0
0
0
0
0
0
4.80111e-08
2.40188e-07
2.75357e-07
1.69648e-07
0
0
0
0
0
0
1.05533e-07
1.19197e-07
3.74918e-08
0
0
0
0
0
0
0
0
0
0
0
0
0
0
0
0
0
0
0
0
0
0
0
0
0
0
0
0
0
0
0
0
0
0
0
0
0
0
0
8.62026e-09
2.43221e-08
3.24294e-08
3.55876e-08
3.77399e-08
3.91825e-08
3.65954e-08
2.79471e-08
1.61406e-08
4.5211e-09
0
0
0
8.0887e-10
2.90302e-12
0
0
0
0
0
0
0
0
7.37302e-09
4.36571e-08
2.76885e-08
0
0
0
1.4417e-08
1.35483e-07
4.64133e-08
0
0
0
0
0
0
0
5.88897e-07
6.8104e-07
5.05159e-07
4.217e-07
2.6399e-07
1.69769e-07
1.67861e-07
2.02164e-07
0
9.2005e-07
4.0262e-06
9.78777e-06
9.01944e-06
2.81733e-06
1.29778e-06
3.49447e-06
4.08165e-06
3.66571e-06
3.00057e-06
2.17159e-06
1.38861e-06
6.06966e-07
0
0
0
0
0
0
0
0
0
0
0
0
0
0
0
0
0
0
0
0
0
0
0
0
0
0
0
0
0
0
0
0
0
0
2.81729e-08
0
3.07669e-08
4.80767e-08
6.41047e-08
8.48558e-08
1.17392e-07
1.65113e-07
2.23848e-07
2.84238e-07
3.35025e-07
3.62248e-07
3.54277e-07
3.12386e-07
2.51053e-07
1.87528e-07
1.33394e-07
9.40991e-08
7.07362e-08
6.22065e-08
6.88025e-08
9.0404e-08
1.21144e-07
1.41936e-07
1.22195e-07
3.56581e-08
0
0
0
0
0
0
0
0
0
2.52529e-08
5.08137e-08
4.023e-08
0
0
0
0
0
9.02774e-09
1.11744e-08
0
0
0
0
0
0
0
0
0
0
0
0
0
0
0
0
0
0
0
0
0
0
0
0
0
0
0
0
0
0
0
0
0
0
0
0
0
0
0
0
0
0
7.94144e-10
4.91068e-10
0
0
0
0
0
0
0
0
0
0
0
0
0
0
0
0
0
0
0
0
8.515e-08
1.49777e-07
0
0
1.90998e-08
4.56151e-07
8.13344e-07
5.0308e-07
0
0
0
0
0
0
0
0
0
0
0
0
0
0
4.02213e-07
0
1.23537e-06
5.7694e-06
1.36466e-05
1.26652e-05
5.91274e-06
8.51791e-07
3.51126e-06
5.05273e-06
4.99484e-06
4.43293e-06
3.45464e-06
2.31431e-06
1.14906e-06
0
0
0
0
0
0
0
0
0
0
0
0
0
0
0
0
0
0
0
0
0
0
0
0
0
0
0
0
0
0
0
0
4.13795e-10
0
4.6855e-08
0
1.93383e-08
6.0544e-08
8.07112e-08
8.51827e-08
8.49045e-08
9.11265e-08
1.11449e-07
1.47043e-07
1.92772e-07
2.38581e-07
2.7275e-07
2.8696e-07
2.79212e-07
2.52747e-07
2.12572e-07
1.63153e-07
1.11037e-07
6.54287e-08
3.6178e-08
3.5813e-08
7.36026e-08
1.39528e-07
1.78658e-07
1.18359e-07
0
0
0
0
0
0
0
0
0
0
0
0
0
0
0
0
0
0
0
0
0
0
0
0
3.18863e-10
1.44783e-08
3.0039e-08
4.22706e-08
4.61229e-08
3.9319e-08
2.39483e-08
5.00378e-09
0
0
0
0
0
0
0
0
0
0
0
0
0
0
0
0
5.54266e-10
2.82764e-09
4.07675e-09
6.02933e-09
1.00228e-08
1.25783e-08
8.24e-09
0
0
0
0
0
0
0
0
0
0
0
0
0
0
0
0
0
0
0
0
0
0
0
0
0
6.14166e-09
2.24833e-08
4.43412e-08
1.78432e-07
1.67809e-07
0
0
0
5.60152e-07
9.81745e-07
4.56757e-07
0
0
0
0
0
0
0
0
0
0
0
0
0
0
0
0
2.47262e-06
6.44967e-06
1.37831e-05
1.11634e-05
4.43e-06
9.18231e-07
1.50952e-06
4.88631e-06
5.60642e-06
5.40767e-06
4.49046e-06
3.22957e-06
1.79724e-06
0
0
0
0
0
0
0
0
0
0
0
0
0
0
0
0
0
0
0
0
0
0
0
0
0
0
0
0
0
0
0
0
1.31815e-08
0
3.85847e-08
0
3.13833e-08
5.25123e-08
6.29555e-08
6.83648e-08
7.09349e-08
7.31914e-08
7.70568e-08
8.36208e-08
9.31636e-08
1.05126e-07
1.17854e-07
1.28359e-07
1.32359e-07
1.24938e-07
1.02067e-07
6.3798e-08
1.48652e-08
0
0
0
0
0
0
0
0
0
0
0
0
0
0
0
0
0
0
0
0
0
0
0
0
0
0
5.82886e-09
1.73529e-08
3.03733e-08
4.48355e-08
5.89904e-08
7.09443e-08
8.03767e-08
8.81365e-08
9.52279e-08
1.02462e-07
1.09844e-07
1.15942e-07
1.17873e-07
1.13431e-07
1.03863e-07
9.34132e-08
8.60135e-08
8.36173e-08
8.66866e-08
9.3728e-08
1.01779e-07
1.0793e-07
1.08657e-07
1.04303e-07
9.80245e-08
9.41354e-08
9.59947e-08
1.04654e-07
1.1887e-07
1.3643e-07
1.45479e-07
1.45465e-07
1.42319e-07
1.39142e-07
1.30073e-07
1.03907e-07
6.41687e-08
2.54914e-08
0
0
0
0
0
0
0
0
0
0
0
0
0
0
0
0
0
0
0
0
2.97943e-08
5.02438e-08
1.66205e-08
5.29853e-08
1.93548e-08
8.07401e-08
2.94979e-07
7.70363e-08
0
0
0
1.88223e-07
7.09778e-07
2.9789e-07
0
0
0
0
4.88514e-07
6.972e-07
0
0
0
0
0
0
0
0
0
0
2.34581e-06
4.54973e-06
1.01853e-05
7.1388e-06
1.14683e-06
1.33526e-06
6.83317e-07
3.36291e-06
5.14726e-06
5.59809e-06
5.07727e-06
4.35367e-06
2.81758e-06
0
0
0
0
0
0
0
0
0
0
0
0
0
0
0
0
0
0
0
0
0
0
0
0
0
0
0
0
0
0
0
0
1.14704e-08
0
2.68561e-08
0
0
0
0
0
2.82553e-10
7.88231e-09
1.11652e-08
1.08404e-08
8.20574e-09
4.23709e-09
0
0
0
0
0
0
0
0
0
0
0
0
0
0
0
0
0
0
0
0
0
0
0
0
0
0
0
0
0
8.44454e-09
2.32811e-08
3.40648e-08
4.13674e-08
4.53422e-08
4.638e-08
4.59071e-08
4.50257e-08
4.36976e-08
4.18464e-08
4.02619e-08
3.89907e-08
3.88391e-08
4.0087e-08
4.20346e-08
4.37967e-08
4.50031e-08
4.5424e-08
4.4634e-08
4.25915e-08
3.9319e-08
3.52613e-08
3.12685e-08
2.80104e-08
2.54577e-08
2.29705e-08
2.21477e-08
2.30954e-08
2.38275e-08
2.33387e-08
2.18298e-08
2.01037e-08
1.97795e-08
2.23311e-08
2.7444e-08
3.23547e-08
3.38522e-08
3.12059e-08
2.59259e-08
1.98199e-08
1.41167e-08
1.0264e-08
6.18679e-09
0
0
0
0
0
0
0
0
0
0
0
0
0
0
0
0
3.03761e-08
0
0
5.7711e-08
4.57882e-08
2.97717e-08
3.49988e-08
0
3.36534e-08
5.10607e-07
1.61869e-07
0
0
0
4.80227e-07
9.86805e-07
5.83479e-07
0
0
0
0
1.43185e-06
8.25771e-07
0
0
0
0
0
0
0
0
0
0
0
1.98439e-06
6.78639e-06
3.17405e-06
0
1.66568e-06
3.06516e-06
3.19147e-06
4.28842e-06
5.05686e-06
4.99703e-06
5.02027e-06
4.28637e-06
0
0
0
0
0
0
0
0
0
0
0
0
0
0
0
0
0
0
0
0
0
0
0
0
0
0
0
0
0
0
1.37919e-10
0
6.84087e-09
0
1.72718e-08
0
9.26305e-09
1.22204e-08
1.40703e-08
1.51847e-08
1.42409e-08
1.02853e-08
3.14988e-09
0
0
0
0
0
0
0
0
0
0
0
0
0
0
0
0
0
0
0
0
0
0
0
0
0
0
0
0
0
0
1.04996e-09
2.51785e-09
2.96047e-09
2.77547e-09
2.24305e-09
1.39117e-09
5.55128e-10
0
0
0
0
0
0
1.91741e-10
1.72072e-09
3.52772e-09
5.47123e-09
7.24042e-09
8.61859e-09
9.39216e-09
9.88635e-09
9.79585e-09
8.76648e-09
6.76755e-09
4.66174e-09
3.23617e-09
2.3393e-09
1.74937e-09
2.11655e-09
3.4181e-09
4.14521e-09
3.84924e-09
3.2218e-09
2.54937e-09
1.83094e-09
1.3044e-09
1.1438e-09
1.2263e-09
1.35026e-09
1.56601e-09
2.0821e-09
2.70134e-09
3.12538e-09
3.0545e-09
2.00145e-09
1.80339e-10
0
0
0
0
0
0
0
0
0
0
0
0
0
0
2.11251e-08
3.86888e-08
0
0
5.58168e-08
1.47036e-08
0
0
0
0
7.02485e-07
5.46703e-07
0
0
0
3.99387e-06
3.45462e-06
2.01669e-06
8.63759e-07
0
0
0
1.7209e-06
0
0
0
0
0
0
0
0
0
0
0
0
0
3.49516e-06
4.8058e-07
0
3.54259e-06
3.45701e-06
4.79624e-06
5.07948e-06
5.29348e-06
4.88999e-06
4.62011e-06
3.8659e-06
0
0
0
0
0
0
0
0
0
0
0
0
0
0
0
0
0
0
0
0
0
0
0
0
0
0
0
0
0
0
0
0
2.8152e-09
0
9.05863e-09
0
0
0
0
0
0
0
0
0
0
0
0
0
0
0
0
0
0
0
0
0
0
0
0
5.54906e-10
1.03688e-09
1.31005e-09
1.35068e-09
1.28133e-09
1.17743e-09
1.21573e-09
1.42143e-09
1.77746e-09
2.17347e-09
2.09598e-09
1.1058e-09
0
0
0
0
9.63756e-10
2.15992e-09
3.05235e-09
3.55633e-09
3.66872e-09
2.78404e-09
1.05085e-09
0
0
0
0
0
0
0
0
0
0
0
0
0
6.52409e-10
5.99317e-10
0
0
0
0
0
0
0
0
0
0
2.87028e-10
5.95716e-10
8.52337e-10
1.2054e-09
1.72803e-09
2.54115e-09
3.59021e-09
4.5098e-09
5.06471e-09
5.05737e-09
4.48364e-09
3.70935e-09
2.77622e-09
2.19018e-09
1.83003e-09
1.68501e-09
2.01723e-09
1.77277e-09
1.87754e-09
2.68941e-09
1.14077e-09
8.40927e-10
1.4804e-09
0
0
0
2.43556e-08
3.49879e-08
0
0
1.33785e-08
0
0
0
0
0
4.90781e-07
1.1034e-06
4.88946e-07
0
0
7.21825e-06
6.56751e-06
4.00437e-06
2.5866e-06
1.12203e-06
0
1.80152e-07
4.31391e-07
0
0
0
0
0
0
0
0
0
0
0
0
0
0
1.04101e-06
3.44249e-06
8.22233e-06
5.22569e-06
4.13976e-06
4.1631e-06
3.99916e-06
3.14199e-06
2.01885e-06
7.57238e-07
0
0
0
0
0
0
0
0
0
0
0
0
0
0
0
0
0
0
0
0
0
0
0
0
0
0
0
0
0
0
0
0
8.4018e-10
0
4.50201e-09
0
0
0
0
0
0
0
0
0
0
0
0
0
0
0
0
0
0
0
0
0
0
0
0
0
0
0
0
0
0
0
4.95865e-10
2.80032e-09
5.6685e-09
7.29756e-09
6.15725e-09
2.13738e-09
0
0
0
0
0
0
0
0
0
0
0
0
0
0
0
0
0
0
0
0
0
0
0
0
0
0
0
0
0
0
0
0
0
0
0
1.18742e-09
2.6149e-09
3.96182e-09
5.28908e-09
6.59594e-09
7.93568e-09
9.1919e-09
1.00949e-08
1.05924e-08
1.06633e-08
1.04124e-08
1.01222e-08
9.65616e-09
9.20895e-09
8.72026e-09
8.30704e-09
8.38198e-09
7.75308e-09
5.67766e-09
2.84161e-09
0
0
0
0
0
0
0
7.04415e-09
0
0
0
0
0
0
0
0
2.54637e-07
1.33603e-06
0
0
1.1089e-06
1.20251e-05
1.35801e-05
5.41141e-06
2.25757e-06
6.52784e-07
1.26145e-07
0
0
0
0
0
0
0
0
0
9.20905e-09
0
0
0
0
0
0
1.59749e-07
2.4433e-06
9.96621e-06
9.98128e-06
6.8339e-06
5.49452e-06
2.84253e-06
7.70777e-07
9.91014e-08
0
0
0
0
0
0
0
0
0
0
0
0
0
0
0
0
0
0
0
0
0
0
0
0
0
0
0
0
0
0
0
0
0
0
0
1.90925e-09
0
0
0
0
0
0
0
0
0
0
0
0
0
0
0
0
0
0
0
0
0
0
0
0
0
0
0
0
0
0
0
0
2.68444e-09
7.26761e-09
1.11411e-08
1.18938e-08
7.36914e-09
0
0
0
0
0
0
0
0
0
0
0
0
0
0
0
0
0
0
0
0
0
0
0
7.27054e-10
1.60474e-09
2.10158e-09
2.0354e-09
1.48005e-09
5.90847e-10
0
0
0
0
0
2.07745e-09
4.69664e-09
7.46742e-09
1.02629e-08
1.28148e-08
1.49501e-08
1.66739e-08
1.78926e-08
1.85809e-08
1.89098e-08
1.88889e-08
1.85646e-08
1.81197e-08
1.72102e-08
1.5899e-08
1.45307e-08
1.32471e-08
1.27383e-08
1.11464e-08
6.14851e-09
0
0
0
0
0
0
0
0
0
0
0
0
0
0
0
0
2.94821e-07
1.93631e-07
9.43034e-11
0
0
3.42018e-07
3.11617e-06
1.24386e-05
9.01084e-06
9.65673e-07
7.95274e-08
0
0
0
0
0
0
0
0
0
2.95698e-08
7.98382e-08
0
0
0
0
0
1.37931e-07
1.9399e-07
3.06526e-07
1.5611e-06
2.89494e-06
4.09917e-06
7.53752e-06
3.8112e-06
4.24637e-07
6.64343e-10
0
0
0
0
0
0
0
0
0
0
0
0
0
0
0
0
0
0
0
0
0
0
0
0
0
0
0
0
0
0
0
0
0
0
0
5.99649e-10
0
0
0
0
0
0
0
0
0
0
0
0
0
0
0
0
0
0
0
0
0
0
0
0
0
0
0
0
0
0
0
0
1.40649e-09
6.74301e-09
1.62377e-08
2.27257e-08
2.1028e-08
1.00077e-08
0
0
0
0
0
0
0
0
0
0
0
0
0
0
0
0
0
2.34827e-09
6.99996e-09
1.00382e-08
1.13754e-08
1.10713e-08
1.00858e-08
9.03893e-09
8.23493e-09
7.60498e-09
6.52749e-09
4.1171e-09
4.88556e-10
0
0
0
1.2075e-10
4.45598e-09
9.26598e-09
1.37644e-08
1.75455e-08
2.02694e-08
2.19712e-08
2.28673e-08
2.31336e-08
2.28729e-08
2.22409e-08
2.13061e-08
2.00185e-08
1.84713e-08
1.61483e-08
1.36011e-08
1.16541e-08
1.00537e-08
9.12527e-09
6.87068e-09
2.31951e-09
0
0
0
0
0
0
0
0
0
0
1.52639e-08
2.44725e-07
0
0
0
1.28746e-07
3.783e-07
1.74709e-07
0
0
0
1.77328e-07
1.28174e-06
5.68592e-06
7.4642e-06
4.38739e-07
3.17709e-12
0
0
0
0
0
0
0
0
1.80455e-08
7.21031e-08
1.07695e-07
3.3489e-08
0
6.92943e-07
7.51338e-08
0
4.41511e-07
2.61107e-07
8.49203e-08
4.41809e-07
9.59253e-07
1.15365e-06
2.28599e-06
3.31051e-06
1.91781e-07
0
0
0
0
0
0
0
0
0
0
0
0
0
0
0
0
0
0
0
0
0
0
0
0
0
0
0
0
0
0
0
0
0
0
0
0
1.11281e-10
0
6.23284e-09
4.83288e-09
1.13098e-08
1.42937e-08
1.39142e-08
1.19901e-08
1.03611e-08
8.69729e-09
7.39105e-09
6.08176e-09
5.03676e-09
3.98922e-09
3.24262e-09
2.38097e-09
1.9289e-09
1.05025e-09
9.56566e-10
0
3.79225e-10
0
2.69357e-10
0
5.27478e-10
0
0
2.98595e-09
1.22407e-09
3.59004e-09
4.30983e-09
4.2126e-09
3.51547e-09
3.39946e-09
2.9029e-09
2.78894e-09
2.37384e-09
2.24294e-09
1.87774e-09
1.7357e-09
1.38967e-09
1.29947e-09
8.93474e-10
9.22375e-10
3.51369e-10
6.71449e-10
0
6.69357e-10
0
9.45842e-10
0
0
2.4065e-09
0
1.41095e-09
2.45033e-09
2.12409e-09
1.72438e-09
1.53064e-09
1.33432e-09
1.23524e-09
1.08071e-09
1.06636e-09
9.389e-10
9.61214e-10
8.33341e-10
8.8422e-10
7.21242e-10
8.26929e-10
5.64497e-10
8.20151e-10
3.34495e-10
9.60824e-10
0
1.27706e-09
0
0
2.14432e-09
0
0
0
0
6.64509e-11
5.59883e-10
8.31606e-10
9.32424e-10
9.06195e-10
8.85139e-10
7.96729e-10
7.70673e-10
6.96414e-10
7.38004e-10
6.40462e-10
7.90126e-10
6.09479e-10
9.67539e-10
5.46648e-10
1.35506e-09
3.13494e-10
1.96566e-09
0
1.04546e-09
3.62669e-09
0
0
0
0
0
0
0
0
0
0
0
0
0
0
0
0
0
0
0
0
0
0
0
0
0
0
0
0
0
0
0
0
0
0
0
0
0
0
0
0
0
0
0
0
0
0
0
0
0
0
0
0
0
0
0
0
0
0
0
0
0
0
0
0
0
0
0
0
0
0
0
0
0
0
0
0
0
0
0
0
0
0
0
0
0
0
0
0
0
0
0
0
0
0
0
0
0
0
0
0
0
0
0
0
0
0
0
0
0
0
0
0
0
0
0
0
0
0
0
0
0
0
0
0
0
0
0
0
0
0
0
0
0
0
0
0
0
0
0
0
0
0
0
0
0
0
0
0
0
0
0
0
0
0
0
0
0
0
0
0
0
0
0
0
0
0
0
0
0
0
0
0
0
0
0
0
0
0
0
0
0
0
0
0
0
0
0
0
0
0
0
0
0
0
0
0
0
0
0
0
0
0
0
0
0
0
0
0
0
0
0
0
0
0
0
0
0
0
0
0
0
0
0
0
0
0
0
0
0
0
0
0
0
0
0
0
0
0
0
0
0
0
0
0
0
0
0
0
0
0
0
0
0
0
0
0
0
0
0
2.73335e-09
0
0
0
0
0
0
0
0
0
0
0
0
0
0
0
0
0
0
0
0
0
0
0
0
0
0
0
0
0
0
0
0
0
0
0
0
0
0
0
0
0
0
0
0
0
0
0
0
0
0
0
0
0
0
0
0
0
0
0
0
0
0
0
0
8.19416e-09
0
0
0
0
0
0
0
0
0
0
0
0
0
0
0
0
0
0
0
0
0
0
0
0
3.94112e-08
1.47731e-08
0
0
0
0
0
0
0
0
0
0
0
0
0
0
0
0
0
0
0
0
0
0
0
1.31778e-07
6.85312e-08
0
0
0
0
0
0
0
0
0
0
0
0
0
0
0
0
0
0
0
0
0
0
0
1.84012e-07
1.05556e-07
0
0
0
0
0
0
0
0
0
0
0
0
0
0
0
0
0
0
0
0
0
0
0
1.54115e-07
1.01226e-07
2.02133e-08
0
0
0
0
0
0
0
0
0
0
0
0
0
0
0
0
0
0
0
0
0
0
1.32874e-07
8.98095e-08
4.71493e-08
0
0
0
0
0
0
0
0
0
0
0
0
0
0
0
0
0
0
0
0
0
0
1.2634e-07
8.4757e-08
5.53816e-08
1.15723e-08
0
0
0
0
0
0
0
0
0
0
0
0
0
0
0
0
0
0
0
0
0
1.23711e-07
8.53325e-08
5.70203e-08
3.42475e-08
0
0
0
0
0
0
0
0
0
0
0
0
0
0
0
0
0
0
0
0
0
1.19931e-07
8.64387e-08
5.64234e-08
3.96144e-08
1.56256e-08
0
0
0
0
0
0
0
0
0
0
0
0
0
0
0
0
0
0
0
0
1.21692e-07
8.72142e-08
5.34071e-08
3.47072e-08
2.40362e-08
0
0
0
0
0
0
0
0
0
0
0
0
0
0
0
0
0
0
0
0
1.56329e-07
1.07459e-07
5.78403e-08
2.63056e-08
1.54287e-08
0
0
0
0
0
0
0
0
0
0
0
0
0
0
0
0
0
0
0
0
2.05468e-07
1.44337e-07
6.92323e-08
1.45294e-08
0
0
0
0
0
0
0
0
0
0
0
0
0
0
0
0
0
0
0
0
0
2.34459e-07
1.93639e-07
9.64019e-08
8.53485e-09
0
0
0
0
0
0
0
0
0
0
0
0
0
0
0
0
0
0
0
0
0
1.93227e-07
2.10545e-07
1.31256e-07
1.38959e-08
0
0
0
0
0
0
0
0
0
0
0
0
0
0
0
0
0
0
0
0
3.52035e-08
1.29735e-07
1.83247e-07
1.63155e-07
3.74909e-08
0
0
0
0
0
0
0
0
0
0
0
0
0
0
0
0
0
0
0
2.28276e-08
1.02985e-07
8.62034e-08
1.44221e-07
1.85848e-07
8.30296e-08
0
0
0
0
0
0
0
0
0
0
0
0
0
0
0
0
0
0
0
1.76145e-08
1.30327e-07
6.27712e-08
1.15587e-07
1.98145e-07
1.43872e-07
0
0
0
0
0
0
0
0
0
0
0
0
0
0
0
0
0
0
0
0
1.24631e-07
5.94648e-08
1.07512e-07
2.02651e-07
2.02073e-07
4.64249e-08
0
0
0
0
0
0
0
0
0
0
0
0
0
0
0
0
0
0
0
8.42251e-08
7.94906e-08
1.39074e-07
2.17898e-07
2.43219e-07
1.13959e-07
0
0
0
0
0
0
0
0
0
0
0
0
0
0
0
0
0
0
0
1.02248e-08
9.89618e-08
2.10473e-07
2.74749e-07
2.78321e-07
1.70059e-07
0
0
0
0
0
0
0
0
0
0
0
0
0
0
0
0
0
0
0
0
8.43672e-08
2.50243e-07
3.50306e-07
3.31523e-07
2.15576e-07
4.44177e-08
0
0
0
0
0
0
0
0
0
0
0
0
0
0
0
0
0
0
0
5.55425e-08
2.20038e-07
3.58983e-07
3.73814e-07
2.60025e-07
9.49348e-08
0
0
0
0
0
0
0
0
0
0
0
0
0
0
0
0
0
0
0
3.27754e-08
1.72375e-07
3.0677e-07
3.65008e-07
2.92556e-07
1.39896e-07
0
0
0
0
0
0
0
0
0
0
0
0
0
0
0
0
0
0
0
1.36471e-08
1.35525e-07
2.58707e-07
3.38813e-07
3.11612e-07
1.83644e-07
2.44931e-08
0
0
0
0
0
0
0
0
0
0
0
0
0
0
0
0
0
0
4.25643e-10
1.13057e-07
2.32559e-07
3.32407e-07
3.34571e-07
2.29181e-07
6.6617e-08
0
0
0
0
0
0
0
0
0
0
0
0
0
0
0
0
0
0
4.93565e-09
1.0141e-07
2.08638e-07
3.25867e-07
3.54002e-07
2.63762e-07
9.98281e-08
0
0
0
0
0
0
0
0
0
0
0
0
0
0
0
0
0
0
3.95447e-08
1.0561e-07
1.81105e-07
3.13459e-07
3.78813e-07
2.91008e-07
1.14715e-07
0
0
0
0
0
0
0
0
0
0
0
0
0
0
0
0
0
0
6.99009e-08
8.61733e-08
1.01444e-07
2.30556e-07
3.22798e-07
2.42375e-07
6.63133e-08
0
0
0
0
0
0
0
0
0
0
0
0
0
0
0
0
0
0
0
0
0
0
0
0
0
0
0
0
0
0
0
0
0
0
0
0
0
0
0
0
0
0
0
0
0
0
0
0
0
0
0
0
0
0
0
0
0
0
0
0
0
0
0
0
0
0
0
0
0
0
0
0
0
0
0
0
0
0
0
0
0
0
0
0
0
0
0
0
0
0
0
0
0
1.75579e-08
0
0
0
0
0
0
0
0
0
0
0
0
0
0
0
0
0
2.04224e-09
0
0
0
0
0
0
2.83766e-08
0
0
0
0
0
0
0
0
0
0
0
0
0
0
0
1.02904e-09
7.93108e-10
2.5783e-09
0
1.32881e-09
0
1.76038e-09
0
1.41517e-09
2.56891e-08
0
0
0
0
0
0
0
0
0
0
0
0
0
3.05662e-10
7.45828e-10
2.03833e-09
1.62903e-09
2.41545e-09
7.86234e-10
1.90075e-09
0
2.45997e-09
0
1.22505e-09
1.69633e-08
0
0
0
0
0
0
0
0
0
1.22313e-10
4.80836e-10
1.14845e-09
1.38682e-09
1.88249e-09
1.77976e-09
2.20113e-09
1.71859e-09
1.98668e-09
1.10713e-09
1.71937e-09
5.09335e-10
1.91035e-09
0
3.5035e-10
7.99667e-09
0
0
0
0
0
0
1.14062e-09
2.02373e-09
2.40337e-09
2.50777e-09
2.27952e-09
2.1927e-09
1.83563e-09
1.75559e-09
1.44113e-09
1.47403e-09
1.11915e-09
1.20325e-09
7.70204e-10
1.04955e-09
4.458e-10
1.04693e-09
5.63029e-11
0
3.29205e-09
0
0
0
5.82595e-10
1.99816e-09
2.72602e-09
2.86582e-09
2.7556e-09
2.43061e-09
2.06365e-09
1.58949e-09
1.34843e-09
1.07343e-09
9.49823e-10
7.56038e-10
7.52169e-10
5.84177e-10
6.3172e-10
4.35868e-10
5.6256e-10
2.75416e-10
5.36878e-10
5.95723e-11
0
2.03308e-09
0
3.52729e-09
3.41366e-09
3.19628e-09
2.77536e-09
2.21436e-09
1.7131e-09
1.3649e-09
1.05717e-09
8.10789e-10
5.78738e-10
4.75387e-10
3.75599e-10
3.40326e-10
2.82521e-10
3.06268e-10
2.5187e-10
2.84128e-10
2.01717e-10
2.5558e-10
1.28559e-10
2.36085e-10
2.20066e-11
0
2.60409e-09
2.26333e-09
4.07711e-09
2.69528e-09
1.70438e-09
9.8405e-10
5.08839e-10
2.4471e-10
1.25256e-10
6.16005e-11
2.68469e-11
1.37336e-11
1.77048e-11
0
0
0
2.26361e-11
2.18978e-11
4.45406e-11
2.21731e-11
4.50629e-11
5.76399e-13
3.96912e-11
0
0
2.60976e-09
2.38442e-09
2.02383e-09
9.66948e-10
3.71371e-10
4.03115e-11
0
0
0
0
0
0
0
0
0
0
0
0
0
0
0
0
0
0
0
)
;

boundaryField
{
    inlet
    {
        type            zeroGradient;
    }
    outlet
    {
        type            zeroGradient;
    }
    upperWall
    {
        type            zeroGradient;
    }
    lowerWall
    {
        type            zeroGradient;
    }
    frontAndBack
    {
        type            empty;
    }
}


// ************************************************************************* //
