/*--------------------------------*- C++ -*----------------------------------*\
  =========                 |
  \\      /  F ield         | OpenFOAM: The Open Source CFD Toolbox
   \\    /   O peration     | Website:  https://openfoam.org
    \\  /    A nd           | Version:  7
     \\/     M anipulation  |
\*---------------------------------------------------------------------------*/
FoamFile
{
    version     2.0;
    format      ascii;
    class       volScalarField;
    location    "0.1";
    object      s;
}
// * * * * * * * * * * * * * * * * * * * * * * * * * * * * * * * * * * * * * //

dimensions      [0 0 0 0 0 0 0];

internalField   nonuniform List<scalar> 
12225
(
1
1
1
1
1
1
1
1
1
1
1
1
1
1
1
1
1
1
1
1
1
1
1
1
1
1
1
1
1
1
1
1
1
1
1
1
1
1
1
1
1
1
1
1
1
1
1
1
1
1
1
1
1
1
1
1
1
1
1
1
1
1
1
1
1
1
1
1
1
1
1
1
1
1
1
1
1
1
1
1
1
1
1
1
1
1
1
1
1
1
1
1
1
1
1
1
1
1
1
1
1
1
1
1
1
1
1
1
1
1
1
1
1
1
1
1
1
1
1
1
1
1
1
1
1
1
1
1
1
1
1
1
1
1
1
1
1
1
1
1
1
1
1
1
1
1
1
1
1
1
1
1
1
1
1
1
1
1
1
1
1
1
1
1
1
1
1
1
1
1
1
1
1
1
1
1
1
1
1
1
1
1
1
1
1
1
1
1
1
1
1
1
1
1
1
1
1
1
1
1
1
1
1
1
1
1
1
1
1
1
1
1
1
1
1
1
1
1
1
1
1
1
1
1
1
1
1
1
1
1
1
1
1
1
1
1
1
1
1
1
1
1
1
1
1
1
1
1
1
1
1
1
1
1
1
1
1
1
1
1
1
1
1
1
1
1
1
1
1
1
1
1
1
1
1
1
1
1
1
1
1
1
1
1
1
1
1
1
1
1
1
1
1
1
1
1
1
1
1
1
1
1
1
1
1
1
1
1
1
1
1
1
1
1
1
1
1
1
1
1
1
1
1
1
1
1
1
1
1
1
1
1
1
1
1
1
1
1
1
1
1
1
1
1
1
1
1
1
1
1
1
1
1
1
1
1
1
1
1
1
1
1
1
1
1
1
1
1
1
1
1
1
1
1
1
1
1
1
1
1
1
1
1
1
1
1
1
1
1
1
1
1
1
1
1
1
1
1
1
1
1
1
1
1
1
1
1
1
1
1
1
1
1
1
1
1
1
1
1
1
1
1
1
1
1
1
1
1
1
1
1
1
1
1
1
1
1
1
1
1
1
1
1
1
1
1
1
1
1
1
1
1
1
1
1
1
1
1
1
1
1
1
1
1
1
1
1
1
1
1
1
1
1
1
1
1
1
1
1
1
1
1
1
1
1
1
1
1
1
1
1
1
1
1
1
1
1
1
1
1
1
1
1
1
1
1
1
1
1
1
1
1
1
1
1
1
1
1
1
1
1
1
1
1
1
1
1
1
1
1
1
1
1
1
1
1
1
1
1
1
0.184188
0.310905
0.413628
0.446399
0.456175
0.455977
0.441382
0.408334
0.322483
0.24592
0.218457
0.268874
0.36272
0.399902
0.415437
0.420097
0.420865
0.420453
0.417617
0.408816
0.389708
0.347331
0.28716
0.272834
0.282479
0.341999
0.481877
0.63413
0.693511
0.723174
0.758253
0.781803
0.792979
0.810697
0.829095
0.836203
0.839216
0.839986
0.839927
0.838905
0.836004
0.830566
0.82269
0.813399
0.80346
0.792588
0.780494
0.768294
0.756954
0.746962
0.738649
0.732919
0.729064
0.726629
0.723829
0.718884
0.711642
0.704417
0.699928
0.696854
0.691822
0.68799
0.68435
0.681036
0.678874
0.67797
0.678397
0.678891
0.67663
0.64678
0.498328
0.386462
0.33811
0.348239
0.365798
0.332933
0.319313
0.338117
0.444203
0.527463
0.529278
0.513126
0.46244
0.429478
0.427562
0.466022
0.604695
0.740619
0.82983
0.872945
0.880401
0.875693
0.870308
0.865115
0.860911
0.857338
0.853935
0.850759
0.84803
0.845586
0.843094
0.840755
0.838572
0.836483
0.834611
0.832882
0.831225
0.830065
0.829077
0.828369
0.828061
0.82794
0.827926
0.82826
0.829059
0.829892
0.830806
0.83197
0.832841
0.834013
0.83559
0.837939
0.840651
0.844206
0.848161
0.852421
0.857433
0.862907
0.868754
0.874882
0.881116
0.886808
0.891509
0.895082
0.898019
0.900541
0.902504
0.903696
0.904053
0.903813
0.901992
0.898538
0.896347
0.894293
0.890226
0.878748
0.856544
0.84125
0.830783
0.813324
0.770763
0.633882
0.381745
0.186462
0.0746855
0.025158
0.00739778
0.00197676
0.000502359
0.00014048
0.000110587
0.000148658
0.000117617
5.9377e-05
1.81453e-05
3.89805e-06
1.68663e-06
9.49801e-07
5.45379e-07
3.13779e-07
1.79065e-07
1.00585e-07
5.52538e-08
2.957e-08
1.53428e-08
7.69781e-09
3.7254e-09
1.69547e-09
8.08259e-10
3.3119e-11
0.189395
0.363456
0.539771
0.57131
0.579402
0.579654
0.576543
0.557956
0.537528
0.489416
0.438446
0.331863
0.321241
0.352732
0.419429
0.429282
0.429763
0.424834
0.40187
0.349113
0.31375
0.309327
0.317608
0.361862
0.458768
0.600747
0.705061
0.757627
0.805708
0.84637
0.872877
0.89761
0.910125
0.923032
0.92857
0.930391
0.93062
0.928117
0.920711
0.912564
0.903374
0.889534
0.875565
0.862428
0.849357
0.840757
0.832648
0.826723
0.824994
0.824863
0.82544
0.825988
0.825456
0.823657
0.819168
0.811786
0.801673
0.789306
0.775432
0.761712
0.748263
0.734231
0.719789
0.704627
0.691982
0.683833
0.681242
0.682347
0.681143
0.668088
0.589121
0.447544
0.367392
0.353306
0.358192
0.333931
0.296972
0.314337
0.452678
0.704807
0.752699
0.741464
0.659523
0.504527
0.455096
0.460474
0.526875
0.757935
0.867498
0.876746
0.87161
0.857609
0.83895
0.819325
0.808277
0.798132
0.792974
0.788151
0.785837
0.784304
0.78366
0.783464
0.783852
0.785149
0.786092
0.787295
0.788868
0.790682
0.791799
0.793791
0.795339
0.79742
0.799992
0.802817
0.806074
0.809703
0.812839
0.815141
0.816114
0.81477
0.811049
0.807176
0.803924
0.800852
0.797769
0.795012
0.79284
0.791571
0.791329
0.792073
0.794135
0.798396
0.805344
0.814959
0.826542
0.839677
0.854075
0.869743
0.885011
0.898151
0.909034
0.916729
0.92217
0.927511
0.931468
0.932309
0.931885
0.930261
0.925726
0.918922
0.908232
0.884188
0.820023
0.737086
0.665569
0.587514
0.513736
0.474687
0.468294
0.47123
0.479854
0.480513
0.470497
0.41638
0.310744
0.227061
0.162634
0.113359
0.0764246
0.0497442
0.0311626
0.0188321
0.0109324
0.0061365
0.00329788
0.00171599
0.000858107
0.000388238
0.000231629
-0.000129368
0.192341
0.446051
0.55761
0.593537
0.606611
0.609813
0.602391
0.583313
0.562006
0.530606
0.500715
0.466482
0.387714
0.355196
0.377198
0.429232
0.434769
0.421559
0.374394
0.344364
0.340331
0.372433
0.475697
0.650634
0.779325
0.833685
0.87383
0.907849
0.935894
0.950262
0.961468
0.967639
0.970362
0.971503
0.9717
0.970942
0.969945
0.96964
0.969485
0.969612
0.970076
0.970628
0.971393
0.972343
0.973011
0.973433
0.973831
0.974286
0.974732
0.975089
0.975383
0.975434
0.974883
0.973951
0.97207
0.968832
0.96396
0.957504
0.948869
0.937837
0.922898
0.900614
0.869567
0.830554
0.785439
0.746483
0.716936
0.696589
0.684685
0.675019
0.648251
0.562027
0.436174
0.375402
0.364825
0.349881
0.309057
0.310439
0.437855
0.743668
0.820414
0.80936
0.737165
0.566595
0.511108
0.532441
0.72486
0.860261
0.870385
0.860966
0.826617
0.798594
0.783305
0.777517
0.77581
0.775682
0.778366
0.779852
0.783066
0.784629
0.787871
0.789991
0.790968
0.791878
0.792248
0.792298
0.791983
0.791719
0.791608
0.791859
0.793151
0.794836
0.798448
0.803528
0.810124
0.818763
0.8281
0.837438
0.847664
0.85926
0.867875
0.871912
0.870604
0.866019
0.85861
0.848806
0.836946
0.82367
0.8107
0.799797
0.790521
0.78226
0.775607
0.770995
0.768451
0.767679
0.768134
0.770808
0.77794
0.792751
0.815633
0.844088
0.871925
0.894182
0.909524
0.919487
0.926958
0.933765
0.938619
0.940372
0.940292
0.938794
0.93321
0.917427
0.886061
0.852466
0.830615
0.825366
0.826292
0.830748
0.845903
0.863758
0.871399
0.872213
0.868712
0.852496
0.837706
0.823289
0.793242
0.713357
0.569238
0.430262
0.311269
0.220834
0.15053
0.100812
0.0641174
0.0394815
0.0240602
0.0111797
0.255242
0.49254
0.59103
0.629309
0.63692
0.629307
0.606888
0.578293
0.539344
0.494911
0.478056
0.461922
0.435107
0.377045
0.363836
0.406099
0.433429
0.41671
0.376722
0.368726
0.405576
0.531818
0.724803
0.843339
0.899862
0.932152
0.949581
0.968497
0.977525
0.982045
0.984917
0.986226
0.986858
0.987184
0.98743
0.987709
0.988159
0.988855
0.989467
0.99008
0.990755
0.991291
0.991818
0.992235
0.992485
0.993033
0.993514
0.99407
0.994681
0.99514
0.995541
0.996011
0.996246
0.996685
0.996913
0.99701
0.99662
0.996056
0.994925
0.993142
0.990295
0.98562
0.977656
0.963535
0.937569
0.886334
0.815252
0.754347
0.711333
0.688658
0.670608
0.632125
0.524536
0.419543
0.382136
0.361774
0.312495
0.302368
0.399495
0.741884
0.843001
0.82349
0.745041
0.67579
0.677571
0.773499
0.849184
0.863303
0.852446
0.806238
0.781883
0.773012
0.770741
0.773808
0.776705
0.782065
0.784882
0.788048
0.789337
0.78974
0.789679
0.787588
0.783923
0.779016
0.772578
0.765472
0.759176
0.753588
0.748713
0.745189
0.743602
0.743148
0.745814
0.75498
0.768131
0.787598
0.810245
0.830188
0.847854
0.863376
0.880195
0.895892
0.907044
0.91529
0.921065
0.92335
0.923948
0.922321
0.915944
0.9059
0.891771
0.873057
0.851698
0.830188
0.810448
0.793994
0.780724
0.770785
0.764169
0.760815
0.760146
0.761271
0.768539
0.795004
0.83618
0.872922
0.901146
0.918284
0.926932
0.933146
0.939954
0.945342
0.946881
0.946431
0.943721
0.933214
0.910012
0.897092
0.893714
0.893805
0.895832
0.904825
0.926673
0.944393
0.954976
0.959793
0.961149
0.961089
0.959169
0.950276
0.938439
0.926358
0.901954
0.842006
0.684859
0.505041
0.351391
0.234607
0.156773
0.0858274
0.538246
0.620243
0.656962
0.661082
0.651792
0.624665
0.558514
0.48861
0.447604
0.412444
0.408787
0.41741
0.423429
0.404743
0.366388
0.376701
0.427464
0.41495
0.390842
0.408855
0.515877
0.707899
0.855961
0.921964
0.956004
0.971619
0.979791
0.985088
0.987058
0.98771
0.987856
0.987639
0.987287
0.986915
0.986361
0.985759
0.98514
0.984597
0.984028
0.983584
0.983317
0.983196
0.983186
0.983652
0.984323
0.985609
0.986627
0.988617
0.990036
0.991606
0.9927
0.994354
0.995205
0.996627
0.997449
0.998309
0.998708
0.999028
0.99912
0.999149
0.998897
0.998306
0.996996
0.994259
0.988334
0.975134
0.945103
0.874924
0.786723
0.72723
0.694328
0.668315
0.614628
0.489906
0.419104
0.378979
0.320253
0.297145
0.325105
0.658725
0.8479
0.847574
0.819219
0.802648
0.820282
0.847028
0.854521
0.84528
0.798087
0.774655
0.767839
0.767012
0.771363
0.77734
0.780186
0.782109
0.782784
0.782315
0.776609
0.767919
0.758431
0.748596
0.738252
0.729837
0.723219
0.718168
0.713662
0.710308
0.70747
0.705016
0.703818
0.703509
0.704243
0.708732
0.718671
0.735945
0.763378
0.801234
0.835161
0.858391
0.88007
0.899339
0.916256
0.929709
0.940453
0.947888
0.953784
0.957743
0.958881
0.958478
0.956466
0.95209
0.945892
0.937029
0.923571
0.904416
0.880905
0.854929
0.828636
0.804575
0.783549
0.769771
0.763954
0.763392
0.765138
0.77451
0.809889
0.859337
0.8944
0.917369
0.930655
0.938527
0.944887
0.949548
0.950932
0.95063
0.948403
0.938827
0.920306
0.910693
0.908437
0.908973
0.913529
0.929428
0.947631
0.962468
0.973843
0.981114
0.984544
0.985457
0.985464
0.985035
0.983405
0.978833
0.967289
0.940489
0.870786
0.678321
0.492946
0.295583
0.64081
0.660464
0.677926
0.672071
0.637803
0.539966
0.465641
0.425277
0.400393
0.372616
0.365446
0.370765
0.398449
0.401171
0.375986
0.365165
0.411233
0.418545
0.413978
0.466598
0.621666
0.828841
0.919776
0.960826
0.978186
0.984606
0.987009
0.987717
0.987718
0.986927
0.985613
0.983294
0.980199
0.976098
0.971206
0.965795
0.960451
0.955352
0.952075
0.948658
0.94698
0.946132
0.94592
0.947124
0.948881
0.952325
0.95593
0.961017
0.96568
0.971073
0.975228
0.979583
0.983562
0.987604
0.991463
0.994732
0.996757
0.998441
0.999121
0.999451
0.9996
0.999646
0.99959
0.999269
0.998309
0.995721
0.988802
0.970602
0.924536
0.833121
0.754593
0.709887
0.676981
0.604393
0.500556
0.422298
0.344921
0.305158
0.311074
0.514452
0.838777
0.859037
0.851995
0.84791
0.850448
0.850612
0.841196
0.794123
0.770787
0.764411
0.764164
0.76826
0.774473
0.77696
0.77763
0.774351
0.763786
0.754363
0.744088
0.73895
0.732887
0.727818
0.723527
0.718536
0.714903
0.710372
0.706177
0.701839
0.698476
0.696337
0.695372
0.695196
0.695638
0.698242
0.70482
0.716843
0.737204
0.77011
0.815915
0.845341
0.875078
0.8987
0.918467
0.934624
0.947782
0.958236
0.966467
0.972733
0.977116
0.979669
0.98058
0.980514
0.979627
0.977578
0.974415
0.969829
0.963189
0.953283
0.93745
0.914082
0.884046
0.847306
0.811899
0.786504
0.77461
0.772869
0.774437
0.782826
0.816185
0.869408
0.904487
0.925106
0.937433
0.945645
0.951721
0.954883
0.955381
0.954699
0.950519
0.935039
0.920092
0.91395
0.912992
0.913881
0.919906
0.939881
0.959786
0.973267
0.982394
0.988554
0.992243
0.993931
0.994323
0.994248
0.993606
0.991224
0.983735
0.96235
0.907566
0.710704
0.641864
0.672054
0.69357
0.67498
0.574635
0.473572
0.427641
0.39769
0.372225
0.345859
0.337788
0.342266
0.36619
0.392179
0.379155
0.362124
0.400308
0.420519
0.426786
0.517048
0.732668
0.893078
0.953246
0.977491
0.985585
0.987551
0.987801
0.987101
0.985064
0.980388
0.972727
0.960931
0.950509
0.939875
0.931648
0.92548
0.919858
0.9169
0.913544
0.911931
0.910847
0.910466
0.910446
0.911715
0.91336
0.915679
0.918578
0.922141
0.926497
0.93154
0.937821
0.945378
0.953782
0.963246
0.973092
0.9804
0.988034
0.993874
0.99681
0.998468
0.999261
0.999629
0.999771
0.999812
0.999763
0.999428
0.998222
0.994365
0.982983
0.953075
0.88279
0.798556
0.739298
0.696348
0.646769
0.537955
0.416421
0.337004
0.319559
0.386355
0.770915
0.86125
0.858736
0.854963
0.85099
0.840879
0.797804
0.769881
0.761408
0.759616
0.765371
0.77146
0.773543
0.773533
0.765386
0.756159
0.751115
0.746793
0.742868
0.740339
0.737715
0.735823
0.733057
0.727913
0.721523
0.713254
0.706658
0.700085
0.696643
0.694562
0.693906
0.693841
0.69434
0.696531
0.701946
0.711866
0.728649
0.757105
0.801161
0.839569
0.872416
0.898334
0.919625
0.936848
0.950755
0.962143
0.971156
0.978142
0.983395
0.98724
0.989921
0.991645
0.99255
0.992758
0.992565
0.991645
0.990076
0.987488
0.984097
0.979402
0.970723
0.953353
0.919557
0.870245
0.824537
0.795
0.783569
0.783113
0.786356
0.801227
0.847644
0.893433
0.92142
0.937461
0.947397
0.954383
0.958623
0.95982
0.959591
0.957149
0.945507
0.927594
0.918971
0.916956
0.917342
0.920816
0.935146
0.956537
0.972347
0.982917
0.989603
0.993746
0.996182
0.997308
0.997571
0.997501
0.996917
0.994538
0.986573
0.944347
0.638738
0.685521
0.709737
0.664939
0.525429
0.44642
0.412663
0.382516
0.346564
0.322031
0.316512
0.320457
0.339548
0.384314
0.382917
0.361831
0.392675
0.42531
0.451647
0.573755
0.813085
0.930066
0.970097
0.983974
0.987427
0.987765
0.98693
0.983459
0.975303
0.959396
0.940601
0.931065
0.921208
0.91621
0.910799
0.908186
0.905578
0.904358
0.903286
0.902855
0.902693
0.902692
0.903173
0.90409
0.905059
0.906433
0.908252
0.910311
0.912766
0.91526
0.917769
0.920285
0.923473
0.928204
0.936213
0.948597
0.964852
0.978545
0.988582
0.994291
0.997196
0.998707
0.999448
0.99977
0.999872
0.99989
0.999783
0.9992
0.996885
0.988983
0.966809
0.920839
0.858264
0.78209
0.720337
0.675623
0.587109
0.431849
0.354118
0.35966
0.603969
0.846241
0.859504
0.854391
0.844237
0.808098
0.771515
0.758102
0.755327
0.75992
0.768083
0.770807
0.770866
0.763305
0.756673
0.753951
0.752686
0.752771
0.754456
0.755529
0.755423
0.750092
0.743012
0.734999
0.725008
0.716137
0.707518
0.701513
0.697777
0.696326
0.695939
0.696244
0.697086
0.699134
0.703684
0.712192
0.727326
0.753038
0.793509
0.835222
0.871888
0.902475
0.925485
0.942842
0.956393
0.96696
0.9752
0.981552
0.986424
0.990124
0.992846
0.994717
0.995935
0.996735
0.997184
0.997298
0.997273
0.997109
0.996556
0.995584
0.994445
0.992206
0.987008
0.974561
0.938693
0.868962
0.821027
0.797073
0.791915
0.793406
0.803112
0.840261
0.889125
0.921022
0.939424
0.950333
0.95775
0.962576
0.964315
0.964318
0.962862
0.955243
0.937247
0.927314
0.924751
0.925184
0.928786
0.942253
0.9605
0.974434
0.984372
0.990898
0.994831
0.997092
0.9983
0.998757
0.998799
0.998634
0.997704
0.989983
0.633087
0.69178
0.72298
0.657607
0.505222
0.43876
0.408502
0.375288
0.327166
0.306189
0.304289
0.309634
0.334185
0.384559
0.385523
0.362433
0.389823
0.430527
0.467472
0.628958
0.866659
0.95134
0.978182
0.986133
0.987506
0.987218
0.983819
0.973905
0.953495
0.931812
0.921546
0.914186
0.909494
0.906875
0.904626
0.903287
0.902329
0.901696
0.901085
0.900794
0.90066
0.900639
0.900885
0.90145
0.902033
0.903059
0.904613
0.906403
0.908627
0.910964
0.913212
0.915153
0.916384
0.917188
0.918393
0.920779
0.927092
0.943352
0.965463
0.981954
0.990884
0.995523
0.997965
0.999168
0.999698
0.99989
0.999935
0.999911
0.99963
0.998142
0.991705
0.970473
0.933132
0.889692
0.809016
0.739384
0.695535
0.608662
0.437966
0.387736
0.471141
0.792918
0.85701
0.850759
0.823081
0.78014
0.75845
0.752317
0.751671
0.761573
0.767793
0.768862
0.764131
0.758108
0.756716
0.757152
0.761729
0.763613
0.763424
0.760424
0.755367
0.747512
0.737895
0.728136
0.71889
0.711815
0.706094
0.703045
0.702293
0.703014
0.705492
0.708588
0.711297
0.714082
0.718108
0.724896
0.736023
0.753755
0.788435
0.831402
0.871948
0.9063
0.933123
0.952206
0.965846
0.975711
0.982762
0.987735
0.991136
0.993435
0.9951
0.996368
0.997316
0.99793
0.998275
0.998431
0.99847
0.998467
0.998435
0.998293
0.998057
0.997835
0.997314
0.995754
0.990693
0.976106
0.927914
0.852686
0.813628
0.80128
0.801649
0.808806
0.840515
0.890701
0.924372
0.943603
0.95444
0.961717
0.966777
0.968972
0.969194
0.968417
0.964151
0.951298
0.942245
0.939497
0.939706
0.942623
0.953282
0.967892
0.979124
0.987142
0.992519
0.99587
0.997777
0.998794
0.999246
0.999337
0.999279
0.998052
0.63166
0.69466
0.729185
0.65639
0.500749
0.442589
0.412499
0.372981
0.317842
0.302508
0.302025
0.309382
0.337146
0.385977
0.386224
0.36392
0.389111
0.43535
0.486823
0.678312
0.89949
0.963233
0.981978
0.986739
0.987251
0.985271
0.976755
0.957369
0.930712
0.91799
0.911572
0.907296
0.905216
0.9039
0.902673
0.901251
0.899951
0.898666
0.897273
0.89605
0.894572
0.893186
0.892437
0.892138
0.892411
0.893321
0.895406
0.898383
0.902211
0.906386
0.910662
0.913614
0.915102
0.915731
0.91578
0.914936
0.914245
0.916783
0.926831
0.951258
0.975264
0.987471
0.993937
0.997331
0.998944
0.999636
0.999891
0.999955
0.999953
0.999805
0.998735
0.992414
0.964975
0.929713
0.89251
0.809702
0.749711
0.701587
0.578586
0.441025
0.447554
0.679404
0.842283
0.84275
0.803593
0.765876
0.750209
0.74623
0.750355
0.762017
0.766892
0.766346
0.760197
0.757574
0.758628
0.763846
0.765179
0.764802
0.761964
0.755303
0.744253
0.728887
0.712924
0.702908
0.696677
0.693774
0.692868
0.695792
0.698049
0.702626
0.708318
0.715133
0.722189
0.72941
0.736159
0.742702
0.750266
0.761515
0.785308
0.827046
0.869292
0.906096
0.93506
0.956292
0.970404
0.979951
0.986566
0.991135
0.994213
0.996181
0.997352
0.998014
0.998397
0.998611
0.998731
0.998768
0.998764
0.99874
0.998669
0.998459
0.9982
0.998099
0.998057
0.997932
0.997423
0.995247
0.986753
0.959082
0.880932
0.828907
0.810731
0.81022
0.816535
0.847846
0.898685
0.931668
0.94991
0.959641
0.966166
0.97112
0.973716
0.97424
0.97391
0.971763
0.964468
0.958589
0.956694
0.956665
0.958263
0.964868
0.975743
0.984289
0.990353
0.99438
0.996902
0.99837
0.999149
0.999513
0.999607
0.999443
0.632431
0.694956
0.732933
0.688512
0.521395
0.454255
0.427731
0.392194
0.327589
0.306764
0.30457
0.313822
0.347017
0.388594
0.387022
0.366414
0.389055
0.440101
0.504978
0.726166
0.920308
0.970257
0.983737
0.986598
0.986619
0.982202
0.966219
0.938432
0.918799
0.910663
0.906656
0.904541
0.903508
0.902405
0.900247
0.89731
0.893608
0.890089
0.886364
0.883611
0.881252
0.879931
0.879239
0.878972
0.87905
0.879564
0.880644
0.882488
0.88571
0.89188
0.900753
0.909676
0.914016
0.915697
0.916107
0.914786
0.912464
0.91145
0.913358
0.921514
0.943906
0.971597
0.985608
0.993362
0.997191
0.998925
0.999637
0.999896
0.999965
0.999968
0.99987
0.999034
0.992976
0.95805
0.919429
0.88187
0.799357
0.754872
0.677665
0.510907
0.468822
0.566132
0.805145
0.833729
0.798816
0.757671
0.744195
0.741188
0.748441
0.761451
0.76538
0.764003
0.757761
0.757204
0.761925
0.764469
0.764675
0.761346
0.751423
0.73166
0.708294
0.687413
0.672946
0.658092
0.647087
0.640825
0.638556
0.64618
0.656174
0.671732
0.687089
0.703209
0.717717
0.729468
0.73857
0.745657
0.752217
0.762209
0.782977
0.821441
0.864642
0.9037
0.934771
0.957392
0.972884
0.982646
0.988771
0.99281
0.995489
0.997205
0.998189
0.998695
0.998907
0.998972
0.998966
0.998947
0.998911
0.99884
0.998688
0.998198
0.997343
0.997087
0.997107
0.997288
0.997355
0.997214
0.9961
0.990405
0.968913
0.89791
0.839214
0.81922
0.818675
0.826229
0.861732
0.910554
0.940858
0.956913
0.965258
0.970794
0.975398
0.978379
0.979369
0.979341
0.978641
0.975675
0.972194
0.970995
0.970907
0.971587
0.974982
0.982548
0.988787
0.993183
0.996059
0.997836
0.998872
0.999424
0.999697
0.99973
0.637579
0.68767
0.733654
0.718829
0.552165
0.469446
0.442143
0.420933
0.371808
0.33132
0.321267
0.335066
0.373341
0.393984
0.38955
0.372732
0.39053
0.443758
0.517124
0.753844
0.931708
0.973655
0.98402
0.98604
0.984709
0.976001
0.955711
0.926141
0.912839
0.90723
0.904619
0.903326
0.902245
0.899736
0.894864
0.889225
0.884998
0.881442
0.878816
0.877273
0.876217
0.875675
0.87542
0.875342
0.875482
0.875753
0.876244
0.877031
0.878201
0.880221
0.884646
0.895078
0.909045
0.915185
0.916997
0.917136
0.913423
0.911044
0.911028
0.914038
0.925143
0.951534
0.974524
0.987699
0.994494
0.997735
0.999143
0.999707
0.999917
0.999975
0.999975
0.999873
0.998931
0.991413
0.945485
0.911047
0.853
0.796938
0.742975
0.598917
0.502335
0.52404
0.717905
0.814115
0.798666
0.755497
0.738747
0.736898
0.744827
0.759993
0.763919
0.760193
0.756292
0.756693
0.761976
0.763828
0.761026
0.750034
0.728102
0.697172
0.661345
0.62676
0.591558
0.554417
0.525418
0.512896
0.51217
0.52755
0.552656
0.582157
0.61194
0.644931
0.6783
0.708755
0.729329
0.741818
0.749728
0.759341
0.778849
0.815376
0.857446
0.897954
0.931799
0.956711
0.973488
0.984333
0.991009
0.994866
0.997034
0.998224
0.998826
0.999088
0.999171
0.999171
0.999157
0.999119
0.999032
0.998884
0.998616
0.99792
0.995893
0.99431
0.994008
0.994129
0.994805
0.995862
0.995877
0.995154
0.990438
0.969976
0.901002
0.844502
0.827289
0.82802
0.840176
0.884123
0.926737
0.951777
0.964413
0.971009
0.97553
0.979473
0.982572
0.984249
0.984671
0.984606
0.984097
0.982321
0.981125
0.980904
0.981138
0.982847
0.987756
0.992283
0.995384
0.99737
0.998574
0.999258
0.999643
0.999795
0.64844
0.67576
0.732824
0.742524
0.611999
0.491927
0.45689
0.441642
0.419882
0.391965
0.377497
0.390724
0.405161
0.408666
0.398277
0.387669
0.39725
0.442169
0.529579
0.769734
0.938828
0.975404
0.983816
0.98548
0.983605
0.972823
0.946076
0.918857
0.908688
0.904756
0.903025
0.901924
0.899875
0.894726
0.888552
0.883292
0.879969
0.877302
0.875849
0.874929
0.874474
0.874261
0.874189
0.874207
0.874357
0.874609
0.874935
0.875491
0.876249
0.877206
0.879035
0.883229
0.894884
0.910477
0.917038
0.918661
0.91726
0.912313
0.911118
0.912846
0.920322
0.943489
0.969581
0.98516
0.993251
0.997115
0.998845
0.999569
0.999851
0.999957
0.999985
0.999975
0.999813
0.9983
0.985379
0.933934
0.884591
0.830507
0.788761
0.682416
0.544433
0.531202
0.621444
0.779649
0.791364
0.760065
0.735265
0.732425
0.740017
0.757273
0.762071
0.75834
0.753548
0.75552
0.761204
0.759916
0.745628
0.721738
0.678385
0.623732
0.550357
0.479534
0.413575
0.371379
0.351558
0.345738
0.364986
0.400009
0.451661
0.506911
0.554398
0.590577
0.619949
0.652115
0.693254
0.723993
0.739674
0.752371
0.773543
0.805838
0.84556
0.887386
0.924545
0.953015
0.972259
0.984211
0.99131
0.995406
0.997618
0.998756
0.999294
0.999483
0.999503
0.999491
0.999456
0.999379
0.999194
0.998798
0.998414
0.997672
0.995655
0.992957
0.991035
0.990351
0.990378
0.990822
0.992771
0.993554
0.992862
0.987863
0.964393
0.894539
0.848394
0.837177
0.84087
0.86394
0.911992
0.944521
0.962854
0.971843
0.976514
0.980075
0.983433
0.986314
0.988314
0.989341
0.989615
0.989552
0.988879
0.987701
0.98734
0.987414
0.988424
0.991689
0.994865
0.996982
0.998315
0.999093
0.999548
0.999773
0.669454
0.667637
0.721189
0.754573
0.685127
0.526727
0.473958
0.456228
0.446797
0.435448
0.428297
0.432244
0.434201
0.432167
0.417082
0.403072
0.4065
0.437378
0.528022
0.774065
0.939756
0.97522
0.983291
0.98455
0.981539
0.968288
0.938552
0.915643
0.907076
0.903528
0.901868
0.900639
0.897009
0.891539
0.885222
0.880246
0.877595
0.875612
0.874674
0.874073
0.873801
0.873671
0.873626
0.873689
0.873858
0.874148
0.874452
0.874907
0.875607
0.87635
0.877397
0.879506
0.885073
0.901465
0.914608
0.918886
0.919405
0.916135
0.913489
0.913938
0.919646
0.940913
0.967983
0.984417
0.992931
0.996969
0.998774
0.999535
0.999834
0.999945
0.999984
0.99999
0.999963
0.999625
0.996544
0.972079
0.903997
0.854531
0.822191
0.752453
0.600614
0.54407
0.571396
0.717477
0.776673
0.766054
0.736
0.728511
0.733754
0.752922
0.760228
0.757723
0.752478
0.753539
0.758624
0.755906
0.731639
0.673475
0.589138
0.503841
0.41758
0.348017
0.299193
0.272426
0.260902
0.263041
0.285417
0.330852
0.398962
0.471929
0.536139
0.580054
0.607051
0.627045
0.648421
0.685345
0.718893
0.741581
0.765273
0.793833
0.830849
0.873498
0.914213
0.946739
0.969212
0.983101
0.991074
0.995448
0.997757
0.9989
0.999422
0.999628
0.999683
0.999685
0.99967
0.999605
0.999413
0.998748
0.997763
0.996998
0.995337
0.992789
0.990881
0.98931
0.988126
0.987875
0.988051
0.989388
0.99061
0.989715
0.982865
0.949406
0.884848
0.855255
0.851178
0.860255
0.898396
0.937527
0.96027
0.972299
0.978151
0.981375
0.984145
0.987035
0.989695
0.991673
0.992792
0.99317
0.993156
0.992694
0.991768
0.991477
0.991526
0.992275
0.99462
0.996741
0.998129
0.998972
0.999466
0.999735
0.682246
0.662446
0.687499
0.759611
0.743352
0.586446
0.500302
0.470118
0.460512
0.455848
0.453004
0.454084
0.453824
0.45042
0.435936
0.416866
0.413899
0.433705
0.519809
0.76814
0.935894
0.974093
0.982042
0.983037
0.979628
0.965369
0.934398
0.913661
0.905268
0.902144
0.900959
0.899228
0.89543
0.889432
0.883447
0.879089
0.876633
0.874988
0.874147
0.873663
0.87344
0.873352
0.873343
0.873389
0.873511
0.873846
0.874269
0.874687
0.875376
0.876153
0.877029
0.878486
0.881957
0.893143
0.909887
0.918356
0.920194
0.919692
0.91768
0.918361
0.923573
0.943263
0.970435
0.986501
0.994187
0.997555
0.998989
0.999596
0.999847
0.999946
0.999984
0.999995
0.999991
0.999913
0.999075
0.991653
0.938019
0.869277
0.842207
0.797982
0.665452
0.566003
0.564881
0.639884
0.751301
0.760276
0.740093
0.725901
0.727706
0.745385
0.757644
0.757022
0.751237
0.751156
0.754236
0.746947
0.697701
0.603379
0.516419
0.420079
0.336717
0.278498
0.243116
0.224538
0.216629
0.217855
0.229133
0.257476
0.325445
0.432737
0.527165
0.579996
0.608166
0.625331
0.639257
0.654268
0.688811
0.727299
0.755667
0.781954
0.815984
0.858651
0.90259
0.939394
0.965447
0.981555
0.990638
0.995417
0.997822
0.998974
0.999488
0.999692
0.999754
0.999758
0.999738
0.999664
0.999474
0.998928
0.997351
0.996066
0.995044
0.993016
0.990597
0.989361
0.988459
0.987101
0.986364
0.98642
0.987342
0.987881
0.986235
0.974578
0.926529
0.879019
0.865518
0.86771
0.890569
0.932428
0.958074
0.972182
0.979515
0.983125
0.985384
0.98768
0.990218
0.992561
0.994264
0.995175
0.995447
0.995415
0.994992
0.994399
0.994257
0.994327
0.994991
0.996715
0.998057
0.998906
0.999415
0.999702
0.683827
0.656142
0.669704
0.759964
0.770146
0.678413
0.548974
0.492466
0.471861
0.465144
0.462883
0.462871
0.462532
0.459045
0.446386
0.425605
0.418798
0.433051
0.506164
0.753647
0.926504
0.971109
0.980379
0.981513
0.978727
0.965122
0.934312
0.914271
0.905189
0.901369
0.899649
0.897857
0.894564
0.889696
0.883926
0.879539
0.876929
0.87522
0.87428
0.873744
0.873475
0.873347
0.873302
0.873316
0.873399
0.87368
0.874222
0.874658
0.875319
0.876257
0.877096
0.878349
0.881172
0.889562
0.907143
0.917812
0.921139
0.921454
0.921719
0.923437
0.931862
0.958483
0.981426
0.992433
0.997131
0.99895
0.999614
0.999853
0.999943
0.999976
0.999991
0.999998
0.999998
0.999981
0.999752
0.997455
0.976672
0.89005
0.845385
0.817898
0.736643
0.603449
0.570787
0.594321
0.700502
0.74723
0.742347
0.725286
0.723329
0.73426
0.753479
0.755667
0.751646
0.747534
0.747801
0.739528
0.691257
0.564239
0.451866
0.356771
0.285114
0.240206
0.216453
0.205505
0.202575
0.204313
0.212299
0.233516
0.286144
0.407112
0.523049
0.60044
0.631275
0.638087
0.642523
0.649184
0.664392
0.708781
0.745304
0.771616
0.803545
0.845957
0.892307
0.932827
0.962106
0.980356
0.990395
0.995486
0.997966
0.999102
0.999581
0.999757
0.999796
0.999791
0.999758
0.999664
0.999446
0.998934
0.997392
0.995365
0.99416
0.992886
0.990902
0.989191
0.988416
0.987706
0.986289
0.985328
0.985334
0.98586
0.985618
0.981637
0.958619
0.904996
0.881186
0.879383
0.891069
0.929104
0.957289
0.972395
0.980643
0.98492
0.987091
0.988771
0.990751
0.992931
0.994842
0.996136
0.99676
0.996909
0.996858
0.996523
0.996248
0.996217
0.996315
0.996938
0.998103
0.998908
0.999403
0.999688
0.678348
0.651474
0.666719
0.754094
0.784895
0.734053
0.62724
0.543186
0.491711
0.475606
0.469239
0.466814
0.465293
0.460409
0.447846
0.42889
0.422491
0.434235
0.502713
0.742823
0.914617
0.966226
0.978702
0.980074
0.977335
0.963238
0.935013
0.915811
0.905802
0.901074
0.899032
0.89761
0.894793
0.890561
0.885306
0.88089
0.877946
0.876017
0.874837
0.874148
0.873763
0.873535
0.8735
0.873537
0.873661
0.873946
0.874693
0.875317
0.875875
0.877032
0.878227
0.879457
0.881838
0.888899
0.906288
0.917959
0.922118
0.923062
0.923957
0.926919
0.938676
0.967271
0.98529
0.99414
0.997906
0.999308
0.999779
0.999929
0.999976
0.999992
0.999997
0.999999
0.999999
0.999996
0.999936
0.999216
0.991902
0.930888
0.848346
0.822611
0.776917
0.65852
0.587823
0.589321
0.643143
0.72488
0.737313
0.727138
0.720215
0.724493
0.744623
0.753404
0.752115
0.747289
0.744192
0.736315
0.696507
0.573208
0.452171
0.354373
0.283357
0.23943
0.215498
0.204134
0.20158
0.202949
0.209945
0.230002
0.280616
0.401198
0.541712
0.631008
0.660325
0.661796
0.655237
0.652415
0.65744
0.689178
0.735904
0.764925
0.795452
0.837718
0.885729
0.929018
0.960421
0.979846
0.990389
0.995712
0.998181
0.999255
0.999671
0.999795
0.99981
0.999798
0.999734
0.999546
0.999101
0.998402
0.99692
0.994852
0.993165
0.992001
0.990654
0.989184
0.9883
0.987884
0.987085
0.98558
0.984712
0.984655
0.98463
0.983223
0.97287
0.931361
0.897811
0.891652
0.897431
0.927719
0.957682
0.973623
0.982044
0.986588
0.988895
0.990225
0.991601
0.993327
0.995113
0.996552
0.997438
0.997814
0.997883
0.997835
0.997663
0.997602
0.997616
0.997757
0.998326
0.998997
0.999436
0.999698
0.669631
0.650734
0.671221
0.757302
0.795687
0.771751
0.690005
0.622186
0.543858
0.496223
0.479735
0.472151
0.467087
0.459905
0.447272
0.431529
0.427281
0.438818
0.506798
0.742473
0.904465
0.959485
0.975515
0.977707
0.975554
0.963583
0.936695
0.917986
0.907032
0.901452
0.898639
0.897266
0.895312
0.892052
0.887793
0.883478
0.880048
0.87767
0.876066
0.875109
0.874545
0.874159
0.874123
0.874189
0.874379
0.874773
0.875591
0.876324
0.876831
0.877915
0.879395
0.880993
0.884183
0.893257
0.911067
0.921236
0.924339
0.924943
0.925739
0.929341
0.945913
0.971346
0.987069
0.99494
0.998255
0.999456
0.999841
0.999954
0.999986
0.999996
0.999999
1
1
0.999999
0.999983
0.999741
0.997019
0.968038
0.864582
0.821645
0.789764
0.701902
0.61405
0.594153
0.613206
0.689839
0.726275
0.725451
0.717957
0.718569
0.732754
0.749375
0.751206
0.747826
0.744058
0.736546
0.709106
0.603166
0.469401
0.366651
0.293082
0.247355
0.22115
0.208582
0.207647
0.210744
0.222454
0.25243
0.327276
0.472225
0.589995
0.65316
0.672414
0.671654
0.659009
0.653344
0.655842
0.678758
0.730432
0.761796
0.791559
0.833557
0.882591
0.927277
0.959756
0.979742
0.99065
0.995959
0.998343
0.999339
0.999712
0.999808
0.999811
0.999769
0.999607
0.999144
0.997944
0.996645
0.995533
0.994173
0.992726
0.991523
0.990365
0.989142
0.988241
0.987836
0.9875
0.986572
0.985086
0.984473
0.984248
0.983498
0.978356
0.950875
0.913973
0.90413
0.906942
0.92941
0.959975
0.976144
0.984007
0.988188
0.990516
0.991748
0.992702
0.993927
0.995397
0.996772
0.997774
0.998332
0.998549
0.998587
0.998574
0.99856
0.998566
0.998624
0.998873
0.999276
0.999572
0.999759
0.668364
0.654201
0.684021
0.771925
0.805202
0.796986
0.745281
0.685788
0.639039
0.558655
0.508353
0.486193
0.473068
0.461674
0.448962
0.437387
0.436103
0.450076
0.526277
0.75302
0.898983
0.95469
0.972581
0.975271
0.973891
0.964656
0.939974
0.920811
0.908933
0.902331
0.898895
0.896967
0.895294
0.893269
0.890105
0.886471
0.883117
0.88051
0.878396
0.877048
0.876252
0.875624
0.87554
0.875624
0.875853
0.876341
0.877092
0.877646
0.878241
0.879683
0.881672
0.883752
0.887973
0.900029
0.916597
0.924427
0.926163
0.926308
0.92706
0.932014
0.952078
0.976535
0.990101
0.996333
0.998784
0.99963
0.999894
0.99997
0.999992
0.999998
0.999999
1
1
1
0.999996
0.999911
0.998861
0.986903
0.899799
0.823723
0.793249
0.725347
0.638122
0.604065
0.60761
0.654098
0.710773
0.721399
0.717153
0.715369
0.721351
0.741933
0.749191
0.748179
0.744665
0.737833
0.720715
0.663785
0.51878
0.40065
0.319282
0.269263
0.23731
0.22328
0.223901
0.231043
0.25228
0.301091
0.416836
0.562807
0.654599
0.687749
0.691388
0.682002
0.659894
0.652971
0.654519
0.674186
0.727856
0.760601
0.78963
0.831289
0.881268
0.926702
0.960217
0.980729
0.991471
0.996503
0.998666
0.999503
0.999773
0.999813
0.999789
0.999656
0.999256
0.998158
0.99564
0.993731
0.992843
0.99224
0.991623
0.991028
0.990215
0.989186
0.988295
0.98781
0.987576
0.987184
0.985959
0.984657
0.98422
0.983587
0.980639
0.96335
0.928094
0.916589
0.918171
0.935692
0.964412
0.979335
0.986303
0.989833
0.991938
0.993133
0.99387
0.9947
0.995808
0.996991
0.997971
0.998614
0.99895
0.999088
0.999134
0.999151
0.999171
0.999219
0.999366
0.999582
0.999749
0.999856
0.669926
0.660827
0.694517
0.783483
0.816205
0.815104
0.787639
0.744343
0.712682
0.665656
0.59909
0.538809
0.502266
0.479162
0.463176
0.453743
0.454927
0.476151
0.577692
0.773244
0.892852
0.947592
0.967909
0.972384
0.971916
0.966313
0.945854
0.92519
0.912055
0.903974
0.899597
0.897126
0.895388
0.893679
0.891432
0.889055
0.886149
0.883564
0.881573
0.879897
0.878867
0.878115
0.877762
0.877797
0.877961
0.878362
0.878863
0.879302
0.880084
0.882115
0.884563
0.887562
0.894117
0.910896
0.923675
0.927535
0.927176
0.926817
0.927855
0.935373
0.960629
0.981757
0.992631
0.997395
0.999172
0.999756
0.999932
0.999982
0.999995
0.999999
1
1
1
1
0.999999
0.99997
0.999542
0.994641
0.941492
0.835752
0.794631
0.732669
0.654459
0.611786
0.607897
0.628426
0.690673
0.714241
0.714912
0.712724
0.714872
0.730631
0.745245
0.747316
0.745795
0.741029
0.729873
0.700512
0.619409
0.47349
0.372658
0.313996
0.271694
0.257894
0.261648
0.278036
0.316608
0.40251
0.532344
0.638027
0.688208
0.701742
0.700393
0.684577
0.659734
0.650899
0.652065
0.671803
0.727329
0.760957
0.789042
0.830383
0.881584
0.928868
0.962612
0.982532
0.992656
0.99719
0.999002
0.999643
0.999796
0.999796
0.999691
0.999284
0.998195
0.995833
0.991078
0.987074
0.986177
0.986539
0.987487
0.988768
0.989243
0.989095
0.988361
0.987784
0.987537
0.987281
0.986579
0.984924
0.984187
0.983597
0.981658
0.97053
0.940006
0.928187
0.929188
0.943971
0.96943
0.982669
0.988639
0.991492
0.993216
0.994324
0.994969
0.995542
0.996327
0.997272
0.998148
0.998792
0.999184
0.999387
0.999477
0.999512
0.999535
0.999584
0.999685
0.999788
0.999871
0.999925
0.675408
0.668422
0.703338
0.79128
0.827203
0.829528
0.818788
0.792369
0.766942
0.745775
0.706333
0.6593
0.602891
0.553936
0.519263
0.502233
0.503158
0.533923
0.639481
0.787118
0.886522
0.939413
0.96205
0.968698
0.969024
0.966322
0.953721
0.930931
0.916081
0.906693
0.901003
0.897704
0.895718
0.893893
0.892373
0.890401
0.888271
0.886423
0.884383
0.882869
0.881734
0.880925
0.880441
0.880232
0.880271
0.880405
0.880673
0.881227
0.882586
0.885973
0.889132
0.893842
0.905456
0.921904
0.928945
0.929244
0.927575
0.926923
0.928832
0.940606
0.968515
0.986371
0.994799
0.998199
0.99943
0.999833
0.999954
0.999988
0.999997
0.999999
1
1
1
1
1
0.99999
0.999809
0.997698
0.973382
0.862401
0.794941
0.733485
0.662729
0.616678
0.607184
0.616321
0.665785
0.704731
0.711482
0.710585
0.711081
0.718652
0.739001
0.745447
0.745302
0.743099
0.736618
0.721173
0.684537
0.59814
0.488299
0.413813
0.349029
0.341186
0.351989
0.384335
0.436738
0.547109
0.643956
0.691069
0.707781
0.709447
0.703731
0.680935
0.654708
0.646366
0.648134
0.670734
0.732884
0.76674
0.791128
0.831772
0.884094
0.931757
0.965076
0.984165
0.993526
0.997576
0.999162
0.999705
0.999796
0.999732
0.999338
0.998025
0.994529
0.988343
0.979746
0.973113
0.973002
0.974158
0.977142
0.982223
0.986211
0.987811
0.987893
0.987639
0.987375
0.987173
0.9867
0.985158
0.984053
0.983496
0.982073
0.974422
0.949527
0.938527
0.939305
0.952098
0.974428
0.985862
0.990827
0.993068
0.994385
0.995344
0.995937
0.996357
0.996895
0.997604
0.998333
0.998928
0.999331
0.99956
0.999669
0.999717
0.999753
0.999798
0.999852
0.999901
0.999939
0.999964
0.681642
0.675675
0.708465
0.793565
0.834629
0.840528
0.838788
0.82856
0.811969
0.79715
0.779742
0.756663
0.723601
0.680874
0.64158
0.60934
0.598439
0.609396
0.68051
0.796658
0.879857
0.930154
0.955065
0.964441
0.966151
0.965369
0.959708
0.941792
0.922708
0.910909
0.903541
0.899083
0.896438
0.894434
0.89285
0.891119
0.889747
0.887951
0.886449
0.885334
0.884014
0.883242
0.882713
0.882196
0.882115
0.882217
0.882618
0.883809
0.887256
0.891781
0.895849
0.903869
0.921242
0.929999
0.931388
0.930068
0.926618
0.926444
0.930374
0.949972
0.975825
0.990081
0.996483
0.998874
0.999662
0.999904
0.999974
0.999993
0.999998
1
1
1
1
1
1
0.999997
0.999921
0.998944
0.98848
0.900761
0.795409
0.731772
0.664644
0.618434
0.605722
0.609566
0.643825
0.69238
0.706922
0.707789
0.708001
0.711459
0.727767
0.741406
0.744153
0.743412
0.740455
0.732574
0.715302
0.677039
0.606846
0.553555
0.496625
0.492977
0.503642
0.530174
0.58672
0.65322
0.694378
0.712016
0.715792
0.712975
0.701698
0.669401
0.646429
0.640937
0.644709
0.674976
0.740958
0.773102
0.794545
0.832907
0.885168
0.933572
0.967123
0.985748
0.994493
0.998088
0.999396
0.999748
0.999756
0.999496
0.998201
0.994073
0.983235
0.969344
0.956487
0.950694
0.951006
0.953205
0.958458
0.968365
0.978328
0.98427
0.986463
0.986817
0.986797
0.986727
0.986462
0.98524
0.983832
0.983268
0.982135
0.976587
0.956746
0.947509
0.948329
0.959897
0.979164
0.988764
0.992765
0.994476
0.995446
0.99621
0.996758
0.997094
0.997449
0.997949
0.998527
0.999047
0.999425
0.999654
0.999774
0.999834
0.999872
0.999903
0.999932
0.999955
0.999973
0.999984
0.686427
0.683734
0.715644
0.792528
0.838105
0.848896
0.850916
0.850391
0.845809
0.836799
0.827288
0.81886
0.804417
0.775495
0.746563
0.713426
0.689972
0.687052
0.71425
0.797525
0.870957
0.920433
0.948647
0.960674
0.963823
0.96377
0.961782
0.954452
0.935651
0.918611
0.908203
0.901916
0.897996
0.895537
0.893622
0.891958
0.89047
0.889089
0.887886
0.886498
0.885666
0.884975
0.884122
0.883867
0.883959
0.884395
0.885701
0.889287
0.895246
0.899708
0.906302
0.921713
0.931143
0.933296
0.932358
0.928107
0.924829
0.925736
0.934159
0.961963
0.984021
0.993837
0.997741
0.999249
0.999771
0.999935
0.999983
0.999996
0.999999
1
1
1
1
1
1
0.999999
0.999969
0.99949
0.99451
0.94552
0.802641
0.727416
0.664117
0.618674
0.602914
0.604019
0.625175
0.678808
0.701444
0.705218
0.705398
0.706779
0.715587
0.734947
0.742
0.74278
0.74174
0.738148
0.729808
0.713488
0.677312
0.649018
0.612239
0.609905
0.616655
0.633458
0.669927
0.701016
0.716523
0.720858
0.719437
0.713172
0.690205
0.655667
0.638612
0.636253
0.643028
0.683841
0.750657
0.781341
0.799666
0.837261
0.889911
0.937095
0.969265
0.986935
0.995087
0.998364
0.999499
0.999751
0.99966
0.998778
0.994896
0.983159
0.958949
0.943489
0.938162
0.936886
0.937146
0.938293
0.940973
0.94735
0.962842
0.976329
0.982644
0.984676
0.985424
0.985755
0.985716
0.985004
0.983461
0.982891
0.981984
0.977801
0.962263
0.955227
0.956272
0.967214
0.983494
0.991293
0.994411
0.995676
0.996378
0.996952
0.997431
0.997731
0.997958
0.998287
0.998722
0.999155
0.999493
0.99971
0.999831
0.999895
0.99993
0.999952
0.999968
0.99998
0.999988
0.999993
0.691593
0.692151
0.721053
0.787176
0.836744
0.851744
0.85782
0.86059
0.86142
0.861379
0.859232
0.856337
0.851853
0.838876
0.821022
0.798163
0.771776
0.756258
0.760576
0.801056
0.860521
0.906578
0.93811
0.955152
0.961208
0.962201
0.961481
0.958691
0.951097
0.934427
0.917499
0.907642
0.901451
0.897811
0.895203
0.893299
0.891656
0.890288
0.88897
0.887998
0.887089
0.886215
0.886053
0.886208
0.886816
0.888481
0.892785
0.89965
0.905068
0.911189
0.924978
0.932985
0.935116
0.934415
0.93084
0.923878
0.92329
0.926481
0.943992
0.972767
0.988631
0.995982
0.99878
0.999644
0.9999
0.999973
0.999993
0.999998
1
1
1
1
1
1
1
1
0.999989
0.999748
0.997094
0.973308
0.837774
0.723931
0.662097
0.617926
0.59927
0.598698
0.611536
0.661301
0.693979
0.702132
0.702978
0.703663
0.70789
0.724371
0.737635
0.741361
0.741305
0.740077
0.736592
0.729034
0.711803
0.698556
0.678961
0.677864
0.681556
0.692194
0.710254
0.721388
0.725065
0.724213
0.720256
0.706628
0.670222
0.641612
0.631081
0.630983
0.643492
0.700106
0.763266
0.79083
0.807104
0.841989
0.896551
0.94298
0.972728
0.988514
0.995726
0.998615
0.999596
0.999714
0.999372
0.996853
0.986292
0.957466
0.939474
0.93508
0.934189
0.934219
0.934472
0.935229
0.936579
0.938858
0.945
0.961578
0.974222
0.979761
0.982395
0.983813
0.984181
0.983913
0.982722
0.982246
0.981617
0.978475
0.966546
0.961749
0.963138
0.973826
0.987245
0.993388
0.995749
0.996659
0.997161
0.99759
0.997976
0.998249
0.998405
0.998603
0.998914
0.999261
0.999551
0.999749
0.999864
0.999925
0.999957
0.999974
0.999984
0.99999
0.999994
0.999997
0.698871
0.700473
0.722362
0.769829
0.827483
0.848068
0.855531
0.859157
0.862949
0.868101
0.870304
0.871409
0.871981
0.87144
0.864343
0.854481
0.838071
0.81821
0.809937
0.81712
0.850005
0.890061
0.922173
0.944508
0.956297
0.960067
0.960452
0.959432
0.956567
0.949576
0.935738
0.92087
0.909603
0.903062
0.89885
0.8961
0.894042
0.892386
0.891143
0.890131
0.889291
0.889222
0.889503
0.890499
0.892825
0.898529
0.906522
0.911771
0.91894
0.930262
0.935499
0.936863
0.936222
0.933277
0.924366
0.921336
0.922414
0.930758
0.958857
0.982574
0.993485
0.997778
0.999292
0.999792
0.999942
0.999985
0.999996
0.999999
1
1
1
1
1
1
1
1
0.999996
0.999888
0.998394
0.98511
0.888911
0.728713
0.657203
0.614745
0.595161
0.5934
0.601512
0.643659
0.684949
0.698277
0.70036
0.700733
0.702574
0.711277
0.730694
0.738522
0.74034
0.740017
0.738927
0.735882
0.728803
0.721285
0.712357
0.712178
0.714113
0.719948
0.726255
0.728309
0.727641
0.724867
0.71538
0.687074
0.650003
0.629158
0.623995
0.627482
0.650188
0.721424
0.775536
0.798438
0.813619
0.847172
0.902442
0.948604
0.977001
0.991045
0.996943
0.999127
0.99971
0.999678
0.998698
0.99219
0.966127
0.938809
0.934022
0.933737
0.934006
0.934219
0.934474
0.93502
0.936188
0.937371
0.939957
0.948427
0.961824
0.970258
0.976175
0.98019
0.981545
0.981545
0.981093
0.980908
0.980759
0.978625
0.969972
0.967202
0.969027
0.979592
0.990357
0.995064
0.996809
0.997451
0.997806
0.998126
0.998425
0.998652
0.99878
0.998886
0.999095
0.999364
0.999607
0.99978
0.999885
0.999941
0.999969
0.999984
0.999991
0.999995
0.999997
0.999998
0.70799
0.708894
0.722874
0.745658
0.784221
0.8148
0.835588
0.849191
0.85882
0.872063
0.877237
0.877208
0.873953
0.876981
0.87962
0.879357
0.875301
0.865624
0.853614
0.847424
0.855615
0.879367
0.907731
0.930562
0.946538
0.955622
0.958509
0.958566
0.957566
0.954992
0.948834
0.939076
0.927796
0.916914
0.90849
0.903286
0.899748
0.897446
0.895819
0.894956
0.895036
0.89568
0.897437
0.901722
0.908734
0.916406
0.92146
0.929855
0.935485
0.938327
0.938455
0.937764
0.934858
0.925528
0.920564
0.920586
0.924214
0.94292
0.973266
0.989598
0.99644
0.998846
0.999644
0.999893
0.999968
0.999991
0.999998
0.999999
1
1
1
1
1
1
1
1
0.999999
0.999954
0.999218
0.991607
0.933546
0.752395
0.651937
0.608108
0.590219
0.58815
0.593573
0.627262
0.6746
0.693411
0.697412
0.697887
0.698716
0.702854
0.718461
0.732832
0.738197
0.739377
0.73905
0.738011
0.735984
0.732115
0.727704
0.727455
0.72823
0.730325
0.730683
0.730086
0.727693
0.7201
0.699354
0.661054
0.631909
0.619207
0.618517
0.626472
0.667457
0.74583
0.789914
0.807416
0.821933
0.85633
0.910531
0.954139
0.980346
0.992875
0.997821
0.999416
0.999739
0.999541
0.997131
0.981865
0.942173
0.933014
0.933321
0.93493
0.936849
0.937025
0.936666
0.936212
0.936371
0.937239
0.939003
0.943583
0.951885
0.959704
0.967625
0.974259
0.977639
0.978543
0.978852
0.979662
0.979842
0.978422
0.972801
0.971745
0.974059
0.984414
0.992849
0.996369
0.997629
0.998071
0.998319
0.998559
0.998789
0.998966
0.999071
0.999137
0.999257
0.999459
0.999659
0.999807
0.9999
0.99995
0.999976
0.999988
0.999994
0.999997
0.999998
0.999999
0.722896
0.728746
0.737425
0.739099
0.758474
0.793674
0.825621
0.857762
0.893325
0.92555
0.940967
0.930817
0.89794
0.874482
0.875657
0.883245
0.886919
0.886683
0.883238
0.876093
0.872212
0.880566
0.899001
0.918536
0.93531
0.947054
0.954368
0.956733
0.956735
0.955858
0.953751
0.949482
0.942269
0.935201
0.927809
0.920955
0.915407
0.911776
0.909428
0.909558
0.910608
0.913529
0.917714
0.923699
0.928323
0.933654
0.937288
0.939599
0.940279
0.939955
0.938956
0.935842
0.926367
0.920371
0.919622
0.921241
0.931018
0.961175
0.984273
0.99413
0.997955
0.999334
0.999796
0.999942
0.999984
0.999996
0.999999
1
1
1
1
1
1
1
1
1
1
0.999981
0.999591
0.995285
0.960421
0.796358
0.656359
0.602496
0.585319
0.583458
0.587277
0.612118
0.662258
0.686794
0.693799
0.694892
0.695317
0.697119
0.70414
0.722624
0.733623
0.737518
0.738341
0.737971
0.737275
0.735862
0.73392
0.733209
0.732996
0.732602
0.731711
0.72917
0.72216
0.705741
0.670976
0.636983
0.616576
0.611923
0.615349
0.632795
0.696135
0.767211
0.802594
0.816493
0.83119
0.868089
0.921604
0.9615
0.984069
0.994312
0.998253
0.999543
0.999734
0.999212
0.993868
0.961243
0.932476
0.931983
0.935518
0.941901
0.94371
0.943044
0.94077
0.938432
0.937673
0.937764
0.939023
0.942701
0.946915
0.951961
0.959644
0.967897
0.973122
0.97497
0.976003
0.978358
0.979125
0.978319
0.975514
0.975399
0.978417
0.988524
0.994865
0.997387
0.998259
0.998551
0.998726
0.998908
0.999082
0.999214
0.999293
0.999338
0.999402
0.999544
0.999706
0.999832
0.999912
0.999957
0.99998
0.999991
0.999996
0.999998
0.999999
0.999999
0.94022
0.838902
0.81124
0.816487
0.830915
0.830838
0.841961
0.886017
0.946336
0.97647
0.988938
0.99253
0.985137
0.930155
0.875299
0.871179
0.882206
0.889086
0.892258
0.893174
0.891519
0.890449
0.898094
0.911795
0.92574
0.938041
0.946985
0.953065
0.955009
0.95502
0.954294
0.952677
0.949667
0.946103
0.941093
0.937547
0.933529
0.930878
0.929628
0.929858
0.930767
0.932859
0.935705
0.938268
0.940254
0.941768
0.942087
0.941821
0.941157
0.939701
0.93586
0.926286
0.920619
0.91919
0.920031
0.926075
0.948755
0.977472
0.991548
0.997133
0.999056
0.9997
0.999908
0.999973
0.999992
0.999998
0.999999
1
1
1
1
1
1
1
1
1
1
0.999993
0.999808
0.997382
0.976442
0.849004
0.671707
0.599756
0.57984
0.578138
0.581392
0.600596
0.650058
0.679947
0.690343
0.692215
0.692536
0.693074
0.69568
0.704394
0.723829
0.732626
0.735901
0.736799
0.736654
0.736152
0.735057
0.734191
0.733476
0.732149
0.729139
0.721902
0.70628
0.678
0.641073
0.615101
0.60754
0.60885
0.617126
0.651906
0.734173
0.788479
0.814174
0.825588
0.841653
0.88239
0.933358
0.968344
0.987033
0.99541
0.99864
0.999654
0.999695
0.99853
0.987139
0.938259
0.92822
0.933001
0.946374
0.952805
0.952335
0.94997
0.944659
0.940019
0.938127
0.938055
0.938971
0.942562
0.94535
0.948089
0.954171
0.962568
0.96838
0.970655
0.97263
0.976399
0.978605
0.978554
0.977881
0.978262
0.983401
0.992234
0.996563
0.998214
0.998768
0.998951
0.999072
0.999205
0.999328
0.999418
0.999471
0.999501
0.999536
0.999622
0.999751
0.999855
0.999924
0.999963
0.999983
0.999992
0.999996
0.999998
0.999999
1
0.999138
0.9966
0.994666
0.992997
0.989913
0.979333
0.965618
0.966821
0.972852
0.982836
0.991175
0.996696
0.998535
0.997745
0.976229
0.899173
0.873518
0.872689
0.880906
0.892032
0.897464
0.900208
0.903178
0.911522
0.92076
0.930179
0.938703
0.94537
0.950383
0.952779
0.953214
0.952617
0.95153
0.950013
0.947531
0.946143
0.94401
0.942498
0.941851
0.94191
0.942183
0.942861
0.943649
0.943989
0.943979
0.943752
0.943112
0.941972
0.939612
0.934726
0.92563
0.921218
0.919429
0.920125
0.924695
0.940421
0.973057
0.989504
0.996141
0.998649
0.999548
0.999855
0.999955
0.999987
0.999996
0.999999
1
1
1
1
1
1
1
1
1
1
1
0.999998
0.999923
0.998708
0.98689
0.903767
0.701612
0.603498
0.573994
0.57101
0.574248
0.592678
0.642581
0.675167
0.68778
0.690347
0.689921
0.690045
0.690721
0.693877
0.702729
0.72018
0.728594
0.732319
0.733704
0.733681
0.733251
0.732282
0.730272
0.726208
0.717823
0.699499
0.678907
0.640692
0.613506
0.604099
0.604284
0.608793
0.629774
0.6975
0.772512
0.811312
0.825939
0.834926
0.853791
0.900832
0.947352
0.976856
0.991396
0.997229
0.999268
0.999779
0.999657
0.997147
0.973638
0.925029
0.926792
0.944003
0.961887
0.963157
0.961675
0.956065
0.94782
0.941425
0.938078
0.937428
0.938075
0.941508
0.944841
0.947051
0.95125
0.957878
0.964068
0.967106
0.96961
0.974567
0.978129
0.978972
0.979286
0.981489
0.989019
0.995083
0.997825
0.998828
0.999157
0.999264
0.999346
0.999438
0.999519
0.999575
0.999607
0.999624
0.999644
0.999689
0.999788
0.999875
0.999933
0.999967
0.999985
0.999993
0.999997
0.999999
0.999999
1
0.999991
0.999957
0.999906
0.999837
0.999702
0.999328
0.998192
0.997879
0.998139
0.998765
0.99927
0.999608
0.999788
0.999816
0.999775
0.999611
0.999019
0.988056
0.926993
0.899796
0.898157
0.899653
0.904703
0.911553
0.919247
0.92634
0.932994
0.938567
0.943266
0.946908
0.949131
0.95075
0.950704
0.950271
0.949252
0.948718
0.947786
0.94702
0.946552
0.946366
0.946175
0.946042
0.945713
0.945197
0.944636
0.943581
0.941439
0.937403
0.929788
0.924488
0.921699
0.920497
0.921618
0.926677
0.940427
0.972081
0.988397
0.995454
0.998315
0.999406
0.9998
0.999936
0.99998
0.999994
0.999998
1
1
1
1
1
1
1
1
1
1
1
1
0.999999
0.999972
0.999408
0.993146
0.944807
0.75336
0.615694
0.570733
0.563423
0.56598
0.583897
0.636205
0.671862
0.686006
0.689139
0.688853
0.686841
0.68675
0.687635
0.690457
0.696789
0.707915
0.717014
0.722682
0.723486
0.722681
0.720129
0.715046
0.704725
0.686894
0.670872
0.63579
0.610862
0.601068
0.600742
0.603606
0.618337
0.668875
0.755198
0.807816
0.830518
0.83839
0.847656
0.871364
0.921585
0.961367
0.984041
0.994377
0.998336
0.999595
0.999829
0.999491
0.994608
0.949493
0.917422
0.927546
0.961808
0.971858
0.97225
0.970448
0.964214
0.954381
0.945299
0.939204
0.93695
0.936935
0.938802
0.943534
0.946492
0.950217
0.956417
0.962099
0.964544
0.967157
0.973567
0.977972
0.979236
0.980893
0.986217
0.992958
0.996946
0.998649
0.99924
0.999427
0.999487
0.99954
0.999602
0.999651
0.999683
0.999698
0.999707
0.999717
0.999743
0.999815
0.999891
0.999941
0.999971
0.999986
0.999994
0.999997
0.999999
1
1
1
1
0.999999
0.999997
0.999994
0.999986
0.999952
0.999943
0.999952
0.999966
0.999976
0.999984
0.99999
0.999991
0.99999
0.999979
0.999916
0.998914
0.991869
0.95777
0.914078
0.903393
0.903931
0.907056
0.915284
0.922921
0.92945
0.934941
0.939346
0.942916
0.945275
0.947197
0.948416
0.949042
0.948895
0.948639
0.948146
0.947805
0.947341
0.947035
0.946634
0.946263
0.945426
0.944271
0.941894
0.937782
0.930724
0.925815
0.924028
0.922474
0.923185
0.925924
0.933069
0.949828
0.975925
0.98929
0.995525
0.998235
0.99934
0.999766
0.99992
0.999974
0.999992
0.999998
0.999999
1
1
1
1
1
1
1
1
1
1
1
1
1
0.999991
0.999772
0.996735
0.970628
0.821713
0.640628
0.574314
0.558427
0.55903
0.572555
0.623203
0.665688
0.683604
0.688088
0.688069
0.68553
0.682909
0.681519
0.681827
0.683043
0.686479
0.688644
0.693619
0.693725
0.692295
0.688656
0.680499
0.670717
0.658807
0.630106
0.607764
0.598457
0.597878
0.600086
0.612039
0.650845
0.742898
0.806866
0.836078
0.846254
0.852349
0.86475
0.899264
0.944174
0.974322
0.990124
0.996707
0.999035
0.999764
0.999846
0.999179
0.990364
0.933536
0.909371
0.938114
0.970408
0.976724
0.9765
0.974602
0.971412
0.96534
0.953908
0.943562
0.937839
0.936497
0.936999
0.940516
0.945567
0.950145
0.955778
0.95937
0.961309
0.965727
0.973582
0.977982
0.979886
0.984002
0.990466
0.995528
0.998142
0.999174
0.99951
0.99961
0.999643
0.999676
0.999716
0.999743
0.999754
0.999759
0.999761
0.999766
0.999782
0.999839
0.999906
0.999949
0.999974
0.999988
0.999995
0.999998
0.999999
1
1
1
1
1
1
1
1
0.999999
0.999999
1
1
1
1
1
1
1
0.999999
0.999994
0.999899
0.999058
0.994328
0.977851
0.934357
0.91242
0.908668
0.909489
0.912344
0.918889
0.926632
0.933121
0.937852
0.941063
0.943548
0.945198
0.946296
0.946988
0.947092
0.946991
0.946773
0.946318
0.945864
0.945013
0.943239
0.938997
0.934426
0.927996
0.925147
0.923373
0.923574
0.925308
0.929293
0.937559
0.948342
0.969344
0.984147
0.992333
0.996522
0.998516
0.999404
0.999774
0.999918
0.999972
0.999991
0.999997
0.999999
1
1
1
1
1
1
1
1
1
1
1
1
1
1
0.999998
0.999927
0.998638
0.98576
0.897053
0.683431
0.584389
0.558602
0.556186
0.564113
0.605058
0.654575
0.678584
0.686162
0.686815
0.685191
0.680096
0.676544
0.674194
0.672664
0.671702
0.670823
0.670309
0.669181
0.667411
0.66404
0.658925
0.648784
0.623597
0.604055
0.596067
0.595483
0.597677
0.609046
0.644392
0.735131
0.810445
0.846468
0.858556
0.862761
0.869905
0.88826
0.931759
0.966598
0.985948
0.994627
0.998131
0.999445
0.999857
0.99985
0.998671
0.983909
0.911953
0.900259
0.946207
0.97466
0.978816
0.977939
0.975756
0.973406
0.97003
0.963984
0.952065
0.94157
0.937108
0.936746
0.938141
0.943264
0.948996
0.953481
0.956172
0.95932
0.96589
0.973896
0.978184
0.98178
0.987849
0.99366
0.997258
0.998903
0.999504
0.999684
0.999734
0.99975
0.999772
0.999794
0.999802
0.999801
0.999797
0.999798
0.9998
0.999815
0.999866
0.999921
0.999957
0.999979
0.99999
0.999995
0.999998
0.999999
1
1
1
1
1
1
1
1
1
1
1
1
1
1
1
1
1
1
1
0.999992
0.999903
0.99931
0.996654
0.988154
0.964726
0.93201
0.917085
0.913629
0.913933
0.915197
0.918014
0.922554
0.926992
0.931121
0.933741
0.936203
0.937746
0.937815
0.937561
0.936627
0.935185
0.932521
0.928164
0.92535
0.922018
0.921135
0.921732
0.923593
0.927873
0.935098
0.949816
0.961982
0.976501
0.985991
0.992075
0.99579
0.997906
0.999025
0.999574
0.999825
0.999932
0.999975
0.999991
0.999997
0.999999
1
1
1
1
1
1
1
1
1
1
1
1
1
1
1
0.999999
0.99998
0.999553
0.993787
0.949757
0.762243
0.609163
0.562734
0.556517
0.561492
0.592545
0.642796
0.67075
0.681737
0.68397
0.683461
0.679507
0.67342
0.668856
0.665502
0.662914
0.661437
0.660662
0.659446
0.656407
0.650394
0.636549
0.614386
0.599591
0.593925
0.593707
0.596389
0.608664
0.644529
0.73612
0.819085
0.860036
0.8741
0.878406
0.883847
0.896178
0.928573
0.963874
0.984068
0.993435
0.997517
0.999149
0.999749
0.999917
0.999835
0.997958
0.975453
0.895795
0.890371
0.949212
0.977574
0.979889
0.978522
0.976334
0.974281
0.971366
0.96769
0.961701
0.949753
0.940308
0.937793
0.938514
0.942448
0.94806
0.952358
0.955287
0.959293
0.966862
0.974632
0.979251
0.985208
0.991495
0.996031
0.998399
0.999374
0.999705
0.999795
0.999817
0.999827
0.999838
0.999842
0.999838
0.999828
0.999825
0.999825
0.999829
0.999844
0.999892
0.999937
0.999966
0.999983
0.999992
0.999996
0.999998
0.999999
1
1
1
1
1
1
1
1
1
1
1
1
1
1
1
1
1
1
1
0.999999
0.999992
0.999929
0.999588
0.998282
0.99426
0.984908
0.965266
0.939747
0.926314
0.919926
0.918648
0.918852
0.919404
0.920589
0.921647
0.92261
0.923403
0.923497
0.92342
0.92313
0.922144
0.921602
0.921906
0.92304
0.925752
0.932184
0.943345
0.955452
0.969314
0.979921
0.98709
0.991827
0.994932
0.996953
0.998249
0.999049
0.999515
0.999768
0.999896
0.999956
0.999983
0.999994
0.999998
0.999999
1
1
1
1
1
1
1
1
1
1
1
1
1
1
1
1
1
0.999996
0.999884
0.997994
0.978155
0.86047
0.664974
0.579153
0.560797
0.563448
0.589031
0.635499
0.663909
0.676696
0.680326
0.680382
0.678614
0.67249
0.66652
0.662248
0.659813
0.6585
0.656188
0.650786
0.641382
0.624441
0.606676
0.595975
0.592296
0.592527
0.596536
0.611722
0.651386
0.748338
0.832894
0.876239
0.893413
0.900199
0.905439
0.915931
0.941023
0.969047
0.984617
0.992839
0.996915
0.998786
0.999568
0.999868
0.99994
0.99978
0.997052
0.966773
0.876216
0.874539
0.94969
0.978808
0.980765
0.979035
0.977271
0.975102
0.972107
0.968862
0.964939
0.959683
0.948754
0.941444
0.94054
0.943044
0.948404
0.9525
0.955422
0.960116
0.968711
0.976075
0.982432
0.989214
0.994556
0.997687
0.999115
0.999654
0.999824
0.999866
0.999874
0.999876
0.999874
0.999866
0.999854
0.999847
0.999846
0.999846
0.99985
0.999869
0.999915
0.999952
0.999975
0.999987
0.999994
0.999997
0.999999
0.999999
1
1
1
1
1
1
1
1
1
1
1
1
1
1
1
1
1
1
1
1
0.999999
0.999994
0.99996
0.999804
0.999256
0.997722
0.993361
0.987245
0.974951
0.959981
0.947139
0.93735
0.932039
0.929308
0.927984
0.927994
0.928236
0.928742
0.929716
0.931205
0.934505
0.940727
0.948134
0.958463
0.969973
0.979202
0.986038
0.990853
0.994111
0.996253
0.997635
0.998517
0.999081
0.999442
0.999674
0.999819
0.999905
0.999953
0.999979
0.999991
0.999996
0.999999
0.999999
1
1
1
1
1
1
1
1
1
1
1
1
1
1
1
1
1
1
0.999999
0.999976
0.999504
0.99337
0.942384
0.757035
0.624934
0.578516
0.574376
0.591352
0.634344
0.661305
0.674054
0.678406
0.678933
0.678037
0.673
0.66596
0.661208
0.658299
0.653547
0.643609
0.630289
0.614379
0.600894
0.59334
0.591628
0.592835
0.599447
0.620164
0.668555
0.774652
0.853202
0.893731
0.915657
0.92739
0.937478
0.946442
0.965346
0.978905
0.987955
0.993626
0.996875
0.99859
0.999418
0.999782
0.999926
0.999951
0.999697
0.995994
0.957891
0.855591
0.84897
0.945332
0.979108
0.982415
0.980643
0.979629
0.977143
0.973453
0.969667
0.965979
0.962759
0.958315
0.950765
0.946164
0.946233
0.949792
0.95325
0.956277
0.962541
0.971816
0.979596
0.986995
0.992998
0.996836
0.998751
0.999536
0.999811
0.999891
0.999907
0.999907
0.999899
0.999886
0.999872
0.999862
0.999857
0.999856
0.999857
0.999865
0.999897
0.999938
0.999965
0.999982
0.999991
0.999996
0.999998
0.999999
0.999999
0.999999
0.999999
1
1
1
1
1
1
1
1
1
1
1
1
1
1
1
1
1
1
1
1
0.999997
0.999983
0.999925
0.999738
0.999185
0.997933
0.995911
0.991683
0.986437
0.981212
0.975807
0.970961
0.966687
0.965817
0.966086
0.967126
0.969544
0.973483
0.978582
0.983606
0.988047
0.991639
0.99435
0.996297
0.997635
0.99852
0.999084
0.999434
0.999649
0.999781
0.999864
0.999916
0.99995
0.999972
0.999985
0.999992
0.999996
0.999998
0.999999
1
1
1
1
1
1
1
1
1
1
1
1
1
1
1
1
1
1
1
1
1
0.999996
0.999901
0.998422
0.983724
0.888953
0.701566
0.622769
0.605819
0.608628
0.634934
0.661301
0.673725
0.678086
0.678721
0.677962
0.673315
0.665047
0.657726
0.64732
0.633615
0.620307
0.607172
0.597367
0.593861
0.594132
0.59743
0.608785
0.637771
0.704784
0.811662
0.879452
0.914684
0.940405
0.960621
0.971464
0.978619
0.984116
0.988766
0.992588
0.995493
0.997478
0.998695
0.999378
0.999726
0.999886
0.999952
0.999955
0.999588
0.99485
0.951197
0.832941
0.814307
0.927951
0.97855
0.984862
0.984032
0.983946
0.981314
0.976882
0.97169
0.967075
0.963774
0.960944
0.957303
0.953803
0.952665
0.953292
0.954971
0.958693
0.967603
0.977061
0.985074
0.991587
0.995973
0.998333
0.999373
0.999765
0.999893
0.999926
0.999929
0.999921
0.999904
0.999887
0.999872
0.999862
0.999859
0.999859
0.999864
0.999886
0.999926
0.999955
0.999975
0.999987
0.999993
0.999996
0.999998
0.999999
0.999999
0.999999
0.999999
1
1
1
1
1
1
1
1
1
1
1
1
1
1
1
1
1
1
1
1
1
0.999999
0.999994
0.999977
0.999922
0.99978
0.999503
0.998853
0.99782
0.996409
0.995226
0.993834
0.992545
0.992362
0.992473
0.992869
0.993768
0.995067
0.996305
0.997374
0.998221
0.99884
0.999263
0.999542
0.99972
0.999832
0.999899
0.999939
0.999963
0.999977
0.999985
0.999991
0.999994
0.999997
0.999998
0.999999
1
1
1
1
1
1
1
1
1
1
1
1
1
1
1
1
1
1
1
1
1
1
1
1
0.999999
0.999984
0.999696
0.996247
0.971393
0.854967
0.701098
0.645112
0.638076
0.64478
0.663666
0.674663
0.678501
0.678871
0.677393
0.669398
0.654784
0.640799
0.628172
0.617229
0.607189
0.601066
0.600364
0.602056
0.609674
0.630035
0.672043
0.766527
0.857238
0.909566
0.941097
0.966427
0.980783
0.988188
0.99182
0.993799
0.995216
0.996448
0.997527
0.998408
0.999052
0.999476
0.999731
0.999868
0.999934
0.999961
0.999956
0.999532
0.994444
0.949318
0.826875
0.802375
0.893958
0.975347
0.985597
0.988068
0.989343
0.987019
0.982764
0.976778
0.970645
0.965454
0.962027
0.959243
0.95696
0.955738
0.956071
0.958447
0.965309
0.975391
0.983917
0.990635
0.995288
0.997947
0.9992
0.999703
0.999879
0.999932
0.999942
0.999938
0.999922
0.999903
0.999884
0.999867
0.999857
0.999855
0.999856
0.99987
0.999908
0.999942
0.999965
0.99998
0.999989
0.999994
0.999996
0.999998
0.999998
0.999998
0.999998
0.999998
1
1
1
1
1
1
1
1
1
1
1
1
1
1
1
1
1
1
1
1
1
1
1
0.999998
0.999994
0.999983
0.999956
0.999893
0.99976
0.999538
0.999376
0.999105
0.99888
0.998861
0.998889
0.998979
0.999192
0.99942
0.999599
0.999735
0.999831
0.999896
0.999938
0.999963
0.999978
0.999988
0.999993
0.999996
0.999998
0.999998
0.999999
0.999999
1
1
1
1
1
1
1
1
1
1
1
1
1
1
1
1
1
1
1
1
1
1
1
1
1
1
1
1
1
0.999998
0.999951
0.999304
0.993805
0.964494
0.864676
0.730792
0.682869
0.670341
0.674113
0.679899
0.681548
0.680804
0.674719
0.660573
0.64701
0.634704
0.623879
0.616
0.613237
0.614234
0.620158
0.636944
0.677988
0.761871
0.851226
0.909097
0.944264
0.967735
0.982258
0.990437
0.994696
0.996764
0.99774
0.998247
0.998603
0.998924
0.999217
0.999466
0.999655
0.999789
0.999877
0.999927
0.999953
0.999963
0.999953
0.999525
0.994537
0.951096
0.828184
0.800206
0.844709
0.965824
0.985518
0.989526
0.992581
0.992002
0.98921
0.984516
0.978361
0.971784
0.966545
0.962986
0.961146
0.96044
0.962157
0.967642
0.976191
0.984101
0.990479
0.994989
0.997699
0.99906
0.999642
0.999859
0.99993
0.999948
0.999948
0.99994
0.999918
0.999894
0.999869
0.999848
0.999837
0.999835
0.999842
0.999874
0.999916
0.999946
0.999967
0.999981
0.999989
0.999994
0.999996
0.999996
0.999996
0.999996
0.999996
0.999996
1
1
1
1
1
1
1
1
1
1
1
1
1
1
1
1
1
1
1
1
1
1
1
1
1
0.999999
0.999997
0.999992
0.99998
0.999957
0.999942
0.999907
0.999882
0.999881
0.999886
0.999901
0.999931
0.999954
0.999971
0.999982
0.999989
0.999994
0.999996
0.999998
0.999999
0.999999
1
1
1
1
1
1
1
1
1
1
1
1
1
1
1
1
1
1
1
1
1
1
1
1
1
1
1
1
1
1
1
1
1
1
1
1
0.999993
0.999891
0.998883
0.992621
0.967018
0.895946
0.796383
0.732261
0.708223
0.699917
0.694961
0.688201
0.676901
0.66313
0.650479
0.641854
0.639194
0.640209
0.646718
0.669203
0.724299
0.793934
0.862424
0.913377
0.948233
0.970429
0.983744
0.991313
0.99542
0.997563
0.99864
0.999153
0.999391
0.99951
0.999596
0.999678
0.999756
0.999818
0.999864
0.9999
0.99993
0.999948
0.999958
0.99996
0.999946
0.999538
0.995041
0.956788
0.836355
0.80103
0.824467
0.945277
0.984383
0.989814
0.99373
0.994315
0.993351
0.991108
0.987107
0.982007
0.976896
0.973226
0.971399
0.971646
0.974835
0.980057
0.986077
0.99131
0.995205
0.997672
0.998996
0.999601
0.999841
0.999925
0.999949
0.999952
0.999949
0.999934
0.999902
0.999864
0.999823
0.999794
0.999784
0.999788
0.999824
0.999876
0.999916
0.999946
0.999967
0.99998
0.999988
0.999992
0.999994
0.999994
0.999994
0.999993
0.999993
0.999991
1
1
1
1
1
1
1
1
1
1
1
1
1
1
1
1
1
1
1
1
1
1
1
1
1
1
1
1
0.999999
0.999997
0.999996
0.999993
0.999992
0.999992
0.999992
0.999994
0.999996
0.999998
0.999999
0.999999
1
1
1
1
1
1
1
1
1
1
1
1
1
1
1
1
1
1
1
1
1
1
1
1
1
1
1
1
1
1
1
1
1
1
1
1
1
1
1
1
1
1
0.999999
0.999986
0.99984
0.998787
0.993743
0.977089
0.935296
0.879383
0.823219
0.779553
0.750044
0.728282
0.713005
0.70722
0.707274
0.712357
0.730771
0.764736
0.808113
0.85442
0.896066
0.930055
0.955642
0.973422
0.984857
0.991724
0.99562
0.997727
0.998826
0.999382
0.999656
0.999783
0.999841
0.999868
0.999887
0.999905
0.999921
0.999928
0.999929
0.999933
0.999943
0.999953
0.999955
0.999954
0.999937
0.999576
0.995838
0.965343
0.85268
0.806
0.821003
0.91549
0.981195
0.989763
0.994117
0.995545
0.995463
0.994844
0.993199
0.990271
0.987264
0.984828
0.983628
0.984061
0.986323
0.989688
0.993159
0.995991
0.997928
0.999047
0.999598
0.999833
0.999921
0.999947
0.999952
0.999951
0.999941
0.999908
0.999848
0.99978
0.999722
0.999697
0.999699
0.999737
0.999809
0.999865
0.999908
0.99994
0.999962
0.999977
0.999985
0.999988
0.999989
0.999989
0.999988
0.999987
0.999986
0.999983
1
1
1
1
1
1
1
1
1
1
1
1
1
1
1
1
1
1
1
1
1
1
1
1
1
1
1
1
1
1
1
1
1
1
1
1
1
1
1
1
1
1
1
1
1
1
1
1
1
1
1
1
1
1
1
1
1
1
1
1
1
1
1
1
1
1
1
1
1
1
1
1
1
1
1
1
1
1
1
1
1
1
1
0.999999
0.999983
0.999857
0.999159
0.996482
0.988778
0.971241
0.946069
0.919522
0.89776
0.87484
0.86871
0.870589
0.876997
0.889338
0.904584
0.923013
0.94263
0.959827
0.973388
0.983254
0.989972
0.994267
0.996853
0.998327
0.999133
0.999556
0.999772
0.99988
0.999932
0.999956
0.999966
0.99997
0.999971
0.99997
0.999967
0.999955
0.999943
0.999941
0.999943
0.999946
0.999946
0.999941
0.999919
0.99963
0.996786
0.974731
0.877388
0.817665
0.822946
0.89217
0.975407
0.989337
0.99416
0.99618
0.996891
0.997068
0.996504
0.995389
0.994066
0.992913
0.992336
0.992703
0.993914
0.995594
0.997204
0.998439
0.999224
0.999647
0.999842
0.99992
0.999945
0.999951
0.99995
0.999939
0.999901
0.999813
0.999697
0.999587
0.999529
0.999524
0.999577
0.999687
0.999772
0.999837
0.999887
0.999924
0.99995
0.999967
0.999976
0.999979
0.99998
0.999979
0.999976
0.999972
0.99997
0.999964
1
1
1
1
1
1
1
1
1
1
1
1
1
1
1
1
1
1
1
1
1
1
1
1
1
1
1
1
1
1
1
1
1
1
1
1
1
1
1
1
1
1
1
1
1
1
1
1
1
1
1
1
1
1
1
1
1
1
1
1
1
1
1
1
1
1
1
1
1
1
1
1
1
1
1
1
1
1
1
1
1
1
1
1
0.999999
0.999988
0.999922
0.999633
0.99868
0.995934
0.990979
0.983346
0.976732
0.969833
0.968258
0.968776
0.970533
0.974371
0.978972
0.984518
0.989416
0.993147
0.995775
0.997505
0.998582
0.999222
0.999585
0.999783
0.999888
0.999943
0.99997
0.999984
0.99999
0.999993
0.999993
0.999991
0.999988
0.999982
0.999972
0.999948
0.999927
0.99992
0.99992
0.999921
0.999917
0.999907
0.999886
0.999674
0.997721
0.983526
0.909676
0.838667
0.835365
0.885943
0.968231
0.988438
0.993943
0.996314
0.997367
0.998039
0.998114
0.997863
0.997496
0.997153
0.997018
0.997214
0.997745
0.998417
0.999025
0.999466
0.99973
0.999864
0.999921
0.999941
0.999947
0.999945
0.999928
0.99987
0.999723
0.999508
0.999316
0.99923
0.999232
0.999344
0.999509
0.999626
0.999715
0.999785
0.999843
0.999889
0.999924
0.999947
0.999959
0.999962
0.999963
0.99996
0.999949
0.999937
0.999932
0.99992
1
1
1
1
1
1
1
1
1
1
1
1
1
1
1
1
1
1
1
1
1
1
1
1
1
1
1
1
1
1
1
1
1
1
1
1
1
1
1
1
1
1
1
1
1
1
1
1
1
1
1
1
1
1
1
1
1
1
1
1
1
1
1
1
1
1
1
1
1
1
1
1
1
1
1
1
1
1
1
1
1
1
1
1
1
0.999999
0.999995
0.999975
0.999898
0.999635
0.999129
0.99806
0.996902
0.995564
0.995223
0.995321
0.99565
0.996333
0.997252
0.998199
0.998868
0.999318
0.999606
0.99978
0.999881
0.999937
0.999967
0.999983
0.999991
0.999995
0.999998
0.999998
0.999998
0.999998
0.999996
0.999991
0.999982
0.999963
0.999918
0.999847
0.999813
0.999812
0.999823
0.999841
0.999844
0.999843
0.999831
0.999688
0.998443
0.990114
0.943153
0.868785
0.85898
0.888179
0.963193
0.987205
0.993314
0.996284
0.997431
0.998385
0.998745
0.998888
0.998953
0.998923
0.998942
0.999052
0.999253
0.999482
0.999676
0.999809
0.999884
0.999919
0.999933
0.999938
0.999931
0.999896
0.999788
0.999516
0.999149
0.99889
0.998786
0.998795
0.998982
0.999238
0.999396
0.999503
0.999589
0.999672
0.999753
0.999824
0.99988
0.999915
0.999933
0.999937
0.999937
0.999929
0.999898
0.999861
0.999848
0.999813
1
1
1
1
1
1
1
1
1
1
1
1
1
1
1
1
1
1
1
1
1
1
1
1
1
1
1
1
1
1
1
1
1
1
1
1
1
1
1
1
1
1
1
1
1
1
1
1
1
1
1
1
1
1
1
1
1
1
1
1
1
1
1
1
1
1
1
1
1
1
1
1
1
1
1
1
1
1
1
1
1
1
1
1
1
1
1
0.999999
0.999995
0.999981
0.999948
0.999875
0.999762
0.999608
0.999564
0.999576
0.999614
0.999689
0.9998
0.999881
0.999931
0.999961
0.999979
0.999989
0.999994
0.999997
0.999998
0.999999
1
1
1
0.999999
0.999998
0.999994
0.999983
0.999955
0.999906
0.999802
0.999571
0.999458
0.999462
0.99949
0.999573
0.999658
0.999704
0.999742
0.999746
0.999661
0.998878
0.994111
0.968659
0.901919
0.888702
0.904214
0.961765
0.986022
0.992271
0.995976
0.997322
0.998404
0.998884
0.999149
0.999389
0.999477
0.999562
0.999634
0.999716
0.999791
0.999848
0.999885
0.999906
0.999918
0.999916
0.999893
0.999816
0.999602
0.999153
0.998699
0.998421
0.998306
0.998326
0.998593
0.998919
0.999074
0.999155
0.999238
0.999353
0.999492
0.999632
0.999749
0.999832
0.999881
0.999902
0.999906
0.999902
0.99988
0.999797
0.999688
0.99965
0.999542
1
1
1
1
1
1
1
1
1
1
1
1
1
1
1
1
1
1
1
1
1
1
1
1
1
1
1
1
1
1
1
1
1
1
1
1
1
1
1
1
1
1
1
1
1
1
1
1
1
1
1
1
1
1
1
1
1
1
1
1
1
1
1
1
1
1
1
1
1
1
1
1
1
1
1
1
1
1
1
1
1
1
1
1
1
1
1
1
1
0.999999
0.999998
0.999996
0.99999
0.99998
0.999977
0.999978
0.999981
0.999986
0.999992
0.999996
0.999998
0.999999
0.999999
1
1
1
1
1
1
1
0.999999
0.999996
0.999987
0.99996
0.999885
0.999723
0.999479
0.998843
0.998254
0.998245
0.998343
0.998594
0.99901
0.99928
0.999419
0.99957
0.999635
0.999593
0.999103
0.996204
0.980754
0.930023
0.918333
0.928985
0.964219
0.985038
0.991081
0.995196
0.996866
0.998097
0.99878
0.99912
0.999416
0.999541
0.999662
0.999731
0.999787
0.999825
0.999852
0.999868
0.999869
0.999849
0.99979
0.999633
0.999246
0.998676
0.998202
0.9979
0.997773
0.997809
0.998153
0.998594
0.998831
0.998915
0.998942
0.998979
0.999079
0.999314
0.999534
0.999694
0.999794
0.999845
0.999861
0.999861
0.999849
0.999786
0.99956
0.999248
0.999134
0.998796
1
1
1
1
1
1
1
1
1
1
1
1
1
1
1
1
1
1
1
1
1
1
1
1
1
1
1
1
1
1
1
1
1
1
1
1
1
1
1
1
1
1
1
1
1
1
1
1
1
1
1
1
1
1
1
1
1
1
1
1
1
1
1
1
1
1
1
1
1
1
1
1
1
1
1
1
1
1
1
1
1
1
1
1
1
1
1
1
1
1
1
1
1
0.999999
0.999999
0.999999
1
1
1
1
1
1
1
1
1
1
1
1
0.999999
0.999997
0.99999
0.999967
0.999898
0.999719
0.999224
0.998491
0.997221
0.99463
0.993984
0.994243
0.994969
0.996396
0.997651
0.998408
0.99888
0.999268
0.999481
0.999486
0.999219
0.997419
0.985611
0.950071
0.945035
0.950669
0.966111
0.983738
0.989989
0.993904
0.995865
0.997164
0.998167
0.99867
0.999113
0.99934
0.999518
0.999613
0.999664
0.999687
0.999677
0.999642
0.999598
0.999532
0.999307
0.998739
0.998099
0.997606
0.997294
0.997184
0.997279
0.997735
0.998234
0.998531
0.998628
0.998639
0.99864
0.998671
0.998861
0.999234
0.999502
0.999669
0.999756
0.999788
0.999792
0.999783
0.999729
0.999513
0.998857
0.998053
0.997743
0.996766
1
1
1
1
1
1
1
1
1
1
1
1
1
1
1
1
1
1
1
1
1
1
1
1
1
1
1
1
1
1
1
1
1
1
1
1
1
1
1
1
1
1
1
1
1
1
1
1
1
1
1
1
1
1
1
1
1
1
1
1
1
1
1
1
1
1
1
1
1
1
1
1
1
1
1
1
1
1
1
1
1
1
1
1
1
1
1
1
1
1
1
1
1
1
1
1
1
1
1
1
1
1
1
1
1
1
1
0.999999
0.999994
0.999975
0.999916
0.999752
0.999311
0.998328
0.996257
0.993488
0.988797
0.984524
0.984082
0.98478
0.986934
0.991599
0.995254
0.997256
0.99816
0.998766
0.99918
0.999277
0.999166
0.997992
0.98644
0.966934
0.965549
0.961069
0.9638
0.980762
0.989079
0.992502
0.99457
0.995719
0.996826
0.997487
0.998061
0.998526
0.998876
0.99904
0.999109
0.999125
0.999108
0.999094
0.999053
0.998828
0.998179
0.997439
0.996901
0.996602
0.996551
0.996779
0.997342
0.997874
0.998195
0.998278
0.998256
0.998224
0.998242
0.998426
0.99892
0.999304
0.999529
0.99963
0.999653
0.99965
0.999619
0.999511
0.999186
0.998192
0.996377
0.994656
0.993896
0.991357
1
1
1
1
1
1
1
1
1
1
1
1
1
1
1
1
1
1
1
1
1
1
1
1
1
1
1
1
1
1
1
1
1
1
1
1
1
1
1
1
1
1
1
1
1
1
1
1
1
1
1
1
1
1
1
1
1
1
1
1
1
1
1
1
1
1
1
1
1
1
1
1
1
1
1
1
1
1
1
1
1
1
1
1
1
1
1
1
1
1
1
1
1
1
1
1
1
1
1
1
1
1
1
1
1
0.999999
0.999997
0.999987
0.999947
0.999811
0.999455
0.998611
0.996585
0.99297
0.98941
0.984763
0.980632
0.978419
0.978255
0.978849
0.98076
0.985819
0.991868
0.995367
0.997137
0.998267
0.998948
0.999163
0.999134
0.998438
0.99072
0.984786
0.981562
0.966042
0.963655
0.977801
0.987731
0.991197
0.993337
0.99446
0.995584
0.996403
0.997179
0.997862
0.998275
0.99846
0.998558
0.998609
0.998626
0.998541
0.998254
0.997479
0.996632
0.99608
0.995854
0.995926
0.99636
0.996972
0.997519
0.997832
0.997896
0.997823
0.997752
0.997774
0.998031
0.998679
0.999143
0.999364
0.999416
0.999401
0.999275
0.999021
0.998623
0.997791
0.995818
0.992451
0.988819
0.985819
0.984253
0.978625
1
1
1
1
1
1
1
1
1
1
1
1
1
1
1
1
1
1
1
1
1
1
1
1
1
1
1
1
1
1
1
1
1
1
1
1
1
1
1
1
1
1
1
1
1
1
1
1
1
1
1
1
1
1
1
1
1
1
1
1
1
1
1
1
1
1
1
1
1
1
1
1
1
1
1
1
1
1
1
1
1
1
1
1
1
1
1
1
1
1
1
1
1
1
1
1
1
1
1
1
1
1
1
0.999999
0.999997
0.99999
0.999969
0.999897
0.999629
0.998858
0.997165
0.993881
0.989123
0.98816
0.986507
0.981948
0.978343
0.976955
0.976852
0.977262
0.978864
0.983925
0.990169
0.994144
0.996527
0.997971
0.998746
0.999008
0.999007
0.998488
0.994345
0.992564
0.990167
0.97044
0.9616
0.975404
0.985623
0.989782
0.99253
0.993907
0.995078
0.995964
0.996803
0.997548
0.997877
0.998034
0.998099
0.998073
0.997909
0.997471
0.996467
0.99556
0.995137
0.995104
0.995415
0.995979
0.996644
0.997157
0.997433
0.997455
0.997324
0.997257
0.997335
0.997821
0.998556
0.998929
0.999013
0.998986
0.998747
0.997897
0.99598
0.9945
0.991729
0.988003
0.982473
0.975815
0.97002
0.965987
0.963216
0.953065
1
1
1
1
1
1
1
1
1
1
1
1
1
1
1
1
1
1
1
1
1
1
1
1
1
1
1
1
1
1
1
1
1
1
1
1
1
1
1
1
1
1
1
1
1
1
1
1
1
1
1
1
1
1
1
1
1
1
1
1
1
1
1
1
1
1
1
1
1
1
1
1
1
1
1
1
1
1
1
1
1
1
1
1
1
1
1
1
1
1
1
1
1
1
1
1
1
1
1
1
1
0.999999
0.999998
0.999991
0.99997
0.99991
0.999758
0.99932
0.997865
0.994527
0.987558
0.985016
0.9862
0.987554
0.986069
0.981049
0.977774
0.976689
0.976719
0.9774
0.979345
0.98477
0.990539
0.99412
0.996286
0.997683
0.998468
0.998762
0.998779
0.998436
0.996805
0.996307
0.994373
0.972772
0.955228
0.969937
0.983571
0.987253
0.990593
0.992792
0.994434
0.995577
0.996496
0.997027
0.997268
0.997356
0.997255
0.996905
0.996075
0.994994
0.994364
0.994259
0.994521
0.995031
0.995685
0.996356
0.996781
0.996987
0.99695
0.996815
0.996823
0.997079
0.997822
0.99829
0.998363
0.998247
0.997672
0.995953
0.991077
0.985433
0.979598
0.973891
0.965712
0.957121
0.947671
0.939708
0.93415
0.930103
0.926233
0.913784
1
1
1
1
1
1
1
1
1
1
1
1
1
1
1
1
1
1
1
1
1
1
1
1
1
1
1
1
1
1
1
1
1
1
1
1
1
1
1
1
1
1
1
1
1
1
1
1
1
1
1
1
1
1
1
1
1
1
1
1
1
1
1
1
1
1
1
1
1
1
1
1
1
1
1
1
1
1
1
1
1
1
1
1
1
1
1
1
1
1
1
1
1
1
1
1
1
1
1
0.999999
0.999998
0.999991
0.999969
0.999903
0.999725
0.9993
0.998489
0.996398
0.989787
0.981674
0.980838
0.9822
0.98859
0.990255
0.986889
0.981325
0.978691
0.977594
0.977564
0.978519
0.981366
0.987039
0.991492
0.99439
0.996392
0.997682
0.998319
0.99853
0.99854
0.998446
0.998133
0.99766
0.995822
0.976823
0.944284
0.953811
0.981687
0.986228
0.988393
0.990766
0.993289
0.99479
0.995565
0.99586
0.995922
0.995532
0.994779
0.993954
0.993453
0.99337
0.993663
0.994134
0.994749
0.995497
0.996064
0.99639
0.996508
0.996457
0.996431
0.996545
0.997026
0.997468
0.997556
0.997321
0.996029
0.991933
0.981291
0.966898
0.951579
0.939794
0.929608
0.918262
0.906044
0.897716
0.893038
0.891419
0.887749
0.884538
0.882717
0.875423
1
1
1
1
1
1
1
1
1
1
1
1
1
1
1
1
1
1
1
1
1
1
1
1
1
1
1
1
1
1
1
1
1
1
1
1
1
1
1
1
1
1
1
1
1
1
1
1
1
1
1
1
1
1
1
1
1
1
1
1
1
1
1
1
1
1
1
1
1
1
1
1
1
1
1
1
1
1
1
1
1
1
1
1
1
1
1
1
1
1
1
1
1
1
1
1
1
0.999999
0.999998
0.999989
0.999961
0.999884
0.999671
0.999128
0.997995
0.995372
0.992717
0.984028
0.978438
0.977649
0.98119
0.987764
0.989912
0.991032
0.990292
0.985317
0.981944
0.980593
0.98052
0.982238
0.985835
0.989615
0.992605
0.99492
0.996694
0.997699
0.998095
0.998171
0.99816
0.998125
0.997909
0.997269
0.995751
0.982434
0.932358
0.924813
0.972763
0.985976
0.987897
0.989215
0.991032
0.992101
0.992705
0.992928
0.992514
0.992314
0.99226
0.992448
0.99282
0.993317
0.993953
0.994741
0.995419
0.995806
0.996055
0.99615
0.996138
0.996144
0.996237
0.996469
0.996548
0.99631
0.994521
0.988268
0.969925
0.934781
0.901951
0.87547
0.856735
0.846616
0.84367
0.843738
0.845081
0.850093
0.853592
0.857967
0.859085
0.861482
0.860857
0.843593
1
1
1
1
1
1
1
1
1
1
1
1
1
1
1
1
1
1
1
1
1
1
1
1
1
1
1
1
1
1
1
1
1
1
1
1
1
1
1
1
1
1
1
1
1
1
1
1
1
1
1
1
1
1
1
1
1
1
1
1
1
1
1
1
1
1
1
1
1
1
1
1
1
1
1
1
1
1
1
1
1
1
1
1
1
1
1
1
1
1
1
1
1
1
0.999999
0.999998
0.999994
0.999986
0.999955
0.999817
0.999499
0.998842
0.997306
0.993301
0.988886
0.978962
0.973417
0.973706
0.976443
0.980159
0.985492
0.988235
0.989894
0.991167
0.99164
0.990177
0.986806
0.985465
0.985305
0.986681
0.989093
0.991706
0.994081
0.995937
0.997083
0.997516
0.997483
0.997376
0.997415
0.99739
0.99522
0.990903
0.990358
0.981643
0.925309
0.885131
0.944601
0.984718
0.987892
0.98898
0.989791
0.990204
0.990562
0.990874
0.991146
0.991585
0.992089
0.992671
0.993429
0.994254
0.994921
0.995298
0.995542
0.995705
0.995737
0.995671
0.995616
0.995584
0.995439
0.994496
0.989975
0.978112
0.953337
0.89858
0.829023
0.776478
0.753515
0.7502
0.751948
0.758356
0.777429
0.806258
0.819726
0.821142
0.817807
0.81447
0.802162
0.792424
0.770424
0.649555
1
1
1
1
1
1
1
1
1
1
1
1
1
1
1
1
1
1
1
1
1
1
1
1
1
1
1
1
1
1
1
1
1
1
1
1
1
1
1
1
1
1
1
1
1
1
1
1
1
1
1
1
1
1
1
1
1
1
1
1
1
1
1
1
1
1
1
1
1
1
1
1
1
1
1
1
1
1
1
1
1
1
1
1
1
1
1
1
1
1
1
0.999998
0.999994
0.999984
0.999961
0.999904
0.999854
0.999742
0.999371
0.997517
0.994841
0.991377
0.982429
0.966516
0.950519
0.951434
0.963648
0.975715
0.980323
0.982986
0.985547
0.986845
0.988975
0.990994
0.991983
0.992426
0.991749
0.990621
0.990184
0.991019
0.992585
0.994234
0.995628
0.996478
0.996899
0.996709
0.996532
0.996737
0.996959
0.995978
0.978457
0.964101
0.970981
0.971002
0.925182
0.842769
0.88808
0.976841
0.987776
0.989261
0.989784
0.990304
0.990635
0.991308
0.991898
0.992697
0.993396
0.994059
0.994527
0.994802
0.99499
0.995088
0.995039
0.994763
0.994243
0.993119
0.990343
0.982507
0.958283
0.923231
0.896883
0.869152
0.809328
0.68028
0.590669
0.566779
0.567949
0.583224
0.650818
0.711309
0.719371
0.71199
0.667928
0.58311
0.527226
0.501262
0.436702
0.365078
0.301597
0.145448
1
1
1
1
1
1
1
1
1
1
1
1
1
1
1
1
1
1
1
1
1
1
1
1
1
1
1
1
1
1
1
1
1
1
1
1
1
1
1
1
1
1
1
1
1
1
1
1
1
1
1
1
1
1
1
1
1
1
1
1
1
1
1
1
1
1
1
1
1
1
1
1
1
1
1
1
1
1
1
1
1
1
1
1
1
1
1
1
0.999999
0.999991
0.999956
0.999827
0.999592
0.999325
0.998621
0.998026
0.997661
0.996796
0.993268
0.976008
0.965455
0.953372
0.913232
0.905859
0.921412
0.947478
0.964075
0.974573
0.980313
0.983116
0.984171
0.984337
0.986378
0.989671
0.991599
0.992764
0.993316
0.993558
0.993589
0.994086
0.994783
0.995455
0.99594
0.996224
0.996061
0.995973
0.99622
0.996327
0.995067
0.983037
0.898749
0.883405
0.918783
0.946239
0.913776
0.801758
0.814767
0.946731
0.982699
0.987578
0.989441
0.990776
0.991581
0.992467
0.992883
0.993116
0.993243
0.993155
0.992545
0.99132
0.98913
0.985374
0.978625
0.967698
0.95142
0.93198
0.9138
0.890782
0.866926
0.836201
0.768286
0.56936
0.309482
0.201046
0.196987
0.269896
0.394802
0.419408
0.388863
0.24978
0.126835
0.0628514
0.0302876
0.0140892
0.00609053
0.00243989
0.00101463
0.000651778
0.000385677
-0.0135395
1
1
1
1
1
1
1
1
1
1
1
1
1
1
1
1
1
1
1
1
1
1
1
1
1
1
1
1
1
1
1
1
1
1
1
1
1
1
1
1
1
1
1
1
1
1
1
1
1
1
1
1
1
1
1
1
1
1
1
1
1
1
1
1
1
1
1
1
1
1
1
1
1
1
1
1
1
1
1
1
1
1
1
1
1
1
0.999998
0.999963
0.999695
0.998692
0.996127
0.991088
0.988348
0.982666
0.977245
0.976362
0.976319
0.973139
0.935117
0.888956
0.882409
0.882015
0.883204
0.887226
0.899001
0.929296
0.953099
0.96784
0.977052
0.981103
0.981722
0.982164
0.984892
0.987652
0.989018
0.991027
0.992814
0.993989
0.994677
0.994885
0.995179
0.995394
0.995531
0.995386
0.995288
0.995337
0.995015
0.987897
0.962824
0.882358
0.638129
0.70965
0.872712
0.897183
0.85725
0.730556
0.747766
0.886923
0.946582
0.960275
0.966321
0.97057
0.973673
0.975149
0.975078
0.972053
0.96581
0.957141
0.946432
0.931713
0.916013
0.900067
0.883672
0.868032
0.852563
0.828765
0.772138
0.598047
0.332592
0.150581
0.0582664
0.0198994
0.00611123
0.00179027
0.000583663
0.000290376
0.000198112
0.000127943
7.69537e-05
4.24054e-05
2.17118e-05
1.05447e-05
4.91665e-06
2.21826e-06
9.7227e-07
4.26494e-07
1.95867e-07
9.9825e-08
5.0356e-08
-5.26826e-07
1
1
1
1
1
1
1
1
1
1
1
1
1
1
1
1
1
1
1
1
1
1
1
1
1
1
1
1
1
1
1
1
1
1
1
1
1
1
1
1
1
1
1
1
1
1
1
1
1
1
1
1
1
1
1
1
1
1
1
1
1
1
1
1
1
1
1
1
1
1
1
1
1
1
1
1
1
1
1
1
1
1
1
0.999998
0.999986
0.99989
0.999268
0.995773
0.979185
0.940918
0.915674
0.904875
0.901992
0.901413
0.900611
0.897434
0.883183
0.863793
0.860147
0.867555
0.886996
0.908293
0.927577
0.938998
0.947142
0.955479
0.962285
0.966936
0.970104
0.972272
0.975474
0.980941
0.985495
0.987164
0.987018
0.986724
0.986599
0.986398
0.986041
0.985263
0.983048
0.978212
0.96705
0.946824
0.923561
0.900722
0.874849
0.843879
0.756336
0.541595
0.508838
0.604611
0.692949
0.692612
0.613582
0.598611
0.714705
0.852816
0.874154
0.865425
0.847454
0.824409
0.805313
0.776843
0.750724
0.71467
0.672157
0.62088
0.552387
0.465634
0.337202
0.219306
0.138182
0.0902043
0.0617815
0.0414282
0.0223456
0.00657787
0.00186182
0.000388907
5.11751e-05
2.40845e-06
4.2947e-07
1.24113e-07
4.59989e-08
2.27149e-08
1.27339e-08
7.14143e-09
3.85634e-09
1.98925e-09
9.87125e-10
4.75628e-10
2.2439e-10
1.04894e-10
4.95617e-11
2.44322e-11
1.26418e-11
6.76972e-12
-1.53587e-11
4.17668e-10
1.95483e-05
3.27895e-05
2.89266e-05
2.21977e-05
1.33358e-05
7.47753e-06
3.98001e-06
2.03628e-06
1.00961e-06
4.85909e-07
2.27549e-07
1.03452e-07
4.59404e-08
1.97611e-08
8.34175e-09
3.38181e-09
1.261e-09
4.82662e-10
2.12329e-10
8.46782e-11
3.4206e-11
1.29596e-11
5.40974e-12
2.15626e-12
1.13026e-12
0.000510916
0.000666054
0.00061047
0.000496304
0.000335466
0.000213169
0.000129888
7.67541e-05
4.42816e-05
2.49856e-05
1.37755e-05
7.39694e-06
3.86075e-06
1.95137e-06
9.55517e-07
4.51046e-07
2.05961e-07
9.01507e-08
3.82055e-08
1.54831e-08
6.16208e-09
2.3738e-09
9.33251e-10
3.68532e-10
1.31295e-10
0.0104272
0.00905258
0.00700491
0.0050193
0.00338627
0.0021899
0.00137434
0.000843773
0.000508982
0.000301886
0.000175755
0.000100067
5.55274e-05
2.99139e-05
1.5621e-05
7.88222e-06
3.84459e-06
1.80531e-06
8.18634e-07
3.57184e-07
1.51584e-07
6.25214e-08
2.55819e-08
1.06372e-08
3.66307e-09
0.0698906
0.0539265
0.0396306
0.027829
0.0187748
0.0122816
0.00785674
0.00494529
0.00307159
0.00188136
0.00113292
0.000667595
0.000383303
0.000213567
0.000115245
6.008e-05
3.02496e-05
1.46685e-05
6.85933e-06
3.08851e-06
1.3488e-06
5.72969e-07
2.40136e-07
1.02799e-07
3.58429e-08
0.234417
0.17952
0.132478
0.0944626
0.0653432
0.0441327
0.0292945
0.0191935
0.0124261
0.00793143
0.00496939
0.00303971
0.00180682
0.00103962
0.000577974
0.000309906
0.0001602
7.96811e-05
3.81516e-05
1.75797e-05
7.84044e-06
3.40205e-06
1.45258e-06
6.35863e-07
2.25069e-07
0.568704
0.438943
0.330444
0.242253
0.17342
0.121813
0.0843681
0.0577704
0.0390854
0.0260308
0.0169727
0.0107707
0.00662097
0.00392895
0.00224727
0.00123748
0.000655826
0.000334058
0.000163549
7.70025e-05
3.50315e-05
1.5505e-05
6.73799e-06
3.01127e-06
1.08157e-06
0.906646
0.809388
0.656301
0.504046
0.377281
0.277102
0.20065
0.143533
0.101291
0.0702007
0.0474971
0.0311842
0.0197771
0.0120794
0.00709717
0.00400856
0.00217604
0.00113429
0.000567597
0.000272971
0.000126682
5.71954e-05
2.5302e-05
1.1543e-05
4.20738e-06
0.983077
0.968286
0.931636
0.830481
0.676701
0.527378
0.402187
0.301381
0.221812
0.159706
0.111872
0.0758193
0.0495131
0.0310789
0.0187367
0.0108464
0.00602832
0.00321481
0.00164416
0.000807693
0.000382458
0.000176171
7.93526e-05
3.69579e-05
1.36756e-05
0.996916
0.994387
0.988733
0.975007
0.936318
0.828847
0.680653
0.538102
0.414528
0.310592
0.22539
0.157695
0.106027
0.0683873
0.0423038
0.0251013
0.0142866
0.00779646
0.00407667
0.00204629
0.000989042
0.000464986
0.000213339
0.000101478
3.81454e-05
0.999311
0.998937
0.998014
0.995856
0.990687
0.97689
0.935167
0.820482
0.669797
0.524004
0.394627
0.285375
0.197758
0.1312
0.0833551
0.0507417
0.0295996
0.0165419
0.00884919
0.00454114
0.0022415
0.00107604
0.000503077
0.000244508
9.34432e-05
0.999741
0.999716
0.999601
0.999265
0.998422
0.996348
0.990896
0.974572
0.921021
0.779056
0.612192
0.458968
0.328372
0.22434
0.146521
0.0915824
0.054798
0.0313834
0.0171864
0.00902079
0.00454889
0.00223053
0.001063
0.000528172
0.000205413
0.999859
0.999875
0.999872
0.999839
0.999719
0.999375
0.998441
0.995773
0.987304
0.957846
0.854647
0.668654
0.495274
0.349219
0.234855
0.150904
0.0926918
0.0544313
0.0305239
0.0163891
0.0084432
0.00422899
0.0020545
0.001044
0.000413582
0.999879
0.999926
0.99994
0.99994
0.999929
0.999879
0.999712
0.999194
0.997502
0.991509
0.969127
0.885476
0.69029
0.503642
0.349453
0.231198
0.145967
0.0879635
0.0505364
0.0277617
0.0146104
0.00747462
0.00370143
0.0019242
0.000777153
0.999867
0.999933
0.999962
0.999971
0.999972
0.999967
0.999939
0.999833
0.999455
0.998038
0.992491
0.970553
0.885935
0.682178
0.489667
0.334202
0.217195
0.134463
0.0791954
0.0445256
0.023939
0.0125096
0.00631425
0.00335938
0.00138452
0.999851
0.999928
0.999965
0.999981
0.999986
0.999986
0.999982
0.999961
0.999871
0.999509
0.998006
0.991729
0.966124
0.866176
0.652125
0.460602
0.308712
0.19661
0.118817
0.0684031
0.0375777
0.020061
0.0103217
0.00562293
0.00236682
0.999842
0.999923
0.999964
0.999984
0.999991
0.999993
0.999993
0.999989
0.999967
0.99987
0.999442
0.997556
0.989444
0.956129
0.828751
0.609375
0.422178
0.277051
0.171983
0.101453
0.0569666
0.0310788
0.0163017
0.00909875
0.00391475
0.999845
0.999924
0.999965
0.999984
0.999993
0.999996
0.999997
0.999996
0.999991
0.999964
0.999839
0.999258
0.996634
0.985316
0.939302
0.777852
0.558033
0.377947
0.241269
0.145941
0.0837933
0.046737
0.0249967
0.0143045
0.00629636
0.999876
0.999939
0.999972
0.999988
0.999995
0.999998
0.999998
0.999998
0.999997
0.99999
0.999952
0.999772
0.998917
0.995058
0.978645
0.913039
0.715648
0.50045
0.328846
0.204097
0.119865
0.0683852
0.0373023
0.0219065
0.00987633
0.999926
0.999964
0.999983
0.999993
0.999997
0.999999
0.999999
0.999999
0.999999
0.999997
0.999986
0.999929
0.99965
0.998331
0.992462
0.967941
0.870976
0.643499
0.435936
0.277755
0.166906
0.097458
0.0542375
0.0327365
0.0151473
0.999961
0.999981
0.999991
0.999996
0.999998
0.999999
1
1
1
0.999999
0.999996
0.999978
0.999885
0.999429
0.997297
0.987947
0.949314
0.802308
0.56188
0.367721
0.226211
0.13534
0.0769104
0.0478446
0.022805
0.999982
0.999991
0.999996
0.999998
0.999999
1
1
1
1
1
0.999999
0.999993
0.999962
0.9998
0.999003
0.99532
0.979296
0.913672
0.704264
0.473336
0.298486
0.183396
0.106613
0.0687
0.0339386
0.999992
0.999996
0.999998
0.999999
1
1
1
1
1
1
1
0.999998
0.999987
0.999927
0.999619
0.998114
0.9912
0.961405
0.839494
0.591669
0.383842
0.243179
0.145079
0.0976064
0.0503942
0.999996
0.999998
0.999999
1
1
1
1
1
1
1
1
0.999999
0.999995
0.999973
0.99985
0.999216
0.996144
0.982184
0.922411
0.721748
0.481828
0.316714
0.194847
0.138309
0.075308
0.999998
0.999999
1
1
1
1
1
1
1
1
1
1
0.999998
0.99999
0.99994
0.999671
0.998296
0.991714
0.962093
0.841518
0.590854
0.406791
0.259624
0.196586
0.113675
0.999999
1
1
1
1
1
1
1
1
1
1
1
0.999999
0.999996
0.999977
0.999865
0.999268
0.996255
0.981916
0.920582
0.713812
0.516602
0.34452
0.279746
0.172588
1
1
1
1
1
1
1
1
1
1
1
1
1
0.999999
0.999991
0.999949
0.99971
0.998446
0.992116
0.963354
0.833958
0.647036
0.458866
0.390112
0.260565
1
1
1
1
1
1
1
1
1
1
1
1
1
1
0.999997
0.999983
0.999899
0.999443
0.997067
0.98578
0.928209
0.79311
0.606769
0.535004
0.386018
1
1
1
1
1
1
1
1
1
1
1
1
1
1
0.999999
0.999996
0.999975
0.99986
0.999253
0.996312
0.980156
0.937356
0.808296
0.738233
0.57076
1
1
1
1
1
1
1
1
1
1
1
1
1
1
1
0.999999
0.999997
0.999981
0.999905
0.999555
0.997956
0.992296
0.967357
0.937808
0.809526
1
1
1
1
1
1
1
1
1
1
1
1
1
1
1
1
1
0.999998
0.999989
0.999948
0.999784
0.999207
0.997378
0.991485
0.929107
1
1
1
1
1
1
1
1
1
1
1
1
1
1
1
1
1
1
0.999998
0.999989
0.999949
0.999795
0.999256
0.997337
0.96477
1
1
1
1
1
1
1
1
1
1
1
1
1
1
1
1
1
1
1
0.999997
0.999987
0.99994
0.999752
0.998922
0.978814
1
1
1
1
1
1
1
1
1
1
1
1
1
1
1
1
1
1
1
0.999999
0.999996
0.999979
0.999902
0.999482
0.9859
1
1
1
1
1
1
1
1
1
1
1
1
1
1
1
1
1
1
1
1
0.999998
0.999991
0.999955
0.999714
0.990033
0.999999
0.999999
0.999999
0.999999
0.999999
0.999999
0.999999
0.999999
1
1
1
1
1
1
1
1
1
1
1
1
0.999999
0.999996
0.999977
0.999824
0.992585
0.999999
0.999999
0.999998
0.999998
0.999998
0.999998
0.999998
0.999998
0.999999
0.999999
1
1
1
1
1
0.999999
0.999999
1
1
1
0.999999
0.999998
0.999987
0.999882
0.994311
0.999998
0.999997
0.999996
0.999995
0.999995
0.999995
0.999995
0.999996
0.999998
0.999998
0.999999
0.999999
0.999999
0.999999
0.999999
0.999999
0.999999
0.999999
0.999999
0.999999
0.999999
0.999998
0.999992
0.999918
0.995527
0.999995
0.999995
0.999992
0.99999
0.999989
0.999988
0.999988
0.99999
0.999994
0.999996
0.999998
0.999998
0.999998
0.999998
0.999997
0.999997
0.999996
0.999997
0.999997
0.999998
0.999999
0.999998
0.999994
0.99994
0.996397
0.999991
0.999989
0.999984
0.999979
0.999975
0.999974
0.999974
0.999977
0.999985
0.999991
0.999994
0.999995
0.999996
0.999995
0.999994
0.999992
0.999991
0.999991
0.999992
0.999996
0.999997
0.999997
0.999995
0.999953
0.997026
0.999982
0.999979
0.999968
0.999955
0.999946
0.999941
0.999941
0.999945
0.999961
0.999977
0.999985
0.999989
0.99999
0.99999
0.999987
0.999982
0.999979
0.999979
0.99998
0.999987
0.999993
0.999994
0.999993
0.999961
0.997478
0.999964
0.99996
0.999941
0.999907
0.999883
0.99987
0.999869
0.999874
0.999903
0.99994
0.999963
0.999973
0.999976
0.999976
0.999971
0.999959
0.999952
0.999951
0.999953
0.999964
0.99998
0.999987
0.999987
0.99996
0.997766
0.999924
0.999921
0.999898
0.999824
0.999755
0.999719
0.99971
0.999718
0.999764
0.999847
0.999902
0.999931
0.999941
0.999942
0.999935
0.99991
0.99989
0.999885
0.999888
0.999905
0.999944
0.999965
0.99997
0.999947
0.997905
0.999832
0.999832
0.99981
0.999699
0.999525
0.999422
0.999389
0.999395
0.999458
0.999623
0.999752
0.999826
0.999854
0.999857
0.999848
0.9998
0.999752
0.99974
0.999744
0.999772
0.999852
0.999908
0.999925
0.999905
0.997937
0.99961
0.999626
0.999607
0.999474
0.999124
0.998876
0.99878
0.998778
0.998851
0.999126
0.999406
0.999574
0.999645
0.999656
0.999642
0.999556
0.999459
0.999433
0.999439
0.999488
0.999646
0.999767
0.999808
0.99979
0.997782
0.998997
0.999089
0.999079
0.99893
0.998377
0.997862
0.997636
0.997606
0.997687
0.998088
0.998638
0.998989
0.999145
0.999174
0.999153
0.999002
0.998838
0.998798
0.998813
0.998914
0.999224
0.99945
0.999525
0.999503
0.997188
0.997289
0.997623
0.997643
0.997482
0.99672
0.995838
0.995415
0.995337
0.995436
0.996003
0.99698
0.997647
0.997953
0.998011
0.997972
0.997723
0.997523
0.997497
0.997547
0.997819
0.998434
0.9988
0.998909
0.998877
0.995925
0.992666
0.993634
0.993773
0.993613
0.992723
0.991502
0.990909
0.990812
0.990997
0.991957
0.993528
0.99465
0.995162
0.995251
0.995167
0.994867
0.994773
0.994816
0.99506
0.995983
0.997022
0.997569
0.997715
0.997665
0.993408
0.981622
0.983926
0.984455
0.984316
0.983401
0.98227
0.981889
0.981982
0.982699
0.984618
0.986801
0.988456
0.989166
0.989255
0.989041
0.988868
0.988936
0.989384
0.991047
0.993215
0.99471
0.995467
0.995637
0.995531
0.988204
0.958853
0.963096
0.96378
0.963303
0.96182
0.961215
0.961484
0.962895
0.965349
0.968784
0.972077
0.973918
0.974446
0.974616
0.975062
0.976607
0.979979
0.983852
0.987511
0.990296
0.991781
0.992264
0.992255
0.991697
0.974979
0.918927
0.921044
0.923259
0.925759
0.928521
0.931841
0.935303
0.938873
0.943074
0.947696
0.952149
0.956409
0.960592
0.96461
0.968688
0.973366
0.978381
0.982663
0.985234
0.986269
0.986437
0.986171
0.984583
0.979561
0.923326
0.888795
0.898386
0.905935
0.911855
0.917144
0.922285
0.926958
0.93152
0.936649
0.942209
0.947519
0.952285
0.957003
0.962129
0.967274
0.971442
0.973919
0.974963
0.975016
0.97313
0.96706
0.961392
0.938738
0.892488
0.671095
0.863512
0.878907
0.890466
0.899356
0.906673
0.912842
0.918566
0.924085
0.92926
0.93439
0.939468
0.94359
0.946546
0.94833
0.949203
0.948565
0.940872
0.929995
0.924419
0.913501
0.873294
0.745416
0.506824
0.366582
0.19347
0.738777
0.796092
0.82951
0.850803
0.864362
0.873547
0.879883
0.883171
0.884167
0.881702
0.879373
0.874891
0.858778
0.833969
0.815206
0.797803
0.755264
0.664676
0.53026
0.387682
0.257717
0.162327
0.0926937
0.0552485
0.0248509
0.281575
0.440037
0.540297
0.594586
0.628394
0.635761
0.633011
0.622474
0.600969
0.574089
0.535903
0.486621
0.433227
0.379152
0.320096
0.25478
0.187754
0.127161
0.0788774
0.0452579
0.0239298
0.0119253
0.00551955
0.00255837
0.000997853
0.0303131
0.104337
0.156249
0.177865
0.19263
0.191284
0.186556
0.177724
0.163349
0.144522
0.123974
0.102204
0.0790676
0.0563963
0.0365461
0.0214345
0.0114058
0.00553491
0.0024643
0.00101488
0.000388546
0.000141106
4.78504e-05
1.38129e-05
8.80011e-06
0.00315967
0.0159087
0.0246602
0.0291671
0.030746
0.0295939
0.0274164
0.0240297
0.0194253
0.0142427
0.00898312
0.00484713
0.00231959
0.000985248
0.000376744
0.000128841
3.35608e-05
1.35101e-05
5.35954e-06
2.0672e-06
7.66479e-07
2.73432e-07
9.53433e-08
3.24646e-08
3.60528e-08
0.000232849
0.00130521
0.00164471
0.00180008
0.00162644
0.00131992
0.000855898
0.000423888
0.00016427
4.29733e-05
7.9008e-06
2.54303e-06
7.89962e-07
2.31213e-07
6.49321e-08
1.75743e-08
4.50371e-09
1.31041e-09
4.34119e-10
1.5523e-10
5.83847e-11
2.30036e-11
1.04975e-11
-5.44442e-13
6.59268e-11
)
;

boundaryField
{
    inlet
    {
        type            fixedValue;
        value           uniform 1;
    }
    outlet
    {
        type            inletOutlet;
        inletValue      uniform 0;
        value           nonuniform List<scalar> 
57
(
1.13026e-12
1.31295e-10
3.66307e-09
3.58429e-08
2.25069e-07
1.08157e-06
4.20738e-06
1.36756e-05
3.81454e-05
9.34432e-05
0.000205413
0.000413582
0.000777153
0.00138452
0.00236682
0.00391475
0.00629636
0.00987633
0.0151473
0.022805
0.0339386
0.0503942
0.075308
0.113675
0.172588
0.260565
0.386018
0.57076
0.809526
0.929107
0.96477
0.978814
0.9859
0.990033
0.992585
0.994311
0.995527
0.996397
0.997026
0.997478
0.997766
0.997905
0.997937
0.997782
0.997188
0.995925
0.993408
0.988204
0.974979
0.923326
0.671095
0.19347
0.0248509
0.000997853
8.80011e-06
3.60528e-08
6.59268e-11
)
;
    }
    upperWall
    {
        type            zeroGradient;
    }
    lowerWall
    {
        type            zeroGradient;
    }
    frontAndBack
    {
        type            empty;
    }
}


// ************************************************************************* //
