/*--------------------------------*- C++ -*----------------------------------*\
  =========                 |
  \\      /  F ield         | OpenFOAM: The Open Source CFD Toolbox
   \\    /   O peration     | Website:  https://openfoam.org
    \\  /    A nd           | Version:  7
     \\/     M anipulation  |
\*---------------------------------------------------------------------------*/
FoamFile
{
    version     2.0;
    format      ascii;
    class       volScalarField;
    location    "0.025";
    object      nut;
}
// * * * * * * * * * * * * * * * * * * * * * * * * * * * * * * * * * * * * * //

dimensions      [0 2 -1 0 0 0 0];

internalField   nonuniform List<scalar> 
12225
(
0
0
0
0
0
0
0
0
0
0
0
0
0
0
0
0
0
0
0
0
0
0
0
0
0
0
0
0
0
0
0
0
0
0
0
0
0
8.67325e-10
4.43588e-10
0
0
0
0
0
0
0
0
0
0
0
0
0
0
0
0
1.98433e-08
1.223e-08
2.74217e-09
0
0
0
0
0
0
0
0
0
0
0
0
1.54793e-10
0
0
2.81243e-07
2.53511e-07
0
0
0
0
5.26726e-10
2.06821e-09
2.272e-09
2.63047e-09
2.87286e-09
2.51476e-09
1.42242e-09
5.77607e-10
0
0
0
2.73082e-07
5.34207e-07
3.06715e-07
1.25369e-07
0
0
0
0
2.50524e-08
6.85723e-08
7.87765e-08
5.56689e-08
2.39573e-08
2.29343e-09
0
0
0
0
5.24263e-07
5.20026e-07
2.89592e-07
1.37655e-07
0
0
0
2.76202e-08
0
0
0
0
1.10754e-07
1.072e-07
7.01731e-08
3.1847e-08
3.87955e-09
0
7.86851e-07
6.53779e-07
3.45412e-07
1.13218e-07
0
0
1.40268e-08
1.04496e-07
4.92642e-08
0
0
0
9.39583e-09
6.60915e-08
5.73878e-08
3.94554e-08
2.62491e-08
1.8535e-08
9.43791e-07
7.61702e-07
5.54563e-07
1.71178e-07
0
5.33898e-11
1.25555e-07
1.78019e-07
1.02391e-07
0
0
0
1.05574e-08
4.73577e-08
5.25472e-08
4.35747e-08
3.53274e-08
2.9262e-08
1.05432e-06
7.81949e-07
5.45534e-07
3.962e-07
2.24647e-07
1.9734e-07
2.61628e-07
2.37137e-07
1.34017e-07
2.2433e-08
0
0
1.21295e-08
2.94744e-08
3.67043e-08
2.64484e-08
1.28557e-08
1.97568e-09
7.91735e-07
3.39743e-07
1.27247e-07
2.65627e-07
1.07179e-07
8.80718e-08
1.91073e-07
1.99879e-07
1.70144e-07
1.31198e-07
6.30072e-08
1.06687e-08
0
2.58529e-08
6.04059e-08
6.34273e-08
3.6571e-08
8.98217e-09
0
0
0
0
0
0
1.11422e-07
2.49262e-07
3.32152e-07
4.21103e-07
3.09247e-07
0
0
0
3.25668e-07
4.21923e-07
3.40013e-07
2.21965e-07
0
0
0
0
0
0
2.63915e-07
4.54612e-07
3.81807e-07
5.32478e-07
6.65239e-07
0
0
0
7.04089e-08
1.85268e-07
1.78787e-07
1.40404e-07
0
0
0
0
1.8713e-07
3.31173e-07
6.0066e-07
3.94512e-08
0
2.73543e-07
3.94701e-07
0
0
0
8.862e-10
0
0
0
0
0
0
1.92443e-07
8.27704e-07
8.6217e-07
0
0
0
1.30603e-07
1.73755e-08
0
0
0
0
0
0
0
2.59696e-07
5.40558e-07
3.7331e-07
1.55713e-07
2.11942e-07
3.87642e-07
4.3177e-07
3.57832e-07
3.93013e-07
0
0
0
0
0
0
0
1.26212e-08
1.28676e-07
2.26858e-07
1.69014e-07
1.5455e-07
1.35491e-07
6.4341e-08
1.23757e-07
2.82654e-07
5.3072e-07
4.24243e-07
0
0
0
0
0
0
1.18627e-07
2.40838e-07
3.47943e-07
0
0
0
1.11164e-07
7.64497e-08
8.96614e-08
1.74011e-07
1.96193e-07
9.09965e-08
0
0
0
0
0
6.99558e-08
1.31798e-07
2.10044e-07
3.36721e-07
0
0
0
0
7.76657e-09
3.0449e-08
1.07215e-07
1.92806e-07
1.91193e-07
6.68945e-08
0
0
0
0
0
0
0
7.59186e-08
0
0
0
0
0
0
0
1.01443e-07
1.63674e-07
1.50623e-07
5.95439e-08
0
0
0
0
0
0
0
0
0
0
0
0
0
0
0
0
0
0
0
0
0
0
0
0
0
0
0
0
0
0
0
0
0
0
0
0
0
0
0
0
0
0
0
0
0
0
0
0
0
0
0
0
0
0
0
0
0
0
0
0
0
1.94196e-07
1.75247e-08
0
0
0
0
0
0
0
0
0
0
0
0
0
0
0
0
2.32065e-07
2.07583e-08
0
0
0
0
0
0
0
4.23454e-08
1.03342e-07
1.12055e-07
4.05718e-08
0
0
0
0
0
0
0
0
0
0
0
0
0
0
3.11649e-08
1.17249e-07
1.61547e-07
1.22116e-07
3.58197e-08
0
0
0
0
0
0
0
0
0
0
0
0
0
2.56539e-09
2.11639e-09
0
0
0
0
0
0
0
8.24098e-09
0
0
0
0
0
0
0
0
0
0
0
0
0
0
0
0
0
9.99077e-09
0
0
0
0
0
0
0
0
0
0
0
0
0
0
0
0
0
8.23313e-08
0
0
0
0
0
0
0
0
0
0
0
0
0
0
0
0
0
0
0
0
0
0
0
0
1.74013e-07
1.63188e-06
2.76014e-06
3.13861e-06
2.95926e-06
2.5164e-06
1.99491e-06
1.48842e-06
1.04409e-06
6.836e-07
4.10938e-07
2.1696e-07
8.77676e-08
9.61846e-09
0
0
0
0
0
1.76578e-08
3.62145e-08
5.06547e-08
6.0503e-08
6.52573e-08
6.46649e-08
6.18523e-08
5.59713e-08
4.64605e-08
3.94064e-08
2.99785e-08
2.17218e-08
1.5765e-08
9.91079e-09
5.95949e-09
2.77924e-09
6.54635e-11
0
0
0
0
0
0
0
0
0
0
0
0
0
0
0
0
0
0
0
0
0
0
0
0
0
0
0
0
0
0
0
0
0
0
0
0
0
0
0
0
0
0
0
0
0
0
0
0
0
0
0
0
0
0
0
0
0
0
0
0
0
0
0
0
0
0
0
0
0
0
0
0
0
0
0
0
0
0
0
0
0
0
0
0
0
0
0
0
0
0
0
0
0
0
0
0
0
0
0
0
0
0
0
0
0
0
0
0
0
0
0
0
0
0
0
0
0
0
0
0
0
0
0
0
0
0
0
0
0
0
0
0
0
0
0
0
0
0
0
0
6.7077e-08
1.87173e-07
2.91114e-07
3.75267e-07
4.41046e-07
4.9045e-07
5.24242e-07
5.43537e-07
5.49937e-07
5.43225e-07
5.25725e-07
5.00243e-07
4.67165e-07
4.27165e-07
3.81609e-07
3.28277e-07
2.68374e-07
2.05239e-07
1.45715e-07
9.63005e-08
6.08825e-08
4.01909e-08
3.17392e-08
3.10467e-08
3.3793e-08
3.7244e-08
3.99879e-08
4.07194e-08
3.98421e-08
3.89062e-08
3.65971e-08
3.36563e-08
3.06439e-08
2.72356e-08
2.35305e-08
1.95847e-08
1.52862e-08
1.06577e-08
5.62315e-09
2.55767e-10
0
0
0
0
0
0
0
0
0
0
0
0
0
0
0
0
0
0
0
0
0
0
0
0
0
0
2.54083e-08
2.11592e-08
0
0
0
0
0
0
0
0
0
0
0
0
0
0
0
0
0
0
0
0
0
0
0
0
0
0
0
0
0
0
0
0
0
0
0
0
0
0
0
0
0
0
0
0
0
0
0
0
0
0
0
0
0
0
0
0
0
0
0
0
0
0
0
0
0
0
0
0
0
0
0
0
0
0
0
0
0
0
0
0
0
0
0
0
0
0
0
0
0
0
0
0
0
0
0
0
0
0
0
0
0
0
0
0
0
0
0
0
0
0
0
0
0
0
6.26217e-09
7.34193e-08
1.35562e-07
1.88762e-07
2.31184e-07
2.63869e-07
2.86397e-07
2.99921e-07
3.05921e-07
3.03002e-07
2.92913e-07
2.76282e-07
2.54938e-07
2.295e-07
2.01558e-07
1.72638e-07
1.43021e-07
1.13408e-07
8.54881e-08
6.09568e-08
4.10926e-08
2.64501e-08
1.73759e-08
1.34716e-08
1.39405e-08
1.7671e-08
2.33511e-08
2.97306e-08
3.56547e-08
4.00491e-08
4.23953e-08
4.19031e-08
3.88371e-08
3.33746e-08
2.61847e-08
1.79982e-08
9.48871e-09
7.59795e-10
0
0
0
0
0
0
0
0
0
0
0
0
0
0
0
0
0
0
0
4.34914e-09
2.26698e-08
3.81772e-08
4.99668e-08
5.79157e-08
6.22831e-08
6.3549e-08
6.02929e-08
5.11061e-08
3.7969e-08
2.31354e-08
7.59104e-09
0
0
0
0
0
0
0
0
0
0
0
0
0
0
0
0
0
0
0
0
0
0
0
0
0
0
0
0
0
0
0
0
0
0
0
0
0
0
0
0
0
0
0
0
0
0
0
0
0
0
0
0
0
0
0
0
0
0
0
0
0
0
0
0
0
0
0
0
0
0
0
0
0
0
0
0
0
0
0
0
0
0
0
0
0
0
0
0
0
0
0
0
0
0
0
0
0
0
0
0
0
0
0
0
0
0
0
0
0
0
0
0
0
0
0
0
0
0
0
0
0
0
0
0
0
0
0
0
0
0
0
0
0
0
0
0
0
0
0
0
0
0
0
0
0
0
0
0
0
1.90641e-08
1.26655e-07
2.1338e-07
2.75809e-07
3.17662e-07
3.43382e-07
3.56376e-07
3.59273e-07
3.52258e-07
3.38711e-07
3.21715e-07
3.01575e-07
2.78882e-07
2.59863e-07
2.3893e-07
2.18042e-07
1.99066e-07
1.79326e-07
1.60981e-07
1.43666e-07
1.28018e-07
1.13881e-07
1.01289e-07
9.04162e-08
8.17732e-08
7.50102e-08
6.7853e-08
5.98206e-08
5.2116e-08
4.53609e-08
3.94755e-08
3.42422e-08
2.95047e-08
2.5157e-08
2.10942e-08
1.71701e-08
1.33753e-08
9.72981e-09
6.20899e-09
2.80872e-09
0
0
0
0
0
0
0
0
0
0
0
0
0
0
0
0
0
0
0
0
0
0
0
0
0
0
0
0
0
0
0
0
0
0
0
0
0
0
0
0
0
0
0
0
0
0
0
0
0
0
4.86458e-15
7.97667e-15
9.18498e-15
9.11655e-15
8.31166e-15
7.18125e-15
5.99824e-15
4.91226e-15
3.9877e-15
3.23622e-15
2.64392e-15
2.18642e-15
1.83705e-15
1.57158e-15
1.37035e-15
1.2177e-15
1.10201e-15
1.01402e-15
9.4728e-16
8.95701e-16
8.56522e-16
8.2434e-16
7.99985e-16
7.76599e-16
7.60025e-16
7.38393e-16
7.25763e-16
6.9916e-16
6.88898e-16
6.48691e-16
6.43295e-16
5.74783e-16
5.86251e-16
4.66221e-16
5.17703e-16
3.05176e-16
4.0354e-16
5.7147e-17
1.39727e-16
0
0
1.70978e-16
0
1.02271e-14
0
1.33986e-13
0
0
0
0
0
0
0
0
0
0
0
0
0
0
0
0
0
0
0
0
0
0
0
0
0
0
0
0
0
0
0
0
0
0
0
0
0
0
0
0
0
0
0
0
0
0
2.00097e-08
9.03531e-08
1.57949e-07
2.19492e-07
2.73057e-07
3.16692e-07
3.48382e-07
3.65436e-07
3.67721e-07
3.54558e-07
3.30564e-07
2.99951e-07
2.69599e-07
2.43254e-07
2.18948e-07
1.97116e-07
1.76465e-07
1.55975e-07
1.36482e-07
1.18478e-07
1.02755e-07
9.01843e-08
8.10206e-08
7.35603e-08
6.55432e-08
5.75121e-08
5.03635e-08
4.41097e-08
3.85872e-08
3.36797e-08
2.93016e-08
2.54145e-08
2.1992e-08
1.91029e-08
1.66374e-08
1.44562e-08
1.2455e-08
1.05454e-08
8.72951e-09
7.05736e-09
5.53922e-09
4.17798e-09
2.97313e-09
1.9203e-09
1.0124e-09
2.40395e-10
0
0
0
0
0
0
0
0
0
0
0
0
0
0
0
0
0
0
0
0
0
0
0
0
0
0
0
0
0
0
0
0
0
0
3.02744e-13
2.8999e-12
3.77207e-12
3.75037e-12
3.3208e-12
2.75555e-12
2.19449e-12
1.70137e-12
1.29768e-12
9.81483e-13
7.40748e-13
5.60381e-13
4.2636e-13
3.26899e-13
2.52838e-13
1.97252e-13
1.55094e-13
1.22739e-13
9.7642e-14
7.80116e-14
6.2584e-14
5.04338e-14
4.08493e-14
3.32795e-14
2.73023e-14
2.258e-14
1.88432e-14
1.58754e-14
1.35184e-14
1.16234e-14
1.00881e-14
8.81003e-15
7.7481e-15
6.81293e-15
5.98785e-15
5.18874e-15
4.42765e-15
3.62866e-15
2.78346e-15
1.8722e-15
7.28488e-16
0
0
0
0
0
0
0
0
4.68102e-14
0
1.71582e-12
0
1.08505e-11
0
0
0
0
0
0
0
0
0
0
0
0
0
0
0
0
0
0
0
0
0
0
0
0
0
0
0
0
0
0
0
0
0
0
0
0
0
0
0
0
5.38802e-08
8.28102e-08
0
0
0
0
0
0
0
0
0
0
3.2245e-08
1.55206e-07
2.60493e-07
3.3021e-07
3.57941e-07
3.5387e-07
3.2642e-07
2.8881e-07
2.51942e-07
2.22096e-07
1.96388e-07
1.74446e-07
1.53525e-07
1.33927e-07
1.16035e-07
1.00627e-07
8.77451e-08
7.643e-08
6.61344e-08
5.76785e-08
5.09282e-08
4.50458e-08
3.9512e-08
3.44814e-08
2.97481e-08
2.54582e-08
2.16765e-08
1.83793e-08
1.55253e-08
1.30676e-08
1.10044e-08
9.33658e-09
7.95942e-09
6.71599e-09
5.52233e-09
4.36632e-09
3.28057e-09
2.29112e-09
1.40664e-09
6.32304e-10
0
0
0
0
0
0
0
0
0
0
0
0
0
0
0
0
0
0
0
0
0
0
0
0
0
0
0
0
0
0
0
0
0
0
0
0
0
0
0
0
0
0
0
0
0
0
0
0
0
0
0
0
0
0
0
0
0
0
0
0
0
0
0
0
0
0
0
0
0
0
0
0
0
0
0
0
1.69825e-14
8.85321e-14
2.33147e-13
9.16893e-13
2.37377e-12
7.40764e-12
1.19079e-11
2.71379e-11
2.34078e-11
6.17567e-11
7.44342e-14
2.8247e-11
0
0
0
0
0
0
0
0
0
0
0
0
0
0
0
0
0
0
0
0
0
0
0
0
0
0
0
0
0
0
0
0
0
0
0
0
8.57929e-09
9.62543e-08
1.86397e-07
2.75253e-07
3.24545e-07
2.213e-07
0
0
0
0
0
0
0
0
0
0
0
0
0
0
1.78105e-07
2.92484e-07
3.28699e-07
3.14006e-07
2.77651e-07
2.39178e-07
2.07316e-07
1.82357e-07
1.61465e-07
1.43576e-07
1.27837e-07
1.12996e-07
9.75568e-08
8.1385e-08
6.66843e-08
5.48341e-08
4.61682e-08
4.04623e-08
3.68158e-08
3.37609e-08
3.03654e-08
2.66387e-08
2.27773e-08
1.89903e-08
1.5585e-08
1.27103e-08
1.0345e-08
8.38967e-09
6.76375e-09
5.43283e-09
4.37152e-09
3.50253e-09
2.71376e-09
1.95506e-09
1.22889e-09
5.6069e-10
0
0
0
0
0
0
0
0
0
0
0
0
0
0
0
0
0
0
0
0
0
0
0
0
0
0
0
0
0
0
0
0
0
0
0
0
0
0
0
0
0
0
0
0
0
0
0
0
0
0
0
0
0
0
0
0
0
0
0
0
0
0
0
0
0
0
0
0
0
0
4.45519e-14
2.04965e-13
3.30844e-13
4.74752e-13
6.25376e-13
9.02228e-13
1.25751e-12
1.99834e-12
2.90157e-12
4.87243e-12
6.80628e-12
1.14431e-11
1.37416e-11
2.362e-11
1.77721e-11
3.18464e-11
0
0
0
0
0
0
0
0
0
0
0
0
0
0
0
0
0
0
0
0
0
0
0
0
0
0
0
0
0
0
0
0
0
0
0
0
0
0
0
0
0
0
0
0
0
0
0
0
0
0
0
0
0
0
0
0
0
0
0
0
1.83507e-07
2.74076e-07
2.78494e-07
2.46878e-07
2.10052e-07
1.8055e-07
1.58517e-07
1.42696e-07
1.30425e-07
1.18318e-07
1.04823e-07
9.01403e-08
7.48685e-08
6.00019e-08
4.70328e-08
3.66923e-08
2.9469e-08
2.5565e-08
2.43655e-08
2.41491e-08
2.31164e-08
2.08659e-08
1.77776e-08
1.44132e-08
1.1334e-08
8.80037e-09
6.8208e-09
5.28055e-09
4.05342e-09
3.06256e-09
2.27507e-09
1.64326e-09
1.1001e-09
5.89979e-10
1.02384e-10
0
0
0
0
0
0
0
0
0
0
0
0
0
0
0
0
0
0
0
0
0
0
0
0
0
0
0
0
0
0
0
0
0
0
0
0
0
0
0
0
0
0
0
0
0
0
0
0
0
0
0
0
0
0
0
0
0
0
0
0
0
0
0
0
0
0
0
0
0
0
1.05636e-13
2.19906e-13
3.4242e-13
4.65555e-13
6.75012e-13
9.39086e-13
1.46321e-12
2.09884e-12
3.3966e-12
4.64171e-12
7.31732e-12
8.42474e-12
1.35136e-11
8.54232e-12
9.57694e-12
0
0
0
0
0
0
0
0
0
0
0
0
0
0
0
0
0
0
0
0
0
0
0
0
0
0
0
0
0
0
0
0
0
0
0
0
0
0
0
0
0
0
0
9.97282e-08
2.37903e-07
4.25799e-07
7.80355e-07
1.18113e-06
1.47757e-06
1.47964e-06
1.35176e-06
1.10981e-06
6.74183e-07
1.89428e-07
0
0
0
0
0
0
0
7.70557e-08
2.09669e-07
2.29331e-07
2.03719e-07
1.71463e-07
1.47306e-07
1.30617e-07
1.18225e-07
1.07351e-07
9.73339e-08
8.81009e-08
7.88405e-08
6.82984e-08
5.57298e-08
4.25705e-08
3.07501e-08
2.14212e-08
1.54424e-08
1.31521e-08
1.41264e-08
1.63258e-08
1.71604e-08
1.59823e-08
1.34264e-08
1.04759e-08
7.82953e-09
5.74105e-09
4.18584e-09
3.03743e-09
2.16498e-09
1.48194e-09
9.43242e-10
5.11257e-10
1.41749e-10
0
0
0
0
0
0
0
0
0
0
0
0
0
0
0
0
0
0
0
0
0
0
0
0
0
0
0
0
0
0
0
0
0
0
0
0
0
0
0
0
0
0
0
0
0
0
0
0
0
0
0
0
0
0
0
0
0
0
0
0
0
0
0
0
0
0
0
0
0
0
2.82184e-14
1.25272e-13
2.22407e-13
3.13985e-13
4.55062e-13
6.2614e-13
9.46179e-13
1.32623e-12
2.04413e-12
2.69049e-12
3.99174e-12
4.1487e-12
4.88234e-12
2.32248e-12
0
0
0
0
0
0
0
0
0
0
0
0
0
0
0
0
0
0
0
0
0
0
0
0
0
0
0
0
0
0
0
0
0
0
0
0
0
0
0
0
0
4.14724e-07
1.46404e-06
2.46126e-06
2.39372e-06
5.49589e-07
0
0
0
0
8.15369e-07
1.32005e-06
1.50863e-06
1.45809e-06
1.29431e-06
9.27463e-07
3.63334e-07
0
0
0
0
0
0
1.73156e-08
1.52555e-07
1.72045e-07
1.54271e-07
1.33047e-07
1.16182e-07
1.02862e-07
9.19472e-08
8.29742e-08
7.54367e-08
6.9156e-08
6.39451e-08
5.85904e-08
5.08688e-08
4.00768e-08
2.79737e-08
1.6877e-08
8.7359e-09
4.39488e-09
4.18385e-09
7.51528e-09
1.15122e-08
1.31119e-08
1.21381e-08
9.76791e-09
7.20943e-09
5.07013e-09
3.4808e-09
2.35671e-09
1.56216e-09
9.81922e-10
5.41217e-10
1.99966e-10
0
0
0
0
0
0
0
0
0
0
0
0
0
0
0
0
0
0
0
0
0
0
0
0
0
0
0
0
0
0
0
0
0
0
0
0
0
0
0
0
0
0
0
0
0
0
0
0
0
0
0
0
0
0
0
0
0
0
0
0
0
0
0
0
0
0
0
0
0
0
0
4.29658e-14
1.18462e-13
1.83055e-13
2.69063e-13
3.64874e-13
5.30252e-13
7.13802e-13
1.02805e-12
1.25642e-12
1.73752e-12
1.4063e-12
1.15197e-12
0
0
0
0
0
0
0
0
0
0
0
0
0
0
0
0
0
0
0
0
0
0
0
0
0
0
0
0
0
0
0
0
0
0
0
0
0
0
0
0
0
1.11725e-06
3.46409e-06
7.42213e-06
1.26651e-05
1.3182e-05
0
0
0
0
0
0
0
4.28049e-07
6.05951e-07
6.39857e-07
7.30215e-07
7.90554e-07
5.96622e-07
0
0
0
0
0
0
2.38909e-08
1.20494e-07
1.28141e-07
1.12342e-07
9.64029e-08
8.48757e-08
7.74416e-08
7.19677e-08
6.65832e-08
6.03262e-08
5.38015e-08
4.88216e-08
4.60582e-08
4.31788e-08
3.70041e-08
2.68187e-08
1.48556e-08
4.71469e-09
0
0
0
4.55153e-09
9.04668e-09
1.01344e-08
8.76226e-09
6.54126e-09
4.4832e-09
2.92108e-09
1.83846e-09
1.11142e-09
6.16314e-10
2.64597e-10
4.28464e-12
0
0
0
0
0
0
0
0
0
0
0
0
0
0
0
0
0
0
0
0
0
0
0
0
0
0
0
0
0
0
0
0
0
0
0
0
0
0
0
0
0
0
0
0
0
0
0
0
0
0
0
0
0
0
0
0
0
0
0
0
0
0
0
0
0
0
0
0
0
0
0
2.79268e-14
7.26745e-14
1.19585e-13
1.61675e-13
2.25652e-13
2.78609e-13
3.6808e-13
3.56093e-13
3.44452e-13
3.60695e-14
0
0
0
0
0
0
0
0
0
0
0
0
0
0
0
0
0
0
0
0
0
0
0
0
0
0
0
0
0
0
0
0
0
0
0
0
0
0
0
0
0
9.68378e-07
3.37777e-06
7.98565e-06
1.55549e-05
2.52005e-05
1.78963e-05
0
0
0
0
0
0
0
2.22467e-07
5.06216e-07
3.02606e-07
1.06891e-07
2.1873e-07
4.92899e-07
4.99292e-07
8.36846e-09
0
0
0
0
0
8.28883e-08
1.1595e-07
9.94993e-08
8.02373e-08
6.69655e-08
5.89384e-08
5.58804e-08
5.58298e-08
5.5029e-08
5.11274e-08
4.45069e-08
3.79922e-08
3.45881e-08
3.39939e-08
3.23242e-08
2.58235e-08
1.46053e-08
2.98987e-09
0
0
0
0
4.66416e-09
7.77795e-09
7.55668e-09
5.81642e-09
3.93729e-09
2.4593e-09
1.44307e-09
7.85758e-10
3.64907e-10
8.63975e-11
0
0
0
0
0
0
0
0
0
0
0
0
0
0
0
0
0
0
0
0
0
0
0
0
0
0
0
0
0
0
0
0
0
0
0
0
0
0
0
0
0
0
0
0
0
0
0
0
0
0
0
0
0
0
0
0
0
0
0
0
0
0
0
0
0
0
0
0
0
0
0
0
0
1.09008e-14
2.50288e-14
3.71538e-14
3.19961e-14
2.07233e-14
0
0
0
0
0
0
0
0
0
9.33351e-10
2.04462e-09
2.98058e-09
1.14388e-09
0
0
0
0
0
0
0
0
0
0
0
0
0
0
0
0
0
0
0
0
0
0
0
0
0
0
0
0
0
0
2.06525e-07
1.14744e-06
2.81524e-06
4.93049e-06
5.84837e-06
1.41806e-06
0
0
0
0
0
0
0
0
0
1.79337e-07
3.35949e-07
1.00734e-07
0
8.87711e-08
3.78686e-07
3.40357e-07
0
0
0
0
0
6.09632e-08
1.12565e-07
9.62287e-08
7.41305e-08
5.86722e-08
4.84027e-08
4.18581e-08
3.93613e-08
4.08562e-08
4.35931e-08
4.34696e-08
3.86848e-08
3.16114e-08
2.66309e-08
2.59301e-08
2.68159e-08
2.39882e-08
1.47637e-08
2.59162e-09
0
0
0
0
9.29416e-10
5.56483e-09
6.35353e-09
5.09559e-09
3.43254e-09
2.07145e-09
1.13866e-09
5.52844e-10
1.98125e-10
0
0
0
0
0
0
0
0
0
0
0
0
0
0
0
0
0
0
0
0
0
0
0
0
0
0
0
0
0
0
0
0
0
0
0
0
0
0
0
0
0
0
0
0
0
0
0
0
0
0
0
0
0
0
0
0
0
0
0
0
0
0
0
0
0
0
0
0
0
0
0
0
0
0
0
0
0
0
0
0
0
0
0
0
0
0
0
3.34426e-08
2.156e-08
1.20538e-08
9.42006e-09
8.81625e-09
1.06513e-08
1.07189e-08
1.1175e-08
1.29618e-08
1.56655e-08
1.93358e-08
2.38896e-08
2.90743e-08
3.45659e-08
3.95824e-08
4.25539e-08
4.33465e-08
4.1965e-08
3.95977e-08
3.81148e-08
3.80605e-08
4.04992e-08
4.52082e-08
4.33538e-08
2.36394e-08
0
0
0
0
0
0
0
0
0
0
0
0
0
0
0
0
0
0
0
0
0
0
0
0
0
0
0
0
0
1.69644e-07
2.98066e-07
1.11819e-07
0
0
0
0
5.7524e-08
1.0038e-07
8.3278e-08
6.38345e-08
5.13059e-08
4.2791e-08
3.61741e-08
3.10723e-08
2.79896e-08
2.79537e-08
3.10584e-08
3.43998e-08
3.36224e-08
2.80525e-08
2.22042e-08
2.04592e-08
2.20471e-08
2.17093e-08
1.46787e-08
2.67259e-09
0
0
0
0
0
3.8822e-09
5.43369e-09
4.56799e-09
3.0925e-09
1.83447e-09
9.69964e-10
4.36644e-10
1.27346e-10
0
0
0
0
0
0
0
0
0
0
0
0
0
0
0
0
0
0
0
0
0
0
0
0
0
0
0
0
0
0
0
0
0
0
0
0
0
0
0
0
0
0
0
0
0
0
0
0
0
0
0
0
0
0
0
0
0
0
0
0
0
0
0
0
0
0
0
0
0
0
0
0
0
0
0
0
0
0
0
0
0
0
0
0
0
0
5.07231e-07
1.78923e-07
4.71017e-08
1.81317e-08
1.40115e-08
1.63406e-08
2.06233e-08
2.76939e-08
3.59998e-08
4.74628e-08
6.14417e-08
7.64452e-08
9.25806e-08
1.08675e-07
1.23445e-07
1.34333e-07
1.40016e-07
1.43538e-07
1.48263e-07
1.54828e-07
1.62894e-07
1.73841e-07
1.83904e-07
1.80268e-07
1.48264e-07
8.1502e-08
0
0
0
2.76488e-08
1.53441e-07
2.65052e-07
2.65853e-07
8.99708e-09
0
0
0
0
0
0
0
0
0
0
0
0
0
0
0
0
0
0
0
0
5.995e-08
1.78098e-07
1.58297e-07
1.00492e-08
0
0
0
1.01147e-07
8.7547e-08
5.66821e-08
4.0647e-08
3.49081e-08
3.20716e-08
2.96958e-08
2.74299e-08
2.4285e-08
1.99596e-08
1.67478e-08
1.82538e-08
2.43102e-08
2.86038e-08
2.59131e-08
1.97379e-08
1.70309e-08
1.89328e-08
2.02257e-08
1.45773e-08
2.3784e-09
0
0
0
0
0
3.23873e-09
5.1941e-09
4.48939e-09
3.06968e-09
1.83405e-09
9.81061e-10
4.56073e-10
1.56485e-10
0
0
0
0
0
0
0
0
0
0
0
0
0
0
0
0
0
0
0
0
0
0
0
0
0
0
0
0
0
0
0
0
0
0
0
0
0
0
0
0
0
0
0
0
0
0
0
0
0
0
0
0
0
0
0
0
0
0
0
0
0
0
0
0
0
0
0
0
0
0
0
0
0
0
0
0
0
0
0
0
0
0
0
0
0
2.62648e-06
5.99435e-07
1.4152e-07
4.59254e-08
2.13548e-08
1.47147e-08
2.32825e-08
3.45261e-08
5.13899e-08
7.18541e-08
9.15483e-08
1.1667e-07
1.43431e-07
1.70547e-07
1.98294e-07
2.18161e-07
2.32108e-07
2.45226e-07
2.55136e-07
2.67264e-07
2.8326e-07
3.02982e-07
3.22291e-07
3.27449e-07
2.92039e-07
2.14546e-07
1.02714e-07
4.0922e-09
0
1.0502e-07
3.57506e-07
6.72641e-07
8.66202e-07
7.30641e-07
6.02875e-08
0
0
0
0
0
0
0
0
0
1.18177e-05
9.81016e-06
5.58768e-06
2.53648e-06
8.76065e-07
1.58231e-07
0
0
0
0
1.64829e-08
1.11041e-07
1.76001e-07
4.53287e-07
0
0
3.54502e-08
1.73278e-07
8.45119e-08
3.3527e-08
1.66479e-08
1.51702e-08
1.73561e-08
1.92743e-08
2.14184e-08
2.28253e-08
2.06498e-08
1.44418e-08
8.41908e-09
8.48605e-09
1.60175e-08
2.34894e-08
2.27795e-08
1.70608e-08
1.50518e-08
1.80226e-08
1.96618e-08
1.30398e-08
0
0
0
0
0
0
3.87369e-09
5.18087e-09
4.16125e-09
2.68418e-09
1.5086e-09
7.43175e-10
2.96424e-10
5.70651e-11
0
0
0
0
0
0
0
0
0
0
0
0
0
0
0
0
0
0
0
0
0
0
0
0
0
0
0
0
0
0
0
0
0
0
0
0
0
0
0
0
0
0
0
0
0
0
0
0
0
0
0
0
0
0
0
0
0
0
0
0
0
0
0
0
0
0
0
0
0
0
0
0
0
0
0
0
0
0
0
0
0
0
0
0
3.87029e-06
1.13231e-06
3.87597e-07
1.32516e-07
4.51269e-08
1.27976e-08
1.64674e-08
3.64336e-08
5.09496e-08
6.97408e-08
9.79835e-08
1.23501e-07
1.49885e-07
1.84173e-07
2.18396e-07
2.46731e-07
2.66737e-07
2.8482e-07
3.02636e-07
3.2026e-07
3.3987e-07
3.61021e-07
3.83989e-07
4.01715e-07
3.83016e-07
3.24784e-07
2.28312e-07
1.17691e-07
5.29898e-08
1.02908e-07
3.08842e-07
6.8178e-07
1.11141e-06
1.33102e-06
1.14188e-06
4.14077e-07
0
0
0
0
0
0
0
2.70643e-05
2.18944e-05
1.15462e-05
5.12778e-06
1.95185e-06
5.74599e-07
3.50225e-08
0
0
0
0
4.07765e-08
1.18607e-07
3.35355e-07
8.54345e-07
0
0
2.25048e-07
2.00108e-07
7.01821e-08
1.77395e-08
3.25759e-09
3.43505e-09
6.81464e-09
9.38197e-09
1.21962e-08
1.59078e-08
1.80256e-08
1.52125e-08
8.19626e-09
2.44598e-09
2.6109e-09
8.9671e-09
1.54836e-08
1.52145e-08
1.17066e-08
1.20813e-08
1.55911e-08
1.56698e-08
7.20243e-09
0
0
0
0
0
0
2.03539e-09
2.26086e-09
1.32846e-09
4.30133e-10
0
0
0
0
0
0
0
0
0
0
0
0
0
0
0
0
0
0
0
0
0
0
0
0
0
0
0
0
0
0
0
0
0
0
0
0
0
0
0
0
0
0
0
0
0
0
0
0
0
0
0
0
0
0
0
0
0
0
0
0
0
0
0
0
0
0
0
0
0
0
0
0
0
0
0
0
0
0
0
0
0
0
0
0
0
0
0
3.53168e-06
2.50341e-06
1.1313e-06
3.8825e-07
1.05027e-07
2.34743e-08
1.17266e-08
4.54758e-08
5.54175e-08
6.23734e-08
7.90633e-08
1.04445e-07
1.3697e-07
1.59214e-07
1.95903e-07
2.29262e-07
2.54481e-07
2.75037e-07
2.944e-07
3.13024e-07
3.34161e-07
3.5807e-07
3.81411e-07
4.01944e-07
4.13644e-07
3.81423e-07
3.17873e-07
2.30521e-07
1.43358e-07
1.07649e-07
1.74769e-07
3.82391e-07
6.89934e-07
1.09392e-06
1.2353e-06
1.20902e-06
7.06055e-07
0
0
0
0
0
3.56409e-07
5.68114e-06
5.66186e-06
3.37017e-06
1.47464e-06
4.42787e-07
1.27912e-08
0
0
0
0
0
8.98097e-08
2.24465e-07
8.1714e-07
6.52559e-07
0
4.02981e-08
3.66051e-07
1.66451e-07
4.79839e-08
1.07405e-08
2.24487e-09
3.65783e-09
6.57751e-09
7.8987e-09
8.81275e-09
1.0795e-08
1.33131e-08
1.40003e-08
1.05845e-08
4.91284e-09
1.8545e-09
2.5971e-09
6.44155e-09
1.00235e-08
9.36068e-09
7.95867e-09
9.46804e-09
1.18281e-08
9.9528e-09
1.30268e-09
0
0
0
0
0
0
0
0
0
0
0
0
0
0
0
0
0
0
0
0
0
0
0
0
0
0
0
0
0
0
0
0
0
0
0
0
0
0
0
0
0
0
0
0
0
0
0
0
0
0
0
0
0
0
0
0
0
0
0
0
0
0
0
0
0
0
0
0
0
0
0
0
0
0
0
0
0
0
0
0
0
0
0
0
0
0
0
0
0
0
0
0
0
0
0
0
9.40295e-07
3.37983e-06
1.87743e-06
8.62789e-07
3.18168e-07
1.04564e-07
7.16643e-08
8.07204e-08
2.92328e-08
4.7139e-08
5.75588e-08
7.0889e-08
9.26736e-08
1.23832e-07
1.44001e-07
1.73122e-07
2.04406e-07
2.25887e-07
2.44481e-07
2.61817e-07
2.80307e-07
3.0099e-07
3.20544e-07
3.39737e-07
3.5608e-07
3.56601e-07
3.28946e-07
2.73663e-07
2.03542e-07
1.35888e-07
1.04004e-07
1.42568e-07
2.59312e-07
4.74776e-07
6.49605e-07
8.22856e-07
7.92366e-07
5.93532e-07
2.36926e-07
0
0
0
3.21847e-07
9.03409e-07
9.06528e-07
5.22609e-07
1.50463e-07
0
0
0
0
3.38988e-09
1.26247e-08
7.40592e-08
1.98943e-07
6.29407e-07
1.16982e-06
3.73829e-07
1.48678e-07
3.18934e-07
3.3319e-07
1.09657e-07
3.78013e-08
1.70938e-08
1.25963e-08
1.35215e-08
1.45845e-08
1.38653e-08
1.26756e-08
1.24999e-08
1.31355e-08
1.38073e-08
1.30865e-08
1.00075e-08
7.39931e-09
7.60802e-09
8.25574e-09
9.53615e-09
9.7495e-09
7.86873e-09
7.04951e-09
7.67157e-09
8.21232e-09
5.21433e-09
0
0
0
0
0
0
0
0
0
0
0
0
0
0
0
0
0
0
0
0
0
0
0
0
0
0
0
0
0
0
0
0
0
0
0
0
0
0
0
0
0
0
0
0
0
0
0
0
0
0
0
0
0
0
0
0
0
0
0
0
0
0
0
0
0
0
0
0
0
0
0
0
0
0
0
0
0
0
0
0
0
0
0
0
0
0
0
0
0
0
0
0
0
0
0
0
4.69945e-07
1.91495e-06
1.74633e-06
6.63324e-07
3.1005e-07
1.12971e-07
4.3878e-08
0
0
2.39109e-08
3.79421e-08
4.57977e-08
5.59236e-08
7.46781e-08
9.56258e-08
1.10077e-07
1.33132e-07
1.55254e-07
1.71184e-07
1.85441e-07
1.99356e-07
2.14955e-07
2.28979e-07
2.42943e-07
2.56176e-07
2.64963e-07
2.57606e-07
2.35676e-07
1.94212e-07
1.41986e-07
8.91714e-08
5.45737e-08
5.39618e-08
9.6517e-08
1.62681e-07
2.51137e-07
2.93831e-07
2.92983e-07
2.35839e-07
1.34237e-07
2.37563e-08
0
0
0
0
0
0
0
0
7.28455e-08
1.03019e-07
8.01435e-08
6.80496e-08
1.651e-07
5.17768e-07
1.07172e-06
5.64183e-07
2.91096e-07
2.7096e-07
4.54119e-07
2.13112e-07
8.34725e-08
4.57597e-08
3.33384e-08
2.93404e-08
2.80437e-08
2.65858e-08
2.38534e-08
2.10515e-08
1.97287e-08
1.93642e-08
1.86416e-08
1.74592e-08
1.56511e-08
1.36881e-08
1.43004e-08
1.55427e-08
1.48631e-08
1.36956e-08
1.11408e-08
8.76649e-09
7.54273e-09
6.4402e-09
5.81275e-09
2.67789e-09
0
0
2.55577e-09
3.06246e-09
0
0
0
0
0
0
0
0
0
0
0
0
0
0
0
0
0
0
0
0
0
0
0
0
0
0
0
0
0
0
0
0
0
0
0
0
0
0
0
0
0
0
0
0
0
0
0
0
0
0
0
0
0
0
0
0
0
0
0
0
0
0
0
0
0
0
0
0
0
0
0
0
0
0
0
0
0
0
0
0
0
0
0
0
0
0
0
0
0
0
0
8.22204e-08
6.43165e-07
7.83722e-07
0
0
0
0
0
0
6.94634e-09
1.826e-08
2.50896e-08
3.01678e-08
3.70163e-08
4.94392e-08
5.80743e-08
6.99196e-08
8.19999e-08
9.17396e-08
1.03329e-07
1.11812e-07
1.20604e-07
1.28426e-07
1.3465e-07
1.4197e-07
1.49062e-07
1.48775e-07
1.40172e-07
1.21664e-07
9.35705e-08
5.84541e-08
2.14661e-08
0
0
0
0
0
0
0
0
0
0
0
0
0
0
5.33632e-09
7.10115e-08
1.4442e-07
1.9473e-07
1.87556e-07
1.47076e-07
1.7697e-07
4.75056e-07
8.05769e-07
4.90197e-07
3.17147e-07
2.64908e-07
3.65234e-07
3.6543e-07
1.4772e-07
8.26449e-08
6.16626e-08
5.20273e-08
4.62285e-08
4.22751e-08
3.86035e-08
3.47073e-08
3.14649e-08
3.03724e-08
3.03698e-08
2.91223e-08
2.62505e-08
2.3122e-08
2.05784e-08
2.02636e-08
2.2219e-08
2.18756e-08
1.9684e-08
1.65212e-08
1.29109e-08
1.07658e-08
8.18678e-09
6.37753e-09
5.56516e-09
3.46038e-09
3.70469e-09
7.44369e-09
9.44559e-09
6.32778e-09
0
0
0
0
0
0
0
0
0
0
0
0
0
0
0
0
0
0
0
0
0
0
0
0
0
0
0
0
0
0
0
0
0
0
0
0
0
0
0
0
0
0
0
0
0
0
0
0
0
0
0
0
0
0
0
0
0
0
0
0
0
0
0
0
0
0
0
0
0
0
0
0
0
0
0
0
0
0
0
0
0
0
0
0
0
0
0
0
0
0
0
0
0
0
0
0
0
0
0
9.28864e-10
6.9737e-09
1.00227e-08
1.23202e-08
1.39977e-08
1.62031e-08
1.92095e-08
2.14949e-08
2.51457e-08
2.66125e-08
2.79596e-08
2.94115e-08
3.14107e-08
3.27152e-08
3.36205e-08
3.49075e-08
3.58369e-08
3.48588e-08
2.99731e-08
2.09179e-08
7.33464e-09
0
0
0
0
0
0
0
0
0
0
0
0
0
0
0
6.16536e-08
1.37433e-07
1.98869e-07
2.51039e-07
2.71368e-07
2.53302e-07
2.51713e-07
4.25287e-07
5.01934e-07
3.28511e-07
2.57704e-07
2.38845e-07
2.68984e-07
4.65904e-07
2.47457e-07
1.32501e-07
9.52525e-08
8.09081e-08
7.12984e-08
6.21681e-08
5.45391e-08
4.8513e-08
4.3693e-08
4.08362e-08
4.09174e-08
4.23958e-08
4.21117e-08
3.84928e-08
3.29852e-08
2.81891e-08
2.58564e-08
2.7031e-08
2.77254e-08
2.55028e-08
2.22331e-08
1.81054e-08
1.52126e-08
1.25697e-08
9.2642e-09
8.37414e-09
7.94559e-09
8.44807e-09
1.22969e-08
1.5433e-08
1.36811e-08
5.70888e-09
0
0
0
0
0
0
0
0
0
0
0
0
0
0
0
0
0
0
0
0
0
0
0
0
0
0
0
0
0
0
0
0
0
0
0
0
0
0
0
0
0
0
0
0
0
0
0
0
0
0
0
0
0
0
0
0
0
0
0
0
0
0
0
0
0
0
0
0
0
0
0
0
0
0
0
0
0
0
0
0
0
0
0
0
0
0
0
0
0
0
0
0
0
0
6.13234e-08
4.22612e-08
0
0
0
0
0
0
0
0
0
0
0
0
0
0
0
0
0
0
0
0
0
0
0
0
0
0
0
0
0
0
0
0
0
0
0
0
1.58851e-08
8.86497e-08
1.6567e-07
2.28888e-07
2.80167e-07
3.17222e-07
3.27594e-07
3.21158e-07
3.53946e-07
2.65374e-07
1.95975e-07
1.82818e-07
1.85527e-07
1.94244e-07
3.59499e-07
3.31832e-07
1.80328e-07
1.2427e-07
1.03719e-07
9.43941e-08
8.49633e-08
7.41319e-08
6.47321e-08
5.78332e-08
5.29276e-08
5.04986e-08
5.14827e-08
5.41789e-08
5.5194e-08
5.23132e-08
4.47639e-08
3.65321e-08
3.10243e-08
3.01706e-08
3.13953e-08
3.0085e-08
2.69812e-08
2.31681e-08
1.98079e-08
1.76174e-08
1.41343e-08
1.2326e-08
1.26204e-08
1.36682e-08
1.74481e-08
2.10723e-08
2.02401e-08
1.33673e-08
7.65872e-10
0
0
0
0
0
0
0
0
0
0
0
0
0
0
0
0
0
0
0
0
0
0
0
0
0
0
0
0
0
0
0
0
0
0
0
0
0
0
0
0
0
0
0
0
0
0
0
0
0
0
0
0
0
0
0
0
0
0
0
0
0
0
0
0
0
0
0
0
0
0
0
0
0
0
0
0
0
0
0
0
0
0
0
0
0
0
0
0
0
0
0
0
2.5514e-08
9.48043e-08
3.03967e-09
0
0
0
0
0
0
0
0
0
0
0
0
0
0
0
0
0
0
0
0
0
0
0
0
0
0
0
0
0
0
0
0
0
0
0
8.70954e-09
7.84677e-08
1.52068e-07
2.21458e-07
2.80765e-07
3.29648e-07
3.62531e-07
3.6892e-07
3.21437e-07
1.90479e-07
1.46005e-07
1.4097e-07
1.46483e-07
1.51305e-07
2.65061e-07
3.82129e-07
2.2138e-07
1.59235e-07
1.2625e-07
1.12404e-07
1.04467e-07
9.41656e-08
8.30728e-08
7.4379e-08
6.79758e-08
6.31403e-08
6.1062e-08
6.24727e-08
6.57348e-08
6.73824e-08
6.54941e-08
5.75767e-08
4.54409e-08
3.56244e-08
3.17171e-08
3.26654e-08
3.29001e-08
3.06209e-08
2.74728e-08
2.43377e-08
2.25425e-08
1.9825e-08
1.74411e-08
1.77513e-08
1.92631e-08
2.29138e-08
2.6564e-08
2.57686e-08
1.99178e-08
7.73555e-09
0
0
0
0
0
0
0
0
0
0
0
0
0
0
0
0
0
0
0
0
0
0
0
0
0
0
0
0
0
0
0
0
0
0
0
0
0
0
0
0
0
0
0
0
0
0
0
0
0
0
0
0
0
0
0
0
0
0
0
0
0
0
0
0
0
0
0
0
0
0
0
0
0
0
0
0
0
0
0
0
0
0
0
0
0
0
0
0
0
5.70257e-09
6.22721e-08
0
0
0
0
0
0
0
0
0
0
0
0
0
0
0
0
0
0
0
0
0
0
0
0
0
0
0
0
0
0
0
0
0
0
0
0
0
0
0
2.04576e-08
9.29617e-08
1.68281e-07
2.39177e-07
2.99812e-07
3.40093e-07
3.96951e-07
2.8703e-07
1.96142e-07
1.56148e-07
1.3856e-07
1.31622e-07
1.28754e-07
2.17887e-07
3.82422e-07
2.34973e-07
1.73515e-07
1.36117e-07
1.20881e-07
1.15186e-07
1.1075e-07
1.02507e-07
9.21704e-08
8.48693e-08
7.9346e-08
7.46924e-08
7.1952e-08
7.27852e-08
7.57944e-08
7.76488e-08
7.64199e-08
6.91548e-08
5.43949e-08
3.99496e-08
3.22892e-08
3.20665e-08
3.38444e-08
3.31306e-08
3.09774e-08
2.86436e-08
2.72694e-08
2.56384e-08
2.32786e-08
2.33134e-08
2.50552e-08
2.85431e-08
3.20058e-08
3.04659e-08
2.45481e-08
1.40478e-08
0
0
0
0
0
0
0
0
0
0
0
0
0
0
0
0
0
0
0
0
0
0
0
0
0
0
0
0
0
0
0
0
0
0
0
0
0
0
0
0
0
0
0
0
0
0
0
0
0
0
0
0
0
0
0
0
0
0
0
0
0
0
0
0
0
0
0
0
0
0
0
0
0
0
0
0
0
0
0
0
0
0
0
0
0
0
0
0
1.5929e-07
1.38516e-07
6.09372e-08
0
0
0
0
0
0
0
0
0
0
0
0
0
0
0
0
0
0
0
0
0
0
0
0
0
0
0
0
0
0
0
0
0
0
0
0
0
0
0
3.57999e-08
1.02307e-07
1.68561e-07
2.25823e-07
3.01041e-07
2.93522e-07
2.19987e-07
1.87226e-07
1.69873e-07
1.52752e-07
1.32234e-07
1.25187e-07
2.10024e-07
3.52573e-07
2.30862e-07
1.78529e-07
1.44056e-07
1.2865e-07
1.23444e-07
1.21288e-07
1.16289e-07
1.06357e-07
9.72496e-08
9.24291e-08
8.86811e-08
8.40342e-08
8.06231e-08
8.02607e-08
8.25283e-08
8.43522e-08
8.37044e-08
7.72635e-08
6.16741e-08
4.37583e-08
3.24493e-08
3.05256e-08
3.31528e-08
3.43291e-08
3.34366e-08
3.21304e-08
3.1401e-08
3.08062e-08
2.89112e-08
2.86415e-08
3.03675e-08
3.35572e-08
3.66664e-08
3.38897e-08
2.66028e-08
1.75472e-08
3.5121e-09
0
0
0
0
0
0
0
0
0
0
0
0
0
0
0
0
0
0
0
0
0
0
0
0
0
0
0
0
0
0
0
0
0
0
0
0
0
0
0
0
0
0
0
0
0
0
0
0
0
0
0
0
0
0
0
0
0
0
0
0
0
0
0
0
0
0
0
0
0
0
0
0
0
0
0
0
0
0
0
0
0
0
0
0
0
0
0
3.26372e-08
6.69676e-08
4.19375e-08
0
0
0
0
0
0
0
0
0
0
0
0
0
0
0
0
0
0
0
0
0
0
0
0
0
0
0
0
0
0
0
0
0
0
0
0
0
0
0
0
4.23052e-08
1.16608e-07
1.87892e-07
1.7095e-07
1.57445e-07
1.57007e-07
1.57591e-07
1.51301e-07
1.28041e-07
1.30145e-07
2.29991e-07
3.04967e-07
2.13187e-07
1.71117e-07
1.44508e-07
1.29886e-07
1.23271e-07
1.22674e-07
1.21244e-07
1.16201e-07
1.08139e-07
1.00812e-07
9.75971e-08
9.50344e-08
9.04879e-08
8.54439e-08
8.31843e-08
8.38142e-08
8.51699e-08
8.48953e-08
7.94264e-08
6.44431e-08
4.5369e-08
3.18053e-08
2.82915e-08
3.08945e-08
3.36171e-08
3.40501e-08
3.3703e-08
3.3674e-08
3.39318e-08
3.27602e-08
3.23648e-08
3.38987e-08
3.6415e-08
3.85757e-08
3.44587e-08
2.5154e-08
1.63162e-08
5.89905e-09
0
0
0
0
0
0
0
0
0
0
0
0
0
0
0
0
0
0
0
0
0
0
0
0
0
0
0
0
0
0
0
0
0
0
0
0
0
0
0
0
0
0
0
0
0
0
0
0
0
0
0
0
0
0
0
0
0
0
0
0
0
0
0
0
0
0
0
0
0
0
0
0
0
0
0
0
0
0
0
0
0
0
0
0
0
0
0
0
9.79732e-09
1.99237e-08
1.19672e-08
4.35086e-10
0
0
0
0
0
0
0
0
0
0
0
0
0
0
0
0
0
0
0
0
0
0
0
0
0
0
0
0
0
0
0
0
0
0
0
0
0
0
8.90172e-09
6.83072e-08
9.41919e-08
1.09132e-07
1.2156e-07
1.31319e-07
1.32032e-07
1.16114e-07
1.41819e-07
2.59519e-07
2.54678e-07
1.92426e-07
1.5832e-07
1.39558e-07
1.26977e-07
1.21154e-07
1.21128e-07
1.22597e-07
1.20065e-07
1.13749e-07
1.04924e-07
1.00426e-07
9.88241e-08
9.6981e-08
9.33736e-08
8.78425e-08
8.40405e-08
8.31856e-08
8.37722e-08
8.32942e-08
7.77265e-08
6.37861e-08
4.55346e-08
3.14288e-08
2.68091e-08
2.87872e-08
3.23941e-08
3.40467e-08
3.44926e-08
3.50361e-08
3.60911e-08
3.58332e-08
3.55757e-08
3.69461e-08
3.85596e-08
3.90755e-08
3.36833e-08
2.23507e-08
1.21795e-08
4.53823e-09
0
0
0
0
0
0
0
0
0
0
0
0
0
0
0
0
0
0
0
0
0
0
0
0
0
0
0
0
0
0
0
0
0
0
0
0
0
0
4.69285e-14
1.31119e-13
1.78335e-13
2.0426e-13
2.35227e-13
2.4957e-13
2.39273e-13
2.15364e-13
1.86569e-13
1.79121e-13
1.81474e-13
1.74238e-13
1.61478e-13
1.37862e-13
9.55214e-14
5.59315e-14
2.93642e-14
0
0
0
0
0
0
0
0
0
0
0
0
0
0
0
0
0
0
0
0
0
0
0
0
0
0
0
0
0
0
0
0
0
0
1.36187e-09
2.90147e-09
4.17986e-09
1.64598e-09
0
0
0
0
0
0
0
0
0
0
0
0
0
0
0
0
0
0
0
0
0
0
0
0
0
0
0
0
0
0
0
0
0
0
0
0
0
1.27314e-08
3.98798e-08
5.98523e-08
7.71199e-08
9.21878e-08
9.3929e-08
1.02035e-07
1.60993e-07
2.60541e-07
2.10435e-07
1.69059e-07
1.41637e-07
1.25727e-07
1.16529e-07
1.14409e-07
1.16205e-07
1.16576e-07
1.14491e-07
1.1105e-07
1.05676e-07
1.00607e-07
9.82291e-08
9.74268e-08
9.58747e-08
9.23077e-08
8.60079e-08
8.08307e-08
7.87359e-08
7.84483e-08
7.74672e-08
7.17868e-08
5.92781e-08
4.33764e-08
3.06184e-08
2.56671e-08
2.66591e-08
3.01887e-08
3.25989e-08
3.36218e-08
3.45902e-08
3.64241e-08
3.71664e-08
3.70662e-08
3.81917e-08
3.90034e-08
3.77488e-08
3.12122e-08
1.84018e-08
6.52977e-09
3.3204e-10
0
0
0
0
0
0
0
0
0
0
0
0
0
0
0
0
0
0
0
0
0
0
0
0
0
0
0
0
0
6.96485e-13
1.8679e-12
2.59624e-12
2.99058e-12
3.15127e-12
3.14583e-12
3.029e-12
2.85856e-12
2.6649e-12
2.45236e-12
2.22719e-12
2.01427e-12
1.81889e-12
1.63423e-12
1.44962e-12
1.28118e-12
1.14184e-12
1.02237e-12
9.11624e-13
8.1056e-13
7.16874e-13
6.2766e-13
5.3946e-13
4.54314e-13
3.82593e-13
3.22183e-13
2.60117e-13
1.92623e-13
1.20442e-13
4.20978e-14
0
0
0
0
0
0
0
0
0
0
0
0
0
0
0
0
0
0
0
0
0
0
0
0
0
0
0
0
0
0
0
0
0
0
0
0
0
0
0
0
0
0
0
0
0
0
0
0
0
0
0
0
0
0
0
0
0
0
0
0
0
0
0
0
0
0
0
0
0
0
0
5.13588e-09
2.22186e-08
3.86408e-08
4.99565e-08
6.15895e-08
9.11753e-08
1.92834e-07
2.22311e-07
1.70713e-07
1.41745e-07
1.2137e-07
1.07849e-07
1.02329e-07
1.06385e-07
1.10616e-07
1.09992e-07
1.06844e-07
1.04661e-07
1.0257e-07
9.93961e-08
9.52901e-08
9.32219e-08
9.24856e-08
9.1001e-08
8.79601e-08
8.24254e-08
7.65269e-08
7.34026e-08
7.21264e-08
7.01988e-08
6.38786e-08
5.31484e-08
4.0495e-08
3.0404e-08
2.58833e-08
2.59529e-08
2.86958e-08
3.1209e-08
3.24865e-08
3.37134e-08
3.62841e-08
3.80463e-08
3.80503e-08
3.88343e-08
3.91271e-08
3.64044e-08
2.86369e-08
1.45329e-08
7.24972e-10
0
0
0
0
0
0
0
0
0
0
0
0
0
0
0
0
0
0
0
0
0
0
0
0
0
0
2.03007e-12
5.15509e-12
7.42495e-12
8.94641e-12
9.82917e-12
1.01791e-11
1.01164e-11
9.76293e-12
9.21984e-12
8.56838e-12
7.8734e-12
7.17743e-12
6.49219e-12
5.82614e-12
5.19975e-12
4.62577e-12
4.09748e-12
3.61427e-12
3.18031e-12
2.79835e-12
2.46131e-12
2.1585e-12
1.88366e-12
1.6431e-12
1.43184e-12
1.24231e-12
1.07417e-12
9.2622e-13
7.93539e-13
6.71923e-13
5.58452e-13
4.505e-13
3.46194e-13
2.4255e-13
1.35553e-13
2.04721e-14
0
0
0
0
0
0
0
0
0
0
0
0
0
0
0
0
0
0
0
0
0
0
0
0
0
0
3.77594e-10
5.96785e-10
0
0
0
0
0
0
0
0
0
0
0
0
0
0
0
0
0
0
0
0
0
0
0
0
0
0
0
0
0
0
0
0
0
0
0
0
0
0
0
0
9.86473e-10
1.29998e-08
2.15784e-08
3.02365e-08
4.62339e-08
9.69968e-08
1.88424e-07
1.56231e-07
1.26802e-07
1.11137e-07
9.97945e-08
9.18e-08
9.24091e-08
9.97731e-08
1.05187e-07
1.03593e-07
9.79987e-08
9.51171e-08
9.54832e-08
9.50225e-08
9.26448e-08
8.93796e-08
8.76194e-08
8.68354e-08
8.52186e-08
8.21128e-08
7.65141e-08
7.0769e-08
6.74028e-08
6.54733e-08
6.26951e-08
5.63751e-08
4.69669e-08
3.75511e-08
3.07641e-08
2.732e-08
2.67331e-08
2.83611e-08
3.03032e-08
3.13447e-08
3.24915e-08
3.56061e-08
3.84796e-08
3.86358e-08
3.89222e-08
3.88458e-08
3.50904e-08
2.5874e-08
1.07021e-08
0
0
0
0
0
0
0
0
0
0
0
0
0
0
0
0
0
0
0
0
0
0
0
0
2.16931e-12
7.63904e-12
1.19991e-11
1.53155e-11
1.76697e-11
1.91562e-11
1.988e-11
1.99503e-11
1.94929e-11
1.86435e-11
1.75328e-11
1.62792e-11
1.4978e-11
1.3679e-11
1.24038e-11
1.11725e-11
1.00094e-11
8.931e-12
7.93748e-12
7.02437e-12
6.19708e-12
5.45531e-12
4.79167e-12
4.19942e-12
3.67292e-12
3.20582e-12
2.79451e-12
2.43084e-12
2.10847e-12
1.82506e-12
1.57433e-12
1.34963e-12
1.1492e-12
9.69969e-13
8.05723e-13
6.51895e-13
5.05039e-13
3.6097e-13
2.14505e-13
5.8922e-14
0
0
0
0
0
0
0
0
0
0
0
0
0
0
0
0
0
0
0
0
0
0
0
0
0
1.6913e-09
1.84773e-09
0
0
0
0
1.19089e-09
1.11357e-09
2.78978e-10
0
0
0
0
0
0
0
0
0
0
0
0
9.49672e-10
2.30528e-09
7.15157e-10
0
0
0
0
0
0
0
0
0
0
0
0
0
0
0
0
0
5.69315e-09
1.20657e-08
1.7665e-08
2.60341e-08
5.08326e-08
1.11495e-07
1.1006e-07
9.40925e-08
8.63877e-08
8.31235e-08
8.12473e-08
8.24083e-08
8.76971e-08
9.44934e-08
9.69908e-08
9.47134e-08
8.91213e-08
8.55968e-08
8.74134e-08
9.01713e-08
9.01716e-08
8.74851e-08
8.36492e-08
8.14315e-08
8.02077e-08
7.84307e-08
7.55028e-08
7.06515e-08
6.53137e-08
6.18872e-08
5.92346e-08
5.55356e-08
4.95588e-08
4.15765e-08
3.51532e-08
3.16007e-08
2.95913e-08
2.8648e-08
2.90747e-08
2.99911e-08
3.03024e-08
3.09164e-08
3.42125e-08
3.82635e-08
3.87703e-08
3.84371e-08
3.80145e-08
3.36357e-08
2.29502e-08
6.88021e-09
0
0
0
0
0
0
0
0
0
0
0
0
0
0
0
0
0
0
0
0
0
0
5.0374e-12
1.2337e-11
1.82978e-11
2.29998e-11
2.65486e-11
2.90502e-11
3.06039e-11
3.1305e-11
3.12494e-11
3.05397e-11
2.93028e-11
2.76895e-11
2.58528e-11
2.39215e-11
2.19768e-11
2.00531e-11
1.81801e-11
1.63946e-11
1.47177e-11
1.31535e-11
1.1704e-11
1.03743e-11
9.16882e-12
8.08171e-12
7.10488e-12
6.23183e-12
5.45428e-12
4.76245e-12
4.14873e-12
3.60572e-12
3.12643e-12
2.70469e-12
2.33301e-12
2.00447e-12
1.71416e-12
1.45624e-12
1.22348e-12
1.01051e-12
8.12982e-13
6.25993e-13
4.43997e-13
2.5932e-13
6.19156e-14
0
0
0
0
0
0
0
0
0
0
0
0
0
0
0
0
0
0
0
0
0
0
0
0
0
3.42015e-09
5.64904e-09
5.40234e-09
4.89805e-09
5.24175e-09
4.64804e-09
2.47729e-09
0
0
0
0
0
0
0
0
0
0
0
0
0
0
0
0
0
0
0
0
0
0
0
0
0
0
0
0
0
0
0
1.81597e-09
6.27313e-09
1.28062e-08
2.24978e-08
3.92611e-08
5.48181e-08
5.39053e-08
5.34535e-08
5.60975e-08
6.14842e-08
6.70186e-08
7.26428e-08
7.74481e-08
8.13564e-08
8.39415e-08
8.38554e-08
8.13954e-08
7.80087e-08
7.59579e-08
7.91696e-08
8.39142e-08
8.52542e-08
8.37654e-08
7.91024e-08
7.4598e-08
7.23029e-08
7.10877e-08
6.93611e-08
6.66829e-08
6.26452e-08
5.8669e-08
5.57647e-08
5.29794e-08
4.89209e-08
4.30164e-08
3.65011e-08
3.29901e-08
3.23346e-08
3.19118e-08
3.09924e-08
3.04488e-08
3.02371e-08
2.94375e-08
2.91333e-08
3.21117e-08
3.7177e-08
3.84223e-08
3.74733e-08
3.6615e-08
3.19436e-08
1.99739e-08
3.07962e-09
0
0
0
0
0
0
0
0
0
0
0
0
0
0
0
0
0
0
0
0
4.01035e-12
1.391e-11
2.22988e-11
2.91041e-11
3.43811e-11
3.82997e-11
4.10268e-11
4.27025e-11
4.34399e-11
4.33396e-11
4.25049e-11
4.10523e-11
3.91085e-11
3.68271e-11
3.43601e-11
3.18217e-11
2.92733e-11
2.67542e-11
2.43085e-11
2.19761e-11
1.97745e-11
1.77098e-11
1.57955e-11
1.40398e-11
1.24403e-11
1.099e-11
9.68317e-12
8.51151e-12
7.46298e-12
6.52594e-12
5.69175e-12
4.95249e-12
4.29962e-12
3.72497e-12
3.22008e-12
2.77602e-12
2.38529e-12
2.04068e-12
1.73412e-12
1.45896e-12
1.20902e-12
9.77924e-13
7.586e-13
5.4324e-13
3.21526e-13
7.83687e-14
0
0
0
0
0
0
0
0
0
0
0
0
0
0
0
0
0
0
0
0
0
0
0
0
0
0
0
0
0
5.26432e-09
9.42705e-09
7.95009e-09
3.69353e-09
0
0
0
0
0
0
1.34711e-09
5.19581e-09
8.45633e-09
7.58946e-09
0
0
0
0
0
0
0
0
0
0
0
0
0
0
0
0
0
0
0
1.30227e-09
8.0965e-09
1.87983e-08
2.60093e-08
2.96485e-08
3.29789e-08
3.79643e-08
4.47466e-08
5.24144e-08
5.93607e-08
6.38404e-08
6.60041e-08
6.63789e-08
6.60367e-08
6.5477e-08
6.49337e-08
6.45585e-08
6.59131e-08
7.08002e-08
7.62374e-08
7.80539e-08
7.74041e-08
7.38514e-08
6.8325e-08
6.45942e-08
6.28817e-08
6.21112e-08
6.05724e-08
5.84012e-08
5.54962e-08
5.25478e-08
4.99787e-08
4.67911e-08
4.24752e-08
3.69207e-08
3.20089e-08
3.104e-08
3.25834e-08
3.34586e-08
3.28624e-08
3.18339e-08
3.06751e-08
2.87534e-08
2.7335e-08
2.94244e-08
3.50615e-08
3.74338e-08
3.60987e-08
3.46731e-08
2.99619e-08
1.70851e-08
0
0
0
0
0
0
0
0
0
0
0
0
0
0
0
0
0
0
0
0
9.03241e-12
2.0086e-11
2.98106e-11
3.80168e-11
4.45658e-11
4.94563e-11
5.2803e-11
5.48158e-11
5.57071e-11
5.56365e-11
5.47202e-11
5.30706e-11
5.08409e-11
4.8217e-11
4.53499e-11
4.2357e-11
3.93273e-11
3.63139e-11
3.33475e-11
3.04488e-11
2.7641e-11
2.49545e-11
2.24215e-11
2.00629e-11
1.78841e-11
1.58832e-11
1.4058e-11
1.24055e-11
1.09167e-11
9.58001e-12
8.38482e-12
7.32058e-12
6.37664e-12
5.5422e-12
4.80722e-12
4.16156e-12
3.59452e-12
3.09656e-12
2.65884e-12
2.27262e-12
1.92981e-12
1.62368e-12
1.34738e-12
1.09315e-12
8.5199e-13
6.13666e-13
3.63619e-13
7.87955e-14
0
0
0
0
0
0
0
0
0
0
0
0
0
0
0
0
0
0
0
0
0
0
1.51885e-08
1.42444e-08
1.22188e-08
9.57866e-09
8.27154e-09
1.06553e-08
1.80258e-08
2.78794e-08
3.4406e-08
3.40539e-08
2.81291e-08
1.94567e-08
9.78663e-09
0
0
0
0
0
0
0
0
0
0
0
0
0
0
0
0
0
0
0
0
0
0
0
0
0
1.58771e-11
9.88746e-09
1.72432e-08
2.23535e-08
2.64162e-08
3.0286e-08
3.4544e-08
3.92358e-08
4.38045e-08
4.72185e-08
4.86687e-08
4.90675e-08
4.95033e-08
5.0587e-08
5.21232e-08
5.34887e-08
5.45836e-08
5.65672e-08
6.06161e-08
6.5144e-08
6.73024e-08
6.77186e-08
6.60453e-08
6.09656e-08
5.60704e-08
5.35055e-08
5.26591e-08
5.2111e-08
5.08832e-08
4.9461e-08
4.78447e-08
4.59223e-08
4.38245e-08
4.08979e-08
3.63588e-08
3.097e-08
2.76368e-08
2.8892e-08
3.19344e-08
3.36312e-08
3.3502e-08
3.24333e-08
3.07195e-08
2.78942e-08
2.53957e-08
2.64419e-08
3.19124e-08
3.55636e-08
3.43648e-08
3.2333e-08
2.77527e-08
1.43511e-08
0
0
0
0
0
0
0
0
0
0
0
0
0
0
0
0
0
0
0
1.11336e-11
2.27324e-11
3.32298e-11
4.265e-11
5.05947e-11
5.68467e-11
6.13997e-11
6.43744e-11
6.59497e-11
6.63236e-11
6.56995e-11
6.42555e-11
6.21316e-11
5.9448e-11
5.63453e-11
5.2987e-11
4.95108e-11
4.6005e-11
4.25246e-11
3.91113e-11
3.58043e-11
3.26346e-11
2.96165e-11
2.67644e-11
2.40879e-11
2.15941e-11
1.9287e-11
1.71673e-11
1.52302e-11
1.34667e-11
1.18662e-11
1.04208e-11
9.12346e-12
7.96495e-12
6.93567e-12
6.02611e-12
5.22558e-12
4.52247e-12
3.90592e-12
3.36612e-12
2.8933e-12
2.47862e-12
2.11386e-12
1.79103e-12
1.50222e-12
1.23874e-12
9.90742e-13
7.46632e-13
4.8966e-13
1.88247e-13
0
0
0
0
0
0
0
0
0
0
0
0
0
0
0
0
0
0
0
0
0
2.32852e-08
1.64807e-08
7.72123e-09
0
0
0
0
0
4.81555e-09
1.6552e-08
2.3726e-08
2.17299e-08
9.61778e-09
0
0
0
0
0
0
0
0
0
0
0
0
0
0
0
0
0
0
0
0
0
0
0
2.87834e-10
6.39414e-09
1.12276e-08
1.50371e-08
1.80128e-08
2.071e-08
2.34972e-08
2.62512e-08
2.87924e-08
3.11738e-08
3.34438e-08
3.55299e-08
3.75588e-08
3.97734e-08
4.22116e-08
4.42437e-08
4.53582e-08
4.53322e-08
4.54089e-08
4.72018e-08
5.06245e-08
5.33724e-08
5.51439e-08
5.53725e-08
5.20811e-08
4.72252e-08
4.40569e-08
4.32012e-08
4.32643e-08
4.30849e-08
4.23589e-08
4.17036e-08
4.10361e-08
3.97971e-08
3.79856e-08
3.49223e-08
2.99861e-08
2.48271e-08
2.30437e-08
2.60357e-08
2.98951e-08
3.20013e-08
3.23033e-08
3.14802e-08
2.96682e-08
2.62409e-08
2.2815e-08
2.31623e-08
2.7875e-08
3.25244e-08
3.22145e-08
2.98213e-08
2.55592e-08
1.21801e-08
0
0
0
0
0
0
0
0
0
0
0
0
0
0
0
0
0
0
1.16509e-11
2.4096e-11
3.31893e-11
4.21898e-11
5.08463e-11
5.84126e-11
6.44274e-11
6.87416e-11
7.14325e-11
7.26941e-11
7.27353e-11
7.17437e-11
6.99e-11
6.73972e-11
6.4439e-11
6.12092e-11
5.78401e-11
5.43987e-11
5.09024e-11
4.73595e-11
4.37975e-11
4.02645e-11
3.68164e-11
3.34993e-11
3.03419e-11
2.73667e-11
2.45922e-11
2.20274e-11
1.96709e-11
1.7516e-11
1.55534e-11
1.37713e-11
1.21571e-11
1.07e-11
9.39198e-12
8.22447e-12
7.18746e-12
6.26928e-12
5.45801e-12
4.74282e-12
4.11425e-12
3.56306e-12
3.08057e-12
2.65852e-12
2.28939e-12
1.96542e-12
1.67994e-12
1.4264e-12
1.19937e-12
9.95502e-13
8.27428e-13
6.33322e-13
0
0
0
0
0
0
0
0
0
0
0
0
0
0
0
0
0
0
0
0
0
0
0
0
0
0
0
0
0
0
0
0
0
0
0
0
0
0
0
0
0
0
0
0
0
0
0
0
0
0
0
0
0
0
0
0
0
0
2.076e-09
4.97222e-09
8.16417e-09
1.15432e-08
1.50696e-08
1.86569e-08
2.21612e-08
2.54161e-08
2.83491e-08
3.09177e-08
3.30384e-08
3.4619e-08
3.55347e-08
3.56509e-08
3.49411e-08
3.43643e-08
3.53477e-08
3.80673e-08
4.08983e-08
4.30548e-08
4.41513e-08
4.27392e-08
3.87713e-08
3.54653e-08
3.46414e-08
3.50297e-08
3.54384e-08
3.53508e-08
3.49951e-08
3.48306e-08
3.46387e-08
3.38133e-08
3.21452e-08
2.913e-08
2.41131e-08
1.95207e-08
1.9195e-08
2.3284e-08
2.74155e-08
2.95229e-08
3.00621e-08
2.95026e-08
2.77903e-08
2.41708e-08
1.99228e-08
1.99222e-08
2.3895e-08
2.88445e-08
2.99981e-08
2.77613e-08
2.39258e-08
1.13951e-08
0
0
0
0
0
0
0
0
0
0
0
0
0
0
0
0
0
8.55007e-12
3.10564e-11
3.80381e-11
4.22034e-11
4.7937e-11
5.47755e-11
6.13463e-11
6.67886e-11
7.07646e-11
7.32415e-11
7.43238e-11
7.41726e-11
7.29759e-11
7.09417e-11
6.8284e-11
6.52174e-11
6.19315e-11
5.85636e-11
5.51846e-11
5.18187e-11
4.84737e-11
4.51575e-11
4.18801e-11
3.86548e-11
3.55e-11
3.24384e-11
2.94967e-11
2.66997e-11
2.40644e-11
2.16009e-11
1.93156e-11
1.72104e-11
1.52824e-11
1.35267e-11
1.19375e-11
1.05075e-11
9.22768e-12
8.0875e-12
7.07536e-12
6.17973e-12
5.39001e-12
4.6968e-12
4.09091e-12
3.56353e-12
3.10597e-12
2.71057e-12
2.37013e-12
2.07949e-12
1.83551e-12
1.64013e-12
1.50286e-12
1.46414e-12
1.59942e-12
0
0
0
0
0
0
0
0
0
0
0
0
0
0
0
0
0
0
0
0
0
0
0
0
0
0
0
0
0
0
0
0
0
0
0
0
0
0
0
0
0
0
0
0
0
0
0
0
0
0
0
0
0
0
0
0
0
0
0
3.11973e-09
8.22633e-09
1.30958e-08
1.72735e-08
2.05115e-08
2.28262e-08
2.4407e-08
2.55593e-08
2.65497e-08
2.74612e-08
2.80915e-08
2.82018e-08
2.79909e-08
2.80175e-08
2.9067e-08
3.11852e-08
3.34255e-08
3.50464e-08
3.58066e-08
3.51708e-08
3.24361e-08
2.97231e-08
2.90626e-08
2.99218e-08
3.07243e-08
3.11382e-08
3.11397e-08
3.09223e-08
3.08237e-08
3.06642e-08
2.99763e-08
2.8392e-08
2.53377e-08
2.03783e-08
1.66019e-08
1.74424e-08
2.18839e-08
2.59101e-08
2.78583e-08
2.84746e-08
2.80818e-08
2.6487e-08
2.2932e-08
1.80662e-08
1.76307e-08
2.13995e-08
2.60348e-08
2.86071e-08
2.71944e-08
2.38086e-08
1.31014e-08
0
0
0
0
0
0
0
0
0
0
0
0
0
0
0
0
0
4.60423e-11
5.9513e-11
5.72427e-11
5.2865e-11
5.23733e-11
5.55401e-11
6.00082e-11
6.421e-11
6.74305e-11
6.94549e-11
7.02854e-11
7.00061e-11
6.87547e-11
6.67129e-11
6.40921e-11
6.11063e-11
5.7934e-11
5.46925e-11
5.14436e-11
4.82219e-11
4.50531e-11
4.19587e-11
3.89612e-11
3.60798e-11
3.33185e-11
3.06748e-11
2.81476e-11
2.57379e-11
2.34463e-11
2.12727e-11
1.92195e-11
1.72957e-11
1.55055e-11
1.38493e-11
1.23271e-11
1.09384e-11
9.68019e-12
8.54707e-12
7.53147e-12
6.6251e-12
5.82014e-12
5.10958e-12
4.48628e-12
3.94316e-12
3.47267e-12
3.06866e-12
2.72527e-12
2.44006e-12
2.21301e-12
2.0516e-12
1.96886e-12
1.97525e-12
1.68216e-12
1.62074e-13
0
0
0
0
0
0
0
0
0
0
0
0
0
0
0
0
0
0
0
1.22033e-07
4.40673e-08
0
0
0
0
0
5.50591e-09
0
0
0
0
0
0
0
0
0
0
0
0
0
0
0
0
0
0
0
0
0
0
0
0
0
0
0
1.32428e-09
5.05107e-09
9.0614e-09
1.29309e-08
1.60527e-08
1.80191e-08
1.8826e-08
1.88384e-08
1.85163e-08
1.82666e-08
1.84209e-08
1.90419e-08
1.99578e-08
2.08264e-08
2.13411e-08
2.15037e-08
2.16104e-08
2.20056e-08
2.28555e-08
2.40702e-08
2.52894e-08
2.60302e-08
2.58355e-08
2.42072e-08
2.1877e-08
2.07036e-08
2.13332e-08
2.26143e-08
2.34907e-08
2.38893e-08
2.3829e-08
2.35708e-08
2.34786e-08
2.34815e-08
2.31869e-08
2.21293e-08
1.95796e-08
1.54457e-08
1.27964e-08
1.38636e-08
1.73574e-08
2.07008e-08
2.23876e-08
2.28911e-08
2.24001e-08
2.0691e-08
1.73394e-08
1.25814e-08
1.1904e-08
1.60377e-08
2.0081e-08
2.32246e-08
2.33391e-08
2.13884e-08
1.50425e-08
0
0
0
0
0
0
0
0
0
0
0
0
0
0
0
0
2.29163e-11
7.43881e-11
8.09123e-11
7.07427e-11
5.80705e-11
4.91043e-11
4.59783e-11
4.70023e-11
4.94891e-11
5.1842e-11
5.34358e-11
5.41699e-11
5.41002e-11
5.33311e-11
5.19814e-11
5.01855e-11
4.80758e-11
4.57541e-11
4.32852e-11
4.07221e-11
3.8125e-11
3.55542e-11
3.30526e-11
3.06351e-11
2.83024e-11
2.60646e-11
2.3936e-11
2.19298e-11
2.00548e-11
1.83132e-11
1.67003e-11
1.52052e-11
1.38095e-11
1.25026e-11
1.12812e-11
1.01462e-11
9.10019e-12
8.1429e-12
7.27127e-12
6.4807e-12
5.76684e-12
5.12605e-12
4.55556e-12
4.05186e-12
3.61102e-12
3.22775e-12
2.89827e-12
2.61873e-12
2.38947e-12
2.21239e-12
2.09646e-12
2.04396e-12
2.02289e-12
1.67427e-12
8.68637e-13
4.75552e-13
2.42718e-13
1.05367e-13
3.19951e-14
0
0
0
0
0
0
0
0
0
0
0
0
0
0
0
8.50285e-08
3.72399e-08
0
0
0
0
0
0
0
0
0
0
0
0
0
0
0
0
0
0
0
0
0
0
0
0
8.9257e-09
1.67461e-08
1.72178e-08
1.45052e-08
1.16047e-08
1.00693e-08
1.04931e-08
1.24925e-08
1.49755e-08
1.6972e-08
1.80708e-08
1.83004e-08
1.78286e-08
1.67469e-08
1.51265e-08
1.31045e-08
1.09287e-08
8.92827e-09
7.50024e-09
6.84373e-09
6.87458e-09
7.27585e-09
7.68111e-09
7.81101e-09
7.52221e-09
6.8399e-09
6.11668e-09
6.04424e-09
6.87968e-09
8.09513e-09
8.86393e-09
8.49866e-09
6.78199e-09
4.58507e-09
3.5053e-09
4.22514e-09
5.75432e-09
6.95862e-09
7.49775e-09
7.45404e-09
7.25214e-09
7.41384e-09
8.01512e-09
8.63303e-09
8.69253e-09
7.55778e-09
5.31948e-09
3.83732e-09
3.95893e-09
5.69999e-09
8.44242e-09
1.03021e-08
1.07401e-08
1.00554e-08
8.44751e-09
5.58329e-09
1.12815e-09
0
4.35469e-09
8.15027e-09
1.04754e-08
1.16399e-08
1.18994e-08
1.17514e-08
0
0
0
0
0
0
0
0
0
0
0
0
0
0
0
0
0
4.67821e-11
6.86399e-11
6.42891e-11
5.23166e-11
4.10327e-11
3.36368e-11
3.0904e-11
3.11654e-11
3.26004e-11
3.41754e-11
3.53781e-11
3.60265e-11
3.61171e-11
3.57324e-11
3.49966e-11
3.40308e-11
3.29046e-11
3.1639e-11
3.02448e-11
2.8741e-11
2.71532e-11
2.55092e-11
2.3837e-11
2.21629e-11
2.05088e-11
1.8897e-11
1.73469e-11
1.58681e-11
1.44697e-11
1.3158e-11
1.19352e-11
1.08011e-11
9.75363e-12
8.78953e-12
7.90474e-12
7.09424e-12
6.35462e-12
5.68262e-12
5.07469e-12
4.52792e-12
4.03998e-12
3.60883e-12
3.23122e-12
2.90366e-12
2.62175e-12
2.38242e-12
2.18296e-12
2.02444e-12
1.90592e-12
1.8341e-12
1.7979e-12
1.75632e-12
1.52865e-12
1.08607e-12
7.13597e-13
4.77621e-13
3.21725e-13
2.36447e-13
1.72272e-13
1.40392e-13
1.08667e-13
9.25408e-14
6.29111e-14
4.38504e-14
0
0
0
0
0
0
0
0
0
1.02214e-09
1.51509e-08
1.64674e-08
4.58844e-09
0
0
0
0
0
0
0
0
0
0
0
0
0
0
0
0
0
0
0
0
2.07115e-08
4.24267e-08
5.55071e-08
5.93309e-08
5.56756e-08
4.77393e-08
3.90797e-08
3.27295e-08
3.00034e-08
2.99058e-08
3.0215e-08
2.91563e-08
2.62496e-08
2.19521e-08
1.67649e-08
1.10993e-08
5.15256e-09
0
0
0
0
0
0
0
0
0
0
0
0
0
0
0
0
0
0
0
0
0
0
0
0
0
0
0
0
0
0
0
0
0
0
0
0
0
0
0
0
0
0
0
0
0
0
0
0
0
2.88259e-09
0
0
0
0
0
0
0
0
0
0
0
0
0
0
0
0
0
0
2.35203e-11
2.77504e-11
2.41011e-11
1.91427e-11
1.53709e-11
1.37433e-11
1.39116e-11
1.48878e-11
1.60036e-11
1.69838e-11
1.76903e-11
1.81028e-11
1.8298e-11
1.83303e-11
1.82163e-11
1.79587e-11
1.75635e-11
1.70466e-11
1.64302e-11
1.5736e-11
1.49851e-11
1.41961e-11
1.33853e-11
1.25635e-11
1.17431e-11
1.09419e-11
1.01663e-11
9.41531e-12
8.68821e-12
7.98599e-12
7.31159e-12
6.66913e-12
6.06311e-12
5.49719e-12
4.97308e-12
4.49069e-12
4.04923e-12
3.64821e-12
3.28785e-12
2.96798e-12
2.68712e-12
2.44364e-12
2.23456e-12
2.05858e-12
1.9144e-12
1.80325e-12
1.72279e-12
1.67749e-12
1.64751e-12
1.60353e-12
1.44444e-12
1.17116e-12
8.77831e-13
6.70658e-13
5.12597e-13
4.34022e-13
3.77335e-13
3.60736e-13
3.46855e-13
3.81136e-13
4.00401e-13
4.91301e-13
4.95463e-13
6.0542e-13
3.77727e-13
1.66823e-13
0
0
0
0
0
0
3.57983e-08
7.71444e-08
1.00251e-07
1.04309e-07
9.19328e-08
7.04624e-08
4.92117e-08
3.32331e-08
2.01977e-08
1.55005e-09
0
0
0
0
0
0
0
0
0
0
0
0
0
0
1.78904e-09
1.68621e-08
3.28386e-08
4.68214e-08
5.67245e-08
6.18508e-08
6.24114e-08
5.89882e-08
5.27246e-08
4.50838e-08
3.70817e-08
2.8869e-08
1.99412e-08
9.72418e-09
0
0
0
0
0
0
0
0
0
0
0
0
0
0
0
0
0
0
0
0
0
0
0
0
0
0
0
0
0
0
0
0
0
0
0
0
0
0
0
0
0
0
0
0
0
0
0
0
0
0
0
7.23198e-10
1.54097e-09
0
0
0
0
0
0
0
0
0
0
0
0
0
0
0
0
0
0
0
0
3.95526e-12
4.78714e-12
4.32678e-12
3.8602e-12
3.90099e-12
4.39828e-12
5.09421e-12
5.85301e-12
6.52125e-12
7.15432e-12
7.71568e-12
8.15494e-12
8.49559e-12
8.72378e-12
8.84695e-12
8.87629e-12
8.8198e-12
8.68984e-12
8.49686e-12
8.25114e-12
7.96308e-12
7.64299e-12
7.30056e-12
6.94262e-12
6.57306e-12
6.19451e-12
5.81017e-12
5.42429e-12
5.04176e-12
4.66764e-12
4.30661e-12
3.96226e-12
3.63704e-12
3.33244e-12
3.05036e-12
2.79252e-12
2.55946e-12
2.35096e-12
2.16653e-12
2.00503e-12
1.86803e-12
1.75466e-12
1.66733e-12
1.60584e-12
1.56824e-12
1.53765e-12
1.49904e-12
1.37887e-12
1.19992e-12
9.90925e-13
8.17384e-13
6.92702e-13
6.40018e-13
5.99966e-13
6.2722e-13
6.68771e-13
8.19425e-13
9.81726e-13
1.34625e-12
1.6434e-12
2.32905e-12
2.41616e-12
3.14121e-12
1.70079e-12
4.57486e-13
0
0
0
1.40981e-07
1.54282e-07
1.68826e-07
1.76561e-07
1.70562e-07
1.50618e-07
1.22628e-07
9.63238e-08
8.44074e-08
9.81542e-08
1.25185e-07
1.30421e-07
9.8644e-08
4.2775e-08
0
0
0
0
2.72345e-08
5.90933e-08
7.89767e-08
8.3285e-08
7.18136e-08
4.65149e-08
1.2548e-08
0
0
0
0
2.54188e-08
5.84951e-08
7.46347e-08
7.42718e-08
6.28256e-08
4.58246e-08
2.67181e-08
6.82216e-09
0
0
0
0
0
0
0
0
0
0
0
0
0
0
0
0
0
0
0
0
0
0
0
0
0
0
0
0
0
0
0
0
0
0
0
0
0
0
0
0
0
0
0
0
0
0
0
0
0
0
0
0
0
0
5.47967e-09
0
0
0
0
0
0
0
0
0
0
0
0
0
0
0
0
0
0
0
0
0
0
0
0
2.11844e-13
4.57613e-13
6.87659e-13
9.7441e-13
1.34451e-12
1.76693e-12
2.20469e-12
2.65545e-12
3.08498e-12
3.46137e-12
3.81692e-12
4.13039e-12
4.38246e-12
4.57711e-12
4.71546e-12
4.8042e-12
4.84911e-12
4.8559e-12
4.8285e-12
4.76914e-12
4.67915e-12
4.5602e-12
4.41511e-12
4.24756e-12
4.06148e-12
3.8609e-12
3.65031e-12
3.43448e-12
3.21809e-12
3.00512e-12
2.79972e-12
2.60386e-12
2.42038e-12
2.25084e-12
2.09607e-12
1.95652e-12
1.83533e-12
1.73173e-12
1.6497e-12
1.58858e-12
1.54342e-12
1.50471e-12
1.45994e-12
1.3558e-12
1.24235e-12
1.07619e-12
9.54566e-13
8.69849e-13
8.48025e-13
8.38018e-13
9.35316e-13
1.05861e-12
1.39148e-12
1.76332e-12
2.59981e-12
3.37142e-12
5.13711e-12
6.03858e-12
9.39521e-12
7.51317e-12
9.59943e-12
0
0
0
4.0657e-07
4.93215e-07
5.18384e-07
4.89258e-07
3.89777e-07
2.23984e-07
9.15096e-08
7.10362e-08
1.27435e-07
1.98263e-07
2.47921e-07
2.61722e-07
2.41329e-07
1.95919e-07
1.36357e-07
7.38839e-08
2.18201e-08
0
0
4.46952e-08
1.19107e-07
1.90837e-07
2.20495e-07
1.8134e-07
8.43445e-08
0
0
3.99117e-08
9.37902e-08
1.28343e-07
1.44306e-07
1.4408e-07
1.30873e-07
1.07335e-07
7.57822e-08
3.97135e-08
4.21975e-09
0
0
0
0
0
0
0
0
0
0
0
0
0
0
0
0
0
0
0
0
0
0
0
0
0
0
0
0
0
0
0
0
0
0
0
0
0
0
0
0
0
0
0
0
0
0
0
0
0
0
0
0
0
0
0
0
0
0
0
0
0
0
0
0
0
0
0
0
0
0
0
0
0
0
0
0
0
0
0
0
0
0
0
0
5.94069e-14
2.99989e-13
5.47166e-13
8.14041e-13
1.10808e-12
1.42686e-12
1.76078e-12
2.10343e-12
2.4097e-12
2.69777e-12
2.96384e-12
3.18891e-12
3.38261e-12
3.54007e-12
3.65763e-12
3.73405e-12
3.77017e-12
3.76838e-12
3.73149e-12
3.66202e-12
3.56269e-12
3.43745e-12
3.29174e-12
3.13165e-12
2.96312e-12
2.7923e-12
2.62425e-12
2.46239e-12
2.30858e-12
2.16346e-12
2.02885e-12
1.90743e-12
1.79842e-12
1.70892e-12
1.63281e-12
1.56986e-12
1.51482e-12
1.45244e-12
1.35981e-12
1.27985e-12
1.14843e-12
1.08387e-12
1.03106e-12
1.05372e-12
1.08373e-12
1.26946e-12
1.49153e-12
2.05841e-12
2.68522e-12
4.1604e-12
5.52774e-12
9.00614e-12
1.09744e-11
1.84017e-11
1.66732e-11
2.73912e-11
7.11406e-12
2.58518e-12
0
4.3698e-07
5.39965e-07
5.63956e-07
4.86302e-07
3.10612e-07
1.18706e-07
0
0
0
3.00003e-08
8.73219e-08
1.43444e-07
1.89943e-07
2.20568e-07
2.29027e-07
2.05857e-07
1.41787e-07
3.79964e-08
0
0
0
4.51856e-08
1.08075e-07
4.88562e-08
0
0
4.16482e-09
4.07883e-08
8.02562e-08
1.16403e-07
1.43459e-07
1.56663e-07
1.52714e-07
1.30245e-07
9.18118e-08
4.5852e-08
2.68807e-09
0
0
0
0
0
0
0
0
0
0
0
0
0
0
0
0
0
0
0
0
0
0
0
0
0
0
0
0
0
0
0
0
0
0
0
0
0
0
0
0
0
0
0
0
0
0
0
0
0
0
0
0
0
0
0
0
0
0
0
0
2.92393e-09
0
0
0
0
0
0
0
0
0
0
0
0
0
0
0
0
0
0
0
0
0
0
0
0
0
0
0
2.38739e-13
7.58279e-13
1.24687e-12
1.72026e-12
2.17687e-12
2.60748e-12
3.00601e-12
3.3671e-12
3.67998e-12
3.93495e-12
4.13025e-12
4.27059e-12
4.36232e-12
4.41043e-12
4.41759e-12
4.38361e-12
4.30802e-12
4.19255e-12
4.04231e-12
3.86445e-12
3.66705e-12
3.45907e-12
3.24818e-12
3.04034e-12
2.83832e-12
2.64404e-12
2.46001e-12
2.28871e-12
2.13111e-12
1.99381e-12
1.87001e-12
1.76301e-12
1.66794e-12
1.5753e-12
1.47055e-12
1.39558e-12
1.27854e-12
1.2426e-12
1.21806e-12
1.28364e-12
1.35651e-12
1.63896e-12
1.97128e-12
2.80459e-12
3.71736e-12
5.95124e-12
7.97886e-12
1.36233e-11
1.6715e-11
2.94925e-11
2.79262e-11
5.95356e-11
2.0164e-11
3.34777e-11
0
1.35222e-07
1.54387e-07
1.35946e-07
9.34875e-08
3.95043e-08
0
0
0
0
0
5.85468e-08
1.61179e-07
2.51286e-07
3.01885e-07
3.05913e-07
2.57005e-07
1.22044e-07
0
0
0
0
0
0
0
1.68327e-08
5.40107e-08
6.33994e-08
6.27076e-08
6.44413e-08
7.36957e-08
8.70841e-08
9.47531e-08
8.61301e-08
5.70301e-08
1.29613e-08
0
0
0
0
0
0
0
0
0
0
0
0
0
0
0
0
0
0
0
0
0
0
0
0
0
0
0
0
0
0
0
0
0
0
0
0
0
0
0
0
0
0
0
0
0
0
0
0
0
0
0
0
0
4.13867e-09
7.24845e-09
0
0
0
0
0
0
0
5.12125e-09
0
0
0
0
0
0
0
0
0
0
0
0
0
0
0
0
0
0
0
0
0
0
0
0
0
0
1.29964e-12
3.17599e-12
4.80443e-12
6.22564e-12
7.46055e-12
8.51896e-12
9.4047e-12
1.01194e-11
1.0665e-11
1.10458e-11
1.12704e-11
1.13508e-11
1.13017e-11
1.1139e-11
1.08788e-11
1.05369e-11
1.01224e-11
9.64778e-12
9.12327e-12
8.56541e-12
7.98832e-12
7.40401e-12
6.8247e-12
6.26331e-12
5.72796e-12
5.22256e-12
4.74952e-12
4.31117e-12
3.91096e-12
3.54848e-12
3.22995e-12
2.94527e-12
2.69901e-12
2.48703e-12
2.29918e-12
2.10162e-12
1.96441e-12
1.79384e-12
1.70639e-12
1.68088e-12
1.76725e-12
1.86898e-12
2.25308e-12
2.71375e-12
3.86742e-12
5.13241e-12
8.27139e-12
1.10427e-11
1.9184e-11
2.31917e-11
4.26636e-11
3.95684e-11
9.60733e-11
3.35137e-11
1.04795e-10
0
0
1.02184e-08
4.83585e-08
7.9479e-08
9.44738e-08
9.21372e-08
7.95812e-08
7.18523e-08
8.80742e-08
1.42694e-07
2.33924e-07
3.36152e-07
4.0871e-07
4.2272e-07
3.77583e-07
2.87233e-07
1.69818e-07
4.33584e-08
0
0
0
0
0
0
0
0
0
0
0
0
0
9.45096e-08
2.7226e-07
3.10478e-07
2.6066e-07
1.5953e-07
3.58018e-08
0
0
0
0
0
0
0
0
0
0
0
0
0
0
0
0
0
0
0
0
0
0
0
0
0
0
0
0
0
0
0
0
0
0
0
0
0
0
0
0
0
0
0
0
0
0
0
0
0
0
0
1.56234e-08
1.33342e-08
0
0
0
0
0
0
0
0
0
0
0
0
0
0
0
0
0
0
0
0
0
0
0
0
0
4.20263e-12
1.60387e-11
2.53041e-11
3.277e-11
3.88171e-11
4.36579e-11
4.74259e-11
5.02347e-11
5.21953e-11
5.34304e-11
5.4014e-11
5.40339e-11
5.35745e-11
5.27107e-11
5.15004e-11
4.99919e-11
4.82235e-11
4.62321e-11
4.40573e-11
4.1742e-11
3.93247e-11
3.68393e-11
3.43203e-11
3.18017e-11
2.93239e-11
2.68958e-11
2.45602e-11
2.22933e-11
2.01934e-11
1.82417e-11
1.64237e-11
1.47288e-11
1.31714e-11
1.17319e-11
1.04084e-11
9.20197e-12
8.11355e-12
7.14381e-12
6.286e-12
5.53544e-12
4.88312e-12
4.31451e-12
3.81734e-12
3.38737e-12
2.98238e-12
2.67563e-12
2.40174e-12
2.20118e-12
2.12543e-12
2.2096e-12
2.30783e-12
2.73314e-12
3.25786e-12
4.61251e-12
6.10063e-12
9.87517e-12
1.3033e-11
2.29033e-11
2.67273e-11
5.08123e-11
4.31412e-11
1.19753e-10
3.36827e-11
1.98352e-10
0
0
0
0
0
0
0
0
0
0
0
0
0
0
0
1.62304e-08
2.08974e-08
0
0
0
0
0
0
0
0
0
0
0
0
0
0
0
9.16449e-08
1.68646e-07
1.93431e-07
1.77499e-07
1.31345e-07
6.57727e-08
0
0
0
0
0
0
0
0
0
0
0
0
0
0
0
0
0
0
0
0
0
0
0
0
0
0
0
0
0
0
0
0
0
0
0
0
0
0
0
0
0
0
0
0
0
0
0
0
0
0
0
0
0
0
0
0
5.7433e-09
1.3398e-08
9.90884e-09
6.85978e-09
1.09662e-08
1.81164e-08
2.50352e-08
2.86313e-08
2.69747e-08
1.96416e-08
1.29432e-08
8.62775e-09
5.93753e-09
4.16916e-09
2.93242e-09
2.04953e-09
1.43173e-09
1.01956e-09
7.62857e-10
6.14638e-10
5.32697e-10
4.85446e-10
4.54144e-10
4.29591e-10
4.078e-10
3.87174e-10
3.67087e-10
3.47272e-10
3.27607e-10
3.0815e-10
2.88904e-10
2.7012e-10
2.51842e-10
2.34511e-10
2.18035e-10
2.02331e-10
1.87291e-10
1.72928e-10
1.59068e-10
1.45688e-10
1.32872e-10
1.20696e-10
1.09201e-10
9.84093e-11
8.83216e-11
7.89538e-11
7.02947e-11
6.23427e-11
5.50427e-11
4.8419e-11
4.23658e-11
3.68593e-11
3.18553e-11
2.73248e-11
2.31806e-11
1.936e-11
1.57611e-11
1.23078e-11
9.03078e-12
6.10511e-12
3.76093e-12
2.1339e-12
1.15981e-12
6.38729e-13
3.86441e-13
2.75356e-13
2.37414e-13
2.36734e-13
2.66255e-13
3.10429e-13
3.92114e-13
5.23232e-13
7.19338e-13
1.03414e-12
1.55862e-12
2.58779e-12
4.18796e-12
7.57114e-12
1.14447e-11
2.10915e-11
2.57959e-11
4.91432e-11
3.87031e-11
1.15774e-10
1.86302e-11
2.3042e-10
0
0
0
0
0
0
0
0
0
0
0
0
0
0
0
0
0
0
0
0
0
0
0
0
0
0
0
0
0
0
0
0
1.84668e-07
4.76536e-07
4.49393e-07
3.39169e-07
2.20896e-07
1.16275e-07
3.40369e-08
0
0
0
4.22454e-08
1.01534e-07
1.40019e-07
1.50634e-07
1.44246e-07
1.31969e-07
1.14315e-07
8.77027e-08
5.17392e-08
1.17328e-08
0
0
0
0
0
0
0
0
0
0
0
0
0
0
0
0
0
0
0
0
0
0
0
0
0
0
0
0
1.70183e-08
3.19613e-08
2.5473e-08
5.01236e-09
0
0
5.62997e-10
2.72331e-08
5.67783e-08
7.45351e-08
8.12749e-08
8.67827e-08
9.67767e-08
1.08861e-07
1.17525e-07
1.22724e-07
1.29696e-07
1.43317e-07
1.60582e-07
1.73368e-07
1.68748e-07
1.54018e-07
1.33428e-07
9.87925e-08
6.60814e-08
4.37809e-08
2.88888e-08
1.90253e-08
1.25347e-08
8.3249e-09
5.66454e-09
4.04135e-09
3.08179e-09
2.50906e-09
2.14498e-09
1.88899e-09
1.69059e-09
1.52575e-09
1.38282e-09
1.25584e-09
1.14134e-09
1.03712e-09
9.41653e-10
8.53884e-10
7.73149e-10
6.98751e-10
6.30197e-10
5.66702e-10
5.07961e-10
4.53672e-10
4.03508e-10
3.5695e-10
3.13705e-10
2.73253e-10
2.34897e-10
1.98043e-10
1.62284e-10
1.27703e-10
9.50906e-11
6.59835e-11
4.206e-11
2.43021e-11
1.24749e-11
5.40751e-12
1.61567e-12
0
0
0
0
0
0
0
0
0
0
0
0
0
0
0
0
0
0
0
0
0
0
0
4.69389e-15
2.36088e-14
7.97018e-14
1.60546e-13
3.21603e-13
7.26489e-13
1.39937e-12
4.23761e-12
5.18976e-12
3.01458e-11
5.02767e-14
1.10276e-10
0
0
0
0
0
0
0
0
0
0
0
0
0
0
0
0
0
0
0
0
0
0
0
0
0
0
0
0
0
0
0
0
0
5.15814e-08
1.32006e-07
1.58082e-07
1.50146e-07
1.29223e-07
1.09505e-07
9.79632e-08
9.5792e-08
9.97884e-08
1.04833e-07
1.06265e-07
1.0278e-07
9.70851e-08
9.32992e-08
9.27373e-08
9.04678e-08
7.68773e-08
4.75868e-08
1.06755e-08
0
0
0
0
0
0
0
0
0
0
0
0
1.07584e-08
2.62504e-08
4.52523e-08
6.3464e-08
7.64952e-08
8.12744e-08
7.53763e-08
5.8828e-08
4.0024e-08
2.98879e-08
3.15185e-08
3.94167e-08
4.63482e-08
5.32921e-08
6.89574e-08
1.01975e-07
1.44203e-07
1.6829e-07
1.44456e-07
8.91941e-08
5.06975e-08
4.59327e-08
7.27706e-08
1.28522e-07
2.01851e-07
2.56292e-07
2.88368e-07
3.27387e-07
3.89527e-07
4.57044e-07
5.09921e-07
5.49503e-07
5.56072e-07
5.08392e-07
4.49252e-07
4.11544e-07
3.66571e-07
3.2005e-07
2.64816e-07
1.8751e-07
1.27574e-07
8.57237e-08
5.73128e-08
3.82716e-08
2.56605e-08
1.74528e-08
1.22178e-08
8.91626e-09
6.81155e-09
5.42291e-09
4.44983e-09
3.71913e-09
3.13442e-09
2.64261e-09
2.21364e-09
1.8309e-09
1.48591e-09
1.17597e-09
9.01968e-10
6.66752e-10
4.72631e-10
3.19919e-10
2.05781e-10
1.24958e-10
7.06635e-11
3.61285e-11
1.53529e-11
3.68329e-12
0
0
0
0
0
0
0
0
0
0
0
0
0
0
0
0
0
0
0
0
0
0
0
0
0
0
0
0
0
0
0
0
0
0
0
0
0
0
0
0
0
0
0
1.27215e-13
0
1.3096e-12
0
1.32368e-11
0
0
0
0
0
0
0
0
0
0
0
0
0
0
0
2.02338e-08
4.25126e-08
5.47363e-08
4.20419e-08
0
0
0
0
0
0
0
0
0
0
0
0
5.94605e-09
2.10122e-08
2.87763e-08
3.16711e-08
3.38018e-08
3.92634e-08
5.03392e-08
6.73672e-08
8.94856e-08
1.14543e-07
1.39696e-07
1.62484e-07
1.81008e-07
1.93602e-07
1.98325e-07
1.94185e-07
1.81394e-07
1.60586e-07
1.33624e-07
1.04898e-07
8.01621e-08
6.29458e-08
5.34212e-08
5.05371e-08
5.34756e-08
6.10795e-08
7.33958e-08
8.8755e-08
1.03734e-07
1.19016e-07
1.34333e-07
1.48726e-07
1.59328e-07
1.63898e-07
1.62294e-07
1.56773e-07
1.51341e-07
1.46214e-07
1.43116e-07
1.41778e-07
1.3901e-07
1.34303e-07
1.31306e-07
1.33149e-07
1.40732e-07
1.49394e-07
1.53737e-07
1.52975e-07
1.51607e-07
1.48177e-07
1.38522e-07
1.19779e-07
9.71344e-08
8.15635e-08
7.80643e-08
7.85929e-08
8.28267e-08
9.49163e-08
1.05786e-07
1.12468e-07
1.23171e-07
1.4408e-07
1.66038e-07
1.66613e-07
1.38338e-07
1.00082e-07
7.43777e-08
7.16317e-08
8.905e-08
1.15354e-07
1.35059e-07
1.30179e-07
1.0326e-07
7.36418e-08
4.80598e-08
2.92687e-08
1.70005e-08
9.61592e-09
5.39642e-09
3.04777e-09
1.74711e-09
1.0169e-09
5.96139e-10
3.47454e-10
1.98158e-10
1.0806e-10
5.40843e-11
2.23011e-11
4.26034e-12
0
0
0
0
0
0
0
0
0
0
0
0
0
0
0
0
0
0
0
0
0
0
0
0
0
0
0
0
0
0
0
8.03557e-16
1.55803e-15
2.18872e-15
2.67396e-15
3.08314e-15
3.44084e-15
3.66353e-15
3.92717e-15
3.88098e-15
3.97419e-15
3.45906e-15
3.35553e-15
1.98302e-15
1.87803e-15
0
0
0
0
0
0
0
0
0
0
0
0
2.46782e-13
0
7.8742e-12
0
4.06782e-08
6.747e-08
7.60855e-08
7.17788e-08
6.07827e-08
4.68274e-08
2.96418e-08
1.06217e-08
0
0
0
0
0
0
0
0
0
0
0
0
0
0
0
0
0
0
0
0
0
0
0
6.05253e-09
1.07095e-08
1.40187e-08
1.91697e-08
2.75293e-08
3.78783e-08
4.70065e-08
5.12155e-08
4.92632e-08
4.30392e-08
3.58166e-08
3.02119e-08
2.68023e-08
2.41965e-08
2.11001e-08
1.76848e-08
1.47357e-08
1.31158e-08
1.358e-08
1.57615e-08
1.79569e-08
1.8582e-08
1.76104e-08
1.57254e-08
1.37631e-08
1.24385e-08
1.14812e-08
1.07416e-08
1.0173e-08
9.60078e-09
9.66751e-09
1.10161e-08
1.36821e-08
1.67452e-08
1.96804e-08
2.18728e-08
2.24619e-08
2.12491e-08
1.8525e-08
1.52569e-08
1.24849e-08
1.08843e-08
1.10745e-08
1.27889e-08
1.44034e-08
1.48537e-08
1.46512e-08
1.49964e-08
1.62563e-08
1.70945e-08
1.64532e-08
1.43511e-08
1.04952e-08
4.92641e-09
0
0
1.91668e-09
5.03246e-09
6.1574e-09
7.0506e-09
1.00795e-08
1.43461e-08
1.50734e-08
8.66129e-09
0
0
0
0
1.02821e-09
9.22696e-09
1.15807e-08
9.34955e-09
5.89799e-09
3.25195e-09
1.68363e-09
8.54609e-10
4.33379e-10
2.20415e-10
1.1258e-10
5.73738e-11
2.86037e-11
1.3398e-11
5.38268e-12
1.23726e-12
0
0
0
0
0
0
0
0
0
0
0
0
0
0
0
0
0
0
0
0
0
0
0
6.38614e-16
2.1743e-15
3.0058e-15
3.42849e-15
3.58501e-15
3.61961e-15
3.58238e-15
3.54565e-15
3.50784e-15
3.50715e-15
3.52393e-15
3.55734e-15
3.58176e-15
3.6243e-15
3.64395e-15
3.74238e-15
3.72829e-15
3.80612e-15
3.72034e-15
3.75415e-15
3.54387e-15
3.52099e-15
3.06996e-15
3.03852e-15
2.10139e-15
2.31866e-15
2.86362e-16
1.56393e-15
0
1.52788e-15
0
4.42687e-15
0
1.71738e-14
0
7.08063e-14
0
2.36774e-13
0
0
7.4846e-12
0
0
0
0
0
0
0
1.45051e-08
2.65442e-08
3.54196e-08
4.18831e-08
4.5567e-08
4.54403e-08
4.06615e-08
3.14631e-08
1.93666e-08
6.50411e-09
0
0
0
0
0
0
0
0
0
0
0
0
1.03082e-09
1.53641e-09
1.36324e-09
9.26364e-10
3.20303e-10
0
0
0
0
0
0
9.46192e-11
1.11076e-09
1.78669e-09
2.21309e-09
2.64236e-09
3.11649e-09
3.40659e-09
3.6795e-09
4.09808e-09
4.25563e-09
4.31282e-09
4.12748e-09
3.12282e-09
1.525e-09
1.69776e-10
0
2.57556e-11
3.3533e-10
0
0
0
0
0
0
0
2.89921e-09
5.95696e-09
8.29417e-09
9.19235e-09
8.28003e-09
5.94206e-09
3.4655e-09
2.0315e-09
1.80983e-09
2.10586e-09
2.23709e-09
1.97713e-09
1.43411e-09
1.17294e-09
1.73752e-09
2.9821e-09
4.04504e-09
4.27179e-09
3.441e-09
1.16497e-09
0
0
0
0
0
0
0
0
0
0
0
0
0
0
0
3.25891e-09
4.39544e-09
3.42788e-09
2.10581e-09
1.18251e-09
6.72055e-10
4.01882e-10
2.53081e-10
1.66282e-10
1.1297e-10
7.85098e-11
5.54198e-11
3.95363e-11
2.84152e-11
2.05755e-11
1.49894e-11
1.0995e-11
8.10843e-12
6.01909e-12
4.48683e-12
3.36275e-12
2.52559e-12
1.90448e-12
1.43581e-12
1.08523e-12
8.18141e-13
6.17029e-13
4.62947e-13
3.46964e-13
2.58413e-13
1.92225e-13
1.41662e-13
1.03802e-13
7.54534e-14
5.50187e-14
3.94948e-14
2.82507e-14
1.99036e-14
1.40023e-14
9.69046e-15
6.75171e-15
4.67329e-15
3.28893e-15
2.29666e-15
1.62198e-15
1.09422e-15
7.15699e-16
3.78016e-16
1.19736e-16
0
0
0
0
0
0
0
0
0
0
0
0
0
0
0
0
0
0
0
0
0
3.72507e-15
0
2.70833e-14
0
1.91464e-13
0
1.46271e-12
0
0
5.73469e-12
0
0
0
0
0
0
0
0
0
2.67723e-10
1.05074e-09
1.86685e-09
2.60418e-09
3.15765e-09
3.42188e-09
3.3534e-09
2.9444e-09
2.15854e-09
1.1533e-09
2.18944e-10
0
0
7.26985e-11
9.30062e-10
1.63845e-09
2.0249e-09
2.31443e-09
2.25804e-09
1.73117e-09
9.8407e-10
1.37474e-10
0
0
4.08233e-10
1.7668e-09
2.99529e-09
3.57423e-09
3.71897e-09
3.54558e-09
3.46709e-09
3.73531e-09
4.10767e-09
3.97331e-09
2.7893e-09
7.96006e-10
0
0
0
0
6.01255e-10
5.22507e-10
0
0
0
0
0
0
0
0
0
0
0
0
0
0
3.08996e-11
2.11153e-09
3.22452e-09
3.02288e-09
1.6229e-09
0
0
0
0
0
0
0
0
0
0
1.44582e-11
7.41856e-10
6.47634e-10
0
0
0
0
0
0
0
0
0
0
0
0
0
3.65401e-11
1.77004e-09
3.27717e-09
3.57526e-09
2.80368e-09
1.77882e-09
1.01749e-09
5.94845e-10
3.84417e-10
2.74543e-10
2.07938e-10
1.61085e-10
1.25112e-10
9.71026e-11
7.49591e-11
5.75766e-11
4.40916e-11
3.37156e-11
2.57882e-11
1.97328e-11
1.5114e-11
1.15801e-11
8.87766e-12
6.80063e-12
5.20534e-12
3.97331e-12
3.02448e-12
2.2897e-12
1.72454e-12
1.2882e-12
9.54735e-13
6.99792e-13
5.07963e-13
3.63693e-13
2.56942e-13
1.7791e-13
1.20422e-13
7.86576e-14
4.94533e-14
2.95723e-14
1.67474e-14
8.53459e-15
3.54819e-15
5.8115e-16
0
0
0
0
0
0
0
0
0
0
0
0
0
0
0
0
0
0
0
0
0
0
0
0
0
0
0
0
0
0
0
0
5.93581e-15
0
1.71018e-13
0
2.45055e-12
0
6.06102e-12
0
0
0
0
0
0
0
0
0
0
0
0
0
0
0
0
0
0
0
0
0
0
0
1.1081e-09
2.92976e-09
4.13556e-09
4.24398e-09
3.38649e-09
1.49173e-09
0
0
0
0
0
0
0
0
0
0
0
0
0
0
0
0
0
0
0
0
0
0
0
0
0
0
0
0
0
0
8.28343e-11
0
0
0
0
0
0
0
0
0
0
0
0
0
0
0
0
0
0
0
0
1.43212e-11
2.96083e-10
3.60622e-10
0
0
0
0
0
0
0
7.66155e-11
5.26511e-10
1.21733e-09
1.95557e-09
2.59471e-09
3.05286e-09
3.17955e-09
2.91122e-09
2.37777e-09
1.75095e-09
1.16499e-09
7.14781e-10
4.24431e-10
2.6583e-10
1.92814e-10
1.59476e-10
1.37806e-10
1.1873e-10
1.00195e-10
8.2769e-11
6.7592e-11
5.45511e-11
4.36054e-11
3.46305e-11
2.73727e-11
2.15559e-11
1.6917e-11
1.32296e-11
1.03045e-11
7.99117e-12
6.16467e-12
4.72656e-12
3.59664e-12
2.71319e-12
2.02535e-12
1.49463e-12
1.08816e-12
7.80502e-13
5.50115e-13
3.80319e-13
2.5645e-13
1.67458e-13
1.04408e-13
6.10305e-14
3.23622e-14
1.46418e-14
4.64342e-15
0
0
0
0
0
0
0
0
0
0
0
0
0
0
0
0
0
0
0
0
0
0
0
0
0
0
0
0
0
0
0
0
0
0
0
0
0
0
0
0
8.35205e-13
0
9.1626e-12
0
0
0
0
0
0
0
0
0
0
0
0
0
0
0
0
0
0
0
0
0
0
0
6.61758e-10
3.39155e-09
5.58003e-09
6.40243e-09
5.68296e-09
3.22091e-09
0
0
0
0
0
0
0
0
0
0
0
0
0
0
0
0
0
0
0
0
0
0
0
0
1.35015e-09
4.15513e-09
8.07107e-09
1.32052e-08
1.79805e-08
2.06769e-08
2.06931e-08
1.8131e-08
1.33418e-08
7.66039e-09
2.06374e-09
0
0
0
0
0
0
0
0
0
0
0
0
0
0
0
5.51064e-11
8.62144e-10
1.15732e-09
1.13068e-09
1.04446e-09
1.16174e-09
1.51877e-09
1.89014e-09
2.00382e-09
1.77871e-09
1.39345e-09
1.10509e-09
1.04258e-09
1.10966e-09
1.1434e-09
1.14255e-09
1.11951e-09
1.02746e-09
8.29873e-10
5.88379e-10
3.97119e-10
2.65322e-10
1.80835e-10
1.26979e-10
9.54773e-11
7.8943e-11
6.988e-11
6.21846e-11
5.4641e-11
4.69623e-11
3.95367e-11
3.28827e-11
2.69903e-11
2.19101e-11
1.76409e-11
1.41014e-11
1.11924e-11
8.82332e-12
6.90541e-12
5.36269e-12
4.12753e-12
3.14557e-12
2.36893e-12
1.76034e-12
1.28705e-12
9.23981e-13
6.49291e-13
4.45616e-13
2.97256e-13
1.92004e-13
1.18975e-13
6.98595e-14
3.7983e-14
1.83642e-14
7.19471e-15
1.61051e-15
0
0
0
0
0
0
0
0
0
0
0
0
0
0
0
0
0
0
0
0
0
0
0
0
0
0
0
0
0
0
0
0
0
0
0
0
0
0
0
0
0
0
0
0
1.56844e-12
0
0
0
0
0
0
0
0
0
0
0
0
0
0
0
0
0
0
0
0
0
0
0
0
2.13272e-09
5.03727e-09
7.94633e-09
1.08268e-08
1.47002e-08
1.61948e-08
9.33121e-09
0
0
0
0
0
0
0
0
0
0
0
0
0
0
0
0
0
0
0
0
0
3.72675e-09
1.31137e-08
2.24409e-08
3.03143e-08
3.69513e-08
4.20432e-08
4.51405e-08
4.56106e-08
4.22782e-08
3.28336e-08
1.71457e-08
0
0
0
0
0
0
0
0
0
0
0
0
0
0
0
0
0
0
0
0
4.70815e-10
8.55337e-10
1.11808e-09
1.22541e-09
1.13943e-09
8.65854e-10
4.85767e-10
1.22137e-10
0
0
0
0
0
0
1.02568e-10
1.31277e-10
1.25748e-10
1.02542e-10
7.66765e-11
5.5232e-11
4.0735e-11
3.1362e-11
2.56111e-11
2.1496e-11
1.83112e-11
1.55142e-11
1.2981e-11
1.07252e-11
8.74244e-12
7.05822e-12
5.65722e-12
4.49838e-12
3.54489e-12
2.76977e-12
2.14328e-12
1.64146e-12
1.24156e-12
9.26675e-13
6.80478e-13
4.91096e-13
3.46878e-13
2.39382e-13
1.60381e-13
1.03986e-13
6.45323e-14
3.80185e-14
2.07185e-14
1.01643e-14
4.16825e-15
1.18764e-15
0
0
0
0
0
0
0
0
0
0
0
0
0
0
0
0
0
0
0
0
0
0
0
0
0
0
0
0
0
0
0
0
0
0
0
0
0
0
0
0
0
0
0
0
0
0
0
0
0
1.22377e-08
3.40686e-09
4.79867e-09
5.32254e-09
3.06852e-09
1.53038e-09
8.03464e-10
3.73735e-10
9.51426e-11
0
0
0
0
0
0
0
0
0
0
0
0
0
0
0
0
2.07966e-09
4.55434e-10
8.00452e-10
1.01101e-09
6.45563e-10
3.31494e-10
1.81454e-10
9.17429e-11
2.24872e-11
0
0
0
0
0
0
0
0
0
0
0
0
0
0
0
0
3.29007e-10
2.83048e-11
9.29609e-11
1.63379e-10
1.32147e-10
6.03176e-11
2.53144e-11
1.17335e-11
1.32874e-12
1.82877e-12
8.01603e-12
0
0
0
0
0
0
0
0
0
0
0
0
0
0
1.03531e-10
0
0
1.17305e-11
1.92327e-11
4.11551e-12
1.10266e-12
7.0243e-12
1.57284e-11
2.72082e-11
3.31602e-11
2.82097e-11
2.41218e-11
5.9499e-12
5.89105e-12
0
0
0
0
0
6.38391e-11
0
2.54396e-10
0
1.07176e-10
7.43786e-11
0
0
0
0
0
0
0
0
0
0
0
0
0
0
0
0
0
0
0
0
0
0
0
0
0
0
0
0
0
0
0
0
0
0
0
0
0
0
0
0
0
0
0
0
0
0
0
0
0
0
0
0
0
0
0
0
0
0
0
0
0
0
0
0
0
0
0
0
0
0
0
0
0
0
0
0
0
0
0
0
0
0
0
0
0
0
0
0
0
0
0
0
0
0
0
0
0
0
0
0
0
0
0
0
0
0
0
0
0
0
0
0
0
0
0
0
0
0
0
0
0
0
0
0
0
0
0
0
0
0
0
0
0
0
0
0
0
0
0
0
0
0
0
0
0
0
0
0
0
0
0
0
0
0
0
0
0
0
0
0
0
0
0
0
0
0
0
0
0
0
0
0
0
0
0
0
0
0
0
0
0
0
0
0
0
0
0
0
0
0
0
0
0
0
0
0
0
0
0
0
0
0
0
0
0
0
0
0
0
0
0
0
0
0
0
0
0
0
0
0
0
0
0
0
0
0
0
0
0
0
0
0
0
0
0
0
0
0
0
0
0
0
0
0
0
0
0
0
0
0
0
0
0
0
0
0
0
0
0
0
0
0
0
0
0
0
0
0
0
0
0
0
0
0
0
0
0
0
0
0
0
0
0
0
0
0
0
0
0
0
0
0
0
0
0
0
0
0
0
0
0
0
0
0
0
0
0
0
0
0
0
0
0
0
0
0
0
0
0
0
0
0
0
0
0
0
0
0
0
0
0
0
0
0
0
0
0
0
0
0
0
0
0
0
0
0
0
0
0
0
0
0
0
0
0
0
0
0
0
0
0
0
0
0
0
0
0
0
0
0
0
0
0
0
0
0
0
0
0
0
0
0
0
0
0
0
0
0
0
0
0
0
0
0
0
0
0
0
0
0
0
0
0
0
0
0
0
0
0
0
0
0
0
0
0
0
0
0
0
0
0
0
0
0
0
0
0
0
0
0
0
0
0
0
0
0
0
0
0
0
0
0
0
0
0
0
0
0
0
0
0
0
0
0
0
0
0
0
0
0
0
0
0
0
0
0
0
0
0
0
0
0
0
0
0
0
0
0
0
0
0
0
0
0
0
0
0
0
0
0
0
0
0
0
0
0
0
0
0
0
0
0
0
0
0
0
0
0
0
0
0
0
0
0
0
0
0
0
0
0
0
0
0
0
0
0
0
0
0
0
0
0
0
0
0
0
0
0
0
0
0
0
0
0
0
0
0
0
0
0
0
0
0
0
0
0
0
0
0
0
0
0
0
0
0
0
0
0
0
0
0
0
0
0
0
0
0
0
0
0
0
0
0
0
0
0
0
0
0
0
0
0
0
0
0
0
0
0
0
0
0
0
0
0
0
0
0
0
0
0
0
0
0
0
0
0
0
0
0
0
0
0
0
0
0
0
0
0
0
0
0
0
0
0
0
0
0
0
0
0
0
0
0
0
0
0
0
0
0
0
0
0
0
0
0
0
0
0
0
0
0
0
0
0
0
0
0
0
0
0
0
0
0
0
0
0
0
0
0
0
0
0
0
0
0
0
0
0
0
0
0
0
0
0
0
0
0
0
0
0
0
0
0
0
0
0
0
0
0
0
0
0
0
0
0
0
0
0
0
0
0
0
0
0
0
0
0
0
0
0
0
0
0
0
0
0
0
0
0
0
0
0
0
0
0
0
0
0
0
0
0
0
0
0
0
0
0
0
0
0
0
0
0
0
0
0
0
0
0
0
0
0
0
0
0
0
0
0
0
0
0
0
0
0
0
0
0
0
0
0
0
0
0
0
0
0
0
0
0
0
0
0
0
0
0
0
0
0
0
0
0
0
0
0
0
0
0
0
0
0
0
0
0
0
0
0
0
0
0
0
0
0
0
0
0
0
0
0
0
0
0
0
0
0
0
0
0
0
0
0
0
0
0
0
0
0
0
0
0
0
0
0
0
0
0
0
0
0
0
0
0
0
0
0
0
0
0
0
0
0
0
0
0
0
0
0
0
0
0
0
0
0
0
0
0
0
0
0
0
0
0
0
0
0
0
0
0
0
0
0
0
0
0
0
0
0
0
0
0
0
0
0
0
0
0
0
0
0
0
0
0
0
0
0
0
0
0
0
0
0
0
0
0
0
0
0
0
0
0
0
0
0
0
0
0
0
0
0
0
0
0
0
0
0
0
0
0
0
0
0
0
0
0
0
0
0
0
0
0
0
0
0
0
0
0
0
0
0
0
0
0
0
0
0
0
0
0
0
0
0
0
0
0
0
0
0
0
0
0
0
0
0
0
0
0
0
0
0
0
0
0
0
0
0
0
0
0
0
0
0
0
0
0
0
0
0
0
0
0
0
0
0
0
0
0
0
0
0
0
0
0
0
0
0
0
0
0
0
0
0
0
0
0
0
0
0
0
0
0
0
0
0
0
0
8.46491e-11
0
0
0
0
0
0
0
0
0
0
0
0
0
0
0
0
0
0
0
0
0
0
0
0
2.13702e-10
0
0
0
0
0
0
0
0
0
0
0
0
0
0
0
0
0
0
0
0
0
0
0
0
1.25541e-10
0
0
0
0
0
0
0
0
0
0
0
0
0
0
0
0
0
0
0
0
0
0
0
0
6.70852e-11
0
0
0
0
0
0
0
0
9.2693e-12
3.85379e-11
5.64626e-11
9.68171e-11
1.11006e-10
1.61706e-10
1.13511e-10
1.76035e-10
6.10046e-11
1.78844e-10
0
1.42886e-10
0
1.05477e-10
0
2.70759e-11
6.81679e-11
0
0
0
0
7.86162e-12
4.09704e-11
6.96995e-11
1.01469e-10
1.13639e-10
1.24537e-10
1.34826e-10
1.61749e-10
1.64433e-10
1.9038e-10
1.55551e-10
1.93046e-10
1.20647e-10
1.76488e-10
5.34644e-11
1.34511e-10
0
1.069e-10
0
2.94659e-11
9.27263e-11
0
0
0
3.17438e-11
1.09308e-10
1.47095e-10
1.55436e-10
1.4669e-10
1.25804e-10
1.15583e-10
1.04524e-10
1.08678e-10
9.58276e-11
1.10486e-10
8.54609e-11
1.16934e-10
6.25359e-11
1.02976e-10
2.69174e-11
8.41784e-11
0
7.69617e-11
0
7.61207e-13
1.9384e-10
0
1.71818e-10
3.02584e-10
2.52695e-10
2.34819e-10
2.19191e-10
1.86084e-10
1.57675e-10
1.35629e-10
1.31829e-10
1.27618e-10
1.35495e-10
1.25981e-10
1.40862e-10
1.13408e-10
1.25673e-10
7.60495e-11
9.50244e-11
3.67298e-11
7.09029e-11
9.56559e-12
6.65983e-11
0
0
6.99373e-10
3.08914e-11
9.37669e-10
6.22282e-10
2.48009e-10
6.13692e-11
0
0
0
0
0
7.68679e-12
3.19817e-11
3.58691e-11
5.38577e-11
4.09791e-11
5.29534e-11
2.77587e-11
4.1368e-11
1.2645e-11
3.29514e-11
2.52901e-12
3.93278e-11
0
0
2.28716e-09
1.27648e-09
1.4513e-09
2.9804e-10
0
0
0
0
0
0
0
0
0
0
0
0
0
0
0
0
0
0
3.42156e-12
0
0
3.85356e-09
1.94999e-09
9.28006e-10
0
0
0
0
0
0
0
0
0
0
0
0
0
0
0
0
0
0
0
0
0
0
)
;

boundaryField
{
    inlet
    {
        type            zeroGradient;
    }
    outlet
    {
        type            zeroGradient;
    }
    upperWall
    {
        type            zeroGradient;
    }
    lowerWall
    {
        type            zeroGradient;
    }
    frontAndBack
    {
        type            empty;
    }
}


// ************************************************************************* //
