/*--------------------------------*- C++ -*----------------------------------*\
  =========                 |
  \\      /  F ield         | OpenFOAM: The Open Source CFD Toolbox
   \\    /   O peration     | Website:  https://openfoam.org
    \\  /    A nd           | Version:  7
     \\/     M anipulation  |
\*---------------------------------------------------------------------------*/
FoamFile
{
    version     2.0;
    format      ascii;
    class       volScalarField;
    location    "0.091";
    object      nut;
}
// * * * * * * * * * * * * * * * * * * * * * * * * * * * * * * * * * * * * * //

dimensions      [0 2 -1 0 0 0 0];

internalField   nonuniform List<scalar> 
12225
(
0
0
0
0
0
0
0
0
0
0
0
0
0
0
0
2.22548e-10
0
0
0
0
0
0
0
0
0
0
0
0
0
0
0
0
0
2.38721e-10
0
0
0
2.7605e-11
0
9.19493e-11
2.21908e-10
0
0
0
0
0
0
0
0
0
0
5.49856e-10
0
0
9.82229e-08
1.89592e-08
9.63965e-09
3.77139e-09
1.23759e-09
0
0
0
0
0
0
0
0
0
0
7.9186e-10
0
0
1.04187e-08
1.39388e-07
1.2324e-07
1.23445e-08
0
0
0
0
0
0
0
0
0
0
1.71764e-10
3.64857e-10
1.11233e-09
0
9.19769e-08
2.51281e-07
2.93809e-07
3.02738e-07
1.92935e-07
1.63738e-07
1.1876e-07
4.61995e-08
4.69381e-09
5.70776e-10
6.86966e-09
9.03128e-09
7.00557e-09
5.83082e-09
4.5218e-09
9.76884e-10
1.57467e-09
0
1.16663e-07
3.86657e-07
4.38463e-07
4.27706e-07
2.037e-07
8.60721e-08
4.79941e-08
7.88325e-09
0
4.84201e-10
1.59505e-08
2.85551e-08
3.90732e-08
5.70633e-08
9.55548e-08
1.28072e-07
1.33158e-07
1.03756e-07
0
1.81821e-07
3.61218e-07
5.95542e-07
2.77321e-07
8.48201e-08
2.74537e-08
0
0
0
2.23883e-08
4.18278e-08
4.46556e-08
4.63545e-08
8.08604e-08
1.22336e-07
1.34171e-07
1.15225e-07
0
7.39141e-09
3.26859e-07
1.32335e-06
8.06056e-07
3.15962e-07
1.35668e-07
2.44381e-08
0
0
3.28897e-08
4.80469e-08
2.56191e-08
1.3446e-08
3.41717e-08
4.67219e-08
4.23347e-08
2.75713e-08
0
0
6.32922e-07
9.11423e-07
4.14766e-07
2.26054e-07
1.3777e-07
4.73824e-08
0
0
5.34983e-08
7.03821e-08
4.0756e-08
1.20209e-08
4.36699e-09
0
0
0
0
0
5.18912e-07
2.64745e-07
1.50692e-07
1.16516e-07
4.39808e-08
0
0
0
1.20441e-08
1.93894e-08
4.59566e-09
0
0
0
0
0
0
0
2.77699e-07
1.38941e-07
1.71715e-07
1.84564e-07
9.02878e-08
0
0
0
0
0
0
0
0
0
0
0
2.41047e-07
3.12017e-07
3.54096e-07
3.66636e-07
5.05255e-07
4.7309e-07
2.71542e-07
0
0
0
0
0
0
0
0
0
0
0
2.03312e-07
1.3686e-07
4.92691e-07
6.05685e-07
7.43303e-07
7.89757e-07
2.90947e-07
0
0
0
0
0
0
0
0
0
0
0
0
2.42447e-08
6.53643e-07
7.12658e-07
6.71895e-07
1.51123e-07
0
0
0
0
0
1.36946e-08
2.06258e-08
0
0
0
0
0
0
1.19015e-07
4.97716e-07
5.56535e-07
0
0
0
0
0
0
1.79762e-09
2.34212e-08
0
0
0
0
0
0
0
0
5.76852e-08
0
0
0
0
0
0
0
1.88697e-08
5.52724e-08
9.46219e-08
1.35921e-07
1.44263e-07
1.0452e-07
3.78892e-08
7.48341e-11
0
0
0
0
2.10522e-09
0
0
0
0
0
0
0
1.13195e-07
2.06286e-07
2.3953e-07
2.33811e-07
2.18947e-07
2.22313e-07
0
0
0
3.27923e-08
1.55004e-07
0
0
0
0
0
0
0
0
0
0
0
2.18482e-08
1.1079e-07
0
0
7.38062e-07
1.53681e-06
6.19632e-07
0
0
0
0
0
0
0
0
0
0
0
0
3.22105e-08
0
0
9.11136e-08
6.12004e-07
1.5912e-07
0
0
0
0
0
0
0
0
0
0
0
0
0
2.6577e-07
2.45635e-07
0
0
0
0
0
0
0
1.44248e-08
2.80162e-08
3.35243e-08
2.21077e-08
0
0
0
0
0
2.21812e-07
0
0
0
0
0
0
0
0
0
0
0
0
0
0
0
0
0
2.50624e-08
0
0
0
0
0
0
0
0
0
0
0
0
0
0
0
0
0
0
0
0
0
0
0
0
0
0
0
0
0
0
0
0
0
0
0
0
0
0
0
0
0
0
0
0
0
0
0
0
0
0
0
0
0
4.6896e-09
0
0
0
0
0
0
0
0
0
0
0
0
0
0
0
0
0
5.59624e-09
0
0
0
0
0
0
0
0
0
0
0
0
0
0
0
0
0
7.04545e-09
0
0
0
0
0
0
0
0
0
0
0
0
0
0
0
0
0
5.32732e-08
0
0
0
0
0
0
0
0
0
0
0
0
0
0
0
0
0
1.23473e-06
2.13851e-06
2.00673e-06
1.39402e-06
7.10327e-07
2.23417e-07
0
0
0
0
0
0
3.32219e-07
1.18455e-06
2.67532e-06
5.22826e-06
8.83084e-06
1.12368e-05
1.04387e-05
8.05452e-06
5.70235e-06
3.79164e-06
2.3222e-06
1.24967e-06
6.88642e-07
6.43884e-07
8.2901e-07
9.39809e-07
8.91023e-07
7.48151e-07
5.89179e-07
4.52445e-07
3.41845e-07
2.452e-07
1.42956e-07
1.50191e-08
0
0
0
3.29606e-08
3.62226e-07
5.83164e-07
5.46177e-07
2.95794e-07
6.06042e-08
0
0
0
0
0
0
0
0
0
0
0
0
0
0
0
0
0
0
0
2.5731e-06
9.60543e-06
1.34966e-05
0
0
1.03217e-05
1.24541e-05
2.47468e-06
0
0
5.10945e-06
1.92153e-05
4.39244e-05
5.24014e-05
4.6444e-05
1.52993e-05
1.98804e-06
3.45081e-07
5.56291e-08
3.08589e-08
4.97435e-08
6.36942e-08
6.61301e-08
6.09204e-08
5.23789e-08
4.24353e-08
3.21451e-08
2.41013e-08
1.62309e-08
9.9973e-09
4.41183e-09
0
0
0
0
0
0
0
0
0
0
0
0
0
0
0
0
0
0
0
0
0
0
0
0
0
0
0
0
0
0
0
0
0
0
0
0
0
0
0
0
0
0
0
0
0
0
0
0
0
0
0
0
0
0
0
0
0
0
0
0
0
0
0
0
0
0
0
0
0
0
0
0
2.70168e-12
8.25776e-12
1.92253e-11
1.73174e-11
3.10136e-11
1.62954e-11
4.20786e-11
1.46063e-11
8.39146e-11
8.85734e-11
2.2844e-10
2.21056e-09
0
7.3049e-07
2.02347e-06
2.91871e-06
2.93703e-06
2.2999e-06
1.41836e-06
5.38294e-07
0
0
0
0
0
0
0
2.59592e-07
7.97482e-07
1.77387e-06
3.07595e-06
4.31272e-06
5.18207e-06
4.98559e-06
3.05722e-06
1.28864e-06
4.54603e-07
0
0
0
0
0
0
0
0
0
0
2.64575e-08
2.76802e-08
0
0
6.10709e-08
4.35854e-07
9.41952e-07
1.18894e-06
1.00418e-06
6.53835e-07
5.19413e-07
7.47138e-07
1.16716e-06
1.38375e-06
1.08708e-06
3.58059e-07
0
0
0
0
0
0
0
0
0
0
0
0
0
0
4.65375e-07
1.64695e-06
1.8542e-06
0
0
1.65788e-07
1.43441e-06
0
0
3.31259e-06
1.1533e-05
1.05676e-05
1.12909e-05
1.03502e-05
6.841e-06
2.97236e-06
1.09496e-06
4.51325e-07
1.91306e-07
1.23539e-07
1.09758e-07
1.02999e-07
9.45309e-08
8.44115e-08
7.33745e-08
6.2309e-08
5.1316e-08
4.04467e-08
2.97787e-08
1.94243e-08
9.40706e-09
0
0
0
0
0
0
0
0
0
0
0
0
0
0
0
0
0
0
0
0
0
0
0
0
0
0
0
0
0
0
0
5.91152e-09
1.30754e-08
3.81111e-09
0
0
0
0
0
0
0
0
0
0
0
0
0
0
0
0
0
0
0
0
0
0
0
0
0
0
0
0
0
0
0
0
0
0
0
0
4.46535e-12
4.02276e-11
7.73308e-11
8.55556e-11
1.16753e-10
1.00218e-10
1.40363e-10
9.37304e-11
1.61733e-10
9.16904e-11
1.98683e-10
2.00206e-10
2.15187e-10
1.2043e-09
0
2.85629e-07
1.47431e-06
2.63398e-06
3.15566e-06
3.00168e-06
2.34051e-06
1.51113e-06
6.85584e-07
1.25205e-07
8.04506e-08
4.21272e-07
7.61375e-07
9.69767e-07
1.1133e-06
1.25342e-06
1.35967e-06
1.35719e-06
1.22298e-06
9.08427e-07
4.19485e-07
0
0
0
0
0
0
0
0
0
0
0
0
0
0
0
0
1.89798e-08
4.82073e-07
1.03566e-06
1.59689e-06
1.94955e-06
1.6938e-06
1.15898e-06
9.7253e-07
1.01883e-06
1.26772e-06
1.7638e-06
2.1407e-06
2.10693e-06
1.67363e-06
1.12424e-06
6.63069e-07
4.11909e-07
6.16644e-07
1.40806e-06
1.87999e-06
1.05926e-06
0
0
0
0
0
0
0
1.53633e-07
4.76187e-07
4.87127e-07
0
0
0
0
0
2.86305e-06
6.13702e-06
1.42435e-06
8.65473e-07
1.06875e-06
6.55519e-07
5.30867e-07
5.37559e-07
4.844e-07
4.18175e-07
4.42577e-07
4.91636e-07
5.02352e-07
4.64771e-07
4.05442e-07
3.39899e-07
2.76017e-07
2.19235e-07
1.69717e-07
1.27354e-07
9.09703e-08
5.97252e-08
3.22616e-08
6.64128e-09
0
0
0
0
0
0
0
0
0
0
0
0
0
0
0
0
0
0
0
0
0
0
0
0
0
0
0
0
0
0
0
0
0
4.69527e-09
2.21346e-08
2.78814e-08
2.5813e-08
2.04163e-08
1.46046e-08
9.6405e-09
6.04828e-09
3.9081e-09
2.66236e-09
1.86037e-09
1.17281e-09
3.34477e-10
0
0
0
0
0
0
0
0
0
0
0
0
0
0
0
0
0
0
0
0
0
2.12595e-10
3.50342e-10
4.22397e-10
4.20686e-10
4.27451e-10
3.76823e-10
3.87873e-10
3.14087e-10
3.6102e-10
2.59909e-10
3.49111e-10
2.5456e-10
3.10255e-10
4.68903e-10
0
1.34626e-09
0
1.50152e-07
8.90521e-07
2.20279e-06
2.64607e-06
1.35115e-06
6.51576e-08
0
0
1.77499e-07
3.27034e-06
5.73291e-06
4.87151e-06
3.14711e-06
1.8246e-06
9.05839e-07
3.1406e-07
0
0
0
0
0
0
0
0
0
0
0
0
0
0
0
0
0
0
0
0
0
0
0
0
0
0
3.82513e-08
2.32761e-07
3.64244e-07
4.65865e-07
5.9856e-07
6.70196e-07
6.20407e-07
5.00908e-07
4.35657e-07
5.36398e-07
8.10317e-07
1.37026e-06
2.43603e-06
3.25188e-06
2.65159e-06
1.26461e-06
0
0
0
0
0
0
0
3.70209e-07
7.73763e-07
1.03476e-06
7.69721e-07
1.79391e-07
0
6.78924e-07
3.11232e-06
7.08592e-07
0
0
1.06407e-09
0
0
3.15464e-08
1.38639e-07
2.55093e-07
3.19725e-07
3.07793e-07
2.69135e-07
2.39247e-07
2.28288e-07
2.30378e-07
2.43639e-07
2.61856e-07
2.85897e-07
3.15832e-07
3.47332e-07
3.47556e-07
2.20789e-07
2.36204e-09
0
0
0
0
0
0
0
0
0
0
0
0
0
0
0
0
0
0
0
0
0
0
0
0
0
0
0
0
0
0
0
0
0
0
0
0
0
0
0
0
0
0
0
0
0
0
2.05191e-09
9.54955e-09
6.32224e-09
5.58922e-09
6.21626e-09
4.48677e-09
4.64514e-11
0
0
0
0
0
0
0
0
0
0
0
0
7.62083e-10
1.38428e-09
1.76853e-09
1.89592e-09
1.85328e-09
1.65048e-09
1.43143e-09
1.1376e-09
9.42254e-10
6.9816e-10
5.94801e-10
4.48773e-10
3.31385e-10
4.0882e-10
0
7.63649e-10
0
2.05447e-09
0
4.30026e-08
2.58989e-07
1.31851e-06
1.31913e-06
0
0
0
0
4.78944e-06
1.21093e-05
9.93918e-06
5.46176e-06
2.60785e-06
1.0059e-06
1.76806e-07
0
0
0
0
0
0
0
0
0
0
0
0
0
0
0
0
0
0
0
0
0
7.42111e-08
1.72504e-07
2.47569e-07
3.07453e-07
3.64562e-07
4.39047e-07
5.10143e-07
5.53644e-07
5.68534e-07
5.6512e-07
5.52837e-07
5.35994e-07
5.14627e-07
4.94758e-07
5.03281e-07
5.82469e-07
7.16894e-07
1.0208e-06
1.85313e-06
2.94434e-06
2.44266e-06
1.10132e-06
0
0
0
0
0
0
0
4.23505e-07
1.55479e-06
2.20601e-06
2.22242e-06
1.95699e-06
1.81739e-06
1.67765e-06
6.07711e-07
1.70335e-07
0
0
0
0
0
0
5.48197e-08
5.32711e-08
0
0
0
0
0
0
0
8.33843e-09
1.62141e-08
1.77329e-08
9.35066e-09
0
0
0
0
0
1.01184e-09
1.3002e-10
0
0
0
0
0
0
0
0
0
0
0
0
0
0
0
0
0
0
0
0
0
0
0
0
0
0
0
0
0
0
0
0
0
0
0
0
0
0
0
0
0
0
0
0
1.05477e-08
1.9338e-08
0
0
0
0
0
0
0
0
2.02949e-09
0
0
0
0
0
0
0
0
0
0
0
0
0
0
3.92702e-10
1.11071e-09
5.25669e-10
1.20975e-09
0
1.32472e-09
0
2.21394e-09
0
4.18954e-09
0
3.131e-09
8.40926e-08
5.88255e-07
0
0
0
0
5.54485e-06
1.11721e-05
1.21733e-05
9.80053e-06
6.29086e-06
3.15956e-06
1.24351e-06
3.14698e-07
0
0
0
0
0
0
0
0
0
0
0
0
0
0
0
0
0
0
0
0
0
0
0
2.50978e-08
1.16164e-07
2.23598e-07
3.49037e-07
4.67671e-07
5.48215e-07
5.83587e-07
5.7628e-07
5.30178e-07
4.71223e-07
4.26594e-07
3.94308e-07
3.81222e-07
4.00208e-07
4.48212e-07
6.26975e-07
1.26997e-06
2.17945e-06
9.2869e-07
0
0
0
0
0
0
0
0
2.85791e-06
5.69737e-06
4.65353e-06
3.19792e-06
2.1074e-06
8.89047e-07
0
0
0
0
0
0
0
0
0
8.59255e-08
4.61501e-08
7.91929e-09
0
0
0
5.60643e-09
1.59164e-08
2.21569e-08
2.25915e-08
1.63933e-08
4.27659e-10
0
0
0
0
2.66342e-10
2.10929e-08
2.64227e-08
2.45045e-08
1.88129e-08
1.11505e-08
2.55309e-09
0
0
0
0
0
0
0
0
0
0
0
0
0
0
0
0
0
0
0
0
0
0
0
0
0
0
0
0
0
0
0
0
0
0
0
0
0
0
0
0
0
0
3.42927e-08
6.20182e-08
2.8729e-08
0
0
0
0
0
0
0
0
0
0
0
0
0
0
0
0
0
0
0
0
0
0
0
0
0
0
8.57505e-09
0
1.15732e-08
0
1.09169e-08
0
0
0
2.51415e-08
6.77723e-07
2.20325e-06
3.84844e-06
5.50843e-06
7.70933e-06
9.1799e-06
8.71041e-06
7.05208e-06
4.81852e-06
2.65638e-06
1.2308e-06
4.37977e-07
0
0
0
0
0
0
0
0
0
0
0
0
0
0
0
0
0
0
0
0
0
0
0
0
0
0
0
4.05735e-08
3.07971e-07
4.92528e-07
5.71532e-07
5.55209e-07
4.81505e-07
4.08533e-07
3.39697e-07
3.02875e-07
2.88533e-07
2.94591e-07
3.66051e-07
8.45104e-07
1.31876e-06
0
0
0
0
0
0
0
0
0
9.70687e-07
2.36377e-06
2.13039e-06
1.31104e-06
3.1913e-07
0
0
0
0
0
0
0
0
0
1.1877e-07
1.48083e-07
8.99626e-08
4.61564e-08
2.299e-08
1.78974e-08
1.86348e-08
1.78769e-08
1.40145e-08
6.79137e-09
0
0
0
0
0
0
0
4.35872e-08
5.0656e-08
4.69759e-08
4.00575e-08
3.10888e-08
2.18205e-08
1.19763e-08
2.42759e-09
0
0
0
0
0
0
0
0
0
0
0
0
0
0
0
0
0
0
0
0
0
0
0
0
0
0
0
0
0
0
0
0
0
0
0
0
0
0
0
0
0
1.26878e-08
5.2437e-08
8.89528e-08
4.73748e-08
0
0
0
0
0
0
0
0
1.06542e-08
3.46209e-09
0
0
0
0
0
0
0
0
0
0
0
0
0
2.93331e-09
4.68076e-09
1.20935e-08
6.76185e-09
1.12722e-08
0
0
0
0
0
0
1.84733e-06
2.99839e-06
3.88251e-06
4.57774e-06
5.23414e-06
5.58192e-06
5.35802e-06
4.66234e-06
3.59145e-06
2.3989e-06
1.42857e-06
7.05838e-07
1.57963e-07
0
0
0
0
0
0
0
0
0
0
0
0
0
0
0
0
0
0
0
0
0
0
0
0
0
0
0
0
0
1.38105e-07
3.77255e-07
4.14416e-07
3.77664e-07
3.07608e-07
2.59971e-07
2.34935e-07
2.21911e-07
2.32285e-07
5.982e-07
9.86999e-07
0
0
0
0
0
0
0
0
0
2.18914e-07
2.83934e-07
0
1.47249e-07
0
0
0
0
0
0
0
0
0
0
1.49355e-07
1.29566e-07
7.21488e-08
3.31106e-08
1.72208e-08
1.34187e-08
1.17148e-08
9.10607e-09
5.42432e-09
0
0
0
0
0
0
0
4.7518e-08
7.29214e-08
6.8201e-08
5.70661e-08
4.56894e-08
3.34438e-08
2.32974e-08
1.29156e-08
3.94325e-09
0
0
0
0
0
0
0
0
0
0
0
0
0
0
0
0
0
0
0
0
0
0
0
0
0
0
0
0
0
0
9.79543e-09
1.28536e-08
0
0
0
0
0
0
0
0
0
9.67941e-09
3.00509e-08
6.27478e-08
1.01895e-07
5.13144e-08
0
0
0
0
0
0
0
2.0132e-08
4.4357e-08
3.05797e-08
1.8499e-08
1.0455e-08
2.75217e-09
0
0
0
0
9.4396e-09
8.10422e-09
0
0
0
1.75995e-09
4.08415e-09
1.0234e-08
8.487e-09
1.15185e-08
0
0
0
0
0
0
3.26983e-07
9.68778e-07
1.4294e-06
1.82841e-06
2.19326e-06
2.46291e-06
2.60803e-06
2.59366e-06
2.32429e-06
1.86731e-06
1.33552e-06
7.93058e-07
2.80141e-07
0
0
0
0
0
0
0
1.51573e-07
6.74529e-07
1.04064e-06
1.03613e-06
6.91538e-07
1.30386e-07
0
0
0
0
0
0
0
0
0
0
0
0
0
0
0
0
0
0
1.79312e-07
2.895e-07
2.68354e-07
2.27083e-07
1.91165e-07
1.60728e-07
1.23416e-07
3.69085e-07
4.74817e-07
0
0
0
0
0
0
0
0
0
0
0
0
0
0
0
0
0
0
0
0
0
0
0
1.22109e-07
8.96264e-08
4.84831e-08
3.16499e-08
3.07432e-08
3.23749e-08
3.13459e-08
2.75311e-08
2.20472e-08
1.02069e-08
0
0
0
0
0
2.78558e-07
3.54138e-07
2.90444e-07
2.16145e-07
1.47164e-07
9.38533e-08
5.09573e-08
2.07587e-08
0
0
0
0
0
0
0
0
0
0
0
0
0
0
0
0
0
0
0
0
0
0
0
0
0
0
0
0
3.14038e-09
7.0644e-09
6.48687e-09
9.19197e-09
1.74391e-08
3.1225e-08
5.28232e-08
5.67199e-08
1.07145e-08
0
0
0
0
0
0
1.88977e-08
3.20663e-08
4.27369e-08
6.67623e-08
1.01694e-07
3.77074e-08
0
0
0
0
0
0
0
3.37661e-08
5.65556e-08
4.55783e-08
2.82588e-08
1.28823e-08
0
0
0
0
0
8.75266e-09
1.7068e-08
6.66233e-09
0
6.19904e-10
2.21291e-09
7.21426e-09
6.88487e-09
9.54556e-09
3.44441e-09
0
0
0
0
0
0
0
1.29783e-07
3.12173e-07
4.98649e-07
6.77332e-07
8.30255e-07
9.20571e-07
9.18835e-07
8.27266e-07
6.53643e-07
4.17397e-07
1.58272e-07
0
0
0
3.50189e-07
9.73475e-07
1.9132e-06
3.13e-06
4.03599e-06
3.82265e-06
2.97857e-06
2.2192e-06
1.55787e-06
1.13045e-06
8.54913e-07
6.62375e-07
4.77691e-07
3.14702e-07
2.52481e-07
3.5317e-07
5.84576e-07
8.52235e-07
1.0929e-06
1.28099e-06
1.39151e-06
1.37937e-06
1.19206e-06
7.34608e-07
0
0
0
0
0
0
1.72808e-07
1.89002e-07
1.61604e-07
1.24373e-07
8.90715e-08
5.81938e-08
0
0
0
9.92108e-08
1.46939e-07
8.54857e-09
0
1.82851e-08
2.64599e-08
0
0
0
0
6.69383e-07
2.62512e-07
0
0
0
0
0
0
0
0
1.51469e-08
1.52631e-07
9.99524e-08
7.53561e-08
7.32358e-08
7.29067e-08
6.804e-08
5.89515e-08
4.92778e-08
3.86413e-08
1.95442e-08
0
0
0
0
8.71257e-07
1.67944e-06
1.19315e-06
8.79921e-07
6.36285e-07
4.32072e-07
2.72131e-07
1.43935e-07
4.0695e-08
0
0
0
0
0
0
0
0
0
0
0
0
0
0
0
0
0
0
0
0
0
0
0
0
0
0
0
9.43708e-10
1.65251e-08
3.0682e-08
3.96569e-08
4.94066e-08
6.59367e-08
8.05611e-08
1.00027e-07
1.33094e-07
1.49142e-07
1.28878e-07
1.03014e-07
7.78854e-08
3.90803e-08
0
1.38673e-08
3.62836e-08
4.67097e-08
5.09699e-08
5.27422e-08
6.65835e-08
9.02826e-08
7.80219e-09
0
0
0
0
0
0
1.2922e-09
4.27445e-08
6.21902e-08
5.40518e-08
3.21326e-08
1.01421e-08
0
0
0
0
0
4.27744e-09
2.46804e-08
1.37475e-08
5.28358e-09
2.52201e-09
4.97912e-09
4.41315e-09
6.11735e-09
2.26201e-09
3.09045e-10
0
0
0
0
0
0
0
0
0
0
0
0
0
0
0
0
1.45713e-07
4.74132e-07
9.0278e-07
1.23216e-06
1.34104e-06
1.37354e-06
1.66395e-06
2.31437e-06
2.6833e-06
2.47118e-06
2.02491e-06
1.87139e-06
2.04983e-06
2.33403e-06
2.36206e-06
1.80771e-06
7.21534e-07
0
0
0
0
0
0
0
2.74287e-07
7.20779e-07
1.17806e-06
1.53367e-06
1.57804e-06
1.10462e-06
0
0
0
0
0
5.81538e-08
1.07734e-07
8.0489e-08
2.44094e-08
0
0
0
0
0
4.69714e-08
2.57255e-07
3.8362e-07
4.86308e-07
5.61316e-07
5.49201e-07
4.12778e-07
2.4493e-07
1.49108e-06
1.17597e-06
6.49064e-07
2.1055e-07
0
0
0
0
0
0
0
2.9894e-07
2.2945e-07
1.44029e-07
1.18791e-07
1.02935e-07
8.80343e-08
7.53681e-08
6.679e-08
6.03073e-08
5.17023e-08
2.82742e-08
0
0
0
0
2.45937e-06
2.06538e-06
1.57363e-06
1.21635e-06
9.27603e-07
6.85416e-07
4.69583e-07
2.89274e-07
1.20808e-07
0
0
0
0
0
0
0
0
0
0
0
0
0
0
0
0
0
0
0
0
0
0
0
0
0
0
0
1.42201e-08
3.38812e-08
5.51553e-08
7.62099e-08
9.32845e-08
1.22276e-07
1.67627e-07
2.0617e-07
2.25142e-07
2.46952e-07
2.59157e-07
2.45084e-07
2.32739e-07
2.13502e-07
1.58547e-07
7.51934e-08
6.35316e-08
6.66111e-08
6.66168e-08
6.43541e-08
5.87082e-08
6.02662e-08
6.10342e-08
0
0
0
0
0
0
0
2.66854e-08
5.34125e-08
6.48133e-08
5.38736e-08
2.78377e-08
1.80158e-09
0
0
0
0
0
2.042e-09
2.46484e-08
1.94274e-08
8.45473e-09
5.68283e-09
3.16356e-09
3.09575e-09
0
0
0
0
0
0
0
0
0
0
0
0
0
0
0
0
0
4.54835e-08
3.58092e-07
5.34282e-07
5.10649e-07
3.70559e-07
2.61273e-07
3.01713e-07
5.33395e-07
8.08835e-07
9.14834e-07
9.5692e-07
1.26559e-06
1.99764e-06
3.19051e-06
4.69191e-06
5.55346e-06
3.57119e-06
0
0
0
0
0
0
0
0
0
0
0
4.32979e-08
8.35291e-07
1.30502e-06
1.00266e-06
0
0
0
0
0
7.49927e-08
9.32271e-08
4.89416e-08
3.21067e-10
0
0
0
0
0
1.56547e-07
3.77905e-07
5.59306e-07
6.53569e-07
6.40086e-07
5.4127e-07
1.79905e-06
2.43936e-06
1.6124e-06
9.39829e-07
4.30029e-07
3.11493e-09
0
0
0
0
0
0
3.84303e-07
1.8779e-07
1.23453e-07
1.03862e-07
8.19406e-08
6.79144e-08
6.5784e-08
6.88023e-08
7.09769e-08
6.62419e-08
3.89248e-08
0
0
0
0
6.01207e-07
1.23197e-06
1.16796e-06
1.00468e-06
8.22429e-07
6.58402e-07
5.14979e-07
3.76997e-07
2.24308e-07
7.64229e-08
0
0
0
0
0
0
0
0
0
0
0
0
0
0
0
0
0
0
0
0
0
0
0
0
0
7.08352e-09
4.68348e-08
7.82389e-08
1.06742e-07
1.42872e-07
1.77568e-07
2.11081e-07
2.64408e-07
3.24291e-07
3.51257e-07
3.53037e-07
3.55636e-07
3.52793e-07
3.4454e-07
3.39519e-07
3.20032e-07
2.48692e-07
1.31468e-07
1.00519e-07
8.90738e-08
8.22343e-08
7.32495e-08
5.89586e-08
4.1827e-08
6.02606e-10
0
0
0
0
0
0
2.60938e-08
4.85793e-08
6.07454e-08
6.17949e-08
4.57043e-08
1.77765e-08
0
0
0
0
0
0
2.35758e-09
2.17291e-08
1.97817e-08
1.21635e-08
5.33497e-09
2.2091e-09
0
0
0
0
0
0
0
0
0
0
0
0
0
0
0
0
6.4668e-09
2.24384e-07
3.10831e-07
2.70992e-07
1.67408e-07
7.32524e-08
4.03021e-08
7.62497e-08
1.35235e-07
1.60803e-07
2.3013e-07
4.95935e-07
1.07481e-06
2.06554e-06
3.60321e-06
5.89129e-06
8.70944e-06
1.5342e-06
0
0
0
0
0
0
0
0
0
0
0
0
0
3.63723e-07
8.29399e-07
3.65456e-07
0
0
0
0
3.94978e-08
1.00588e-07
5.18298e-08
5.38954e-10
0
0
0
0
0
8.52466e-08
2.29984e-07
2.73889e-07
1.86142e-07
4.32853e-08
1.11248e-06
2.75456e-06
2.36303e-06
1.66791e-06
1.11325e-06
7.14243e-07
4.71715e-07
3.79316e-07
0
0
0
0
0
6.42848e-08
3.81761e-08
5.38453e-08
6.21244e-08
5.13331e-08
5.14011e-08
6.00991e-08
6.72155e-08
6.95288e-08
6.1375e-08
2.42062e-08
0
0
0
0
0
4.31097e-07
6.30898e-07
5.92077e-07
4.87686e-07
3.76515e-07
3.21045e-07
2.88815e-07
2.26997e-07
1.43941e-07
4.17611e-08
0
0
0
0
0
3.23898e-08
5.56057e-08
3.91489e-08
0
0
0
0
0
0
0
0
0
0
0
0
0
0
0
0
2.68148e-08
9.50856e-08
1.54462e-07
2.01018e-07
2.51177e-07
3.08907e-07
3.56886e-07
4.02553e-07
4.47754e-07
4.70379e-07
4.61035e-07
4.38265e-07
4.2484e-07
4.20564e-07
4.21235e-07
4.20671e-07
4.00483e-07
3.03544e-07
1.70505e-07
1.26812e-07
1.04392e-07
9.19594e-08
7.43534e-08
4.76481e-08
0
0
0
0
0
0
7.90873e-09
3.92089e-08
5.62428e-08
6.13692e-08
6.01863e-08
5.28577e-08
3.30109e-08
4.67368e-09
0
0
0
0
0
0
4.7579e-09
1.75109e-08
1.92572e-08
1.15464e-08
5.06267e-09
0
0
0
0
0
0
0
0
0
0
0
0
0
0
0
1.09429e-09
1.63922e-07
2.31091e-07
2.0152e-07
1.2425e-07
4.6646e-08
0
0
0
0
0
6.14814e-08
2.67256e-07
5.76489e-07
9.15561e-07
1.10238e-06
7.08377e-07
0
0
0
0
0
0
0
0
0
0
0
0
0
0
0
0
3.35097e-07
4.65526e-07
0
0
0
0
2.13638e-08
8.84962e-08
3.88955e-08
0
0
0
0
0
0
0
0
0
0
2.84438e-07
1.62353e-06
1.96069e-06
1.70065e-06
1.36735e-06
1.13316e-06
1.12957e-06
1.6875e-06
4.05344e-06
1.44716e-06
0
0
0
3.0744e-08
0
0
0
2.59208e-08
2.24351e-08
2.2983e-08
2.578e-08
2.32146e-08
1.53909e-08
0
0
0
0
0
0
0
0
1.92711e-07
1.7071e-07
6.50484e-08
0
4.80927e-09
9.84029e-08
1.45547e-07
1.20687e-07
5.84531e-08
0
0
0
0
4.68683e-08
1.31762e-07
1.48729e-07
1.08994e-07
4.35163e-08
0
0
0
0
0
0
0
0
0
0
0
0
0
0
0
3.95386e-08
1.39179e-07
2.33676e-07
3.10865e-07
3.76928e-07
4.45988e-07
5.02873e-07
5.33515e-07
5.49619e-07
5.45749e-07
5.228e-07
4.88071e-07
4.57309e-07
4.49483e-07
4.62117e-07
4.74921e-07
4.76442e-07
4.49478e-07
3.16803e-07
1.92801e-07
1.41126e-07
1.12171e-07
9.24565e-08
6.32111e-08
1.8515e-08
0
0
0
0
0
4.05936e-08
6.96086e-08
7.89575e-08
7.45426e-08
6.3358e-08
5.34865e-08
4.1363e-08
1.79461e-08
0
0
0
0
0
0
0
6.48416e-09
1.55392e-08
1.52766e-08
1.09681e-08
0
0
0
0
0
0
0
0
0
0
0
0
0
0
3.26486e-08
1.60665e-07
2.10745e-07
1.86595e-07
1.21372e-07
6.0063e-08
2.39702e-08
9.36096e-09
7.22777e-10
0
0
0
0
0
0
0
0
0
0
0
0
0
0
0
0
0
0
0
0
0
0
0
0
0
1.54796e-07
3.89678e-07
1.60558e-08
0
0
0
8.06183e-08
7.45234e-08
1.66189e-08
0
0
0
0
0
0
0
0
0
0
5.4161e-07
1.08702e-06
1.11558e-06
1.02415e-06
9.7547e-07
1.06857e-06
1.45851e-06
2.4221e-06
2.95555e-06
9.62946e-07
0
0
0
2.74544e-07
1.35415e-07
0
0
0
0
0
0
0
0
0
0
0
0
0
0
0
0
0
0
0
0
0
0
7.07578e-08
8.18515e-08
4.61979e-08
0
0
0
3.05229e-08
1.63556e-07
2.68986e-07
2.58758e-07
1.85962e-07
9.23612e-08
0
0
0
0
0
0
0
0
0
0
0
0
0
0
0
4.2065e-08
1.56129e-07
2.71319e-07
3.68517e-07
4.44594e-07
5.08845e-07
5.5776e-07
5.74994e-07
5.76902e-07
5.57486e-07
5.22323e-07
4.85435e-07
4.55683e-07
4.41278e-07
4.52457e-07
4.82519e-07
5.01843e-07
5.02728e-07
4.50965e-07
3.02394e-07
1.99051e-07
1.43002e-07
1.11125e-07
7.98932e-08
3.78674e-08
0
0
0
0
5.84323e-08
1.17698e-07
1.34926e-07
1.28143e-07
1.07934e-07
8.26409e-08
6.09983e-08
4.69714e-08
2.88928e-08
0
0
0
0
0
0
0
0
7.80971e-09
1.06287e-08
1.31988e-08
4.93007e-09
0
0
0
0
0
0
0
0
0
0
0
0
8.98272e-08
1.76188e-07
2.16845e-07
1.89774e-07
1.23671e-07
6.28987e-08
4.08863e-08
5.04893e-08
6.69443e-08
7.27349e-08
6.61041e-08
3.63664e-08
0
0
0
0
0
0
0
0
0
0
0
0
0
0
0
0
0
0
0
0
0
0
0
1.9e-07
3.22594e-07
2.03202e-07
0
0
2.37874e-07
1.88265e-07
7.38476e-08
0
0
0
0
0
0
0
0
0
0
0
2.7952e-07
5.94163e-07
6.2309e-07
6.3419e-07
7.2266e-07
9.38371e-07
1.30861e-06
1.65362e-06
1.41378e-06
4.5792e-07
0
0
0
3.56585e-07
2.98416e-07
6.25924e-08
0
0
0
0
0
0
0
0
0
0
0
0
0
0
0
0
0
0
0
0
5.77805e-08
1.03898e-07
9.40003e-08
5.51071e-08
1.19187e-08
0
2.62447e-08
1.56544e-07
3.36575e-07
4.38612e-07
3.90646e-07
2.77101e-07
1.51584e-07
2.94871e-08
0
0
0
0
0
0
0
0
0
0
0
0
0
0
4.30336e-08
1.33283e-07
2.3758e-07
3.37847e-07
4.19577e-07
4.81512e-07
5.23888e-07
5.35175e-07
5.27185e-07
5.15712e-07
4.92309e-07
4.65952e-07
4.44665e-07
4.32801e-07
4.33579e-07
4.55171e-07
4.97869e-07
5.17429e-07
5.11272e-07
4.13601e-07
2.80491e-07
1.93306e-07
1.37797e-07
1.01264e-07
5.78759e-08
9.68138e-09
0
0
7.21587e-08
2.95893e-07
3.43806e-07
3.01689e-07
2.43744e-07
1.86471e-07
1.35992e-07
9.52175e-08
6.65733e-08
4.34492e-08
9.40415e-09
0
0
0
0
0
0
0
1.88635e-09
3.25053e-09
8.78135e-09
6.20522e-09
5.23256e-09
0
2.80134e-06
3.22574e-07
0
0
0
0
0
5.5324e-08
1.41875e-07
2.09511e-07
2.42301e-07
2.36892e-07
1.97225e-07
1.21814e-07
4.01782e-08
0
1.8157e-08
7.62356e-08
1.405e-07
1.88561e-07
2.11048e-07
1.86899e-07
8.41789e-08
0
0
0
0
0
0
0
0
0
0
0
0
0
0
3.45459e-07
6.71217e-07
6.24977e-07
4.61859e-07
2.74015e-07
8.23e-08
0
6.16118e-08
2.14144e-07
2.7261e-07
3.53754e-07
4.2248e-07
0
5.77327e-07
2.49525e-07
6.80602e-08
0
0
0
0
0
0
0
0
0
0
0
3.48821e-08
3.10732e-07
4.09995e-07
4.70589e-07
5.60012e-07
7.23461e-07
9.08884e-07
9.51758e-07
6.77566e-07
8.35443e-08
0
0
0
1.07616e-07
4.23565e-07
1.64528e-07
0
0
0
0
0
0
0
0
0
0
0
0
0
0
1.32919e-07
3.75048e-08
0
0
9.67835e-08
1.74717e-07
1.87942e-07
1.72154e-07
1.33768e-07
8.6342e-08
4.08893e-08
3.81188e-08
1.43985e-07
3.75676e-07
5.88196e-07
6.25925e-07
5.07722e-07
3.61707e-07
2.08496e-07
6.08549e-08
0
0
0
0
0
0
0
0
0
0
0
0
0
8.1258e-09
6.28668e-08
1.26166e-07
1.9588e-07
2.61601e-07
3.19916e-07
3.72194e-07
4.1188e-07
4.33921e-07
4.41945e-07
4.45083e-07
4.45509e-07
4.39777e-07
4.3254e-07
4.2845e-07
4.30391e-07
4.3687e-07
4.6901e-07
5.04804e-07
5.16736e-07
4.72497e-07
3.48387e-07
2.51186e-07
1.76697e-07
1.26312e-07
8.04666e-08
3.56897e-08
1.66336e-08
6.12066e-08
1.93882e-07
3.86213e-07
5.17886e-07
5.54824e-07
4.7508e-07
3.51611e-07
2.49566e-07
1.78331e-07
1.26576e-07
8.13023e-08
2.61794e-08
0
0
0
0
0
0
0
0
0
1.07652e-09
1.3717e-09
9.32066e-09
1.77533e-09
5.849e-06
8.56515e-07
1.8266e-07
1.59369e-07
1.67164e-07
1.98432e-07
2.46839e-07
3.09809e-07
3.63659e-07
3.93579e-07
3.76754e-07
3.06485e-07
2.01798e-07
8.02621e-08
0
0
0
5.18915e-08
1.70902e-07
2.86883e-07
3.70582e-07
3.92939e-07
3.29882e-07
1.70788e-07
0
0
0
0
0
0
0
0
0
0
0
4.30748e-07
2.5034e-06
2.10098e-06
1.39918e-06
8.43747e-07
4.64788e-07
2.10868e-07
7.51998e-08
7.36552e-08
1.73776e-07
2.30018e-07
2.90552e-07
6.62061e-07
1.05738e-06
7.16188e-07
6.07632e-07
2.0218e-07
4.70828e-08
0
0
0
0
0
0
0
0
0
0
0
0
1.82117e-07
3.28123e-07
3.90006e-07
4.50475e-07
5.28479e-07
5.90868e-07
5.47867e-07
3.39649e-07
0
0
0
0
0
2.47504e-07
3.05054e-07
7.54827e-08
0
0
0
0
0
0
0
4.48173e-08
3.88509e-07
8.56478e-07
1.47207e-06
2.14049e-06
2.43001e-06
2.09074e-06
1.21988e-06
4.44561e-07
1.79469e-07
1.77684e-07
1.95703e-07
2.12371e-07
2.12139e-07
1.78386e-07
1.27929e-07
8.52682e-08
1.291e-07
3.63663e-07
7.05036e-07
8.85057e-07
8.36545e-07
6.57296e-07
4.7074e-07
2.74424e-07
8.4814e-08
0
0
0
0
0
0
0
0
0
0
0
0
0
3.25114e-08
9.1676e-08
1.532e-07
2.12945e-07
2.6133e-07
2.98002e-07
3.3278e-07
3.68778e-07
3.93868e-07
4.08473e-07
4.20468e-07
4.28125e-07
4.32627e-07
4.35963e-07
4.39698e-07
4.44865e-07
4.51881e-07
4.62351e-07
4.95445e-07
5.11607e-07
4.9745e-07
3.96178e-07
2.97096e-07
2.2343e-07
1.60116e-07
1.10869e-07
6.53656e-08
5.91001e-08
1.2978e-07
2.67887e-07
4.13958e-07
4.97098e-07
4.78119e-07
5.1331e-07
5.1495e-07
4.07436e-07
3.02144e-07
2.2924e-07
1.62345e-07
6.53315e-08
0
0
0
0
0
0
0
0
0
0
0
6.10939e-09
7.9736e-09
4.83216e-06
1.16483e-06
2.44788e-07
1.98722e-07
2.88784e-07
3.58983e-07
4.22852e-07
4.693e-07
4.93491e-07
4.9225e-07
4.5337e-07
3.66186e-07
2.47156e-07
1.11517e-07
0
0
0
0
1.06588e-07
2.51589e-07
3.79821e-07
4.5414e-07
4.50915e-07
3.64276e-07
1.95271e-07
0
0
0
0
0
0
0
0
0
0
4.94849e-06
3.1396e-06
1.8051e-06
9.90377e-07
5.25298e-07
2.68921e-07
1.30114e-07
1.14582e-07
2.05315e-07
2.72774e-07
2.80433e-07
4.68989e-07
1.29639e-06
1.4044e-06
1.06691e-06
4.86251e-07
1.4781e-07
3.72659e-08
3.31147e-10
0
0
0
0
0
0
0
0
0
0
0
9.59324e-08
2.48283e-07
3.06154e-07
3.20332e-07
3.2932e-07
3.25932e-07
2.72174e-07
1.53563e-07
0
0
0
0
0
0
2.16631e-07
2.05021e-07
7.55873e-08
2.22696e-08
0
1.55932e-09
7.51375e-08
3.11861e-07
7.95394e-07
1.54347e-06
2.48751e-06
3.53456e-06
4.61289e-06
5.40587e-06
5.38487e-06
4.06892e-06
1.93733e-06
5.10634e-07
1.04258e-07
8.5516e-08
1.69562e-07
2.47451e-07
2.64247e-07
2.37027e-07
1.86557e-07
1.57723e-07
2.93783e-07
6.95946e-07
1.05838e-06
1.15356e-06
1.01787e-06
8.25662e-07
6.05498e-07
3.51535e-07
1.17344e-07
0
0
0
0
0
0
0
0
0
0
0
0
0
7.06931e-08
1.4358e-07
1.9883e-07
2.49208e-07
2.93432e-07
3.26676e-07
3.50451e-07
3.72762e-07
3.96564e-07
4.09368e-07
4.19804e-07
4.29853e-07
4.3849e-07
4.44007e-07
4.50271e-07
4.59377e-07
4.69229e-07
4.74806e-07
4.92154e-07
5.0575e-07
4.99718e-07
4.28792e-07
3.2083e-07
2.55687e-07
1.95986e-07
1.46363e-07
1.01853e-07
1.02173e-07
1.87637e-07
3.25197e-07
4.30242e-07
4.99092e-07
5.08672e-07
4.40171e-07
4.36933e-07
4.39838e-07
3.62679e-07
2.79006e-07
1.98182e-07
7.60952e-08
0
0
0
0
0
0
0
0
0
0
0
0
6.21646e-09
2.59744e-06
1.90905e-06
5.00761e-07
2.30937e-07
2.77901e-07
3.66046e-07
4.28677e-07
4.88273e-07
4.94952e-07
4.7154e-07
4.23586e-07
3.46951e-07
2.51499e-07
1.43029e-07
3.6095e-08
0
0
0
1.10693e-08
1.20249e-07
2.45611e-07
3.46206e-07
3.9397e-07
3.76933e-07
2.97169e-07
1.56608e-07
0
0
0
0
0
0
0
0
1.70012e-06
2.33694e-06
1.52631e-06
8.59653e-07
4.39616e-07
2.18412e-07
1.12889e-07
9.5292e-08
2.02304e-07
3.48153e-07
3.78246e-07
4.14911e-07
9.74158e-07
2.0119e-06
1.47079e-06
9.22359e-07
3.03145e-07
1.04345e-07
3.95786e-08
1.60178e-08
9.99462e-09
1.10357e-08
1.2163e-08
1.50238e-08
1.38265e-08
1.00124e-08
0
0
0
0
0
2.61421e-08
1.42142e-07
1.89031e-07
1.81419e-07
1.49574e-07
1.1213e-07
6.48461e-08
2.15448e-08
8.00144e-10
0
0
0
0
0
0
1.28525e-07
1.71811e-07
1.11628e-07
5.37735e-08
5.13958e-08
1.68662e-07
5.46477e-07
1.31042e-06
2.4851e-06
3.92925e-06
5.6843e-06
7.55158e-06
9.08642e-06
9.37376e-06
6.54175e-06
1.90422e-06
0
0
0
1.08114e-07
2.69089e-07
3.14758e-07
3.01195e-07
2.48579e-07
2.56165e-07
5.46303e-07
1.08286e-06
1.38358e-06
1.38624e-06
1.1901e-06
1.01468e-06
7.38108e-07
4.36486e-07
2.16638e-07
0
0
0
0
0
0
0
0
0
0
0
0
0
1.61215e-07
2.72575e-07
3.12871e-07
3.32243e-07
3.52829e-07
3.7028e-07
3.84027e-07
3.98964e-07
4.1501e-07
4.2624e-07
4.33796e-07
4.42841e-07
4.53164e-07
4.60897e-07
4.65923e-07
4.73705e-07
4.84107e-07
4.92434e-07
5.00673e-07
5.05561e-07
4.96529e-07
4.48159e-07
3.39792e-07
2.67976e-07
2.19471e-07
1.77257e-07
1.41429e-07
1.4673e-07
2.40394e-07
3.69324e-07
4.4184e-07
4.62592e-07
4.83514e-07
4.92894e-07
4.39752e-07
3.98955e-07
3.37612e-07
2.38375e-07
1.19543e-07
0
0
0
0
0
0
0
0
0
0
0
0
0
0
8.90306e-07
2.15419e-06
7.02716e-07
2.66221e-07
2.46402e-07
2.75213e-07
2.78103e-07
3.42645e-07
3.8508e-07
3.60492e-07
3.12855e-07
2.51504e-07
1.84471e-07
1.13433e-07
4.22949e-08
0
0
0
0
7.20878e-09
8.24915e-08
1.69921e-07
2.39883e-07
2.73288e-07
2.65693e-07
2.20019e-07
1.41183e-07
3.37224e-08
0
0
0
0
0
1.70317e-07
7.4383e-07
7.4597e-07
4.70264e-07
2.14253e-07
6.58576e-08
2.10532e-08
3.92944e-08
1.60421e-07
3.87199e-07
5.11471e-07
5.16689e-07
7.79374e-07
1.99971e-06
1.98204e-06
1.34348e-06
5.69864e-07
1.93286e-07
8.72512e-08
4.90813e-08
3.44396e-08
3.28921e-08
3.59871e-08
3.76662e-08
3.83068e-08
3.76802e-08
3.49934e-08
2.89795e-08
8.88788e-10
0
0
0
0
1.28815e-08
4.32109e-08
3.09563e-08
0
0
0
0
0
1.2797e-08
0
0
0
0
0
0
5.82089e-08
1.56352e-07
1.52037e-07
1.57525e-07
2.84298e-07
6.88051e-07
1.60234e-06
3.01525e-06
4.86413e-06
7.41715e-06
1.03516e-05
1.36593e-05
1.62974e-05
1.14065e-05
4.78514e-07
0
0
0
1.9787e-07
3.58713e-07
3.92786e-07
3.5964e-07
2.96511e-07
3.73629e-07
8.90584e-07
1.44792e-06
1.65482e-06
1.55738e-06
1.42349e-06
1.23637e-06
7.87388e-07
6.01083e-07
4.39157e-07
1.18855e-07
0
0
0
0
0
0
0
0
0
0
0
0
3.61016e-07
5.40862e-07
5.59107e-07
5.14578e-07
4.74653e-07
4.49803e-07
4.35901e-07
4.32871e-07
4.3867e-07
4.44666e-07
4.50409e-07
4.59432e-07
4.72338e-07
4.81703e-07
4.84748e-07
4.88582e-07
4.96241e-07
5.05247e-07
5.12117e-07
5.07884e-07
4.90697e-07
4.51103e-07
3.52782e-07
2.69425e-07
2.24954e-07
1.94332e-07
1.75224e-07
1.89656e-07
2.90176e-07
4.06464e-07
4.46348e-07
4.13443e-07
3.77142e-07
3.60126e-07
3.64737e-07
3.39649e-07
2.27776e-07
7.58115e-08
0
0
0
0
1.03231e-07
4.79463e-08
0
0
0
0
0
0
0
0
0
3.11427e-07
1.5415e-06
6.0358e-07
1.57991e-07
3.76839e-08
0
0
9.08351e-08
1.62801e-07
1.82938e-07
1.5401e-07
1.09299e-07
6.42935e-08
2.1459e-08
0
0
0
0
0
0
0
3.86826e-08
9.2846e-08
1.44513e-07
1.79596e-07
1.96605e-07
1.99056e-07
1.91053e-07
1.80192e-07
1.72272e-07
1.78592e-07
2.0635e-07
2.7344e-07
3.4475e-07
2.73827e-07
7.31717e-08
0
0
0
0
7.98945e-08
3.74989e-07
6.13665e-07
6.80217e-07
7.92928e-07
1.74449e-06
2.34897e-06
1.5758e-06
9.17501e-07
3.12907e-07
1.47604e-07
9.01501e-08
6.39952e-08
5.469e-08
5.57166e-08
5.82837e-08
5.98102e-08
5.90404e-08
5.76546e-08
5.3442e-08
4.97066e-08
3.63616e-08
1.05035e-09
0
0
0
0
0
0
0
0
0
0
0
0
6.69527e-08
0
0
0
0
0
0
2.0652e-08
1.48697e-07
2.41885e-07
4.1608e-07
8.22089e-07
1.76666e-06
3.19662e-06
5.34874e-06
8.32852e-06
1.19454e-05
1.70843e-05
2.48002e-05
2.14369e-05
0
0
0
0
3.48816e-07
4.45777e-07
4.44842e-07
3.70108e-07
2.93721e-07
5.45203e-07
1.28142e-06
1.7792e-06
1.89381e-06
1.76762e-06
1.71363e-06
1.23036e-06
7.88422e-07
8.31447e-07
6.87956e-07
2.72275e-07
0
0
0
0
0
0
0
0
0
0
0
1.11696e-07
7.4862e-07
1.02552e-06
1.00606e-06
8.54947e-07
7.0154e-07
5.90474e-07
5.20406e-07
4.83895e-07
4.69766e-07
4.65726e-07
4.67219e-07
4.75686e-07
4.91302e-07
5.03109e-07
5.05189e-07
5.05088e-07
5.08451e-07
5.14849e-07
5.20194e-07
5.11572e-07
4.85824e-07
4.48702e-07
3.6567e-07
2.7305e-07
2.22215e-07
1.97855e-07
1.95164e-07
2.2543e-07
3.36632e-07
4.42352e-07
4.46298e-07
3.62686e-07
2.67483e-07
1.72391e-07
7.82851e-08
3.74408e-09
0
0
0
0
0
0
7.98575e-08
1.10987e-07
2.91966e-08
0
0
0
0
0
0
0
0
0
4.30988e-08
1.07516e-08
8.59506e-08
0
0
0
0
0
0
0
0
0
0
0
0
0
0
0
0
0
0
0
2.61576e-08
6.49247e-08
1.05406e-07
1.48783e-07
1.94842e-07
2.46023e-07
3.05396e-07
3.68265e-07
4.18804e-07
4.08174e-07
2.28321e-07
0
0
0
0
0
0
3.37548e-07
6.7187e-07
8.2953e-07
9.05237e-07
1.55975e-06
2.44484e-06
1.74658e-06
1.18904e-06
4.98089e-07
2.1714e-07
1.30104e-07
9.28364e-08
7.67256e-08
7.32541e-08
7.52342e-08
7.70558e-08
7.63666e-08
7.59556e-08
7.30824e-08
6.87463e-08
6.18315e-08
5.45907e-08
3.05737e-08
0
0
0
0
0
0
0
0
0
0
0
0
7.23403e-08
1.2272e-07
0
0
0
0
0
0
5.43626e-08
2.26175e-07
4.59823e-07
8.80684e-07
1.73824e-06
3.02674e-06
5.10643e-06
7.65441e-06
1.07801e-05
1.50286e-05
2.10816e-05
1.11641e-05
0
0
0
2.73993e-07
4.56145e-07
4.86019e-07
4.20655e-07
2.84893e-07
2.42857e-07
8.48414e-07
1.6626e-06
2.06599e-06
2.07993e-06
2.0729e-06
1.80689e-06
8.51662e-07
9.74113e-07
9.19712e-07
7.29758e-07
1.84913e-07
0
0
0
0
0
0
0
0
0
0
0
2.4804e-07
1.33219e-06
1.79625e-06
1.72876e-06
1.41219e-06
1.0781e-06
8.26075e-07
6.60656e-07
5.63344e-07
5.13791e-07
4.92434e-07
4.87193e-07
4.94659e-07
5.11297e-07
5.26783e-07
5.27682e-07
5.23171e-07
5.20367e-07
5.21885e-07
5.24907e-07
5.15435e-07
4.82188e-07
4.42299e-07
3.71516e-07
2.77713e-07
2.17196e-07
1.94149e-07
2.0255e-07
2.50332e-07
3.77425e-07
4.80222e-07
4.46622e-07
3.134e-07
1.70376e-07
2.95293e-08
0
0
0
0
0
0
0
0
2.36487e-08
8.65748e-08
5.45812e-08
0
0
0
0
0
0
0
0
0
0
0
3.39244e-07
0
0
0
0
0
0
0
0
0
0
0
0
0
0
0
0
0
0
0
0
1.04861e-08
4.4236e-08
8.63376e-08
1.42714e-07
2.14667e-07
3.06665e-07
4.05991e-07
4.89396e-07
4.51235e-07
8.15105e-08
0
0
0
0
0
3.23189e-07
7.10699e-07
9.42125e-07
1.02687e-06
1.4747e-06
2.4044e-06
1.81622e-06
1.22269e-06
7.17573e-07
3.03635e-07
1.82435e-07
1.29853e-07
1.02905e-07
9.35447e-08
9.26805e-08
9.32612e-08
9.06187e-08
8.70725e-08
8.65635e-08
8.46035e-08
7.86176e-08
7.14153e-08
6.25728e-08
4.53886e-08
1.49931e-08
0
0
0
0
0
0
0
0
0
0
0
2.81529e-08
1.47479e-07
1.8283e-07
8.63008e-08
0
0
0
0
4.85861e-08
2.33647e-07
4.83525e-07
9.07023e-07
1.59052e-06
2.68757e-06
4.26945e-06
6.00922e-06
8.04778e-06
9.99157e-06
8.86189e-06
0
0
0
1.5558e-07
4.21534e-07
4.8355e-07
4.34599e-07
2.83176e-07
7.83746e-08
3.00425e-07
1.24229e-06
1.99677e-06
2.27428e-06
2.30132e-06
2.30124e-06
9.9413e-07
1.01002e-06
1.07113e-06
8.44601e-07
4.90804e-07
0
0
0
0
0
0
0
0
0
0
0
0
3.36774e-08
1.75628e-06
2.82653e-06
2.79218e-06
2.24396e-06
1.63921e-06
1.18143e-06
8.7767e-07
6.87997e-07
5.81224e-07
5.29724e-07
5.12638e-07
5.17689e-07
5.33328e-07
5.4922e-07
5.49453e-07
5.41293e-07
5.3269e-07
5.28457e-07
5.28016e-07
5.16947e-07
4.77567e-07
4.32759e-07
3.69843e-07
2.79807e-07
2.11696e-07
1.87573e-07
2.0289e-07
2.64615e-07
4.08309e-07
5.19889e-07
4.52877e-07
2.70974e-07
8.8825e-08
0
0
0
0
0
0
0
0
0
0
4.94546e-08
5.55934e-08
1.82926e-08
0
0
0
0
0
0
0
0
3.78072e-07
0
0
0
0
0
0
0
0
0
0
0
0
0
0
0
0
0
0
0
0
0
0
1.13688e-08
5.35313e-08
1.03743e-07
1.69855e-07
2.56705e-07
3.7185e-07
5.11297e-07
6.42487e-07
6.19117e-07
8.47504e-08
0
0
0
0
3.7158e-07
7.59269e-07
1.02747e-06
1.13888e-06
1.46685e-06
2.28214e-06
1.79531e-06
1.17766e-06
8.43364e-07
3.94937e-07
2.30914e-07
1.64938e-07
1.29049e-07
1.1269e-07
1.08655e-07
1.07282e-07
1.04031e-07
9.75441e-08
9.23508e-08
9.04145e-08
9.12202e-08
8.66827e-08
7.85768e-08
6.85291e-08
5.21287e-08
2.64868e-08
0
0
0
0
0
0
0
0
0
0
0
0
1.17428e-07
2.18426e-07
2.49951e-07
1.98993e-07
1.22959e-07
7.58026e-08
1.06716e-07
2.05271e-07
3.78966e-07
6.21324e-07
1.0175e-06
1.54683e-06
2.3894e-06
3.3973e-06
4.47181e-06
5.36889e-06
4.9714e-06
1.43421e-06
0
0
5.8368e-08
3.40453e-07
4.30207e-07
3.98933e-07
2.52084e-07
0
0
5.74336e-07
1.63211e-06
2.25254e-06
2.41492e-06
2.53855e-06
1.3311e-06
1.00617e-06
1.16237e-06
1.01161e-06
6.90133e-07
1.92973e-07
0
0
0
0
0
0
0
0
0
0
0
0
0
1.26534e-06
3.47923e-06
4.21389e-06
3.39059e-06
2.41588e-06
1.68061e-06
1.19106e-06
8.74955e-07
6.8425e-07
5.85688e-07
5.47484e-07
5.44703e-07
5.58312e-07
5.69325e-07
5.67146e-07
5.5382e-07
5.39328e-07
5.29556e-07
5.25548e-07
5.16874e-07
4.73115e-07
4.2254e-07
3.644e-07
2.79707e-07
2.08203e-07
1.8253e-07
2.02512e-07
2.73985e-07
4.28256e-07
5.58629e-07
4.65281e-07
2.35364e-07
2.26086e-08
0
0
0
0
0
0
0
0
0
0
1.73096e-08
4.20512e-08
3.22187e-08
6.27074e-10
0
0
0
0
0
0
2.17751e-07
1.32177e-07
0
0
0
0
0
0
0
0
0
0
0
0
0
0
0
0
0
0
0
0
0
0
0
0
2.82357e-08
1.10575e-07
2.10355e-07
3.30268e-07
4.68135e-07
5.69868e-07
4.55373e-07
0
0
0
9.60757e-08
4.85962e-07
8.28073e-07
1.08521e-06
1.22561e-06
1.50876e-06
2.1223e-06
1.68992e-06
1.11627e-06
8.21543e-07
4.86156e-07
2.74843e-07
1.99261e-07
1.52768e-07
1.28693e-07
1.2212e-07
1.21089e-07
1.18565e-07
1.11112e-07
1.01019e-07
9.40379e-08
9.10516e-08
9.20012e-08
9.05989e-08
8.15624e-08
7.17231e-08
5.6347e-08
2.91775e-08
5.332e-09
0
0
0
0
0
0
0
0
0
0
0
9.11907e-08
2.03558e-07
2.82527e-07
3.1848e-07
3.18641e-07
3.01975e-07
3.43263e-07
4.17128e-07
5.78594e-07
8.11711e-07
1.11503e-06
1.53479e-06
2.09029e-06
2.63711e-06
3.0503e-06
2.83319e-06
1.45719e-06
0
0
3.18962e-08
2.36803e-07
3.28361e-07
3.11796e-07
1.75094e-07
0
0
0
9.64804e-07
1.9224e-06
2.33972e-06
2.51548e-06
1.7857e-06
8.44811e-07
1.20651e-06
1.14875e-06
8.58727e-07
5.12207e-07
3.98767e-08
0
0
0
0
0
0
0
0
0
0
7.38131e-07
9.80416e-07
0
0
2.98322e-06
5.14325e-06
4.8155e-06
3.38459e-06
2.30455e-06
1.59549e-06
1.13006e-06
8.33789e-07
6.68423e-07
5.97038e-07
5.81359e-07
5.87495e-07
5.91125e-07
5.8206e-07
5.61463e-07
5.41285e-07
5.26618e-07
5.14891e-07
5.04238e-07
4.65522e-07
4.12822e-07
3.57216e-07
2.82423e-07
2.11377e-07
1.84692e-07
2.07463e-07
2.83337e-07
4.36814e-07
5.86351e-07
4.82327e-07
2.10053e-07
0
0
0
0
0
0
0
0
0
0
0
0
2.38002e-08
3.17714e-08
1.92773e-08
0
0
0
0
0
0
1.11481e-07
8.25445e-08
0
0
0
0
0
0
0
0
0
0
0
0
0
0
0
0
0
0
0
0
0
0
0
0
0
0
5.2771e-08
1.30173e-07
1.82101e-07
1.65344e-07
3.7465e-08
0
0
2.51269e-07
5.58457e-07
8.70354e-07
1.10737e-06
1.29606e-06
1.6175e-06
1.94357e-06
1.50644e-06
1.02497e-06
7.51555e-07
5.41367e-07
3.0353e-07
2.20218e-07
1.68698e-07
1.40959e-07
1.29603e-07
1.2727e-07
1.25098e-07
1.18695e-07
1.09191e-07
9.90021e-08
9.21981e-08
8.87966e-08
8.85617e-08
8.94436e-08
8.15185e-08
7.09307e-08
5.736e-08
3.00422e-08
4.70596e-09
0
0
0
0
0
0
0
0
0
0
0
7.2011e-08
1.90927e-07
2.76417e-07
3.33149e-07
3.70834e-07
4.00607e-07
4.55567e-07
5.41574e-07
6.53096e-07
8.46398e-07
1.05717e-06
1.32975e-06
1.56729e-06
1.70651e-06
1.55944e-06
9.55424e-07
2.8633e-07
1.51314e-08
4.43427e-08
1.34036e-07
1.87507e-07
1.71759e-07
4.59921e-08
0
0
0
2.22069e-07
1.29504e-06
2.00707e-06
2.24745e-06
1.93642e-06
4.89282e-07
1.10145e-06
1.20066e-06
9.79127e-07
6.95348e-07
3.55543e-07
4.18198e-08
3.9804e-08
0
0
0
0
0
0
0
0
2.03581e-06
4.72563e-06
6.02996e-06
3.97596e-06
0
8.79301e-07
4.88963e-06
5.75124e-06
4.33734e-06
2.90018e-06
1.97537e-06
1.37228e-06
9.79798e-07
7.49513e-07
6.40606e-07
6.02581e-07
5.9335e-07
5.86078e-07
5.6806e-07
5.4159e-07
5.17198e-07
5.00146e-07
4.865e-07
4.769e-07
4.37383e-07
3.82326e-07
3.28529e-07
2.64851e-07
2.01968e-07
1.78303e-07
2.04657e-07
2.81183e-07
4.20028e-07
5.69741e-07
4.85202e-07
1.9706e-07
0
0
0
0
0
0
0
0
0
0
0
0
1.42637e-08
2.15763e-08
2.37098e-08
1.34611e-08
0
0
0
0
0
3.84999e-08
9.01376e-08
7.88115e-08
7.06491e-09
0
0
0
0
0
0
0
0
0
0
0
0
0
0
0
0
0
0
0
0
0
0
0
0
0
0
0
0
0
0
2.26517e-07
5.10851e-07
8.03349e-07
1.0831e-06
1.38757e-06
1.84379e-06
1.72329e-06
1.28372e-06
9.10074e-07
6.82869e-07
5.42517e-07
3.12406e-07
2.28772e-07
1.80873e-07
1.50229e-07
1.33964e-07
1.29434e-07
1.28137e-07
1.23623e-07
1.14723e-07
1.02393e-07
9.25372e-08
8.61785e-08
8.28993e-08
8.18689e-08
8.2143e-08
7.69442e-08
6.63445e-08
5.43624e-08
3.06306e-08
5.0458e-10
0
0
0
0
0
0
0
0
0
0
0
4.28663e-08
1.86047e-07
2.82817e-07
3.44215e-07
3.78161e-07
4.03604e-07
4.36694e-07
5.0289e-07
5.70622e-07
6.82278e-07
7.9364e-07
8.84535e-07
9.03323e-07
8.15113e-07
5.76862e-07
2.75517e-07
9.43408e-08
4.22543e-08
4.17707e-08
3.53963e-08
0
0
0
0
0
0
6.43677e-07
1.52112e-06
1.9257e-06
1.805e-06
3.68537e-07
9.0781e-07
1.22298e-06
1.11341e-06
7.96683e-07
5.34121e-07
2.57654e-07
1.11129e-07
1.36103e-07
0
0
0
0
0
0
0
8.35786e-07
4.24972e-06
7.75958e-06
1.08186e-05
1.17129e-05
6.64552e-06
0
3.27178e-06
6.03063e-06
5.51961e-06
3.77196e-06
2.54175e-06
1.74524e-06
1.22576e-06
9.11451e-07
7.50333e-07
6.79263e-07
6.42669e-07
6.13444e-07
5.82108e-07
5.46897e-07
5.15056e-07
4.93913e-07
4.78876e-07
4.67532e-07
4.38636e-07
3.87192e-07
3.34e-07
2.75181e-07
2.15428e-07
1.92198e-07
2.21258e-07
2.99096e-07
4.23529e-07
5.48739e-07
4.8211e-07
2.09233e-07
0
0
0
0
0
3.21487e-08
2.82622e-08
0
0
0
0
2.17722e-08
2.77501e-08
1.92198e-08
1.8036e-08
1.80733e-08
1.0022e-08
0
0
0
0
1.05266e-08
1.70197e-08
2.36325e-08
1.0934e-08
0
0
0
0
0
0
0
0
0
0
0
0
0
0
0
0
0
0
0
0
0
0
0
0
0
0
0
0
0
2.33544e-07
5.34395e-07
8.54036e-07
1.25041e-06
1.7955e-06
1.87157e-06
1.33672e-06
1.02516e-06
7.64e-07
6.00609e-07
5.20136e-07
3.20322e-07
2.19716e-07
1.7487e-07
1.46381e-07
1.2942e-07
1.23016e-07
1.21832e-07
1.19369e-07
1.1283e-07
1.01933e-07
9.24373e-08
8.54101e-08
8.01152e-08
7.68133e-08
7.52717e-08
7.2838e-08
6.82791e-08
5.87718e-08
4.79982e-08
2.97122e-08
0
0
0
0
0
0
0
0
0
0
0
0
0
1.69995e-07
2.89475e-07
3.64636e-07
4.01788e-07
4.09051e-07
4.04851e-07
4.10741e-07
4.22504e-07
4.45035e-07
4.68442e-07
4.58614e-07
4.1327e-07
3.28961e-07
2.09946e-07
1.00203e-07
2.59344e-08
0
0
0
0
0
0
0
0
1.05321e-07
9.33517e-07
1.442e-06
1.47295e-06
4.22453e-07
6.78012e-07
1.14753e-06
1.15315e-06
8.81654e-07
6.06388e-07
4.01866e-07
2.1028e-07
1.70054e-07
1.80846e-07
0
0
0
0
0
0
0
1.60205e-06
4.94592e-06
8.6977e-06
1.24597e-05
1.55899e-05
1.80206e-05
9.20243e-06
0
5.07897e-06
5.83264e-06
4.49612e-06
3.03574e-06
2.08223e-06
1.45805e-06
1.07469e-06
8.64872e-07
7.51038e-07
6.7778e-07
6.21868e-07
5.72423e-07
5.2511e-07
4.85092e-07
4.59933e-07
4.45093e-07
4.33822e-07
4.18893e-07
3.74414e-07
3.23423e-07
2.70898e-07
2.19612e-07
1.98216e-07
2.29451e-07
3.07336e-07
4.12906e-07
4.84675e-07
4.03225e-07
2.0107e-07
4.74898e-09
0
0
0
0
1.54271e-07
1.59794e-07
3.06764e-08
0
0
0
6.32742e-08
6.62741e-08
3.27157e-08
1.33755e-08
9.63682e-09
1.07013e-08
4.4161e-09
0
0
0
5.07609e-09
1.48936e-10
0
1.43955e-09
0
0
0
0
0
0
0
0
0
0
0
0
0
0
0
0
0
0
0
0
0
0
0
0
0
0
0
0
0
3.21964e-07
9.04198e-07
1.24154e-06
1.20403e-06
1.00895e-06
8.31177e-07
6.78545e-07
5.53538e-07
4.79253e-07
4.72313e-07
3.2241e-07
2.02396e-07
1.58446e-07
1.34579e-07
1.19547e-07
1.12165e-07
1.11196e-07
1.10419e-07
1.063e-07
9.76751e-08
8.73074e-08
8.01974e-08
7.53848e-08
7.16825e-08
6.81366e-08
6.52498e-08
6.14508e-08
5.6679e-08
4.91197e-08
3.92798e-08
2.57219e-08
1.60242e-09
0
0
0
0
0
0
0
0
0
0
0
0
1.32618e-07
2.91186e-07
3.91081e-07
4.4737e-07
4.6514e-07
4.51216e-07
4.23117e-07
3.94623e-07
3.67183e-07
3.41758e-07
3.0099e-07
2.50169e-07
1.88202e-07
1.15495e-07
4.33195e-08
0
0
0
0
0
0
0
0
0
5.06417e-07
9.66061e-07
1.07036e-06
4.12347e-07
5.45025e-07
1.05797e-06
1.14936e-06
9.53989e-07
6.34785e-07
4.55319e-07
3.17418e-07
2.04842e-07
2.07842e-07
2.06716e-07
0
0
0
0
0
0
2.58606e-07
1.69291e-06
4.75821e-06
8.56228e-06
1.23068e-05
1.56921e-05
1.92276e-05
2.51581e-05
7.04051e-06
3.36361e-06
5.62279e-06
5.04175e-06
3.54494e-06
2.46793e-06
1.76134e-06
1.32894e-06
1.07433e-06
9.05179e-07
7.70948e-07
6.61311e-07
5.79021e-07
5.19201e-07
4.76028e-07
4.49143e-07
4.33983e-07
4.22458e-07
4.12016e-07
3.76117e-07
3.33835e-07
2.89187e-07
2.45565e-07
2.27708e-07
2.60593e-07
3.39452e-07
4.26334e-07
4.36283e-07
3.17717e-07
1.59187e-07
1.7779e-08
0
0
0
0
1.75117e-07
1.65995e-07
8.87969e-08
0
0
0
8.66902e-08
1.15807e-07
6.2213e-08
1.90949e-08
1.71386e-09
1.22174e-09
3.05894e-09
3.85554e-09
0
0
5.27944e-09
0
0
0
2.38004e-09
2.64021e-09
1.34192e-09
0
0
0
0
0
0
0
0
0
0
0
0
0
0
0
0
0
0
0
0
0
0
0
0
0
0
0
0
1.45508e-07
2.69012e-07
3.20185e-07
3.31447e-07
3.39639e-07
3.6069e-07
4.19996e-07
2.90042e-07
1.77352e-07
1.38063e-07
1.18132e-07
1.05858e-07
9.96609e-08
9.95526e-08
1.00162e-07
9.78286e-08
9.1095e-08
8.12226e-08
7.53747e-08
7.12876e-08
6.80895e-08
6.50261e-08
6.1081e-08
5.65702e-08
5.10338e-08
4.50703e-08
3.89661e-08
3.09689e-08
2.09014e-08
3.71856e-09
0
0
0
0
0
0
0
0
0
0
0
0
4.21727e-08
2.74846e-07
4.12204e-07
4.94206e-07
5.3555e-07
5.4203e-07
5.20701e-07
4.8374e-07
4.40971e-07
3.9614e-07
3.43896e-07
2.88717e-07
2.2786e-07
1.55308e-07
6.71005e-08
0
0
0
0
0
0
0
0
2.28815e-07
6.34847e-07
6.6038e-07
2.32803e-07
4.84143e-07
1.0038e-06
1.11713e-06
1.00791e-06
6.73924e-07
4.58789e-07
3.59602e-07
2.69149e-07
2.13651e-07
2.29139e-07
2.3125e-07
0
0
0
1.16689e-07
5.81531e-07
8.12674e-07
8.71242e-07
1.52552e-06
4.08503e-06
8.03434e-06
1.1461e-05
1.44055e-05
1.67748e-05
2.00126e-05
1.96726e-05
5.78614e-06
5.17121e-06
5.20619e-06
4.02777e-06
2.85426e-06
2.09847e-06
1.63136e-06
1.31566e-06
1.06756e-06
8.70674e-07
7.21153e-07
6.0732e-07
5.24567e-07
4.72566e-07
4.47113e-07
4.34833e-07
4.23113e-07
4.13135e-07
3.93647e-07
3.58636e-07
3.16794e-07
2.78471e-07
2.62528e-07
2.90489e-07
3.58691e-07
4.17948e-07
3.93976e-07
2.49146e-07
9.02093e-08
0
0
0
0
1.85061e-07
1.81705e-07
1.13736e-07
6.62888e-08
2.74907e-09
0
0
6.1477e-08
1.35019e-07
8.79398e-08
2.97823e-08
0
0
0
1.1077e-09
4.78975e-09
9.32845e-09
7.13259e-09
8.33923e-10
0
1.28613e-09
2.79945e-09
0
0
1.96625e-09
3.76002e-09
1.59548e-09
0
0
0
0
0
0
0
0
0
0
0
0
0
0
0
0
0
0
0
0
0
0
0
0
0
1.34735e-08
9.85402e-08
1.62346e-07
2.16289e-07
2.92155e-07
3.45048e-07
2.14639e-07
1.41799e-07
1.12558e-07
9.87527e-08
8.96518e-08
8.59028e-08
8.70329e-08
8.90204e-08
8.7995e-08
8.32302e-08
7.46398e-08
6.90387e-08
6.54306e-08
6.25869e-08
5.98175e-08
5.59447e-08
5.18084e-08
4.7552e-08
4.24016e-08
3.56907e-08
2.92269e-08
2.25963e-08
1.47857e-08
3.52529e-09
0
0
0
0
0
0
0
0
0
0
0
0
0
1.7576e-07
3.94933e-07
5.22395e-07
5.9667e-07
6.34942e-07
6.45232e-07
6.34249e-07
6.09455e-07
5.7555e-07
5.35111e-07
4.90236e-07
4.32348e-07
3.52081e-07
2.31129e-07
0
0
0
0
0
0
0
8.27576e-08
4.36943e-07
3.68093e-07
2.90987e-08
4.47755e-07
9.70945e-07
1.08389e-06
1.00252e-06
7.02142e-07
4.64191e-07
3.50174e-07
3.03014e-07
2.42921e-07
2.21826e-07
2.44256e-07
2.6519e-07
3.99546e-08
1.39909e-07
5.6872e-07
1.12745e-06
1.64006e-06
1.89421e-06
1.64278e-06
1.42654e-06
3.13096e-06
7.45349e-06
1.0917e-05
1.30678e-05
1.42291e-05
1.53261e-05
1.49386e-05
1.01873e-05
5.46432e-06
5.17808e-06
4.33434e-06
3.12409e-06
2.3806e-06
1.96303e-06
1.63508e-06
1.32324e-06
1.03557e-06
8.03148e-07
6.38259e-07
5.36529e-07
4.86399e-07
4.69046e-07
4.62909e-07
4.50827e-07
4.39784e-07
4.16982e-07
3.79979e-07
3.4193e-07
3.11431e-07
3.01106e-07
3.26325e-07
3.75035e-07
3.96748e-07
3.41184e-07
1.78386e-07
1.76418e-08
0
0
5.6888e-08
1.22106e-06
6.04989e-07
2.11902e-07
8.37993e-08
3.35598e-08
0
0
0
1.84464e-08
1.16984e-07
9.58665e-08
3.48155e-08
0
0
0
0
2.17594e-09
1.7057e-08
1.08866e-08
1.14526e-08
3.9257e-09
0
0
0
0
0
2.64043e-09
0
0
0
0
0
0
0
0
0
0
0
0
0
0
0
0
0
0
0
0
0
0
0
0
0
1.08353e-08
5.40061e-08
1.03792e-07
1.6739e-07
2.34605e-07
1.9046e-07
1.26425e-07
9.7452e-08
8.42094e-08
7.67241e-08
7.26258e-08
7.16488e-08
7.48012e-08
7.75066e-08
7.72559e-08
7.3996e-08
6.69551e-08
6.18225e-08
5.8816e-08
5.66354e-08
5.44399e-08
5.10269e-08
4.67601e-08
4.2193e-08
3.78987e-08
3.33932e-08
2.72496e-08
2.02929e-08
1.42272e-08
8.23731e-09
9.89815e-10
0
0
0
0
0
0
0
0
0
0
0
0
0
0
2.11492e-07
4.38511e-07
5.75012e-07
6.59877e-07
7.12814e-07
7.43321e-07
7.57073e-07
7.58419e-07
7.46199e-07
7.26256e-07
7.00838e-07
6.56146e-07
5.47307e-07
2.6404e-07
0
0
0
0
0
1.51833e-07
3.26812e-07
1.3566e-07
0
5.06741e-07
9.40295e-07
1.04059e-06
9.62828e-07
6.84918e-07
4.67157e-07
3.34582e-07
2.88341e-07
2.68189e-07
2.27925e-07
2.24074e-07
2.58444e-07
3.18e-07
2.97746e-07
7.50203e-07
1.32444e-06
1.954e-06
2.48602e-06
2.92067e-06
2.69118e-06
1.75449e-06
1.93197e-06
6.72399e-06
1.09203e-05
1.21538e-05
1.21321e-05
1.19258e-05
1.09035e-05
8.31387e-06
5.09956e-06
4.29993e-06
4.52701e-06
3.49218e-06
2.88803e-06
2.58305e-06
2.16778e-06
1.67497e-06
1.24231e-06
9.18142e-07
7.02487e-07
5.83013e-07
5.34784e-07
5.24144e-07
5.16647e-07
4.9151e-07
4.62027e-07
4.31463e-07
3.98673e-07
3.70658e-07
3.48988e-07
3.40931e-07
3.5312e-07
3.62587e-07
3.45567e-07
2.57306e-07
8.72864e-08
0
0
1.64863e-07
6.49657e-07
1.25351e-06
6.87421e-07
2.46419e-07
7.73236e-08
1.58187e-08
0
0
0
0
8.8905e-08
9.79406e-08
3.56067e-08
0
0
0
0
1.01404e-09
1.71976e-08
8.40004e-08
5.40486e-08
2.28787e-08
2.80814e-09
0
0
0
0
0
0
0
0
0
0
0
0
0
0
0
0
0
0
0
0
0
0
0
0
0
0
0
0
0
1.2454e-08
4.86209e-08
9.60449e-08
1.16027e-07
9.48819e-08
7.52089e-08
6.51583e-08
6.04682e-08
5.83544e-08
5.72859e-08
5.68725e-08
5.85729e-08
6.24555e-08
6.49128e-08
6.51637e-08
6.35061e-08
5.87023e-08
5.39153e-08
5.09989e-08
4.93396e-08
4.76213e-08
4.4793e-08
4.10704e-08
3.70261e-08
3.31339e-08
2.95557e-08
2.5856e-08
2.07645e-08
1.38749e-08
7.4675e-09
2.27455e-09
0
0
0
0
0
0
0
0
0
0
0
0
0
0
0
0
1.13715e-07
3.62547e-07
5.20221e-07
6.26139e-07
7.01902e-07
7.58608e-07
8.01202e-07
8.36905e-07
8.74597e-07
9.15156e-07
9.87882e-07
1.06885e-06
1.11871e-06
1.12325e-06
8.05276e-07
4.90614e-07
7.28997e-07
6.40816e-07
2.97132e-07
0
4.01759e-08
6.42316e-07
9.34463e-07
9.78804e-07
8.87748e-07
6.29073e-07
4.40631e-07
3.21975e-07
2.64086e-07
2.54093e-07
2.44721e-07
2.16343e-07
2.223e-07
2.74781e-07
3.93134e-07
6.35204e-07
1.30503e-06
1.92354e-06
2.54038e-06
3.05676e-06
3.7456e-06
3.88076e-06
2.86173e-06
8.95381e-07
5.27065e-06
1.17559e-05
1.16082e-05
1.02898e-05
9.20257e-06
7.84305e-06
5.66618e-06
3.16006e-06
1.55971e-06
3.09629e-06
3.95635e-06
3.28499e-06
3.06405e-06
2.60171e-06
2.02674e-06
1.50794e-06
1.11284e-06
8.40289e-07
6.72272e-07
5.97134e-07
5.80509e-07
5.70755e-07
5.4769e-07
5.03728e-07
4.67926e-07
4.39875e-07
4.08294e-07
3.81206e-07
3.66827e-07
3.51301e-07
3.24315e-07
2.66092e-07
1.42533e-07
0
0
1.45912e-07
4.23648e-07
7.89652e-07
9.72116e-07
6.37967e-07
2.65063e-07
7.88195e-08
9.0145e-09
0
0
0
0
5.4623e-08
1.04258e-07
4.50936e-08
0
0
0
0
9.03399e-09
2.23512e-08
8.38332e-08
5.59003e-08
3.49314e-08
2.28161e-08
1.56421e-08
1.02059e-08
5.88089e-09
2.88814e-09
1.09865e-09
0
0
0
0
0
0
0
0
0
0
0
0
0
0
0
0
0
0
0
0
0
0
6.33985e-09
2.11921e-08
2.86301e-08
3.13573e-08
3.23758e-08
3.31773e-08
3.44681e-08
3.65092e-08
3.91393e-08
4.17487e-08
4.36957e-08
4.46596e-08
4.59113e-08
4.88824e-08
5.1049e-08
5.19869e-08
5.18895e-08
4.98501e-08
4.58389e-08
4.25063e-08
4.07594e-08
3.96713e-08
3.79568e-08
3.51183e-08
3.14755e-08
2.78144e-08
2.44849e-08
2.14703e-08
1.84355e-08
1.44442e-08
8.64616e-09
2.27812e-09
0
0
0
0
0
0
0
0
0
0
0
0
0
0
0
0
0
0
0
2.55277e-07
4.35777e-07
5.69712e-07
6.81066e-07
7.82447e-07
8.83102e-07
9.95908e-07
1.13515e-06
1.31554e-06
1.57472e-06
2.08449e-06
3.33515e-06
5.80029e-06
5.36011e-06
1.9832e-06
0
0
2.869e-07
7.44411e-07
9.11058e-07
9.01536e-07
7.60051e-07
5.45862e-07
3.88694e-07
2.91961e-07
2.43601e-07
2.29144e-07
2.33176e-07
2.24984e-07
2.04639e-07
2.17211e-07
2.94035e-07
4.86675e-07
9.95836e-07
1.72656e-06
2.32734e-06
2.81006e-06
3.23768e-06
4.18481e-06
4.77251e-06
4.33799e-06
1.55606e-06
2.98497e-07
1.35065e-05
1.0867e-05
8.16021e-06
6.59136e-06
5.22921e-06
3.34422e-06
1.25453e-06
0
0
3.07695e-06
3.797e-06
3.44586e-06
2.92634e-06
2.29556e-06
1.72543e-06
1.2939e-06
9.90187e-07
7.80352e-07
6.64989e-07
6.25784e-07
6.00577e-07
5.63472e-07
5.19642e-07
4.81695e-07
4.44876e-07
4.09538e-07
3.84572e-07
3.71217e-07
3.44365e-07
2.76746e-07
1.68461e-07
1.52766e-08
0
0
1.95007e-07
4.42329e-07
6.94748e-07
8.01159e-07
5.82176e-07
2.66165e-07
7.57104e-08
3.58639e-09
0
0
0
0
5.85414e-09
1.00084e-07
6.54862e-08
0
0
0
0
1.57438e-08
3.47221e-08
1.13085e-08
5.37097e-10
0
0
0
0
0
0
0
0
0
0
0
0
0
0
0
0
0
0
0
0
0
1.42263e-10
3.42452e-10
1.15938e-10
5.40599e-10
2.79623e-09
6.34961e-09
9.96511e-09
1.28319e-08
1.44823e-08
1.52093e-08
1.57655e-08
1.6723e-08
1.8457e-08
2.11851e-08
2.48093e-08
2.87077e-08
3.19186e-08
3.35338e-08
3.34533e-08
3.31772e-08
3.48109e-08
3.73644e-08
3.94641e-08
4.05338e-08
4.02774e-08
3.78106e-08
3.3982e-08
3.1462e-08
3.05104e-08
2.97866e-08
2.82932e-08
2.57872e-08
2.26599e-08
1.96315e-08
1.6989e-08
1.45043e-08
1.18968e-08
8.73167e-09
4.26034e-09
0
0
0
0
0
0
0
0
0
0
0
0
0
0
0
0
0
0
0
0
0
2.29195e-07
4.03054e-07
5.41892e-07
6.62119e-07
7.76896e-07
8.93608e-07
1.02282e-06
1.14861e-06
1.2795e-06
1.49152e-06
1.84263e-06
1.86635e-06
3.93755e-08
0
0
4.83884e-07
7.64804e-07
8.30145e-07
7.6998e-07
5.83404e-07
4.29774e-07
3.20339e-07
2.49087e-07
2.16181e-07
2.06448e-07
2.10065e-07
2.15284e-07
2.05292e-07
1.9206e-07
2.09961e-07
3.15001e-07
5.88529e-07
1.31628e-06
2.01228e-06
2.48474e-06
2.75337e-06
3.07704e-06
4.17786e-06
5.06084e-06
5.11062e-06
3.31609e-06
0
7.11469e-06
7.94854e-06
5.14024e-06
3.67758e-06
2.65591e-06
1.25478e-06
0
0
0
0
4.39119e-06
4.09859e-06
3.53667e-06
2.82172e-06
2.15769e-06
1.64333e-06
1.26052e-06
9.579e-07
7.63277e-07
6.7617e-07
6.25388e-07
5.73069e-07
5.32112e-07
4.86774e-07
4.43542e-07
4.0778e-07
3.82614e-07
3.59627e-07
3.00481e-07
2.00182e-07
5.7379e-08
0
0
0
1.00383e-07
2.99029e-07
5.18769e-07
6.63592e-07
5.40774e-07
2.57899e-07
6.32184e-08
0
0
0
0
0
0
6.80958e-08
7.89078e-08
7.48437e-09
0
0
0
4.78972e-09
3.57384e-08
0
0
0
0
0
0
0
0
0
0
0
0
0
0
0
0
0
0
0
0
1.01877e-09
2.55214e-09
3.41075e-09
3.83897e-09
4.21654e-09
4.71674e-09
5.52382e-09
6.45791e-09
7.45353e-09
8.39144e-09
9.08463e-09
9.60818e-09
1.04198e-08
1.19723e-08
1.43571e-08
1.72771e-08
2.01998e-08
2.25882e-08
2.40002e-08
2.40266e-08
2.30519e-08
2.24504e-08
2.36521e-08
2.63372e-08
2.87521e-08
3.01072e-08
3.03149e-08
2.89756e-08
2.56561e-08
2.27454e-08
2.17101e-08
2.16682e-08
2.12999e-08
2.0097e-08
1.79772e-08
1.53031e-08
1.27703e-08
1.05867e-08
8.42331e-09
5.99517e-09
3.17602e-09
0
0
0
0
0
0
0
0
0
0
0
0
0
0
0
0
0
0
0
0
0
0
0
9.73155e-08
2.21535e-07
3.09593e-07
3.78512e-07
4.43795e-07
4.89739e-07
4.77295e-07
3.82465e-07
1.37423e-07
0
0
0
1.92318e-07
5.40215e-07
6.85583e-07
6.8178e-07
5.52335e-07
4.19344e-07
3.19158e-07
2.50185e-07
2.08142e-07
1.87318e-07
1.84011e-07
1.88275e-07
1.93629e-07
2.00092e-07
1.87789e-07
1.80192e-07
2.02898e-07
3.38148e-07
6.92557e-07
1.56545e-06
2.1832e-06
2.51872e-06
2.51178e-06
2.74439e-06
3.93269e-06
4.99484e-06
5.31314e-06
4.28213e-06
6.21203e-07
0
2.77492e-06
1.87683e-06
9.69649e-07
3.71986e-07
0
0
0
0
0
5.4027e-07
4.8073e-06
4.5912e-06
3.8102e-06
2.95833e-06
2.22448e-06
1.61418e-06
1.13935e-06
8.46195e-07
7.03707e-07
6.19991e-07
5.62129e-07
5.16123e-07
4.64231e-07
4.14622e-07
3.7259e-07
3.39757e-07
2.96212e-07
2.18769e-07
1.0077e-07
0
0
0
0
0
1.37909e-07
3.24429e-07
5.03145e-07
4.86438e-07
2.41696e-07
4.3308e-08
0
0
2.20335e-08
0
0
0
3.25492e-08
6.77159e-08
2.32325e-08
0
0
0
0
1.89704e-08
0
0
0
0
0
0
0
0
0
0
0
0
0
0
0
0
0
0
0
0
0
0
0
4.47561e-11
2.83054e-09
5.04276e-09
6.98464e-09
8.59559e-09
9.70263e-09
1.02895e-08
1.06194e-08
1.10705e-08
1.18278e-08
1.28546e-08
1.39485e-08
1.47803e-08
1.52959e-08
1.55937e-08
1.57698e-08
1.60587e-08
1.68858e-08
1.83588e-08
2.0259e-08
2.1731e-08
2.22404e-08
2.20819e-08
2.12874e-08
1.93687e-08
1.71791e-08
1.63155e-08
1.66233e-08
1.68776e-08
1.6459e-08
1.52612e-08
1.32551e-08
1.07248e-08
8.24673e-09
6.00621e-09
3.70887e-09
1.09388e-09
0
0
0
0
0
0
0
0
0
0
0
0
0
0
0
0
0
0
0
0
0
0
0
0
0
0
0
0
0
0
0
0
0
0
5.48113e-08
3.49535e-07
5.05993e-07
5.27315e-07
4.44243e-07
3.53884e-07
2.79889e-07
2.2733e-07
1.92685e-07
1.73748e-07
1.66434e-07
1.65359e-07
1.7077e-07
1.75487e-07
1.84026e-07
1.86262e-07
1.72097e-07
1.68848e-07
1.97587e-07
3.6574e-07
8.03323e-07
1.76321e-06
2.32214e-06
2.52088e-06
2.26505e-06
2.45099e-06
3.81219e-06
5.10072e-06
5.64917e-06
5.16037e-06
2.45752e-06
3.58768e-07
1.09918e-06
3.70399e-07
0
0
0
0
0
0
0
0
4.27484e-06
5.08161e-06
4.37837e-06
3.42793e-06
2.55332e-06
1.81339e-06
1.24668e-06
8.91724e-07
6.99828e-07
5.72317e-07
4.84553e-07
4.28607e-07
3.84903e-07
3.42389e-07
3.02152e-07
2.63172e-07
2.03219e-07
1.0906e-07
0
0
0
0
0
0
1.68823e-08
1.6036e-07
3.26627e-07
3.82833e-07
2.0329e-07
2.05719e-08
0
0
5.41641e-08
1.16496e-07
8.09532e-08
3.29926e-08
3.81015e-08
5.07055e-08
2.54304e-08
0
0
0
0
3.43986e-09
0
0
0
0
0
0
0
0
0
0
0
0
0
0
0
0
0
0
0
0
0
0
0
6.53486e-09
1.21691e-08
1.54909e-08
1.70716e-08
1.72793e-08
1.65809e-08
1.56066e-08
1.49005e-08
1.46483e-08
1.46875e-08
1.4771e-08
1.45355e-08
1.41016e-08
1.38735e-08
1.41809e-08
1.50196e-08
1.60847e-08
1.68231e-08
1.7041e-08
1.69767e-08
1.6325e-08
1.54426e-08
1.44498e-08
1.31497e-08
1.14801e-08
1.02022e-08
1.00818e-08
1.05588e-08
1.07761e-08
1.0361e-08
9.23407e-09
7.40536e-09
5.17045e-09
2.96013e-09
8.80766e-10
0
0
0
0
0
0
0
0
0
0
0
0
0
0
0
0
0
0
0
0
0
0
0
0
0
0
0
0
0
0
0
0
0
0
3.90081e-08
2.063e-07
3.14947e-07
3.32699e-07
2.98152e-07
2.50754e-07
2.08682e-07
1.76698e-07
1.55636e-07
1.45129e-07
1.40643e-07
1.40474e-07
1.42752e-07
1.45737e-07
1.50933e-07
1.56947e-07
1.61778e-07
1.60928e-07
1.46427e-07
1.46376e-07
1.80152e-07
3.68035e-07
8.48996e-07
1.82609e-06
2.31373e-06
2.38022e-06
2.01856e-06
2.23467e-06
3.73468e-06
5.09852e-06
5.58977e-06
5.44756e-06
3.93164e-06
0
0
0
0
0
0
0
0
0
0
0
3.55962e-06
5.26288e-06
4.65944e-06
3.61395e-06
2.64994e-06
1.84893e-06
1.24766e-06
8.74725e-07
6.62502e-07
4.98832e-07
3.8958e-07
3.37338e-07
3.03826e-07
2.61146e-07
2.07851e-07
1.44933e-07
6.61053e-08
0
0
0
0
0
0
0
0
4.66964e-08
1.74152e-07
2.47627e-07
1.42193e-07
0
0
0
3.99739e-08
1.77769e-07
2.55497e-07
1.96242e-07
1.13947e-07
6.36323e-08
2.46523e-08
0
0
0
0
1.29505e-09
0
0
0
0
0
0
0
0
0
0
0
0
0
0
0
0
0
0
0
0
0
0
0
4.21731e-09
1.15937e-08
1.77831e-08
2.16435e-08
2.28709e-08
2.21256e-08
2.05928e-08
1.91017e-08
1.7829e-08
1.66626e-08
1.51898e-08
1.31854e-08
1.05317e-08
7.25258e-09
3.90484e-09
1.52679e-09
4.88103e-10
1.89359e-10
0
0
0
0
0
0
0
0
0
0
0
0
0
0
0
0
0
0
0
0
0
0
0
0
0
0
0
0
0
0
0
0
0
0
0
0
0
0
0
0
0
0
0
0
0
0
0
0
0
2.91796e-08
1.13766e-07
1.57878e-07
1.71365e-07
1.6632e-07
1.51397e-07
1.34513e-07
1.20405e-07
1.11876e-07
1.07669e-07
1.07476e-07
1.10961e-07
1.13826e-07
1.16904e-07
1.20208e-07
1.2302e-07
1.28418e-07
1.29793e-07
1.31611e-07
1.29177e-07
1.15639e-07
1.18407e-07
1.55806e-07
3.44083e-07
8.3292e-07
1.78387e-06
2.22203e-06
2.19812e-06
1.81211e-06
2.09139e-06
3.71675e-06
4.94811e-06
5.2298e-06
5.01451e-06
4.46101e-06
7.39098e-08
0
0
0
0
0
0
0
0
9.0878e-07
3.38737e-06
3.30622e-06
5.52754e-06
5.35847e-06
4.14754e-06
2.94851e-06
1.96623e-06
1.2676e-06
8.73226e-07
6.48248e-07
4.56011e-07
3.27123e-07
2.523e-07
2.04161e-07
1.41902e-07
6.84428e-08
0
0
0
0
0
0
0
0
0
0
0
7.54781e-08
1.3652e-07
7.89805e-08
0
0
0
7.71332e-09
1.37786e-07
2.95135e-07
3.41322e-07
2.41353e-07
1.20988e-07
4.07585e-08
8.81827e-10
0
0
0
1.07599e-08
0
0
0
0
0
0
0
0
0
6.61215e-09
4.15272e-08
4.36404e-08
2.87701e-08
9.59894e-09
0
0
0
0
0
0
0
0
0
2.93992e-09
1.31266e-08
2.07935e-08
2.39521e-08
2.28941e-08
1.95431e-08
1.56161e-08
1.17617e-08
7.83679e-09
3.41295e-09
0
0
0
0
0
0
0
0
0
0
0
0
0
0
0
0
0
0
0
0
0
0
0
0
0
0
0
0
0
0
0
0
0
0
0
0
0
0
0
0
0
0
0
0
0
0
0
0
0
0
0
0
0
9.21189e-09
2.14616e-08
4.18688e-08
6.57333e-08
8.00954e-08
8.33597e-08
8.04035e-08
7.53448e-08
7.01717e-08
6.62665e-08
6.46271e-08
6.46129e-08
6.6341e-08
6.91723e-08
7.35126e-08
7.91871e-08
8.20906e-08
8.42661e-08
8.65984e-08
8.76033e-08
8.85745e-08
8.69722e-08
8.71171e-08
8.32137e-08
7.46417e-08
7.98125e-08
1.16397e-07
2.74231e-07
7.02069e-07
1.55593e-06
1.93538e-06
1.85186e-06
1.51822e-06
1.8649e-06
3.4669e-06
4.5103e-06
4.64273e-06
4.4144e-06
4.24452e-06
4.76897e-06
0
0
0
0
0
0
0
3.67732e-07
1.81212e-06
3.27486e-06
1.53677e-06
4.76715e-06
6.02717e-06
5.19701e-06
3.64389e-06
2.28941e-06
1.37956e-06
9.28298e-07
6.78267e-07
4.62378e-07
2.82506e-07
1.69067e-07
8.25214e-08
0
0
0
0
0
0
0
0
0
0
0
0
0
3.29618e-08
7.46582e-08
3.20043e-08
0
0
0
0
7.82717e-08
2.21053e-07
3.35878e-07
3.18996e-07
1.97027e-07
7.85023e-08
1.54068e-08
0
0
0
2.52505e-08
0
0
0
0
0
0
0
0
0
4.32041e-08
8.27047e-08
9.45784e-08
8.47665e-08
6.09807e-08
2.99339e-08
0
0
0
0
0
0
0
0
0
1.82182e-08
3.25093e-08
3.63266e-08
3.16791e-08
2.27479e-08
1.29411e-08
3.55855e-09
0
0
0
0
0
0
0
0
0
0
0
0
0
0
0
0
0
0
0
0
0
0
0
0
0
0
0
0
0
0
0
0
0
0
0
0
0
0
0
1.57532e-09
6.61163e-09
9.64927e-09
1.11888e-08
1.19853e-08
1.28181e-08
1.4441e-08
1.74964e-08
2.33268e-08
3.10223e-08
4.12016e-08
5.20607e-08
6.00652e-08
6.70874e-08
6.90627e-08
6.85758e-08
6.63762e-08
6.37752e-08
6.26944e-08
6.00551e-08
5.43948e-08
4.94026e-08
4.63695e-08
4.4576e-08
4.35053e-08
4.30393e-08
4.29735e-08
4.23063e-08
4.22423e-08
4.39754e-08
4.75579e-08
5.13387e-08
5.10229e-08
4.93239e-08
4.66972e-08
4.43007e-08
4.27534e-08
3.94085e-08
4.05129e-08
4.14587e-08
3.88744e-08
4.56318e-08
7.40552e-08
1.75679e-07
4.98439e-07
1.22434e-06
1.55268e-06
1.46202e-06
1.22694e-06
1.62158e-06
3.10789e-06
3.91835e-06
3.87989e-06
3.61253e-06
3.61993e-06
5.24137e-06
3.33528e-06
6.53002e-07
3.47614e-07
4.56801e-07
7.21889e-07
1.17914e-06
1.69377e-06
2.01146e-06
2.33243e-06
2.17295e-06
6.4658e-07
1.17079e-06
4.08487e-06
5.24786e-06
4.45432e-06
2.9939e-06
1.77111e-06
1.21156e-06
8.88673e-07
6.0092e-07
3.30013e-07
1.13394e-07
0
0
0
0
0
0
0
0
0
0
0
0
0
0
3.55165e-08
5.86377e-08
1.18607e-08
0
0
0
0
4.24987e-08
1.6627e-07
2.84905e-07
3.22948e-07
2.47431e-07
1.2699e-07
4.08027e-08
0
3.73339e-09
2.02739e-08
5.05277e-08
0
0
0
0
0
0
0
0
6.34004e-09
2.43512e-08
4.68971e-08
7.00507e-08
8.57093e-08
8.64955e-08
6.96333e-08
3.81999e-08
0
0
0
0
0
0
0
0
0
0
0
1.08482e-09
4.94468e-09
6.93352e-10
0
0
0
0
0
0
0
0
0
0
0
0
0
0
0
0
0
0
0
0
0
0
0
0
0
0
0
0
0
0
0
0
0
0
0
0
0
9.19469e-10
6.05385e-09
1.28904e-08
2.1913e-08
3.18279e-08
4.08659e-08
4.76717e-08
5.24853e-08
5.55021e-08
5.7783e-08
6.0224e-08
6.38206e-08
6.76051e-08
7.18648e-08
7.7547e-08
8.09276e-08
8.3614e-08
8.28353e-08
7.87026e-08
7.33116e-08
6.75077e-08
6.19061e-08
5.52685e-08
4.8511e-08
4.35227e-08
3.98325e-08
3.63034e-08
3.25853e-08
2.90655e-08
2.53532e-08
2.07232e-08
1.77766e-08
1.87476e-08
2.21594e-08
2.30975e-08
1.59394e-08
7.41448e-09
0
0
0
0
5.04633e-10
5.60106e-09
6.92614e-09
1.37185e-08
2.6632e-08
4.81257e-08
2.03767e-07
7.52711e-07
1.02938e-06
1.00289e-06
8.92284e-07
1.27202e-06
2.48608e-06
2.90619e-06
2.56273e-06
2.13806e-06
1.9903e-06
2.51233e-06
4.63471e-06
2.02151e-06
1.15419e-06
1.22158e-06
1.52513e-06
1.98581e-06
2.35784e-06
2.31947e-06
1.96239e-06
1.4126e-06
5.18622e-07
6.0757e-08
1.18838e-06
3.00451e-06
3.62729e-06
2.92105e-06
2.00299e-06
1.4779e-06
1.09381e-06
7.32298e-07
3.5975e-07
0
0
0
0
0
0
0
0
0
0
0
0
0
0
2.92474e-09
4.66056e-08
5.82812e-08
1.2724e-08
0
0
0
0
2.13687e-08
1.44142e-07
2.52644e-07
2.94602e-07
2.42927e-07
1.5108e-07
6.43959e-08
2.71978e-08
3.06454e-08
7.00173e-08
9.48521e-08
3.05282e-08
9.70035e-08
1.66557e-07
2.1913e-07
2.41414e-07
2.29225e-07
1.89506e-07
1.3597e-07
8.66942e-08
5.92922e-08
6.35874e-08
9.77125e-08
1.47876e-07
1.92419e-07
2.09087e-07
1.8678e-07
1.3325e-07
6.93908e-08
1.5198e-08
0
0
0
0
0
0
0
0
0
0
0
0
0
0
0
0
0
0
0
0
0
0
0
0
0
0
0
0
0
0
0
0
0
0
0
0
0
0
0
0
0
0
0
0
0
0
0
7.18608e-09
2.21093e-08
2.95337e-08
3.4362e-08
4.14944e-08
5.23767e-08
6.5998e-08
8.01491e-08
9.29617e-08
1.03761e-07
1.12789e-07
1.1886e-07
1.23614e-07
1.26016e-07
1.28025e-07
1.28672e-07
1.26131e-07
1.21141e-07
1.15128e-07
1.08701e-07
1.02723e-07
9.71463e-08
8.93985e-08
7.98381e-08
7.1183e-08
6.41328e-08
5.71073e-08
4.91626e-08
4.03193e-08
3.02174e-08
1.77945e-08
1.6846e-09
0
0
0
0
0
0
0
0
0
0
0
0
0
0
0
0
0
8.88227e-08
2.95194e-07
3.79545e-07
4.52484e-07
7.57756e-07
1.48961e-06
1.4589e-06
1.03996e-06
8.59001e-07
8.58262e-07
1.10831e-06
2.41808e-06
3.44745e-06
1.06401e-06
5.85754e-07
9.02097e-07
1.37367e-06
1.70004e-06
1.66752e-06
1.24938e-06
7.55186e-07
2.47722e-07
0
1.82199e-07
1.10158e-06
1.92199e-06
1.90425e-06
1.50647e-06
1.18965e-06
8.85153e-07
5.37027e-07
9.34204e-08
0
0
0
0
0
0
0
0
0
0
0
0
0
0
0
3.18245e-08
4.79081e-08
1.85405e-08
0
0
0
0
3.38106e-09
1.41119e-07
2.54078e-07
2.77787e-07
2.05894e-07
1.34661e-07
5.92592e-08
6.59419e-08
6.79534e-08
1.54338e-07
1.57652e-07
2.21879e-07
2.74075e-07
3.25495e-07
3.56844e-07
3.38735e-07
2.55971e-07
1.39957e-07
5.22576e-08
3.12912e-08
6.89305e-08
1.35886e-07
2.09849e-07
2.77591e-07
3.27386e-07
3.52514e-07
3.51017e-07
3.25017e-07
2.78571e-07
2.1928e-07
1.62621e-07
1.17056e-07
7.75641e-08
3.29002e-08
0
0
0
0
0
0
2.35361e-09
1.40174e-08
5.33427e-09
0
0
0
0
0
0
0
0
0
0
0
0
0
0
0
0
0
0
0
0
0
0
0
0
0
0
0
0
0
0
0
0
0
0
1.03572e-08
3.93097e-08
5.91316e-08
7.07857e-08
7.917e-08
8.92863e-08
1.03679e-07
1.22227e-07
1.40575e-07
1.54677e-07
1.6347e-07
1.70472e-07
1.81969e-07
1.98531e-07
2.1057e-07
2.14296e-07
2.09648e-07
1.98795e-07
1.83045e-07
1.64514e-07
1.48167e-07
1.34251e-07
1.20596e-07
1.09856e-07
1.02931e-07
9.50202e-08
8.61451e-08
7.70778e-08
6.73634e-08
5.62808e-08
4.30155e-08
2.38144e-08
0
0
0
0
0
0
0
0
0
0
0
0
0
0
0
0
0
0
0
0
0
1.66993e-07
3.30192e-07
1.45483e-07
1.83503e-07
3.93601e-07
5.16314e-07
7.49154e-07
1.6467e-06
3.52893e-06
3.7242e-06
8.18732e-07
0
2.00561e-07
6.01776e-07
7.9685e-07
6.29272e-07
2.94731e-07
2.55767e-09
0
0
1.23801e-07
5.12927e-07
6.1422e-07
5.27304e-07
3.93232e-07
1.9014e-07
0
0
0
0
0
0
0
0
0
0
0
0
0
0
0
0
0
8.54145e-09
3.74575e-08
2.50388e-08
0
0
0
0
0
1.33318e-07
2.72158e-07
2.84443e-07
1.62067e-07
9.27018e-08
1.50856e-08
9.64116e-08
9.54109e-08
2.60108e-07
2.04613e-07
1.5009e-07
1.91523e-07
2.09073e-07
2.03808e-07
1.77938e-07
1.33528e-07
7.6474e-08
1.50259e-08
0
0
0
0
0
5.87511e-08
1.34632e-07
1.99732e-07
2.4631e-07
2.74122e-07
2.86342e-07
2.82912e-07
2.58726e-07
2.1008e-07
1.41058e-07
6.31677e-08
0
0
0
0
3.26947e-08
8.83306e-08
9.98855e-08
6.08427e-08
0
0
0
0
0
0
0
0
0
0
0
0
0
0
0
0
0
0
0
0
0
0
0
0
0
0
0
0
0
0
0
0
0
0
0
0
1.98889e-08
4.57438e-08
7.42216e-08
1.03263e-07
1.31713e-07
1.57868e-07
1.76022e-07
1.83043e-07
1.80926e-07
1.76785e-07
1.78539e-07
1.90658e-07
2.15283e-07
2.37236e-07
2.45251e-07
2.38316e-07
2.21528e-07
1.9905e-07
1.72006e-07
1.43772e-07
1.19027e-07
1.00172e-07
8.69013e-08
7.66568e-08
6.72472e-08
5.91998e-08
5.18361e-08
4.45238e-08
3.65421e-08
2.86262e-08
2.81194e-08
3.66865e-08
8.63989e-09
0
0
0
0
0
0
0
0
0
0
0
0
0
0
0
0
0
0
0
0
0
2.2861e-07
6.00791e-07
8.63131e-07
1.24415e-06
2.0503e-06
3.54703e-06
5.29941e-06
5.06867e-06
1.64512e-06
0
1.24165e-07
6.69423e-07
8.91853e-07
7.40967e-07
4.62182e-07
1.45224e-07
0
0
0
0
0
0
0
0
0
0
0
0
0
0
0
0
0
0
0
0
0
0
0
0
0
1.80078e-08
1.79081e-08
0
0
0
0
0
8.24233e-08
2.48505e-07
2.6283e-07
1.09388e-07
6.08487e-08
0
8.94305e-08
3.96663e-09
1.54763e-07
0
8.63529e-08
1.06643e-07
9.76244e-08
7.03717e-08
3.14907e-08
0
0
0
0
0
0
0
0
0
0
0
0
1.08111e-07
1.79681e-07
1.9342e-07
1.64879e-07
1.20966e-07
7.82161e-08
4.13009e-08
8.56466e-09
0
0
3.43981e-09
1.66845e-07
2.71493e-07
1.39279e-07
0
0
0
0
0
0
0
0
0
0
0
0
0
0
0
0
0
0
0
0
0
0
0
0
0
0
0
0
0
0
0
2.99457e-09
6.02998e-09
0
0
0
0
0
0
2.1533e-08
5.35311e-08
8.59143e-08
1.13806e-07
1.32649e-07
1.3858e-07
1.33804e-07
1.24093e-07
1.15883e-07
1.15631e-07
1.23922e-07
1.35084e-07
1.42967e-07
1.47291e-07
1.44595e-07
1.35432e-07
1.20532e-07
1.03008e-07
8.70804e-08
7.30346e-08
5.97899e-08
4.6655e-08
3.52595e-08
3.01062e-08
2.89703e-08
2.70771e-08
2.13992e-08
2.59678e-08
6.19624e-08
5.11761e-08
1.23157e-09
0
9.50313e-10
0
0
0
0
0
0
0
8.86428e-09
1.00708e-08
0
0
0
0
0
0
8.27704e-08
4.20659e-07
6.27865e-07
1.00697e-06
1.32335e-06
1.69473e-06
1.97441e-06
2.31563e-06
2.89687e-06
3.81844e-06
5.00727e-06
5.86003e-06
4.77319e-06
9.80406e-07
0
1.75271e-06
2.5752e-06
2.36644e-06
1.7025e-06
8.2696e-07
0
0
0
0
0
0
0
0
0
0
0
0
0
0
0
0
0
0
0
0
0
0
0
0
0
0
0
0
0
0
0
0
0
0
0
5.40444e-09
1.79102e-07
1.41456e-08
1.42748e-08
0
0
0
0
0
0
0
0
0
0
0
0
0
0
0
0
0
0
0
0
0
0
0
3.0103e-08
8.33011e-08
9.13576e-08
7.20919e-08
4.34632e-08
1.14591e-08
0
0
5.45452e-08
3.58762e-07
3.94235e-07
1.43701e-07
0
0
0
0
0
0
0
0
0
0
0
0
0
0
0
0
0
0
0
0
0
0
0
0
0
0
0
0
0
0
0
0
0
0
0
0
0
0
0
0
4.61019e-09
2.50539e-08
4.84254e-08
6.92295e-08
8.13271e-08
8.34704e-08
7.93752e-08
7.37537e-08
6.96758e-08
6.81709e-08
6.84474e-08
7.0181e-08
7.35249e-08
7.71021e-08
7.57546e-08
7.02627e-08
6.30783e-08
5.48342e-08
4.58492e-08
3.42194e-08
2.72009e-08
2.84085e-08
2.35173e-08
6.21972e-09
0
0
0
0
0
0
0
1.01251e-07
2.26617e-07
2.94955e-07
2.44076e-07
1.96186e-07
2.00862e-07
2.17057e-07
2.19017e-07
2.0729e-07
1.87361e-07
2.37695e-07
0
0
0
0
6.64611e-07
1.15866e-06
1.32919e-06
1.68619e-06
2.26885e-06
2.59538e-06
2.86421e-06
3.25715e-06
3.81845e-06
4.49823e-06
5.25463e-06
5.84134e-06
5.62564e-06
2.80561e-06
0
2.05786e-06
5.89912e-06
4.82972e-06
2.92522e-06
1.00547e-06
0
0
0
0
0
0
0
0
0
0
0
0
0
0
0
0
0
0
0
0
0
0
0
0
0
0
0
0
0
0
0
0
0
0
0
0
2.88274e-08
0
2.74587e-08
0
4.1873e-08
0
0
2.62576e-08
1.02059e-07
1.33136e-07
1.24428e-07
8.80142e-08
3.83644e-08
0
0
0
0
0
0
0
0
0
0
0
0
0
0
0
9.99028e-08
2.33701e-07
3.10641e-07
3.31332e-07
2.99461e-07
2.35216e-07
1.72946e-07
1.36676e-07
1.29816e-07
1.40779e-07
1.48927e-07
1.32535e-07
9.3842e-08
6.14481e-08
4.81761e-08
4.79954e-08
5.26675e-08
5.59008e-08
5.33153e-08
4.2822e-08
2.24816e-08
0
0
0
0
0
0
0
0
0
0
0
0
0
0
0
0
0
0
0
0
0
0
0
0
0
0
0
0
0
0
0
0
3.53477e-09
1.91744e-08
3.23492e-08
3.88419e-08
3.81817e-08
3.25921e-08
2.42259e-08
1.57791e-08
8.89075e-09
1.8674e-09
0
0
0
0
0
0
0
0
1.51655e-08
0
0
0
0
0
0
0
0
0
0
0
3.0684e-08
8.36744e-08
1.84332e-07
3.89788e-07
5.74156e-07
6.85822e-07
6.92413e-07
5.6792e-07
5.91064e-07
1.91866e-07
0
0
0
9.20173e-07
1.7132e-06
1.72555e-06
1.83911e-06
2.17414e-06
2.43648e-06
2.72355e-06
3.28802e-06
4.02808e-06
4.86548e-06
5.62154e-06
6.14866e-06
6.21449e-06
5.12159e-06
5.12516e-07
0
1.09419e-05
6.88419e-06
2.75297e-06
0
0
0
0
0
0
0
0
0
0
0
0
0
0
0
0
0
0
0
0
0
0
0
0
0
0
0
0
0
0
0
0
0
0
0
0
0
1.71434e-08
0
2.46356e-08
0
4.09809e-08
0
0
0
0
3.45749e-08
7.5251e-08
9.47873e-08
9.11973e-08
6.75831e-08
3.19427e-08
0
0
0
0
0
0
0
9.49092e-09
8.74389e-09
0
0
0
0
0
0
0
2.18026e-08
2.49282e-08
1.13837e-08
0
0
0
0
0
0
0
1.92417e-08
3.90949e-08
5.41102e-08
6.5712e-08
7.30238e-08
7.24769e-08
6.1936e-08
4.32526e-08
2.16818e-08
4.02481e-09
0
0
0
0
0
0
0
0
0
0
0
0
0
0
0
0
0
0
0
0
0
0
0
0
0
0
0
2.91588e-09
0
0
0
0
6.63995e-10
5.9791e-09
0
0
0
0
0
0
0
0
0
0
0
0
0
0
5.3135e-09
0
0
1.58813e-08
3.79206e-10
0
0
0
0
0
0
0
0
0
0
1.73437e-08
1.97579e-07
4.85811e-07
7.46885e-07
7.86125e-07
9.26976e-07
4.63618e-07
0
0
0
9.4143e-07
2.0866e-06
1.90675e-06
1.89072e-06
2.02773e-06
2.1945e-06
2.34001e-06
2.61008e-06
3.17813e-06
4.2806e-06
5.55107e-06
6.30609e-06
6.57796e-06
6.1371e-06
4.22805e-06
0
5.72524e-06
5.08399e-06
2.28107e-07
0
0
0
0
0
0
0
0
0
0
0
0
0
0
0
0
0
0
0
0
0
0
0
0
0
0
0
0
0
8.02581e-09
5.37705e-09
0
0
0
0
0
1.23634e-09
1.07403e-08
0
1.65723e-08
0
2.82895e-08
0
0
0
0
0
1.45466e-09
1.75004e-08
2.58855e-08
2.49688e-08
1.6683e-08
5.50994e-09
0
0
0
9.21843e-09
2.36946e-08
3.88718e-08
5.22733e-08
6.16342e-08
6.46403e-08
5.90262e-08
4.41985e-08
2.32024e-08
3.49414e-09
0
0
1.05135e-08
1.36221e-08
5.091e-09
0
0
0
0
0
0
0
0
7.67816e-09
1.73783e-08
2.78972e-08
3.58807e-08
3.72429e-08
3.09991e-08
2.2427e-08
2.02962e-08
3.14587e-08
5.69498e-08
8.93099e-08
1.12101e-07
1.15429e-07
1.02688e-07
8.34276e-08
6.47801e-08
4.9586e-08
3.87204e-08
3.15607e-08
2.7328e-08
2.61752e-08
2.87929e-08
3.33553e-08
3.4241e-08
2.67458e-08
1.42729e-08
7.32569e-09
1.02901e-08
1.69948e-08
2.16371e-08
2.24003e-08
1.74376e-08
7.21647e-09
0
0
0
4.08452e-09
1.81876e-10
0
0
0
0
0
0
0
0
0
0
0
0
0
0
0
0
0
0
2.91612e-08
5.55356e-08
2.89215e-09
9.11567e-09
4.1711e-08
1.68805e-08
0
0
0
0
0
0
0
0
0
0
0
0
9.1937e-08
1.91892e-07
1.78657e-07
2.39725e-07
2.88016e-08
0
0
0
1.41756e-06
2.54131e-06
2.03665e-06
1.65101e-06
1.54026e-06
1.59985e-06
1.81232e-06
2.21882e-06
2.73458e-06
3.28314e-06
4.47917e-06
6.00497e-06
6.67166e-06
6.56207e-06
5.45525e-06
2.65741e-06
0
0
0
0
0
0
0
0
0
0
0
0
0
0
0
0
0
0
0
0
0
0
0
0
0
0
0
0
0
0
1.51777e-09
4.32594e-09
2.87103e-09
0
0
0
0
0
0
1.76518e-09
5.53562e-09
0
9.88019e-09
0
1.82624e-08
0
0
0
0
0
0
0
0
7.91036e-09
1.35743e-08
1.47256e-08
1.0721e-08
2.01498e-09
0
0
0
0
0
0
0
2.12831e-08
4.16741e-08
5.45673e-08
5.78747e-08
5.49716e-08
5.18376e-08
4.64394e-08
3.26041e-08
1.48086e-08
1.81357e-09
0
1.71356e-09
1.23732e-08
2.77371e-08
4.55386e-08
6.216e-08
7.43513e-08
8.38561e-08
9.63921e-08
1.15195e-07
1.38702e-07
1.60066e-07
1.7208e-07
1.722e-07
1.63246e-07
1.51329e-07
1.42877e-07
1.3927e-07
1.37647e-07
1.35409e-07
1.31848e-07
1.28091e-07
1.25324e-07
1.23232e-07
1.2118e-07
1.17427e-07
1.0939e-07
9.69661e-08
8.14099e-08
6.59953e-08
5.43545e-08
4.88861e-08
5.05383e-08
5.84964e-08
6.35105e-08
5.61322e-08
3.63215e-08
1.23682e-08
0
0
0
0
0
0
0
0
0
0
0
0
0
0
0
0
0
0
0
0
0
1.06974e-08
3.3862e-08
0
0
6.207e-08
6.79799e-08
4.62958e-09
0
3.78266e-08
3.47685e-08
0
0
0
0
0
0
0
7.08275e-08
4.82248e-08
0
0
0
0
0
0
0
0
0
0
0
2.41033e-06
3.07472e-06
2.16337e-06
1.32842e-06
9.37574e-07
9.10732e-07
1.10485e-06
1.47928e-06
2.08684e-06
2.80958e-06
3.50838e-06
4.62549e-06
6.22511e-06
6.66782e-06
6.02388e-06
4.06047e-06
0
0
0
0
0
0
0
0
0
0
0
0
0
0
0
0
0
0
0
0
0
0
0
0
0
0
0
0
0
0
4.95217e-12
0
0
0
0
0
0
0
3.96189e-10
8.53714e-10
2.03398e-09
0
4.73058e-09
0
1.04521e-08
0
0
0
0
0
9.53143e-09
2.26821e-08
3.38019e-08
4.08305e-08
4.22791e-08
3.78707e-08
2.8941e-08
1.80632e-08
7.85809e-09
1.66096e-11
0
0
0
0
0
0
0
0
2.53752e-10
1.9043e-10
0
0
0
0
0
0
8.70003e-10
1.64959e-09
2.27573e-09
2.55953e-09
2.30636e-09
1.37214e-09
0
0
0
0
1.1618e-09
3.64303e-09
5.34425e-09
6.00022e-09
5.7701e-09
5.00983e-09
4.17374e-09
3.5027e-09
3.08269e-09
2.8854e-09
3.22075e-09
4.20232e-09
5.29197e-09
6.49505e-09
7.77197e-09
8.59134e-09
8.72831e-09
8.41382e-09
7.4438e-09
5.86798e-09
4.17833e-09
2.77631e-09
1.82019e-09
1.08564e-09
9.61137e-11
0
0
0
0
0
0
0
0
0
0
0
0
0
0
0
0
4.07443e-10
0
0
0
0
0
4.40911e-09
3.49494e-08
4.5061e-08
0
0
7.17696e-08
6.26325e-08
0
0
2.07474e-08
1.23204e-07
0
0
5.91692e-08
2.0869e-07
1.68973e-07
1.2441e-07
1.32616e-07
1.2904e-07
1.02318e-07
8.09416e-08
2.99972e-08
0
0
0
0
0
0
0
0
1.23955e-06
4.41134e-06
3.79982e-06
2.21282e-06
1.09831e-06
6.2853e-07
7.25754e-07
1.02624e-06
1.2576e-06
1.3974e-06
1.50391e-06
1.72321e-06
2.39314e-06
4.27378e-06
6.16524e-06
6.15697e-06
4.91867e-06
9.27426e-07
0
0
0
0
0
0
0
0
0
0
0
0
0
0
0
0
0
0
0
0
3.77376e-09
0
0
0
0
0
0
0
0
0
0
0
0
0
0
0
0
2.50565e-11
3.48987e-11
3.69858e-10
0
2.02808e-09
0
5.78717e-09
0
0
0
0
0
0
0
0
2.03319e-10
4.76142e-10
5.33252e-10
3.97811e-10
1.37157e-10
0
0
0
0
0
1.84418e-10
5.31759e-10
8.36453e-10
1.07599e-09
1.26463e-09
1.43081e-09
1.56403e-09
1.61165e-09
1.51669e-09
1.22907e-09
8.54606e-10
6.03389e-10
5.53442e-10
7.0019e-10
1.08793e-09
1.89962e-09
3.28474e-09
5.06675e-09
6.65964e-09
7.50407e-09
7.16848e-09
5.30156e-09
2.89878e-09
1.39863e-09
6.43976e-10
5.62246e-10
1.05551e-09
1.42327e-09
9.65932e-10
0
0
0
0
0
0
4.99212e-10
1.09718e-09
1.3922e-09
1.26588e-09
7.09181e-10
2.70112e-10
7.46707e-11
0
0
0
0
0
0
0
0
7.58421e-10
2.05747e-09
2.97815e-09
3.09363e-09
2.2442e-09
7.42822e-10
0
0
0
0
8.40299e-10
2.3972e-09
3.39601e-09
2.36994e-09
1.80695e-09
4.2063e-10
0
2.72159e-09
0
0
1.60636e-08
4.74369e-08
5.6245e-08
0
0
4.35185e-08
2.30541e-08
0
0
0
1.55149e-07
4.39788e-08
1.28849e-07
7.92464e-07
1.57244e-06
1.19162e-06
4.50338e-07
9.69898e-08
0
6.26955e-09
8.20068e-08
7.15125e-08
0
0
0
0
0
0
0
0
4.66016e-08
2.47005e-06
3.96364e-06
2.90604e-06
1.45603e-06
9.06043e-07
1.16728e-06
1.63935e-06
1.80009e-06
1.67311e-06
1.32622e-06
9.7017e-07
8.42083e-07
9.36111e-07
1.176e-06
1.51979e-06
1.50575e-06
4.00391e-07
0
0
0
0
0
0
0
0
0
0
0
0
0
0
0
0
0
2.03901e-09
2.80601e-10
0
0
0
0
0
0
0
0
0
0
0
0
0
0
0
0
0
0
0
0
0
0
6.99356e-10
0
3.00437e-09
0
0
0
0
0
0
0
0
0
0
0
0
0
0
0
0
0
0
0
0
0
0
0
0
0
0
0
0
0
0
0
0
0
0
0
0
0
0
0
0
0
0
0
0
0
0
0
0
0
0
0
0
0
0
0
0
0
0
0
0
0
4.62896e-11
5.8567e-10
1.18788e-09
2.03212e-09
3.18319e-09
4.62996e-09
6.32445e-09
7.96149e-09
9.04512e-09
9.24413e-09
8.51228e-09
7.21568e-09
5.68995e-09
4.37817e-09
3.82794e-09
4.45992e-09
5.85912e-09
7.52487e-09
8.28344e-09
6.49663e-09
5.3607e-10
0
0
0
0
0
0
0
2.73147e-08
5.53751e-08
0
0
0
0
0
0
0
1.16138e-07
5.90308e-07
2.37447e-06
8.87398e-06
1.07398e-05
6.78579e-06
2.87983e-06
1.03756e-06
3.19545e-07
0
0
0
0
0
0
0
0
0
0
0
0
3.01158e-08
1.92882e-07
2.0847e-07
2.13347e-07
3.44546e-07
1.01905e-06
2.68411e-06
3.78347e-06
3.89779e-06
3.20111e-06
2.07826e-06
1.27557e-06
7.14899e-07
2.79283e-07
5.0398e-08
0
0
0
0
0
0
0
0
0
0
0
0
0
0
0
3.11288e-08
3.84906e-08
2.60002e-08
8.28244e-09
0
0
0
0
0
0
0
0
0
0
0
0
0
0
0
0
0
0
0
0
0
0
0
0
2.00877e-11
0
1.31597e-09
0
0
0
0
0
0
0
0
0
0
0
0
0
0
0
0
0
0
0
0
0
0
0
0
0
0
0
0
0
0
0
0
0
0
0
0
0
0
0
0
0
0
0
0
0
0
0
0
0
0
0
0
0
0
0
0
0
0
3.62466e-11
1.10967e-09
2.15251e-09
3.13214e-09
4.15707e-09
5.41363e-09
7.06697e-09
9.06618e-09
1.11435e-08
1.29221e-08
1.39797e-08
1.4114e-08
1.33847e-08
1.21304e-08
1.06121e-08
9.0173e-09
7.6187e-09
6.90402e-09
7.0262e-09
7.88649e-09
9.53357e-09
1.06901e-08
7.9965e-09
0
0
0
0
0
0
0
0
0
1.01079e-08
0
0
0
0
0
0
0
4.06595e-07
7.11501e-07
1.86075e-06
9.80231e-06
1.52498e-05
6.04175e-06
1.12564e-06
2.90145e-07
6.75319e-08
0
0
0
0
0
0
0
0
0
0
0
0
0
6.70097e-08
6.11633e-08
3.77351e-08
2.90001e-08
8.07234e-08
3.01749e-07
1.05584e-06
3.92354e-06
9.1432e-06
7.38407e-06
3.84739e-06
1.08384e-06
1.27787e-07
0
0
0
0
0
0
0
0
0
0
0
0
0
0
2.00495e-08
6.22646e-08
4.94419e-08
3.10258e-08
1.29518e-08
0
0
0
0
0
0
0
0
0
0
0
0
0
0
0
0
0
0
0
0
0
0
0
0
0
0
0
4.07193e-10
0
0
0
0
0
0
0
0
0
0
0
0
0
0
0
0
0
0
0
0
0
0
0
0
0
0
0
0
0
0
0
0
0
0
0
0
0
0
0
0
0
0
0
0
0
0
0
0
0
0
0
0
0
0
0
0
0
0
1.31913e-09
2.94109e-09
4.28003e-09
5.44997e-09
6.65744e-09
8.17541e-09
1.00799e-08
1.20077e-08
1.35221e-08
1.43722e-08
1.44021e-08
1.37741e-08
1.25562e-08
1.11838e-08
9.81323e-09
8.38981e-09
6.81742e-09
5.71931e-09
5.2784e-09
5.56484e-09
7.72129e-09
9.7394e-09
7.37709e-09
0
0
0
0
0
0
0
0
0
0
0
0
2.06441e-07
9.43813e-08
0
0
0
3.01123e-07
3.20341e-07
6.14077e-07
3.25529e-06
1.09582e-05
2.55492e-06
2.56042e-07
3.7382e-08
0
0
0
0
0
0
0
0
0
0
0
0
0
6.85989e-09
3.46495e-08
3.10088e-08
1.48157e-08
0
2.9244e-09
7.06837e-08
2.89241e-07
9.7687e-07
3.54436e-06
7.95233e-06
5.5272e-06
1.05573e-06
3.13493e-08
0
0
0
0
0
1.82389e-09
1.67811e-09
0
0
0
0
0
0
0
5.10499e-08
4.04774e-08
2.45825e-08
1.17974e-08
2.93083e-09
0
0
0
0
0
0
0
0
0
0
0
0
0
0
0
0
0
0
0
0
0
0
0
0
0
0
0
5.64424e-11
0
4.98481e-09
4.16491e-09
1.09215e-08
1.51245e-08
1.54941e-08
1.39575e-08
1.25901e-08
1.06641e-08
9.00442e-09
7.44612e-09
6.1895e-09
4.93772e-09
4.00506e-09
2.95886e-09
2.39455e-09
1.43513e-09
1.25745e-09
2.34635e-10
4.77564e-10
0
1.09349e-11
0
9.47285e-12
0
0
1.80504e-09
7.02071e-10
2.69444e-09
3.59715e-09
4.00946e-09
3.56287e-09
3.69553e-09
3.19862e-09
3.12662e-09
2.67485e-09
2.54534e-09
2.15917e-09
2.01653e-09
1.65233e-09
1.5499e-09
1.13563e-09
1.13748e-09
5.77589e-10
7.81197e-10
0
5.20365e-10
0
5.82191e-10
0
0
9.40282e-10
0
5.92603e-10
1.19435e-09
1.13619e-09
1.01309e-09
1.03739e-09
9.4731e-10
1.00892e-09
9.17677e-10
9.95265e-10
9.04008e-10
9.85602e-10
8.86135e-10
9.8133e-10
8.42825e-10
9.58194e-10
7.19035e-10
9.15384e-10
4.59595e-10
9.09285e-10
4.89207e-11
1.12514e-09
0
0
3.59144e-10
0
0
0
0
0
0
7.92484e-11
1.97965e-10
2.56615e-10
3.16734e-10
3.42019e-10
4.26793e-10
4.4256e-10
5.88633e-10
5.72769e-10
7.82167e-10
6.59611e-10
9.70923e-10
6.02266e-10
1.22357e-09
3.58191e-10
1.76113e-09
0
9.67682e-10
0
0
0
0
0
0
0
0
0
0
0
0
0
0
0
0
0
0
0
0
0
0
0
0
0
0
0
0
0
0
0
0
0
0
0
0
0
0
0
0
0
0
0
0
0
0
0
0
0
0
0
0
0
0
0
0
0
0
0
0
0
0
0
0
0
0
0
0
0
0
0
0
0
0
0
0
0
0
0
0
0
0
0
0
0
0
0
0
0
0
0
0
0
0
0
0
0
0
0
0
0
0
0
0
0
0
0
0
0
0
0
0
0
0
0
0
0
0
0
0
0
0
0
0
0
0
0
0
0
0
0
0
0
0
0
0
0
0
0
0
0
0
0
0
0
0
0
0
0
0
0
0
0
0
0
0
0
0
0
0
0
0
0
0
0
0
0
0
0
0
0
0
0
0
0
0
0
0
0
0
0
0
0
0
0
0
0
0
0
0
0
0
0
0
0
0
0
0
0
0
0
0
0
0
0
0
0
0
0
0
0
0
0
0
0
0
0
0
0
0
0
0
0
0
0
0
0
0
0
0
0
0
0
0
0
0
0
0
0
0
0
0
0
0
0
0
0
0
0
0
8.43033e-10
0
0
0
0
0
0
0
0
0
0
0
0
0
0
0
0
0
0
0
0
0
0
0
0
6.93373e-09
4.30133e-09
1.70648e-09
1.99374e-09
1.40172e-09
0
0
0
0
0
0
0
0
0
0
0
0
0
0
0
0
0
0
0
0
1.59455e-08
1.23179e-08
6.9675e-09
4.77296e-09
4.91582e-09
4.69324e-09
0
0
0
0
0
0
0
0
0
0
0
0
0
0
0
0
0
0
0
2.60995e-08
2.42284e-08
1.63917e-08
1.03179e-08
7.89464e-09
8.69561e-09
1.04437e-08
0
0
0
0
0
0
0
0
0
0
0
0
0
0
0
0
0
0
3.23428e-08
3.83807e-08
3.10458e-08
2.04737e-08
1.39018e-08
1.24861e-08
1.57037e-08
1.80579e-08
0
0
0
0
0
0
0
0
0
0
0
0
0
0
0
0
0
2.81983e-08
4.75683e-08
4.89622e-08
3.47766e-08
2.22189e-08
1.79432e-08
1.996e-08
2.50005e-08
2.32425e-08
0
0
0
0
0
0
0
0
0
0
0
0
0
0
0
0
1.40175e-08
4.18524e-08
6.13446e-08
4.9845e-08
2.6949e-08
1.89929e-08
2.27684e-08
2.87206e-08
3.24786e-08
1.69568e-08
0
0
0
0
0
0
0
0
0
0
0
0
0
0
0
0
2.37401e-08
5.72643e-08
6.24826e-08
2.58156e-08
4.44218e-09
1.35025e-08
2.78723e-08
3.516e-08
3.07506e-08
0
0
0
0
0
0
0
0
0
0
0
0
0
0
0
0
5.93709e-09
4.04697e-08
6.8464e-08
3.18549e-08
0
0
1.09226e-08
3.15483e-08
3.35067e-08
1.77049e-08
0
0
0
0
0
0
0
0
0
0
0
0
0
0
0
0
2.68022e-08
6.53046e-08
5.19175e-08
0
0
0
1.24832e-08
2.88806e-08
2.2596e-08
0
0
0
0
0
0
0
0
0
0
0
0
0
0
0
0
2.46627e-08
6.26241e-08
7.3857e-08
0
0
0
0
1.19342e-08
1.87583e-08
4.43329e-09
0
0
0
0
0
0
0
0
0
0
0
0
0
0
0
2.46031e-08
7.09198e-08
8.96934e-08
3.45932e-08
0
0
0
0
5.39675e-09
3.00701e-09
0
0
0
0
0
0
0
0
0
0
0
0
0
0
0
2.0523e-09
8.11742e-08
1.01423e-07
6.82525e-08
0
0
0
0
0
0
0
0
0
0
0
0
0
0
0
0
0
0
0
0
0
0
7.04848e-08
1.15829e-07
9.5764e-08
1.03816e-08
0
0
0
0
0
0
0
5.70612e-09
3.02949e-08
0
0
0
0
0
0
0
0
0
0
0
0
3.2473e-08
1.03188e-07
1.08293e-07
5.23244e-08
0
0
0
0
0
0
0
4.68502e-09
4.29349e-08
8.14307e-08
0
0
0
0
0
0
0
0
0
0
0
1.10462e-08
7.51017e-08
1.03937e-07
7.48175e-08
0
0
0
0
0
0
0
1.81912e-09
3.64133e-08
9.00402e-08
8.65339e-08
0
0
0
0
0
0
0
0
0
0
1.40784e-08
5.30775e-08
8.42574e-08
7.65003e-08
2.51001e-08
0
0
0
0
0
0
0
3.11417e-08
7.68751e-08
1.18538e-07
5.5367e-08
0
0
0
0
0
0
1.27908e-08
1.51155e-08
1.91961e-08
2.92846e-08
4.79545e-08
6.5882e-08
6.53467e-08
3.46543e-08
0
0
0
0
0
0
0
2.95423e-08
6.67535e-08
1.14497e-07
1.20348e-07
0
0
0
0
0
0
1.77156e-08
3.14366e-08
4.08216e-08
4.69802e-08
5.41784e-08
5.81104e-08
5.25539e-08
3.14261e-08
0
0
0
0
0
0
0
2.49394e-08
6.44768e-08
1.07991e-07
1.39672e-07
0
0
0
0
0
0
1.88324e-08
4.06772e-08
5.86068e-08
6.46272e-08
6.50167e-08
5.90103e-08
4.48034e-08
2.37462e-08
0
0
0
0
0
0
0
1.30369e-09
6.82079e-08
1.10852e-07
1.46865e-07
2.00665e-08
0
0
0
0
0
2.70372e-08
5.00229e-08
7.389e-08
8.17081e-08
7.74953e-08
6.3952e-08
4.22034e-08
1.72516e-08
0
0
0
0
0
0
0
0
6.3765e-08
1.27587e-07
1.59967e-07
6.28643e-08
0
0
0
0
0
3.50132e-08
6.1603e-08
8.95605e-08
9.90194e-08
9.11272e-08
7.04502e-08
4.21318e-08
1.34908e-08
0
0
0
0
0
0
0
0
2.70476e-08
1.48677e-07
1.81929e-07
9.30697e-08
0
0
0
0
0
2.52184e-08
5.87406e-08
9.64197e-08
1.1263e-07
1.04642e-07
7.83102e-08
4.33907e-08
1.15705e-08
0
0
0
0
0
0
0
0
0
1.41144e-07
1.98581e-07
1.14536e-07
3.25162e-08
0
0
0
0
1.04187e-08
4.05423e-08
8.30425e-08
1.11385e-07
1.12106e-07
8.62929e-08
4.61449e-08
1.06543e-08
0
0
0
0
0
0
0
0
0
9.67453e-08
1.88373e-07
1.22022e-07
5.9204e-08
0
0
0
0
1.27336e-08
3.35143e-08
6.66295e-08
9.64713e-08
1.0739e-07
9.01912e-08
4.99324e-08
1.08873e-08
0
0
0
0
0
0
0
0
0
5.10436e-08
1.52898e-07
1.13096e-07
7.17296e-08
0
0
0
0
3.44614e-08
5.26942e-08
7.18141e-08
8.95007e-08
9.92949e-08
8.93443e-08
5.33982e-08
1.25891e-08
0
0
0
0
0
0
0
0
0
2.19441e-08
1.11234e-07
9.31713e-08
7.7204e-08
0
0
0
0
5.58634e-08
8.46693e-08
9.98237e-08
1.04297e-07
1.04622e-07
9.36861e-08
5.88221e-08
1.60195e-08
0
0
0
0
0
0
0
0
0
3.3931e-09
7.61011e-08
7.06984e-08
8.32741e-08
0
0
0
0
6.83513e-08
1.05842e-07
1.26002e-07
1.29211e-07
1.26286e-07
1.11838e-07
7.23154e-08
2.31809e-08
0
0
0
0
0
0
0
0
0
0
4.76995e-08
4.98308e-08
1.06694e-07
0
0
0
0
8.6519e-08
1.21417e-07
1.31656e-07
1.34778e-07
1.39731e-07
1.28667e-07
8.7969e-08
3.29269e-08
5.36106e-10
0
0
0
0
0
0
0
0
0
1.59922e-08
2.51194e-08
1.97253e-07
1.68936e-07
0
0
0
1.27397e-07
1.57729e-07
1.35963e-07
1.26494e-07
1.36537e-07
1.30075e-07
9.19266e-08
3.78952e-08
2.97236e-09
0
0
0
0
0
0
0
0
0
0
0
6.40692e-08
3.53477e-08
0
0
0
1.73198e-07
1.97607e-07
1.28767e-07
1.03831e-07
1.16129e-07
1.12112e-07
7.3579e-08
2.33887e-08
0
0
0
0
0
0
0
0
0
0
0
0
0
0
1.80331e-08
0
0
0
0
0
0
0
0
0
0
0
0
0
0
0
0
0
0
0
0
0
0
0
0
1.83617e-08
0
0
0
0
0
0
0
0
0
0
0
0
0
0
0
0
0
0
0
0
0
0
0
0
1.34602e-08
0
0
3.7159e-10
0
0
0
0
0
0
0
0
0
0
0
0
0
0
0
0
0
0
0
2.83606e-09
0
9.33745e-09
0
0
1.88855e-08
0
0
0
0
0
0
0
0
0
0
0
0
0
0
0
0
0
0
0
7.63849e-09
0
7.05864e-09
0
0
1.98198e-08
0
0
0
0
0
0
0
0
0
0
0
0
0
0
0
0
0
5.16691e-10
1.27071e-09
6.76834e-09
0
4.18544e-09
0
6.74091e-10
1.58119e-08
0
0
0
0
0
0
0
0
0
0
0
0
0
0
0
2.58487e-10
4.81273e-10
2.6418e-09
1.96795e-09
3.47132e-09
3.89473e-10
2.06636e-09
0
5.96396e-10
9.83875e-09
0
0
0
0
0
0
0
0
0
4.13536e-10
6.42871e-10
6.97212e-10
6.86481e-10
1.07565e-09
1.10329e-09
1.49571e-09
1.16661e-09
1.6905e-09
9.87126e-10
1.46063e-09
2.73684e-10
9.87364e-10
0
2.4012e-10
5.02376e-09
0
0
0
0
0
0
7.4183e-10
1.2199e-09
1.41674e-09
1.54706e-09
1.49633e-09
1.26333e-09
1.01606e-09
9.82876e-10
7.6046e-10
7.5162e-10
4.70756e-10
6.22788e-10
3.50543e-10
5.57605e-10
9.70056e-11
4.73945e-10
0
1.26005e-11
2.26364e-09
0
0
0
6.66469e-10
1.56567e-09
1.96778e-09
1.89731e-09
1.62941e-09
1.33447e-09
1.10394e-09
8.95831e-10
7.12743e-10
5.18068e-10
4.50355e-10
3.32328e-10
3.27915e-10
2.11709e-10
2.70872e-10
1.53623e-10
2.76086e-10
6.98912e-11
2.85563e-10
0
0
1.43152e-09
0
2.52384e-09
2.49528e-09
2.28405e-09
1.94536e-09
1.51923e-09
1.08123e-09
7.32633e-10
5.29207e-10
4.04762e-10
2.91624e-10
2.21009e-10
1.57515e-10
1.49811e-10
1.204e-10
1.34731e-10
9.95628e-11
1.41527e-10
9.77084e-11
1.67737e-10
6.4557e-11
1.88865e-10
0
0
1.76089e-09
1.63199e-09
2.93902e-09
1.90616e-09
1.13272e-09
5.87069e-10
2.56042e-10
8.08743e-11
0
0
1.0682e-11
0
0
0
0
0
0
0
3.51264e-11
3.61204e-11
6.70285e-11
1.55875e-11
8.03117e-11
0
0
1.77728e-09
1.82431e-09
1.56865e-09
6.80305e-10
1.88564e-10
0
0
0
0
0
0
0
0
0
0
0
0
0
0
2.70363e-13
9.95333e-12
0
1.5248e-11
0
0
)
;

boundaryField
{
    inlet
    {
        type            zeroGradient;
    }
    outlet
    {
        type            zeroGradient;
    }
    upperWall
    {
        type            zeroGradient;
    }
    lowerWall
    {
        type            zeroGradient;
    }
    frontAndBack
    {
        type            empty;
    }
}


// ************************************************************************* //
