/*--------------------------------*- C++ -*----------------------------------*\
  =========                 |
  \\      /  F ield         | OpenFOAM: The Open Source CFD Toolbox
   \\    /   O peration     | Website:  https://openfoam.org
    \\  /    A nd           | Version:  7
     \\/     M anipulation  |
\*---------------------------------------------------------------------------*/
FoamFile
{
    version     2.0;
    format      ascii;
    class       volScalarField;
    location    "0.091";
    object      s;
}
// * * * * * * * * * * * * * * * * * * * * * * * * * * * * * * * * * * * * * //

dimensions      [0 0 0 0 0 0 0];

internalField   nonuniform List<scalar> 
12225
(
1
1
1
1
1
1
1
1
1
1
1
1
1
1
1
1
1
1
1
1
1
1
1
1
1
1
1
1
1
1
1
1
1
1
1
1
1
1
1
1
1
1
1
1
1
1
1
1
1
1
1
1
1
1
1
1
1
1
1
1
1
1
1
1
1
1
1
1
1
1
1
1
1
1
1
1
1
1
1
1
1
1
1
1
1
1
1
1
1
1
1
1
1
1
1
1
1
1
1
1
1
1
1
1
1
1
1
1
1
1
1
1
1
1
1
1
1
1
1
1
1
1
1
1
1
1
1
1
1
1
1
1
1
1
1
1
1
1
1
1
1
1
1
1
1
1
1
1
1
1
1
1
1
1
1
1
1
1
1
1
1
1
1
1
1
1
1
1
1
1
1
1
1
1
1
1
1
1
1
1
1
1
1
1
1
1
1
1
1
1
1
1
1
1
1
1
1
1
1
1
1
1
1
1
1
1
1
1
1
1
1
1
1
1
1
1
1
1
1
1
1
1
1
1
1
1
1
1
1
1
1
1
1
1
1
1
1
1
1
1
1
1
1
1
1
1
1
1
1
1
1
1
1
1
1
1
1
1
1
1
1
1
1
1
1
1
1
1
1
1
1
1
1
1
1
1
1
1
1
1
1
1
1
1
1
1
1
1
1
1
1
1
1
1
1
1
1
1
1
1
1
1
1
1
1
1
1
1
1
1
1
1
1
1
1
1
1
1
1
1
1
1
1
1
1
1
1
1
1
1
1
1
1
1
1
1
1
1
1
1
1
1
1
1
1
1
1
1
1
1
1
1
1
1
1
1
1
1
1
1
1
1
1
1
1
1
1
1
1
1
1
1
1
1
1
1
1
1
1
1
1
1
1
1
1
1
1
1
1
1
1
1
1
1
1
1
1
1
1
1
1
1
1
1
1
1
1
1
1
1
1
1
1
1
1
1
1
1
1
1
1
1
1
1
1
1
1
1
1
1
1
1
1
1
1
1
1
1
1
1
1
1
1
1
1
1
1
1
1
1
1
1
1
1
1
1
1
1
1
1
1
1
1
1
1
1
1
1
1
1
1
1
1
1
1
1
1
1
1
1
1
1
1
1
1
1
1
1
1
1
1
1
1
1
1
1
1
1
1
1
1
1
1
1
1
1
1
1
1
1
1
1
1
1
1
1
1
1
1
1
1
1
1
1
1
1
1
1
1
1
1
1
1
1
1
1
1
1
1
1
0.151934
0.154719
0.1675
0.180535
0.185718
0.191874
0.198669
0.203827
0.21938
0.243425
0.267693
0.294509
0.318605
0.335693
0.349584
0.364737
0.379569
0.392079
0.401374
0.407474
0.411528
0.414536
0.417243
0.419877
0.422036
0.422748
0.422728
0.42179
0.419532
0.416591
0.412977
0.410707
0.41038
0.411106
0.413784
0.41443
0.407684
0.373599
0.281724
0.215142
0.208151
0.221167
0.228697
0.228247
0.222764
0.203549
0.189974
0.188338
0.19762
0.205037
0.207933
0.204789
0.192423
0.17532
0.164282
0.1607
0.162041
0.1691
0.186258
0.236318
0.34354
0.41267
0.437017
0.439597
0.433737
0.423682
0.411674
0.397585
0.381164
0.34663
0.286116
0.260769
0.28096
0.317263
0.3295
0.351836
0.402056
0.559926
0.77914
0.862138
0.87335
0.875501
0.876714
0.877695
0.878725
0.879359
0.879776
0.880309
0.880755
0.880982
0.881172
0.881412
0.881792
0.882341
0.882615
0.882762
0.882927
0.883281
0.883869
0.88424
0.884831
0.885865
0.886732
0.887348
0.888112
0.888978
0.889708
0.890449
0.891414
0.892229
0.892815
0.893609
0.894381
0.895213
0.89595
0.896607
0.897361
0.898077
0.898668
0.899241
0.899662
0.899979
0.900176
0.90027
0.900311
0.900272
0.900067
0.899808
0.899201
0.89769
0.89491
0.891056
0.885455
0.879766
0.875811
0.870976
0.859814
0.840807
0.822516
0.805815
0.790066
0.766075
0.717815
0.632134
0.509213
0.36682
0.232529
0.12861
0.0620293
0.0262657
0.00988291
0.00334477
0.00102081
0.000281237
9.95904e-05
5.2212e-05
2.62682e-05
1.29091e-05
6.25708e-06
3.00937e-06
1.44483e-06
6.96319e-07
3.38225e-07
1.6586e-07
8.20366e-08
4.07999e-08
2.03145e-08
1.00796e-08
4.96272e-09
2.41611e-09
1.15977e-09
5.47741e-10
2.53958e-10
1.15421e-10
5.12713e-11
2.22111e-11
9.3505e-12
3.7525e-12
1.57516e-12
-7.30175e-13
0.153906
0.194622
0.268197
0.313084
0.331893
0.333584
0.327213
0.313301
0.286486
0.266245
0.260419
0.261202
0.26777
0.291416
0.328211
0.359456
0.384407
0.404687
0.420102
0.434217
0.44643
0.452682
0.454547
0.45512
0.454141
0.446166
0.427645
0.402835
0.373941
0.344205
0.337512
0.336736
0.337246
0.34023
0.34767
0.359849
0.374986
0.389746
0.40174
0.426823
0.476869
0.52855
0.54349
0.547171
0.548877
0.544332
0.525596
0.518826
0.51973
0.530672
0.537909
0.533512
0.506793
0.43775
0.366785
0.309474
0.247095
0.201786
0.196175
0.213089
0.28637
0.378683
0.423501
0.430066
0.406102
0.354025
0.316039
0.30562
0.324729
0.381953
0.451788
0.465257
0.468039
0.477357
0.501095
0.51045
0.541998
0.74302
0.855466
0.867593
0.868761
0.866803
0.863656
0.86039
0.856873
0.85295
0.849026
0.845168
0.841014
0.836783
0.83316
0.830066
0.827559
0.825849
0.82474
0.824345
0.824566
0.825919
0.828496
0.830863
0.834076
0.838529
0.842688
0.84689
0.85102
0.855354
0.859316
0.863283
0.867403
0.871191
0.874654
0.878242
0.881584
0.884897
0.888058
0.890917
0.893767
0.896721
0.899265
0.901926
0.904484
0.907035
0.909564
0.912074
0.91456
0.917024
0.919449
0.921824
0.924142
0.926396
0.928582
0.930706
0.932769
0.93476
0.936613
0.937921
0.938374
0.937893
0.934101
0.926146
0.919963
0.916769
0.914441
0.910459
0.902003
0.88701
0.860365
0.809087
0.735608
0.668327
0.632094
0.61934
0.604879
0.568408
0.479572
0.376573
0.285656
0.211764
0.153082
0.107587
0.073308
0.0483344
0.0308076
0.0189825
0.0113133
0.00652946
0.00365378
0.00198565
0.00104905
0.000539811
0.000270556
0.000132412
6.31307e-05
2.94577e-05
1.33459e-05
5.92738e-06
2.54692e-06
1.02418e-06
5.30855e-07
-8.63828e-07
0.281431
0.470238
0.530614
0.534748
0.530504
0.524247
0.517896
0.51332
0.51008
0.499993
0.477447
0.449004
0.417473
0.401883
0.402684
0.41069
0.436215
0.462258
0.474553
0.475137
0.467024
0.456021
0.424069
0.351972
0.339984
0.340398
0.338207
0.336087
0.337974
0.347747
0.352264
0.368413
0.391644
0.419845
0.457013
0.502976
0.560347
0.62943
0.703555
0.75914
0.787925
0.801753
0.809913
0.813894
0.814847
0.808991
0.808378
0.809954
0.812324
0.813966
0.811436
0.802696
0.790344
0.774141
0.746767
0.719765
0.686326
0.615412
0.430173
0.300829
0.274445
0.285559
0.360528
0.403606
0.388626
0.303819
0.239894
0.220263
0.2206
0.239112
0.33179
0.442093
0.469322
0.50375
0.587608
0.693706
0.783666
0.845254
0.858182
0.857651
0.844737
0.828855
0.809483
0.793107
0.776778
0.764158
0.750144
0.740147
0.729661
0.722007
0.714131
0.709129
0.705517
0.702617
0.701276
0.700788
0.701261
0.703256
0.705926
0.709156
0.714131
0.718745
0.724995
0.732176
0.739993
0.748028
0.756737
0.765694
0.774219
0.782547
0.791044
0.799362
0.807625
0.815827
0.823771
0.83137
0.838692
0.846073
0.852616
0.858988
0.864945
0.870642
0.876327
0.8821
0.887985
0.893952
0.899898
0.905674
0.911124
0.916116
0.920568
0.924469
0.927868
0.930845
0.933561
0.936563
0.94024
0.944256
0.947296
0.948144
0.946649
0.935793
0.914971
0.903754
0.899494
0.898746
0.900362
0.910672
0.923177
0.928095
0.930307
0.931435
0.931647
0.930079
0.921142
0.895262
0.871846
0.856091
0.83604
0.791823
0.681753
0.539435
0.407825
0.30032
0.217008
0.153584
0.10614
0.0715011
0.0468406
0.0298558
0.0184742
0.011136
0.00651045
0.00372285
0.00205975
0.00112214
0.000588917
0.000303174
0.000156891
6.12719e-05
0.591521
0.587394
0.568632
0.539369
0.511398
0.487664
0.481859
0.48685
0.500793
0.514227
0.517393
0.515946
0.510181
0.502418
0.498016
0.490661
0.487071
0.486385
0.481667
0.4654
0.414666
0.363278
0.340536
0.335536
0.346338
0.363579
0.386917
0.425278
0.481562
0.559042
0.632233
0.700233
0.764231
0.818073
0.864708
0.902033
0.931004
0.949492
0.958257
0.964725
0.969325
0.971616
0.97298
0.97361
0.973579
0.973167
0.971445
0.969815
0.967072
0.963208
0.957378
0.948073
0.934257
0.917085
0.892135
0.830753
0.784785
0.769945
0.749723
0.677413
0.461408
0.339459
0.32666
0.33172
0.329383
0.306795
0.25124
0.220529
0.215725
0.222191
0.25982
0.33723
0.389557
0.490069
0.689325
0.79998
0.836694
0.847068
0.842492
0.808592
0.770311
0.738458
0.718098
0.702538
0.688793
0.679899
0.670901
0.66522
0.659843
0.656459
0.654731
0.653973
0.653797
0.654811
0.656121
0.657939
0.659735
0.662385
0.664623
0.666937
0.669719
0.672046
0.674533
0.677343
0.680039
0.683014
0.685957
0.689191
0.69285
0.69663
0.700742
0.705142
0.70985
0.715033
0.720642
0.726662
0.733155
0.740551
0.74819
0.756395
0.765036
0.77417
0.784015
0.794805
0.806811
0.820401
0.83568
0.852311
0.869614
0.886241
0.900946
0.91294
0.922673
0.930094
0.934937
0.937331
0.93787
0.937906
0.939718
0.947752
0.957091
0.961445
0.961326
0.956067
0.932988
0.90907
0.899388
0.898093
0.899368
0.906409
0.923896
0.941973
0.957877
0.96906
0.974629
0.976256
0.976392
0.976074
0.974324
0.966895
0.947971
0.934095
0.919949
0.89088
0.814231
0.647969
0.48356
0.348176
0.24444
0.167571
0.111816
0.0727811
0.0460069
0.0284452
0.0170635
0.0100691
0.00576749
0.00322855
0.00182702
0.000840539
0.609567
0.574105
0.477357
0.403112
0.360593
0.339058
0.332798
0.336363
0.34836
0.375869
0.430664
0.48487
0.502923
0.505722
0.504042
0.494327
0.484441
0.468767
0.429397
0.390172
0.369575
0.364525
0.366327
0.407912
0.478334
0.584025
0.669386
0.774166
0.830279
0.885567
0.912121
0.942212
0.956625
0.971896
0.978947
0.983626
0.98669
0.988128
0.98917
0.99021
0.991103
0.992156
0.992926
0.99403
0.994627
0.995012
0.995181
0.994969
0.994339
0.993247
0.991386
0.988045
0.981826
0.969272
0.9391
0.848331
0.779538
0.759398
0.759481
0.759313
0.735078
0.618364
0.43316
0.360032
0.3372
0.318235
0.275965
0.24918
0.24601
0.249001
0.262347
0.302501
0.365813
0.549818
0.771573
0.831784
0.837369
0.831419
0.778587
0.721807
0.695891
0.674845
0.661608
0.653764
0.647761
0.645133
0.644071
0.644168
0.645189
0.646827
0.648534
0.650387
0.653894
0.656926
0.660587
0.665053
0.66863
0.672253
0.675299
0.677642
0.679717
0.681423
0.68246
0.683503
0.68414
0.685174
0.685971
0.686942
0.688192
0.689495
0.690966
0.692573
0.694312
0.696224
0.698328
0.700673
0.703296
0.706576
0.710147
0.714054
0.718175
0.722342
0.726704
0.731847
0.737768
0.744745
0.753831
0.766264
0.782969
0.803782
0.827992
0.853431
0.878001
0.90122
0.922639
0.938933
0.947091
0.949178
0.947108
0.942806
0.942821
0.948338
0.962702
0.968496
0.968317
0.962374
0.937792
0.912752
0.901432
0.898738
0.899711
0.906382
0.928854
0.950812
0.965088
0.975578
0.983672
0.988834
0.991026
0.991343
0.991059
0.989938
0.988301
0.985326
0.979101
0.966103
0.937356
0.858685
0.676782
0.497353
0.351346
0.241359
0.16144
0.105696
0.067508
0.0423579
0.0260635
0.0155651
0.00950696
0.00484684
0.595747
0.497551
0.387393
0.339113
0.313309
0.301542
0.295579
0.292923
0.293996
0.304804
0.349271
0.410236
0.461644
0.481888
0.475655
0.453762
0.430143
0.408828
0.39843
0.395048
0.406836
0.458642
0.563943
0.694048
0.79525
0.855548
0.910128
0.937897
0.959488
0.970896
0.978576
0.983
0.9854
0.987045
0.987654
0.987877
0.987895
0.987781
0.987888
0.988825
0.989835
0.991024
0.992721
0.994549
0.995907
0.997055
0.997877
0.998413
0.998701
0.998781
0.998548
0.997744
0.995171
0.986436
0.948982
0.836325
0.73185
0.707746
0.708309
0.721045
0.736352
0.727043
0.678357
0.527095
0.416503
0.363521
0.314026
0.2859
0.281664
0.284695
0.301079
0.337924
0.411598
0.637812
0.816299
0.832774
0.825541
0.771453
0.697807
0.666281
0.650669
0.641292
0.637023
0.635749
0.636762
0.637982
0.641204
0.644421
0.648336
0.654145
0.661487
0.670156
0.682115
0.694467
0.70579
0.715903
0.723017
0.72944
0.7341
0.737298
0.739538
0.740697
0.741284
0.740708
0.739141
0.737562
0.735128
0.73242
0.729493
0.726781
0.724237
0.721974
0.72003
0.718051
0.716262
0.714807
0.713818
0.713673
0.714403
0.716094
0.718661
0.721759
0.724988
0.72886
0.733277
0.737924
0.743468
0.751522
0.762676
0.777477
0.797572
0.820478
0.843795
0.865227
0.884588
0.90575
0.930318
0.95035
0.959304
0.960393
0.955966
0.949493
0.949366
0.955539
0.968896
0.972887
0.97188
0.962697
0.933165
0.912282
0.904873
0.904092
0.905642
0.914332
0.938304
0.959418
0.973908
0.983295
0.989304
0.993242
0.99556
0.996604
0.996864
0.996843
0.996576
0.995622
0.992946
0.985931
0.967989
0.918609
0.771337
0.57357
0.408871
0.28278
0.190897
0.126494
0.0829183
0.0525095
0.0342979
0.0189735
0.591588
0.470931
0.368219
0.32514
0.303417
0.294417
0.289272
0.286049
0.291605
0.31109
0.343507
0.37561
0.403686
0.415429
0.416816
0.416236
0.41637
0.416251
0.435697
0.491677
0.618862
0.738641
0.84309
0.893615
0.935321
0.954584
0.96772
0.97326
0.976337
0.977591
0.978007
0.97777
0.974898
0.972342
0.968474
0.965703
0.963203
0.962273
0.962213
0.964442
0.967751
0.971868
0.977825
0.983704
0.989375
0.993792
0.996649
0.998208
0.998949
0.999293
0.999415
0.999296
0.997969
0.990935
0.947913
0.818287
0.711164
0.687191
0.690516
0.700757
0.72596
0.733671
0.72743
0.697878
0.620173
0.500277
0.420474
0.381154
0.363772
0.361621
0.363969
0.377715
0.459479
0.72712
0.830518
0.82668
0.785662
0.6889
0.648371
0.632361
0.627232
0.626843
0.629254
0.632318
0.636763
0.639508
0.645572
0.653197
0.665501
0.683107
0.702933
0.719177
0.733581
0.744212
0.752109
0.756856
0.760321
0.762896
0.766133
0.768103
0.771628
0.773392
0.776454
0.778411
0.780417
0.781953
0.782979
0.783409
0.782975
0.781746
0.779681
0.776794
0.773674
0.770049
0.765921
0.761389
0.756766
0.752152
0.748018
0.744827
0.743127
0.743106
0.744397
0.746965
0.750735
0.754415
0.756445
0.758484
0.762958
0.773684
0.789352
0.810273
0.834702
0.859246
0.87964
0.894127
0.907683
0.92599
0.94852
0.964196
0.968973
0.968092
0.960989
0.957402
0.958453
0.966837
0.975258
0.976172
0.97321
0.956232
0.928698
0.916022
0.913396
0.914225
0.91953
0.937606
0.957748
0.972654
0.983131
0.989869
0.993958
0.996432
0.997905
0.998634
0.998862
0.998868
0.998736
0.998153
0.996281
0.990761
0.974838
0.927762
0.78368
0.588249
0.427118
0.300876
0.209221
0.139605
0.0965942
0.0574096
0.590738
0.463126
0.363985
0.322198
0.302142
0.294755
0.293376
0.296247
0.307241
0.328148
0.352809
0.378388
0.399313
0.409584
0.419043
0.430754
0.455312
0.508648
0.631483
0.755221
0.852199
0.907591
0.940553
0.956402
0.96429
0.967254
0.968221
0.968069
0.962279
0.953899
0.941319
0.931024
0.921008
0.914344
0.908714
0.906055
0.904824
0.904393
0.905694
0.908668
0.914216
0.92273
0.934777
0.950027
0.966166
0.97985
0.989473
0.995023
0.997761
0.999007
0.999435
0.999502
0.998846
0.992556
0.957029
0.824786
0.706764
0.676373
0.685137
0.705599
0.72839
0.739506
0.739715
0.733843
0.711926
0.651789
0.570176
0.490023
0.429018
0.401425
0.396483
0.409216
0.55166
0.793254
0.830308
0.806847
0.701326
0.639861
0.618538
0.612866
0.61347
0.621685
0.626957
0.632988
0.63947
0.647136
0.660826
0.680364
0.705331
0.7245
0.73905
0.748921
0.753752
0.758003
0.760359
0.761313
0.762381
0.763368
0.766002
0.767886
0.772372
0.77506
0.779524
0.783007
0.786712
0.790222
0.793694
0.797143
0.800144
0.802478
0.803848
0.803917
0.80269
0.800804
0.798698
0.795889
0.792467
0.788308
0.783434
0.778056
0.77247
0.767389
0.763819
0.762143
0.762207
0.764489
0.767751
0.770271
0.77261
0.777038
0.786365
0.802849
0.826473
0.854557
0.882107
0.90279
0.912733
0.919363
0.931789
0.950287
0.967317
0.974744
0.975217
0.971275
0.965786
0.965698
0.968959
0.977356
0.979815
0.978819
0.971603
0.948843
0.932962
0.928232
0.92845
0.931918
0.945113
0.962755
0.975708
0.984767
0.99088
0.994771
0.99707
0.998378
0.9991
0.999428
0.999511
0.999497
0.999356
0.998775
0.996849
0.990863
0.972808
0.917601
0.761856
0.577484
0.432013
0.307678
0.225991
0.143435
0.59329
0.478644
0.385519
0.342275
0.321798
0.313115
0.310983
0.31688
0.33191
0.349702
0.371266
0.392713
0.414252
0.435475
0.470503
0.530421
0.641687
0.758326
0.843174
0.905987
0.937256
0.952589
0.958952
0.96103
0.961399
0.956025
0.944601
0.924669
0.911459
0.899038
0.892999
0.887814
0.88528
0.883792
0.883173
0.88304
0.883443
0.883878
0.884624
0.885534
0.887008
0.889255
0.893146
0.901149
0.917664
0.943843
0.969952
0.98581
0.993711
0.997506
0.99907
0.999512
0.999452
0.997646
0.986046
0.909075
0.733751
0.6723
0.669355
0.686874
0.705417
0.720053
0.728107
0.727113
0.71021
0.650357
0.558074
0.47812
0.433849
0.421439
0.424229
0.469768
0.683988
0.82257
0.823479
0.753048
0.645451
0.610534
0.601043
0.599359
0.608199
0.61888
0.627156
0.635309
0.646507
0.664281
0.687917
0.710214
0.729496
0.741202
0.746723
0.748883
0.749551
0.747965
0.742086
0.735199
0.7304
0.727394
0.727414
0.732025
0.739831
0.748863
0.759334
0.769098
0.777617
0.785382
0.792064
0.797741
0.802723
0.807296
0.811555
0.815049
0.817486
0.818009
0.81643
0.813645
0.810875
0.808082
0.804963
0.801528
0.797697
0.793168
0.7881
0.783199
0.779223
0.776968
0.776502
0.776823
0.777727
0.779813
0.784833
0.794966
0.811716
0.836947
0.869565
0.902852
0.926886
0.937582
0.939628
0.942596
0.953553
0.970605
0.978932
0.980264
0.978559
0.973148
0.972425
0.973941
0.980022
0.983367
0.983217
0.980107
0.966997
0.952637
0.946886
0.946312
0.948077
0.956117
0.970061
0.980633
0.987918
0.992713
0.995775
0.997659
0.998744
0.999335
0.999632
0.999741
0.999751
0.999715
0.999513
0.998768
0.996344
0.988841
0.966676
0.8979
0.739066
0.560523
0.436958
0.299436
0.603536
0.517356
0.433313
0.380631
0.356774
0.34722
0.345378
0.355738
0.370257
0.389929
0.414934
0.446669
0.491305
0.563064
0.659504
0.762209
0.83933
0.897286
0.928018
0.94652
0.953558
0.955809
0.956152
0.949878
0.93491
0.913204
0.898833
0.891406
0.885694
0.882905
0.881517
0.88082
0.880557
0.880488
0.880592
0.880858
0.881265
0.881878
0.882553
0.883293
0.883934
0.884441
0.884975
0.886072
0.889437
0.899275
0.926427
0.963833
0.983847
0.993419
0.997677
0.999244
0.999597
0.999314
0.995535
0.96929
0.819049
0.678589
0.641963
0.62335
0.627687
0.634078
0.63998
0.638854
0.611898
0.544967
0.488517
0.459335
0.451449
0.458235
0.491581
0.609624
0.779197
0.82625
0.803919
0.677895
0.61162
0.592533
0.588539
0.593148
0.605394
0.61738
0.628075
0.64048
0.661317
0.684564
0.705328
0.720847
0.732346
0.737503
0.738254
0.729747
0.710917
0.686276
0.667021
0.659713
0.658094
0.663547
0.672608
0.681017
0.687156
0.693474
0.701575
0.713977
0.731353
0.750709
0.769291
0.783676
0.795358
0.804349
0.811333
0.816643
0.821485
0.825448
0.828482
0.829757
0.829245
0.827371
0.824883
0.82201
0.818926
0.815894
0.812994
0.810198
0.807675
0.805498
0.80368
0.801843
0.799143
0.797046
0.796449
0.797943
0.806975
0.828592
0.854927
0.88649
0.92016
0.945148
0.956462
0.958683
0.959227
0.961818
0.972746
0.981911
0.983975
0.983237
0.97931
0.978107
0.979014
0.983306
0.986789
0.987084
0.985848
0.979418
0.968974
0.96392
0.962815
0.963526
0.967679
0.977586
0.985622
0.991136
0.994708
0.996938
0.998292
0.999089
0.999528
0.999753
0.999848
0.999867
0.999856
0.99978
0.999473
0.998443
0.995242
0.985636
0.958842
0.869665
0.725144
0.529567
0.60667
0.533528
0.49341
0.454765
0.436962
0.431336
0.439903
0.445835
0.470457
0.497666
0.549492
0.613148
0.69106
0.764099
0.830587
0.88396
0.921188
0.939742
0.948281
0.951539
0.952257
0.948798
0.936759
0.913295
0.89806
0.88953
0.884806
0.882566
0.881273
0.880654
0.880078
0.879735
0.8795
0.879302
0.879215
0.879366
0.879877
0.880829
0.88191
0.883214
0.884414
0.885006
0.884944
0.884445
0.884364
0.885736
0.893082
0.918436
0.962465
0.984134
0.994057
0.998139
0.999469
0.999677
0.998903
0.990801
0.937802
0.735146
0.640518
0.604182
0.58493
0.562817
0.538894
0.513919
0.492705
0.481976
0.478714
0.482735
0.51849
0.561403
0.619072
0.731345
0.815717
0.822053
0.750659
0.629353
0.590586
0.581526
0.581204
0.590634
0.603999
0.617283
0.630854
0.652104
0.676319
0.695021
0.708916
0.719982
0.72489
0.719465
0.697294
0.649976
0.610829
0.594976
0.590867
0.601244
0.624739
0.645494
0.665508
0.677827
0.682265
0.684105
0.684672
0.685975
0.688745
0.696416
0.711703
0.736687
0.764449
0.786107
0.801399
0.811791
0.819831
0.825612
0.830452
0.835239
0.839347
0.841152
0.840928
0.838978
0.83584
0.831866
0.827561
0.823753
0.821013
0.819871
0.820307
0.824081
0.829053
0.830374
0.829541
0.827156
0.827075
0.8319
0.85283
0.881793
0.911778
0.940628
0.961056
0.96985
0.971515
0.97172
0.972916
0.978511
0.985265
0.987019
0.986586
0.983853
0.982723
0.983367
0.986598
0.989881
0.990517
0.990091
0.987456
0.980652
0.976498
0.97526
0.975443
0.977561
0.983989
0.989903
0.993871
0.996398
0.997943
0.998861
0.999393
0.999689
0.999842
0.99991
0.999927
0.999925
0.999894
0.999761
0.999304
0.997875
0.993609
0.980877
0.946842
0.823712
0.611518
0.562122
0.545014
0.539033
0.537601
0.553921
0.573613
0.598026
0.617995
0.668748
0.716619
0.775862
0.827494
0.874497
0.906865
0.931363
0.942953
0.94754
0.948782
0.948824
0.941829
0.921993
0.903307
0.89205
0.886054
0.88311
0.881628
0.880487
0.879194
0.877955
0.876708
0.875886
0.875029
0.874652
0.874521
0.874526
0.87485
0.875517
0.876925
0.879411
0.883037
0.88597
0.887235
0.886621
0.884377
0.883578
0.88424
0.891683
0.922789
0.966135
0.986392
0.99534
0.998708
0.999674
0.999741
0.998235
0.982936
0.877505
0.671353
0.605151
0.581164
0.556298
0.532002
0.516221
0.5141
0.517809
0.545353
0.613156
0.652378
0.673334
0.725111
0.79492
0.821704
0.807435
0.679476
0.600507
0.578416
0.574443
0.578648
0.589958
0.604162
0.619079
0.639354
0.664864
0.681957
0.696141
0.706892
0.711542
0.700378
0.658081
0.587121
0.550035
0.532642
0.526431
0.533764
0.547505
0.579659
0.62217
0.664266
0.697536
0.721071
0.724344
0.710048
0.696047
0.687427
0.685874
0.689251
0.696695
0.713079
0.745771
0.776303
0.79625
0.81067
0.821185
0.829465
0.836814
0.844756
0.853229
0.860568
0.864795
0.866168
0.865523
0.861591
0.855393
0.848542
0.842043
0.837887
0.837204
0.841268
0.851745
0.858245
0.861681
0.864525
0.870288
0.885181
0.901918
0.919037
0.940034
0.960898
0.974622
0.979837
0.980477
0.98024
0.980873
0.984394
0.988634
0.989633
0.989218
0.987129
0.986362
0.986916
0.989585
0.992518
0.993369
0.993277
0.992186
0.988203
0.984824
0.983662
0.98366
0.98486
0.989047
0.993215
0.995959
0.997673
0.998699
0.999293
0.999629
0.999812
0.999907
0.999949
0.999961
0.999961
0.999947
0.999886
0.99967
0.998983
0.996866
0.990519
0.962103
0.62267
0.59683
0.590909
0.597857
0.623933
0.657294
0.690311
0.705695
0.738598
0.782099
0.823466
0.864838
0.894811
0.920822
0.934275
0.942869
0.946002
0.946896
0.944886
0.935745
0.915359
0.899006
0.889374
0.884509
0.881964
0.880613
0.879089
0.877401
0.875738
0.874723
0.873935
0.873565
0.873388
0.873336
0.873353
0.873411
0.873471
0.873604
0.873891
0.874571
0.876452
0.881985
0.887696
0.889566
0.888139
0.884067
0.882855
0.884548
0.896162
0.93767
0.973309
0.99004
0.99686
0.999233
0.999819
0.999776
0.99722
0.972915
0.793373
0.635092
0.596509
0.580393
0.573038
0.573445
0.589124
0.650834
0.710042
0.73239
0.736854
0.751066
0.787534
0.816969
0.819075
0.761424
0.632104
0.584537
0.572882
0.571866
0.578573
0.591046
0.608525
0.628217
0.650162
0.668602
0.682202
0.694132
0.699102
0.690224
0.644327
0.561444
0.509769
0.467215
0.424583
0.388743
0.370294
0.375324
0.418371
0.503442
0.605729
0.683594
0.734545
0.76469
0.772429
0.760114
0.727599
0.698765
0.690559
0.691804
0.698005
0.713424
0.748099
0.778666
0.799811
0.815402
0.828148
0.838905
0.849651
0.86024
0.870811
0.88129
0.890436
0.896508
0.898778
0.898795
0.896728
0.890248
0.882079
0.87444
0.869531
0.868621
0.871321
0.879511
0.891451
0.908952
0.929854
0.946502
0.954256
0.959618
0.968705
0.978751
0.984971
0.986836
0.986759
0.986109
0.98648
0.988948
0.99139
0.991787
0.991262
0.989609
0.989237
0.989795
0.992217
0.994679
0.995537
0.995559
0.995014
0.992574
0.990097
0.989213
0.989184
0.989983
0.992843
0.995643
0.997456
0.99857
0.999222
0.99959
0.999791
0.999897
0.99995
0.999973
0.99998
0.99998
0.999973
0.999941
0.999827
0.99945
0.998245
0.991987
0.631577
0.614891
0.617499
0.649547
0.686023
0.720301
0.758958
0.782152
0.816041
0.850951
0.880578
0.906955
0.924457
0.935718
0.941069
0.943782
0.944895
0.942516
0.930717
0.911617
0.89796
0.889335
0.884207
0.881742
0.880341
0.87896
0.87703
0.875213
0.874156
0.873636
0.87338
0.87328
0.873246
0.873241
0.873317
0.873402
0.873441
0.873502
0.87362
0.873867
0.874578
0.877015
0.884938
0.890261
0.891486
0.887657
0.883126
0.883414
0.888585
0.914635
0.957492
0.982687
0.993974
0.998204
0.999604
0.999915
0.999792
0.995959
0.954861
0.734129
0.638198
0.619959
0.620681
0.63424
0.699398
0.76465
0.785342
0.785721
0.785787
0.797411
0.813734
0.820785
0.806054
0.696644
0.605844
0.576039
0.570419
0.571217
0.582169
0.599914
0.62072
0.636604
0.653435
0.668255
0.680808
0.68821
0.682849
0.641771
0.542874
0.459111
0.387502
0.31822
0.262957
0.23439
0.224647
0.232154
0.256245
0.31315
0.439957
0.590788
0.702443
0.763682
0.787865
0.790599
0.781627
0.74281
0.709259
0.698502
0.698279
0.706321
0.735824
0.771434
0.795931
0.813904
0.82991
0.847307
0.865291
0.882207
0.896296
0.909267
0.921056
0.931229
0.938578
0.943107
0.943106
0.942373
0.940445
0.936862
0.929701
0.920308
0.912972
0.910932
0.914103
0.930366
0.950625
0.966898
0.977732
0.982235
0.983751
0.986529
0.989873
0.991454
0.991584
0.990938
0.990199
0.990499
0.992244
0.993454
0.993503
0.992758
0.991641
0.991536
0.992176
0.994481
0.996375
0.997055
0.99709
0.996711
0.995024
0.993453
0.992945
0.992952
0.993568
0.99559
0.99738
0.998509
0.999185
0.999571
0.999782
0.999892
0.999949
0.999976
0.999987
0.99999
0.99999
0.999986
0.999966
0.999895
0.999649
0.998269
0.637665
0.628903
0.638806
0.678043
0.718786
0.77165
0.812301
0.830839
0.85342
0.887533
0.909149
0.924888
0.93496
0.939707
0.941687
0.942786
0.941216
0.930901
0.913632
0.899636
0.889914
0.884708
0.881698
0.880184
0.87902
0.877405
0.875604
0.87433
0.873684
0.873371
0.87322
0.873108
0.873033
0.873019
0.873166
0.873468
0.873737
0.873784
0.873781
0.873857
0.874306
0.875984
0.882434
0.890401
0.892606
0.891574
0.885104
0.883631
0.886913
0.90603
0.950001
0.978509
0.992074
0.997454
0.999288
0.999846
0.999959
0.999711
0.994122
0.916768
0.710228
0.639929
0.644583
0.69652
0.773597
0.813298
0.818104
0.814493
0.813646
0.81929
0.824406
0.819885
0.772261
0.678316
0.600419
0.573717
0.568032
0.570659
0.584467
0.608802
0.625587
0.637725
0.653045
0.666669
0.676287
0.67765
0.646547
0.555813
0.452323
0.365917
0.288915
0.23176
0.201866
0.191775
0.193225
0.201187
0.218891
0.257729
0.35995
0.529373
0.667172
0.751653
0.790275
0.798415
0.794376
0.765195
0.721325
0.703765
0.701783
0.706293
0.731751
0.768842
0.794816
0.816226
0.839957
0.865589
0.891352
0.91676
0.939133
0.95773
0.969615
0.976502
0.980641
0.983154
0.983425
0.983008
0.981938
0.979896
0.977762
0.974805
0.970308
0.965645
0.96327
0.963635
0.969011
0.978701
0.986235
0.990579
0.9922
0.993308
0.994462
0.995033
0.995062
0.99469
0.993461
0.993096
0.993396
0.994545
0.994978
0.994843
0.993926
0.993354
0.993403
0.994234
0.996327
0.997631
0.998069
0.998074
0.997732
0.996543
0.99574
0.995538
0.995581
0.996079
0.99745
0.99852
0.999182
0.999566
0.999779
0.999891
0.999949
0.999977
0.999989
0.999994
0.999995
0.999995
0.999992
0.999977
0.999923
0.999608
0.640082
0.646108
0.644563
0.69027
0.736565
0.786667
0.839242
0.870731
0.884459
0.906621
0.923482
0.932069
0.937575
0.940058
0.940727
0.938485
0.929771
0.914307
0.900951
0.892104
0.885966
0.88278
0.880971
0.879731
0.878688
0.877347
0.875699
0.87445
0.873787
0.873452
0.873279
0.873022
0.872848
0.872856
0.872957
0.873317
0.873919
0.874202
0.874295
0.874354
0.874585
0.875909
0.881851
0.89205
0.894818
0.893562
0.887222
0.884873
0.887075
0.903628
0.947104
0.977073
0.991451
0.997206
0.999195
0.999795
0.999958
0.999973
0.999483
0.988834
0.876116
0.689655
0.657091
0.716499
0.802638
0.834102
0.833882
0.830216
0.828803
0.829653
0.828718
0.814469
0.763694
0.680799
0.603286
0.574705
0.567624
0.569579
0.58295
0.608904
0.625445
0.636878
0.651231
0.663283
0.66806
0.655668
0.593984
0.484975
0.381324
0.296938
0.233685
0.198
0.18494
0.18345
0.186151
0.194008
0.210354
0.245155
0.336979
0.513135
0.659945
0.749666
0.792225
0.801953
0.798354
0.771538
0.724756
0.704795
0.702536
0.707779
0.733437
0.769632
0.799386
0.829982
0.862942
0.89758
0.929719
0.956851
0.975602
0.985303
0.990508
0.993387
0.994929
0.995855
0.996008
0.995891
0.995528
0.994685
0.993537
0.992299
0.990965
0.989686
0.988899
0.988772
0.989279
0.991231
0.993476
0.99516
0.996161
0.996823
0.997267
0.997424
0.997411
0.997185
0.996117
0.995243
0.995166
0.995504
0.996081
0.996136
0.995797
0.99499
0.994818
0.994989
0.996071
0.997681
0.998505
0.998737
0.998712
0.998375
0.997695
0.997396
0.997354
0.997416
0.997826
0.998651
0.99923
0.999584
0.999786
0.999894
0.99995
0.999977
0.99999
0.999995
0.999997
0.999998
0.999997
0.999994
0.999982
0.999906
0.64032
0.651147
0.65288
0.684341
0.732576
0.781104
0.835801
0.876462
0.899132
0.916069
0.929728
0.936267
0.939309
0.940204
0.940048
0.936534
0.924944
0.908813
0.896368
0.888555
0.883685
0.881014
0.879768
0.879245
0.878641
0.877796
0.876271
0.875
0.874228
0.873799
0.873582
0.873284
0.873206
0.873254
0.87341
0.873818
0.874419
0.874618
0.874667
0.874779
0.875319
0.877588
0.886252
0.895812
0.897891
0.895013
0.888332
0.887086
0.890492
0.909366
0.952059
0.980098
0.992844
0.997638
0.999278
0.999799
0.999952
0.999991
0.999974
0.999185
0.983695
0.834375
0.682353
0.706447
0.80735
0.84475
0.845193
0.840616
0.838118
0.835955
0.831281
0.814158
0.766606
0.693847
0.615065
0.579703
0.56865
0.566954
0.576905
0.604757
0.623308
0.634347
0.647395
0.656734
0.657568
0.636878
0.550779
0.429211
0.331037
0.262465
0.217993
0.193803
0.185265
0.185003
0.187369
0.194732
0.211926
0.251912
0.360235
0.550772
0.696672
0.77491
0.800477
0.803536
0.799034
0.771225
0.723821
0.703597
0.70226
0.712289
0.747912
0.783285
0.817034
0.856312
0.898214
0.937725
0.967408
0.982489
0.990478
0.994694
0.99688
0.998016
0.998586
0.998893
0.998991
0.998974
0.998895
0.998708
0.998291
0.997774
0.997239
0.996686
0.996221
0.995961
0.995943
0.99619
0.996901
0.99754
0.998047
0.998425
0.998648
0.99872
0.998714
0.998603
0.997981
0.996914
0.996564
0.996598
0.99692
0.997081
0.996992
0.99642
0.996023
0.99602
0.996352
0.99758
0.998626
0.999081
0.999177
0.999132
0.998864
0.998612
0.998548
0.998558
0.99866
0.999026
0.999414
0.999669
0.999824
0.999912
0.999958
0.999981
0.999992
0.999996
0.999998
0.999999
0.999999
0.999998
0.999995
0.999976
0.625665
0.649348
0.654682
0.672133
0.720838
0.765121
0.822512
0.871215
0.898453
0.915876
0.929557
0.936518
0.940002
0.940773
0.940296
0.937163
0.926574
0.910189
0.89727
0.888977
0.883868
0.88103
0.879433
0.87857
0.878286
0.877827
0.877249
0.876369
0.875473
0.874826
0.874423
0.874103
0.874109
0.874206
0.874463
0.875002
0.875177
0.875173
0.875198
0.875433
0.876597
0.880927
0.893083
0.900239
0.900049
0.894562
0.889021
0.889425
0.896968
0.930041
0.971457
0.990267
0.996907
0.999065
0.999726
0.999919
0.999974
0.999994
0.999997
0.999951
0.998494
0.971382
0.776281
0.695178
0.771134
0.844294
0.851167
0.846859
0.843615
0.84073
0.834454
0.816354
0.774274
0.727983
0.645463
0.594303
0.573706
0.567203
0.568965
0.587779
0.616215
0.629269
0.642332
0.64928
0.645064
0.611325
0.509137
0.402374
0.322213
0.263071
0.221897
0.198111
0.191903
0.193069
0.198207
0.210689
0.237316
0.299334
0.464003
0.648356
0.747822
0.790215
0.802708
0.803265
0.793664
0.751385
0.708827
0.696834
0.7001
0.721624
0.762735
0.798907
0.841801
0.890477
0.935973
0.967062
0.983149
0.991577
0.995872
0.997928
0.998861
0.999282
0.999459
0.999533
0.999571
0.999581
0.99958
0.99956
0.999483
0.999299
0.999081
0.99885
0.998596
0.998392
0.99831
0.998322
0.998468
0.998732
0.998971
0.999172
0.999297
0.999344
0.999345
0.999301
0.999026
0.998149
0.99761
0.997528
0.997627
0.997792
0.997783
0.9975
0.997019
0.996928
0.997012
0.997609
0.998647
0.999229
0.999447
0.999477
0.999434
0.999311
0.999265
0.999265
0.9993
0.999452
0.999663
0.999807
0.999896
0.999947
0.999974
0.999988
0.999995
0.999998
0.999999
0.999999
0.999999
0.999999
0.999999
0.999994
0.575156
0.627347
0.651966
0.66387
0.697348
0.746734
0.792592
0.854656
0.89189
0.912851
0.927636
0.935711
0.939736
0.941201
0.94107
0.93921
0.932107
0.915406
0.900968
0.891253
0.885167
0.881652
0.879687
0.878636
0.878036
0.877704
0.877299
0.876956
0.876476
0.876099
0.875784
0.875542
0.875491
0.875513
0.875581
0.875597
0.875557
0.875552
0.875728
0.876627
0.879866
0.890007
0.90205
0.904015
0.90123
0.891946
0.889104
0.891885
0.90791
0.951458
0.981684
0.993804
0.998075
0.999439
0.999843
0.999957
0.999988
0.999997
0.999999
0.999997
0.999877
0.996578
0.938448
0.733592
0.725747
0.822827
0.854815
0.853569
0.847331
0.844048
0.838112
0.821717
0.789181
0.761684
0.712708
0.6326
0.590235
0.571822
0.568104
0.572083
0.591819
0.61807
0.632824
0.636626
0.629211
0.586106
0.493039
0.403542
0.327862
0.272435
0.23401
0.210572
0.207337
0.209997
0.218443
0.236775
0.275516
0.377138
0.566651
0.700128
0.769865
0.796499
0.802635
0.799237
0.776685
0.717763
0.693299
0.69297
0.703146
0.739498
0.778914
0.82285
0.876424
0.927237
0.961802
0.980188
0.990344
0.995707
0.998188
0.99914
0.999481
0.999599
0.999619
0.999619
0.99963
0.999649
0.99968
0.999709
0.999717
0.999705
0.999648
0.999551
0.999435
0.999316
0.999242
0.999226
0.999246
0.999334
0.999449
0.99955
0.999618
0.999647
0.999651
0.999634
0.999516
0.998985
0.998394
0.998218
0.998229
0.99833
0.998349
0.998237
0.997826
0.997657
0.997673
0.997897
0.998667
0.999291
0.999586
0.999681
0.99969
0.999673
0.999654
0.999653
0.999666
0.999728
0.99983
0.999901
0.999946
0.999972
0.999986
0.999994
0.999997
0.999999
0.999999
1
1
1
1
0.999998
0.574571
0.592492
0.633747
0.655713
0.67753
0.723934
0.765678
0.815326
0.873259
0.903892
0.922481
0.933113
0.938619
0.940972
0.941398
0.940923
0.938184
0.929056
0.909932
0.897078
0.888819
0.883766
0.880823
0.879185
0.878252
0.877767
0.877352
0.877089
0.876747
0.876523
0.876305
0.87617
0.876109
0.876003
0.875971
0.875899
0.875949
0.876222
0.877208
0.880296
0.888841
0.903983
0.90782
0.905957
0.897419
0.888868
0.889001
0.896944
0.931549
0.972193
0.99007
0.996747
0.999009
0.999714
0.999919
0.999977
0.999993
0.999998
1
1
0.99999
0.999623
0.990714
0.864985
0.724781
0.769004
0.845929
0.858302
0.854826
0.847542
0.841746
0.827317
0.802719
0.783873
0.759035
0.711303
0.637825
0.590908
0.572547
0.570206
0.573852
0.589812
0.606448
0.607328
0.600621
0.570258
0.494755
0.412762
0.342028
0.292548
0.256499
0.23707
0.236925
0.24147
0.253935
0.281085
0.345847
0.515014
0.683278
0.758756
0.78862
0.799134
0.798568
0.787079
0.741099
0.696732
0.686518
0.691181
0.717237
0.761308
0.805368
0.859398
0.912936
0.951286
0.974267
0.987659
0.994886
0.998115
0.999223
0.999562
0.999631
0.99964
0.999605
0.999492
0.999484
0.99951
0.999589
0.999691
0.999756
0.999783
0.999785
0.999777
0.999747
0.999686
0.999638
0.999619
0.99962
0.999642
0.999699
0.999751
0.999785
0.9998
0.999803
0.999797
0.999745
0.999477
0.998955
0.998728
0.998702
0.998741
0.998769
0.998723
0.998447
0.998229
0.998211
0.998296
0.998742
0.999329
0.999648
0.999786
0.999831
0.99984
0.999841
0.999844
0.999851
0.999877
0.999921
0.999954
0.999975
0.999987
0.999994
0.999997
0.999999
0.999999
1
1
1
1
1
1
0.667216
0.662631
0.628296
0.63502
0.657079
0.692516
0.74424
0.785227
0.83289
0.883104
0.91119
0.927038
0.935598
0.939839
0.941209
0.941218
0.940572
0.937571
0.929197
0.911239
0.89756
0.889198
0.884147
0.881149
0.879371
0.87839
0.87772
0.877361
0.877071
0.876784
0.876657
0.876489
0.876443
0.876364
0.876396
0.876564
0.877084
0.878459
0.882071
0.89108
0.906585
0.911262
0.910051
0.904013
0.88919
0.886774
0.890622
0.910314
0.959558
0.985971
0.99548
0.998628
0.999603
0.999888
0.999969
0.999991
0.999997
0.999999
1
1
0.999999
0.999956
0.998669
0.972232
0.793124
0.740955
0.807656
0.854117
0.859374
0.85549
0.847158
0.831523
0.812642
0.79817
0.784422
0.76034
0.719171
0.649472
0.594753
0.575543
0.572715
0.574811
0.578742
0.578583
0.573703
0.555211
0.501608
0.433282
0.366155
0.330826
0.299078
0.27825
0.277691
0.282838
0.299992
0.346982
0.481865
0.659488
0.743743
0.778624
0.792545
0.793637
0.787636
0.75772
0.69905
0.681719
0.683135
0.697092
0.741036
0.785835
0.835252
0.89082
0.935683
0.965813
0.984946
0.994451
0.997985
0.999227
0.999599
0.999662
0.999638
0.999553
0.999306
0.998801
0.998765
0.998842
0.999083
0.999435
0.999659
0.999767
0.999821
0.99984
0.99984
0.999833
0.999812
0.999797
0.999795
0.999801
0.999827
0.999856
0.999873
0.999881
0.999882
0.99988
0.999856
0.999731
0.999348
0.999105
0.999051
0.999061
0.999081
0.999063
0.998895
0.998668
0.998622
0.998655
0.998886
0.999376
0.999682
0.999833
0.999896
0.999919
0.999927
0.99993
0.999935
0.999949
0.999966
0.99998
0.999989
0.999994
0.999997
0.999999
0.999999
1
1
1
1
1
1
1
0.697084
0.678375
0.645176
0.638581
0.648494
0.673477
0.714083
0.761278
0.802642
0.842835
0.88568
0.913704
0.928525
0.936451
0.939972
0.940969
0.940883
0.940206
0.937708
0.931398
0.918269
0.902866
0.892843
0.88676
0.883015
0.88081
0.879383
0.878505
0.878059
0.8776
0.877453
0.877276
0.877311
0.877482
0.877949
0.878982
0.881195
0.885899
0.897307
0.910515
0.914656
0.913667
0.908591
0.891765
0.883848
0.885733
0.899065
0.94235
0.978094
0.992627
0.997741
0.999352
0.99982
0.999951
0.999986
0.999996
0.999999
1
1
1
1
0.999994
0.999796
0.995004
0.917281
0.759464
0.763771
0.833545
0.858054
0.859141
0.854356
0.838122
0.820614
0.807485
0.797821
0.785738
0.76471
0.730073
0.664178
0.602434
0.580547
0.575632
0.572092
0.568078
0.562359
0.548947
0.515725
0.454937
0.407205
0.375386
0.335371
0.318835
0.320272
0.331453
0.367906
0.479453
0.651774
0.73488
0.770461
0.784926
0.787517
0.783429
0.763633
0.706032
0.677851
0.675841
0.683768
0.719442
0.767166
0.814013
0.869899
0.919587
0.95736
0.982086
0.992973
0.997442
0.999096
0.999595
0.999686
0.999666
0.999468
0.999121
0.998356
0.997052
0.996916
0.997094
0.997647
0.99859
0.999273
0.999624
0.999776
0.999841
0.999874
0.999882
0.999881
0.999877
0.999876
0.999878
0.999891
0.99991
0.99992
0.999923
0.999924
0.999923
0.999912
0.999851
0.999609
0.99938
0.999309
0.999306
0.999314
0.999306
0.999209
0.999
0.998937
0.998948
0.999067
0.999432
0.999713
0.99986
0.999927
0.999955
0.999965
0.999968
0.999972
0.999979
0.999986
0.999991
0.999995
0.999997
0.999999
0.999999
1
1
1
1
1
1
1
1
0.701868
0.661841
0.637076
0.637407
0.644624
0.661408
0.6924
0.734493
0.776561
0.816182
0.849539
0.883163
0.912006
0.927662
0.935781
0.939336
0.940432
0.940293
0.939694
0.937895
0.933213
0.925378
0.913649
0.902778
0.893746
0.888331
0.884927
0.88276
0.881463
0.880746
0.880268
0.88035
0.88076
0.881766
0.883943
0.887428
0.893961
0.907679
0.916075
0.917973
0.916937
0.911881
0.894178
0.881117
0.881667
0.890595
0.925958
0.970935
0.99008
0.996861
0.999055
0.999727
0.999924
0.999979
0.999994
0.999998
1
1
1
1
1
0.999999
0.999966
0.999063
0.981587
0.837421
0.761835
0.792382
0.84918
0.85992
0.858934
0.847871
0.826486
0.813382
0.804791
0.797454
0.787074
0.770492
0.740496
0.681779
0.616456
0.589445
0.576044
0.568507
0.562201
0.549449
0.522189
0.476752
0.441646
0.40001
0.36953
0.367529
0.375742
0.40686
0.505802
0.657793
0.733232
0.765771
0.778634
0.781137
0.77733
0.760447
0.709566
0.675898
0.66935
0.673468
0.69598
0.752074
0.796633
0.845552
0.89706
0.94293
0.974218
0.989349
0.996073
0.998709
0.999539
0.999703
0.999693
0.999558
0.99885
0.998014
0.996386
0.993769
0.993403
0.993721
0.994687
0.996652
0.998253
0.999187
0.999619
0.999795
0.999864
0.999896
0.999907
0.999909
0.99991
0.999912
0.999922
0.999936
0.999943
0.999946
0.999946
0.999946
0.99994
0.99991
0.99977
0.999574
0.999496
0.999484
0.999487
0.999482
0.999422
0.99925
0.999179
0.999179
0.999244
0.999499
0.999746
0.999879
0.999943
0.99997
0.999981
0.999985
0.999988
0.999991
0.999994
0.999996
0.999998
0.999999
0.999999
1
1
1
1
1
1
1
1
1
0.703373
0.65821
0.638091
0.634375
0.645641
0.662281
0.677659
0.709194
0.748383
0.787852
0.825213
0.854413
0.878704
0.904161
0.923132
0.933252
0.93779
0.939418
0.93939
0.938938
0.937718
0.934924
0.929963
0.923127
0.916038
0.908248
0.902089
0.896749
0.89372
0.8913
0.891034
0.891584
0.893078
0.896503
0.900966
0.910168
0.91703
0.920612
0.920578
0.919394
0.913984
0.895412
0.878135
0.877655
0.883455
0.910244
0.96361
0.987191
0.995757
0.998669
0.999602
0.999886
0.999968
0.999991
0.999998
0.999999
1
1
1
1
1
1
0.999994
0.999807
0.995901
0.938271
0.785256
0.772764
0.818783
0.855288
0.860631
0.85619
0.835603
0.818241
0.808849
0.80274
0.796606
0.788601
0.775494
0.748583
0.704418
0.645815
0.600707
0.57989
0.568143
0.554972
0.532972
0.498846
0.464333
0.433623
0.429999
0.439155
0.471025
0.562998
0.675845
0.737723
0.764136
0.774805
0.775642
0.771258
0.754442
0.707188
0.67402
0.665162
0.666803
0.680985
0.730622
0.780371
0.82406
0.874059
0.924941
0.963661
0.984445
0.993949
0.997952
0.999374
0.999718
0.999723
0.999621
0.999222
0.997658
0.995969
0.993102
0.988828
0.988047
0.988502
0.989898
0.993096
0.996206
0.998217
0.999229
0.999657
0.999824
0.999887
0.999911
0.999921
0.999924
0.999927
0.999936
0.999947
0.999954
0.999957
0.999958
0.999957
0.999955
0.999939
0.999863
0.999707
0.99963
0.999611
0.999611
0.999607
0.999569
0.999434
0.999363
0.999359
0.999396
0.999573
0.99978
0.999896
0.999953
0.999978
0.999988
0.999992
0.999994
0.999996
0.999997
0.999998
0.999999
0.999999
1
1
1
1
1
1
1
1
1
1
0.716106
0.675982
0.648248
0.640048
0.650577
0.66632
0.677609
0.692251
0.719518
0.753535
0.792619
0.827878
0.855839
0.88008
0.900758
0.918621
0.929729
0.935441
0.937627
0.938114
0.937729
0.936863
0.93498
0.932366
0.928934
0.924927
0.921424
0.917665
0.915621
0.913244
0.913245
0.913906
0.915734
0.918486
0.9211
0.923083
0.923212
0.922748
0.92094
0.914443
0.894018
0.874228
0.872713
0.877171
0.898531
0.954546
0.983792
0.994473
0.998206
0.999446
0.999836
0.999953
0.999987
0.999996
0.999999
1
1
1
1
1
1
1
0.999999
0.999957
0.999023
0.983659
0.858933
0.776134
0.784204
0.837912
0.85888
0.859176
0.850468
0.826504
0.812841
0.805499
0.800548
0.795619
0.789905
0.777939
0.758542
0.726922
0.676737
0.62925
0.597936
0.576914
0.558361
0.53307
0.514366
0.515354
0.528669
0.56001
0.624509
0.697059
0.745729
0.765387
0.772627
0.772106
0.766262
0.747175
0.69991
0.671552
0.662627
0.662907
0.670067
0.706988
0.770318
0.808031
0.850118
0.903022
0.949678
0.977409
0.990905
0.996853
0.999048
0.999684
0.999776
0.999705
0.999358
0.998494
0.995927
0.992779
0.988656
0.982836
0.981404
0.981911
0.983623
0.987758
0.992778
0.996405
0.998432
0.999353
0.99972
0.999856
0.999905
0.999921
0.999927
0.999931
0.999939
0.99995
0.999958
0.999962
0.999963
0.999963
0.999962
0.999954
0.999912
0.999797
0.999725
0.999703
0.999701
0.999696
0.999668
0.999564
0.9995
0.999493
0.999516
0.99964
0.999811
0.99991
0.99996
0.999983
0.999992
0.999995
0.999997
0.999998
0.999998
0.999999
0.999999
1
1
1
1
1
1
1
1
1
1
1
0.735492
0.724182
0.684123
0.664981
0.661647
0.675005
0.680087
0.689823
0.701367
0.723645
0.753622
0.789697
0.826571
0.853041
0.875417
0.893581
0.909557
0.922114
0.930712
0.934412
0.936015
0.935949
0.935252
0.934174
0.932693
0.930907
0.929447
0.927603
0.926383
0.925343
0.925056
0.925136
0.925429
0.925472
0.925302
0.924862
0.923746
0.920659
0.912203
0.88866
0.868681
0.86731
0.871308
0.890501
0.945492
0.980127
0.993043
0.997671
0.999256
0.999773
0.999933
0.999981
0.999995
0.999999
1
1
1
1
1
1
1
1
1
0.99999
0.99975
0.995591
0.94418
0.799801
0.777601
0.807788
0.851566
0.859197
0.857
0.841884
0.819277
0.808505
0.802564
0.798334
0.795013
0.789164
0.781469
0.7664
0.744578
0.712679
0.679385
0.647767
0.629856
0.617581
0.619182
0.626814
0.644204
0.678861
0.724163
0.755393
0.769121
0.772124
0.770292
0.761547
0.739912
0.69435
0.670409
0.661515
0.66081
0.664623
0.686261
0.751821
0.799739
0.833703
0.881103
0.930291
0.964618
0.984925
0.994604
0.998357
0.999536
0.999806
0.999791
0.999546
0.998737
0.997241
0.993833
0.988392
0.983808
0.977346
0.974826
0.975215
0.976885
0.981163
0.987985
0.993575
0.997032
0.998765
0.999501
0.999782
0.999882
0.999916
0.999926
0.999931
0.99994
0.99995
0.999959
0.999963
0.999965
0.999965
0.999965
0.99996
0.999935
0.999854
0.999789
0.999766
0.999762
0.999757
0.999736
0.999654
0.999598
0.99959
0.999606
0.999696
0.999838
0.999922
0.999965
0.999985
0.999994
0.999997
0.999998
0.999999
0.999999
0.999999
1
1
1
1
1
1
1
1
1
1
1
1
0.763137
0.79703
0.763974
0.710326
0.691429
0.691125
0.689349
0.69242
0.698266
0.706332
0.722011
0.750012
0.783083
0.822762
0.85229
0.87531
0.892313
0.905199
0.915579
0.923237
0.929396
0.932236
0.933301
0.933155
0.93261
0.931593
0.930773
0.929882
0.929023
0.928367
0.927898
0.927561
0.927072
0.926289
0.925107
0.922701
0.917311
0.905443
0.877226
0.861651
0.861605
0.865706
0.884357
0.938317
0.976638
0.991533
0.997066
0.999029
0.999693
0.999907
0.999973
0.999992
0.999998
0.999999
1
1
1
1
1
1
1
1
1
0.999998
0.999932
0.998735
0.982399
0.86611
0.78302
0.784957
0.829494
0.855758
0.858681
0.853317
0.83169
0.813649
0.804856
0.799642
0.796515
0.79258
0.789375
0.782765
0.773868
0.760326
0.741178
0.725379
0.709826
0.7036
0.705368
0.711677
0.725178
0.747519
0.765349
0.772551
0.772852
0.769521
0.757926
0.729763
0.69321
0.672015
0.662536
0.660174
0.662335
0.67615
0.729311
0.791485
0.821312
0.86079
0.909625
0.950712
0.979406
0.992469
0.997444
0.999219
0.999764
0.99985
0.999766
0.999177
0.997597
0.995531
0.991336
0.985223
0.979714
0.9744
0.970395
0.970131
0.971137
0.974436
0.982252
0.989782
0.994937
0.997769
0.999088
0.99963
0.99983
0.999899
0.99992
0.999928
0.999938
0.999949
0.999958
0.999964
0.999966
0.999966
0.999965
0.999962
0.999947
0.99989
0.999833
0.999811
0.999806
0.999801
0.999783
0.999716
0.999668
0.999661
0.999671
0.999741
0.999859
0.999932
0.999969
0.999987
0.999995
0.999998
0.999999
0.999999
1
1
1
1
1
1
1
1
1
1
1
1
1
1
0.910865
0.864835
0.900923
0.914246
0.760578
0.756666
0.749803
0.72463
0.704875
0.705883
0.710206
0.720519
0.738704
0.766785
0.803217
0.841828
0.868358
0.88704
0.900743
0.910532
0.91857
0.924013
0.92762
0.929217
0.930042
0.929927
0.929628
0.929166
0.928403
0.927956
0.927184
0.92619
0.92465
0.921313
0.916094
0.907387
0.888518
0.864413
0.855088
0.855772
0.861017
0.880594
0.93498
0.974205
0.990243
0.996483
0.998792
0.999604
0.999875
0.999962
0.999989
0.999997
0.999999
1
1
1
1
1
1
1
1
1
1
1
0.999982
0.999631
0.994545
0.944673
0.807595
0.777832
0.792095
0.841773
0.857228
0.857094
0.848834
0.824137
0.809339
0.801531
0.797187
0.793268
0.790872
0.78771
0.783652
0.779389
0.770798
0.764791
0.756282
0.753832
0.754786
0.757898
0.765081
0.772253
0.773997
0.772935
0.766854
0.751608
0.723449
0.695753
0.675991
0.665908
0.661543
0.662883
0.67238
0.706784
0.78576
0.820567
0.847303
0.890216
0.935504
0.970994
0.988555
0.995846
0.998642
0.999614
0.999866
0.999864
0.999654
0.998451
0.996062
0.993536
0.989664
0.983962
0.977815
0.97284
0.968479
0.967143
0.967449
0.969191
0.97537
0.984952
0.992021
0.996249
0.998381
0.99933
0.999717
0.999857
0.999902
0.999919
0.999932
0.999946
0.999956
0.999963
0.999965
0.999966
0.999965
0.999962
0.999951
0.999912
0.999867
0.999847
0.999842
0.999837
0.999819
0.999762
0.999722
0.999715
0.999723
0.999777
0.999877
0.999939
0.999973
0.999988
0.999995
0.999998
0.999999
1
1
1
1
1
1
1
1
1
1
1
1
1
1
1
0.998473
0.995074
0.992842
0.991838
0.991592
0.993086
0.99371
0.992661
0.972641
0.843686
0.744809
0.728259
0.730557
0.737867
0.753777
0.775774
0.80662
0.837005
0.862366
0.882569
0.896144
0.905608
0.912645
0.91714
0.92001
0.921571
0.922257
0.92207
0.921581
0.920479
0.918121
0.914062
0.906988
0.893678
0.878679
0.860841
0.849585
0.849157
0.851038
0.859708
0.882914
0.940117
0.974883
0.990005
0.996235
0.998654
0.999542
0.999851
0.999953
0.999986
0.999996
0.999999
1
1
1
1
1
1
1
1
1
1
1
1
0.999996
0.999898
0.998387
0.982037
0.876246
0.787485
0.78188
0.810498
0.849362
0.856936
0.855588
0.845617
0.820107
0.805879
0.798649
0.79372
0.790229
0.787844
0.785067
0.78311
0.779663
0.77721
0.774063
0.772471
0.772535
0.773059
0.773966
0.773912
0.771739
0.760479
0.742504
0.721139
0.700207
0.68197
0.671239
0.665205
0.666257
0.674031
0.701165
0.77601
0.824009
0.842474
0.875726
0.92117
0.962021
0.984415
0.994298
0.998049
0.99939
0.999826
0.999911
0.999866
0.999412
0.997276
0.994264
0.992371
0.989071
0.983419
0.977038
0.971572
0.967443
0.965495
0.965488
0.966234
0.969414
0.978943
0.988164
0.994055
0.997279
0.998822
0.999492
0.999762
0.999857
0.999893
0.999915
0.999935
0.99995
0.99996
0.999963
0.999964
0.999963
0.99996
0.99995
0.999919
0.999887
0.999871
0.999866
0.99986
0.999843
0.999792
0.99976
0.999754
0.999761
0.999808
0.999893
0.999947
0.999976
0.99999
0.999996
0.999998
0.999999
1
1
1
1
1
1
1
1
1
1
1
1
1
1
1
0.999977
0.999897
0.999773
0.999624
0.999449
0.999394
0.999345
0.999243
0.998497
0.993068
0.972496
0.923739
0.817709
0.766332
0.759405
0.762418
0.770676
0.785206
0.800763
0.81529
0.83062
0.843728
0.853208
0.863523
0.868383
0.873148
0.875287
0.874871
0.873417
0.869597
0.863578
0.854374
0.84679
0.841315
0.839891
0.840585
0.843239
0.85017
0.866078
0.903604
0.953537
0.979342
0.991391
0.996616
0.99874
0.999554
0.999849
0.999951
0.999985
0.999995
0.999999
1
1
1
1
1
1
1
1
1
1
1
1
1
0.999999
0.999975
0.999553
0.994645
0.955291
0.825551
0.781505
0.78529
0.82353
0.851559
0.856907
0.854925
0.844137
0.817708
0.803313
0.795198
0.790523
0.78636
0.783435
0.78187
0.779381
0.777567
0.775665
0.77437
0.77374
0.773011
0.771312
0.76549
0.74825
0.734394
0.72092
0.705248
0.689248
0.67762
0.671579
0.672775
0.680019
0.703982
0.770972
0.827118
0.847314
0.867221
0.907247
0.952317
0.979662
0.992313
0.997262
0.999086
0.999727
0.999917
0.999931
0.999814
0.998958
0.99574
0.993335
0.991883
0.988922
0.983309
0.976845
0.971108
0.966966
0.9647
0.964378
0.96471
0.9664
0.972989
0.98369
0.991253
0.995712
0.998033
0.999124
0.999579
0.999758
0.999833
0.999876
0.99991
0.999936
0.999952
0.999958
0.999959
0.999957
0.999953
0.999944
0.999917
0.999891
0.999879
0.999874
0.999869
0.999854
0.999814
0.99979
0.999787
0.999794
0.999837
0.999909
0.999955
0.999979
0.999991
0.999996
0.999999
0.999999
1
1
1
1
1
1
1
1
1
1
1
1
1
1
1
1
0.999998
0.999995
0.999989
0.999977
0.999965
0.999954
0.999938
0.99989
0.999595
0.998139
0.992975
0.978428
0.9406
0.879729
0.822733
0.798047
0.794623
0.797617
0.803308
0.80979
0.815547
0.820034
0.824492
0.826974
0.827723
0.827617
0.826829
0.824046
0.823698
0.824533
0.826445
0.829803
0.836494
0.842934
0.8562
0.87519
0.904464
0.946648
0.972557
0.986926
0.994197
0.997584
0.999052
0.999648
0.999875
0.999958
0.999986
0.999996
0.999999
1
1
1
1
1
1
1
1
1
1
1
1
1
1
1
0.999995
0.999888
0.998522
0.986183
0.906212
0.800583
0.780165
0.788342
0.828946
0.852249
0.856957
0.854949
0.844697
0.818823
0.801813
0.792986
0.786794
0.782747
0.778775
0.775387
0.773378
0.770866
0.768869
0.766554
0.76099
0.752596
0.742183
0.730733
0.721499
0.709316
0.697387
0.685289
0.680212
0.681658
0.689051
0.711769
0.773493
0.829538
0.852042
0.867704
0.90009
0.945221
0.975538
0.990273
0.996388
0.998738
0.999591
0.999883
0.999955
0.99994
0.9997
0.998176
0.994387
0.992919
0.991741
0.98892
0.983738
0.977075
0.971087
0.966838
0.964456
0.963761
0.963883
0.964818
0.968756
0.979166
0.988018
0.993716
0.996925
0.998532
0.999276
0.999587
0.999718
0.999793
0.999853
0.999904
0.999935
0.999946
0.999946
0.999943
0.999932
0.999923
0.999906
0.999888
0.999878
0.999874
0.99987
0.99986
0.999832
0.999818
0.999817
0.999824
0.999863
0.999924
0.999962
0.999983
0.999993
0.999997
0.999999
1
1
1
1
1
1
1
1
1
1
1
1
1
1
1
1
1
1
1
1
0.999999
0.999999
0.999998
0.999996
0.999993
0.999976
0.999882
0.999453
0.997936
0.99338
0.982351
0.963229
0.930912
0.900969
0.877617
0.864104
0.856244
0.855392
0.856424
0.858766
0.861809
0.865852
0.8693
0.873833
0.879642
0.885226
0.89184
0.898774
0.908575
0.922408
0.935584
0.95247
0.967703
0.979919
0.988569
0.994028
0.997121
0.99871
0.999459
0.999787
0.99992
0.999972
0.99999
0.999997
0.999999
1
1
1
1
1
1
1
1
1
1
1
1
1
1
1
1
0.999999
0.999975
0.999629
0.996188
0.971751
0.863195
0.79127
0.782062
0.791705
0.831738
0.852628
0.857279
0.855728
0.847975
0.828289
0.80574
0.792635
0.785336
0.77952
0.775315
0.77203
0.767656
0.764556
0.760038
0.75097
0.741467
0.733747
0.725359
0.716748
0.707202
0.694672
0.691908
0.693961
0.702632
0.72567
0.785415
0.835439
0.858216
0.870947
0.896336
0.941358
0.973572
0.988895
0.995644
0.998406
0.999452
0.999828
0.999951
0.999972
0.999929
0.999487
0.996822
0.993678
0.992789
0.991818
0.98931
0.984847
0.97922
0.972242
0.967159
0.964467
0.96355
0.963505
0.964003
0.96648
0.974956
0.984714
0.991387
0.995475
0.99771
0.99879
0.999289
0.999521
0.999666
0.99978
0.999859
0.999904
0.999917
0.999916
0.999902
0.999886
0.999882
0.999878
0.999873
0.999872
0.99987
0.999869
0.999862
0.999847
0.99984
0.99984
0.999849
0.99989
0.999941
0.999971
0.999987
0.999994
0.999998
0.999999
1
1
1
1
1
1
1
1
1
1
1
1
1
1
1
1
1
1
1
1
1
1
1
1
1
0.999999
0.999994
0.999965
0.999841
0.999408
0.99818
0.995457
0.989514
0.980731
0.971263
0.964407
0.958835
0.957126
0.95726
0.958512
0.961183
0.964601
0.968813
0.97311
0.976611
0.979745
0.982582
0.985074
0.987198
0.989118
0.991084
0.993165
0.995186
0.996911
0.998195
0.999036
0.999526
0.999784
0.999908
0.999963
0.999986
0.999995
0.999998
0.999999
1
1
1
1
1
1
1
1
1
1
1
1
1
1
1
1
1
1
0.999996
0.999919
0.999055
0.992168
0.952617
0.835305
0.789089
0.78611
0.79586
0.833213
0.852625
0.85787
0.857319
0.852803
0.840834
0.821312
0.80155
0.788606
0.780863
0.775332
0.770399
0.765512
0.759681
0.753756
0.742301
0.731918
0.726825
0.716724
0.707261
0.707148
0.710265
0.721496
0.747243
0.804777
0.844553
0.864914
0.877317
0.897963
0.942133
0.973193
0.988319
0.995212
0.998161
0.999339
0.999776
0.999932
0.999979
0.999978
0.999896
0.99914
0.995631
0.993295
0.992787
0.992415
0.989646
0.984859
0.981976
0.975736
0.969182
0.965159
0.963617
0.963386
0.963653
0.965309
0.971771
0.981506
0.988865
0.993715
0.996553
0.998071
0.998842
0.999252
0.999487
0.999642
0.999759
0.999837
0.999872
0.999875
0.999864
0.999825
0.999801
0.999801
0.999819
0.999847
0.99986
0.999862
0.99986
0.999854
0.999853
0.999855
0.999871
0.99992
0.999958
0.99998
0.999991
0.999996
0.999998
0.999999
1
1
1
1
1
1
1
1
1
1
1
1
1
1
1
1
1
1
1
1
1
1
1
1
1
1
1
0.999998
0.99999
0.999959
0.999856
0.999586
0.998973
0.997696
0.995632
0.994014
0.992513
0.992215
0.992308
0.992749
0.993711
0.994609
0.995773
0.996739
0.997428
0.99789
0.998224
0.998499
0.998732
0.998933
0.99912
0.999312
0.999501
0.99967
0.999801
0.99989
0.999944
0.999974
0.999988
0.999995
0.999998
0.999999
1
1
1
1
1
1
1
1
1
1
1
1
1
1
1
1
1
1
1
1
0.999999
0.999985
0.999796
0.998102
0.986932
0.930703
0.825833
0.792758
0.792068
0.800363
0.831297
0.85203
0.858503
0.859921
0.858118
0.853095
0.842177
0.826637
0.812534
0.796994
0.786526
0.777888
0.768421
0.758655
0.753723
0.745207
0.731508
0.726972
0.728135
0.733547
0.746904
0.782242
0.824514
0.85529
0.872147
0.885474
0.905725
0.948794
0.975512
0.988934
0.995286
0.998103
0.999282
0.999744
0.999915
0.999975
0.99999
0.999981
0.999841
0.998636
0.99462
0.993157
0.993312
0.993104
0.989677
0.984442
0.982512
0.979893
0.973345
0.967468
0.964404
0.963529
0.963615
0.9648
0.969802
0.979045
0.986506
0.991725
0.995058
0.99703
0.998152
0.998768
0.999128
0.999389
0.999604
0.99975
0.999804
0.99981
0.999798
0.999748
0.999714
0.999713
0.999744
0.999801
0.999836
0.999851
0.999855
0.999854
0.999856
0.999866
0.999904
0.999944
0.999971
0.999986
0.999993
0.999997
0.999999
0.999999
1
1
1
1
1
1
1
1
1
1
1
1
1
1
1
1
1
1
1
1
1
1
1
1
1
1
1
1
1
0.999998
0.999991
0.999973
0.999926
0.999824
0.999588
0.999335
0.999102
0.999069
0.999089
0.999179
0.999328
0.999501
0.999645
0.999748
0.999817
0.99986
0.999888
0.999907
0.999921
0.999932
0.999943
0.999954
0.999966
0.999977
0.999986
0.999992
0.999996
0.999998
0.999999
1
1
1
1
1
1
1
1
1
1
1
1
1
1
1
1
1
1
1
1
1
1
1
1
0.999998
0.999963
0.999604
0.996976
0.982501
0.921186
0.829921
0.800697
0.800778
0.807903
0.830623
0.852044
0.85902
0.862669
0.862599
0.86109
0.856917
0.8509
0.845351
0.834371
0.818609
0.805341
0.792571
0.774714
0.76333
0.762552
0.764746
0.771509
0.789512
0.818335
0.846034
0.864808
0.880261
0.894484
0.922646
0.959588
0.980139
0.990734
0.995898
0.998277
0.999313
0.999741
0.999908
0.99997
0.999991
0.999994
0.999977
0.999762
0.997979
0.993941
0.993209
0.993775
0.993397
0.989112
0.984017
0.982535
0.981463
0.978648
0.972372
0.96704
0.964537
0.964113
0.964998
0.969173
0.977012
0.983948
0.98941
0.993224
0.995689
0.997173
0.998121
0.998728
0.999132
0.999424
0.999619
0.999705
0.999714
0.999694
0.999611
0.99955
0.999541
0.999586
0.999725
0.999802
0.999831
0.999839
0.999845
0.999858
0.999892
0.99993
0.999959
0.999978
0.999989
0.999995
0.999998
0.999999
0.999999
1
1
1
1
1
0.999999
0.999999
0.999999
0.999999
0.999999
0.999999
0.999999
0.999999
1
1
1
1
1
1
1
1
1
1
1
1
1
1
1
1
1
1
0.999999
0.999996
0.99999
0.999976
0.999951
0.999929
0.999927
0.999929
0.999939
0.999955
0.999971
0.999981
0.999988
0.999992
0.999994
0.999996
0.999996
0.999997
0.999997
0.999998
0.999998
0.999999
0.999999
0.999999
1
1
1
1
1
1
1
1
1
1
1
1
1
1
1
1
1
1
1
1
1
1
1
1
1
1
1
1
1
0.999994
0.99993
0.999401
0.996196
0.981323
0.928694
0.845047
0.814536
0.813536
0.820394
0.837321
0.852443
0.860573
0.864494
0.865773
0.865602
0.864908
0.863596
0.860582
0.856667
0.849334
0.833064
0.819704
0.816782
0.817658
0.820921
0.828798
0.844385
0.859014
0.873821
0.89163
0.911409
0.946707
0.972309
0.986164
0.993354
0.996932
0.998647
0.999431
0.999772
0.999914
0.999969
0.99999
0.999997
0.999996
0.999969
0.999658
0.997216
0.993503
0.993167
0.993948
0.993518
0.988724
0.983754
0.982507
0.981982
0.980715
0.978207
0.973346
0.968202
0.966046
0.966314
0.96991
0.976589
0.982768
0.987759
0.991438
0.994014
0.99588
0.997155
0.998039
0.998637
0.999071
0.999364
0.999481
0.999485
0.999414
0.999206
0.999122
0.999164
0.999397
0.999612
0.999726
0.999777
0.9998
0.999827
0.999865
0.999906
0.999942
0.999967
0.999983
0.999991
0.999996
0.999998
0.999999
0.999999
0.999999
0.999999
0.999999
0.999999
0.999999
0.999999
0.999999
0.999998
0.999998
0.999998
0.999998
0.999998
0.999999
0.999999
0.999999
0.999999
1
1
1
1
1
1
1
1
1
1
1
1
1
1
1
1
1
1
0.999999
0.999998
0.999996
0.999996
0.999996
0.999997
0.999998
0.999999
0.999999
1
1
1
1
1
1
1
1
1
1
1
1
1
1
1
1
1
1
1
1
1
1
1
1
1
1
1
1
1
1
1
1
1
1
1
1
1
1
1
1
1
0.999999
0.99999
0.999901
0.999294
0.99621
0.983948
0.949564
0.874989
0.838334
0.833193
0.837991
0.849198
0.858399
0.864121
0.866636
0.867684
0.867922
0.867877
0.867563
0.86673
0.864679
0.857326
0.848366
0.846272
0.846827
0.84931
0.857076
0.868172
0.888153
0.912142
0.944774
0.969793
0.98401
0.991789
0.995918
0.99804
0.999092
0.999597
0.999829
0.999931
0.999973
0.99999
0.999997
0.999998
0.999996
0.999958
0.999528
0.996514
0.993122
0.993009
0.994067
0.993593
0.988521
0.983425
0.982431
0.982192
0.981323
0.979815
0.977928
0.975416
0.972316
0.970986
0.972597
0.977201
0.98134
0.984998
0.98818
0.990987
0.993364
0.99528
0.996645
0.997708
0.99854
0.99902
0.999165
0.999155
0.99901
0.998748
0.998649
0.998681
0.99898
0.999397
0.999626
0.999725
0.999773
0.999816
0.999864
0.99991
0.999945
0.99997
0.999984
0.999992
0.999996
0.999998
0.999999
0.999999
0.999999
0.999998
0.999998
0.999998
0.999998
0.999998
0.999997
0.999996
0.999996
0.999996
0.999996
0.999996
0.999997
0.999998
0.999999
0.999999
1
1
1
1
1
1
1
1
1
1
1
1
1
1
1
1
1
1
1
1
1
1
1
1
1
1
1
1
1
1
1
1
1
1
1
1
1
1
1
1
1
1
1
1
1
1
1
1
1
1
1
1
1
1
1
1
1
1
1
1
1
1
1
1
1
1
1
1
1
0.999999
0.999986
0.999891
0.999348
0.996979
0.988975
0.969126
0.922269
0.877639
0.858461
0.858619
0.861506
0.865751
0.868321
0.869487
0.870004
0.870261
0.870332
0.870254
0.869302
0.865354
0.864618
0.86565
0.869473
0.878812
0.898177
0.925825
0.954784
0.973719
0.985305
0.992046
0.995822
0.997864
0.998937
0.999486
0.999759
0.999891
0.999953
0.999981
0.999992
0.999997
0.999999
0.999999
0.999996
0.999943
0.999372
0.99582
0.992665
0.992788
0.994242
0.993715
0.98818
0.982714
0.98224
0.9823
0.981586
0.980045
0.978443
0.977371
0.97709
0.977099
0.977002
0.978297
0.981258
0.983869
0.986482
0.989132
0.991621
0.993694
0.995369
0.996764
0.997931
0.998685
0.998937
0.99893
0.99866
0.998136
0.997989
0.998081
0.998642
0.999222
0.999504
0.999637
0.99972
0.999792
0.999856
0.999908
0.999945
0.99997
0.999984
0.999992
0.999996
0.999997
0.999998
0.999998
0.999998
0.999997
0.999997
0.999996
0.999996
0.999996
0.999994
0.999992
0.999991
0.999991
0.99999
0.999991
0.999993
0.999995
0.999997
0.999997
1
1
1
1
1
1
1
1
1
1
1
1
1
1
1
1
1
1
1
1
1
1
1
1
1
1
1
1
1
1
1
1
1
1
1
1
1
1
1
1
1
1
1
1
1
1
1
1
1
1
1
1
1
1
1
1
1
1
1
1
1
1
1
1
1
1
1
1
1
1
0.999998
0.999985
0.999903
0.999506
0.998002
0.993617
0.982484
0.959278
0.926301
0.8996
0.885538
0.880151
0.878333
0.877301
0.877114
0.877314
0.877799
0.878799
0.880154
0.882778
0.888061
0.899532
0.921929
0.947173
0.966122
0.979242
0.987801
0.9931
0.996225
0.997992
0.998957
0.999468
0.999734
0.99987
0.999938
0.999971
0.999987
0.999995
0.999998
0.999999
0.999999
0.999999
0.999995
0.999925
0.999213
0.995203
0.992274
0.992601
0.994356
0.993775
0.987711
0.982056
0.982156
0.982519
0.981809
0.980087
0.977219
0.974806
0.975152
0.977654
0.980218
0.981769
0.982676
0.984038
0.985867
0.988142
0.990596
0.992746
0.99453
0.996132
0.997478
0.998325
0.998556
0.998497
0.998053
0.997579
0.997472
0.997586
0.998241
0.998967
0.999356
0.999558
0.999678
0.999769
0.999843
0.999901
0.999942
0.999968
0.999983
0.999991
0.999995
0.999996
0.999997
0.999997
0.999996
0.999994
0.999994
0.999993
0.999992
0.999991
0.999988
0.999984
0.999981
0.999979
0.999979
0.999979
0.999982
0.999987
0.999992
0.999993
1
1
1
1
1
1
1
1
1
1
1
1
1
1
1
1
1
1
1
1
1
1
1
1
1
1
1
1
1
1
1
1
1
1
1
1
1
1
1
1
1
1
1
1
1
1
1
1
1
1
1
1
1
1
1
1
1
1
1
1
1
1
1
1
1
1
1
1
1
1
1
0.999998
0.999988
0.999934
0.999706
0.998951
0.996843
0.991916
0.980119
0.9682
0.952211
0.937134
0.928032
0.919759
0.915606
0.915687
0.917011
0.920356
0.927499
0.939206
0.952847
0.965727
0.976557
0.984818
0.99064
0.994477
0.996864
0.998278
0.99908
0.999519
0.999752
0.999873
0.999936
0.999968
0.999984
0.999993
0.999997
0.999999
0.999999
1
1
0.999999
0.999993
0.999904
0.999011
0.994519
0.991862
0.992403
0.994386
0.993775
0.987118
0.98185
0.982229
0.983216
0.982502
0.980374
0.976698
0.971178
0.965511
0.963731
0.964775
0.968201
0.974681
0.979316
0.982558
0.985523
0.988523
0.991222
0.993488
0.995474
0.997111
0.997974
0.998161
0.998102
0.997681
0.997079
0.996911
0.99702
0.997799
0.998772
0.999257
0.999482
0.999614
0.99972
0.99981
0.99988
0.999929
0.999961
0.999979
0.999988
0.999993
0.999994
0.999994
0.999994
0.999992
0.999989
0.999988
0.999987
0.999985
0.999981
0.999974
0.999966
0.999959
0.999955
0.999954
0.999954
0.999958
0.999969
0.999979
0.999981
1
1
1
1
1
1
1
1
1
1
1
1
1
1
1
1
1
1
1
1
1
1
1
1
1
1
1
1
1
1
1
1
1
1
1
1
1
1
1
1
1
1
1
1
1
1
1
1
1
1
1
1
1
1
1
1
1
1
1
1
1
1
1
1
1
1
1
1
1
1
1
1
0.999999
0.999994
0.999968
0.999876
0.999593
0.998863
0.996743
0.994314
0.989399
0.983689
0.980073
0.975664
0.973446
0.973506
0.97429
0.976225
0.98018
0.984632
0.988848
0.992386
0.995078
0.996967
0.998206
0.998976
0.999433
0.999695
0.999839
0.999916
0.999956
0.999977
0.999988
0.999994
0.999997
0.999998
0.999999
1
1
1
1
0.999999
0.999991
0.999879
0.998773
0.993849
0.99147
0.992228
0.994392
0.993696
0.98674
0.98179
0.982784
0.984781
0.984422
0.982125
0.977533
0.970879
0.962908
0.954375
0.948173
0.946309
0.948186
0.953418
0.961636
0.971858
0.980891
0.98696
0.991089
0.994135
0.996392
0.997558
0.997838
0.997767
0.997165
0.996488
0.996358
0.996566
0.997654
0.998654
0.999142
0.999384
0.999536
0.99966
0.999765
0.999848
0.999907
0.999946
0.99997
0.999982
0.999988
0.999989
0.999989
0.999987
0.999983
0.999981
0.999979
0.999977
0.999973
0.999964
0.999947
0.999928
0.999911
0.999901
0.999897
0.999898
0.999903
0.999923
0.999948
0.99995
1
1
1
1
1
1
1
1
1
1
1
1
1
1
1
1
1
1
1
1
1
1
1
1
1
1
1
1
1
1
1
1
1
1
1
1
1
1
1
1
1
1
1
1
1
1
1
1
1
1
1
1
1
1
1
1
1
1
1
1
1
1
1
1
1
1
1
1
1
1
1
1
1
1
0.999998
0.99999
0.999964
0.999891
0.999668
0.999347
0.998671
0.997499
0.9967
0.995608
0.995124
0.995162
0.995393
0.995965
0.996881
0.997722
0.998429
0.998977
0.999367
0.999625
0.999786
0.999881
0.999935
0.999965
0.999982
0.99999
0.999995
0.999997
0.999999
0.999999
1
1
1
1
1
1
0.999999
0.999998
0.999988
0.99985
0.998522
0.993193
0.991006
0.992001
0.99436
0.993585
0.98654
0.981817
0.983499
0.986027
0.986804
0.985954
0.981667
0.972635
0.962526
0.951665
0.94249
0.937328
0.934271
0.935457
0.93898
0.94627
0.956941
0.971975
0.984153
0.990867
0.994716
0.996701
0.997088
0.99699
0.996496
0.995996
0.995901
0.996275
0.997681
0.99865
0.999068
0.999272
0.999417
0.999546
0.999669
0.999776
0.999862
0.999921
0.999956
0.999972
0.999978
0.999979
0.999978
0.999973
0.999966
0.999962
0.99996
0.999958
0.999952
0.999937
0.999899
0.999849
0.999807
0.99978
0.99977
0.99977
0.999778
0.999813
0.999868
0.999868
1
1
1
1
1
1
1
1
1
1
1
1
1
1
1
1
1
1
1
1
1
1
1
1
1
1
1
1
1
1
1
1
1
1
1
1
1
1
1
1
1
1
1
1
1
1
1
1
1
1
1
1
1
1
1
1
1
1
1
1
1
1
1
1
1
1
1
1
1
1
1
1
1
1
1
0.999999
0.999998
0.999993
0.999979
0.999953
0.999902
0.999778
0.999673
0.999526
0.999475
0.999486
0.999525
0.999619
0.999723
0.999807
0.999872
0.99992
0.999952
0.999973
0.999985
0.999992
0.999996
0.999998
0.999999
0.999999
1
1
1
1
1
1
1
1
0.999999
0.999999
0.999998
0.999996
0.999982
0.999812
0.9982
0.992364
0.990324
0.991581
0.994195
0.993468
0.986507
0.982253
0.983807
0.986353
0.987614
0.987665
0.986135
0.978939
0.964414
0.951041
0.93989
0.932742
0.928676
0.928032
0.929203
0.932548
0.939477
0.950732
0.967647
0.983427
0.991481
0.995162
0.996191
0.996191
0.995872
0.995238
0.995199
0.996183
0.997828
0.998678
0.999018
0.999131
0.999176
0.999254
0.999446
0.999658
0.999806
0.999895
0.999941
0.99996
0.999965
0.999965
0.99996
0.999944
0.99993
0.999922
0.999919
0.999915
0.999909
0.99989
0.999833
0.999709
0.999598
0.999527
0.999498
0.999495
0.999506
0.999561
0.99967
0.999658
1
1
1
1
1
1
1
1
1
1
1
1
1
1
1
1
1
1
1
1
1
1
1
1
1
1
1
1
1
1
1
1
1
1
1
1
1
1
1
1
1
1
1
1
1
1
1
1
1
1
1
1
1
1
1
1
1
1
1
1
1
1
1
1
1
1
1
1
1
1
1
1
1
1
1
1
1
1
0.999999
0.999998
0.999995
0.999989
0.999981
0.99997
0.999968
0.999969
0.999973
0.999981
0.999987
0.999991
0.999994
0.999996
0.999998
0.999999
0.999999
1
1
1
1
1
1
1
1
1
1
0.999999
0.999999
0.999999
0.999998
0.999996
0.999994
0.999991
0.999973
0.999768
0.997866
0.991444
0.989339
0.990686
0.993677
0.993213
0.987192
0.983304
0.984057
0.986417
0.987898
0.988156
0.987545
0.984371
0.971962
0.953668
0.93923
0.931212
0.926979
0.924882
0.925304
0.92682
0.930511
0.937469
0.950836
0.968169
0.983068
0.991074
0.994532
0.994804
0.994251
0.993805
0.994622
0.99664
0.998073
0.99869
0.998872
0.998876
0.998869
0.998937
0.999265
0.999595
0.999783
0.999882
0.999928
0.999944
0.999947
0.999944
0.999929
0.999893
0.999866
0.999849
0.999842
0.999837
0.999827
0.9998
0.999717
0.999476
0.99921
0.999035
0.998956
0.998941
0.998952
0.999023
0.999202
0.999143
1
1
1
1
1
1
1
1
1
1
1
1
1
1
1
1
1
1
1
1
1
1
1
1
1
1
1
1
1
1
1
1
1
1
1
1
1
1
1
1
1
1
1
1
1
1
1
1
1
1
1
1
1
1
1
1
1
1
1
1
1
1
1
1
1
1
1
1
1
1
1
1
1
1
1
1
1
1
1
1
1
1
0.999999
0.999999
0.999999
0.999999
0.999999
1
1
1
1
1
1
1
1
1
1
1
1
1
1
1
1
0.999999
0.999998
0.999996
0.999994
0.999993
0.999991
0.999986
0.999982
0.999977
0.999954
0.999714
0.997515
0.99017
0.987493
0.988583
0.99223
0.992608
0.989381
0.984988
0.984624
0.986432
0.987979
0.988276
0.988005
0.986521
0.980861
0.963644
0.943286
0.932025
0.927121
0.925118
0.924736
0.925743
0.928032
0.932591
0.942166
0.958619
0.974197
0.985347
0.990496
0.991171
0.991645
0.993044
0.995189
0.997255
0.998226
0.998527
0.998494
0.998369
0.99839
0.998717
0.999263
0.999597
0.999782
0.999873
0.99991
0.999919
0.999918
0.999908
0.999866
0.999791
0.999725
0.999681
0.99966
0.999651
0.999636
0.999596
0.999473
0.999065
0.99849
0.998093
0.997893
0.997839
0.997842
0.997907
0.998114
0.997904
1
1
1
1
1
1
1
1
1
1
1
1
1
1
1
1
1
1
1
1
1
1
1
1
1
1
1
1
1
1
1
1
1
1
1
1
1
1
1
1
1
1
1
1
1
1
1
1
1
1
1
1
1
1
1
1
1
1
1
1
1
1
1
1
1
1
1
1
1
1
1
1
1
1
1
1
1
1
1
1
1
1
1
1
1
1
1
1
1
1
1
1
1
1
1
1
1
1
1
1
0.999999
0.999998
0.999994
0.99999
0.999984
0.999971
0.999964
0.999963
0.999959
0.999949
0.999944
0.999937
0.99991
0.999639
0.997204
0.988326
0.983721
0.983873
0.987886
0.991037
0.990343
0.987331
0.985916
0.986765
0.987956
0.988187
0.98803
0.987298
0.985293
0.976211
0.955544
0.938594
0.930933
0.927369
0.926258
0.926516
0.928785
0.93325
0.942751
0.95897
0.973968
0.983256
0.987165
0.98907
0.991118
0.993641
0.996338
0.997639
0.998053
0.997964
0.997668
0.997659
0.998026
0.998795
0.999321
0.99963
0.999788
0.999854
0.999872
0.999873
0.999863
0.999824
0.999712
0.999541
0.999361
0.999221
0.999146
0.99912
0.999097
0.99903
0.998824
0.998121
0.996983
0.996167
0.995714
0.995551
0.99551
0.995534
0.995608
0.994979
1
1
1
1
1
1
1
1
1
1
1
1
1
1
1
1
1
1
1
1
1
1
1
1
1
1
1
1
1
1
1
1
1
1
1
1
1
1
1
1
1
1
1
1
1
1
1
1
1
1
1
1
1
1
1
1
1
1
1
1
1
1
1
1
1
1
1
1
1
1
1
1
1
1
1
1
1
1
1
1
1
1
1
1
1
1
1
1
1
1
1
1
1
1
1
1
1
1
0.999999
0.999997
0.999992
0.999977
0.999935
0.999896
0.999851
0.999803
0.999793
0.999801
0.999807
0.99981
0.999812
0.999811
0.999792
0.999528
0.997074
0.986155
0.976708
0.974458
0.977506
0.986564
0.989413
0.988304
0.98727
0.987244
0.987528
0.987101
0.986818
0.987022
0.987007
0.985258
0.975088
0.952267
0.940366
0.933449
0.930581
0.929895
0.932068
0.936948
0.947031
0.962589
0.975641
0.983401
0.986626
0.98903
0.991887
0.995387
0.997014
0.997516
0.997363
0.996859
0.996817
0.997245
0.998244
0.999009
0.999466
0.999696
0.999785
0.999802
0.999794
0.999751
0.999683
0.999553
0.999266
0.998817
0.998305
0.997876
0.99762
0.997515
0.997447
0.99729
0.996852
0.995461
0.993368
0.991891
0.990973
0.990585
0.990318
0.990217
0.990072
0.988269
1
1
1
1
1
1
1
1
1
1
1
1
1
1
1
1
1
1
1
1
1
1
1
1
1
1
1
1
1
1
1
1
1
1
1
1
1
1
1
1
1
1
1
1
1
1
1
1
1
1
1
1
1
1
1
1
1
1
1
1
1
1
1
1
1
1
1
1
1
1
1
1
1
1
1
1
1
1
1
1
1
1
1
1
1
1
1
1
1
1
1
1
1
1
1
1
0.999999
0.999997
0.999989
0.999967
0.999906
0.999763
0.999438
0.999159
0.998984
0.998954
0.998995
0.999101
0.999214
0.999308
0.999431
0.9995
0.999499
0.99928
0.996992
0.984737
0.967028
0.960343
0.961801
0.975402
0.985768
0.987316
0.987166
0.986813
0.985637
0.982887
0.981621
0.982855
0.986757
0.987571
0.985056
0.974127
0.955589
0.946912
0.941212
0.939259
0.940552
0.946741
0.958209
0.970481
0.979002
0.983959
0.986987
0.990245
0.994431
0.996385
0.996946
0.996734
0.996038
0.995983
0.996487
0.997721
0.998743
0.999327
0.999607
0.999707
0.999719
0.999684
0.999496
0.999238
0.998946
0.998422
0.997541
0.996357
0.995105
0.994088
0.993479
0.993213
0.993014
0.99257
0.991335
0.988235
0.984947
0.982814
0.981299
0.980648
0.979818
0.979335
0.978816
0.975179
1
1
1
1
1
1
1
1
1
1
1
1
1
1
1
1
1
1
1
1
1
1
1
1
1
1
1
1
1
1
1
1
1
1
1
1
1
1
1
1
1
1
1
1
1
1
1
1
1
1
1
1
1
1
1
1
1
1
1
1
1
1
1
1
1
1
1
1
1
1
1
1
1
1
1
1
1
1
1
1
1
1
1
1
1
1
1
1
1
1
1
1
1
1
0.999999
0.999996
0.999988
0.999963
0.999887
0.999679
0.999151
0.997998
0.996305
0.995191
0.995103
0.995302
0.995789
0.996574
0.997255
0.997853
0.998443
0.998849
0.998959
0.998798
0.99675
0.985398
0.961013
0.943689
0.942431
0.95581
0.976644
0.982662
0.983992
0.983022
0.979208
0.971266
0.96733
0.968679
0.981715
0.987813
0.988392
0.985339
0.975497
0.963841
0.958392
0.955793
0.955324
0.961333
0.968564
0.975527
0.981505
0.985415
0.98936
0.993823
0.995777
0.996327
0.996001
0.995278
0.995292
0.995927
0.997397
0.998573
0.999187
0.999468
0.999557
0.999555
0.999444
0.998919
0.997806
0.996701
0.995326
0.993412
0.990948
0.988237
0.985754
0.983944
0.982936
0.982434
0.981795
0.980285
0.97613
0.970991
0.966766
0.964245
0.962758
0.961268
0.959741
0.95868
0.958092
0.954783
1
1
1
1
1
1
1
1
1
1
1
1
1
1
1
1
1
1
1
1
1
1
1
1
1
1
1
1
1
1
1
1
1
1
1
1
1
1
1
1
1
1
1
1
1
1
1
1
1
1
1
1
1
1
1
1
1
1
1
1
1
1
1
1
1
1
1
1
1
1
1
1
1
1
1
1
1
1
1
1
1
1
1
1
1
1
1
1
1
1
1
1
0.999999
0.999996
0.999986
0.999958
0.99988
0.999668
0.999082
0.997575
0.993991
0.988315
0.983182
0.982202
0.982664
0.984045
0.986418
0.989575
0.99245
0.99469
0.996437
0.997602
0.998097
0.99804
0.996454
0.987702
0.963887
0.93672
0.922
0.929156
0.957631
0.970174
0.973307
0.970937
0.96203
0.943705
0.934284
0.936027
0.962582
0.984506
0.989013
0.989439
0.986802
0.979872
0.973696
0.971105
0.970316
0.973705
0.977687
0.982131
0.986304
0.989824
0.993517
0.995201
0.995683
0.995267
0.994751
0.994877
0.995684
0.997246
0.998325
0.998878
0.999111
0.999141
0.999054
0.998593
0.997034
0.993526
0.989579
0.985298
0.980547
0.975465
0.970444
0.965973
0.962562
0.960537
0.959499
0.958331
0.955613
0.950234
0.943271
0.936812
0.932848
0.931863
0.93181
0.932271
0.934283
0.936289
0.941854
0.941427
1
1
1
1
1
1
1
1
1
1
1
1
1
1
1
1
1
1
1
1
1
1
1
1
1
1
1
1
1
1
1
1
1
1
1
1
1
1
1
1
1
1
1
1
1
1
1
1
1
1
1
1
1
1
1
1
1
1
1
1
1
1
1
1
1
1
1
1
1
1
1
1
1
1
1
1
1
1
1
1
1
1
1
1
1
1
1
1
1
0.999999
0.999998
0.999993
0.999981
0.999947
0.999854
0.999621
0.999049
0.997661
0.994057
0.98553
0.97186
0.969217
0.96979
0.971691
0.974599
0.975909
0.977599
0.979699
0.983174
0.988747
0.993067
0.995778
0.997151
0.99727
0.996084
0.990177
0.974495
0.943948
0.911256
0.904586
0.925567
0.945259
0.949228
0.944197
0.926247
0.888125
0.868609
0.871562
0.918237
0.970601
0.986421
0.990173
0.99057
0.989063
0.985308
0.983454
0.982786
0.984118
0.986312
0.989031
0.99155
0.993539
0.994661
0.995113
0.994767
0.994482
0.994677
0.995543
0.996791
0.997631
0.998032
0.998044
0.99758
0.99648
0.994553
0.990027
0.981224
0.970314
0.959041
0.948263
0.9383
0.930463
0.925893
0.923572
0.921845
0.920582
0.919
0.915113
0.909437
0.906945
0.906929
0.907838
0.909983
0.915455
0.919115
0.923033
0.928909
0.931768
0.938388
0.934789
1
1
1
1
1
1
1
1
1
1
1
1
1
1
1
1
1
1
1
1
1
1
1
1
1
1
1
1
1
1
1
1
1
1
1
1
1
1
1
1
1
1
1
1
1
1
1
1
1
1
1
1
1
1
1
1
1
1
1
1
1
1
1
1
1
1
1
1
1
1
1
1
1
1
1
1
1
1
1
1
1
1
1
1
1
1
0.999999
0.999998
0.999996
0.999989
0.999967
0.999912
0.99979
0.999489
0.998774
0.997296
0.993938
0.986968
0.968056
0.960537
0.962287
0.967398
0.973923
0.976068
0.975579
0.974639
0.974811
0.975662
0.977891
0.981473
0.986584
0.991793
0.995078
0.995794
0.99511
0.991527
0.984529
0.969515
0.921453
0.884283
0.888379
0.905402
0.906306
0.897474
0.867757
0.797716
0.760945
0.767963
0.840506
0.933525
0.972811
0.987413
0.99109
0.991593
0.991352
0.990437
0.990144
0.990607
0.991615
0.992796
0.993683
0.994286
0.994605
0.994455
0.994106
0.994159
0.994635
0.995353
0.995615
0.995308
0.993531
0.989892
0.986441
0.979543
0.964114
0.945656
0.926308
0.906621
0.891634
0.884568
0.881689
0.879261
0.878466
0.878666
0.879683
0.882073
0.884109
0.886584
0.888303
0.891142
0.897866
0.904438
0.910116
0.917137
0.920314
0.923573
0.927948
0.928265
0.923406
0.873556
1
1
1
1
1
1
1
1
1
1
1
1
1
1
1
1
1
1
1
1
1
1
1
1
1
1
1
1
1
1
1
1
1
1
1
1
1
1
1
1
1
1
1
1
1
1
1
1
1
1
1
1
1
1
1
1
1
1
1
1
1
1
1
1
1
1
1
1
1
1
1
1
1
1
1
1
1
1
1
1
1
1
1
0.999999
0.999997
0.999993
0.999984
0.999968
0.999935
0.999854
0.999574
0.999039
0.998162
0.996051
0.991506
0.984647
0.967226
0.950928
0.951176
0.958189
0.978372
0.98191
0.981628
0.979054
0.974466
0.972711
0.972833
0.974021
0.976282
0.980197
0.98545
0.99053
0.99356
0.994079
0.993511
0.990705
0.987233
0.980733
0.955709
0.880644
0.853018
0.852294
0.844705
0.82796
0.793079
0.684754
0.614521
0.63734
0.743723
0.861536
0.929889
0.97057
0.986442
0.991018
0.9921
0.992292
0.992355
0.992709
0.993097
0.993492
0.993748
0.993914
0.993627
0.992852
0.992358
0.991675
0.990295
0.98713
0.981305
0.973805
0.962688
0.945926
0.923512
0.901102
0.88514
0.876881
0.864219
0.843399
0.826615
0.821973
0.822846
0.826725
0.83825
0.853126
0.865685
0.875137
0.879377
0.881071
0.88332
0.888193
0.898589
0.903369
0.902805
0.900135
0.889901
0.881443
0.86544
0.829723
0.756939
0.530198
1
1
1
1
1
1
1
1
1
1
1
1
1
1
1
1
1
1
1
1
1
1
1
1
1
1
1
1
1
1
1
1
1
1
1
1
1
1
1
1
1
1
1
1
1
1
1
1
1
1
1
1
1
1
1
1
1
1
1
1
1
1
1
1
1
1
1
1
1
1
1
1
1
1
1
1
1
1
1
1
0.999999
0.999995
0.999984
0.999957
0.999901
0.999836
0.999694
0.999534
0.999261
0.998503
0.995492
0.991981
0.987678
0.973367
0.958664
0.924629
0.912501
0.938899
0.971723
0.978929
0.981158
0.98227
0.982298
0.97984
0.976351
0.974692
0.974274
0.975288
0.977457
0.981483
0.98656
0.990809
0.992404
0.992455
0.991761
0.989903
0.98783
0.983407
0.969227
0.90345
0.825616
0.79828
0.762992
0.735848
0.710071
0.607182
0.503207
0.498326
0.642274
0.776374
0.838868
0.910946
0.959389
0.979303
0.987172
0.989845
0.990826
0.991327
0.991553
0.99142
0.990762
0.989151
0.98627
0.981956
0.975692
0.965055
0.949047
0.928409
0.907059
0.886689
0.869105
0.859454
0.856883
0.855419
0.850371
0.830211
0.759788
0.691462
0.680987
0.687382
0.713393
0.788497
0.849891
0.870589
0.870158
0.855177
0.801948
0.751911
0.727745
0.718202
0.70358
0.663094
0.592215
0.540497
0.506642
0.473957
0.38859
0.225702
0.141861
0.0157285
1
1
1
1
1
1
1
1
1
1
1
1
1
1
1
1
1
1
1
1
1
1
1
1
1
1
1
1
1
1
1
1
1
1
1
1
1
1
1
1
1
1
1
1
1
1
1
1
1
1
1
1
1
1
1
1
1
1
1
1
1
1
1
1
1
1
1
1
1
1
1
1
1
1
1
1
1
1
0.999998
0.999981
0.999916
0.999756
0.999401
0.998768
0.99821
0.997231
0.99629
0.995536
0.993904
0.987195
0.961039
0.953143
0.936913
0.884766
0.876193
0.889472
0.900147
0.933927
0.96979
0.977668
0.979426
0.981723
0.983078
0.983495
0.98324
0.981364
0.980535
0.9807
0.982768
0.98613
0.989135
0.990725
0.991025
0.990908
0.990331
0.989135
0.986899
0.982479
0.97101
0.924689
0.827234
0.75587
0.676767
0.619534
0.603684
0.578329
0.484665
0.419847
0.486443
0.659978
0.745949
0.799321
0.861211
0.913295
0.943273
0.957834
0.965054
0.968048
0.968789
0.964754
0.959075
0.946931
0.930181
0.909907
0.888878
0.867965
0.8525
0.844103
0.840265
0.840078
0.843531
0.845831
0.841366
0.814526
0.719981
0.468933
0.329571
0.318592
0.386332
0.57281
0.648282
0.64484
0.548552
0.327151
0.186007
0.105625
0.0599199
0.0334444
0.0178874
0.00889573
0.00401051
0.00179373
0.00120361
0.000823272
0.000548803
0.000355402
0.000215917
0.000126169
6.5652e-05
-0.000620873
1
1
1
1
1
1
1
1
1
1
1
1
1
1
1
1
1
1
1
1
1
1
1
1
1
1
1
1
1
1
1
1
1
1
1
1
1
1
1
1
1
1
1
1
1
1
1
1
1
1
1
1
1
1
1
1
1
1
1
1
1
1
1
1
1
1
1
1
1
1
1
1
1
1
1
1
0.999999
0.99998
0.999784
0.998712
0.995694
0.991536
0.985862
0.981339
0.976615
0.972436
0.971629
0.971465
0.961148
0.881272
0.848642
0.868204
0.878663
0.865822
0.862015
0.865886
0.880367
0.927023
0.960912
0.969891
0.972695
0.97685
0.980922
0.98348
0.984903
0.985967
0.986555
0.986715
0.9875
0.988459
0.989224
0.989578
0.98946
0.989087
0.987945
0.982418
0.971172
0.963905
0.950128
0.910246
0.832004
0.739833
0.62962
0.545261
0.517977
0.520366
0.509523
0.412751
0.363124
0.404481
0.564399
0.677936
0.767857
0.816952
0.854164
0.873192
0.883624
0.88866
0.890071
0.883025
0.875573
0.862287
0.850742
0.839858
0.831591
0.826459
0.82383
0.822755
0.820659
0.812157
0.777269
0.625932
0.328321
0.143858
0.058189
0.0239233
0.0104279
0.00448364
0.00174213
0.000732994
0.000453561
0.000268155
0.000148657
7.77185e-05
3.92044e-05
1.95121e-05
9.72227e-06
4.86011e-06
2.41649e-06
1.1858e-06
5.8028e-07
2.96835e-07
1.64851e-07
9.66847e-08
5.75305e-08
3.3943e-08
1.90497e-08
1.03537e-08
5.02379e-09
-1.26515e-06
1
1
1
1
1
1
1
1
1
1
1
1
1
1
1
1
1
1
1
1
1
1
1
1
1
1
1
1
1
1
1
1
1
1
1
1
1
1
1
1
1
1
1
1
1
1
1
1
1
1
1
1
1
1
1
1
1
1
1
1
1
1
1
1
1
1
1
1
1
1
1
1
1
1
1
0.999993
0.999906
0.99895
0.9914
0.958047
0.929212
0.919866
0.914914
0.9096
0.904695
0.900957
0.896994
0.884345
0.847933
0.830273
0.831517
0.839135
0.841925
0.84567
0.865237
0.882812
0.90609
0.935279
0.95526
0.963851
0.967203
0.971256
0.975249
0.977564
0.978646
0.979417
0.980196
0.980774
0.981032
0.980622
0.979275
0.976475
0.970582
0.957696
0.942978
0.934737
0.925658
0.904841
0.838498
0.757254
0.704699
0.640611
0.560148
0.503004
0.488967
0.498211
0.505916
0.484479
0.374871
0.319223
0.357027
0.464056
0.567095
0.626642
0.658722
0.678646
0.689635
0.694781
0.696352
0.693795
0.68496
0.67118
0.650752
0.618182
0.583304
0.533108
0.454356
0.347137
0.220185
0.1025
0.0268471
0.00487939
0.000749874
0.000111346
2.18381e-05
8.27576e-06
2.91927e-06
9.24698e-07
2.81461e-07
9.16418e-08
3.41094e-08
1.43481e-08
6.6139e-09
3.20695e-09
1.59209e-09
8.00143e-10
4.04826e-10
2.052e-10
1.04115e-10
5.34116e-11
2.83365e-11
1.58584e-11
9.2699e-12
5.50611e-12
3.23563e-12
1.85109e-12
1.0053e-12
5.20498e-13
-1.0623e-12
1.96797e-11
9.73704e-08
1.65393e-07
1.44832e-07
1.11149e-07
6.60839e-08
3.44859e-08
1.65488e-08
7.4083e-09
3.13243e-09
1.26058e-09
4.86535e-10
1.80548e-10
6.50267e-11
2.26644e-11
7.77902e-12
2.59152e-12
8.14227e-13
2.69071e-13
1.03038e-13
3.51253e-14
1.14497e-14
3.26435e-15
9.20308e-16
2.21448e-16
7.4284e-17
2.7337e-06
3.71615e-06
3.44641e-06
2.88489e-06
1.9707e-06
1.20191e-06
6.81171e-07
3.62676e-07
1.82847e-07
8.77455e-08
4.02482e-08
1.76969e-08
7.48876e-09
3.05698e-09
1.2102e-09
4.64954e-10
1.74473e-10
6.35599e-11
2.26016e-11
7.70151e-12
2.53479e-12
7.82041e-13
2.3354e-13
6.47466e-14
1.61171e-14
6.40135e-05
5.8802e-05
4.93174e-05
3.60335e-05
2.41966e-05
1.51631e-05
8.95511e-06
5.01145e-06
2.66947e-06
1.35801e-06
6.61703e-07
3.09522e-07
1.39386e-07
6.05722e-08
2.54982e-08
1.04206e-08
4.15174e-09
1.61098e-09
6.10017e-10
2.23655e-10
7.94556e-11
2.69987e-11
8.85637e-12
2.80204e-12
7.24373e-13
0.000694337
0.000540045
0.000398695
0.00027872
0.000184065
0.000115165
6.8528e-05
3.88795e-05
2.10796e-05
1.09437e-05
5.45094e-06
2.60956e-06
1.20358e-06
5.36049e-07
2.31366e-07
9.70428e-08
3.97095e-08
1.58562e-08
6.18609e-09
2.34396e-09
8.61546e-10
3.04084e-10
1.03477e-10
3.42164e-11
9.06339e-12
0.00379187
0.00286839
0.00208523
0.00145124
0.000962756
0.000608373
0.00036676
0.000211277
0.000116478
6.15438e-05
3.12144e-05
1.52202e-05
7.15038e-06
3.24422e-06
1.42659e-06
6.09901e-07
2.545e-07
1.03738e-07
4.13385e-08
1.60172e-08
6.01976e-09
2.17432e-09
7.55733e-10
2.55845e-10
6.86883e-11
0.014721
0.0111533
0.00815109
0.00572381
0.00384594
0.00246797
0.00151309
0.000887254
0.000498211
0.000268206
0.00013861
6.88638e-05
3.2957e-05
1.52305e-05
6.8207e-06
2.97004e-06
1.26246e-06
5.24443e-07
2.13016e-07
8.41645e-08
3.22413e-08
1.18715e-08
4.19866e-09
1.44814e-09
3.93108e-10
0.0448598
0.03436
0.0254325
0.0181144
0.0123683
0.00807769
0.0050447
0.00301483
0.00172586
0.000947324
0.000499164
0.000252808
0.000123304
5.80585e-05
2.64852e-05
1.17473e-05
5.08604e-06
2.15241e-06
8.90597e-07
3.58501e-07
1.39841e-07
5.24256e-08
1.8848e-08
6.61458e-09
1.81562e-09
0.113037
0.0876233
0.0657957
0.0476078
0.0330678
0.0219968
0.0140035
0.0085349
0.00498415
0.00279112
0.00150034
0.000775029
0.000385438
0.000184996
8.59992e-05
3.8865e-05
1.71425e-05
7.39099e-06
3.11507e-06
1.27719e-06
5.07132e-07
1.93488e-07
7.06923e-08
2.52325e-08
7.00558e-09
0.240597
0.189649
0.144766
0.10653
0.0753242
0.051061
0.0331536
0.0206198
0.0122913
0.00702667
0.00385559
0.00203261
0.00103128
0.000504794
0.00023924
0.000110203
4.95362e-05
2.17638e-05
9.34506e-06
3.9027e-06
1.57742e-06
6.12398e-07
2.27351e-07
8.25131e-08
2.31789e-08
0.43525
0.350527
0.273416
0.205587
0.148522
0.102874
0.0682572
0.0433842
0.0264283
0.0154386
0.00865444
0.00465952
0.00241331
0.00120534
0.00058266
0.000273679
0.000125414
5.61666e-05
2.45771e-05
1.04565e-05
4.30259e-06
1.69962e-06
6.41114e-07
2.36547e-07
6.72422e-08
0.695819
0.570907
0.455085
0.349966
0.25864
0.183312
0.124482
0.0809827
0.0504883
0.0301771
0.0173012
0.00952159
0.00503787
0.00256894
0.00126722
0.000607186
0.00028377
0.000129592
5.78069e-05
2.50621e-05
1.04998e-05
4.22005e-06
1.61719e-06
6.06403e-07
1.74425e-07
0.925533
0.828505
0.682083
0.53771
0.407267
0.295787
0.205797
0.137148
0.0875674
0.0535836
0.0314354
0.0176921
0.00956626
0.0049819
0.00250845
0.00122644
0.000584747
0.000272399
0.000123909
5.47552e-05
2.33586e-05
9.551e-06
3.71731e-06
1.4159e-06
4.11978e-07
0.983501
0.962897
0.902387
0.753671
0.588997
0.439848
0.314183
0.214784
0.140589
0.0881378
0.052936
0.0304757
0.0168419
0.00895763
0.00460374
0.00229683
0.00111732
0.00053104
0.000246387
0.000110992
4.82133e-05
2.005e-05
7.92185e-06
3.06284e-06
9.00969e-07
0.996173
0.991015
0.976646
0.930809
0.791463
0.610479
0.44927
0.315761
0.212193
0.136423
0.0839392
0.0494522
0.0279373
0.015176
0.00796113
0.00405295
0.00201179
0.000975693
0.000461824
0.000212097
9.3802e-05
3.96582e-05
1.58964e-05
6.23297e-06
1.85218e-06
0.999071
0.997687
0.993774
0.98152
0.939078
0.799665
0.607985
0.440565
0.304606
0.201131
0.126902
0.076553
0.0442235
0.0245387
0.0131399
0.00682646
0.00345806
0.00171174
0.000826744
0.000387132
0.000174293
7.4884e-05
3.04303e-05
1.20888e-05
3.62568e-06
0.999764
0.999379
0.99825
0.994673
0.982262
0.936502
0.785631
0.587953
0.419252
0.284879
0.184566
0.114102
0.0674353
0.0382308
0.0208992
0.0110815
0.00572987
0.00289565
0.00142747
0.000681634
0.000312379
0.000136338
5.61331e-05
2.25728e-05
6.82726e-06
0.999937
0.999826
0.99949
0.998399
0.994572
0.980249
0.925436
0.755363
0.556183
0.389739
0.259707
0.164718
0.0996568
0.0577438
0.0322319
0.0174462
0.00921051
0.00475377
0.00239284
0.00116548
0.000543709
0.000241012
0.000100492
4.08783e-05
1.24599e-05
0.999983
0.99995
0.999849
0.99951
0.998301
0.99371
0.975688
0.905598
0.713765
0.516576
0.354626
0.231007
0.143172
0.0848203
0.0483574
0.0267277
0.0144131
0.00760151
0.0039091
0.00194306
0.000922973
0.000415528
0.000175426
7.21557e-05
2.21548e-05
0.999995
0.999986
0.999955
0.999849
0.999465
0.997984
0.992046
0.968154
0.87494
0.664601
0.47084
0.315262
0.200258
0.121343
0.0706789
0.0399066
0.0219947
0.0118631
0.00623826
0.00316686
0.0015325
0.000700877
0.000299578
0.000124565
3.85163e-05
0.999999
0.999996
0.999987
0.999954
0.999832
0.999354
0.997393
0.989243
0.956078
0.829037
0.608141
0.418694
0.272675
0.16905
0.10065
0.058096
0.0327624
0.0180973
0.00974627
0.00505997
0.00249674
0.00116039
0.000502127
0.000210987
6.56733e-05
1
0.999999
0.999996
0.999986
0.999948
0.999793
0.99914
0.996327
0.984355
0.935334
0.764676
0.540927
0.361296
0.229328
0.1397
0.0825557
0.0477343
0.0270733
0.0149718
0.00796675
0.00401364
0.00189644
0.000830531
0.000352386
0.000110323
1
1
0.999999
0.999996
0.999984
0.999933
0.999713
0.998722
0.99429
0.975131
0.896638
0.679416
0.465887
0.303212
0.189347
0.114866
0.0683397
0.0399631
0.0227853
0.0124653
0.00642278
0.00308626
0.00136692
0.000584816
0.000183883
1
1
1
0.999999
0.999995
0.999978
0.999903
0.999545
0.997858
0.990137
0.956655
0.822608
0.584991
0.391427
0.251407
0.157254
0.0967928
0.0587027
0.034688
0.0195815
0.0103362
0.00505139
0.00226017
0.000973234
0.000306732
1
1
1
1
0.999998
0.999993
0.999967
0.999835
0.99918
0.996005
0.981411
0.91886
0.717119
0.494446
0.328319
0.213074
0.136652
0.0865459
0.0532854
0.0311356
0.0168562
0.00837614
0.00378202
0.00163625
0.000515967
1
1
1
1
1
0.999998
0.999989
0.99994
0.999686
0.998385
0.992061
0.963384
0.844066
0.611993
0.423207
0.287118
0.193325
0.128657
0.0828447
0.0501809
0.0278666
0.0140744
0.00640966
0.00278414
0.000877716
1
1
1
1
1
0.999999
0.999996
0.999979
0.999883
0.999371
0.996751
0.984225
0.92903
0.745384
0.539227
0.385325
0.274125
0.192399
0.129686
0.0813785
0.0463182
0.0237709
0.0109233
0.00476719
0.0015037
1
1
1
1
1
1
0.999999
0.999993
0.999959
0.999772
0.998776
0.99382
0.971052
0.875204
0.677367
0.513492
0.387356
0.286801
0.201975
0.131003
0.0763298
0.0398088
0.0184827
0.00812121
0.00256863
1
1
1
1
1
1
1
0.999998
0.999989
0.999935
0.999643
0.998153
0.991162
0.961309
0.851635
0.691571
0.555588
0.43417
0.319012
0.213636
0.127457
0.0676531
0.031818
0.0141224
0.00449341
1
1
1
1
1
1
1
1
0.999998
0.999988
0.999933
0.999656
0.998385
0.993156
0.974007
0.912377
0.800362
0.660837
0.503882
0.347856
0.212677
0.115181
0.0550779
0.024807
0.00797527
1
1
1
1
1
1
1
1
1
0.999998
0.99999
0.999952
0.999779
0.999098
0.996732
0.989338
0.967817
0.907372
0.748951
0.533705
0.334918
0.185597
0.0905783
0.0415919
0.0135714
1
1
1
1
1
1
1
1
1
1
0.999999
0.999993
0.999965
0.999853
0.999437
0.998042
0.993581
0.979197
0.930126
0.758371
0.489665
0.278392
0.139167
0.065428
0.021753
1
1
1
1
1
1
1
1
1
1
1
0.999999
0.999994
0.999971
0.999879
0.999528
0.998239
0.993486
0.975423
0.904508
0.664064
0.388594
0.199764
0.0965397
0.0328099
1
1
1
1
1
1
1
1
1
1
1
1
0.999999
0.999994
0.99997
0.999864
0.999414
0.997514
0.989485
0.955487
0.81225
0.505085
0.268559
0.13381
0.0465876
1
1
1
1
1
1
1
1
1
1
1
1
1
0.999998
0.999991
0.999954
0.999773
0.998912
0.994915
0.976727
0.89629
0.626362
0.342178
0.175785
0.0627156
1
1
1
1
1
1
1
1
1
1
1
1
1
0.999999
0.999997
0.999982
0.9999
0.999469
0.997297
0.986715
0.937555
0.734478
0.417613
0.221009
0.0807134
1
1
1
1
1
1
1
1
1
1
1
1
1
1
0.999999
0.999992
0.999951
0.999715
0.998429
0.991774
0.959563
0.8177
0.490576
0.267738
0.0999999
0.999999
0.999999
0.999999
0.999999
0.999999
0.999999
0.999999
0.999999
0.999999
0.999999
1
1
1
1
0.999999
0.999996
0.999973
0.999834
0.999025
0.994637
0.972507
0.871903
0.564655
0.314686
0.11995
0.999998
0.999998
0.999998
0.999998
0.999997
0.999997
0.999997
0.999997
0.999997
0.999998
0.999999
0.999999
1
1
0.999999
0.999998
0.999984
0.999898
0.999373
0.996378
0.980602
0.906323
0.633625
0.360896
0.14
0.999995
0.999995
0.999996
0.999995
0.999994
0.999993
0.999993
0.999993
0.999993
0.999995
0.999996
0.999998
0.999999
0.999999
0.999999
0.999998
0.99999
0.999935
0.999581
0.997459
0.985783
0.928815
0.692575
0.404613
0.15948
0.999987
0.999989
0.99999
0.99999
0.999988
0.999985
0.999983
0.999983
0.999983
0.999985
0.99999
0.999994
0.999996
0.999998
0.999998
0.999998
0.999993
0.999956
0.999708
0.998139
0.989133
0.943666
0.739805
0.443682
0.177477
0.999965
0.999973
0.999976
0.999976
0.999974
0.999967
0.999961
0.999959
0.999959
0.999962
0.999973
0.999983
0.99999
0.999994
0.999995
0.999995
0.999992
0.999965
0.999777
0.998543
0.991192
0.953049
0.77456
0.475749
0.192848
0.999906
0.99993
0.99994
0.999942
0.99994
0.999926
0.99991
0.999904
0.999903
0.999908
0.999928
0.999953
0.999971
0.999981
0.999986
0.999987
0.999985
0.999963
0.999804
0.998729
0.992163
0.957444
0.792232
0.494109
0.202449
0.99975
0.999814
0.999848
0.999856
0.999853
0.999833
0.999796
0.999779
0.999778
0.999785
0.999822
0.999878
0.99992
0.999947
0.99996
0.999963
0.999962
0.999942
0.999797
0.99879
0.992518
0.958998
0.798474
0.500587
0.205981
0.99936
0.99952
0.999616
0.999646
0.999645
0.999618
0.999549
0.999514
0.99951
0.999524
0.999595
0.99971
0.9998
0.99986
0.99989
0.999899
0.999897
0.999876
0.999728
0.998725
0.992458
0.958842
0.797683
0.50037
0.206185
0.998401
0.998774
0.999029
0.999133
0.999143
0.999113
0.999011
0.998955
0.998951
0.998987
0.999144
0.99936
0.999534
0.999653
0.999716
0.999733
0.999731
0.999699
0.99951
0.998305
0.99103
0.953077
0.776114
0.48257
0.199003
0.996105
0.996921
0.997526
0.997859
0.997931
0.997908
0.997808
0.997773
0.997799
0.997964
0.998326
0.998675
0.998978
0.9992
0.999319
0.99935
0.999345
0.999294
0.999009
0.997303
0.987532
0.938912
0.728321
0.44407
0.182697
0.990758
0.992538
0.99387
0.994695
0.995009
0.995074
0.995151
0.995333
0.995685
0.996185
0.996775
0.997365
0.997891
0.998292
0.998506
0.998558
0.998548
0.998454
0.997941
0.995048
0.979647
0.90779
0.645886
0.384539
0.157343
0.979755
0.983439
0.986163
0.987724
0.988469
0.989085
0.989791
0.99059
0.991569
0.992699
0.993875
0.995023
0.996022
0.996708
0.997014
0.997064
0.997025
0.996763
0.995512
0.989303
0.959531
0.830522
0.521161
0.304436
0.123076
0.960703
0.965808
0.969831
0.972613
0.974828
0.97705
0.979703
0.982813
0.985831
0.988434
0.990712
0.992595
0.993797
0.994265
0.994321
0.994232
0.993812
0.992529
0.988161
0.970625
0.895713
0.647505
0.376418
0.211566
0.0836782
0.947849
0.954109
0.960015
0.964942
0.969013
0.972783
0.976461
0.979858
0.982913
0.985661
0.987796
0.988857
0.989051
0.988819
0.9874
0.985711
0.982818
0.975599
0.954105
0.876397
0.638215
0.390614
0.213784
0.113197
0.0430149
0.941376
0.947601
0.953531
0.95872
0.963107
0.967071
0.970889
0.974165
0.976278
0.977189
0.977426
0.977043
0.97408
0.965905
0.9589
0.950285
0.928981
0.866119
0.678691
0.457741
0.27924
0.155028
0.0776928
0.0377369
0.0135297
0.895486
0.911316
0.922789
0.93027
0.936314
0.94132
0.943487
0.943575
0.942573
0.939316
0.927292
0.912895
0.901723
0.88075
0.823868
0.670362
0.481674
0.32257
0.204293
0.121281
0.0659511
0.0329582
0.0149383
0.00656791
0.00221179
0.594057
0.685336
0.738188
0.767754
0.788949
0.791932
0.789384
0.777768
0.754132
0.723675
0.678264
0.601488
0.490904
0.365262
0.249894
0.158819
0.0946601
0.0535744
0.0288744
0.0148343
0.00711048
0.00316012
0.00126956
0.000495849
0.000157972
0.0797569
0.193444
0.265519
0.311321
0.342051
0.340873
0.332419
0.31187
0.280004
0.242434
0.195356
0.141507
0.0923653
0.0551281
0.0303964
0.0156023
0.0075205
0.00344178
0.00151343
0.000653752
0.000271198
0.000104865
3.58885e-05
1.21113e-05
3.91671e-06
0.00822114
0.0351237
0.0528189
0.0702339
0.0783797
0.0768443
0.0725965
0.06456
0.0519824
0.0372179
0.0228643
0.0121843
0.00586624
0.00258658
0.0010542
0.00039945
0.000141835
4.78992e-05
1.60882e-05
5.88865e-06
2.26429e-06
7.89375e-07
2.24861e-07
6.04233e-08
3.50243e-08
0.000822397
0.00413942
0.00702135
0.00997559
0.0100544
0.00932809
0.00788329
0.00529501
0.0029102
0.00128065
0.000463942
0.000150053
4.41128e-05
1.2005e-05
2.73094e-06
7.07281e-07
2.52479e-07
8.45467e-08
2.97948e-08
1.2676e-08
6.31472e-09
2.36499e-09
7.31052e-10
2.15141e-10
1.47827e-10
5.74598e-05
0.000270595
0.000445113
0.000472419
0.000389326
0.000241498
0.000102894
3.12199e-05
5.74928e-06
7.39025e-07
1.59393e-07
3.40735e-08
7.26929e-09
1.53501e-09
3.08853e-10
6.65537e-11
1.86029e-11
7.48942e-12
5.59152e-12
3.60427e-12
3.37207e-12
8.80731e-13
3.38451e-13
7.73318e-14
2.00986e-13
)
;

boundaryField
{
    inlet
    {
        type            fixedValue;
        value           uniform 1;
    }
    outlet
    {
        type            inletOutlet;
        inletValue      uniform 0;
        value           nonuniform List<scalar> 
57
(
7.4284e-17
1.61171e-14
7.24373e-13
9.06339e-12
6.86883e-11
3.93108e-10
1.81562e-09
7.00558e-09
2.31789e-08
6.72422e-08
1.74425e-07
4.11978e-07
9.00969e-07
1.85218e-06
3.62568e-06
6.82726e-06
1.24599e-05
2.21548e-05
3.85163e-05
6.56733e-05
0.000110323
0.000183883
0.000306732
0.000515967
0.000877716
0.0015037
0.00256863
0.00449341
0.00797527
0.0135714
0.021753
0.0328099
0.0465876
0.0627156
0.0807134
0.0999999
0.11995
0.14
0.15948
0.177477
0.192848
0.202449
0.205981
0.206185
0.199003
0.182697
0.157343
0.123076
0.0836782
0.0430149
0.0135297
0.00221179
0.000157972
3.91671e-06
3.50243e-08
1.47827e-10
2.00986e-13
)
;
    }
    upperWall
    {
        type            zeroGradient;
    }
    lowerWall
    {
        type            zeroGradient;
    }
    frontAndBack
    {
        type            empty;
    }
}


// ************************************************************************* //
