/*--------------------------------*- C++ -*----------------------------------*\
  =========                 |
  \\      /  F ield         | OpenFOAM: The Open Source CFD Toolbox
   \\    /   O peration     | Website:  https://openfoam.org
    \\  /    A nd           | Version:  7
     \\/     M anipulation  |
\*---------------------------------------------------------------------------*/
FoamFile
{
    version     2.0;
    format      ascii;
    class       volScalarField;
    location    "0.096";
    object      s_0;
}
// * * * * * * * * * * * * * * * * * * * * * * * * * * * * * * * * * * * * * //

dimensions      [0 0 0 0 0 0 0];

internalField   nonuniform List<scalar> 
12225
(
1
1
1
1
1
1
1
1
1
1
1
1
1
1
1
1
1
1
1
1
1
1
1
1
1
1
1
1
1
1
1
1
1
1
1
1
1
1
1
1
1
1
1
1
1
1
1
1
1
1
1
1
1
1
1
1
1
1
1
1
1
1
1
1
1
1
1
1
1
1
1
1
1
1
1
1
1
1
1
1
1
1
1
1
1
1
1
1
1
1
1
1
1
1
1
1
1
1
1
1
1
1
1
1
1
1
1
1
1
1
1
1
1
1
1
1
1
1
1
1
1
1
1
1
1
1
1
1
1
1
1
1
1
1
1
1
1
1
1
1
1
1
1
1
1
1
1
1
1
1
1
1
1
1
1
1
1
1
1
1
1
1
1
1
1
1
1
1
1
1
1
1
1
1
1
1
1
1
1
1
1
1
1
1
1
1
1
1
1
1
1
1
1
1
1
1
1
1
1
1
1
1
1
1
1
1
1
1
1
1
1
1
1
1
1
1
1
1
1
1
1
1
1
1
1
1
1
1
1
1
1
1
1
1
1
1
1
1
1
1
1
1
1
1
1
1
1
1
1
1
1
1
1
1
1
1
1
1
1
1
1
1
1
1
1
1
1
1
1
1
1
1
1
1
1
1
1
1
1
1
1
1
1
1
1
1
1
1
1
1
1
1
1
1
1
1
1
1
1
1
1
1
1
1
1
1
1
1
1
1
1
1
1
1
1
1
1
1
1
1
1
1
1
1
1
1
1
1
1
1
1
1
1
1
1
1
1
1
1
1
1
1
1
1
1
1
1
1
1
1
1
1
1
1
1
1
1
1
1
1
1
1
1
1
1
1
1
1
1
1
1
1
1
1
1
1
1
1
1
1
1
1
1
1
1
1
1
1
1
1
1
1
1
1
1
1
1
1
1
1
1
1
1
1
1
1
1
1
1
1
1
1
1
1
1
1
1
1
1
1
1
1
1
1
1
1
1
1
1
1
1
1
1
1
1
1
1
1
1
1
1
1
1
1
1
1
1
1
1
1
1
1
1
1
1
1
1
1
1
1
1
1
1
1
1
1
1
1
1
1
1
1
1
1
1
1
1
1
1
1
1
1
1
1
1
1
1
1
1
1
1
1
1
1
1
1
1
1
1
1
1
1
1
1
1
1
1
1
1
1
1
1
1
1
1
1
1
1
1
1
1
1
1
1
1
1
1
1
1
1
1
1
1
1
1
1
1
1
1
1
0.153777
0.172813
0.257905
0.320414
0.337696
0.33123
0.312571
0.259478
0.218276
0.207982
0.216521
0.270439
0.330193
0.365109
0.390458
0.407667
0.414725
0.418312
0.42095
0.421661
0.42157
0.420313
0.416629
0.408178
0.387218
0.332931
0.272191
0.26049
0.260907
0.268054
0.273904
0.277526
0.288652
0.312798
0.350988
0.400799
0.455939
0.507578
0.54843
0.577381
0.600611
0.625701
0.651282
0.670274
0.683129
0.697299
0.706451
0.715355
0.72131
0.727302
0.734673
0.744296
0.757079
0.772605
0.778014
0.775067
0.75372
0.735129
0.711658
0.690813
0.677051
0.665224
0.643279
0.581216
0.405744
0.28873
0.282369
0.351237
0.390291
0.379391
0.326521
0.297552
0.332583
0.376259
0.380513
0.374201
0.386987
0.409614
0.408769
0.409097
0.421744
0.482217
0.647507
0.788774
0.858738
0.879687
0.883596
0.884681
0.885076
0.885124
0.885117
0.885038
0.884803
0.884359
0.883751
0.883082
0.882385
0.881596
0.880719
0.879869
0.878977
0.877717
0.876599
0.875489
0.874702
0.87395
0.873434
0.872894
0.872377
0.871825
0.871381
0.871102
0.8709
0.870804
0.871168
0.872017
0.87351
0.875574
0.878115
0.881055
0.884009
0.887029
0.889543
0.891985
0.894327
0.896488
0.898448
0.900173
0.901666
0.902919
0.903903
0.904573
0.904933
0.904958
0.904375
0.901906
0.897646
0.894185
0.891696
0.889125
0.88439
0.872809
0.850738
0.832078
0.820036
0.807371
0.782231
0.72187
0.573626
0.383822
0.215849
0.101395
0.040243
0.0138043
0.00420057
0.00115958
0.00030378
0.000106055
5.63098e-05
2.88578e-05
1.45289e-05
7.29994e-06
3.69734e-06
1.90066e-06
9.94778e-07
5.29497e-07
2.85234e-07
1.54414e-07
8.33748e-08
4.46015e-08
2.35073e-08
1.21584e-08
6.14896e-09
3.03432e-09
1.45585e-09
6.77677e-10
3.05195e-10
1.29947e-10
5.82511e-11
-6.22805e-12
0.167711
0.338888
0.506109
0.525796
0.518193
0.499007
0.479636
0.475027
0.462407
0.434491
0.356874
0.295156
0.293572
0.301689
0.342964
0.401141
0.418794
0.431576
0.439396
0.440902
0.438798
0.424298
0.397848
0.377085
0.362542
0.327257
0.313152
0.334516
0.410751
0.458834
0.484628
0.547525
0.652133
0.731375
0.777726
0.84711
0.909063
0.933967
0.949357
0.964214
0.97408
0.978293
0.980069
0.980957
0.981312
0.981384
0.980647
0.978235
0.974164
0.968766
0.96195
0.952004
0.937678
0.917128
0.88722
0.844654
0.790566
0.754344
0.733164
0.720509
0.720016
0.724809
0.742254
0.755618
0.734491
0.594858
0.390809
0.356762
0.362458
0.361787
0.346491
0.353664
0.395629
0.399939
0.327267
0.303611
0.353887
0.450926
0.49746
0.514199
0.525807
0.573993
0.766029
0.864329
0.878747
0.881108
0.881536
0.880007
0.876924
0.872021
0.865504
0.857038
0.84649
0.834015
0.820109
0.809792
0.80065
0.792376
0.786515
0.781231
0.778018
0.775592
0.774009
0.773263
0.772891
0.772751
0.772686
0.772751
0.7731
0.773645
0.77397
0.774815
0.775699
0.776403
0.777399
0.778378
0.779685
0.781199
0.783253
0.786135
0.79024
0.796077
0.803427
0.81189
0.82126
0.831663
0.842999
0.854649
0.86618
0.877338
0.887661
0.896568
0.90383
0.910282
0.916007
0.920911
0.924933
0.92821
0.931021
0.933531
0.93575
0.937414
0.937596
0.93694
0.934127
0.924671
0.914743
0.901522
0.871109
0.825339
0.777066
0.715812
0.635339
0.560879
0.52188
0.515521
0.517834
0.518471
0.506468
0.444002
0.339141
0.254646
0.187056
0.133529
0.0922937
0.0616516
0.0397523
0.0247439
0.0148661
0.00863472
0.0048466
0.00263669
0.00138642
0.000708576
0.000348912
0.000167263
7.72601e-05
3.27513e-05
1.83425e-05
-1.57221e-05
0.252499
0.542168
0.563932
0.555189
0.52993
0.498343
0.456347
0.441221
0.443337
0.452648
0.450994
0.432658
0.387534
0.323992
0.320096
0.340259
0.3932
0.42983
0.449908
0.45041
0.424064
0.390876
0.38
0.378495
0.377379
0.381715
0.45336
0.646009
0.756609
0.796957
0.82764
0.887158
0.934624
0.954864
0.970076
0.985552
0.991672
0.99423
0.995432
0.995964
0.996119
0.996091
0.995744
0.995229
0.994475
0.993565
0.992408
0.990659
0.987797
0.982343
0.973561
0.960441
0.941113
0.913442
0.873421
0.816354
0.749594
0.698348
0.673785
0.6586
0.648899
0.644851
0.648943
0.680513
0.714295
0.706347
0.634053
0.445405
0.387803
0.37068
0.332561
0.344679
0.379593
0.324328
0.263329
0.27678
0.389596
0.59169
0.591117
0.597163
0.697653
0.815751
0.866146
0.875842
0.877451
0.87518
0.868478
0.856713
0.837936
0.808664
0.783827
0.761604
0.744812
0.735686
0.731465
0.729561
0.728924
0.728888
0.730574
0.732297
0.735221
0.738309
0.741056
0.74387
0.7461
0.749197
0.751203
0.753629
0.755922
0.758698
0.760883
0.763355
0.765818
0.76776
0.769107
0.769705
0.769849
0.76854
0.766024
0.762223
0.759059
0.75666
0.754756
0.753675
0.753557
0.754273
0.75596
0.759007
0.764007
0.771291
0.7813
0.794701
0.811797
0.831605
0.853072
0.87412
0.891603
0.904901
0.915164
0.922776
0.928264
0.932564
0.936989
0.941477
0.944208
0.944726
0.944259
0.941296
0.928686
0.90671
0.891731
0.879664
0.869461
0.865689
0.866372
0.871179
0.883231
0.891758
0.894608
0.893834
0.884732
0.86146
0.846633
0.831265
0.798529
0.710319
0.568213
0.432526
0.318153
0.228839
0.160359
0.10978
0.0727661
0.0470731
0.0292186
0.0177338
0.0102222
0.00572283
0.00315673
0.00133863
0.555668
0.583423
0.576187
0.545886
0.476673
0.414311
0.377767
0.34978
0.348089
0.358294
0.394019
0.424928
0.423947
0.40264
0.345454
0.337406
0.351809
0.403336
0.452269
0.445002
0.394924
0.381121
0.383974
0.400086
0.446285
0.555979
0.779719
0.879166
0.918741
0.937791
0.956735
0.979128
0.988311
0.992449
0.994716
0.995888
0.996215
0.996252
0.996018
0.995552
0.995182
0.994735
0.994468
0.994298
0.994207
0.994166
0.993974
0.99377
0.993584
0.992522
0.990323
0.985968
0.977729
0.962572
0.936717
0.895412
0.832047
0.754166
0.706609
0.675304
0.652255
0.639003
0.634424
0.639661
0.673148
0.693659
0.684501
0.615162
0.460182
0.400048
0.344994
0.314068
0.299094
0.258578
0.252732
0.274442
0.415518
0.741472
0.790804
0.802165
0.839604
0.864453
0.871145
0.872223
0.86565
0.849674
0.81894
0.782908
0.750924
0.73304
0.72344
0.719665
0.719161
0.722977
0.728352
0.733034
0.73931
0.747543
0.756793
0.762938
0.768938
0.773066
0.777027
0.780519
0.783594
0.786255
0.789545
0.792419
0.794909
0.797387
0.800139
0.80179
0.804061
0.805834
0.808108
0.810434
0.813119
0.815682
0.817559
0.817883
0.811355
0.80214
0.791093
0.779429
0.769147
0.761756
0.756136
0.752317
0.750062
0.749169
0.749353
0.750907
0.753664
0.757744
0.765282
0.779622
0.803652
0.834304
0.864111
0.888586
0.907711
0.922094
0.931135
0.93512
0.937236
0.941823
0.949255
0.952782
0.952869
0.950843
0.94096
0.917102
0.903419
0.899847
0.899902
0.901837
0.910325
0.930963
0.948778
0.960291
0.965981
0.967946
0.968274
0.967838
0.964367
0.951403
0.93882
0.926785
0.9027
0.841643
0.687107
0.515883
0.369705
0.258103
0.173845
0.114298
0.0720761
0.0438283
0.0264205
0.0132028
0.599476
0.591997
0.56359
0.492211
0.421917
0.372096
0.344084
0.32291
0.313116
0.314714
0.326153
0.376663
0.417711
0.424603
0.407447
0.354363
0.353668
0.393694
0.454084
0.426392
0.384167
0.385084
0.408282
0.479337
0.647013
0.846647
0.92589
0.960222
0.974634
0.981801
0.98758
0.991326
0.99251
0.992865
0.992931
0.991836
0.99017
0.988369
0.986274
0.984907
0.984032
0.983693
0.98374
0.984951
0.986261
0.988618
0.990429
0.992146
0.994105
0.99504
0.99576
0.995981
0.996025
0.994798
0.991568
0.983563
0.96595
0.929836
0.860469
0.786062
0.719026
0.670267
0.642804
0.634517
0.642342
0.673012
0.68532
0.672835
0.602679
0.472285
0.385473
0.328891
0.29158
0.259119
0.255768
0.274154
0.40427
0.77317
0.841364
0.850799
0.861888
0.865987
0.865825
0.853861
0.823586
0.782609
0.747766
0.726121
0.715978
0.712879
0.714907
0.719895
0.726349
0.740837
0.756763
0.766257
0.774947
0.778738
0.781073
0.782206
0.782737
0.783827
0.784593
0.786192
0.78869
0.79043
0.793109
0.795638
0.797937
0.799724
0.802068
0.80322
0.804892
0.806327
0.808786
0.812058
0.816578
0.822034
0.828256
0.836544
0.844495
0.849843
0.852066
0.850957
0.844452
0.832361
0.818088
0.802492
0.788774
0.777408
0.76815
0.76124
0.756841
0.754853
0.754566
0.755598
0.75937
0.76804
0.786336
0.81259
0.842112
0.873189
0.902619
0.924858
0.937352
0.942689
0.944619
0.946557
0.951941
0.956339
0.956512
0.954192
0.942466
0.92054
0.909249
0.906422
0.906946
0.911314
0.927606
0.94691
0.961458
0.973173
0.981581
0.986331
0.988087
0.988311
0.988154
0.987405
0.985345
0.980521
0.969782
0.945458
0.879405
0.706863
0.515522
0.359865
0.242429
0.156042
0.101135
0.055501
0.606289
0.592277
0.556145
0.476604
0.403735
0.35833
0.332843
0.314059
0.301573
0.299984
0.30333
0.322724
0.385033
0.42668
0.422507
0.390279
0.367858
0.410652
0.445254
0.394517
0.387025
0.406978
0.485779
0.682819
0.873674
0.945019
0.971954
0.981844
0.985419
0.98706
0.988044
0.988447
0.986362
0.982677
0.977549
0.971477
0.965046
0.958888
0.953866
0.950574
0.948927
0.948351
0.949576
0.952408
0.957081
0.962954
0.969863
0.976063
0.983119
0.988396
0.992995
0.995557
0.996822
0.99745
0.997654
0.997076
0.994784
0.988819
0.975612
0.947701
0.888776
0.794537
0.704709
0.653321
0.636818
0.642282
0.667612
0.679762
0.667597
0.619122
0.490237
0.386073
0.31781
0.274921
0.268678
0.278714
0.338196
0.70357
0.849987
0.857699
0.861265
0.859609
0.842921
0.801753
0.759541
0.72909
0.713662
0.707755
0.706954
0.713327
0.721631
0.740027
0.759416
0.767893
0.77087
0.771747
0.771796
0.76847
0.762586
0.758571
0.756051
0.753772
0.752387
0.751216
0.750558
0.750557
0.751554
0.75364
0.756902
0.760117
0.763034
0.765847
0.768392
0.770958
0.775857
0.784067
0.794818
0.807854
0.820759
0.836046
0.849749
0.860819
0.869755
0.876128
0.879676
0.880337
0.879168
0.874496
0.863552
0.849397
0.833598
0.817502
0.802091
0.788239
0.776846
0.768768
0.764581
0.763802
0.765408
0.775164
0.801954
0.826303
0.850993
0.882268
0.913688
0.935513
0.946243
0.950254
0.951906
0.954215
0.958967
0.960586
0.959906
0.954962
0.935832
0.917968
0.910714
0.909426
0.910164
0.915305
0.934425
0.956444
0.971452
0.98138
0.987994
0.992251
0.994577
0.995496
0.995651
0.995552
0.994965
0.992965
0.987037
0.970653
0.92472
0.782608
0.578119
0.396764
0.274038
0.161754
0.615667
0.598298
0.560554
0.474825
0.398376
0.355002
0.330148
0.309887
0.295901
0.294039
0.297521
0.316749
0.385362
0.433364
0.444093
0.425963
0.413095
0.427566
0.415749
0.395018
0.402749
0.472312
0.66925
0.877326
0.949668
0.9736
0.980927
0.982952
0.983452
0.98121
0.975959
0.966302
0.951322
0.940193
0.927636
0.920008
0.91309
0.909783
0.907138
0.90603
0.905689
0.90645
0.907589
0.909883
0.912789
0.917156
0.923856
0.934638
0.947985
0.963955
0.975932
0.986847
0.992593
0.996185
0.997813
0.998491
0.998738
0.99842
0.996863
0.992526
0.981611
0.953651
0.876885
0.754132
0.675446
0.646626
0.643683
0.660967
0.675526
0.668647
0.635408
0.549556
0.408517
0.324747
0.300014
0.304964
0.330502
0.577858
0.836663
0.856733
0.855793
0.836448
0.790836
0.748679
0.719287
0.704667
0.700223
0.701866
0.708641
0.721959
0.748094
0.760987
0.76549
0.766475
0.764016
0.754029
0.746883
0.743554
0.742709
0.742966
0.74419
0.744366
0.743083
0.740629
0.737326
0.733195
0.728803
0.724655
0.721288
0.719193
0.718502
0.719098
0.720868
0.723396
0.728021
0.738162
0.75814
0.784221
0.812239
0.835509
0.854814
0.870086
0.882735
0.892457
0.899206
0.903466
0.905147
0.905409
0.90519
0.903077
0.895421
0.882228
0.866382
0.848424
0.829461
0.810868
0.794467
0.782508
0.776471
0.775453
0.777739
0.793973
0.828393
0.852179
0.878403
0.909432
0.935005
0.949587
0.955195
0.957003
0.958632
0.96237
0.964922
0.964881
0.962624
0.951247
0.929125
0.917938
0.915103
0.915479
0.918714
0.931981
0.953404
0.969881
0.981313
0.988659
0.993205
0.995975
0.997515
0.998167
0.998298
0.998239
0.997813
0.996176
0.990808
0.974257
0.925787
0.766606
0.581112
0.375776
0.627416
0.618954
0.589858
0.496222
0.404327
0.366469
0.342765
0.322254
0.300997
0.29625
0.301715
0.328655
0.407022
0.456606
0.465078
0.446456
0.430767
0.421727
0.407061
0.404616
0.453227
0.624314
0.8614
0.945634
0.970974
0.977575
0.979083
0.977071
0.967951
0.950655
0.93388
0.918674
0.910854
0.903561
0.899084
0.896847
0.895711
0.89534
0.895313
0.896175
0.896965
0.898181
0.899046
0.900257
0.901362
0.90241
0.903825
0.905922
0.90978
0.918293
0.936569
0.958369
0.975972
0.98817
0.994471
0.997497
0.998809
0.99928
0.999442
0.999153
0.997795
0.993307
0.978658
0.929929
0.809724
0.724684
0.67263
0.64906
0.65372
0.672443
0.670595
0.651025
0.591603
0.457837
0.381688
0.34626
0.347956
0.476167
0.803113
0.853209
0.841293
0.795133
0.74862
0.71569
0.699225
0.694096
0.694273
0.70296
0.716739
0.745694
0.758656
0.761679
0.76202
0.752891
0.74163
0.73839
0.739514
0.746728
0.753061
0.759106
0.764767
0.76761
0.768719
0.767898
0.763568
0.756028
0.745313
0.73288
0.721739
0.71526
0.711602
0.709755
0.708914
0.709452
0.711482
0.717914
0.735068
0.772504
0.809809
0.842188
0.871474
0.893828
0.912445
0.927112
0.936725
0.9442
0.947901
0.947949
0.946668
0.944105
0.941532
0.937412
0.928659
0.912955
0.890964
0.865612
0.840152
0.816482
0.797995
0.787517
0.784801
0.785842
0.794937
0.829545
0.86024
0.884697
0.912912
0.938115
0.953784
0.960657
0.962409
0.963673
0.966282
0.96936
0.969838
0.968836
0.963254
0.944748
0.930513
0.926134
0.926277
0.929115
0.940163
0.958311
0.972571
0.982861
0.989829
0.99419
0.996747
0.99819
0.998926
0.999189
0.999211
0.99911
0.998562
0.996507
0.98964
0.967288
0.905672
0.702339
0.635358
0.638324
0.607896
0.509447
0.414322
0.383031
0.366836
0.349773
0.32571
0.314422
0.328323
0.389022
0.457588
0.474851
0.469225
0.447597
0.42856
0.418079
0.413631
0.442619
0.574326
0.830346
0.933798
0.965539
0.973141
0.974647
0.969235
0.9528
0.926755
0.913879
0.903491
0.898257
0.895194
0.893706
0.893186
0.893125
0.893715
0.894209
0.895041
0.8958
0.896912
0.897807
0.899027
0.900013
0.901103
0.901615
0.901808
0.901767
0.901743
0.901772
0.904882
0.914217
0.937767
0.966249
0.98374
0.992506
0.996855
0.998816
0.999527
0.999725
0.999739
0.999297
0.99711
0.987078
0.945496
0.861643
0.796856
0.722993
0.659793
0.649473
0.664349
0.66708
0.655884
0.614467
0.502496
0.401413
0.379824
0.438264
0.735379
0.843725
0.818993
0.763364
0.719993
0.697195
0.688951
0.687045
0.694245
0.707482
0.737706
0.754573
0.75837
0.758481
0.747102
0.736671
0.73492
0.738858
0.747261
0.755752
0.763127
0.766097
0.768776
0.774658
0.778057
0.779986
0.780702
0.779816
0.776656
0.768559
0.753742
0.732234
0.716671
0.709602
0.706432
0.705212
0.70556
0.709756
0.724881
0.765259
0.810997
0.856116
0.893414
0.923055
0.946554
0.962042
0.97175
0.978216
0.982715
0.985374
0.986147
0.986013
0.985116
0.983283
0.980906
0.976907
0.968663
0.949823
0.918259
0.881254
0.845689
0.816611
0.79892
0.793038
0.793428
0.799221
0.827859
0.870905
0.898753
0.923092
0.944733
0.958795
0.965693
0.967637
0.968671
0.970642
0.973857
0.974871
0.974495
0.971795
0.961135
0.948734
0.943669
0.943176
0.944828
0.952009
0.966278
0.977829
0.986114
0.991702
0.995282
0.997432
0.998631
0.999258
0.999529
0.999585
0.999558
0.999347
0.99846
0.995272
0.985008
0.93753
0.638716
0.648296
0.635124
0.533695
0.428594
0.398975
0.388365
0.3821
0.377448
0.376781
0.404117
0.452058
0.473916
0.477003
0.465102
0.44077
0.428809
0.424704
0.444708
0.539671
0.789766
0.914881
0.957526
0.968336
0.970259
0.963584
0.940177
0.915096
0.903359
0.897399
0.894063
0.892662
0.892058
0.89182
0.891742
0.891999
0.892439
0.892771
0.893173
0.893429
0.894496
0.895727
0.897524
0.899542
0.90168
0.902939
0.903325
0.903328
0.90187
0.899666
0.89871
0.89937
0.905332
0.92357
0.960117
0.981282
0.991553
0.996617
0.998828
0.99964
0.999854
0.999898
0.999703
0.998028
0.986608
0.928835
0.86818
0.832974
0.775957
0.67963
0.644673
0.653936
0.657965
0.650667
0.612758
0.502481
0.442972
0.4586
0.671963
0.822927
0.802533
0.741613
0.702143
0.686036
0.681815
0.68386
0.695384
0.719578
0.747758
0.755512
0.756491
0.748048
0.733647
0.730676
0.730993
0.735945
0.738069
0.73533
0.726591
0.723027
0.729286
0.741696
0.757935
0.768072
0.775378
0.778211
0.778809
0.775414
0.76745
0.751437
0.727445
0.712044
0.705335
0.702681
0.702225
0.705214
0.720593
0.763059
0.822666
0.871377
0.909868
0.940997
0.96137
0.974826
0.983521
0.988949
0.992356
0.994563
0.995848
0.996318
0.996343
0.996241
0.995888
0.995177
0.993875
0.991061
0.983753
0.960324
0.915661
0.874554
0.838963
0.813941
0.804192
0.804303
0.810133
0.83755
0.883704
0.91413
0.936477
0.95404
0.965171
0.970688
0.972566
0.973468
0.975068
0.978253
0.979786
0.979776
0.978636
0.973368
0.96486
0.960956
0.960184
0.960877
0.964653
0.974529
0.983386
0.98967
0.993853
0.996499
0.998099
0.999008
0.999484
0.999704
0.999765
0.999759
0.99967
0.999253
0.997721
0.988221
0.64125
0.665464
0.664712
0.581572
0.459676
0.421005
0.41076
0.408776
0.419478
0.425424
0.450193
0.467317
0.473387
0.470882
0.452456
0.441234
0.436951
0.455284
0.535102
0.743427
0.890119
0.946679
0.963167
0.966227
0.961285
0.937228
0.911325
0.900008
0.894945
0.892559
0.891293
0.890352
0.889402
0.888474
0.887186
0.885434
0.883673
0.882435
0.881633
0.881348
0.881873
0.883029
0.885337
0.888983
0.894124
0.900101
0.903174
0.904509
0.904762
0.902517
0.898383
0.897009
0.897309
0.903404
0.92293
0.962173
0.982345
0.992461
0.997113
0.999042
0.999732
0.999917
0.999944
0.999753
0.997495
0.975197
0.902142
0.861146
0.840815
0.811458
0.703444
0.635218
0.63877
0.644373
0.635336
0.590784
0.498659
0.491214
0.627105
0.797083
0.789125
0.728358
0.690729
0.678491
0.675951
0.682784
0.698007
0.732647
0.751537
0.754921
0.75125
0.735586
0.724914
0.722079
0.721459
0.715283
0.689525
0.644124
0.610514
0.600437
0.621015
0.649648
0.688855
0.720911
0.744614
0.757177
0.763204
0.765456
0.763291
0.751623
0.728585
0.711563
0.701614
0.696644
0.696057
0.700856
0.719514
0.77184
0.832896
0.883194
0.922211
0.949503
0.968009
0.980286
0.988227
0.993051
0.995786
0.997298
0.99808
0.998411
0.998485
0.998477
0.998426
0.998242
0.997989
0.997681
0.996983
0.994669
0.984409
0.941546
0.885234
0.850309
0.829057
0.819794
0.819886
0.827191
0.857162
0.900799
0.929825
0.949589
0.963358
0.97162
0.975659
0.977218
0.978034
0.979378
0.982313
0.984304
0.984659
0.984326
0.982511
0.977486
0.974376
0.973554
0.973724
0.975536
0.981601
0.988175
0.992747
0.995735
0.997591
0.998697
0.999326
0.999658
0.999815
0.999864
0.999865
0.999824
0.999619
0.997944
0.641934
0.673465
0.680214
0.619723
0.498389
0.445761
0.431435
0.429293
0.440601
0.448983
0.462771
0.468164
0.469336
0.463451
0.45479
0.452507
0.472417
0.549621
0.719044
0.863887
0.933199
0.956898
0.961965
0.960709
0.94243
0.912587
0.899277
0.893499
0.890773
0.888905
0.887252
0.885494
0.883308
0.881306
0.879645
0.878086
0.877164
0.87669
0.876484
0.876434
0.876651
0.877077
0.877751
0.878859
0.880894
0.885208
0.894935
0.902509
0.905099
0.905494
0.902417
0.897208
0.896182
0.89831
0.908286
0.938141
0.970226
0.986971
0.994797
0.998101
0.999381
0.999834
0.999956
0.99996
0.999655
0.995863
0.961657
0.885984
0.854552
0.841049
0.822709
0.733215
0.645194
0.630268
0.628245
0.608301
0.529652
0.508798
0.604826
0.774205
0.775909
0.720739
0.683747
0.672449
0.672163
0.681426
0.701852
0.739194
0.751867
0.75347
0.74669
0.72321
0.712946
0.709647
0.697237
0.648973
0.52396
0.45616
0.43087
0.425513
0.466489
0.523788
0.585343
0.651195
0.696091
0.72234
0.733759
0.736642
0.736698
0.731135
0.715674
0.700844
0.691534
0.689473
0.691264
0.699325
0.725406
0.788595
0.848313
0.896697
0.93281
0.956941
0.973181
0.983982
0.990913
0.995103
0.997335
0.998299
0.998658
0.998742
0.998728
0.998685
0.998613
0.998392
0.998089
0.997973
0.997924
0.997799
0.997044
0.991689
0.963869
0.898473
0.859223
0.842403
0.837617
0.838625
0.850625
0.890337
0.926303
0.948309
0.962559
0.971922
0.977469
0.980236
0.981435
0.98214
0.983306
0.985885
0.988133
0.989006
0.989023
0.988541
0.986252
0.983549
0.982593
0.982561
0.983475
0.987219
0.991911
0.995126
0.997184
0.998435
0.999165
0.999573
0.999788
0.999889
0.999923
0.999925
0.999905
0.999637
0.641477
0.680129
0.710181
0.669078
0.567629
0.482795
0.45583
0.449746
0.451027
0.461169
0.467487
0.470203
0.470717
0.468885
0.472644
0.499647
0.587425
0.725043
0.838017
0.916299
0.947804
0.957137
0.958723
0.949751
0.92071
0.900848
0.892979
0.889303
0.887145
0.884965
0.882835
0.880801
0.878965
0.877457
0.876581
0.875847
0.875392
0.875144
0.875022
0.87498
0.875167
0.8755
0.876
0.876715
0.877576
0.87894
0.882285
0.892423
0.902924
0.905876
0.906112
0.900454
0.896814
0.897634
0.904057
0.927782
0.962759
0.983446
0.993344
0.997536
0.999159
0.999737
0.999931
0.99998
0.999951
0.999294
0.991167
0.933156
0.872069
0.84688
0.836242
0.815644
0.714578
0.641382
0.6238
0.603258
0.529673
0.51237
0.591231
0.754097
0.76267
0.714919
0.678221
0.667586
0.668875
0.679039
0.707172
0.74157
0.751666
0.7519
0.737404
0.711233
0.703511
0.694192
0.643414
0.490957
0.361614
0.30814
0.287914
0.283561
0.307108
0.364434
0.454841
0.558112
0.641384
0.689701
0.712212
0.72039
0.720718
0.714425
0.699905
0.690812
0.687772
0.687934
0.69054
0.701446
0.739122
0.806885
0.866391
0.911723
0.942854
0.965319
0.980281
0.989416
0.994454
0.997095
0.998306
0.998709
0.998793
0.998766
0.998565
0.998217
0.997985
0.997495
0.996585
0.996177
0.996226
0.996798
0.997451
0.99712
0.992498
0.967704
0.903693
0.867112
0.855334
0.854406
0.859396
0.888123
0.926496
0.94933
0.963269
0.972564
0.978742
0.982369
0.984232
0.98511
0.985679
0.986713
0.989019
0.991243
0.992413
0.992671
0.992522
0.991416
0.989322
0.988449
0.988369
0.988927
0.99145
0.99468
0.996854
0.998219
0.999031
0.999494
0.999747
0.999877
0.999938
0.999958
0.999959
0.999921
0.637998
0.680644
0.723833
0.716469
0.640044
0.55275
0.495205
0.475775
0.471321
0.47426
0.478229
0.480379
0.486277
0.499989
0.540495
0.639017
0.748928
0.836232
0.899269
0.937941
0.952416
0.956086
0.954257
0.936521
0.907869
0.894744
0.889117
0.88639
0.884104
0.881676
0.879756
0.878
0.876796
0.8759
0.875201
0.874655
0.874165
0.873846
0.873701
0.873663
0.87384
0.874213
0.874921
0.875872
0.876713
0.877586
0.879091
0.883105
0.895785
0.905107
0.90716
0.905766
0.900225
0.89945
0.90361
0.92419
0.960258
0.982229
0.992839
0.997344
0.999089
0.999711
0.999916
0.99998
0.999988
0.999884
0.997962
0.97644
0.903106
0.856981
0.835411
0.826577
0.796405
0.686314
0.632631
0.583145
0.518723
0.51049
0.584712
0.739443
0.752202
0.710939
0.673747
0.663779
0.665218
0.675203
0.707432
0.740982
0.751005
0.750685
0.731557
0.702081
0.690448
0.660479
0.554078
0.375489
0.281314
0.242495
0.228366
0.22526
0.234315
0.257605
0.305465
0.41561
0.552332
0.645808
0.695312
0.71367
0.717146
0.713089
0.699042
0.690283
0.688036
0.688566
0.692949
0.710156
0.762285
0.829288
0.884939
0.926326
0.956557
0.976456
0.988283
0.994279
0.99714
0.998356
0.998779
0.998857
0.998819
0.998616
0.997778
0.996385
0.995646
0.995035
0.993547
0.991533
0.990746
0.991297
0.994175
0.996534
0.996293
0.990981
0.962502
0.904705
0.876446
0.870338
0.872794
0.892459
0.931082
0.954709
0.967214
0.974942
0.980422
0.984111
0.986309
0.987516
0.988145
0.988625
0.98959
0.991745
0.993761
0.99487
0.99517
0.99509
0.994328
0.99286
0.992276
0.992242
0.992674
0.994549
0.996691
0.998087
0.998943
0.99944
0.999716
0.999862
0.999935
0.999968
0.999978
0.999974
0.626952
0.669402
0.730468
0.747974
0.706961
0.646258
0.581242
0.535984
0.515334
0.509583
0.512965
0.52304
0.553069
0.608714
0.695396
0.777111
0.846929
0.895907
0.928287
0.945918
0.95213
0.953246
0.946867
0.923684
0.900444
0.89099
0.886724
0.884265
0.88196
0.879708
0.878089
0.876839
0.875826
0.875125
0.874391
0.873823
0.873425
0.873216
0.873158
0.873191
0.873276
0.873457
0.873846
0.874816
0.876249
0.877292
0.878386
0.880833
0.888839
0.90213
0.907558
0.908187
0.90544
0.904426
0.907482
0.924622
0.960632
0.982865
0.993296
0.997554
0.999155
0.999725
0.999917
0.999979
0.999995
0.999982
0.999585
0.993242
0.9425
0.877462
0.836675
0.819234
0.80823
0.764888
0.659243
0.569529
0.506711
0.503901
0.580467
0.72869
0.743896
0.708022
0.670713
0.661383
0.66245
0.671436
0.70531
0.739029
0.749853
0.748783
0.728465
0.692242
0.678939
0.634672
0.485055
0.313895
0.241192
0.213517
0.203691
0.202614
0.2081
0.223251
0.252424
0.307316
0.431872
0.572536
0.663022
0.704625
0.7156
0.714563
0.704339
0.694582
0.692714
0.694014
0.70157
0.727813
0.792696
0.856765
0.905447
0.942373
0.968212
0.983746
0.991989
0.996218
0.998132
0.998803
0.99894
0.998905
0.998736
0.998192
0.996513
0.99338
0.991153
0.990389
0.990011
0.988694
0.986136
0.984994
0.985844
0.991217
0.99517
0.994813
0.987305
0.950841
0.90723
0.892545
0.892531
0.90399
0.937919
0.961733
0.973899
0.979731
0.983365
0.986182
0.988198
0.989466
0.990215
0.990649
0.991075
0.992051
0.994057
0.995714
0.99657
0.996779
0.996697
0.996061
0.995177
0.994896
0.994912
0.995308
0.996724
0.998067
0.998911
0.999414
0.999698
0.999851
0.99993
0.999968
0.999985
0.999988
0.615728
0.655438
0.715793
0.763222
0.761916
0.717386
0.68129
0.642206
0.621664
0.611711
0.62031
0.64842
0.692446
0.749431
0.808828
0.860825
0.8981
0.924578
0.940156
0.948196
0.950997
0.950864
0.940139
0.918858
0.89925
0.890056
0.885553
0.882841
0.880475
0.87846
0.876961
0.875987
0.875217
0.874676
0.87418
0.873753
0.873405
0.873184
0.873135
0.87315
0.87321
0.873346
0.87363
0.874327
0.875979
0.877274
0.878313
0.880352
0.886451
0.900694
0.908606
0.910113
0.909917
0.910426
0.915247
0.938317
0.971957
0.988938
0.996044
0.998695
0.99959
0.999873
0.99996
0.999987
0.999997
0.999997
0.999934
0.998378
0.977243
0.904519
0.848878
0.811046
0.797151
0.774041
0.704814
0.578185
0.506826
0.501752
0.572686
0.716102
0.734753
0.705225
0.667849
0.658289
0.658825
0.666709
0.69999
0.734888
0.748088
0.74754
0.730322
0.693105
0.671823
0.623256
0.47761
0.314397
0.234621
0.203891
0.194978
0.194381
0.197936
0.209583
0.235311
0.274149
0.354689
0.49372
0.617677
0.687616
0.713211
0.717443
0.713923
0.705437
0.704041
0.706262
0.717322
0.756114
0.822357
0.878808
0.925064
0.957085
0.976557
0.987767
0.994075
0.997302
0.998659
0.99902
0.999008
0.99887
0.99845
0.997409
0.99488
0.991763
0.989011
0.987193
0.986585
0.986344
0.985379
0.982543
0.981809
0.983056
0.99017
0.993922
0.992692
0.979794
0.940441
0.919526
0.917047
0.922762
0.947137
0.968975
0.979911
0.984831
0.987049
0.988706
0.990158
0.991238
0.991955
0.992413
0.992723
0.993136
0.994199
0.995922
0.997156
0.99772
0.997825
0.997733
0.997249
0.996844
0.996761
0.996809
0.997183
0.998173
0.998942
0.99942
0.999697
0.999848
0.999927
0.999966
0.999985
0.999992
0.61495
0.650014
0.669926
0.76669
0.787359
0.775872
0.746706
0.723633
0.713792
0.713339
0.727034
0.754345
0.789378
0.831907
0.87131
0.903478
0.922487
0.936755
0.94443
0.948197
0.950173
0.949606
0.940109
0.919641
0.900877
0.890984
0.885957
0.883011
0.880571
0.878548
0.876997
0.875999
0.875246
0.874715
0.87427
0.873906
0.87359
0.873377
0.873343
0.873361
0.87342
0.873546
0.873792
0.87436
0.876075
0.878122
0.879395
0.881249
0.886403
0.900667
0.910105
0.912405
0.912971
0.914132
0.920878
0.948841
0.976746
0.990778
0.996789
0.999003
0.999717
0.999924
0.99998
0.999995
0.999999
0.999999
0.999993
0.9997
0.993269
0.939497
0.867266
0.814657
0.782468
0.762987
0.706365
0.587053
0.509611
0.502077
0.561672
0.700944
0.724374
0.701654
0.665227
0.654946
0.654878
0.66105
0.690501
0.727767
0.744535
0.745602
0.734701
0.698531
0.674426
0.628213
0.495583
0.332751
0.245097
0.20838
0.196268
0.194263
0.196083
0.20535
0.231006
0.266196
0.32863
0.445947
0.57482
0.666753
0.709437
0.721294
0.722384
0.71993
0.719829
0.723277
0.738483
0.78714
0.85082
0.903591
0.941815
0.967563
0.983222
0.992029
0.99653
0.998522
0.999136
0.999191
0.999043
0.998658
0.997898
0.996119
0.993682
0.990978
0.988436
0.986564
0.985608
0.985221
0.984635
0.982486
0.980049
0.980026
0.982849
0.991297
0.99286
0.989118
0.966777
0.944546
0.940273
0.943039
0.958668
0.976375
0.985248
0.989059
0.990634
0.991358
0.99211
0.992873
0.993462
0.993874
0.994158
0.994404
0.99485
0.99601
0.99735
0.998169
0.99849
0.998528
0.99844
0.998177
0.998072
0.998073
0.998155
0.998542
0.999104
0.999488
0.999725
0.999859
0.999932
0.999968
0.999986
0.999993
0.636725
0.655833
0.649839
0.706133
0.792507
0.805468
0.797602
0.780435
0.77201
0.771998
0.792229
0.811885
0.844025
0.872262
0.899843
0.921644
0.933556
0.941506
0.945538
0.948005
0.948877
0.947395
0.938966
0.92127
0.90513
0.893695
0.887427
0.883865
0.881195
0.879074
0.877392
0.876263
0.875464
0.874903
0.874468
0.874178
0.873947
0.873732
0.873675
0.873694
0.873771
0.873955
0.87436
0.875388
0.877801
0.879522
0.880895
0.883552
0.891326
0.906926
0.914015
0.914853
0.914085
0.914989
0.923099
0.95231
0.978187
0.991389
0.997062
0.999119
0.999762
0.99994
0.999986
0.999996
0.999999
1
0.999999
0.999951
0.998249
0.9719
0.889031
0.828714
0.779848
0.738846
0.688943
0.583744
0.510786
0.50287
0.559962
0.690268
0.715951
0.698697
0.663114
0.651829
0.651148
0.655591
0.67949
0.719195
0.739684
0.743032
0.738131
0.709206
0.681051
0.641453
0.537623
0.375081
0.273712
0.224288
0.203906
0.200652
0.20289
0.212504
0.24326
0.27816
0.325627
0.429605
0.554353
0.652698
0.706442
0.725994
0.730635
0.732172
0.733956
0.739751
0.760033
0.815594
0.8755
0.923693
0.957518
0.97753
0.989081
0.995365
0.998206
0.999214
0.999423
0.99935
0.998869
0.998175
0.997325
0.99544
0.992915
0.990353
0.988106
0.986469
0.985495
0.985052
0.984566
0.98327
0.979761
0.978659
0.979458
0.986068
0.99198
0.991481
0.981459
0.963364
0.958769
0.96009
0.969706
0.98285
0.989554
0.992363
0.993359
0.993731
0.993964
0.994316
0.994745
0.995087
0.995335
0.995524
0.995762
0.996309
0.997455
0.998367
0.998856
0.999022
0.999034
0.998985
0.998926
0.998923
0.998953
0.999115
0.999431
0.999662
0.999812
0.999901
0.999951
0.999977
0.99999
0.999995
0.686363
0.673521
0.648601
0.65807
0.758755
0.808162
0.820668
0.820887
0.816365
0.811658
0.829719
0.842542
0.872427
0.894299
0.914099
0.929558
0.937841
0.942687
0.945559
0.947545
0.947546
0.945617
0.938088
0.923264
0.909692
0.898847
0.890938
0.885909
0.882661
0.880266
0.878368
0.876985
0.876033
0.875367
0.874856
0.874569
0.874321
0.874141
0.874141
0.874202
0.874375
0.874735
0.875478
0.877352
0.879767
0.881475
0.883449
0.887653
0.899692
0.91425
0.918266
0.916273
0.914123
0.914946
0.924115
0.954865
0.979824
0.992357
0.997514
0.999289
0.999817
0.999956
0.99999
0.999998
0.999999
1
1
0.999993
0.999607
0.98964
0.921807
0.843501
0.789268
0.723322
0.651552
0.56794
0.508979
0.503872
0.561417
0.685888
0.710448
0.696279
0.661955
0.649543
0.648171
0.651044
0.667053
0.707662
0.733164
0.740126
0.738516
0.725956
0.694108
0.661715
0.590566
0.451758
0.33299
0.261444
0.225769
0.218333
0.220978
0.231188
0.262373
0.317223
0.356438
0.429962
0.5473
0.646402
0.704857
0.730256
0.738424
0.741183
0.74481
0.753621
0.780437
0.842739
0.899649
0.940821
0.967909
0.984634
0.993508
0.997367
0.998962
0.999493
0.999552
0.999405
0.998707
0.997977
0.997063
0.994855
0.991839
0.989344
0.987575
0.986442
0.98566
0.985173
0.984703
0.983616
0.980014
0.977797
0.977916
0.981303
0.990213
0.991805
0.988275
0.976314
0.972202
0.972838
0.978701
0.987954
0.992788
0.994784
0.995404
0.995506
0.995549
0.995621
0.995822
0.9961
0.996307
0.996462
0.996612
0.996885
0.997596
0.998477
0.999044
0.999316
0.999408
0.999425
0.999427
0.999432
0.99945
0.999526
0.999689
0.999814
0.999896
0.999945
0.999972
0.999987
0.999994
0.999997
0.696865
0.672686
0.656238
0.645101
0.684781
0.795621
0.822602
0.83499
0.843099
0.842418
0.855497
0.863938
0.887573
0.906433
0.921144
0.93194
0.938383
0.942597
0.94539
0.946505
0.946316
0.944747
0.938674
0.925641
0.913579
0.903704
0.895704
0.889929
0.885859
0.882781
0.880443
0.87853
0.87728
0.876387
0.875712
0.875368
0.875064
0.875026
0.875088
0.875268
0.875648
0.876307
0.877802
0.880547
0.882642
0.884527
0.887963
0.895941
0.913823
0.920468
0.920032
0.91587
0.912537
0.9136
0.92556
0.959095
0.98244
0.993521
0.997906
0.999394
0.999841
0.999962
0.999992
0.999998
1
1
1
0.999999
0.999922
0.996849
0.957234
0.861964
0.803576
0.731615
0.638825
0.555224
0.508447
0.506582
0.568325
0.686737
0.707586
0.693672
0.660484
0.648075
0.646022
0.647575
0.657401
0.69049
0.723858
0.73662
0.737375
0.733027
0.716415
0.691341
0.641023
0.529358
0.419809
0.334179
0.274957
0.256634
0.25892
0.27026
0.301454
0.360629
0.40554
0.462994
0.552026
0.644594
0.705748
0.734981
0.745624
0.749701
0.755121
0.76783
0.805313
0.867925
0.920217
0.957138
0.979324
0.990583
0.995822
0.998311
0.999357
0.999659
0.999665
0.999424
0.998615
0.997938
0.996704
0.993784
0.990556
0.988389
0.98727
0.986699
0.986349
0.985888
0.985235
0.983803
0.979673
0.976909
0.976778
0.978533
0.987071
0.991689
0.990887
0.984651
0.98145
0.98177
0.985377
0.991704
0.995095
0.996489
0.99687
0.996857
0.99671
0.996699
0.996758
0.996943
0.997109
0.997233
0.997338
0.997493
0.99787
0.998594
0.999152
0.999471
0.999619
0.999676
0.999696
0.999707
0.999726
0.999777
0.999851
0.999909
0.999949
0.999973
0.999986
0.999993
0.999997
0.999999
0.69401
0.652134
0.649664
0.646559
0.660114
0.750857
0.818668
0.835644
0.850292
0.858726
0.870126
0.878534
0.894701
0.909767
0.92211
0.931758
0.938005
0.942157
0.944773
0.945333
0.945234
0.944269
0.940122
0.928919
0.917161
0.907636
0.89984
0.894101
0.889555
0.886252
0.883678
0.881576
0.880098
0.878623
0.87772
0.877287
0.876861
0.876849
0.876947
0.877227
0.877814
0.87902
0.881772
0.884104
0.886134
0.889575
0.896738
0.914009
0.922102
0.922253
0.920075
0.911638
0.90824
0.911482
0.931583
0.966602
0.98635
0.995093
0.998408
0.999533
0.999875
0.99997
0.999993
0.999999
1
1
1
1
0.999986
0.999176
0.980394
0.893856
0.814929
0.756959
0.64993
0.557428
0.514055
0.51562
0.58875
0.691313
0.706045
0.688977
0.657501
0.646066
0.643877
0.644624
0.650472
0.673597
0.709605
0.730114
0.734902
0.733293
0.727086
0.713002
0.683766
0.610427
0.509829
0.426321
0.355904
0.321972
0.322163
0.331921
0.358343
0.420232
0.463407
0.50024
0.569185
0.651327
0.710777
0.741207
0.752943
0.758368
0.766289
0.784746
0.83379
0.892983
0.938453
0.969111
0.985407
0.99358
0.997415
0.999046
0.999645
0.999777
0.999733
0.999355
0.998575
0.99778
0.996058
0.992684
0.989723
0.987985
0.987218
0.986993
0.986784
0.986402
0.985628
0.983561
0.978292
0.97557
0.975456
0.976674
0.98399
0.991241
0.991928
0.989557
0.987554
0.987767
0.990082
0.994349
0.996691
0.997657
0.997898
0.997844
0.997588
0.997512
0.997531
0.997632
0.99776
0.997856
0.997933
0.998025
0.998219
0.998721
0.999233
0.999557
0.99973
0.999808
0.999837
0.999851
0.999872
0.999902
0.999934
0.999959
0.999977
0.999987
0.999994
0.999997
0.999999
0.999999
0.689568
0.647345
0.640846
0.643958
0.653895
0.709006
0.805202
0.833645
0.85017
0.862455
0.873989
0.884053
0.895752
0.90944
0.921441
0.930772
0.936891
0.941115
0.943623
0.944434
0.944463
0.944046
0.942018
0.935359
0.922705
0.91227
0.903908
0.897645
0.892792
0.889224
0.886441
0.884449
0.882636
0.88128
0.880632
0.879788
0.879267
0.879272
0.879454
0.879967
0.881065
0.883572
0.886195
0.888437
0.89261
0.900212
0.917031
0.924246
0.92431
0.922438
0.913773
0.9032
0.902722
0.910888
0.944239
0.976372
0.991373
0.997236
0.999205
0.999785
0.999945
0.999986
0.999997
0.999999
1
1
1
1
0.999998
0.999807
0.992993
0.931121
0.834228
0.774058
0.694802
0.588753
0.540324
0.547281
0.640366
0.70216
0.704751
0.679472
0.65156
0.642158
0.64041
0.640992
0.645084
0.66052
0.692529
0.717447
0.729714
0.731298
0.728848
0.722602
0.708393
0.675336
0.599523
0.528372
0.458667
0.409341
0.404086
0.411453
0.433102
0.484703
0.526666
0.548083
0.586554
0.658839
0.717197
0.74771
0.760243
0.767135
0.778384
0.805213
0.862056
0.914462
0.953268
0.975859
0.988643
0.995209
0.998164
0.99936
0.999763
0.999826
0.999754
0.999311
0.998595
0.997565
0.995032
0.991612
0.989132
0.98779
0.987273
0.987069
0.986847
0.986448
0.985558
0.982755
0.976829
0.974092
0.973992
0.97503
0.981204
0.99036
0.992719
0.992227
0.991558
0.991758
0.993276
0.996155
0.997771
0.998443
0.998601
0.998539
0.998251
0.99813
0.998132
0.998187
0.998283
0.998353
0.998406
0.998461
0.998566
0.998862
0.999304
0.999612
0.999787
0.999872
0.999908
0.999926
0.999941
0.999957
0.999971
0.999982
0.99999
0.999994
0.999997
0.999999
0.999999
1
0.689157
0.647726
0.641228
0.642559
0.652355
0.686958
0.768565
0.826358
0.847221
0.861899
0.873727
0.884304
0.895196
0.907805
0.919432
0.928671
0.935006
0.939493
0.942428
0.94379
0.944024
0.943891
0.943135
0.940506
0.933864
0.921379
0.910879
0.903015
0.897126
0.892777
0.889498
0.887086
0.885106
0.883894
0.882816
0.882042
0.881995
0.88216
0.882672
0.883991
0.886039
0.888985
0.892202
0.897019
0.907117
0.921062
0.926675
0.926533
0.924381
0.915317
0.898828
0.896089
0.899778
0.919041
0.960417
0.984121
0.994633
0.99839
0.999553
0.999883
0.999971
0.999993
0.999998
1
1
1
1
1
1
0.999959
0.997887
0.965224
0.862312
0.790818
0.732801
0.657281
0.611422
0.622357
0.685096
0.708684
0.702073
0.667264
0.644233
0.636498
0.635019
0.635574
0.638989
0.650431
0.676507
0.701436
0.718935
0.726169
0.72631
0.723639
0.717518
0.703689
0.669621
0.62169
0.566308
0.51093
0.496511
0.501596
0.520006
0.557024
0.579228
0.589136
0.606671
0.664077
0.72337
0.75396
0.766991
0.775681
0.791471
0.830771
0.886149
0.931376
0.962385
0.982096
0.992518
0.997069
0.998905
0.999624
0.999849
0.999867
0.999762
0.999275
0.99861
0.997275
0.994053
0.990773
0.988684
0.987684
0.987271
0.987079
0.986843
0.986329
0.98502
0.981008
0.9753
0.972773
0.972684
0.973616
0.979026
0.989332
0.993336
0.993877
0.993972
0.994305
0.995526
0.997417
0.998506
0.998967
0.999073
0.999016
0.998742
0.998602
0.998594
0.998626
0.998696
0.998744
0.998778
0.998809
0.998866
0.999023
0.999378
0.999655
0.99982
0.999904
0.999943
0.999961
0.999972
0.99998
0.999987
0.999992
0.999995
0.999997
0.999999
0.999999
1
1
0.698683
0.655622
0.645139
0.644108
0.654119
0.677344
0.732329
0.804474
0.837469
0.857925
0.871263
0.882958
0.893528
0.903984
0.914721
0.92446
0.931871
0.937198
0.940843
0.942861
0.943615
0.943693
0.943496
0.942659
0.940272
0.934734
0.924897
0.914773
0.905701
0.899399
0.894927
0.891642
0.8892
0.887754
0.886364
0.88594
0.886077
0.886601
0.887775
0.890519
0.893085
0.898288
0.904117
0.916642
0.925982
0.929178
0.928714
0.925826
0.915699
0.897199
0.892493
0.893962
0.904513
0.941265
0.975647
0.991261
0.997121
0.99912
0.999752
0.999935
0.999984
0.999996
0.999999
1
1
1
1
1
1
0.999992
0.999431
0.984515
0.901736
0.808466
0.758823
0.706781
0.674267
0.679691
0.708339
0.71219
0.695415
0.656084
0.636522
0.629679
0.628215
0.628499
0.631114
0.640685
0.662214
0.68548
0.705001
0.716616
0.720229
0.720296
0.717743
0.712102
0.697419
0.674365
0.652889
0.609037
0.588732
0.591471
0.608185
0.611283
0.608088
0.609085
0.622137
0.676648
0.733922
0.762617
0.775108
0.785939
0.807665
0.854476
0.904174
0.945155
0.973015
0.987882
0.994838
0.997888
0.999216
0.999738
0.999887
0.999888
0.999753
0.999264
0.998484
0.996737
0.993366
0.990326
0.988462
0.987575
0.987235
0.987045
0.986715
0.985967
0.983867
0.978251
0.973276
0.971474
0.971516
0.972458
0.977238
0.988246
0.993499
0.99502
0.9955
0.995967
0.997077
0.998281
0.999001
0.999314
0.999385
0.999338
0.999101
0.998959
0.998945
0.998965
0.999018
0.999048
0.999066
0.999082
0.999111
0.999197
0.99945
0.999696
0.999844
0.999922
0.99996
0.999977
0.999985
0.99999
0.999994
0.999996
0.999998
0.999999
0.999999
1
1
1
0.712296
0.670426
0.655317
0.651953
0.657061
0.675242
0.708315
0.761213
0.810386
0.843929
0.862815
0.877739
0.889361
0.899631
0.90907
0.917818
0.925631
0.932709
0.937977
0.941161
0.942783
0.943374
0.943396
0.94323
0.942584
0.940838
0.93714
0.930019
0.922879
0.914455
0.907627
0.902059
0.898091
0.89582
0.894152
0.894191
0.894754
0.896482
0.898909
0.903115
0.907962
0.916416
0.925801
0.930917
0.93144
0.930563
0.926549
0.91428
0.896259
0.890997
0.891287
0.897406
0.924639
0.967176
0.988391
0.996282
0.998859
0.999665
0.999905
0.999974
0.999993
0.999998
1
1
1
1
1
1
1
0.999999
0.999861
0.99473
0.940951
0.835211
0.776757
0.739103
0.714467
0.713893
0.720018
0.713434
0.681748
0.645438
0.62784
0.621611
0.620204
0.620471
0.622381
0.629171
0.645798
0.667965
0.689364
0.705419
0.713097
0.714863
0.714543
0.711763
0.703821
0.693575
0.685145
0.66261
0.649328
0.648686
0.646824
0.631276
0.617452
0.617453
0.632131
0.689246
0.742832
0.770782
0.783697
0.797715
0.828684
0.872456
0.917747
0.95459
0.977725
0.990231
0.996107
0.9986
0.999541
0.999858
0.999929
0.999911
0.99974
0.999235
0.998313
0.99608
0.99266
0.989926
0.988246
0.987461
0.987156
0.986902
0.986418
0.985293
0.981921
0.975317
0.971089
0.970098
0.970331
0.971448
0.976053
0.987365
0.993599
0.995842
0.996578
0.997159
0.998052
0.99885
0.999331
0.999543
0.99959
0.999554
0.99936
0.999228
0.999211
0.999223
0.999262
0.999281
0.999287
0.999292
0.999305
0.999354
0.999525
0.999734
0.999864
0.999934
0.999969
0.999984
0.999991
0.999995
0.999997
0.999998
0.999999
0.999999
1
1
1
1
0.72427
0.70067
0.674384
0.664517
0.663354
0.675059
0.694883
0.722421
0.759501
0.805624
0.838551
0.862635
0.87931
0.891712
0.902556
0.911609
0.91925
0.925737
0.931839
0.937723
0.940956
0.942545
0.943138
0.94318
0.943078
0.942672
0.941607
0.939265
0.935298
0.930569
0.925366
0.920843
0.916702
0.914036
0.912143
0.912322
0.913212
0.915414
0.91805
0.923045
0.928574
0.932497
0.933919
0.933582
0.931944
0.926316
0.910743
0.895148
0.890565
0.890553
0.894951
0.913639
0.960177
0.985727
0.995058
0.998365
0.999485
0.999846
0.999955
0.999988
0.999997
0.999999
1
1
1
1
1
1
1
1
0.999969
0.998391
0.971287
0.872607
0.794226
0.759872
0.738927
0.731843
0.725868
0.707965
0.661625
0.632157
0.618342
0.612824
0.611492
0.61179
0.61447
0.620067
0.629854
0.646566
0.667815
0.687301
0.700866
0.706342
0.707734
0.707099
0.702763
0.697679
0.68832
0.674875
0.669045
0.665815
0.657913
0.633028
0.620158
0.622169
0.647852
0.710642
0.754767
0.781028
0.794415
0.811918
0.845852
0.8894
0.930488
0.960808
0.980677
0.99187
0.99698
0.998962
0.999674
0.999902
0.999944
0.999917
0.999723
0.999197
0.998088
0.995454
0.992166
0.98967
0.98812
0.987363
0.987004
0.986628
0.985889
0.984121
0.978997
0.972527
0.969245
0.968778
0.96916
0.97053
0.975215
0.986858
0.9937
0.996406
0.997353
0.997989
0.998676
0.999225
0.99955
0.999693
0.999724
0.999698
0.999545
0.999429
0.99941
0.999418
0.999445
0.999456
0.999452
0.99945
0.999455
0.999482
0.999597
0.99977
0.999882
0.999943
0.999974
0.999988
0.999994
0.999997
0.999998
0.999999
0.999999
1
1
1
1
1
0.747021
0.755395
0.728959
0.695265
0.680641
0.678215
0.687288
0.699059
0.711506
0.72937
0.765891
0.813788
0.851448
0.874174
0.890193
0.902484
0.912367
0.920047
0.925976
0.931121
0.936237
0.940225
0.942142
0.94285
0.943002
0.942946
0.942737
0.942176
0.940713
0.939171
0.936159
0.933746
0.931044
0.929436
0.92806
0.92813
0.928677
0.930084
0.932171
0.934391
0.935706
0.935597
0.934875
0.932067
0.923876
0.904374
0.89401
0.890424
0.890929
0.89584
0.912644
0.956113
0.983285
0.993858
0.997831
0.99927
0.999766
0.999929
0.999979
0.999994
0.999998
1
1
1
1
1
1
1
1
1
0.999994
0.999551
0.988449
0.914498
0.820782
0.772762
0.754168
0.742715
0.726662
0.687602
0.644829
0.619203
0.607918
0.604035
0.602885
0.603129
0.60584
0.614139
0.62099
0.6305
0.645345
0.662932
0.678333
0.688599
0.693075
0.693873
0.693306
0.691226
0.685324
0.676554
0.672212
0.66806
0.656654
0.628825
0.620323
0.626764
0.668055
0.722062
0.761664
0.790496
0.807344
0.826845
0.859328
0.901688
0.940081
0.968351
0.985335
0.993802
0.997618
0.999175
0.999746
0.999924
0.999953
0.999917
0.999705
0.999108
0.997719
0.994772
0.991789
0.989556
0.988052
0.987176
0.986677
0.98611
0.984998
0.982176
0.975058
0.969592
0.967593
0.967576
0.968158
0.969769
0.974943
0.986894
0.993925
0.996856
0.99794
0.998569
0.999096
0.999477
0.999696
0.999792
0.999813
0.999794
0.999678
0.999578
0.999559
0.999564
0.99958
0.999584
0.999574
0.999565
0.999566
0.999583
0.99966
0.999802
0.999897
0.99995
0.999977
0.99999
0.999995
0.999998
0.999999
0.999999
1
1
1
1
1
1
0.88929
0.829241
0.860222
0.888132
0.775729
0.755737
0.748229
0.752502
0.749986
0.724714
0.724606
0.735604
0.764106
0.803609
0.853182
0.880844
0.898607
0.91078
0.919421
0.925943
0.931216
0.935522
0.939149
0.941444
0.942414
0.942761
0.942736
0.942633
0.94233
0.941868
0.940738
0.939752
0.938276
0.937458
0.936588
0.936476
0.936628
0.937112
0.937466
0.937344
0.93686
0.93533
0.930709
0.918794
0.8999
0.893234
0.891198
0.89299
0.90026
0.918451
0.959567
0.982978
0.993223
0.997429
0.999071
0.999681
0.999896
0.999968
0.99999
0.999997
0.999999
1
1
1
1
1
1
1
1
1
0.999999
0.999889
0.99627
0.95305
0.856869
0.792854
0.764987
0.750948
0.723565
0.677029
0.637742
0.612644
0.599747
0.595151
0.594427
0.594581
0.596406
0.60379
0.612927
0.621378
0.633238
0.646042
0.658864
0.669869
0.676887
0.679103
0.679006
0.678166
0.675784
0.672624
0.669754
0.663284
0.639499
0.61931
0.61891
0.636126
0.697833
0.742115
0.775945
0.804258
0.822459
0.840264
0.870977
0.91051
0.948708
0.975291
0.98946
0.995905
0.998542
0.99952
0.999857
0.999956
0.999965
0.999917
0.999676
0.99897
0.997083
0.994026
0.991489
0.989502
0.987843
0.986641
0.985864
0.985036
0.983437
0.978868
0.970757
0.966385
0.965674
0.966045
0.967169
0.969227
0.975073
0.987092
0.994233
0.99726
0.998413
0.999
0.999399
0.999658
0.9998
0.999861
0.999874
0.999861
0.999779
0.999695
0.999674
0.999675
0.999683
0.999684
0.999668
0.999655
0.999655
0.999664
0.999716
0.99983
0.99991
0.999956
0.99998
0.999991
0.999996
0.999998
0.999999
1
1
1
1
1
1
1
0.998531
0.994881
0.991991
0.990719
0.989036
0.985071
0.969327
0.958926
0.962211
0.971142
0.954158
0.845038
0.771322
0.767587
0.776479
0.800714
0.832457
0.875513
0.901061
0.914743
0.923574
0.929857
0.934651
0.938234
0.940494
0.941717
0.942274
0.942412
0.942344
0.942197
0.941846
0.941413
0.940743
0.940232
0.939737
0.939392
0.939139
0.938888
0.938382
0.937169
0.933868
0.926115
0.907376
0.89567
0.891513
0.891933
0.896402
0.908241
0.932528
0.967417
0.985183
0.993646
0.997414
0.998998
0.999631
0.999871
0.999957
0.999986
0.999996
0.999999
1
1
1
1
1
1
1
1
1
1
1
0.999977
0.999023
0.982825
0.897115
0.828892
0.786296
0.761634
0.724718
0.676999
0.637696
0.612017
0.597176
0.58961
0.586997
0.587012
0.587818
0.591255
0.59983
0.609203
0.619602
0.633164
0.646876
0.658778
0.666791
0.6707
0.671227
0.670867
0.66972
0.667371
0.66231
0.644302
0.619505
0.615216
0.621921
0.666761
0.727929
0.758136
0.787892
0.816269
0.832042
0.849217
0.880748
0.921674
0.95697
0.979853
0.991958
0.997238
0.999126
0.999739
0.999928
0.999975
0.999973
0.999912
0.999632
0.998749
0.996215
0.993341
0.991304
0.989439
0.987272
0.985372
0.984123
0.982988
0.980809
0.974222
0.966153
0.963347
0.963347
0.964411
0.966345
0.968966
0.97567
0.987572
0.994655
0.997646
0.998791
0.999313
0.999609
0.99978
0.999869
0.999906
0.999914
0.999906
0.999848
0.99978
0.99976
0.999759
0.999762
0.999759
0.999737
0.99972
0.999719
0.999725
0.999761
0.999853
0.999921
0.999961
0.999982
0.999992
0.999997
0.999999
0.999999
1
1
1
1
1
1
1
0.999979
0.999905
0.999742
0.999583
0.999391
0.999044
0.998245
0.996237
0.994664
0.994532
0.99401
0.98977
0.970919
0.945111
0.890603
0.829316
0.818365
0.822558
0.836172
0.861257
0.893571
0.912926
0.923792
0.930688
0.93532
0.938233
0.940073
0.940996
0.94151
0.941568
0.941481
0.941264
0.940915
0.940357
0.939946
0.939614
0.938942
0.93753
0.934466
0.927615
0.911541
0.896541
0.891013
0.890883
0.893971
0.903584
0.925299
0.957269
0.978318
0.989512
0.995184
0.997897
0.999125
0.999653
0.999869
0.999953
0.999984
0.999995
0.999998
1
1
1
1
1
1
1
1
1
1
1
1
0.999996
0.999787
0.995154
0.950612
0.859511
0.826548
0.78248
0.732704
0.681931
0.641057
0.613713
0.597622
0.588728
0.583841
0.581873
0.581963
0.583051
0.586469
0.593418
0.601831
0.612983
0.62657
0.639358
0.651679
0.658995
0.660428
0.659937
0.658113
0.653259
0.636586
0.616268
0.611546
0.614843
0.640455
0.713439
0.750803
0.776499
0.808304
0.831057
0.842044
0.858108
0.894608
0.935511
0.966536
0.985191
0.994356
0.998086
0.99941
0.999833
0.999957
0.999983
0.999976
0.999901
0.999557
0.998354
0.995172
0.99264
0.991136
0.989061
0.985853
0.982953
0.981189
0.979804
0.977063
0.968887
0.961913
0.960443
0.960939
0.963451
0.965981
0.969013
0.97693
0.988563
0.995217
0.998019
0.999083
0.999527
0.999744
0.999856
0.999911
0.999934
0.999938
0.999932
0.999893
0.99984
0.999822
0.99982
0.999819
0.999809
0.999778
0.999763
0.999761
0.999766
0.999797
0.999874
0.999932
0.999966
0.999984
0.999993
0.999997
0.999999
0.999999
1
1
1
1
1
1
1
1
0.999998
0.999994
0.999986
0.999974
0.999952
0.999905
0.999797
0.999559
0.999351
0.999221
0.99894
0.997931
0.995438
0.989186
0.972151
0.939504
0.874246
0.845707
0.842243
0.845554
0.855404
0.876618
0.897129
0.914594
0.924606
0.93067
0.934306
0.93642
0.937631
0.93814
0.938081
0.937851
0.937329
0.936394
0.934217
0.928136
0.920339
0.904733
0.89105
0.886442
0.887192
0.891171
0.901312
0.923453
0.955421
0.976578
0.987933
0.993951
0.997072
0.998638
0.999392
0.999741
0.999894
0.999959
0.999985
0.999995
0.999998
0.999999
1
1
1
1
1
1
1
1
1
1
1
1
0.999999
0.999961
0.998854
0.985364
0.914203
0.85162
0.822731
0.763527
0.700618
0.653422
0.621114
0.601228
0.590001
0.58395
0.580781
0.579416
0.579444
0.580187
0.582338
0.587003
0.594215
0.600399
0.608844
0.62185
0.631489
0.632692
0.631683
0.628373
0.618416
0.609566
0.608249
0.6113
0.630244
0.69848
0.748642
0.768929
0.795928
0.823471
0.838933
0.848755
0.867341
0.908191
0.948784
0.975899
0.990132
0.996357
0.998778
0.999625
0.999896
0.999974
0.999987
0.999977
0.999885
0.999453
0.997785
0.994073
0.99194
0.990663
0.987792
0.982974
0.979194
0.977244
0.975767
0.972474
0.963375
0.957976
0.957572
0.959366
0.963458
0.966036
0.96937
0.978726
0.989892
0.995896
0.99838
0.999308
0.99967
0.999828
0.999902
0.999936
0.999949
0.999951
0.999947
0.99992
0.99988
0.999865
0.999861
0.999855
0.999834
0.999807
0.999795
0.999794
0.999799
0.999827
0.999893
0.999942
0.999971
0.999986
0.999994
0.999997
0.999999
1
1
1
1
1
1
1
1
1
1
1
1
0.999999
0.999998
0.999996
0.999991
0.999978
0.999952
0.999927
0.999897
0.999827
0.999639
0.999088
0.997392
0.992868
0.981533
0.955248
0.903719
0.867555
0.856272
0.856047
0.858252
0.864122
0.875576
0.886773
0.896814
0.903107
0.908889
0.910417
0.910025
0.908565
0.905423
0.898729
0.891417
0.882622
0.877936
0.878233
0.880974
0.888439
0.906923
0.932468
0.961793
0.979148
0.988936
0.994259
0.997079
0.998544
0.999292
0.999666
0.999848
0.999933
0.999972
0.999989
0.999996
0.999998
0.999999
1
1
1
1
1
1
1
1
1
1
1
1
1
1
0.999994
0.999772
0.996383
0.973212
0.895882
0.846614
0.814139
0.761176
0.6977
0.646783
0.615713
0.597534
0.587432
0.582187
0.579763
0.578984
0.578982
0.579345
0.580609
0.583767
0.586062
0.589296
0.596454
0.602883
0.60648
0.606768
0.606046
0.605496
0.606195
0.61101
0.629786
0.69329
0.750365
0.770716
0.789581
0.815792
0.835975
0.846568
0.858059
0.885641
0.928443
0.963427
0.984357
0.994169
0.998058
0.999399
0.999824
0.999953
0.999987
0.999991
0.999976
0.999859
0.999285
0.996855
0.993113
0.991398
0.989379
0.984534
0.978059
0.974254
0.972792
0.971412
0.967326
0.957819
0.954459
0.954876
0.959114
0.963725
0.966263
0.970306
0.981259
0.99142
0.996599
0.998704
0.999478
0.999764
0.999878
0.999928
0.999949
0.999957
0.999958
0.999955
0.999934
0.999901
0.999886
0.999881
0.99987
0.999846
0.999828
0.999822
0.999822
0.999827
0.999855
0.999912
0.999953
0.999976
0.999989
0.999995
0.999998
0.999999
1
1
1
1
1
1
1
1
1
1
1
1
1
1
1
1
0.999999
0.999998
0.999995
0.999993
0.999987
0.999973
0.999932
0.999789
0.999324
0.997929
0.994131
0.985362
0.965344
0.932166
0.897172
0.877223
0.869023
0.86867
0.869337
0.871121
0.873561
0.875691
0.877002
0.877757
0.877714
0.877045
0.877177
0.878407
0.881829
0.890906
0.907614
0.932251
0.957969
0.975065
0.985727
0.99208
0.995727
0.99775
0.998839
0.999411
0.999705
0.999855
0.99993
0.999967
0.999985
0.999994
0.999997
0.999999
1
1
1
1
1
1
1
1
1
1
1
1
1
1
1
1
0.999999
0.999962
0.999261
0.99309
0.965686
0.892
0.842679
0.813912
0.778274
0.727965
0.674131
0.630869
0.606765
0.593129
0.58583
0.58225
0.580621
0.580318
0.580764
0.582176
0.583589
0.585162
0.588466
0.59342
0.59859
0.601355
0.603257
0.60728
0.616843
0.640925
0.705958
0.756161
0.776967
0.788703
0.812257
0.833903
0.845118
0.852815
0.868224
0.906495
0.949188
0.976652
0.990785
0.996786
0.998963
0.999686
0.99991
0.999976
0.999993
0.999993
0.999973
0.999822
0.999023
0.99564
0.992275
0.990491
0.986752
0.978083
0.971199
0.968762
0.968403
0.967253
0.961694
0.952783
0.951184
0.953226
0.960032
0.964276
0.966837
0.972186
0.984136
0.992977
0.997278
0.998987
0.999604
0.999824
0.999907
0.999942
0.999956
0.99996
0.99996
0.999957
0.999937
0.999907
0.999894
0.999885
0.999871
0.999855
0.999845
0.999843
0.999844
0.999851
0.999883
0.999931
0.999964
0.999982
0.999992
0.999996
0.999998
0.999999
1
1
1
1
1
1
1
1
1
1
1
1
1
1
1
1
1
1
1
1
0.999999
0.999998
0.999996
0.999985
0.999947
0.999813
0.999388
0.998243
0.995423
0.988441
0.979605
0.9604
0.938576
0.919771
0.907678
0.898748
0.89451
0.894382
0.895035
0.896908
0.900783
0.907606
0.917494
0.932606
0.950717
0.966164
0.977938
0.986282
0.991823
0.99531
0.997401
0.998602
0.999267
0.999622
0.999808
0.999903
0.999951
0.999975
0.999988
0.999994
0.999997
0.999999
0.999999
1
1
1
1
1
1
1
1
1
1
1
1
1
1
1
1
1
1
0.999995
0.999876
0.998573
0.991057
0.965572
0.903794
0.850814
0.81844
0.796273
0.766879
0.729949
0.687825
0.649348
0.621936
0.60625
0.59689
0.592073
0.589345
0.58923
0.589758
0.590994
0.593444
0.598806
0.604644
0.610146
0.620917
0.6438
0.684213
0.732527
0.76854
0.785629
0.794942
0.814019
0.832545
0.843824
0.850475
0.860976
0.886714
0.932722
0.967687
0.986759
0.995047
0.998268
0.999439
0.999832
0.999953
0.999988
0.999996
0.999994
0.999967
0.999769
0.998622
0.994322
0.991477
0.988678
0.981228
0.968456
0.963807
0.964766
0.964971
0.963502
0.955265
0.94806
0.947951
0.952829
0.961344
0.964987
0.967839
0.975357
0.987095
0.994484
0.997892
0.99922
0.999694
0.999861
0.999924
0.999949
0.999959
0.999961
0.999961
0.999957
0.999936
0.999907
0.999894
0.999884
0.99987
0.999859
0.999855
0.999855
0.999856
0.999869
0.999911
0.99995
0.999974
0.999987
0.999994
0.999997
0.999999
0.999999
1
1
1
1
1
1
0.999999
0.999999
1
1
1
1
1
1
1
1
1
1
1
1
1
1
1
0.999999
0.999997
0.999986
0.999949
0.999834
0.99952
0.998682
0.997186
0.994213
0.988499
0.981102
0.976191
0.970534
0.965443
0.964718
0.965222
0.966934
0.971073
0.976725
0.982254
0.987209
0.991287
0.994375
0.996536
0.997949
0.998826
0.999349
0.999649
0.999816
0.999905
0.999952
0.999976
0.999988
0.999994
0.999997
0.999998
0.999999
1
1
1
1
1
1
1
1
1
1
1
1
1
1
1
1
1
1
1
1
1
0.999999
0.999983
0.999762
0.998178
0.991431
0.971498
0.926778
0.872149
0.833945
0.811263
0.796297
0.775794
0.754193
0.728081
0.700671
0.676977
0.657132
0.645264
0.635911
0.63471
0.636056
0.639806
0.647819
0.66032
0.681071
0.706392
0.731988
0.757669
0.783725
0.798674
0.808052
0.819895
0.832049
0.841548
0.84788
0.856059
0.873994
0.917425
0.957801
0.981682
0.992922
0.997504
0.99917
0.999738
0.999922
0.999978
0.999994
0.999997
0.999994
0.999959
0.999689
0.997989
0.993096
0.990269
0.985282
0.970482
0.957699
0.958927
0.963188
0.963306
0.959391
0.947304
0.943419
0.945355
0.954874
0.962788
0.965914
0.969648
0.979588
0.989944
0.995798
0.998397
0.9994
0.999759
0.999885
0.999933
0.999952
0.999959
0.999961
0.99996
0.999954
0.99993
0.999903
0.999888
0.999876
0.999865
0.999858
0.999856
0.999857
0.999866
0.999898
0.999938
0.999965
0.999981
0.999991
0.999996
0.999998
0.999999
0.999999
0.999999
1
1
0.999999
0.999999
0.999999
0.999999
0.999999
1
1
1
1
1
1
1
1
1
1
1
1
1
1
1
1
1
0.999999
0.999997
0.999988
0.999961
0.999887
0.999724
0.999389
0.998674
0.997103
0.996186
0.994924
0.993869
0.99379
0.993944
0.994444
0.995564
0.996709
0.997695
0.998456
0.999006
0.999386
0.999636
0.999792
0.999885
0.999938
0.999967
0.999983
0.999991
0.999996
0.999998
0.999999
0.999999
1
1
1
1
1
1
1
1
1
1
1
1
1
1
1
1
1
1
1
1
1
1
1
1
1
0.999998
0.999968
0.999705
0.998331
0.993444
0.979337
0.953896
0.91061
0.867118
0.836606
0.816794
0.805363
0.794183
0.782891
0.772378
0.759993
0.750328
0.74299
0.740002
0.740634
0.743091
0.748196
0.756663
0.768444
0.780675
0.792972
0.805689
0.816402
0.822406
0.825542
0.830811
0.838182
0.844404
0.851808
0.867338
0.905482
0.951247
0.979033
0.991632
0.996842
0.998875
0.999622
0.99988
0.999964
0.999989
0.999996
0.999997
0.999993
0.999946
0.999569
0.997002
0.992037
0.988276
0.978646
0.955083
0.948692
0.956995
0.962645
0.961387
0.951575
0.94008
0.93924
0.944256
0.957883
0.964284
0.967114
0.972945
0.983893
0.992405
0.996872
0.9988
0.999538
0.999804
0.999901
0.999939
0.999953
0.999958
0.999959
0.999955
0.99994
0.999907
0.999883
0.999867
0.999856
0.999849
0.999846
0.999847
0.999856
0.999887
0.999925
0.999954
0.999973
0.999986
0.999993
0.999996
0.999998
0.999999
0.999999
0.999999
0.999999
0.999999
0.999999
0.999999
0.999998
0.999998
0.999997
1
1
1
1
1
1
1
1
1
1
1
1
1
1
1
1
1
1
1
0.999999
0.999998
0.999993
0.99998
0.999953
0.999892
0.999709
0.999598
0.999424
0.999308
0.999307
0.999342
0.999451
0.99959
0.999714
0.999811
0.99988
0.999926
0.999956
0.999975
0.999986
0.999992
0.999996
0.999998
0.999999
0.999999
1
1
1
1
1
1
1
1
1
1
1
1
1
1
1
1
1
1
1
1
1
1
1
1
1
1
1
1
1
1
0.999997
0.999962
0.999743
0.998819
0.995795
0.988694
0.971893
0.947039
0.917636
0.880825
0.850528
0.831249
0.820977
0.814558
0.8099
0.804913
0.801895
0.800852
0.801202
0.802444
0.804887
0.808567
0.812899
0.817192
0.821521
0.825506
0.828353
0.829943
0.831379
0.834621
0.839937
0.847534
0.863516
0.900749
0.949695
0.977887
0.99083
0.996389
0.998651
0.999522
0.99984
0.999949
0.999984
0.999994
0.999997
0.999997
0.999992
0.999928
0.999392
0.995777
0.990898
0.984928
0.964449
0.939507
0.944279
0.959116
0.961865
0.957002
0.941352
0.934612
0.936248
0.947531
0.96098
0.965694
0.969236
0.977635
0.98782
0.994449
0.997717
0.999101
0.999636
0.999835
0.99991
0.99994
0.999952
0.999954
0.999952
0.999939
0.999903
0.999866
0.99984
0.999823
0.999814
0.999811
0.999812
0.999826
0.999862
0.999901
0.999935
0.99996
0.999977
0.999988
0.999994
0.999997
0.999998
0.999998
0.999998
0.999998
0.999998
0.999998
0.999998
0.999997
0.999996
0.999995
0.999993
1
1
1
1
1
1
1
1
1
1
1
1
1
1
1
1
1
1
1
1
1
1
0.999999
0.999997
0.999994
0.999981
0.999971
0.999956
0.99995
0.999951
0.999957
0.999968
0.999977
0.999985
0.99999
0.999994
0.999997
0.999998
0.999999
0.999999
1
1
1
1
1
1
1
1
1
1
1
1
1
1
1
1
1
1
1
1
1
1
1
1
1
1
1
1
1
1
1
1
1
1
1
1
0.999996
0.999969
0.999832
0.999321
0.997878
0.994263
0.987083
0.971989
0.954897
0.93378
0.904915
0.874947
0.854466
0.842136
0.83456
0.829827
0.827636
0.826785
0.826836
0.827137
0.827832
0.828847
0.829856
0.830995
0.831843
0.832305
0.832981
0.834417
0.837672
0.84559
0.863619
0.906993
0.954681
0.979539
0.991253
0.996435
0.998611
0.999484
0.999817
0.999937
0.999978
0.999992
0.999996
0.999997
0.999997
0.999989
0.999902
0.99913
0.994352
0.989463
0.978916
0.941027
0.927926
0.943749
0.962122
0.960753
0.948109
0.933158
0.931297
0.935389
0.95241
0.963666
0.967406
0.972971
0.982622
0.991088
0.995983
0.998315
0.999309
0.999701
0.999852
0.999913
0.999938
0.999944
0.999942
0.999933
0.999904
0.999845
0.99979
0.999749
0.999726
0.999718
0.999727
0.999763
0.99981
0.999857
0.999901
0.999936
0.999961
0.999978
0.999988
0.999993
0.999996
0.999997
0.999997
0.999997
0.999997
0.999996
0.999996
0.999996
0.999995
0.999991
0.999989
0.999985
1
1
1
1
1
1
1
1
1
1
1
1
1
1
1
1
1
1
1
1
1
1
1
1
1
0.999999
0.999998
0.999998
0.999998
0.999998
0.999998
0.999999
0.999999
0.999999
1
1
1
1
1
1
1
1
1
1
1
1
1
1
1
1
1
1
1
1
1
1
1
1
1
1
1
1
1
1
1
1
1
1
1
1
1
1
1
1
1
1
1
0.999997
0.99998
0.999909
0.999677
0.999038
0.997527
0.993741
0.989087
0.97899
0.965795
0.953609
0.933386
0.907002
0.88258
0.865962
0.855637
0.848849
0.844135
0.840968
0.838626
0.836535
0.835373
0.835294
0.835555
0.83643
0.838544
0.843237
0.853693
0.875727
0.9262
0.963722
0.983188
0.992606
0.996889
0.998741
0.99951
0.999817
0.999933
0.999975
0.999989
0.999994
0.999996
0.999997
0.999996
0.999986
0.999866
0.998757
0.993034
0.986578
0.967395
0.917805
0.922459
0.955428
0.963089
0.956276
0.937529
0.929643
0.930063
0.938446
0.958503
0.96612
0.969994
0.977605
0.986899
0.993478
0.99704
0.998728
0.999447
0.999732
0.999855
0.999909
0.999922
0.999919
0.999911
0.999892
0.999835
0.999716
0.999606
0.999542
0.999528
0.999557
0.99964
0.999716
0.999785
0.999846
0.999896
0.999934
0.99996
0.999977
0.999987
0.999992
0.999995
0.999995
0.999995
0.999995
0.999994
0.999993
0.999993
0.999992
0.999989
0.999981
0.999976
0.999966
1
1
1
1
1
1
1
1
1
1
1
1
1
1
1
1
1
1
1
1
1
1
1
1
1
1
1
1
1
1
1
1
1
1
1
1
1
1
1
1
1
1
1
1
1
1
1
1
1
1
1
1
1
1
1
1
1
1
1
1
1
1
1
1
1
1
1
1
1
1
1
1
1
1
1
1
1
1
0.999998
0.99999
0.999961
0.999872
0.999636
0.999051
0.998037
0.995419
0.992504
0.988359
0.97891
0.971253
0.961992
0.944509
0.922033
0.900025
0.883543
0.872207
0.862245
0.854109
0.851133
0.851334
0.852772
0.856393
0.864059
0.879873
0.9156
0.953031
0.975735
0.988249
0.99462
0.997649
0.999011
0.999598
0.999842
0.999938
0.999974
0.999987
0.999992
0.999995
0.999995
0.999995
0.999994
0.99998
0.999815
0.998211
0.991386
0.983121
0.944147
0.900122
0.921859
0.96128
0.962732
0.94713
0.93281
0.928308
0.929862
0.945487
0.96323
0.968413
0.973839
0.982417
0.990308
0.995226
0.997802
0.999002
0.999508
0.999731
0.99984
0.999881
0.999881
0.999877
0.999859
0.999805
0.999639
0.999405
0.999269
0.999229
0.999251
0.999389
0.999541
0.999655
0.999748
0.999823
0.999882
0.999925
0.999954
0.999973
0.999984
0.999989
0.999992
0.999992
0.999992
0.99999
0.999988
0.999987
0.999986
0.999984
0.999978
0.999961
0.999949
0.999924
1
1
1
1
1
1
1
1
1
1
1
1
1
1
1
1
1
1
1
1
1
1
1
1
1
1
1
1
1
1
1
1
1
1
1
1
1
1
1
1
1
1
1
1
1
1
1
1
1
1
1
1
1
1
1
1
1
1
1
1
1
1
1
1
1
1
1
1
1
1
1
1
1
1
1
1
1
1
1
0.999999
0.999997
0.999988
0.999962
0.999896
0.999754
0.999396
0.998927
0.997923
0.99666
0.99429
0.991205
0.988479
0.983003
0.97465
0.966496
0.955199
0.937411
0.922158
0.917346
0.917871
0.920759
0.9276
0.944713
0.963743
0.97837
0.988123
0.993932
0.997083
0.998667
0.999415
0.999752
0.999897
0.999957
0.999979
0.999986
0.99999
0.999991
0.999992
0.999992
0.999991
0.999989
0.999971
0.999741
0.997398
0.989569
0.977909
0.908126
0.890896
0.942361
0.962916
0.959076
0.939726
0.93078
0.927944
0.931847
0.955468
0.966955
0.971286
0.978396
0.986736
0.992878
0.996454
0.998275
0.999115
0.999505
0.999691
0.999795
0.999824
0.999818
0.999797
0.999739
0.99956
0.999166
0.998882
0.998763
0.998758
0.99889
0.999204
0.999427
0.999583
0.999699
0.999787
0.999854
0.999904
0.999939
0.999962
0.999976
0.999982
0.999985
0.999985
0.999984
0.99998
0.999977
0.999976
0.999974
0.99997
0.99996
0.999923
0.999894
0.99983
1
1
1
1
1
1
1
1
1
1
1
1
1
1
1
1
1
1
1
1
1
1
1
1
1
1
1
1
1
1
1
1
1
1
1
1
1
1
1
1
1
1
1
1
1
1
1
1
1
1
1
1
1
1
1
1
1
1
1
1
1
1
1
1
1
1
1
1
1
1
1
1
1
1
1
1
1
1
1
1
1
0.999999
0.999997
0.999992
0.999979
0.999949
0.99989
0.999783
0.999633
0.999252
0.998877
0.9985
0.997458
0.996116
0.995453
0.99426
0.990348
0.984778
0.982966
0.983051
0.98382
0.986023
0.989907
0.993464
0.996144
0.997902
0.998934
0.999488
0.999765
0.999896
0.999954
0.999978
0.999986
0.999988
0.999987
0.999985
0.999983
0.999982
0.999983
0.999983
0.999981
0.999957
0.999634
0.996286
0.987331
0.969693
0.872931
0.886896
0.951974
0.961533
0.953319
0.936568
0.930225
0.928596
0.939356
0.963313
0.970621
0.975196
0.982887
0.99004
0.994627
0.997185
0.998473
0.999124
0.999453
0.999621
0.999704
0.999706
0.999676
0.999608
0.999442
0.998936
0.998434
0.99819
0.998138
0.998218
0.998636
0.999074
0.999341
0.999509
0.999628
0.999721
0.999799
0.999861
0.999909
0.999942
0.999961
0.999969
0.999971
0.999971
0.999967
0.999957
0.999952
0.99995
0.999947
0.999941
0.999927
0.999865
0.999796
0.999632
1
1
1
1
1
1
1
1
1
1
1
1
1
1
1
1
1
1
1
1
1
1
1
1
1
1
1
1
1
1
1
1
1
1
1
1
1
1
1
1
1
1
1
1
1
1
1
1
1
1
1
1
1
1
1
1
1
1
1
1
1
1
1
1
1
1
1
1
1
1
1
1
1
1
1
1
1
1
1
1
1
1
1
1
0.999999
0.999997
0.999993
0.999986
0.999973
0.999938
0.999912
0.99988
0.999774
0.999667
0.99961
0.99952
0.999246
0.99851
0.998139
0.99811
0.998167
0.998347
0.998791
0.999235
0.999558
0.999763
0.999881
0.999943
0.999973
0.999987
0.999991
0.999991
0.999989
0.999981
0.999966
0.999958
0.999956
0.999958
0.999964
0.999968
0.999967
0.999935
0.99948
0.994914
0.983739
0.95723
0.833505
0.894052
0.955535
0.952898
0.94937
0.935916
0.931081
0.933199
0.950343
0.968656
0.974007
0.979317
0.986909
0.992336
0.995676
0.997494
0.998499
0.999064
0.999323
0.999468
0.999483
0.999427
0.999326
0.999147
0.998686
0.998068
0.997701
0.997586
0.997616
0.997955
0.99859
0.998983
0.999205
0.999345
0.999458
0.99957
0.999684
0.999785
0.999863
0.999913
0.99994
0.99995
0.999952
0.999949
0.999935
0.999911
0.999898
0.999892
0.999888
0.99988
0.999861
0.999771
0.999633
0.999251
1
1
1
1
1
1
1
1
1
1
1
1
1
1
1
1
1
1
1
1
1
1
1
1
1
1
1
1
1
1
1
1
1
1
1
1
1
1
1
1
1
1
1
1
1
1
1
1
1
1
1
1
1
1
1
1
1
1
1
1
1
1
1
1
1
1
1
1
1
1
1
1
1
1
1
1
1
1
1
1
1
1
1
1
1
1
1
0.999999
0.999999
0.999997
0.999996
0.999994
0.999989
0.999984
0.999982
0.999977
0.999962
0.999916
0.999891
0.999888
0.999892
0.999901
0.999921
0.99995
0.999972
0.999985
0.999992
0.999996
0.999996
0.999995
0.999991
0.999982
0.999956
0.999908
0.999884
0.999882
0.999885
0.999899
0.999927
0.999942
0.999943
0.999903
0.999272
0.993165
0.978917
0.939965
0.804235
0.912641
0.950543
0.943343
0.947701
0.938263
0.935761
0.940465
0.960472
0.973118
0.977142
0.982597
0.989694
0.993633
0.996039
0.997524
0.99841
0.998803
0.998911
0.998949
0.998928
0.998877
0.998782
0.99858
0.998013
0.997432
0.997155
0.997109
0.997261
0.997951
0.998598
0.998925
0.999051
0.999099
0.999167
0.999332
0.999539
0.999707
0.999821
0.999886
0.999917
0.999926
0.999926
0.999918
0.99988
0.999822
0.999787
0.999771
0.999764
0.999751
0.99972
0.999586
0.999332
0.998549
1
1
1
1
1
1
1
1
1
1
1
1
1
1
1
1
1
1
1
1
1
1
1
1
1
1
1
1
1
1
1
1
1
1
1
1
1
1
1
1
1
1
1
1
1
1
1
1
1
1
1
1
1
1
1
1
1
1
1
1
1
1
1
1
1
1
1
1
1
1
1
1
1
1
1
1
1
1
1
1
1
1
1
1
1
1
1
1
1
1
1
1
1
1
1
1
0.999999
0.999997
0.999997
0.999997
0.999997
0.999997
0.999998
0.999998
0.999999
0.999999
0.999999
0.999998
0.999991
0.99997
0.999939
0.999873
0.99971
0.999625
0.999625
0.999642
0.999693
0.999777
0.999852
0.999896
0.999902
0.999856
0.999106
0.992237
0.974522
0.927916
0.790212
0.916718
0.927879
0.929831
0.94647
0.945667
0.940989
0.947197
0.968254
0.977459
0.980721
0.985055
0.991126
0.993885
0.996019
0.997257
0.997747
0.997733
0.997907
0.998291
0.998431
0.998425
0.998376
0.998107
0.997282
0.99669
0.996515
0.996602
0.99724
0.99812
0.998597
0.998779
0.998818
0.998836
0.998895
0.99913
0.999453
0.99967
0.999797
0.999862
0.999887
0.999892
0.999889
0.999865
0.999766
0.999616
0.999513
0.999463
0.999443
0.999419
0.999359
0.999126
0.998663
0.997138
1
1
1
1
1
1
1
1
1
1
1
1
1
1
1
1
1
1
1
1
1
1
1
1
1
1
1
1
1
1
1
1
1
1
1
1
1
1
1
1
1
1
1
1
1
1
1
1
1
1
1
1
1
1
1
1
1
1
1
1
1
1
1
1
1
1
1
1
1
1
1
1
1
1
1
1
1
1
1
1
1
1
1
1
1
1
1
1
1
1
1
1
1
1
1
1
1
1
1
1
1
1
1
1
1
0.999999
0.999995
0.99998
0.999913
0.999722
0.999527
0.999031
0.998549
0.998547
0.998629
0.998855
0.999188
0.99947
0.999682
0.999801
0.99983
0.999786
0.999026
0.992142
0.973068
0.924783
0.784803
0.895447
0.894867
0.890372
0.93965
0.95061
0.946828
0.953129
0.973468
0.981039
0.983926
0.986798
0.991409
0.993683
0.995229
0.99585
0.996138
0.99669
0.997445
0.997969
0.998086
0.998064
0.997856
0.997003
0.996051
0.995755
0.995864
0.996611
0.997633
0.998201
0.998406
0.998419
0.998408
0.998432
0.998635
0.999116
0.999463
0.999669
0.999777
0.999823
0.999835
0.999834
0.999817
0.99974
0.999469
0.999075
0.998774
0.998611
0.99854
0.998484
0.99834
0.997794
0.996881
0.993904
1
1
1
1
1
1
1
1
1
1
1
1
1
1
1
1
1
1
1
1
1
1
1
1
1
1
1
1
1
1
1
1
1
1
1
1
1
1
1
1
1
1
1
1
1
1
1
1
1
1
1
1
1
1
1
1
1
1
1
1
1
1
1
1
1
1
1
1
1
1
1
1
1
1
1
1
1
1
1
1
1
1
1
1
1
1
1
1
1
1
1
1
1
1
1
1
1
1
1
1
1
1
1
0.999999
0.999996
0.999987
0.999954
0.999824
0.999277
0.998244
0.997212
0.994973
0.994307
0.994526
0.995202
0.996658
0.997912
0.998746
0.99928
0.999574
0.999669
0.999642
0.999004
0.993025
0.974913
0.931664
0.786214
0.821833
0.82428
0.790053
0.907245
0.951871
0.954089
0.955941
0.975575
0.982995
0.985807
0.987898
0.99117
0.992937
0.993936
0.994699
0.995435
0.996397
0.997265
0.997652
0.997653
0.997444
0.996531
0.995231
0.994854
0.995043
0.995984
0.997143
0.997768
0.997975
0.997948
0.997874
0.997887
0.9981
0.998733
0.999238
0.999531
0.999674
0.999723
0.999729
0.999721
0.999684
0.999569
0.999237
0.998392
0.997434
0.996641
0.996186
0.99595
0.995755
0.995318
0.993773
0.991841
0.986254
1
1
1
1
1
1
1
1
1
1
1
1
1
1
1
1
1
1
1
1
1
1
1
1
1
1
1
1
1
1
1
1
1
1
1
1
1
1
1
1
1
1
1
1
1
1
1
1
1
1
1
1
1
1
1
1
1
1
1
1
1
1
1
1
1
1
1
1
1
1
1
1
1
1
1
1
1
1
1
1
1
1
1
1
1
1
1
1
1
1
1
1
1
1
1
1
1
1
1
1
1
0.999999
0.999997
0.999988
0.999962
0.999893
0.999672
0.99887
0.996266
0.992922
0.989035
0.985157
0.984686
0.985371
0.987551
0.992408
0.995863
0.997759
0.998771
0.999273
0.999443
0.999439
0.999012
0.994775
0.98022
0.948256
0.819976
0.758578
0.726889
0.674093
0.80323
0.947521
0.96053
0.957719
0.974171
0.983483
0.986449
0.988324
0.990781
0.99238
0.993365
0.994236
0.995175
0.996265
0.997
0.997114
0.99687
0.995775
0.994263
0.993885
0.994215
0.995385
0.996661
0.997312
0.99751
0.997435
0.997298
0.997308
0.997574
0.998384
0.999047
0.999407
0.999545
0.999563
0.999532
0.999374
0.999134
0.998805
0.998064
0.996642
0.994585
0.992502
0.990806
0.989871
0.989327
0.988711
0.987312
0.982835
0.979062
0.969986
1
1
1
1
1
1
1
1
1
1
1
1
1
1
1
1
1
1
1
1
1
1
1
1
1
1
1
1
1
1
1
1
1
1
1
1
1
1
1
1
1
1
1
1
1
1
1
1
1
1
1
1
1
1
1
1
1
1
1
1
1
1
1
1
1
1
1
1
1
1
1
1
1
1
1
1
1
1
1
1
1
1
1
1
1
1
1
1
1
1
1
1
1
1
1
1
1
1
1
0.999999
0.999997
0.999989
0.999965
0.999887
0.999712
0.999328
0.998203
0.994637
0.988009
0.982936
0.979401
0.977603
0.977592
0.978314
0.98055
0.986475
0.992299
0.995738
0.997655
0.998681
0.999106
0.999167
0.998915
0.996209
0.984462
0.96291
0.895601
0.75641
0.696633
0.652388
0.688382
0.917432
0.964884
0.960389
0.969445
0.983011
0.986412
0.988256
0.990271
0.991688
0.992707
0.99364
0.994863
0.995963
0.996307
0.995898
0.994455
0.993079
0.992879
0.993461
0.994884
0.996215
0.996835
0.996998
0.996865
0.99672
0.996758
0.99716
0.998177
0.998914
0.999234
0.999286
0.999241
0.998989
0.998087
0.99664
0.995171
0.993434
0.990741
0.987069
0.982757
0.979044
0.976372
0.975045
0.973959
0.971931
0.967076
0.957477
0.951957
0.941049
1
1
1
1
1
1
1
1
1
1
1
1
1
1
1
1
1
1
1
1
1
1
1
1
1
1
1
1
1
1
1
1
1
1
1
1
1
1
1
1
1
1
1
1
1
1
1
1
1
1
1
1
1
1
1
1
1
1
1
1
1
1
1
1
1
1
1
1
1
1
1
1
1
1
1
1
1
1
1
1
1
1
1
1
1
1
1
1
1
1
1
1
1
1
1
1
1
0.999999
0.999997
0.999989
0.999966
0.999898
0.999704
0.99911
0.99822
0.9967
0.992185
0.986367
0.983588
0.979056
0.976413
0.975555
0.975635
0.976242
0.97813
0.983787
0.990319
0.994652
0.997107
0.998209
0.998589
0.998664
0.998576
0.997422
0.991822
0.979167
0.951774
0.852536
0.728357
0.685121
0.667726
0.845413
0.966254
0.965379
0.965712
0.980015
0.984945
0.987275
0.988958
0.990048
0.991104
0.992266
0.994037
0.994804
0.994091
0.992644
0.991815
0.991928
0.992856
0.99448
0.995793
0.996343
0.996449
0.9963
0.996224
0.996339
0.996987
0.998077
0.998673
0.998789
0.998709
0.998244
0.996772
0.992918
0.987885
0.98281
0.977915
0.972792
0.96654
0.959782
0.953663
0.949579
0.947169
0.945595
0.942914
0.936349
0.924982
0.917933
0.917218
0.914683
1
1
1
1
1
1
1
1
1
1
1
1
1
1
1
1
1
1
1
1
1
1
1
1
1
1
1
1
1
1
1
1
1
1
1
1
1
1
1
1
1
1
1
1
1
1
1
1
1
1
1
1
1
1
1
1
1
1
1
1
1
1
1
1
1
1
1
1
1
1
1
1
1
1
1
1
1
1
1
1
1
1
1
1
1
1
1
1
1
1
1
1
1
1
1
0.999999
0.999996
0.999987
0.999958
0.999882
0.99969
0.999196
0.997997
0.994556
0.991783
0.986215
0.983686
0.984206
0.982539
0.977534
0.975481
0.975014
0.975144
0.976088
0.978479
0.984527
0.990695
0.994629
0.996536
0.997336
0.997832
0.998122
0.998147
0.997834
0.996309
0.992392
0.983018
0.952708
0.840894
0.821443
0.724394
0.762882
0.966118
0.97147
0.967242
0.974489
0.980515
0.983316
0.985624
0.986593
0.988524
0.990177
0.991461
0.991533
0.990865
0.990714
0.991192
0.992385
0.994213
0.995416
0.995877
0.995948
0.995871
0.995876
0.996116
0.996939
0.997696
0.997921
0.99782
0.997098
0.994771
0.98841
0.974332
0.961311
0.949786
0.938641
0.929686
0.922471
0.91457
0.908683
0.906327
0.905344
0.903533
0.899468
0.89744
0.897624
0.898943
0.901302
0.90734
0.906058
1
1
1
1
1
1
1
1
1
1
1
1
1
1
1
1
1
1
1
1
1
1
1
1
1
1
1
1
1
1
1
1
1
1
1
1
1
1
1
1
1
1
1
1
1
1
1
1
1
1
1
1
1
1
1
1
1
1
1
1
1
1
1
1
1
1
1
1
1
1
1
1
1
1
1
1
1
1
1
1
1
1
1
1
1
1
1
1
1
1
1
1
0.999999
0.999998
0.999994
0.999977
0.999937
0.999837
0.999572
0.998992
0.997802
0.994944
0.98898
0.977022
0.975394
0.976243
0.981387
0.985478
0.982494
0.977072
0.975424
0.975259
0.97565
0.976881
0.98031
0.986853
0.991697
0.994388
0.995501
0.996105
0.996798
0.997421
0.997689
0.997652
0.997293
0.996224
0.993444
0.984848
0.944503
0.931068
0.836665
0.728263
0.955658
0.975102
0.971692
0.972714
0.978996
0.981102
0.984163
0.985429
0.987376
0.988773
0.989426
0.989625
0.989982
0.990707
0.992202
0.994155
0.995156
0.995535
0.995625
0.995592
0.995602
0.995781
0.996228
0.996424
0.996319
0.995181
0.991209
0.981467
0.961303
0.931786
0.901502
0.879207
0.866604
0.860773
0.859264
0.859575
0.861037
0.865503
0.869976
0.872614
0.87488
0.876779
0.879158
0.886026
0.890621
0.897155
0.896647
0.874026
1
1
1
1
1
1
1
1
1
1
1
1
1
1
1
1
1
1
1
1
1
1
1
1
1
1
1
1
1
1
1
1
1
1
1
1
1
1
1
1
1
1
1
1
1
1
1
1
1
1
1
1
1
1
1
1
1
1
1
1
1
1
1
1
1
1
1
1
1
1
1
1
1
1
1
1
1
1
1
1
1
1
1
1
1
1
1
1
1
0.999999
0.999997
0.999993
0.999987
0.99997
0.999907
0.999635
0.999266
0.998496
0.996539
0.992993
0.987943
0.972461
0.966116
0.966362
0.971234
0.978682
0.983962
0.985777
0.98454
0.978866
0.977217
0.976848
0.977504
0.979539
0.984522
0.988818
0.991712
0.992984
0.993684
0.994703
0.995884
0.996825
0.997288
0.997366
0.997251
0.996844
0.995714
0.99239
0.982148
0.959094
0.864125
0.690259
0.925316
0.976165
0.978476
0.975104
0.978808
0.981603
0.983764
0.985605
0.987213
0.98854
0.989093
0.989635
0.990662
0.992585
0.994268
0.994944
0.9952
0.995231
0.995089
0.994954
0.994817
0.994491
0.993541
0.990734
0.982033
0.954233
0.9259
0.901512
0.860724
0.81479
0.786198
0.77926
0.78027
0.785108
0.798552
0.818374
0.83891
0.851069
0.853785
0.853505
0.852949
0.853292
0.852198
0.848976
0.833952
0.822747
0.796461
0.646247
1
1
1
1
1
1
1
1
1
1
1
1
1
1
1
1
1
1
1
1
1
1
1
1
1
1
1
1
1
1
1
1
1
1
1
1
1
1
1
1
1
1
1
1
1
1
1
1
1
1
1
1
1
1
1
1
1
1
1
1
1
1
1
1
1
1
1
1
1
1
1
1
1
1
1
1
1
1
1
1
1
1
1
1
1
1
0.999998
0.999993
0.99998
0.999958
0.999905
0.999835
0.999761
0.999573
0.99881
0.995794
0.993655
0.989667
0.977886
0.966549
0.943191
0.943989
0.96112
0.972155
0.97683
0.981329
0.9835
0.985453
0.986756
0.982865
0.980212
0.97978
0.981371
0.983995
0.986914
0.989441
0.991049
0.99213
0.99334
0.994638
0.995749
0.996483
0.996817
0.996869
0.996812
0.996514
0.995645
0.993339
0.986903
0.962362
0.86907
0.640293
0.855012
0.968835
0.982247
0.981244
0.980682
0.983222
0.984392
0.986703
0.987805
0.989431
0.990157
0.991809
0.993298
0.994184
0.994548
0.994625
0.994354
0.993425
0.991952
0.989086
0.982796
0.967935
0.93775
0.902771
0.877576
0.862927
0.843543
0.801807
0.697886
0.620726
0.606583
0.611529
0.633411
0.709236
0.776911
0.791084
0.787039
0.759475
0.685695
0.633647
0.60843
0.590281
0.541875
0.466422
0.402202
0.363365
0.288592
0.117166
1
1
1
1
1
1
1
1
1
1
1
1
1
1
1
1
1
1
1
1
1
1
1
1
1
1
1
1
1
1
1
1
1
1
1
1
1
1
1
1
1
1
1
1
1
1
1
1
1
1
1
1
1
1
1
1
1
1
1
1
1
1
1
1
1
1
1
1
1
1
1
1
1
1
1
1
1
1
1
1
1
1
1
0.999999
0.999994
0.999968
0.999885
0.999614
0.999308
0.998841
0.997932
0.997507
0.997035
0.9956
0.987753
0.965238
0.961888
0.948211
0.900688
0.896158
0.910317
0.939105
0.961775
0.973915
0.978714
0.981051
0.981458
0.983636
0.987176
0.987169
0.984756
0.983879
0.984617
0.986251
0.988214
0.989876
0.991163
0.992502
0.993887
0.994868
0.995444
0.995734
0.99582
0.995748
0.995209
0.994379
0.993191
0.990783
0.982707
0.931631
0.809591
0.600589
0.71754
0.929868
0.980814
0.987763
0.988171
0.988071
0.988703
0.990171
0.990768
0.991667
0.992044
0.992571
0.992796
0.992154
0.99004
0.985602
0.977161
0.962535
0.939695
0.911074
0.884042
0.865569
0.854582
0.841757
0.81529
0.761941
0.625857
0.366931
0.236971
0.226762
0.290993
0.454105
0.50654
0.491376
0.366848
0.198372
0.104986
0.0551836
0.0285758
0.0142524
0.00658422
0.00277769
0.0012703
0.000850181
0.000547454
0.000345934
0.000196376
-0.00673594
1
1
1
1
1
1
1
1
1
1
1
1
1
1
1
1
1
1
1
1
1
1
1
1
1
1
1
1
1
1
1
1
1
1
1
1
1
1
1
1
1
1
1
1
1
1
1
1
1
1
1
1
1
1
1
1
1
1
1
1
1
1
1
1
1
1
1
1
1
1
1
1
1
1
1
1
1
1
1
1
1
0.999999
0.999989
0.999892
0.999309
0.997703
0.993952
0.988563
0.985144
0.97902
0.975348
0.97526
0.975169
0.964605
0.895422
0.870757
0.880565
0.880804
0.875558
0.875664
0.882477
0.908921
0.946979
0.967719
0.975532
0.976986
0.976702
0.980335
0.98689
0.98824
0.988747
0.989188
0.989447
0.989963
0.990761
0.991593
0.992638
0.993516
0.993995
0.994149
0.994044
0.993657
0.992537
0.988066
0.981338
0.978721
0.977159
0.971409
0.931834
0.759722
0.612375
0.531262
0.551172
0.80886
0.940387
0.976191
0.986503
0.987588
0.987499
0.987218
0.98646
0.984201
0.981019
0.975461
0.967304
0.954611
0.935984
0.912462
0.886577
0.861322
0.84709
0.838178
0.825143
0.796391
0.722645
0.492625
0.23857
0.0997573
0.037101
0.0126736
0.00411064
0.00134367
0.000527837
0.000337662
0.000216008
0.000130441
7.3128e-05
3.83332e-05
1.92156e-05
9.37555e-06
4.49388e-06
2.11855e-06
9.81858e-07
4.57386e-07
2.25953e-07
1.21816e-07
6.74739e-08
3.80627e-08
1.97092e-08
-5.54813e-07
1
1
1
1
1
1
1
1
1
1
1
1
1
1
1
1
1
1
1
1
1
1
1
1
1
1
1
1
1
1
1
1
1
1
1
1
1
1
1
1
1
1
1
1
1
1
1
1
1
1
1
1
1
1
1
1
1
1
1
1
1
1
1
1
1
1
1
1
1
1
1
1
1
1
1
1
1
1
1
0.999999
0.99999
0.999895
0.99911
0.99401
0.970304
0.937027
0.9169
0.905865
0.901122
0.900342
0.900973
0.900652
0.887624
0.855005
0.846253
0.849206
0.859908
0.869437
0.885083
0.906854
0.9296
0.947763
0.956898
0.962156
0.965539
0.967575
0.971851
0.980034
0.985839
0.98742
0.987717
0.98784
0.987898
0.987929
0.987533
0.986596
0.98446
0.980042
0.973803
0.966803
0.954898
0.923266
0.873969
0.847063
0.831855
0.805677
0.748531
0.669429
0.586063
0.529916
0.471365
0.453769
0.481597
0.689805
0.857534
0.876388
0.882595
0.885226
0.878874
0.866198
0.854175
0.828864
0.804557
0.770614
0.735884
0.695084
0.644336
0.583034
0.49911
0.388783
0.230181
0.10194
0.034833
0.00967993
0.0022111
0.000420096
7.01844e-05
2.08861e-05
6.25518e-06
1.81985e-06
5.14237e-07
1.50045e-07
5.24533e-08
2.37154e-08
1.21798e-08
6.40319e-09
3.30732e-09
1.66906e-09
8.27784e-10
4.05977e-10
1.97786e-10
9.64124e-11
4.78137e-11
2.47715e-11
1.3557e-11
7.67977e-12
4.30446e-12
2.35492e-12
-5.36548e-12
1.54047e-10
2.01607e-06
3.35246e-06
2.9306e-06
2.2405e-06
1.36014e-06
7.6858e-07
4.0758e-07
2.03924e-07
9.69327e-08
4.39663e-08
1.91473e-08
8.01563e-09
3.2499e-09
1.26649e-09
4.80321e-10
1.74142e-10
5.83671e-11
2.04042e-11
8.58435e-12
3.35358e-12
1.34377e-12
5.01979e-13
1.96938e-13
6.81151e-14
2.84523e-14
5.62443e-05
7.2453e-05
6.57672e-05
5.31314e-05
3.61806e-05
2.32038e-05
1.42219e-05
8.35374e-06
4.70637e-06
2.54266e-06
1.31824e-06
6.56087e-07
3.14009e-07
1.44426e-07
6.39818e-08
2.72379e-08
1.12155e-08
4.45549e-09
1.73478e-09
6.58086e-10
2.49531e-10
9.2386e-11
3.45188e-11
1.24358e-11
3.83547e-12
0.00124741
0.00107916
0.000824338
0.000589971
0.000400614
0.000261516
0.000165211
0.000101073
5.98e-05
3.41446e-05
1.87898e-05
9.95604e-06
5.08002e-06
2.49459e-06
1.17988e-06
5.37135e-07
2.36126e-07
1.00312e-07
4.15226e-08
1.67706e-08
6.69134e-09
2.62454e-09
1.02122e-09
3.96018e-10
1.23038e-10
0.010318
0.00767951
0.0055051
0.00382328
0.00258094
0.0016991
0.00109129
0.000682047
0.0004134
0.000242232
0.000136936
7.45891e-05
3.91372e-05
1.97698e-05
9.61777e-06
4.50454e-06
2.03603e-06
8.89577e-07
3.78293e-07
1.5713e-07
6.43872e-08
2.60233e-08
1.04057e-08
4.18917e-09
1.32896e-09
0.0421201
0.0311296
0.0224386
0.015841
0.0109584
0.00742223
0.00491097
0.00316194
0.00197276
0.00118851
0.000689953
0.000385488
0.000207255
0.000107185
5.33374e-05
2.55361e-05
1.1788e-05
5.25829e-06
2.28118e-06
9.67188e-07
4.04383e-07
1.67116e-07
6.82272e-08
2.81975e-08
9.09535e-09
0.123466
0.0928558
0.0685575
0.0498279
0.0356148
0.0249554
0.0170719
0.0113476
0.0072958
0.00452141
0.00269553
0.00154448
0.000850535
0.000450094
0.000228962
0.000111973
5.2751e-05
2.40019e-05
1.06134e-05
4.58741e-06
1.9544e-06
8.24027e-07
3.42736e-07
1.44842e-07
4.74021e-08
0.292225
0.225107
0.170955
0.128159
0.0946416
0.0685374
0.0484116
0.0331739
0.0219508
0.0139779
0.0085504
0.00502094
0.00283079
0.00153238
0.000796737
0.00039797
0.000191345
8.88094e-05
4.00324e-05
1.76384e-05
7.65635e-06
3.29129e-06
1.39366e-06
6.01282e-07
1.99537e-07
0.566863
0.453946
0.358147
0.278046
0.212187
0.158557
0.115398
0.0813572
0.0553095
0.0361423
0.0226642
0.0136318
0.00786613
0.00435537
0.00231469
0.00118109
0.000579702
0.000274523
0.000126182
5.66815e-05
2.50709e-05
1.09863e-05
4.73515e-06
2.08431e-06
7.01356e-07
0.88016
0.764369
0.632845
0.510396
0.404296
0.312728
0.234921
0.170519
0.119123
0.0798788
0.0513496
0.0316374
0.0186891
0.0105874
0.00575353
0.00300018
0.00150382
0.000726876
0.000340806
0.000156127
7.03901e-05
3.1448e-05
1.37986e-05
6.196e-06
2.11459e-06
0.978646
0.958873
0.909363
0.801152
0.666818
0.533926
0.414213
0.309936
0.22283
0.153557
0.101329
0.0640257
0.0387583
0.022485
0.0125043
0.00666789
0.00341522
0.00168571
0.000806585
0.000376971
0.000173304
7.89625e-05
3.52819e-05
1.61639e-05
5.59703e-06
0.996127
0.992703
0.985393
0.967957
0.919452
0.797829
0.645953
0.499684
0.370163
0.262356
0.177851
0.11535
0.0716232
0.0425896
0.0242579
0.0132374
0.00693212
0.00349569
0.00170763
0.000814511
0.00038198
0.000177569
8.08303e-05
3.7795e-05
1.32837e-05
0.999349
0.998722
0.997347
0.994221
0.986369
0.963437
0.888692
0.724643
0.556299
0.406826
0.283855
0.189193
0.120591
0.0735427
0.04292
0.0239751
0.0128392
0.00661538
0.00329958
0.00160649
0.000768757
0.000364763
0.00016923
8.07958e-05
2.88336e-05
0.999878
0.999771
0.999513
0.998887
0.997277
0.992681
0.977806
0.925498
0.769557
0.581793
0.418992
0.287606
0.188468
0.118
0.0706079
0.0403881
0.0221205
0.011645
0.00592993
0.00294698
0.00143919
0.000697232
0.000329811
0.000160839
5.82934e-05
0.99997
0.999953
0.999906
0.999777
0.999418
0.998352
0.994842
0.982203
0.934859
0.780159
0.58038
0.411112
0.277472
0.1786
0.109676
0.0642761
0.036013
0.019371
0.0100706
0.0051086
0.0025465
0.0012601
0.000607952
0.00030295
0.000111521
0.999988
0.999987
0.999979
0.999952
0.999868
0.999602
0.998692
0.995304
0.982087
0.930548
0.763546
0.558659
0.38911
0.25792
0.162747
0.097798
0.0560775
0.0308251
0.0163616
0.00847317
0.00431219
0.00218047
0.00107339
0.000546758
0.000204436
0.999994
0.999994
0.999993
0.999988
0.999968
0.999899
0.999649
0.998686
0.994777
0.97879
0.915397
0.727521
0.523675
0.358175
0.232581
0.143454
0.084233
0.0473321
0.0256555
0.0135664
0.00705117
0.00364515
0.0018316
0.000954055
0.000362344
0.999997
0.999997
0.999997
0.999996
0.999992
0.999973
0.999902
0.999619
0.998425
0.993335
0.972163
0.88828
0.679268
0.480627
0.321708
0.203893
0.122681
0.0705
0.0390334
0.0210821
0.0111952
0.00592013
0.00303778
0.00161886
0.000624582
0.999998
0.999999
0.999999
0.999999
0.999998
0.999993
0.999972
0.999887
0.999517
0.997882
0.990778
0.961308
0.846172
0.625019
0.431937
0.281557
0.173706
0.102125
0.0577757
0.0318855
0.0173087
0.00937016
0.00491333
0.00268082
0.00105101
0.999999
0.999999
1
1
0.999999
0.999998
0.999992
0.999966
0.999851
0.999325
0.996946
0.986622
0.944261
0.789834
0.563996
0.378284
0.239389
0.144034
0.0832909
0.0469959
0.0261008
0.0144829
0.00776957
0.00434612
0.00173243
0.999999
1
1
1
1
0.999999
0.999998
0.99999
0.999954
0.999783
0.998983
0.995346
0.979664
0.9159
0.716854
0.494375
0.321047
0.197776
0.116979
0.0675539
0.038447
0.0219177
0.0120559
0.00693006
0.00281147
1
1
1
1
1
1
0.999999
0.999997
0.999986
0.99993
0.999656
0.99835
0.992411
0.966945
0.864013
0.627161
0.418844
0.264468
0.160214
0.094895
0.0555098
0.0326439
0.0184782
0.0109549
0.00452919
1
1
1
1
1
1
1
0.999999
0.999995
0.999977
0.999881
0.999398
0.997077
0.986541
0.941675
0.773675
0.531746
0.344788
0.214504
0.130802
0.0790304
0.0482406
0.0282448
0.0173481
0.00731907
1
1
1
1
1
1
1
1
0.999999
0.999992
0.999958
0.999774
0.998839
0.994345
0.974093
0.889014
0.65647
0.438908
0.281721
0.177902
0.111804
0.0713917
0.0434765
0.0277788
0.0119688
1
1
1
1
1
1
1
1
1
0.999997
0.999985
0.999914
0.999531
0.997588
0.988326
0.947321
0.787505
0.547123
0.364402
0.24013
0.158263
0.106523
0.0677514
0.0451187
0.0198499
1
1
1
1
1
1
1
1
1
0.999999
0.999994
0.999967
0.999813
0.998987
0.994831
0.975384
0.8916
0.667927
0.465402
0.322829
0.224824
0.160284
0.106571
0.0738813
0.0331556
1
1
1
1
1
1
1
1
1
1
0.999998
0.999988
0.999929
0.999599
0.997854
0.989253
0.95011
0.799495
0.587529
0.432092
0.319502
0.241396
0.167359
0.120332
0.0550126
1
1
1
1
1
1
1
1
1
1
0.999999
0.999996
0.999976
0.999857
0.999206
0.995873
0.98006
0.911649
0.730153
0.572983
0.450409
0.359318
0.258488
0.191837
0.089254
1
1
1
1
1
1
1
1
1
1
1
0.999999
0.999994
0.999962
0.999784
0.998856
0.994389
0.974931
0.897455
0.766013
0.640706
0.537672
0.399783
0.305322
0.14465
1
1
1
1
1
1
1
1
1
1
1
1
0.999999
0.999994
0.999966
0.999822
0.99916
0.996452
0.986604
0.956935
0.886355
0.794907
0.610114
0.478178
0.231124
1
1
1
1
1
1
1
1
1
1
1
1
1
0.999999
0.999996
0.999978
0.999898
0.999577
0.998457
0.994974
0.984826
0.956604
0.853542
0.695277
0.345894
1
1
1
1
1
1
1
1
1
1
1
1
1
1
0.999999
0.999996
0.999982
0.999919
0.999679
0.99886
0.996204
0.987706
0.956755
0.864753
0.496392
1
1
1
1
1
1
1
1
1
1
1
1
1
1
1
0.999999
0.999996
0.999982
0.999918
0.999669
0.998734
0.995301
0.981792
0.934399
0.635125
1
1
1
1
1
1
1
1
1
1
1
1
1
1
1
1
0.999999
0.999995
0.999975
0.999885
0.999498
0.997891
0.991006
0.964026
0.730872
0.999999
1
1
1
1
1
1
1
1
1
1
1
1
1
1
1
1
0.999998
0.999991
0.999954
0.999772
0.998937
0.995076
0.978366
0.795636
0.999999
0.999999
0.999999
0.999999
1
1
1
1
1
1
1
1
1
1
1
1
1
0.999999
0.999996
0.999979
0.999884
0.999408
0.997036
0.985918
0.839989
0.999997
0.999997
0.999998
0.999999
0.999999
0.999999
1
1
1
1
1
1
1
1
1
1
1
1
0.999998
0.999989
0.999935
0.999641
0.9981
0.990368
0.871693
0.999993
0.999994
0.999995
0.999997
0.999998
0.999999
0.999999
0.999999
0.999999
0.999999
0.999999
0.999999
0.999999
0.999999
0.999999
1
1
1
0.999999
0.999994
0.999961
0.999773
0.998739
0.99319
0.895126
0.999985
0.999986
0.999989
0.999992
0.999995
0.999997
0.999998
0.999998
0.999998
0.999998
0.999997
0.999997
0.999997
0.999997
0.999997
0.999998
0.999999
0.999999
0.999999
0.999996
0.999975
0.999851
0.999135
0.995021
0.912608
0.999967
0.999968
0.999973
0.999981
0.999988
0.999993
0.999995
0.999996
0.999996
0.999996
0.999994
0.999993
0.999992
0.999992
0.999993
0.999995
0.999998
0.999998
0.999998
0.999997
0.999984
0.999899
0.999385
0.996224
0.925623
0.999925
0.999927
0.999936
0.999955
0.99997
0.999981
0.999988
0.99999
0.999991
0.99999
0.999987
0.999984
0.999982
0.999981
0.999982
0.999987
0.999993
0.999996
0.999997
0.999996
0.999987
0.999927
0.999545
0.997024
0.935193
0.999831
0.999835
0.999853
0.999891
0.999926
0.999952
0.999968
0.999976
0.999978
0.999978
0.999973
0.999963
0.999957
0.999956
0.999957
0.999964
0.999979
0.999988
0.999992
0.999992
0.999986
0.999939
0.999631
0.997486
0.941522
0.999625
0.999631
0.999663
0.99974
0.999815
0.999875
0.999917
0.999939
0.999946
0.999946
0.99994
0.999918
0.999901
0.999896
0.999898
0.999909
0.999942
0.999966
0.999977
0.99998
0.999976
0.999937
0.999663
0.997694
0.944549
0.999207
0.999211
0.99926
0.999405
0.999559
0.999689
0.999786
0.999844
0.999865
0.999867
0.999859
0.999818
0.999777
0.999763
0.999765
0.999784
0.999848
0.999907
0.999938
0.999946
0.999944
0.999908
0.999652
0.997756
0.945641
0.998404
0.998396
0.998462
0.998713
0.999009
0.999268
0.999477
0.999613
0.999671
0.999679
0.999667
0.999597
0.999512
0.999481
0.999483
0.999516
0.999642
0.999767
0.999835
0.999857
0.999855
0.999816
0.999548
0.997604
0.94487
0.996851
0.996818
0.996917
0.997339
0.997871
0.998346
0.998764
0.999062
0.999201
0.999226
0.99921
0.999096
0.998947
0.998896
0.998902
0.998972
0.99922
0.999463
0.999594
0.999634
0.999631
0.999575
0.999227
0.996892
0.938852
0.993633
0.993626
0.993854
0.994661
0.995557
0.996372
0.997147
0.997756
0.998065
0.99813
0.998107
0.997929
0.997738
0.997695
0.997728
0.997928
0.998439
0.99885
0.999071
0.999131
0.999123
0.999033
0.998517
0.995333
0.926218
0.986425
0.98682
0.987854
0.989398
0.990882
0.992248
0.993599
0.994747
0.99537
0.995512
0.995479
0.995282
0.995189
0.995217
0.995428
0.996161
0.99703
0.997685
0.998035
0.998123
0.998108
0.997949
0.997048
0.991989
0.902028
0.971304
0.973735
0.976538
0.979364
0.98188
0.98422
0.986534
0.988447
0.989476
0.989772
0.98976
0.989727
0.989806
0.990263
0.991602
0.993179
0.99463
0.99569
0.9962
0.996306
0.996257
0.995864
0.993802
0.983894
0.853169
0.943386
0.948364
0.953564
0.958412
0.962874
0.967084
0.970937
0.973741
0.974908
0.975289
0.976027
0.977899
0.980619
0.983782
0.987086
0.990018
0.992023
0.99298
0.993202
0.99316
0.992703
0.990941
0.984146
0.958606
0.744798
0.920971
0.926761
0.932572
0.93799
0.943065
0.948226
0.953422
0.958069
0.962161
0.966166
0.970086
0.973903
0.9779
0.981957
0.985249
0.987069
0.98757
0.987507
0.986663
0.984988
0.980868
0.970154
0.933933
0.833298
0.484178
0.913616
0.920131
0.926276
0.9319
0.937247
0.942745
0.948329
0.953442
0.957885
0.962207
0.966691
0.970934
0.974196
0.976008
0.976612
0.976463
0.973702
0.966342
0.959391
0.947044
0.911477
0.800957
0.568353
0.409528
0.198639
0.890656
0.902836
0.912009
0.91925
0.925806
0.931731
0.936594
0.941026
0.945008
0.947558
0.948868
0.949532
0.948962
0.943315
0.929464
0.920445
0.910027
0.879944
0.780766
0.580198
0.392292
0.258042
0.157785
0.0993258
0.0439516
0.739242
0.795703
0.827152
0.844459
0.854371
0.860656
0.861989
0.860198
0.856538
0.848975
0.831024
0.807388
0.7848
0.751593
0.682814
0.569905
0.431588
0.299624
0.192502
0.116203
0.0662616
0.0368557
0.0193365
0.0104927
0.00427385
0.212759
0.349425
0.43828
0.476537
0.50649
0.510629
0.505378
0.49108
0.46487
0.426445
0.381631
0.335529
0.282212
0.220729
0.157957
0.103081
0.0616809
0.0341118
0.0175362
0.00847667
0.0038842
0.00174455
0.000757161
0.000357743
0.000144412
0.0196332
0.0700573
0.102744
0.118448
0.133372
0.132836
0.128788
0.120942
0.107134
0.0909481
0.0731884
0.0532931
0.0346185
0.0201087
0.0105147
0.00499073
0.00217221
0.000873953
0.000327533
0.000115508
3.95536e-05
1.31276e-05
4.29021e-06
2.73865e-06
1.92809e-06
0.00179295
0.00939931
0.0140401
0.0181758
0.0195652
0.0187112
0.0169788
0.0141031
0.0101543
0.00624641
0.00317342
0.00139834
0.00054179
0.000187469
5.91674e-05
1.45198e-05
4.83105e-06
1.79735e-06
6.30759e-07
2.15805e-07
7.41573e-08
2.69883e-08
1.13003e-08
7.70097e-09
9.22917e-09
0.000124976
0.000682975
0.000919563
0.00104877
0.000932722
0.00071043
0.000384623
0.000158415
4.43113e-05
7.68889e-06
2.10088e-06
5.40957e-07
1.34053e-07
3.26272e-08
7.86605e-09
1.80116e-09
4.5283e-10
1.31395e-10
4.40996e-11
1.70347e-11
8.99883e-12
4.7878e-12
4.0292e-12
3.57673e-12
1.46779e-11
)
;

boundaryField
{
    inlet
    {
        type            fixedValue;
        value           uniform 1;
    }
    outlet
    {
        type            inletOutlet;
        inletValue      uniform 0;
        value           nonuniform List<scalar> 
57
(
2.84523e-14
3.83547e-12
1.23038e-10
1.32896e-09
9.09535e-09
4.74021e-08
1.99537e-07
7.01356e-07
2.11459e-06
5.59703e-06
1.32837e-05
2.88336e-05
5.82934e-05
0.000111521
0.000204436
0.000362344
0.000624582
0.00105101
0.00173243
0.00281147
0.00452919
0.00731907
0.0119688
0.0198499
0.0331556
0.0550126
0.089254
0.14465
0.231124
0.345894
0.496392
0.635125
0.730872
0.795636
0.839989
0.871693
0.895126
0.912608
0.925623
0.935193
0.941522
0.944549
0.945641
0.94487
0.938852
0.926218
0.902028
0.853169
0.744798
0.484178
0.198639
0.0439516
0.00427385
0.000144412
1.92809e-06
9.22917e-09
1.46779e-11
)
;
    }
    upperWall
    {
        type            zeroGradient;
    }
    lowerWall
    {
        type            zeroGradient;
    }
    frontAndBack
    {
        type            empty;
    }
}


// ************************************************************************* //
