/*--------------------------------*- C++ -*----------------------------------*\
  =========                 |
  \\      /  F ield         | OpenFOAM: The Open Source CFD Toolbox
   \\    /   O peration     | Website:  https://openfoam.org
    \\  /    A nd           | Version:  7
     \\/     M anipulation  |
\*---------------------------------------------------------------------------*/
FoamFile
{
    version     2.0;
    format      ascii;
    class       volScalarField;
    location    "0.09";
    object      nut;
}
// * * * * * * * * * * * * * * * * * * * * * * * * * * * * * * * * * * * * * //

dimensions      [0 2 -1 0 0 0 0];

internalField   nonuniform List<scalar> 
12225
(
0
0
0
0
0
0
0
0
0
0
0
0
0
0
0
5.82667e-10
0
0
0
0
0
0
0
0
0
0
0
0
0
0
0
0
0
6.87617e-10
0
0
0
1.19504e-09
8.50251e-11
0
0
0
0
0
0
0
0
0
0
0
0
9.52374e-10
0
0
0
1.68304e-08
7.45232e-09
1.18692e-09
3.47629e-10
0
0
0
0
0
0
0
0
4.93516e-10
4.42084e-10
1.01255e-09
0
0
1.53351e-07
2.15464e-07
3.02367e-07
1.10699e-07
2.19848e-09
0
0
0
0
0
8.73716e-10
1.57844e-09
1.72962e-09
1.76396e-09
9.63209e-10
0
0
0
3.85278e-07
3.82615e-07
4.85394e-07
2.66255e-07
4.99533e-08
0
1.40016e-08
4.16838e-08
5.53566e-08
5.6885e-08
4.52015e-08
2.81587e-08
1.22087e-08
3.22558e-09
0
0
0
0
6.68113e-07
4.18759e-07
3.65813e-07
1.82538e-07
2.16386e-08
0
3.57528e-08
6.53708e-08
9.18098e-08
1.73119e-07
3.33712e-07
4.55963e-07
4.22191e-07
2.64488e-07
1.25441e-07
5.11442e-08
2.56637e-08
1.24267e-08
4.2005e-07
4.89019e-07
3.35469e-07
1.77061e-07
1.4009e-08
1.76838e-08
8.00633e-08
1.10735e-07
1.11473e-07
1.77598e-07
2.9493e-07
3.22412e-07
2.58529e-07
1.6668e-07
9.34045e-08
4.9147e-08
2.95736e-08
2.3013e-08
0
3.7893e-07
3.94849e-07
3.31773e-07
1.01447e-07
8.99837e-08
1.64909e-07
1.48267e-07
7.1435e-08
9.26159e-08
1.2822e-07
1.12373e-07
7.75891e-08
4.43262e-08
1.94838e-08
3.36123e-09
0
0
0
0
4.79506e-07
4.75571e-07
2.64813e-07
1.33665e-07
1.79888e-07
1.56175e-07
7.89149e-08
3.78525e-08
3.50167e-08
1.87172e-08
0
0
0
0
0
0
0
1.85488e-09
3.90112e-07
4.09142e-07
1.4412e-07
1.27169e-08
6.00821e-08
6.19604e-08
2.69333e-08
0
0
0
0
0
0
0
0
0
0
3.8296e-07
5.32429e-07
5.7258e-07
1.29663e-07
0
2.06671e-09
7.58163e-09
0
0
0
0
0
0
0
0
0
0
0
9.09563e-08
5.14773e-07
6.96427e-07
1.37918e-07
0
0
0
0
0
0
0
0
0
0
0
0
0
2.15994e-07
3.7397e-07
5.96626e-07
7.04681e-07
0
0
0
0
0
0
0
0
0
0
0
0
0
0
2.92767e-07
3.72716e-07
1.09764e-06
1.52248e-06
0
0
0
0
0
0
0
0
0
0
0
0
0
0
2.69869e-07
6.60939e-07
1.23847e-06
1.24858e-06
1.78345e-07
0
0
0
0
0
0
0
0
0
0
0
0
0
0
0
0
0
0
0
0
0
0
0
0
0
0
0
0
5.89928e-08
2.43547e-08
0
6.96872e-07
6.26415e-07
0
0
0
0
0
0
1.66394e-07
2.2455e-07
1.7928e-07
1.24407e-07
1.17076e-07
1.7172e-07
2.36262e-07
1.68925e-07
0
0
4.72087e-07
5.72036e-07
3.34264e-07
0
0
0
0
0
0
0
0
0
1.44804e-08
6.4446e-08
5.22553e-08
0
0
0
5.21043e-07
7.72183e-07
2.90004e-07
0
0
0
0
0
0
0
0
0
2.60265e-08
3.14593e-08
0
0
0
0
2.89564e-07
6.6016e-07
3.78744e-07
2.09514e-08
0
0
0
0
0
0
0
0
0
0
0
0
0
0
0
0
0
0
0
0
0
0
0
0
0
0
3.19238e-08
1.81127e-07
2.00626e-07
1.33362e-07
4.04213e-08
0
0
0
0
0
0
0
0
0
0
0
0
0
0
3.64527e-08
1.05828e-07
1.22056e-07
9.01828e-08
3.96321e-08
0
0
0
0
0
0
0
0
0
0
0
0
0
0
0
2.01667e-08
2.90185e-08
2.16654e-08
0
0
0
0
0
0
0
0
0
0
0
0
0
0
0
0
3.80014e-09
4.19197e-09
0
0
0
0
0
0
0
0
0
0
0
0
0
0
0
0
0
0
0
0
0
0
0
0
0
0
0
0
0
0
0
0
0
0
0
0
3.97029e-09
0
0
0
0
0
0
0
0
0
0
0
0
0
0
0
0
0
5.33934e-09
0
0
0
0
0
0
0
0
0
0
0
0
0
0
0
0
0
4.33764e-08
0
0
0
0
0
0
0
0
0
0
0
0
0
0
0
0
0
1.705e-06
2.32194e-06
1.66356e-06
7.27293e-07
7.03023e-08
0
0
0
0
0
0
0
0
9.86776e-08
6.9334e-07
2.12699e-06
5.02286e-06
8.96545e-06
1.15632e-05
1.13438e-05
9.31718e-06
6.75282e-06
4.42867e-06
2.54885e-06
1.23735e-06
6.04148e-07
4.82786e-07
5.44196e-07
5.73298e-07
5.24899e-07
4.3219e-07
3.3215e-07
2.4401e-07
1.67342e-07
9.4899e-08
1.56866e-08
0
0
0
0
0
0
1.43943e-07
4.24887e-07
2.44582e-07
0
0
0
0
0
0
0
0
0
0
0
0
0
0
0
0
0
3.05925e-06
1.09937e-05
1.81918e-05
7.44744e-06
0
0
5.04429e-06
6.44456e-06
1.36581e-06
0
0
2.96815e-06
1.58213e-05
4.10298e-05
4.87718e-05
4.36316e-05
1.53381e-05
1.66874e-06
2.68332e-07
5.78236e-08
4.85037e-08
6.45235e-08
7.12913e-08
6.82762e-08
5.98212e-08
4.96094e-08
3.83574e-08
2.92366e-08
2.08587e-08
1.38912e-08
7.95222e-09
2.6873e-09
0
0
0
0
0
0
0
0
0
0
0
0
0
0
0
0
0
0
0
0
0
0
0
0
0
0
0
0
0
0
0
0
0
0
0
0
0
0
0
0
0
0
0
0
0
0
0
0
0
0
0
0
0
0
0
0
0
0
0
0
0
0
0
0
0
0
0
0
0
0
0
0
0
3.66418e-12
8.2196e-12
1.73205e-11
1.44302e-11
2.51272e-11
1.18045e-11
3.32297e-11
1.04768e-11
7.27853e-11
7.84151e-11
2.1564e-10
2.24766e-09
0
7.53786e-07
2.22984e-06
2.8745e-06
2.5937e-06
1.82265e-06
9.66671e-07
2.66523e-07
0
0
0
0
0
4.83268e-08
2.37648e-07
5.34684e-07
1.05498e-06
1.80537e-06
2.65279e-06
3.41033e-06
3.92468e-06
3.64413e-06
2.26866e-06
1.03588e-06
4.35684e-07
4.40207e-08
0
0
0
0
0
0
0
0
0
1.96278e-08
6.91657e-08
4.72285e-08
0
0
0
0
2.42531e-07
9.39975e-07
1.00188e-06
2.88798e-07
0
6.56472e-08
6.64103e-07
4.76158e-07
0
0
0
0
0
0
0
0
0
0
0
0
0
2.68776e-07
1.79152e-06
2.89544e-06
1.58273e-06
0
0
6.48063e-07
2.00208e-06
7.402e-07
0
6.80124e-07
8.9394e-06
7.91562e-06
8.96857e-06
8.91752e-06
6.33787e-06
2.96699e-06
9.21503e-07
3.32504e-07
1.43677e-07
1.159e-07
1.13199e-07
1.07239e-07
9.76681e-08
8.58092e-08
7.33309e-08
6.11919e-08
4.9452e-08
3.80826e-08
2.70339e-08
1.65042e-08
6.50785e-09
0
0
0
0
0
0
0
0
0
0
0
0
0
0
0
0
0
0
0
0
0
0
0
0
0
0
0
0
0
0
0
0
0
4.17064e-09
0
0
0
0
0
0
0
0
0
0
0
0
0
0
0
0
0
0
0
0
0
0
0
0
0
0
0
0
0
0
0
0
0
0
0
0
0
4.37878e-12
3.78845e-11
7.23683e-11
7.9521e-11
1.07193e-10
9.01541e-11
1.25077e-10
8.06818e-11
1.41822e-10
7.76826e-11
1.75843e-10
1.78897e-10
1.96625e-10
1.1596e-09
0
2.25453e-07
1.42795e-06
2.64631e-06
3.06997e-06
2.84715e-06
2.20054e-06
1.37448e-06
5.62781e-07
1.26278e-07
4.13688e-07
1.26689e-06
2.09708e-06
2.6168e-06
2.80962e-06
2.68149e-06
2.29048e-06
1.79571e-06
1.28802e-06
8.08934e-07
4.05271e-07
0
0
0
0
0
0
0
0
0
0
0
0
0
0
0
0
0
6.23192e-09
8.90871e-08
2.98185e-07
8.71762e-07
1.52122e-06
1.7226e-06
1.36394e-06
9.3194e-07
7.55895e-07
1.0655e-06
1.50896e-06
1.45874e-06
7.74813e-07
0
0
0
0
0
0
0
0
0
0
0
0
9.72668e-08
5.08663e-07
7.26952e-07
6.28945e-07
0
0
0
0
0
2.28673e-06
2.83165e-06
7.80108e-08
0
1.36437e-07
2.91857e-07
3.45119e-07
4.54127e-07
3.87183e-07
3.01146e-07
3.77491e-07
4.98235e-07
5.36014e-07
4.98454e-07
4.29282e-07
3.5401e-07
2.86198e-07
2.25412e-07
1.72389e-07
1.27477e-07
8.89041e-08
5.59081e-08
2.70132e-08
5.34956e-10
0
0
0
0
0
0
0
0
0
0
0
0
0
0
0
0
0
0
0
0
0
0
0
0
0
0
0
0
0
0
0
0
0
0
0
0
0
0
0
0
0
0
4.79347e-10
1.52823e-09
1.94457e-09
1.81741e-09
1.27917e-09
7.22826e-10
4.54203e-10
4.65012e-10
3.55904e-11
0
0
0
0
0
0
0
0
0
0
0
0
0
0
0
0
8.4619e-11
2.48433e-10
3.2455e-10
3.67104e-10
3.58802e-10
3.65793e-10
3.24238e-10
3.38784e-10
2.76977e-10
3.21992e-10
2.31837e-10
3.14036e-10
2.26729e-10
2.79166e-10
4.24109e-10
0
1.25065e-09
0
1.02991e-07
8.00361e-07
2.11928e-06
2.51427e-06
1.38525e-06
5.36582e-08
0
0
1.09036e-06
7.47373e-06
7.53721e-06
4.72834e-06
2.8802e-06
1.70252e-06
9.35482e-07
4.09588e-07
0
0
0
0
0
0
0
0
0
0
0
0
0
0
0
0
0
0
0
0
0
1.32541e-07
2.52261e-07
2.80578e-07
2.94033e-07
2.50512e-07
4.57342e-08
0
1.44022e-08
1.41336e-07
4.09109e-07
6.71666e-07
6.6569e-07
4.13944e-07
1.83336e-07
1.972e-07
5.50844e-07
1.21691e-06
1.75871e-06
1.32178e-06
0
0
0
0
0
0
0
0
1.29358e-07
5.33375e-07
9.38244e-07
7.20148e-07
9.67516e-08
0
9.20971e-07
2.36395e-06
5.04835e-07
0
0
0
0
0
0
0
1.89839e-07
4.16552e-07
4.71282e-07
3.97721e-07
3.23021e-07
2.68577e-07
2.47063e-07
2.413e-07
2.52946e-07
2.76823e-07
3.09437e-07
3.40695e-07
3.33936e-07
1.90759e-07
0
0
0
0
0
0
0
0
0
0
0
0
0
0
0
0
0
0
0
0
0
0
0
0
0
0
0
0
0
0
0
0
0
0
0
0
0
0
0
0
0
0
0
0
0
0
0
5.65193e-09
1.25566e-08
9.86721e-09
9.20524e-09
9.98684e-09
8.6502e-09
3.81675e-09
0
0
0
0
0
0
0
0
0
0
0
5.84275e-11
9.2463e-10
1.529e-09
1.86739e-09
1.98862e-09
1.90528e-09
1.72243e-09
1.44763e-09
1.2076e-09
9.37256e-10
7.78361e-10
5.8639e-10
5.16795e-10
4.00688e-10
3.01824e-10
3.6405e-10
0
6.70061e-10
0
1.8704e-09
0
2.92089e-08
2.229e-07
1.20295e-06
1.39284e-06
0
0
0
3.90948e-06
1.679e-05
1.2761e-05
7.39018e-06
3.90335e-06
1.93754e-06
8.52948e-07
3.34716e-07
6.16539e-08
0
0
0
0
0
0
0
0
0
0
0
0
0
0
0
0
0
0
0
0
4.3541e-08
1.88394e-07
3.25829e-07
4.60731e-07
5.70832e-07
6.21927e-07
6.26211e-07
6.45766e-07
6.78327e-07
7.15937e-07
7.67667e-07
8.18607e-07
8.36923e-07
8.48891e-07
9.31593e-07
1.13105e-06
1.50465e-06
2.22675e-06
3.0207e-06
2.78792e-06
1.5675e-06
0
0
0
0
0
0
0
1.04163e-06
2.52239e-06
3.58424e-06
3.29852e-06
1.99729e-06
1.48665e-06
1.63445e-06
8.52325e-07
4.5243e-07
9.23596e-08
0
0
0
0
0
0
1.52561e-07
1.06902e-07
2.80221e-08
0
0
0
0
0
0
0
0
0
0
0
0
0
0
0
0
0
0
0
0
0
0
0
0
0
0
0
0
0
0
0
0
0
0
0
0
0
0
0
0
0
0
0
0
0
0
0
0
0
0
0
0
0
0
0
0
0
0
0
0
0
0
0
0
0
0
0
0
3.00793e-09
1.02833e-08
7.89993e-09
2.19264e-09
0
0
0
0
0
0
0
0
0
0
0
0
0
2.54976e-10
6.00618e-10
1.02111e-09
3.88435e-10
9.37991e-10
0
1.06097e-09
0
1.85904e-09
0
3.68125e-09
0
0
6.50555e-08
5.03062e-07
0
0
0
6.99611e-06
1.26372e-05
1.20872e-05
9.5929e-06
6.84479e-06
4.28335e-06
2.21538e-06
9.94207e-07
3.61593e-07
0
0
0
0
0
0
0
0
0
0
0
0
0
0
0
0
0
0
0
0
0
4.08308e-08
1.38354e-07
2.27771e-07
3.12585e-07
3.88584e-07
4.40639e-07
4.71027e-07
4.90954e-07
4.97468e-07
4.97546e-07
4.93405e-07
4.96157e-07
5.13124e-07
5.52216e-07
6.35499e-07
7.83842e-07
1.0672e-06
1.76827e-06
2.8008e-06
2.77958e-06
1.49361e-06
4.02278e-08
0
0
0
0
0
9.58329e-08
4.06803e-06
5.12362e-06
4.76669e-06
3.79809e-06
1.70291e-06
3.16067e-07
2.28923e-07
2.50538e-07
1.66278e-07
0
0
0
0
0
0
1.1434e-07
1.86938e-07
9.75052e-08
4.01156e-08
1.03046e-08
0
0
6.64418e-10
5.3798e-09
1.14381e-08
1.76585e-08
2.13997e-08
8.58448e-09
0
0
0
0
0
4.34135e-09
7.11714e-09
4.20236e-09
0
0
0
0
0
0
0
0
0
0
0
0
0
0
0
0
0
0
0
0
0
0
0
0
0
0
0
0
0
0
0
0
0
0
0
0
0
0
0
0
0
0
0
0
2.99125e-08
3.74026e-08
7.8393e-09
0
0
0
0
0
0
0
0
0
0
0
0
0
0
0
0
0
0
0
0
0
0
0
0
0
1.54997e-09
0
7.42579e-09
0
8.97955e-09
0
7.92228e-09
0
0
0
0
2.08084e-06
4.15814e-06
5.68619e-06
6.95212e-06
7.79898e-06
7.46905e-06
6.25807e-06
4.80575e-06
3.28929e-06
1.94928e-06
1.04589e-06
4.70221e-07
5.6609e-08
0
0
0
0
0
0
0
0
0
0
0
0
0
0
0
0
0
0
0
0
0
0
0
5.69878e-08
2.07057e-07
3.44955e-07
4.54864e-07
5.29843e-07
5.5784e-07
5.51459e-07
5.0835e-07
4.48998e-07
3.95296e-07
3.6408e-07
3.58372e-07
3.92169e-07
5.0701e-07
1.03532e-06
2.10236e-06
1.92062e-06
1.01962e-08
0
0
0
0
0
0
1.33493e-07
8.39266e-07
7.82343e-07
8.76135e-07
8.01098e-07
0
0
0
0
0
0
0
0
0
0
0
2.31928e-07
2.017e-07
1.20707e-07
7.15793e-08
4.8644e-08
4.17483e-08
3.94651e-08
3.4543e-08
2.44411e-08
1.09095e-08
0
0
0
0
0
0
2.6973e-08
4.23153e-08
4.34446e-08
3.7931e-08
2.96371e-08
1.94189e-08
8.67691e-09
0
0
0
0
0
0
0
0
0
0
0
0
0
0
0
0
0
0
0
0
0
0
0
0
0
0
0
0
0
0
0
0
0
0
0
0
0
0
0
0
0
0
1.15032e-08
5.65614e-08
7.13612e-08
2.23966e-08
0
0
0
0
0
0
0
5.57461e-09
1.3478e-08
5.52736e-09
1.45881e-09
2.10711e-10
0
0
0
0
0
0
0
0
0
0
0
0
5.64325e-09
5.98857e-09
1.12411e-08
3.67191e-09
4.87773e-09
0
0
0
0
0
0
1.58805e-06
2.80255e-06
3.52147e-06
3.99354e-06
4.30806e-06
4.27949e-06
3.88954e-06
3.32331e-06
2.59991e-06
1.82285e-06
1.16527e-06
6.23248e-07
1.6526e-07
0
0
0
0
0
0
0
0
0
0
0
0
0
0
0
0
0
0
0
0
0
0
0
0
0
0
0
4.82979e-08
3.36599e-07
4.75095e-07
5.01793e-07
4.57265e-07
3.81512e-07
3.24986e-07
2.94682e-07
2.89619e-07
3.12426e-07
6.31119e-07
1.62085e-06
8.04033e-07
0
0
0
0
0
0
0
0
0
0
5.61916e-08
0
0
0
0
0
0
0
0
0
0
0
0
2.66595e-07
1.78703e-07
1.09524e-07
6.95646e-08
4.79311e-08
3.52783e-08
2.63559e-08
1.78701e-08
5.93182e-09
0
0
0
0
0
0
3.63702e-08
5.43887e-08
5.21304e-08
4.6165e-08
3.7823e-08
2.97604e-08
2.05003e-08
1.18149e-08
3.13031e-09
0
0
0
0
0
0
0
0
0
0
0
0
0
0
0
0
0
0
0
0
0
0
0
0
0
0
0
0
0
0
0
0
0
0
0
0
0
0
0
0
0
1.89092e-09
2.92607e-08
7.32927e-08
9.31967e-08
2.77477e-08
0
0
0
0
0
0
0
3.76401e-08
4.61002e-08
3.32552e-08
2.36116e-08
1.5617e-08
6.66576e-09
0
0
0
0
6.68636e-09
4.93527e-09
0
0
0
0
3.72018e-09
5.07927e-09
9.23235e-09
5.95274e-09
6.42223e-09
0
0
0
0
0
0
0
3.56107e-07
7.11986e-07
1.03633e-06
1.32465e-06
1.52347e-06
1.58979e-06
1.56194e-06
1.40444e-06
1.12034e-06
7.86507e-07
4.22768e-07
5.68087e-08
0
0
0
0
0
0
2.15497e-07
6.53724e-07
9.8378e-07
9.55951e-07
5.437e-07
0
0
0
0
0
0
0
0
0
0
0
0
0
0
0
0
0
0
8.43725e-08
3.68901e-07
4.07834e-07
3.54777e-07
2.87226e-07
2.41741e-07
2.21988e-07
2.01592e-07
2.76603e-07
1.20876e-06
0
0
0
0
0
0
0
0
0
0
0
1.78631e-07
0
0
0
0
0
0
0
0
0
0
0
2.26632e-07
2.69409e-07
1.53581e-07
9.77407e-08
7.30179e-08
6.00593e-08
5.30673e-08
4.61137e-08
3.53009e-08
1.74424e-08
0
0
0
0
0
1.12732e-07
1.53508e-07
1.33566e-07
1.04145e-07
7.78914e-08
5.1914e-08
3.30183e-08
1.67592e-08
5.33209e-09
0
0
0
0
0
0
0
0
0
0
0
0
0
0
0
0
0
0
0
0
0
0
0
0
0
0
0
0
0
0
4.77255e-09
1.4875e-08
2.45139e-08
2.4532e-08
0
0
0
0
0
0
0
0
9.53206e-09
2.50903e-08
4.28941e-08
8.14553e-08
9.77403e-08
1.62136e-08
0
0
0
0
0
0
8.08695e-10
4.9196e-08
6.15921e-08
4.80713e-08
3.10352e-08
1.51707e-08
2.65176e-10
0
0
0
0
5.35153e-09
1.52456e-08
3.8875e-09
0
0
1.13486e-09
2.57118e-09
5.83093e-09
4.12122e-09
4.89731e-09
0
0
0
0
0
0
0
0
0
0
0
0
3.01847e-08
8.64912e-08
9.41084e-08
5.63238e-08
0
0
0
1.40257e-08
2.73375e-07
7.06497e-07
1.29909e-06
2.05285e-06
2.9794e-06
4.03327e-06
4.53266e-06
3.88305e-06
2.71539e-06
1.81424e-06
1.09832e-06
6.47748e-07
3.62256e-07
1.76897e-07
7.02588e-08
8.85735e-08
2.57662e-07
5.28281e-07
8.1097e-07
1.03183e-06
1.14431e-06
1.11071e-06
8.87699e-07
4.02881e-07
0
0
0
0
0
0
2.75139e-07
3.1995e-07
2.63531e-07
2.1079e-07
1.75559e-07
1.49402e-07
9.72903e-08
3.10279e-07
0
0
0
0
0
0
0
0
0
0
4.80297e-08
6.10352e-07
3.4014e-07
1.14594e-07
0
0
0
0
0
0
0
0
0
4.94422e-07
2.80924e-07
1.53972e-07
1.1146e-07
9.1854e-08
8.16966e-08
7.35152e-08
6.13707e-08
4.3881e-08
1.63812e-08
0
0
0
0
1.16725e-06
1.0363e-06
7.71786e-07
5.93239e-07
4.32725e-07
3.09833e-07
1.98043e-07
1.14089e-07
5.10106e-08
9.6729e-09
0
0
0
0
0
0
0
0
0
0
0
0
0
0
0
0
0
0
0
0
0
0
0
0
0
0
0
9.6979e-09
1.65429e-08
2.14693e-08
3.44384e-08
5.13144e-08
6.37304e-08
8.15385e-08
9.71748e-08
8.36286e-08
4.90223e-08
1.00794e-08
0
0
0
0
2.39448e-08
3.93132e-08
4.59072e-08
5.46779e-08
8.47249e-08
8.9077e-08
0
0
0
0
0
0
0
2.33936e-08
5.75999e-08
6.91696e-08
5.49247e-08
3.10342e-08
8.87168e-09
0
0
0
0
0
2.54461e-09
2.35855e-08
1.33906e-08
2.90614e-09
1.34771e-09
8.90361e-10
2.44137e-09
6.85416e-10
8.36376e-10
0
0
0
0
0
0
0
0
0
0
0
0
0
0
0
0
0
0
1.96204e-07
6.48066e-07
9.85153e-07
1.08191e-06
1.08165e-06
1.20309e-06
1.62514e-06
2.34987e-06
2.78585e-06
2.62995e-06
2.2684e-06
2.10439e-06
2.11555e-06
2.06789e-06
1.71269e-06
9.93173e-07
1.43623e-07
0
0
0
0
1.42296e-07
5.99537e-07
1.05668e-06
1.45694e-06
1.7184e-06
1.69938e-06
1.32035e-06
2.65032e-07
0
0
0
0
1.49734e-07
2.00521e-07
1.61301e-07
1.13869e-07
6.14909e-08
0
0
0
0
0
4.9957e-08
0
0
0
0
0
0
1.36086e-06
1.29144e-06
8.64449e-07
4.59079e-07
1.70137e-07
0
0
0
0
0
0
0
0
5.88466e-07
2.53844e-07
1.48976e-07
1.19461e-07
9.23845e-08
7.52453e-08
6.62759e-08
5.60254e-08
3.94505e-08
5.54937e-09
0
0
0
0
2.12434e-06
1.60082e-06
1.27486e-06
1.02184e-06
7.96071e-07
5.95479e-07
4.18033e-07
2.50844e-07
1.0892e-07
3.64561e-09
0
0
0
0
0
0
0
0
0
0
0
0
0
0
0
0
0
0
0
0
0
0
0
0
0
0
7.62683e-09
2.24382e-08
4.09686e-08
5.6515e-08
7.76989e-08
1.16701e-07
1.51151e-07
1.60547e-07
1.73313e-07
1.90771e-07
1.81832e-07
1.65047e-07
1.44821e-07
9.25947e-08
8.11584e-09
5.89584e-09
4.02311e-08
5.42121e-08
6.20857e-08
6.24382e-08
6.37799e-08
8.19596e-08
6.41785e-08
0
0
0
0
0
0
1.40121e-08
4.53007e-08
6.59603e-08
7.00134e-08
5.16974e-08
2.30154e-08
0
0
0
0
0
0
1.06711e-09
2.6647e-08
1.95721e-08
8.32756e-09
2.55539e-09
9.97794e-10
0
0
0
0
0
0
0
0
0
0
0
0
0
0
0
0
0
0
0
5.71555e-08
3.23271e-07
4.12171e-07
3.75594e-07
3.32665e-07
3.70884e-07
5.31119e-07
7.7132e-07
9.72217e-07
1.11136e-06
1.3939e-06
1.99877e-06
2.95219e-06
4.06e-06
4.7149e-06
3.64672e-06
4.3593e-07
0
0
0
0
0
0
0
0
0
1.56272e-07
8.88195e-07
1.431e-06
1.47023e-06
7.76405e-07
0
0
0
0
5.24649e-09
8.20788e-08
5.09307e-08
0
0
0
0
0
0
0
1.19372e-07
1.7738e-08
0
0
0
8.57169e-07
2.14383e-06
1.68619e-06
1.10877e-06
6.86478e-07
4.34524e-07
3.56152e-07
5.51009e-07
1.29812e-06
0
0
0
0
5.56897e-07
4.39233e-07
1.62406e-07
1.1163e-07
1.01053e-07
7.30659e-08
6.04287e-08
6.22321e-08
6.26141e-08
5.71152e-08
3.3652e-08
0
0
0
0
3.69469e-07
8.35553e-07
9.09009e-07
8.58917e-07
7.6161e-07
6.18352e-07
4.71312e-07
3.22067e-07
1.7115e-07
2.92668e-08
0
0
0
0
0
0
0
0
0
0
0
0
0
0
0
0
0
0
0
0
0
0
0
0
0
1.30111e-08
3.30144e-08
5.17667e-08
8.00799e-08
1.14314e-07
1.4451e-07
1.87349e-07
2.41072e-07
2.67764e-07
2.6913e-07
2.70241e-07
2.71097e-07
2.63938e-07
2.64974e-07
2.53222e-07
2.01675e-07
9.49281e-08
6.79175e-08
7.71166e-08
7.86457e-08
8.07327e-08
7.4748e-08
6.78428e-08
6.69218e-08
1.5462e-08
0
0
0
0
0
2.02954e-08
4.71781e-08
6.27395e-08
6.89847e-08
6.31651e-08
4.04738e-08
1.02604e-08
0
0
0
0
0
0
3.02667e-09
2.45282e-08
2.27572e-08
1.12245e-08
3.96472e-09
0
0
0
0
0
0
0
0
0
0
0
0
0
0
0
0
0
0
0
1.53795e-07
1.97185e-07
1.63207e-07
1.26987e-07
1.24959e-07
1.48361e-07
1.66163e-07
1.61052e-07
2.23224e-07
4.93465e-07
1.08233e-06
2.09624e-06
3.67347e-06
5.95425e-06
8.87039e-06
5.09878e-06
0
0
0
0
0
0
0
0
0
0
0
0
7.16921e-08
8.27143e-07
9.59388e-07
8.75208e-08
0
3.9656e-07
0
0
1.83509e-08
3.39197e-08
0
0
0
0
0
0
0
0
0
0
0
4.7278e-08
1.62782e-06
1.89091e-06
1.45575e-06
1.03034e-06
7.59747e-07
7.00441e-07
1.0303e-06
2.33312e-06
2.24583e-06
0
0
0
0
7.0933e-07
3.09682e-07
8.14185e-08
7.12783e-08
8.51983e-08
5.95069e-08
5.03995e-08
6.06411e-08
7.2275e-08
8.81308e-08
9.36247e-08
0
0
0
0
0
4.27051e-09
3.11269e-07
4.29848e-07
4.50652e-07
4.16517e-07
3.66389e-07
3.07293e-07
2.15321e-07
9.37042e-08
0
0
0
0
0
0
0
0
0
0
0
0
0
0
0
0
0
0
0
0
0
0
0
0
1.29235e-08
4.95464e-08
8.62262e-08
1.18861e-07
1.58071e-07
2.13261e-07
2.643e-07
3.03106e-07
3.40193e-07
3.62844e-07
3.60436e-07
3.4495e-07
3.3393e-07
3.28026e-07
3.31532e-07
3.45373e-07
3.37593e-07
2.83094e-07
1.60573e-07
1.16398e-07
1.04274e-07
9.80951e-08
9.28634e-08
7.94213e-08
6.07783e-08
2.78403e-08
0
0
0
0
3.90139e-09
4.04376e-08
6.3038e-08
7.20432e-08
7.0256e-08
6.38463e-08
5.06888e-08
2.54795e-08
0
0
0
0
0
0
0
6.28017e-09
2.20455e-08
2.17236e-08
1.26456e-08
1.14878e-09
0
0
0
0
0
0
0
0
0
0
0
0
0
0
0
0
0
7.71432e-08
9.60207e-08
5.44778e-08
1.6376e-08
6.04997e-09
5.37822e-09
0
0
0
5.57893e-08
2.9499e-07
6.70362e-07
1.12291e-06
1.4757e-06
1.31943e-06
0
0
0
0
0
0
0
0
0
0
0
0
0
0
0
0
5.75638e-07
3.15637e-07
0
0
7.84411e-08
0
1.61747e-09
2.91758e-08
0
0
0
0
0
0
0
0
0
0
0
6.05135e-07
1.24403e-06
1.22777e-06
9.75979e-07
7.70969e-07
7.2426e-07
9.32145e-07
1.46482e-06
1.70436e-06
7.8389e-07
0
0
0
0
5.12746e-07
2.73868e-07
4.39481e-08
3.01546e-08
4.82683e-08
1.82599e-08
6.29164e-09
1.81303e-08
2.93949e-08
2.99413e-08
0
0
0
0
0
0
0
0
0
9.6267e-09
8.18601e-08
1.69561e-07
2.33234e-07
2.08575e-07
1.2043e-07
1.47654e-08
0
0
0
0
0
2.35319e-08
2.35547e-08
5.57664e-09
0
0
0
0
0
0
0
0
0
0
0
0
0
0
0
4.35915e-08
1.00586e-07
1.59581e-07
2.15964e-07
2.70568e-07
3.33646e-07
3.88529e-07
4.20675e-07
4.32653e-07
4.26618e-07
4.07398e-07
3.86456e-07
3.69327e-07
3.56701e-07
3.5852e-07
3.85154e-07
4.07007e-07
4.00526e-07
3.32174e-07
2.01914e-07
1.47912e-07
1.21539e-07
1.10708e-07
9.58862e-08
7.29443e-08
3.84187e-08
0
0
0
0
4.45784e-08
8.19983e-08
9.81296e-08
9.72821e-08
8.4808e-08
6.81183e-08
5.40751e-08
3.66202e-08
8.4971e-09
0
0
0
0
0
0
0
9.76998e-09
1.91305e-08
1.9671e-08
9.40771e-09
0
0
0
0
0
0
0
0
0
0
0
0
0
0
0
0
7.30809e-08
6.87737e-08
8.77381e-09
0
0
0
0
0
0
0
0
0
0
0
0
0
0
0
0
0
0
0
0
0
0
0
0
0
0
0
0
0
3.59536e-07
3.68679e-07
0
0
0
0
2.5423e-08
2.48286e-08
0
0
0
0
0
0
0
0
0
0
0
5.03906e-07
7.95256e-07
7.28746e-07
5.82165e-07
5.56594e-07
6.86375e-07
9.37383e-07
1.09416e-06
8.21604e-07
2.35383e-07
0
0
0
0
2.74568e-07
2.9989e-07
4.53692e-08
0
2.10496e-08
0
0
0
0
0
0
0
0
0
0
0
0
0
0
0
0
0
1.12809e-07
1.66294e-07
1.15082e-07
3.17148e-08
0
0
0
0
5.16333e-08
8.26036e-08
7.46791e-08
4.4106e-08
1.99057e-09
0
0
0
0
0
0
0
0
0
0
0
0
0
0
7.39504e-08
1.52323e-07
2.28837e-07
2.98697e-07
3.59398e-07
4.12639e-07
4.41742e-07
4.56671e-07
4.59527e-07
4.41482e-07
4.08167e-07
3.80743e-07
3.67367e-07
3.58869e-07
3.54451e-07
3.78338e-07
4.25893e-07
4.46357e-07
4.34636e-07
3.39249e-07
2.20479e-07
1.62186e-07
1.29941e-07
1.1334e-07
8.8194e-08
5.72133e-08
1.70317e-08
0
0
8.06617e-08
1.53625e-07
1.76856e-07
1.72342e-07
1.51271e-07
1.21739e-07
9.0202e-08
6.47835e-08
4.62118e-08
2.15023e-08
0
0
0
0
0
0
0
1.19295e-09
1.05147e-08
1.64074e-08
1.40867e-08
5.37026e-09
0
0
0
1.86699e-07
0
0
0
0
0
0
0
0
1.51914e-08
9.14291e-08
1.22847e-07
9.31226e-08
5.39442e-09
0
0
0
0
3.89502e-08
5.32811e-08
3.24411e-08
0
0
0
0
0
0
0
0
0
0
0
0
0
0
0
0
0
0
0
0
0
0
0
3.16838e-07
3.66852e-07
0
0
0
9.47926e-08
6.81452e-08
2.41654e-08
0
0
0
0
0
0
0
0
0
0
0
1.46346e-07
4.76132e-07
4.68351e-07
4.18797e-07
4.66824e-07
6.10412e-07
7.60969e-07
7.3929e-07
4.97173e-07
1.25996e-07
0
0
0
0
0
3.4518e-07
1.11155e-07
0
0
0
0
0
0
0
0
0
0
0
0
0
0
0
0
0
0
0
1.56255e-08
1.25766e-07
1.08366e-07
4.78665e-08
0
0
0
6.5565e-08
1.59302e-07
1.76687e-07
1.43685e-07
9.03695e-08
2.96038e-08
0
0
0
0
0
0
0
0
0
0
0
0
0
0
7.75602e-08
1.62689e-07
2.43714e-07
3.12365e-07
3.69082e-07
4.14022e-07
4.24843e-07
4.14406e-07
4.11111e-07
4.07033e-07
3.89784e-07
3.68965e-07
3.58226e-07
3.56981e-07
3.5618e-07
3.62118e-07
4.11889e-07
4.60006e-07
4.77356e-07
4.43227e-07
3.22783e-07
2.24255e-07
1.65398e-07
1.35021e-07
1.092e-07
7.8641e-08
5.3926e-08
5.19073e-08
1.10828e-07
2.7379e-07
4.17247e-07
4.10805e-07
3.46665e-07
2.73043e-07
2.06069e-07
1.50425e-07
1.06334e-07
7.34272e-08
4.13853e-08
0
0
0
0
0
0
0
0
3.64702e-09
8.99553e-09
1.0434e-08
9.67388e-09
4.31755e-10
0
0
1.19701e-06
4.26536e-07
1.04682e-07
5.30285e-09
0
1.53508e-08
5.92787e-08
1.18956e-07
1.72947e-07
2.1592e-07
2.31253e-07
1.90412e-07
8.98361e-08
0
0
0
0
2.84641e-09
9.88248e-08
1.61623e-07
1.5986e-07
6.09538e-08
0
0
0
0
0
0
0
0
0
0
0
0
0
0
2.72745e-07
6.22275e-07
5.91756e-07
4.44489e-07
3.07716e-07
1.10094e-07
0
4.08805e-08
2.9201e-07
3.20774e-07
0
0
0
2.07266e-07
1.01528e-07
2.17211e-08
0
0
0
0
0
0
0
0
0
0
0
0
2.28638e-07
3.62847e-07
3.61779e-07
4.02732e-07
4.81246e-07
5.32003e-07
4.70197e-07
3.1632e-07
1.29894e-07
0
0
0
0
0
1.317e-07
2.50673e-07
2.82779e-08
0
0
0
0
0
0
0
0
0
0
0
0
0
0
0
0
0
0
8.76446e-08
1.40862e-07
1.18165e-07
6.3616e-08
8.70846e-09
4.2349e-09
1.01511e-07
2.60569e-07
3.62355e-07
3.27839e-07
2.38815e-07
1.44294e-07
5.44606e-08
0
0
0
0
0
0
0
0
0
0
0
0
0
1.00203e-08
6.61913e-08
1.27738e-07
1.85732e-07
2.3555e-07
2.79451e-07
3.1764e-07
3.43546e-07
3.46611e-07
3.47015e-07
3.52526e-07
3.57144e-07
3.57212e-07
3.54862e-07
3.60708e-07
3.68985e-07
3.73222e-07
3.92853e-07
4.4885e-07
4.82954e-07
4.87108e-07
4.06453e-07
2.91673e-07
2.14573e-07
1.63113e-07
1.34324e-07
1.02985e-07
8.57978e-08
1.09981e-07
1.95075e-07
3.33171e-07
4.55281e-07
5.09208e-07
5.4122e-07
4.78296e-07
3.63825e-07
2.66341e-07
1.98318e-07
1.4625e-07
9.25584e-08
1.8312e-08
0
0
0
0
0
0
0
0
1.3183e-09
2.42696e-09
6.57812e-09
5.3301e-09
3.30994e-09
0
3.35716e-06
7.97175e-07
2.88181e-07
2.50846e-07
2.75418e-07
3.17929e-07
3.53581e-07
3.82525e-07
3.81064e-07
3.58852e-07
3.18696e-07
2.38455e-07
1.14953e-07
0
0
0
0
3.04752e-09
1.4564e-07
2.67791e-07
3.23714e-07
2.79908e-07
1.29414e-07
0
0
0
0
0
0
0
0
0
0
0
4.72155e-07
2.35258e-06
2.04915e-06
1.42011e-06
8.74278e-07
4.82004e-07
2.59693e-07
1.27201e-07
5.1953e-08
1.29147e-07
2.45426e-07
3.01727e-07
3.42198e-07
1.60772e-07
4.36753e-07
3.37298e-07
1.26398e-07
2.47581e-08
0
0
0
0
0
0
0
0
0
0
0
0
9.2261e-08
3.07463e-07
3.39315e-07
3.33207e-07
3.43479e-07
3.31815e-07
2.65605e-07
1.82858e-07
1.23454e-07
2.68811e-08
0
0
0
0
0
1.80178e-07
2.18872e-07
1.04387e-07
9.88393e-09
0
0
0
0
0
0
0
2.06498e-07
6.38378e-07
6.89619e-07
3.36391e-07
0
0
0
0
5.90401e-08
1.38182e-07
1.61714e-07
1.34932e-07
8.01676e-08
4.30089e-08
1.17101e-07
3.5453e-07
5.90443e-07
6.30845e-07
4.97209e-07
3.50696e-07
2.11543e-07
8.22393e-08
0
0
0
0
0
0
0
0
0
0
0
0
0
2.7297e-08
7.61048e-08
1.27574e-07
1.75497e-07
2.12791e-07
2.43602e-07
2.76016e-07
3.04876e-07
3.22819e-07
3.3177e-07
3.39403e-07
3.49627e-07
3.57616e-07
3.64883e-07
3.76785e-07
3.9113e-07
4.02605e-07
4.11502e-07
4.46714e-07
4.84775e-07
5.0112e-07
4.63744e-07
3.52722e-07
2.67474e-07
2.04629e-07
1.66324e-07
1.34892e-07
1.21192e-07
1.60727e-07
2.62394e-07
3.76421e-07
4.67811e-07
4.80333e-07
4.44393e-07
4.81339e-07
4.81731e-07
3.9445e-07
3.07983e-07
2.45424e-07
1.80661e-07
7.03287e-08
0
0
0
0
0
0
0
0
0
0
0
1.90349e-09
1.1332e-08
5.40607e-09
4.04106e-06
8.96714e-07
2.45847e-07
2.44334e-07
3.59792e-07
4.50066e-07
5.231e-07
5.52681e-07
5.38464e-07
4.65104e-07
3.73819e-07
2.64054e-07
1.38288e-07
7.63389e-09
0
0
0
5.32318e-10
1.39879e-07
2.80529e-07
3.74651e-07
3.89158e-07
3.13292e-07
1.50375e-07
0
0
0
0
0
0
0
0
0
0
4.89506e-06
3.18956e-06
1.88771e-06
1.08315e-06
5.90772e-07
2.94362e-07
1.65156e-07
1.46682e-07
1.6076e-07
1.96236e-07
2.6318e-07
4.94188e-07
1.20061e-06
1.45704e-06
9.72008e-07
3.6683e-07
1.23993e-07
3.432e-08
0
0
0
0
0
0
0
0
0
0
0
0
1.17096e-07
2.30101e-07
2.60948e-07
2.43509e-07
2.14135e-07
1.73659e-07
1.14919e-07
7.24823e-08
7.58209e-08
9.04731e-08
6.6347e-09
0
0
0
0
0
1.71992e-07
3.03318e-07
2.76391e-07
2.10395e-07
2.12801e-07
3.56727e-07
6.51335e-07
1.05917e-06
1.54258e-06
2.09477e-06
2.61349e-06
2.78175e-06
2.25966e-06
1.14965e-06
8.7938e-08
0
0
0
2.5352e-08
1.59062e-07
2.05254e-07
1.81794e-07
1.23158e-07
1.20171e-07
3.42896e-07
7.37183e-07
9.57864e-07
8.83191e-07
6.69755e-07
4.7387e-07
2.87933e-07
1.14764e-07
0
0
0
0
0
0
0
0
0
0
0
0
0
4.18545e-08
9.30427e-08
1.45176e-07
1.92972e-07
2.29516e-07
2.55639e-07
2.79205e-07
3.05473e-07
3.25038e-07
3.35349e-07
3.43047e-07
3.55274e-07
3.68346e-07
3.79667e-07
3.9259e-07
4.09331e-07
4.25681e-07
4.38846e-07
4.60987e-07
4.91178e-07
5.05885e-07
4.92926e-07
4.01046e-07
3.07211e-07
2.44989e-07
2.01093e-07
1.73259e-07
1.62183e-07
2.10859e-07
3.18909e-07
4.16911e-07
4.70158e-07
4.98762e-07
4.73213e-07
4.06243e-07
4.09087e-07
4.03634e-07
3.41388e-07
2.73147e-07
1.99454e-07
7.72249e-08
0
0
0
0
0
0
0
0
0
0
0
0
7.85257e-09
1.50884e-08
2.93395e-06
1.44369e-06
3.79839e-07
2.23263e-07
3.16525e-07
4.22024e-07
4.99055e-07
5.59468e-07
5.55564e-07
4.89908e-07
3.80893e-07
2.57704e-07
1.32275e-07
1.53956e-08
0
0
0
0
6.25886e-08
1.90303e-07
3.06514e-07
3.70614e-07
3.6502e-07
2.90035e-07
1.48845e-07
0
0
0
0
0
0
0
0
1.9781e-06
2.31705e-06
1.54149e-06
8.91889e-07
4.77883e-07
2.35229e-07
1.11014e-07
1.17989e-07
2.12817e-07
2.77755e-07
2.89757e-07
4.24496e-07
1.0918e-06
1.91358e-06
1.38786e-06
8.67559e-07
3.1215e-07
1.18345e-07
4.81147e-08
1.96034e-08
1.16857e-08
1.32392e-08
1.37344e-08
9.72941e-09
2.74943e-09
0
0
0
0
0
0
2.22217e-07
2.08396e-07
1.46466e-07
1.15298e-07
8.84034e-08
5.16078e-08
9.61147e-09
0
1.09675e-08
6.47935e-08
9.35059e-08
1.75355e-09
0
0
0
0
0
1.75055e-07
3.87901e-07
5.02582e-07
6.80085e-07
1.05846e-06
1.68957e-06
2.5748e-06
3.64537e-06
4.90592e-06
5.88937e-06
6.03717e-06
4.60581e-06
1.87223e-06
0
0
0
0
7.6277e-09
1.87035e-07
2.59697e-07
2.38183e-07
1.75266e-07
2.58608e-07
7.28916e-07
1.19158e-06
1.29306e-06
1.07378e-06
8.38697e-07
6.19491e-07
3.82769e-07
1.6236e-07
0
0
0
0
0
0
0
0
0
0
0
0
0
6.26347e-08
1.20397e-07
1.74069e-07
2.21624e-07
2.56784e-07
2.79403e-07
2.96082e-07
3.16397e-07
3.36216e-07
3.48092e-07
3.56643e-07
3.69631e-07
3.86172e-07
4.00342e-07
4.13245e-07
4.28535e-07
4.4506e-07
4.62021e-07
4.84582e-07
5.0514e-07
5.10312e-07
5.03045e-07
4.37938e-07
3.3895e-07
2.73442e-07
2.30193e-07
2.10018e-07
2.05999e-07
2.61533e-07
3.69324e-07
4.51425e-07
4.62018e-07
4.59892e-07
4.66542e-07
4.55927e-07
4.00387e-07
3.65781e-07
3.08149e-07
2.21166e-07
1.09797e-07
0
0
0
0
0
0
0
0
0
0
0
0
0
0
1.06408e-08
1.4463e-06
1.90317e-06
5.83742e-07
2.49428e-07
2.52526e-07
3.07681e-07
3.40313e-07
4.02962e-07
4.39546e-07
4.11228e-07
3.36012e-07
2.32483e-07
1.23531e-07
2.14802e-08
0
0
0
0
0
3.79407e-08
1.32939e-07
2.26574e-07
2.84289e-07
2.958e-07
2.61731e-07
1.86975e-07
7.54654e-08
0
0
0
0
0
2.87695e-07
7.47573e-07
7.23977e-07
4.72478e-07
2.38527e-07
9.95818e-08
4.01473e-08
6.28758e-08
2.02891e-07
3.6844e-07
4.16913e-07
4.51896e-07
8.80139e-07
1.85142e-06
1.50108e-06
1.03484e-06
5.86623e-07
2.29487e-07
1.08791e-07
6.0496e-08
4.13285e-08
3.58706e-08
3.57389e-08
3.47655e-08
3.35518e-08
2.88052e-08
2.91558e-08
1.91074e-08
0
0
0
0
6.19879e-08
1.81761e-07
5.30539e-08
0
0
0
0
0
0
1.29296e-08
7.60596e-08
1.0635e-07
1.69663e-08
0
0
0
0
0
1.84253e-07
4.74319e-07
8.35658e-07
1.38413e-06
2.33446e-06
3.60037e-06
5.36394e-06
7.47792e-06
9.58283e-06
1.09997e-05
9.10603e-06
2.76952e-06
0
0
0
0
8.81879e-08
2.76353e-07
3.38704e-07
2.88469e-07
2.29604e-07
5.2534e-07
1.2463e-06
1.61407e-06
1.54008e-06
1.25133e-06
1.02828e-06
7.87104e-07
4.88106e-07
2.3501e-07
0
0
0
0
0
0
0
0
0
0
0
0
3.81958e-09
1.11414e-07
1.86832e-07
2.39163e-07
2.79301e-07
3.05357e-07
3.17572e-07
3.25302e-07
3.36001e-07
3.49149e-07
3.60606e-07
3.70736e-07
3.8679e-07
4.07206e-07
4.24028e-07
4.36255e-07
4.48279e-07
4.62252e-07
4.7885e-07
5.03517e-07
5.20463e-07
5.15095e-07
5.03449e-07
4.54792e-07
3.62027e-07
2.89548e-07
2.48527e-07
2.37507e-07
2.469e-07
3.1099e-07
4.17622e-07
4.7855e-07
4.51276e-07
3.98365e-07
3.56583e-07
3.37638e-07
3.34246e-07
2.96725e-07
1.93301e-07
5.62234e-08
0
0
0
0
5.07881e-08
0
0
0
0
0
0
0
0
0
0
0
4.65583e-07
1.83832e-06
5.2498e-07
1.50618e-07
6.82e-08
2.15298e-08
6.03255e-08
1.42624e-07
1.96783e-07
2.12913e-07
1.83366e-07
1.25437e-07
5.20333e-08
0
0
0
0
0
0
0
0
4.44589e-08
1.08984e-07
1.67953e-07
2.09356e-07
2.31901e-07
2.37398e-07
2.33468e-07
2.25615e-07
2.2437e-07
2.35469e-07
2.727e-07
2.94598e-07
2.15019e-07
6.02861e-08
0
0
0
0
1.44272e-07
4.11937e-07
5.66361e-07
5.88222e-07
8.2355e-07
1.69634e-06
1.59167e-06
1.00213e-06
8.06377e-07
3.72928e-07
1.81726e-07
1.10077e-07
7.47027e-08
6.02993e-08
5.7777e-08
5.68235e-08
5.41438e-08
5.07174e-08
4.88603e-08
4.66537e-08
4.87666e-08
2.67445e-08
0
0
0
0
0
0
0
0
0
0
0
0
0
3.6934e-08
9.3379e-08
1.21126e-07
5.85486e-08
0
0
0
0
0
2.78596e-07
6.9071e-07
1.26416e-06
2.2423e-06
3.55828e-06
5.52435e-06
7.84117e-06
1.07782e-05
1.4329e-05
1.52617e-05
2.24836e-06
0
0
0
0
2.52212e-07
3.82916e-07
3.91317e-07
2.89246e-07
2.79577e-07
1.0013e-06
1.76621e-06
1.94695e-06
1.69715e-06
1.46466e-06
1.28587e-06
9.55007e-07
6.15044e-07
3.94578e-07
3.90909e-08
0
0
0
0
0
0
0
0
0
0
0
1.98501e-08
2.1619e-07
3.32075e-07
3.80666e-07
3.97271e-07
3.9765e-07
3.8512e-07
3.71531e-07
3.66323e-07
3.69797e-07
3.76911e-07
3.86596e-07
4.03886e-07
4.28551e-07
4.48749e-07
4.6094e-07
4.69978e-07
4.80085e-07
4.93293e-07
5.15979e-07
5.3373e-07
5.2214e-07
5.03479e-07
4.67865e-07
3.85697e-07
3.05532e-07
2.60332e-07
2.53505e-07
2.79257e-07
3.55791e-07
4.65573e-07
5.05271e-07
4.38851e-07
3.36479e-07
2.39232e-07
1.47096e-07
6.09676e-08
0
0
0
0
0
0
0
6.25858e-08
8.70666e-08
0
0
0
0
0
0
0
0
0
0
0
5.70679e-07
2.11372e-07
1.23019e-07
0
0
0
0
0
7.81183e-10
0
0
0
0
0
0
0
0
0
0
0
0
0
5.86528e-09
5.65903e-08
1.14296e-07
1.78312e-07
2.46165e-07
3.15155e-07
3.73615e-07
3.90694e-07
3.11672e-07
8.65187e-08
0
0
0
0
0
7.71052e-08
4.34012e-07
6.88645e-07
7.59735e-07
9.01258e-07
1.62933e-06
1.6712e-06
1.02718e-06
8.13748e-07
5.21708e-07
2.50004e-07
1.50843e-07
1.05184e-07
8.43947e-08
7.72346e-08
7.68413e-08
7.58844e-08
7.15928e-08
6.56668e-08
6.21471e-08
6.03263e-08
6.11791e-08
5.51588e-08
1.49213e-08
0
0
0
0
0
0
0
0
0
0
0
0
2.16488e-08
6.98101e-08
1.09751e-07
1.32261e-07
1.07637e-07
3.04773e-08
0
0
3.73618e-08
2.40068e-07
5.60237e-07
1.03745e-06
1.80916e-06
2.90865e-06
4.45022e-06
6.31103e-06
8.81349e-06
1.21663e-05
1.38967e-05
0
0
0
0
2.40729e-07
3.87913e-07
4.38558e-07
3.64756e-07
1.7435e-07
4.80835e-07
1.62131e-06
2.21035e-06
2.17958e-06
1.90575e-06
1.7766e-06
1.54658e-06
9.67026e-07
8.5467e-07
6.68456e-07
1.83266e-07
0
0
0
0
0
0
0
0
0
0
0
6.50561e-08
4.11978e-07
6.02017e-07
6.47052e-07
6.17822e-07
5.65691e-07
5.05732e-07
4.51354e-07
4.15455e-07
3.99777e-07
3.99265e-07
4.08805e-07
4.25571e-07
4.50072e-07
4.7235e-07
4.85489e-07
4.92506e-07
4.98181e-07
5.06256e-07
5.25206e-07
5.45239e-07
5.29814e-07
5.02685e-07
4.69956e-07
4.00389e-07
3.19409e-07
2.69053e-07
2.6325e-07
3.02704e-07
3.9254e-07
5.11639e-07
5.35303e-07
4.28553e-07
2.80284e-07
1.41061e-07
7.22897e-09
0
0
0
0
0
0
0
0
1.02538e-08
7.47639e-08
3.52967e-08
0
0
0
0
0
0
0
0
0
0
0
0
3.32069e-07
0
0
0
0
0
0
0
0
0
0
0
0
0
0
0
0
0
0
0
0
0
5.05821e-08
1.23268e-07
2.14043e-07
3.25666e-07
4.3489e-07
4.77209e-07
3.15999e-07
0
0
0
0
0
3.70445e-08
4.55251e-07
7.76653e-07
9.05536e-07
1.02562e-06
1.64623e-06
1.72922e-06
1.07661e-06
7.80718e-07
6.18132e-07
3.11557e-07
1.89195e-07
1.32491e-07
1.04692e-07
9.35921e-08
9.20901e-08
9.2157e-08
9.09125e-08
8.67939e-08
7.86053e-08
7.1488e-08
6.80733e-08
6.75096e-08
6.54755e-08
4.70315e-08
0
0
0
0
0
0
0
0
0
0
0
0
3.28476e-08
8.16111e-08
1.06108e-07
1.19567e-07
1.29943e-07
1.35498e-07
1.27801e-07
1.4462e-07
1.92671e-07
3.34117e-07
5.55236e-07
9.17506e-07
1.44013e-06
2.2437e-06
3.20189e-06
4.32788e-06
5.45682e-06
5.48692e-06
1.49892e-06
0
0
0
2.56706e-07
3.87451e-07
4.3639e-07
3.88164e-07
1.66484e-07
0
1.02784e-06
2.201e-06
2.54254e-06
2.32156e-06
2.19498e-06
2.14593e-06
1.25221e-06
1.0473e-06
1.05617e-06
8.32074e-07
2.72052e-07
0
0
0
0
0
0
0
0
0
0
0
1.88939e-07
7.57934e-07
1.05649e-06
1.09181e-06
9.84622e-07
8.41586e-07
7.03623e-07
5.84887e-07
4.98918e-07
4.49963e-07
4.32728e-07
4.37917e-07
4.54262e-07
4.73981e-07
4.9451e-07
5.07724e-07
5.13748e-07
5.16119e-07
5.19452e-07
5.33258e-07
5.54643e-07
5.37312e-07
5.02788e-07
4.68406e-07
4.08406e-07
3.30394e-07
2.76619e-07
2.71135e-07
3.19495e-07
4.19469e-07
5.50756e-07
5.69783e-07
4.26334e-07
2.3485e-07
6.51129e-08
0
0
0
0
0
0
0
0
0
0
4.05226e-08
4.46121e-08
2.19446e-09
0
0
0
0
0
0
0
0
0
5.37192e-07
0
0
0
0
0
0
0
0
0
0
0
0
0
0
0
0
0
0
0
0
0
0
6.5169e-09
9.03999e-08
1.94552e-07
3.25533e-07
4.87905e-07
6.59052e-07
7.26303e-07
4.42589e-07
0
0
0
0
7.62558e-08
5.05238e-07
8.52365e-07
1.02068e-06
1.15289e-06
1.69627e-06
1.72762e-06
1.1036e-06
7.54414e-07
6.33841e-07
3.63702e-07
2.19215e-07
1.52701e-07
1.22414e-07
1.0907e-07
1.05844e-07
1.08264e-07
1.0688e-07
1.03655e-07
9.89689e-08
9.06657e-08
8.13914e-08
7.41622e-08
7.0897e-08
6.85641e-08
5.6343e-08
2.5599e-08
0
0
0
0
0
0
0
0
0
0
0
5.22536e-08
1.23518e-07
1.50502e-07
1.41486e-07
1.20534e-07
1.09978e-07
1.14958e-07
1.48743e-07
1.99283e-07
3.12892e-07
4.66369e-07
7.14657e-07
1.03104e-06
1.47959e-06
1.8903e-06
2.20206e-06
2.0257e-06
1.01961e-06
0
0
4.56933e-08
2.61596e-07
3.67159e-07
4.00879e-07
3.52549e-07
1.42379e-07
0
1.42589e-07
1.74496e-06
2.64454e-06
2.70284e-06
2.54238e-06
2.61403e-06
1.62031e-06
1.00782e-06
1.19365e-06
1.05355e-06
7.64508e-07
0
0
0
0
0
0
0
0
0
0
0
0
4.18107e-07
1.30829e-06
1.75966e-06
1.77387e-06
1.5436e-06
1.25753e-06
1.00088e-06
7.89629e-07
6.3103e-07
5.3105e-07
4.85834e-07
4.80487e-07
4.92347e-07
5.05076e-07
5.1798e-07
5.27429e-07
5.31118e-07
5.307e-07
5.29931e-07
5.37564e-07
5.60181e-07
5.46708e-07
5.0716e-07
4.68766e-07
4.16429e-07
3.42936e-07
2.88693e-07
2.83069e-07
3.35763e-07
4.40458e-07
5.79468e-07
6.04662e-07
4.29262e-07
2.01146e-07
1.1309e-08
0
0
0
0
0
0
0
0
0
0
9.12399e-09
3.4864e-08
2.16634e-08
0
0
0
0
0
0
0
0
2.52706e-07
1.18116e-07
0
0
0
0
0
0
0
0
0
0
0
0
0
0
0
0
0
0
0
0
0
0
0
0
1.31933e-07
2.95111e-07
4.73732e-07
6.21614e-07
5.89927e-07
1.94729e-07
0
0
0
2.11005e-07
5.84314e-07
9.17709e-07
1.10043e-06
1.25735e-06
1.73807e-06
1.64471e-06
1.08122e-06
7.28143e-07
5.94407e-07
3.94935e-07
2.45812e-07
1.73327e-07
1.36913e-07
1.19113e-07
1.13893e-07
1.17153e-07
1.17708e-07
1.13416e-07
1.0817e-07
1.0361e-07
9.73913e-08
8.8101e-08
7.83459e-08
7.17705e-08
6.77501e-08
5.76247e-08
3.7699e-08
0
0
0
0
0
0
0
0
0
0
0
6.2648e-08
1.70997e-07
2.23162e-07
2.19619e-07
1.73428e-07
1.16944e-07
7.62165e-08
6.44695e-08
7.87145e-08
1.3136e-07
2.13936e-07
3.37881e-07
4.84721e-07
6.37799e-07
7.20446e-07
6.71719e-07
4.21529e-07
1.46731e-07
4.75023e-08
1.1574e-07
2.29615e-07
3.06026e-07
3.28858e-07
2.73379e-07
6.72815e-08
0
0
8.35064e-07
2.34097e-06
2.89276e-06
2.77487e-06
2.8878e-06
2.18518e-06
7.36106e-07
1.19691e-06
1.18667e-06
8.9638e-07
5.2819e-07
0
0
0
0
0
0
0
0
0
0
0
0
6.36747e-07
1.96517e-06
2.7047e-06
2.69627e-06
2.30163e-06
1.81986e-06
1.40105e-06
1.06699e-06
8.14306e-07
6.47572e-07
5.63181e-07
5.37334e-07
5.35394e-07
5.3734e-07
5.40932e-07
5.44792e-07
5.44788e-07
5.41371e-07
5.37803e-07
5.39429e-07
5.55201e-07
5.47492e-07
5.08818e-07
4.66457e-07
4.21047e-07
3.57005e-07
3.06022e-07
3.01604e-07
3.53484e-07
4.54351e-07
5.89549e-07
6.274e-07
4.36179e-07
1.82374e-07
0
0
0
0
0
0
0
0
0
0
0
0
1.83098e-08
2.51556e-08
1.01209e-08
0
0
0
0
0
0
0
1.43158e-07
7.40494e-08
0
0
0
0
0
0
0
0
0
0
0
0
0
0
0
0
0
0
0
0
0
0
0
0
0
7.33462e-08
2.05985e-07
2.48516e-07
1.54706e-07
0
0
5.80901e-08
3.251e-07
6.432e-07
9.38207e-07
1.1397e-06
1.36028e-06
1.76205e-06
1.47833e-06
9.95772e-07
6.83764e-07
5.36994e-07
4.01232e-07
2.60616e-07
1.8862e-07
1.48035e-07
1.26974e-07
1.19232e-07
1.20639e-07
1.24768e-07
1.21841e-07
1.15366e-07
1.09083e-07
1.04618e-07
9.9468e-08
9.0739e-08
7.97979e-08
6.99427e-08
6.408e-08
5.55692e-08
3.69346e-08
1.66732e-08
0
0
0
0
0
0
0
0
0
0
5.127e-08
2.01233e-07
2.85542e-07
3.09642e-07
2.75233e-07
1.99936e-07
1.16805e-07
5.27471e-08
1.39882e-08
2.35352e-09
1.57838e-08
5.05091e-08
9.67339e-08
1.34761e-07
1.47739e-07
1.2037e-07
6.43128e-08
4.6686e-08
8.39477e-08
1.49858e-07
2.02035e-07
2.10547e-07
1.48448e-07
0
0
0
0
1.58005e-06
2.64165e-06
2.84376e-06
2.93812e-06
2.63241e-06
3.02815e-07
1.02265e-06
1.20017e-06
1.00595e-06
6.72248e-07
2.74821e-07
0
0
0
0
0
0
0
0
0
0
0
0
5.53443e-07
2.21935e-06
3.53991e-06
3.80912e-06
3.17248e-06
2.44438e-06
1.83924e-06
1.36946e-06
1.01385e-06
7.74086e-07
6.43996e-07
5.88245e-07
5.63188e-07
5.47386e-07
5.38491e-07
5.34973e-07
5.30755e-07
5.25216e-07
5.21077e-07
5.21413e-07
5.34603e-07
5.31917e-07
4.89355e-07
4.43524e-07
4.00991e-07
3.47226e-07
3.0402e-07
3.03283e-07
3.53992e-07
4.45466e-07
5.61209e-07
6.0575e-07
4.30368e-07
1.77798e-07
0
0
0
0
0
0
0
0
0
0
0
0
1.00019e-08
1.69811e-08
1.76198e-08
5.89667e-09
0
0
0
0
0
0
5.78281e-08
9.17897e-08
4.92389e-08
0
0
0
0
0
0
0
0
0
0
0
0
0
0
0
0
0
0
0
0
0
0
0
0
0
0
0
0
0
7.26567e-08
2.97929e-07
5.90597e-07
8.79906e-07
1.13787e-06
1.50822e-06
1.68922e-06
1.26905e-06
8.7471e-07
6.25166e-07
4.9026e-07
3.87489e-07
2.59051e-07
1.95177e-07
1.55013e-07
1.3087e-07
1.19198e-07
1.18142e-07
1.23554e-07
1.21417e-07
1.14601e-07
1.05332e-07
9.97216e-08
9.73141e-08
9.5306e-08
8.85137e-08
7.86924e-08
6.62841e-08
5.69477e-08
4.91399e-08
3.25225e-08
1.61686e-08
0
0
0
0
0
0
0
0
0
0
7.00249e-09
2.08527e-07
3.29526e-07
3.86682e-07
3.85852e-07
3.31362e-07
2.41919e-07
1.46994e-07
6.54362e-08
8.77271e-09
0
0
0
0
0
0
0
1.19215e-08
4.57303e-08
7.37786e-08
6.14753e-08
0
0
0
0
0
7.65424e-07
2.12961e-06
2.72203e-06
2.89441e-06
2.79796e-06
1.85668e-07
7.84743e-07
1.17927e-06
1.12314e-06
7.98807e-07
4.93887e-07
1.18597e-07
0
0
0
0
0
0
0
0
0
0
0
0
4.03304e-08
1.83401e-06
3.92277e-06
5.04794e-06
4.58369e-06
3.40149e-06
2.48643e-06
1.81689e-06
1.31563e-06
9.76588e-07
7.90394e-07
6.9561e-07
6.37274e-07
5.96181e-07
5.68761e-07
5.52701e-07
5.43165e-07
5.35176e-07
5.30067e-07
5.291e-07
5.35531e-07
5.42405e-07
5.13611e-07
4.69952e-07
4.26562e-07
3.78504e-07
3.34407e-07
3.33813e-07
3.81692e-07
4.64593e-07
5.56139e-07
5.77519e-07
4.20241e-07
1.94437e-07
9.94891e-09
0
0
0
0
1.96691e-08
0
0
0
0
0
2.2349e-08
2.4037e-08
1.43827e-08
1.27613e-08
1.24141e-08
2.45503e-09
0
0
0
0
0
1.59916e-08
2.09142e-08
1.87323e-08
1.3962e-09
0
0
0
0
0
0
0
0
0
0
0
0
0
0
0
0
0
0
0
0
0
0
0
0
0
0
0
1.24645e-07
3.65214e-07
5.96161e-07
8.50442e-07
1.22605e-06
1.5889e-06
1.30616e-06
1.01036e-06
7.31495e-07
5.50846e-07
4.52839e-07
3.80673e-07
2.44693e-07
1.85274e-07
1.5083e-07
1.28325e-07
1.14706e-07
1.11591e-07
1.16085e-07
1.17053e-07
1.1185e-07
1.04097e-07
9.54284e-08
8.93381e-08
8.67758e-08
8.4968e-08
8.04113e-08
7.23727e-08
6.16124e-08
4.93465e-08
4.06745e-08
2.76953e-08
1.08926e-08
0
0
0
0
0
0
0
0
0
0
0
1.69026e-07
3.32691e-07
4.25481e-07
4.62239e-07
4.48787e-07
3.9213e-07
3.08833e-07
2.14203e-07
1.29791e-07
6.48144e-08
2.25214e-08
0
0
0
0
0
0
0
0
0
0
0
0
0
2.62172e-08
1.50354e-06
2.25935e-06
2.56662e-06
2.58258e-06
3.50898e-07
5.44455e-07
1.08056e-06
1.12673e-06
8.70186e-07
5.72715e-07
3.31119e-07
5.09263e-08
0
0
0
0
0
0
0
0
0
0
1.38291e-06
1.44545e-06
0
4.95862e-08
3.21325e-06
5.43936e-06
5.76638e-06
4.54021e-06
3.20571e-06
2.28115e-06
1.61504e-06
1.18049e-06
9.50564e-07
8.15333e-07
7.13624e-07
6.37401e-07
5.85585e-07
5.52985e-07
5.34017e-07
5.24205e-07
5.20316e-07
5.21325e-07
5.23352e-07
5.30893e-07
5.09887e-07
4.68244e-07
4.25627e-07
3.84188e-07
3.4624e-07
3.44248e-07
3.89418e-07
4.61857e-07
5.22813e-07
4.94575e-07
3.5166e-07
1.8566e-07
3.67185e-08
0
0
0
0
2.01794e-07
1.44205e-07
0
0
0
0
7.28874e-08
6.25826e-08
2.61746e-08
7.65078e-09
5.25032e-09
4.71227e-09
0
0
0
0
0
6.7071e-09
9.89888e-10
0
1.79007e-09
0
0
0
0
0
0
0
0
0
0
0
0
0
0
0
0
0
0
0
0
0
0
0
0
0
0
0
1.86219e-07
4.47368e-07
5.73317e-07
6.22723e-07
7.26251e-07
7.59989e-07
6.5599e-07
5.22966e-07
4.33552e-07
4.04501e-07
3.71621e-07
2.22542e-07
1.64521e-07
1.36889e-07
1.18289e-07
1.05328e-07
1.01349e-07
1.04428e-07
1.07374e-07
1.03188e-07
9.57933e-08
8.65334e-08
8.0546e-08
7.72147e-08
7.61312e-08
7.53481e-08
7.08739e-08
6.34432e-08
5.40479e-08
4.11044e-08
3.04973e-08
2.09111e-08
7.271e-09
0
0
0
0
0
0
0
0
0
0
0
6.97278e-08
2.86578e-07
4.19894e-07
4.9443e-07
5.2216e-07
5.09367e-07
4.66515e-07
3.97449e-07
3.18486e-07
2.42914e-07
1.81028e-07
1.35689e-07
1.03181e-07
7.72476e-08
4.92708e-08
1.9611e-08
0
0
0
0
0
0
0
0
1.02693e-06
1.80114e-06
2.12209e-06
2.1862e-06
4.65422e-07
4.13929e-07
9.82111e-07
1.11031e-06
9.46604e-07
6.12637e-07
4.13593e-07
2.30657e-07
4.68442e-08
8.22802e-09
0
0
0
0
0
0
0
5.11211e-08
4.02256e-06
7.83143e-06
9.7784e-06
5.48837e-06
0
3.09494e-07
4.88576e-06
6.26833e-06
5.71158e-06
4.12497e-06
2.8685e-06
1.97712e-06
1.44124e-06
1.17851e-06
9.95151e-07
8.39366e-07
7.18695e-07
6.33501e-07
5.79154e-07
5.51039e-07
5.41506e-07
5.40788e-07
5.4518e-07
5.44639e-07
5.41207e-07
5.25986e-07
4.93252e-07
4.56933e-07
4.19732e-07
3.88741e-07
3.84294e-07
4.24917e-07
4.82419e-07
5.01773e-07
4.29967e-07
2.81223e-07
1.46868e-07
3.43501e-08
0
0
0
0
2.0532e-07
1.70596e-07
5.6807e-08
0
0
0
1.10426e-07
1.13202e-07
5.29196e-08
1.20395e-08
0
0
0
0
0
0
0
5.86433e-09
0
0
7.56083e-10
3.09242e-09
2.00679e-09
0
0
0
0
0
0
0
0
0
0
0
0
0
0
0
0
0
0
0
0
0
0
0
0
0
0
0
0
8.7034e-08
2.60775e-07
3.06762e-07
3.12829e-07
3.16327e-07
3.63458e-07
3.34649e-07
1.93289e-07
1.41124e-07
1.18242e-07
1.03833e-07
9.35498e-08
9.04023e-08
9.26289e-08
9.61384e-08
9.32866e-08
8.69876e-08
7.85306e-08
7.21586e-08
6.8326e-08
6.60579e-08
6.49852e-08
6.32163e-08
5.90562e-08
5.27512e-08
4.53281e-08
3.48315e-08
2.28556e-08
1.38561e-08
4.16015e-09
0
0
0
0
0
0
0
0
0
0
0
0
1.75977e-07
3.6451e-07
4.82668e-07
5.51947e-07
5.82142e-07
5.82727e-07
5.61312e-07
5.19117e-07
4.66695e-07
4.16771e-07
3.74844e-07
3.41621e-07
3.09297e-07
2.65495e-07
1.96308e-07
3.54209e-08
0
0
0
0
0
0
7.81052e-07
1.46041e-06
1.71528e-06
1.63998e-06
2.88871e-07
3.66287e-07
9.24619e-07
1.0726e-06
9.94041e-07
6.59922e-07
4.36944e-07
3.17486e-07
1.74785e-07
7.47831e-08
7.60823e-08
0
0
0
0
0
0
0
2.53904e-06
7.1906e-06
1.24249e-05
1.83333e-05
2.34699e-05
1.20109e-05
0
2.19975e-06
5.86455e-06
6.20062e-06
5.09956e-06
3.50218e-06
2.30647e-06
1.70287e-06
1.44598e-06
1.21316e-06
1.00029e-06
8.29195e-07
7.09817e-07
6.36123e-07
5.96803e-07
5.83824e-07
5.82653e-07
5.84533e-07
5.80942e-07
5.66651e-07
5.56335e-07
5.30612e-07
4.92032e-07
4.53944e-07
4.25346e-07
4.15822e-07
4.43323e-07
4.78399e-07
4.71375e-07
3.79768e-07
2.18852e-07
8.50306e-08
0
0
0
0
2.3265e-07
1.80365e-07
1.11247e-07
5.20276e-08
0
0
0
9.73987e-08
1.38847e-07
7.66638e-08
2.10932e-08
0
0
0
0
4.54913e-09
5.53581e-09
6.32895e-09
7.02602e-09
0
0
0
2.19052e-09
1.52995e-09
1.28799e-09
7.75837e-10
0
0
0
0
0
0
0
0
0
0
0
0
0
0
0
0
0
0
0
0
0
0
0
0
0
0
6.72756e-08
1.41069e-07
1.87825e-07
2.42361e-07
3.24069e-07
2.41883e-07
1.48007e-07
1.1215e-07
9.6172e-08
8.68332e-08
8.0709e-08
7.97559e-08
8.20431e-08
8.47076e-08
8.24328e-08
7.69273e-08
6.97703e-08
6.50398e-08
6.18491e-08
5.97664e-08
5.80821e-08
5.63702e-08
5.38498e-08
4.93064e-08
4.32713e-08
3.65508e-08
2.83397e-08
1.75911e-08
8.04023e-09
3.23925e-10
0
0
0
0
0
0
0
0
0
0
0
0
0
2.18623e-07
3.95632e-07
5.13127e-07
5.90047e-07
6.36088e-07
6.60806e-07
6.69014e-07
6.73387e-07
6.77456e-07
6.76243e-07
6.80748e-07
6.94606e-07
7.18381e-07
6.94791e-07
5.16885e-07
0
0
0
0
1.27506e-07
9.02878e-07
1.27752e-06
1.44231e-06
1.14827e-06
0
3.42091e-07
8.96013e-07
1.03835e-06
9.82568e-07
6.98575e-07
4.48844e-07
3.31328e-07
2.56561e-07
1.49815e-07
1.10774e-07
1.21901e-07
0
0
0
0
0
0
3.10128e-07
2.89375e-06
6.67698e-06
1.10914e-05
1.56103e-05
1.9539e-05
1.87702e-05
5.62179e-06
3.662e-07
3.79701e-06
5.65078e-06
5.5059e-06
4.08972e-06
2.45099e-06
1.89362e-06
1.73341e-06
1.47063e-06
1.20508e-06
9.90515e-07
8.32123e-07
7.28897e-07
6.78564e-07
6.65184e-07
6.61938e-07
6.66717e-07
6.65107e-07
6.34444e-07
5.9947e-07
5.57678e-07
5.18325e-07
4.85724e-07
4.63553e-07
4.60277e-07
4.68267e-07
4.66323e-07
4.28369e-07
3.18905e-07
1.52116e-07
1.95621e-08
0
0
4.00856e-08
1.17387e-06
5.60585e-07
1.9142e-07
7.47402e-08
2.24774e-08
0
0
0
5.74214e-08
1.31565e-07
8.34815e-08
2.33788e-08
0
0
0
0
1.64909e-09
1.39268e-08
2.70567e-08
1.05043e-08
8.2363e-09
0
0
0
0
0
0
0
0
0
0
0
0
0
0
0
0
0
0
0
0
0
0
0
0
0
0
0
0
0
0
0
2.85579e-08
7.34839e-08
1.23013e-07
1.94093e-07
2.01298e-07
1.31675e-07
9.65072e-08
8.05667e-08
7.32391e-08
6.96323e-08
6.85058e-08
6.99229e-08
7.22089e-08
7.30527e-08
7.08998e-08
6.60969e-08
6.08426e-08
5.74224e-08
5.52372e-08
5.3634e-08
5.18751e-08
4.92447e-08
4.6313e-08
4.28928e-08
3.82375e-08
3.23046e-08
2.62426e-08
2.01751e-08
1.26244e-08
4.04366e-09
0
0
0
0
0
0
0
0
0
0
0
0
0
0
0
2.08665e-07
3.77148e-07
4.96908e-07
5.87072e-07
6.56634e-07
7.13869e-07
7.73118e-07
8.36488e-07
9.30045e-07
1.04072e-06
1.18739e-06
1.45697e-06
1.95373e-06
2.79329e-06
4.58036e-06
4.82664e-06
2.27382e-06
1.51812e-06
1.38455e-06
1.35842e-06
1.2841e-06
7.44481e-07
0
4.1588e-07
8.66408e-07
1.00143e-06
9.48157e-07
6.93414e-07
4.566e-07
3.2078e-07
2.71563e-07
2.18142e-07
1.45323e-07
1.40529e-07
1.5495e-07
0
0
0
0
0
0
5.08724e-07
1.77642e-06
4.30993e-06
7.6786e-06
1.06892e-05
1.26463e-05
1.22989e-05
8.37474e-06
3.52444e-06
2.1176e-06
3.10617e-06
4.18894e-06
4.28378e-06
2.21796e-06
1.86429e-06
1.90833e-06
1.67525e-06
1.42223e-06
1.19911e-06
1.03265e-06
9.06416e-07
8.14289e-07
7.64243e-07
7.43353e-07
7.31565e-07
7.20509e-07
6.79409e-07
6.2871e-07
5.8751e-07
5.56771e-07
5.27202e-07
5.04072e-07
4.87762e-07
4.59316e-07
4.25253e-07
3.58758e-07
2.322e-07
7.1443e-08
0
0
9.8506e-08
5.16688e-07
1.18732e-06
6.44742e-07
2.19736e-07
6.5901e-08
6.16608e-09
0
0
0
1.51838e-08
1.15947e-07
8.56941e-08
1.91476e-08
0
0
0
0
0
1.43795e-08
3.75746e-08
7.59074e-09
0
0
0
0
0
0
0
0
0
0
0
0
0
0
0
0
0
0
0
0
0
0
0
0
0
0
0
0
0
0
0
6.37563e-09
3.79806e-08
8.08818e-08
9.07863e-08
7.48226e-08
6.37359e-08
5.74847e-08
5.46929e-08
5.41669e-08
5.55192e-08
5.78291e-08
6.0009e-08
6.1313e-08
6.07845e-08
5.86206e-08
5.48119e-08
5.1412e-08
4.93408e-08
4.81896e-08
4.7406e-08
4.56311e-08
4.29909e-08
4.00322e-08
3.70659e-08
3.38173e-08
2.94657e-08
2.3609e-08
1.76484e-08
1.2496e-08
7.44672e-09
1.20462e-09
0
0
0
0
0
0
0
0
0
0
0
0
0
0
0
0
2.25527e-07
3.90137e-07
5.19146e-07
6.3241e-07
7.38668e-07
8.461e-07
9.69478e-07
1.12867e-06
1.36607e-06
1.73452e-06
2.24345e-06
3.07418e-06
4.26061e-06
4.8061e-06
3.89126e-06
2.76667e-06
2.10447e-06
1.73719e-06
1.25619e-06
2.97972e-07
6.28649e-08
5.83913e-07
8.65011e-07
9.44885e-07
8.89989e-07
6.40732e-07
4.3579e-07
3.10028e-07
2.54026e-07
2.37284e-07
1.93326e-07
1.50759e-07
1.63223e-07
1.85239e-07
0
0
0
6.24722e-08
4.69748e-07
5.84113e-07
3.50725e-07
3.85165e-07
1.75812e-06
4.5083e-06
7.16719e-06
8.7569e-06
8.89621e-06
7.14054e-06
4.30191e-06
1.92529e-06
6.86708e-07
5.0394e-07
1.22076e-06
1.59998e-06
1.55315e-06
1.91688e-06
1.87764e-06
1.72756e-06
1.51981e-06
1.30852e-06
1.13542e-06
9.85047e-07
8.68268e-07
8.08616e-07
7.83752e-07
7.8598e-07
7.53891e-07
7.00503e-07
6.55043e-07
6.05177e-07
5.5874e-07
5.22758e-07
4.80862e-07
4.31629e-07
3.6642e-07
2.66383e-07
1.23839e-07
0
0
8.1172e-08
3.00594e-07
6.6092e-07
9.28515e-07
6.12808e-07
2.40751e-07
6.86537e-08
3.28483e-09
0
0
0
0
9.59098e-08
9.67679e-08
2.20871e-08
0
0
0
0
7.24183e-09
2.01439e-08
4.38772e-08
1.99122e-08
1.15943e-08
0
0
0
0
0
0
0
0
0
0
0
0
0
0
0
0
0
0
0
0
0
0
0
0
0
0
0
0
0
0
1.40297e-08
2.51583e-08
3.11765e-08
3.42601e-08
3.5723e-08
3.68377e-08
3.86152e-08
4.12364e-08
4.40358e-08
4.64446e-08
4.79508e-08
4.83688e-08
4.78154e-08
4.60559e-08
4.38495e-08
4.19642e-08
4.09341e-08
4.04393e-08
3.99433e-08
3.84947e-08
3.61717e-08
3.35067e-08
3.08163e-08
2.81162e-08
2.51102e-08
2.10578e-08
1.57231e-08
9.95679e-09
5.22807e-09
1.73417e-09
0
0
0
0
0
0
0
0
0
0
0
0
0
0
0
0
0
5.17449e-08
2.53819e-07
4.16335e-07
5.61222e-07
7.01866e-07
8.41347e-07
9.88551e-07
1.15628e-06
1.36905e-06
1.67312e-06
2.05046e-06
2.43777e-06
2.76026e-06
2.94861e-06
2.94221e-06
2.74915e-06
2.23383e-06
9.78573e-07
9.76083e-08
3.79596e-07
7.13075e-07
8.65666e-07
8.80051e-07
7.83414e-07
5.54241e-07
3.84065e-07
2.85505e-07
2.35163e-07
2.21396e-07
2.14957e-07
1.77152e-07
1.5786e-07
1.8154e-07
2.24473e-07
5.78897e-08
2.17855e-07
5.9461e-07
1.04863e-06
1.40584e-06
1.25887e-06
3.93995e-07
0
0
1.92858e-06
5.03276e-06
6.78489e-06
7.00728e-06
5.80198e-06
3.65829e-06
1.35635e-06
0
0
0
0
5.66773e-07
1.78694e-06
2.1507e-06
2.13997e-06
1.93531e-06
1.67708e-06
1.42103e-06
1.18824e-06
1.00101e-06
8.92084e-07
8.4163e-07
8.16389e-07
7.80649e-07
7.2335e-07
6.61722e-07
6.01721e-07
5.53603e-07
5.2131e-07
4.81633e-07
4.00486e-07
2.94907e-07
1.59964e-07
1.21123e-08
0
0
1.30792e-07
3.46376e-07
6.09706e-07
7.69069e-07
5.62472e-07
2.43411e-07
6.74328e-08
5.57602e-09
0
0
0
0
5.5482e-08
1.05915e-07
3.79586e-08
0
0
0
0
1.88665e-08
3.63951e-08
5.69898e-08
0
0
0
0
0
0
0
0
0
0
0
0
0
0
0
0
1.59542e-10
2.43963e-10
0
0
0
0
0
0
0
0
0
0
4.42907e-10
4.20621e-09
7.34801e-09
1.06746e-08
1.43749e-08
1.78603e-08
2.07258e-08
2.30815e-08
2.52838e-08
2.74655e-08
2.96375e-08
3.16328e-08
3.33247e-08
3.47207e-08
3.57533e-08
3.6129e-08
3.55274e-08
3.4157e-08
3.27098e-08
3.1895e-08
3.16062e-08
3.12826e-08
3.02661e-08
2.84661e-08
2.61897e-08
2.38704e-08
2.1711e-08
1.95336e-08
1.70858e-08
1.38601e-08
9.3424e-09
4.06747e-09
0
0
0
0
0
0
0
0
0
0
0
0
0
0
0
0
0
0
0
0
0
1.56717e-07
2.93935e-07
4.18531e-07
5.37014e-07
6.50929e-07
7.65759e-07
9.02299e-07
1.07549e-06
1.25506e-06
1.44678e-06
1.68273e-06
1.94855e-06
1.91805e-06
8.50507e-07
6.3445e-08
2.87105e-07
5.90602e-07
7.54394e-07
8.05675e-07
7.75675e-07
6.18843e-07
4.44513e-07
3.18512e-07
2.42468e-07
2.12194e-07
2.01356e-07
2.02857e-07
1.974e-07
1.6566e-07
1.62305e-07
1.99439e-07
2.83518e-07
3.37456e-07
8.82951e-07
1.35413e-06
1.8778e-06
2.20769e-06
2.0455e-06
9.30035e-07
0
0
0
3.79433e-06
5.99695e-06
5.87548e-06
4.55587e-06
2.59218e-06
4.29133e-07
0
0
0
0
0
1.05977e-06
2.27242e-06
2.58141e-06
2.42617e-06
2.09616e-06
1.73514e-06
1.40073e-06
1.14301e-06
9.82314e-07
8.96332e-07
8.57423e-07
8.28198e-07
7.61302e-07
6.8202e-07
6.11572e-07
5.57489e-07
5.09948e-07
4.33797e-07
3.31523e-07
2.034e-07
5.17137e-08
0
0
0
6.97109e-08
2.47474e-07
4.669e-07
6.3761e-07
5.20221e-07
2.31887e-07
5.33214e-08
1.67088e-09
0
0
0
0
6.25843e-09
8.95511e-08
5.50477e-08
0
0
0
0
1.44666e-08
4.53794e-08
7.03858e-08
0
0
0
0
0
0
0
0
0
0
0
0
0
0
0
0
0
0
0
0
0
0
0
6.82186e-10
2.12893e-09
3.98773e-09
6.46174e-09
9.0566e-09
1.13024e-08
1.302e-08
1.43326e-08
1.55003e-08
1.65906e-08
1.7534e-08
1.83058e-08
1.89245e-08
1.95141e-08
2.02707e-08
2.16489e-08
2.36207e-08
2.56535e-08
2.73102e-08
2.81584e-08
2.77193e-08
2.61506e-08
2.41256e-08
2.28281e-08
2.25335e-08
2.2492e-08
2.20048e-08
2.08038e-08
1.90633e-08
1.72272e-08
1.56437e-08
1.42305e-08
1.26347e-08
1.05336e-08
7.72344e-09
4.02994e-09
0
0
0
0
0
0
0
0
0
0
0
0
0
0
0
0
0
0
0
0
0
0
0
0
5.65499e-08
1.43666e-07
2.22623e-07
2.98707e-07
3.7853e-07
4.25345e-07
3.89167e-07
2.51837e-07
0
0
0
1.22921e-07
4.21632e-07
6.04376e-07
6.77407e-07
6.66409e-07
5.69463e-07
4.34095e-07
3.26133e-07
2.50456e-07
2.02748e-07
1.83059e-07
1.82326e-07
1.85067e-07
1.89082e-07
1.82331e-07
1.57049e-07
1.63509e-07
2.21124e-07
3.71017e-07
7.35562e-07
1.47194e-06
1.97018e-06
2.48516e-06
2.84895e-06
2.93754e-06
2.03847e-06
0
0
0
3.46511e-06
6.11505e-06
4.8211e-06
2.9989e-06
1.17859e-06
0
0
0
0
0
0
7.57562e-09
2.09138e-06
2.85163e-06
2.79258e-06
2.43551e-06
2.01737e-06
1.61787e-06
1.29251e-06
1.07575e-06
9.43254e-07
8.75128e-07
8.29362e-07
7.52524e-07
6.62586e-07
5.81578e-07
5.11981e-07
4.41429e-07
3.54333e-07
2.42245e-07
1.01656e-07
0
0
0
0
0
1.13779e-07
2.92922e-07
4.80017e-07
4.629e-07
2.10773e-07
2.98961e-08
0
1.95725e-08
4.12918e-08
0
0
0
5.61893e-08
5.49763e-08
1.74659e-09
0
0
0
0
3.43109e-08
6.26205e-08
0
0
0
0
0
0
0
0
0
0
0
0
0
0
0
0
0
0
0
0
0
0
2.41758e-10
2.79828e-09
6.14055e-09
9.78725e-09
1.29648e-08
1.48976e-08
1.57339e-08
1.61237e-08
1.64334e-08
1.65913e-08
1.64705e-08
1.59219e-08
1.49964e-08
1.42891e-08
1.46849e-08
1.62355e-08
1.82954e-08
2.02234e-08
2.16419e-08
2.22731e-08
2.16039e-08
1.98373e-08
1.77245e-08
1.64733e-08
1.64494e-08
1.68136e-08
1.67846e-08
1.606e-08
1.46332e-08
1.29254e-08
1.15194e-08
1.04328e-08
9.3029e-09
7.76573e-09
5.65228e-09
3.06003e-09
4.26483e-12
0
0
0
0
0
0
0
0
0
0
0
0
0
0
0
0
0
0
0
0
0
0
0
0
0
0
0
0
0
0
0
0
0
6.71227e-08
2.79246e-07
4.29704e-07
4.88877e-07
4.88543e-07
4.20865e-07
3.41995e-07
2.77176e-07
2.26835e-07
1.90627e-07
1.7118e-07
1.62596e-07
1.63296e-07
1.70033e-07
1.73688e-07
1.7953e-07
1.70023e-07
1.52073e-07
1.64213e-07
2.50755e-07
4.89714e-07
1.15695e-06
1.94786e-06
2.40391e-06
2.80589e-06
3.23723e-06
3.71046e-06
3.43152e-06
1.94315e-06
0
0
4.64848e-06
6.67881e-06
3.1487e-06
8.18874e-07
0
0
0
0
0
0
0
0
2.04e-06
3.43728e-06
3.49127e-06
3.04756e-06
2.4897e-06
1.9532e-06
1.50902e-06
1.22032e-06
1.03958e-06
9.16968e-07
8.21035e-07
7.26036e-07
6.23325e-07
5.33836e-07
4.48385e-07
3.58454e-07
2.54235e-07
1.28018e-07
0
0
0
0
0
0
5.58655e-09
1.40631e-07
3.05742e-07
3.56415e-07
1.69712e-07
5.04532e-09
0
1.26327e-08
1.12379e-07
1.44802e-07
8.02089e-08
4.13716e-08
4.72361e-08
4.19703e-08
8.31297e-09
0
0
0
0
2.03176e-08
4.46366e-08
0
0
0
0
0
0
0
0
0
0
0
0
0
0
0
0
0
4.55163e-09
8.63341e-09
1.02321e-08
9.87217e-09
8.61082e-09
7.85044e-09
8.52375e-09
1.05448e-08
1.30597e-08
1.48541e-08
1.49883e-08
1.35558e-08
1.14116e-08
9.46722e-09
8.26383e-09
7.8604e-09
8.1935e-09
9.34426e-09
1.12171e-08
1.30439e-08
1.44547e-08
1.52645e-08
1.55288e-08
1.52945e-08
1.42006e-08
1.22073e-08
9.96806e-09
8.61056e-09
8.67035e-09
9.35971e-09
9.82467e-09
9.6817e-09
8.77162e-09
7.2451e-09
5.75423e-09
4.80503e-09
4.19507e-09
3.44337e-09
2.19213e-09
3.36491e-10
0
0
0
0
0
0
0
0
0
0
0
0
0
0
0
0
0
0
0
0
0
0
0
0
0
0
0
0
0
0
0
0
0
8.52882e-08
1.88615e-07
2.53105e-07
2.80474e-07
2.70189e-07
2.46194e-07
2.17896e-07
1.91914e-07
1.69455e-07
1.5411e-07
1.43876e-07
1.38168e-07
1.38925e-07
1.40621e-07
1.44844e-07
1.50594e-07
1.56102e-07
1.57408e-07
1.47657e-07
1.36134e-07
1.51275e-07
2.65561e-07
5.79342e-07
1.43767e-06
2.16558e-06
2.55996e-06
2.73661e-06
3.12231e-06
3.83834e-06
4.26582e-06
3.95472e-06
2.46286e-06
0
4.40769e-06
4.70489e-06
6.9571e-07
0
0
0
0
0
0
0
0
9.68097e-07
2.21957e-06
4.24193e-06
4.81696e-06
4.24655e-06
3.29525e-06
2.46298e-06
1.80175e-06
1.41263e-06
1.19361e-06
1.0264e-06
8.90378e-07
7.53775e-07
5.98806e-07
4.63003e-07
3.42787e-07
2.28484e-07
1.10738e-07
0
0
0
0
0
0
0
0
3.19774e-08
1.55668e-07
2.20704e-07
1.08104e-07
0
0
0
1.08452e-07
2.53561e-07
2.75881e-07
1.77856e-07
9.26178e-08
4.36804e-08
8.81514e-09
0
0
0
0
1.54032e-08
4.05155e-08
0
0
0
0
0
0
0
0
0
0
0
0
0
0
0
0
0
1.13087e-08
2.2897e-08
2.90893e-08
3.08187e-08
3.02579e-08
2.95247e-08
2.94769e-08
3.00398e-08
3.05744e-08
3.01621e-08
2.82621e-08
2.45244e-08
1.8988e-08
1.25925e-08
7.2542e-09
4.34885e-09
3.70453e-09
4.06588e-09
4.28534e-09
3.86073e-09
2.85755e-09
1.54231e-09
4.28625e-11
0
0
0
0
0
0
0
0
0
0
0
0
0
0
0
0
0
0
0
0
0
0
0
0
0
0
0
0
0
0
0
0
0
0
0
0
0
0
0
0
0
0
0
0
0
0
0
0
4.63138e-08
9.24562e-08
1.16741e-07
1.24622e-07
1.24684e-07
1.20987e-07
1.16755e-07
1.12806e-07
1.09637e-07
1.08108e-07
1.07669e-07
1.09459e-07
1.10895e-07
1.12327e-07
1.16521e-07
1.19439e-07
1.22995e-07
1.28062e-07
1.29271e-07
1.28795e-07
1.19805e-07
1.13408e-07
1.3022e-07
2.60386e-07
6.15928e-07
1.56307e-06
2.22069e-06
2.53632e-06
2.41388e-06
2.67132e-06
3.49594e-06
4.34882e-06
4.64997e-06
4.33864e-06
2.36853e-06
1.97488e-06
1.90157e-06
0
0
0
0
0
0
0
0
8.06331e-07
2.50515e-06
0
2.89101e-06
5.30802e-06
5.68012e-06
4.79242e-06
3.51699e-06
2.37082e-06
1.77831e-06
1.49625e-06
1.27692e-06
9.9517e-07
7.11789e-07
5.03575e-07
3.37521e-07
1.93826e-07
6.53832e-08
0
0
0
0
0
0
0
0
0
0
5.60833e-08
1.07499e-07
4.43486e-08
0
0
0
6.34936e-08
2.22515e-07
3.54351e-07
3.24179e-07
1.87534e-07
7.7477e-08
1.6541e-08
0
0
0
0
1.74322e-08
5.52233e-08
0
0
0
0
0
0
0
0
0
0
0
0
0
0
0
0
7.10631e-10
2.61084e-08
4.57491e-08
5.54461e-08
5.66838e-08
5.3953e-08
5.07061e-08
4.82031e-08
4.65055e-08
4.46828e-08
4.13975e-08
3.59399e-08
2.79887e-08
1.78424e-08
6.79405e-09
0
0
0
0
0
0
0
0
0
0
0
0
0
0
0
0
0
0
0
0
0
0
0
0
0
0
0
0
0
0
0
0
0
0
0
0
0
0
0
0
0
0
0
0
0
0
0
0
0
0
0
3.235e-09
1.22418e-08
2.11437e-08
2.9524e-08
3.88602e-08
4.80866e-08
5.2662e-08
5.22389e-08
4.99824e-08
4.81156e-08
4.75346e-08
4.8295e-08
5.11042e-08
5.53572e-08
6.04097e-08
6.59497e-08
7.10578e-08
7.59765e-08
7.88147e-08
8.08012e-08
8.47228e-08
8.64937e-08
8.82307e-08
8.84879e-08
8.70089e-08
8.63834e-08
7.91419e-08
7.71307e-08
9.50336e-08
2.15936e-07
5.39219e-07
1.42722e-06
1.98722e-06
2.22425e-06
1.8936e-06
1.99167e-06
2.69301e-06
3.71013e-06
4.28298e-06
4.46517e-06
3.48896e-06
1.77641e-06
0
0
0
0
0
0
0
0
4.52048e-07
1.3746e-06
1.30421e-06
0
0
1.87673e-06
4.75904e-06
5.41332e-06
4.45094e-06
3.18663e-06
2.42982e-06
1.97353e-06
1.524e-06
1.06814e-06
6.80018e-07
3.84696e-07
1.66455e-07
1.60596e-09
0
0
0
0
0
0
0
0
0
0
0
7.26968e-09
3.93133e-08
0
0
0
0
2.19862e-08
1.45832e-07
2.91031e-07
3.51008e-07
2.66711e-07
1.32616e-07
3.8289e-08
0
0
0
0
2.23527e-08
7.23617e-08
0
2.63597e-08
4.69511e-08
2.37434e-08
0
0
0
0
0
0
0
0
0
0
0
0
0
3.00565e-08
6.57829e-08
8.25189e-08
8.57284e-08
8.26374e-08
7.79967e-08
7.32361e-08
6.802e-08
6.11862e-08
5.18322e-08
3.99139e-08
2.62265e-08
1.21096e-08
0
0
0
0
0
0
0
0
0
0
0
0
0
0
0
0
0
0
0
0
0
0
0
0
0
0
0
0
0
0
0
0
0
0
0
0
0
4.25e-10
4.76777e-09
7.4049e-09
9.12189e-09
1.06227e-08
1.25612e-08
1.52517e-08
1.84301e-08
2.17671e-08
2.53334e-08
2.90792e-08
3.44433e-08
3.93369e-08
4.56594e-08
4.93431e-08
5.3043e-08
5.38008e-08
5.2384e-08
4.99906e-08
4.84453e-08
4.68807e-08
4.28304e-08
3.8475e-08
3.59503e-08
3.49351e-08
3.46296e-08
3.46333e-08
3.56515e-08
3.76572e-08
4.06559e-08
4.43872e-08
4.70134e-08
4.9144e-08
4.89908e-08
4.84926e-08
4.98545e-08
4.83195e-08
4.58785e-08
4.24727e-08
4.02612e-08
4.10668e-08
3.84621e-08
4.04427e-08
5.60101e-08
1.38212e-07
3.53594e-07
1.08239e-06
1.5546e-06
1.76165e-06
1.40922e-06
1.39679e-06
1.86529e-06
2.81041e-06
3.48132e-06
3.79274e-06
3.7249e-06
3.69786e-06
0
0
0
0
0
0
0
4.96726e-07
1.13623e-06
1.17124e-06
6.55308e-07
0
0
0
1.88306e-06
3.88659e-06
4.04652e-06
3.299e-06
2.64747e-06
2.1609e-06
1.67243e-06
1.09505e-06
5.6692e-07
1.79036e-07
0
0
0
0
0
0
0
0
0
0
0
0
0
2.29745e-09
1.67717e-08
0
0
0
0
0
9.81611e-08
2.28992e-07
3.16341e-07
2.91455e-07
1.82704e-07
7.03691e-08
2.40964e-09
0
0
1.32351e-08
3.58909e-08
8.3136e-08
0
0
0
0
0
0
0
0
0
0
0
0
0
0
0
0
0
6.90083e-11
1.29098e-08
2.32792e-08
3.73106e-08
5.64993e-08
7.53469e-08
8.63397e-08
8.59931e-08
7.60901e-08
6.02824e-08
4.14782e-08
2.16562e-08
2.75673e-09
0
0
0
0
0
0
0
0
0
0
0
0
0
0
0
0
0
0
0
0
0
0
0
0
0
0
0
0
0
0
0
0
0
0
0
0
6.8525e-09
1.77472e-08
2.79122e-08
3.6539e-08
4.33625e-08
4.86717e-08
5.28587e-08
5.68787e-08
6.08389e-08
6.46844e-08
6.86307e-08
7.19678e-08
7.53879e-08
7.76679e-08
7.90978e-08
7.86256e-08
7.74575e-08
7.41708e-08
6.9114e-08
6.34901e-08
5.82177e-08
5.31605e-08
4.7677e-08
4.30825e-08
4.0438e-08
3.83798e-08
3.57832e-08
3.27341e-08
3.0529e-08
2.94102e-08
2.93744e-08
3.0237e-08
2.95447e-08
2.7229e-08
2.13092e-08
1.57389e-08
1.18618e-08
4.79448e-09
0
0
0
0
1.2401e-09
5.57998e-09
1.20458e-08
1.8611e-08
3.34304e-08
5.32797e-07
9.50367e-07
1.19232e-06
9.44037e-07
8.87406e-07
1.13882e-06
1.76249e-06
2.21223e-06
2.35652e-06
2.24477e-06
2.48663e-06
0
0
0
0
0
0
9.80078e-08
5.31591e-07
7.6747e-07
6.01121e-07
1.68105e-07
0
0
0
2.9218e-07
1.8473e-06
2.5971e-06
2.44127e-06
2.08213e-06
1.75802e-06
1.36219e-06
7.63699e-07
2.17218e-07
0
0
0
0
0
0
0
0
0
0
0
0
0
0
1.88731e-08
2.15091e-08
0
0
0
0
0
7.22184e-08
1.98545e-07
2.80564e-07
2.71015e-07
1.94019e-07
9.08587e-08
2.26076e-08
0
1.45503e-08
3.78639e-08
6.55089e-08
1.01227e-07
0
0
0
0
0
0
0
0
0
0
0
0
0
0
2.30047e-08
2.59507e-08
0
0
0
0
0
0
3.20676e-08
6.82937e-08
6.77476e-08
3.85182e-08
0
0
0
0
0
0
0
0
0
0
0
0
0
0
0
0
0
0
0
0
0
0
0
0
0
0
0
0
0
0
0
0
0
0
0
0
0
0
8.46155e-10
7.10151e-09
1.56021e-08
2.71536e-08
4.15695e-08
5.7775e-08
7.38196e-08
8.82295e-08
1.00323e-07
1.10423e-07
1.18904e-07
1.25644e-07
1.29996e-07
1.31975e-07
1.31994e-07
1.30796e-07
1.29892e-07
1.28688e-07
1.24889e-07
1.18104e-07
1.10648e-07
1.04095e-07
9.61273e-08
8.5873e-08
7.4694e-08
6.34134e-08
5.19865e-08
4.04082e-08
2.93277e-08
1.99277e-08
1.34776e-08
9.42436e-09
8.29236e-09
1.05971e-08
1.0173e-08
2.50338e-09
0
0
0
0
0
0
0
0
0
0
0
0
0
0
1.2367e-07
4.5644e-07
4.44677e-07
3.85166e-07
4.38077e-07
8.12708e-07
1.32188e-06
1.64889e-06
1.64089e-06
1.60636e-06
3.27976e-06
3.00964e-06
3.13162e-07
0
0
0
0
0
2.41948e-08
8.38374e-08
0
0
0
0
0
6.81805e-07
1.23538e-06
1.27932e-06
1.12343e-06
9.31575e-07
6.04883e-07
1.30815e-07
0
0
0
0
0
0
0
0
0
0
0
0
0
0
0
2.04901e-08
2.71328e-08
0
0
0
0
0
5.34464e-08
1.94019e-07
2.70837e-07
2.41552e-07
1.69684e-07
7.79854e-08
3.64484e-08
1.03053e-08
6.16662e-08
7.3435e-08
1.20065e-07
1.37717e-07
0
0
6.83922e-08
1.62272e-07
2.34904e-07
2.80446e-07
2.9629e-07
2.83404e-07
2.45445e-07
1.89727e-07
1.31723e-07
9.02654e-08
7.73994e-08
8.62227e-08
9.08636e-08
6.76903e-08
1.94175e-08
0
0
0
3.86662e-08
7.75038e-08
1.04428e-07
1.12374e-07
9.71683e-08
5.69768e-08
0
0
0
0
0
0
0
0
0
0
0
0
0
0
0
0
0
0
0
0
0
0
0
0
0
0
0
0
0
0
0
0
0
0
0
0
0
8.48599e-09
2.39753e-08
3.22591e-08
3.88169e-08
4.94053e-08
6.62902e-08
8.79301e-08
1.09171e-07
1.25751e-07
1.38283e-07
1.52013e-07
1.73046e-07
1.95903e-07
2.12413e-07
2.19248e-07
2.1743e-07
2.09996e-07
1.99054e-07
1.8711e-07
1.74851e-07
1.63845e-07
1.60366e-07
1.61211e-07
1.56416e-07
1.46306e-07
1.33496e-07
1.17429e-07
9.59272e-08
6.96287e-08
4.51783e-08
2.47691e-08
8.40271e-09
0
0
0
0
0
0
0
0
0
0
0
0
0
0
0
0
0
0
0
0
0
0
0
0
0
4.86087e-07
7.06287e-07
3.31171e-07
0
7.42066e-07
3.6927e-06
4.97578e-06
2.18687e-06
1.80738e-07
0
0
0
0
0
0
0
0
0
0
3.54083e-08
2.2541e-07
1.81478e-07
3.47518e-08
0
0
0
0
0
0
0
0
0
0
0
0
0
0
0
0
0
0
9.21004e-09
2.98664e-08
3.36748e-09
0
0
0
0
2.96632e-08
1.91628e-07
2.82271e-07
2.22397e-07
1.30041e-07
3.18187e-08
3.00401e-08
2.06657e-08
1.27714e-07
1.10039e-07
1.93465e-07
1.67251e-07
0
0
0
0
0
0
6.46573e-08
1.17425e-07
1.45402e-07
1.5e-07
1.36957e-07
1.12182e-07
7.90391e-08
4.00259e-08
0
0
0
0
0
0
0
0
8.62824e-08
2.3763e-07
3.46625e-07
3.75654e-07
3.30578e-07
2.42148e-07
1.31485e-07
1.03926e-08
0
0
0
0
0
0
0
0
0
0
0
0
0
0
0
0
0
0
0
0
0
0
0
0
0
0
0
0
0
0
0
0
0
0
0
8.82437e-09
3.63806e-08
6.5605e-08
9.47332e-08
1.21114e-07
1.38698e-07
1.45068e-07
1.45046e-07
1.48574e-07
1.63374e-07
1.91225e-07
2.26124e-07
2.49983e-07
2.57074e-07
2.50603e-07
2.36491e-07
2.1683e-07
1.94309e-07
1.73057e-07
1.55691e-07
1.45224e-07
1.42778e-07
1.39225e-07
1.31264e-07
1.16767e-07
9.48697e-08
6.88028e-08
4.6464e-08
3.21072e-08
2.44644e-08
1.87327e-08
1.16e-08
0
0
0
0
0
0
0
0
0
0
0
0
0
0
0
0
0
0
0
0
0
0
0
0
0
0
1.59163e-08
8.13622e-07
2.55921e-06
5.33876e-06
7.16718e-06
5.52256e-06
2.34294e-06
0
0
0
0
0
2.22669e-07
2.23251e-07
0
0
0
0
0
0
0
0
0
0
0
0
0
0
0
0
0
0
0
0
0
0
0
0
0
1.4664e-08
8.43346e-10
0
0
0
0
0
1.4907e-07
2.68999e-07
1.89661e-07
8.41e-08
0
9.70941e-09
1.23229e-09
1.22681e-07
1.21047e-08
1.02553e-07
0
0
0
0
0
0
0
0
0
0
0
1.61099e-08
4.81521e-08
6.04293e-08
6.10763e-08
5.56629e-08
4.50697e-08
2.71155e-08
0
0
0
0
0
0
3.16822e-07
5.22395e-07
3.32483e-07
2.03405e-07
1.39218e-07
1.11091e-07
9.92532e-08
9.05581e-08
7.52015e-08
4.60679e-08
0
0
0
0
0
0
0
0
0
0
0
0
0
0
0
0
0
0
0
0
0
0
0
0
0
0
0
0
0
0
0
0
0
0
3.42281e-08
7.01532e-08
9.9039e-08
1.15047e-07
1.17284e-07
1.1029e-07
1.01687e-07
1.00537e-07
1.1139e-07
1.29678e-07
1.46623e-07
1.59735e-07
1.65227e-07
1.63367e-07
1.55524e-07
1.42154e-07
1.24865e-07
1.05849e-07
8.82934e-08
7.60393e-08
6.83821e-08
6.12814e-08
5.18134e-08
3.90165e-08
2.56264e-08
1.93551e-08
2.00584e-08
2.23029e-08
1.64977e-08
1.05368e-09
8.06651e-09
6.01059e-09
1.77436e-08
4.32053e-08
3.81611e-08
0
0
0
0
0
0
0
4.58758e-09
2.91419e-09
0
0
0
0
0
0
5.57393e-08
1.5435e-07
2.79124e-07
5.59373e-07
7.12884e-07
9.49261e-07
1.51854e-06
2.17737e-06
2.99389e-06
4.21864e-06
5.73551e-06
6.96694e-06
6.60703e-06
3.7914e-06
6.73518e-08
0
2.85459e-07
1.78667e-06
2.01571e-06
1.42471e-06
4.18867e-07
0
0
0
0
0
0
0
0
0
0
0
0
0
0
0
0
0
0
0
0
0
0
0
0
0
0
0
0
0
0
0
0
0
0
8.23063e-08
7.52924e-08
3.18639e-08
0
0
0
0
0
0
0
0
0
0
0
0
0
0
0
0
1.988e-08
6.0212e-08
8.7223e-08
9.10183e-08
7.30974e-08
3.74811e-08
0
0
0
0
0
0
0
0
4.65223e-07
3.4901e-07
2.59443e-07
2.14113e-07
1.82314e-07
1.48024e-07
1.04717e-07
5.15522e-08
0
0
0
0
0
0
0
0
0
0
0
0
0
0
0
0
0
0
0
0
0
0
0
0
0
0
0
0
0
0
0
0
0
0
0
0
2.24377e-08
4.98203e-08
7.08254e-08
7.99177e-08
7.89947e-08
7.38769e-08
6.97929e-08
6.94618e-08
7.26819e-08
7.80346e-08
8.49526e-08
9.11331e-08
9.25114e-08
8.82207e-08
7.94468e-08
7.00307e-08
6.31729e-08
5.94886e-08
5.64151e-08
5.03076e-08
3.88548e-08
2.21946e-08
8.29213e-09
7.28746e-09
9.55208e-09
5.32471e-10
0
0
0
0
0
6.47443e-08
1.55633e-07
1.88309e-07
1.93978e-07
1.53299e-07
1.06663e-07
9.85013e-08
1.34817e-07
2.00787e-07
2.50856e-07
2.51291e-07
2.73722e-07
0
0
0
0
1.55052e-07
6.61338e-07
7.87139e-07
1.00431e-06
1.76842e-06
2.24201e-06
2.6066e-06
3.10673e-06
3.54431e-06
4.02582e-06
4.65842e-06
5.35842e-06
6.05775e-06
6.56304e-06
6.02367e-06
2.85919e-06
0
1.81682e-06
5.83702e-06
4.21434e-06
1.85885e-06
0
0
0
0
0
0
0
0
0
0
0
0
0
0
0
0
0
0
0
0
0
0
0
0
0
0
0
0
0
0
0
0
0
0
0
1.04292e-08
9.19945e-09
2.00519e-08
0
8.4254e-09
0
3.36877e-08
0
0
0
0
0
0
7.68433e-09
1.52521e-08
1.94601e-08
1.72391e-08
4.57514e-09
0
0
0
0
0
0
0
0
0
0
0
0
0
0
0
0
3.73951e-08
1.93612e-07
3.10794e-07
3.45547e-07
3.38818e-07
3.17099e-07
2.86091e-07
2.47052e-07
2.0424e-07
1.49815e-07
8.62916e-08
2.68343e-08
0
0
0
0
0
0
0
0
0
0
0
0
0
0
0
0
0
0
0
0
0
0
0
0
0
0
0
0
0
0
0
0
0
6.3899e-09
2.67282e-08
4.18526e-08
4.681e-08
4.27438e-08
3.34124e-08
2.3221e-08
1.43769e-08
6.12683e-09
0
0
0
0
0
0
4.19206e-09
5.23353e-08
6.0035e-08
3.02586e-08
0
0
0
0
0
0
0
0
0
0
5.75406e-09
0
0
2.77066e-09
3.46273e-08
3.21744e-08
7.74367e-08
2.95285e-07
6.3383e-07
8.42613e-07
7.66451e-07
6.95327e-07
2.44008e-07
0
0
0
3.71532e-07
1.27348e-06
1.30526e-06
1.40895e-06
1.87237e-06
2.70246e-06
3.32382e-06
3.78882e-06
4.21893e-06
4.71035e-06
5.21912e-06
5.64982e-06
5.99462e-06
6.28398e-06
6.2431e-06
5.02726e-06
1.09318e-06
0
7.74981e-06
3.51547e-06
0
0
0
0
0
0
0
0
0
0
0
0
0
0
0
0
0
0
0
0
0
0
0
0
0
0
0
0
0
0
0
0
0
0
0
0
7.3521e-09
6.01633e-09
1.51644e-08
0
1.89382e-08
0
3.53921e-08
0
0
0
0
0
0
4.18836e-09
1.86391e-08
2.62612e-08
2.35066e-08
8.32866e-09
0
0
0
0
0
0
0
0
0
0
0
0
0
0
0
0
0
0
7.82983e-09
3.71949e-08
8.82026e-08
1.44336e-07
1.76019e-07
1.73275e-07
1.4502e-07
1.0632e-07
6.84573e-08
4.01113e-08
2.46152e-08
1.84715e-08
1.32464e-08
2.19051e-09
0
0
0
0
0
0
0
0
0
0
0
0
0
0
0
0
0
0
0
0
0
0
0
0
3.243e-09
1.11922e-08
5.85463e-09
0
0
0
0
1.0246e-09
0
0
0
0
0
0
0
0
0
0
0
0
0
3.47384e-08
4.00188e-08
0
0
0
0
0
0
0
1.53486e-08
0
0
0
0
0
0
0
0
0
0
0
2.17545e-07
7.2198e-07
9.11006e-07
9.64939e-07
5.32613e-07
0
0
0
4.67027e-07
1.75815e-06
1.6668e-06
1.6506e-06
1.81596e-06
2.21576e-06
2.74429e-06
3.28132e-06
3.81169e-06
4.50748e-06
5.14082e-06
5.62279e-06
6.03731e-06
6.2746e-06
6.23582e-06
5.62735e-06
3.6896e-06
3.79137e-08
2.10279e-07
0
0
0
0
0
0
0
0
0
0
0
0
0
0
0
0
0
0
0
0
0
0
0
0
0
0
0
0
0
2.44625e-09
7.85049e-09
1.47734e-09
0
0
0
0
0
5.51451e-09
4.53678e-09
8.98664e-09
0
1.4164e-08
0
2.49001e-08
0
9.23986e-09
3.27442e-09
6.05213e-09
1.64551e-08
3.10102e-08
4.60006e-08
5.86894e-08
6.7582e-08
7.16976e-08
7.00995e-08
6.18029e-08
4.67607e-08
2.69564e-08
6.87717e-09
0
0
0
0
1.04036e-09
0
0
0
0
0
0
0
1.40759e-09
0
0
0
0
0
1.42529e-08
1.82538e-08
1.28132e-08
9.62238e-09
1.66522e-08
3.53685e-08
6.23688e-08
9.1549e-08
1.12683e-07
1.17852e-07
1.07486e-07
8.8344e-08
6.67701e-08
4.65806e-08
3.07386e-08
2.12479e-08
1.78828e-08
1.92198e-08
2.3593e-08
2.96017e-08
3.46849e-08
3.45155e-08
2.64646e-08
1.41377e-08
6.25786e-09
7.94971e-09
1.57044e-08
2.31943e-08
2.7745e-08
2.85152e-08
2.51727e-08
1.88973e-08
1.28474e-08
1.0836e-08
1.53094e-08
2.18487e-08
1.79599e-08
0
0
0
0
0
0
0
0
0
0
0
0
0
0
0
0
0
0
0
0
0
0
0
4.97152e-08
8.75494e-09
0
2.21741e-08
6.8497e-08
0
0
0
0
0
0
0
0
0
0
0
0
1.26903e-07
1.77547e-07
2.22871e-07
0
0
0
0
9.07941e-07
2.25069e-06
1.95949e-06
1.70881e-06
1.7052e-06
1.77548e-06
1.95547e-06
2.26465e-06
2.63537e-06
3.13503e-06
3.90282e-06
4.72091e-06
5.58224e-06
6.16254e-06
6.33355e-06
5.8575e-06
4.53027e-06
1.63742e-06
0
0
0
0
0
0
0
0
0
0
0
0
0
0
0
0
0
0
0
0
0
0
0
0
0
0
0
0
0
3.38308e-09
5.02338e-09
2.05148e-09
0
0
0
0
0
0
2.81438e-09
2.27203e-09
4.35533e-09
0
8.41534e-09
0
1.66096e-08
0
5.32972e-09
0
0
0
0
0
0
0
0
5.55507e-09
2.71236e-08
4.61751e-08
5.89584e-08
6.45006e-08
6.62491e-08
7.05444e-08
7.928e-08
8.32066e-08
7.37531e-08
5.55882e-08
3.80297e-08
2.5268e-08
1.51491e-08
2.25779e-09
0
0
0
0
0
0
0
0
2.81641e-08
7.11167e-08
1.016e-07
1.24302e-07
1.41543e-07
1.53274e-07
1.5975e-07
1.61517e-07
1.58174e-07
1.50884e-07
1.43583e-07
1.38898e-07
1.36145e-07
1.34638e-07
1.33868e-07
1.32755e-07
1.29677e-07
1.23615e-07
1.12194e-07
9.72611e-08
8.34506e-08
7.38179e-08
7.11307e-08
7.74609e-08
9.27713e-08
1.0885e-07
1.15714e-07
1.07965e-07
8.94285e-08
6.84888e-08
5.10824e-08
3.96116e-08
3.36836e-08
2.98403e-08
2.19254e-08
0
0
0
0
0
0
0
0
0
0
0
0
0
0
0
0
0
0
0
0
7.56041e-09
2.89738e-08
5.87909e-09
0
3.63288e-08
6.47834e-08
1.88279e-08
0
2.19422e-08
1.52722e-07
0
0
0
0
0
0
0
0
0
0
0
0
0
0
0
0
0
0
0
2.02012e-06
2.88873e-06
2.30241e-06
1.69009e-06
1.32256e-06
1.09609e-06
1.05415e-06
1.21644e-06
1.52548e-06
1.92102e-06
2.41711e-06
3.0279e-06
3.85984e-06
5.06134e-06
6.06515e-06
6.15287e-06
5.21071e-06
2.67466e-06
0
0
0
0
0
0
0
0
0
0
0
0
0
0
0
0
0
0
0
0
0
0
0
0
0
0
0
0
0
5.27257e-12
0
0
0
0
0
0
0
2.99917e-10
8.91889e-10
6.15842e-10
1.39553e-09
0
4.05967e-09
0
9.93735e-09
0
0
0
0
0
0
0
0
0
0
0
0
2.26932e-09
5.06861e-09
4.99915e-09
3.52944e-09
1.71442e-09
1.40773e-10
0
0
0
0
0
0
0
0
0
0
0
0
0
0
0
0
1.41044e-09
3.28305e-09
4.64887e-09
5.57454e-09
6.06712e-09
6.10045e-09
5.44032e-09
4.11326e-09
2.42692e-09
1.32473e-09
1.19535e-09
1.83689e-09
3.1006e-09
4.79135e-09
6.53137e-09
8.03238e-09
9.1102e-09
9.69136e-09
9.37255e-09
8.45204e-09
7.35591e-09
6.37192e-09
5.84574e-09
5.67445e-09
5.57799e-09
5.13682e-09
4.00816e-09
2.32123e-09
5.77059e-10
0
0
7.93879e-10
2.25195e-09
2.55127e-09
5.29455e-10
0
0
0
0
0
0
0
0
0
0
0
0
0
0
0
1.59959e-09
0
0
6.96403e-09
2.75266e-08
4.12036e-08
7.18679e-09
0
3.9587e-08
7.187e-08
0
0
9.77819e-09
3.71639e-07
1.70344e-07
0
0
0
0
1.5675e-07
9.46724e-08
9.651e-09
0
0
2.58057e-08
4.43879e-08
0
0
0
0
0
0
9.21664e-08
4.15923e-06
3.71616e-06
2.60988e-06
1.74049e-06
1.05199e-06
6.73566e-07
6.29225e-07
7.33944e-07
8.17891e-07
9.49789e-07
1.18466e-06
1.56936e-06
2.25128e-06
3.28641e-06
4.47351e-06
5.62787e-06
5.94152e-06
4.03504e-06
0
0
0
0
0
0
0
0
0
0
0
0
0
0
0
0
0
0
0
0
7.94965e-09
3.04111e-09
0
0
0
0
0
0
0
0
0
0
0
0
0
0
0
3.16201e-11
0
0
1.04556e-10
0
1.8247e-09
0
5.59856e-09
0
0
0
0
0
0
0
0
0
0
0
3.00611e-11
6.17825e-10
1.01835e-09
1.17635e-09
1.0812e-09
7.83093e-10
3.81904e-10
0
0
0
0
1.43633e-10
3.78639e-10
3.59526e-10
2.01051e-10
2.3641e-10
7.8921e-10
1.94088e-09
3.47207e-09
5.01267e-09
6.33556e-09
7.13013e-09
6.97204e-09
5.73919e-09
3.93554e-09
2.31113e-09
1.3617e-09
1.40812e-09
2.37236e-09
3.49222e-09
3.93657e-09
3.05071e-09
1.389e-09
0
0
0
0
0
9.53437e-10
1.69167e-09
1.82876e-09
1.14274e-09
7.57646e-11
0
0
0
0
0
0
0
0
0
0
5.11751e-12
1.17836e-09
2.08251e-09
2.13606e-09
1.38952e-09
2.8002e-10
0
0
0
1.12225e-10
9.86707e-10
1.24325e-09
1.11779e-09
8.92754e-10
4.81178e-10
3.59093e-10
0
7.1185e-10
1.74495e-09
1.68307e-09
5.93888e-09
0
0
1.69107e-08
3.93609e-08
5.31159e-08
1.50353e-09
0
0
6.25567e-08
0
0
0
7.53455e-07
5.92655e-07
0
0
0
4.20906e-07
4.44969e-07
1.67573e-07
0
0
2.66203e-08
1.25696e-07
0
0
0
0
0
0
0
4.32202e-07
4.04737e-06
4.91237e-06
3.66233e-06
2.27977e-06
1.26256e-06
8.33779e-07
9.60209e-07
1.15168e-06
1.09723e-06
9.32587e-07
8.0848e-07
7.53952e-07
8.01176e-07
8.79697e-07
1.0204e-06
1.15394e-06
1.18616e-06
7.48007e-07
0
0
0
0
0
0
0
0
0
0
0
0
0
0
0
0
0
2.05364e-09
5.47351e-09
0
0
0
0
0
0
0
0
0
0
0
0
0
0
0
0
0
0
0
0
0
0
0
6.87088e-10
0
2.91554e-09
0
0
0
0
0
0
0
0
0
0
0
0
0
0
0
0
0
0
0
0
0
0
0
0
0
0
0
0
0
0
0
0
0
0
0
0
0
0
0
0
0
0
0
0
0
0
0
0
0
0
0
0
0
0
0
0
0
0
0
0
3.54453e-10
1.34845e-09
2.59152e-09
4.00823e-09
5.44863e-09
6.59908e-09
7.13654e-09
6.98523e-09
6.39947e-09
5.82017e-09
5.54361e-09
5.47029e-09
5.29875e-09
5.25019e-09
5.53613e-09
5.74197e-09
5.94905e-09
6.44987e-09
6.5054e-09
4.62657e-09
0
0
0
0
0
0
0
0
1.88662e-08
5.33093e-08
0
0
0
1.19205e-08
0
0
0
1.07935e-06
1.58569e-06
8.76684e-07
1.34978e-06
3.06704e-06
3.74151e-06
2.20663e-06
9.86608e-07
3.83062e-07
0
0
0
0
0
0
0
0
0
0
0
9.86881e-08
2.59081e-07
2.93285e-07
3.3483e-07
4.22317e-07
7.39385e-07
1.72948e-06
3.01909e-06
3.49485e-06
3.03286e-06
2.07433e-06
1.26635e-06
7.74229e-07
4.57263e-07
2.10801e-07
5.74433e-08
0
0
0
0
0
0
0
0
0
0
0
0
0
0
0
0
3.46277e-08
3.75813e-08
2.04888e-08
1.39712e-09
0
0
0
0
0
0
0
0
0
7.46589e-11
9.93989e-11
0
0
0
0
0
0
0
0
0
0
0
0
0
6.75789e-11
0
1.30274e-09
0
0
0
0
0
0
0
0
0
0
0
0
0
0
0
0
0
0
0
0
0
0
0
0
0
0
0
0
0
0
0
0
0
0
0
0
0
0
0
0
0
0
0
0
0
0
0
0
0
0
0
0
0
0
0
0
0
0
4.43805e-10
1.46447e-09
2.86216e-09
4.68776e-09
6.84016e-09
8.9789e-09
1.07079e-08
1.1724e-08
1.19293e-08
1.14733e-08
1.06535e-08
9.78162e-09
8.99656e-09
8.13131e-09
7.07512e-09
6.27961e-09
6.40766e-09
7.16012e-09
8.23412e-09
9.96059e-09
1.10199e-08
8.02962e-09
0
0
0
0
0
0
0
0
0
0
0
0
0
0
0
0
0
1.22825e-06
3.48156e-06
6.07988e-06
1.31635e-05
1.33986e-05
5.79289e-06
1.4453e-06
4.35443e-07
1.3786e-07
0
0
0
0
0
0
0
0
0
0
0
7.07743e-10
5.5867e-08
5.46091e-08
5.2653e-08
5.29983e-08
7.40035e-08
2.04483e-07
6.59952e-07
2.03787e-06
5.6804e-06
7.71915e-06
4.19629e-06
1.64005e-06
4.32644e-07
7.05666e-08
0
0
0
0
0
0
0
0
0
0
0
0
0
0
0
1.06641e-08
6.54405e-08
5.20144e-08
2.86742e-08
6.57745e-09
0
0
0
0
0
0
0
0
0
0
9.99456e-11
0
0
0
0
0
0
0
0
0
0
0
0
0
0
0
0
4.57473e-10
0
0
0
0
0
0
0
0
0
0
0
0
0
0
0
0
0
0
0
0
0
0
0
0
0
0
0
0
0
0
0
0
0
0
0
0
0
0
0
0
0
0
0
0
0
0
0
0
0
0
0
0
0
0
0
0
0
8.5575e-10
1.59302e-09
2.59343e-09
4.10655e-09
6.08053e-09
8.15336e-09
1.00421e-08
1.13685e-08
1.19143e-08
1.19364e-08
1.1664e-08
1.10755e-08
1.01697e-08
9.00033e-09
7.63301e-09
6.06197e-09
4.67384e-09
4.27693e-09
4.84843e-09
6.10505e-09
9.51533e-09
1.28091e-08
9.70799e-09
0
0
0
0
0
0
0
0
0
0
1.61762e-08
0
0
2.88171e-07
0
0
0
3.28148e-07
8.8788e-07
1.97701e-06
9.361e-06
8.11229e-06
1.55827e-06
2.5056e-07
6.31326e-08
2.28228e-09
0
0
0
0
0
0
0
0
0
0
0
5.17069e-09
2.57351e-08
2.25188e-08
2.07781e-08
1.47941e-08
9.29253e-09
3.74154e-08
1.67331e-07
5.16477e-07
1.47296e-06
3.92856e-06
5.41704e-06
2.32452e-06
3.09076e-07
1.44102e-08
0
0
0
0
0
0
0
0
0
0
0
0
0
0
0
4.84074e-08
4.27406e-08
2.44153e-08
9.71462e-09
1.46859e-10
0
0
0
0
0
0
0
0
0
0
0
0
0
0
0
0
0
0
0
0
0
0
0
0
0
0
0
1.07304e-10
0
4.94473e-09
4.13914e-09
1.10743e-08
1.55008e-08
1.59316e-08
1.44575e-08
1.31147e-08
1.11665e-08
9.55092e-09
8.03461e-09
6.804e-09
5.57311e-09
4.66396e-09
3.63083e-09
3.06739e-09
2.06404e-09
1.83102e-09
7.10582e-10
8.57908e-10
0
2.93075e-10
0
3.38992e-10
0
0
1.75699e-09
6.87687e-10
2.69078e-09
3.63574e-09
4.10589e-09
3.6783e-09
3.85505e-09
3.35536e-09
3.30884e-09
2.87524e-09
2.77634e-09
2.40322e-09
2.29343e-09
1.93893e-09
1.85272e-09
1.42908e-09
1.41879e-09
8.24266e-10
9.87943e-10
9.16638e-11
6.88233e-10
0
8.08159e-10
0
0
8.63265e-10
0
5.66173e-10
1.1456e-09
1.11209e-09
1.0037e-09
1.05461e-09
9.69553e-10
1.05051e-09
9.65826e-10
1.06273e-09
9.7595e-10
1.07289e-09
9.79916e-10
1.08508e-09
9.38775e-10
1.04969e-09
7.94324e-10
9.77612e-10
5.0718e-10
9.55321e-10
1.01115e-10
1.20316e-09
0
0
2.70638e-10
0
0
0
0
0
0
6.57001e-11
1.74705e-10
2.33665e-10
2.95366e-10
3.23594e-10
4.14974e-10
4.31545e-10
5.76101e-10
5.5206e-10
7.47466e-10
6.11411e-10
9.09546e-10
5.37333e-10
1.15805e-09
3.05509e-10
1.71504e-09
0
9.65146e-10
0
0
0
0
0
0
0
0
0
0
0
0
0
0
0
0
0
0
0
0
0
0
0
0
0
0
0
0
0
0
0
0
0
0
0
0
0
0
0
0
0
0
0
0
0
0
0
0
0
0
0
0
0
0
0
0
0
0
0
0
0
0
0
0
0
0
0
0
0
0
0
0
0
0
0
0
0
0
0
0
0
0
0
0
0
0
0
0
0
0
0
0
0
0
0
0
0
0
0
0
0
0
0
0
0
0
0
0
0
0
0
0
0
0
0
0
0
0
0
0
0
0
0
0
0
0
0
0
0
0
0
0
0
0
0
0
0
0
0
0
0
0
0
0
0
0
0
0
0
0
0
0
0
0
0
0
0
0
0
0
0
0
0
0
0
0
0
0
0
0
0
0
0
0
0
0
0
0
0
0
0
0
0
0
0
0
0
0
0
0
0
0
0
0
0
0
0
0
0
0
0
0
0
0
0
0
0
0
0
0
0
0
0
0
0
0
0
0
0
0
0
0
0
0
0
0
0
0
0
0
0
0
0
0
0
0
0
0
0
0
0
0
0
0
0
0
0
0
0
0
0
0
0
0
0
0
0
0
0
0
0
0
0
0
0
0
0
0
0
0
0
0
0
0
0
1.53572e-09
4.30833e-10
0
0
0
0
0
0
0
0
0
0
0
0
0
0
0
0
0
0
0
0
0
0
0
8.92008e-09
4.82265e-09
4.94432e-10
4.09757e-10
1.86761e-09
0
0
0
0
0
0
0
0
0
0
0
0
0
0
0
0
0
0
0
0
2.11127e-08
1.39932e-08
5.67448e-09
2.44952e-09
3.79256e-09
7.09054e-09
1.9114e-09
0
0
0
0
0
0
0
0
0
0
0
0
0
0
0
0
0
0
3.67855e-08
2.979e-08
1.68373e-08
8.7172e-09
6.83948e-09
1.0054e-08
1.52558e-08
3.84194e-09
0
0
0
0
0
0
0
0
0
0
0
0
0
0
0
0
0
4.70495e-08
5.0734e-08
3.52745e-08
2.03907e-08
1.38843e-08
1.41085e-08
1.94235e-08
2.27629e-08
0
0
0
0
0
0
0
0
0
0
0
0
0
0
0
0
0
3.79876e-08
6.45512e-08
5.71713e-08
3.37225e-08
2.14441e-08
2.00488e-08
2.33243e-08
2.83622e-08
2.33545e-08
0
0
0
0
0
0
0
0
0
0
0
0
0
0
0
0
1.36244e-08
5.46845e-08
7.21246e-08
4.2509e-08
1.86292e-08
1.91405e-08
2.63637e-08
3.09651e-08
3.15615e-08
9.96938e-09
0
0
0
0
0
0
0
0
0
0
0
0
0
0
0
0
2.8323e-08
7.04499e-08
5.09837e-08
3.79153e-09
0
1.7631e-08
3.07608e-08
3.28017e-08
2.36812e-08
0
0
0
0
0
0
0
0
0
0
0
0
0
0
0
0
8.23322e-09
5.51069e-08
6.41353e-08
0
0
0
1.83157e-08
3.01417e-08
2.53178e-08
8.08166e-09
0
0
0
0
0
0
0
0
0
0
0
0
0
0
0
7.06093e-09
4.34159e-08
7.42673e-08
1.78281e-08
0
0
0
1.7926e-08
2.17547e-08
1.23236e-08
0
0
0
0
0
0
0
0
0
0
0
0
0
0
0
2.23818e-08
5.07671e-08
7.98492e-08
4.88723e-08
0
0
0
0
1.1264e-08
8.90438e-09
0
0
0
0
0
0
0
0
0
0
0
0
0
0
0
2.87601e-08
7.46822e-08
8.9178e-08
7.31573e-08
0
0
0
0
0
0
0
0
0
0
0
0
0
0
0
0
0
0
0
0
0
6.74673e-09
9.09311e-08
1.1344e-07
9.6781e-08
2.71028e-08
0
0
0
0
0
0
0
3.66344e-09
3.67843e-08
1.36889e-08
0
0
0
0
0
0
0
0
0
0
0
6.82505e-08
1.19118e-07
1.13685e-07
6.3936e-08
0
0
0
0
0
0
0
0
3.63922e-08
8.44115e-08
2.39833e-08
0
0
0
0
0
0
0
0
0
0
4.48737e-08
1.02427e-07
1.18863e-07
8.60256e-08
1.33638e-08
0
0
0
0
0
0
0
2.69381e-08
8.10748e-08
1.16056e-07
0
0
0
0
0
0
0
0
0
8.05486e-09
3.85707e-08
7.99425e-08
1.05629e-07
9.0868e-08
3.99882e-08
0
0
0
0
0
0
0
2.29882e-08
6.48404e-08
1.20512e-07
7.08135e-08
0
0
0
0
0
0
0
1.94071e-08
2.63444e-08
4.44292e-08
6.89313e-08
8.78936e-08
8.29731e-08
4.90544e-08
0
0
0
0
0
0
0
2.4243e-08
5.5812e-08
1.03367e-07
1.18518e-07
0
0
0
0
0
0
0
3.49863e-08
4.41533e-08
5.61803e-08
6.91406e-08
7.73294e-08
7.13597e-08
4.72053e-08
5.09146e-09
0
0
0
0
0
0
2.32006e-08
5.6411e-08
9.13669e-08
1.25919e-07
6.81985e-08
0
0
0
0
0
0
4.34844e-08
6.00576e-08
7.13179e-08
7.63477e-08
7.48603e-08
6.26804e-08
4.07101e-08
8.28726e-09
0
0
0
0
0
0
3.41178e-09
6.28872e-08
9.25107e-08
1.27357e-07
1.12932e-07
0
0
0
0
0
0
5.11546e-08
7.3423e-08
8.74923e-08
8.77422e-08
7.78975e-08
5.83778e-08
3.39644e-08
5.61076e-09
0
0
0
0
0
0
0
5.90342e-08
1.10126e-07
1.39835e-07
1.37051e-07
0
0
0
0
0
0
6.17962e-08
8.75715e-08
1.04295e-07
1.0169e-07
8.44596e-08
5.73804e-08
2.89536e-08
1.53548e-09
0
0
0
0
0
0
0
1.99879e-08
1.32624e-07
1.67917e-07
1.56701e-07
0
0
0
0
0
0
5.73817e-08
9.32798e-08
1.17861e-07
1.15807e-07
9.32711e-08
5.89172e-08
2.60904e-08
0
0
0
0
0
0
0
0
0
1.26896e-07
1.96441e-07
1.73326e-07
0
0
0
0
0
0
3.351e-08
7.50186e-08
1.15105e-07
1.23091e-07
1.0135e-07
6.224e-08
2.50557e-08
0
0
0
0
0
0
0
0
0
8.62589e-08
1.94317e-07
1.77096e-07
9.96354e-09
0
0
0
0
0
1.96599e-08
5.07511e-08
9.51377e-08
1.16036e-07
1.03394e-07
6.5295e-08
2.53415e-08
0
0
0
0
0
0
0
0
0
4.73928e-08
1.58024e-07
1.62426e-07
2.19606e-08
0
0
0
0
0
3.70346e-08
5.22791e-08
8.38556e-08
1.04283e-07
9.88171e-08
6.63317e-08
2.64926e-08
8.18376e-10
0
0
0
0
0
0
0
0
2.55625e-08
1.12757e-07
1.35509e-07
2.49733e-08
3.64527e-08
0
0
0
0
7.68135e-08
8.87235e-08
1.02612e-07
1.08793e-07
9.98885e-08
6.89732e-08
2.88733e-08
2.97794e-09
0
0
0
0
0
0
0
0
1.24933e-08
7.52353e-08
1.08492e-07
2.39867e-08
8.97145e-08
0
0
0
0
1.04983e-07
1.34299e-07
1.42746e-07
1.35167e-07
1.18552e-07
8.21125e-08
3.58787e-08
6.03263e-09
0
0
0
0
0
0
0
0
0
4.61729e-08
8.68912e-08
2.841e-08
1.94875e-07
0
0
0
0
1.15711e-07
1.56496e-07
1.64124e-07
1.54033e-07
1.3865e-07
1.0113e-07
4.72806e-08
1.07146e-08
0
0
0
0
0
0
0
0
0
1.59828e-08
6.55531e-08
6.8723e-08
4.75324e-07
2.29343e-07
0
0
0
1.4153e-07
1.78384e-07
1.66426e-07
1.52592e-07
1.42344e-07
1.10082e-07
5.52884e-08
1.44245e-08
0
0
0
0
0
0
0
0
0
0
4.80436e-09
3.65364e-08
9.97856e-08
6.39652e-08
0
0
0
1.76448e-07
2.02064e-07
1.56244e-07
1.35431e-07
1.28822e-07
9.59441e-08
4.31484e-08
3.16016e-09
0
0
0
0
0
0
0
0
0
0
0
0
0
0
0
0
0
0
0
0
0
0
0
0
0
0
0
0
0
0
0
0
0
0
0
0
0
0
0
0
0
0
0
0
0
0
0
0
0
0
0
0
0
0
0
0
0
0
0
0
0
0
2.69171e-11
0
0
0
0
0
0
0
0
0
0
0
0
0
0
0
0
0
0
0
0
0
0
0
0
7.15736e-09
0
0
0
0
1.6295e-08
0
0
0
0
0
0
0
0
0
0
0
0
0
0
0
0
0
0
0
9.11071e-09
0
3.76931e-09
0
0
1.80308e-08
0
0
0
0
0
0
0
0
0
0
0
0
0
0
0
0
0
2.81089e-09
2.601e-09
5.91849e-09
0
2.99493e-09
0
4.43797e-10
1.49658e-08
0
0
0
0
0
0
0
0
0
0
0
0
0
0
0
7.56119e-10
1.26539e-09
3.22138e-09
1.88272e-09
2.66842e-09
8.28002e-11
1.5617e-09
0
4.81927e-10
9.60187e-09
0
0
0
0
0
0
0
0
0
1.65583e-10
3.06692e-10
5.76223e-10
7.92124e-10
1.26251e-09
1.25286e-09
1.55206e-09
1.24088e-09
1.62217e-09
8.46532e-10
1.13837e-09
1.68783e-10
8.0652e-10
0
2.33083e-10
4.95786e-09
0
0
0
0
0
0
6.62054e-10
1.15499e-09
1.43487e-09
1.56236e-09
1.36848e-09
1.21356e-09
1.03406e-09
9.80328e-10
7.24672e-10
6.92986e-10
4.72398e-10
6.35965e-10
3.26453e-10
4.88204e-10
9.40986e-11
4.48635e-10
0
3.23587e-11
2.19669e-09
0
0
0
5.70537e-10
1.38844e-09
1.70906e-09
1.67359e-09
1.46114e-09
1.23677e-09
1.03181e-09
7.93081e-10
5.93442e-10
4.27228e-10
3.74633e-10
2.63868e-10
2.65231e-10
1.75768e-10
2.53826e-10
1.37378e-10
2.44444e-10
5.48068e-11
2.70988e-10
0
0
1.30022e-09
0
2.32104e-09
2.28638e-09
2.07804e-09
1.73278e-09
1.278e-09
8.87895e-10
5.85764e-10
3.98751e-10
2.80901e-10
1.98987e-10
1.33652e-10
9.18451e-11
1.00438e-10
7.70805e-11
9.64574e-11
6.79055e-11
1.12009e-10
6.48382e-11
1.31094e-10
2.99108e-11
1.57694e-10
0
0
1.5615e-09
1.49135e-09
2.8447e-09
1.85697e-09
1.12506e-09
5.92437e-10
2.44583e-10
6.38269e-11
0
0
0
0
0
0
0
0
0
0
3.12298e-11
1.05601e-11
4.41031e-11
0
6.18778e-11
0
0
1.6244e-09
1.80823e-09
1.609e-09
7.32106e-10
2.50341e-10
1.0866e-11
0
0
0
0
0
0
0
0
0
0
0
0
0
0
2.38196e-12
0
1.1218e-11
0
0
)
;

boundaryField
{
    inlet
    {
        type            zeroGradient;
    }
    outlet
    {
        type            zeroGradient;
    }
    upperWall
    {
        type            zeroGradient;
    }
    lowerWall
    {
        type            zeroGradient;
    }
    frontAndBack
    {
        type            empty;
    }
}


// ************************************************************************* //
