/*--------------------------------*- C++ -*----------------------------------*\
  =========                 |
  \\      /  F ield         | OpenFOAM: The Open Source CFD Toolbox
   \\    /   O peration     | Website:  https://openfoam.org
    \\  /    A nd           | Version:  7
     \\/     M anipulation  |
\*---------------------------------------------------------------------------*/
FoamFile
{
    version     2.0;
    format      ascii;
    class       volScalarField;
    location    "0.105";
    object      s;
}
// * * * * * * * * * * * * * * * * * * * * * * * * * * * * * * * * * * * * * //

dimensions      [0 0 0 0 0 0 0];

internalField   nonuniform List<scalar> 
12225
(
1
1
1
1
1
1
1
1
1
1
1
1
1
1
1
1
1
1
1
1
1
1
1
1
1
1
1
1
1
1
1
1
1
1
1
1
1
1
1
1
1
1
1
1
1
1
1
1
1
1
1
1
1
1
1
1
1
1
1
1
1
1
1
1
1
1
1
1
1
1
1
1
1
1
1
1
1
1
1
1
1
1
1
1
1
1
1
1
1
1
1
1
1
1
1
1
1
1
1
1
1
1
1
1
1
1
1
1
1
1
1
1
1
1
1
1
1
1
1
1
1
1
1
1
1
1
1
1
1
1
1
1
1
1
1
1
1
1
1
1
1
1
1
1
1
1
1
1
1
1
1
1
1
1
1
1
1
1
1
1
1
1
1
1
1
1
1
1
1
1
1
1
1
1
1
1
1
1
1
1
1
1
1
1
1
1
1
1
1
1
1
1
1
1
1
1
1
1
1
1
1
1
1
1
1
1
1
1
1
1
1
1
1
1
1
1
1
1
1
1
1
1
1
1
1
1
1
1
1
1
1
1
1
1
1
1
1
1
1
1
1
1
1
1
1
1
1
1
1
1
1
1
1
1
1
1
1
1
1
1
1
1
1
1
1
1
1
1
1
1
1
1
1
1
1
1
1
1
1
1
1
1
1
1
1
1
1
1
1
1
1
1
1
1
1
1
1
1
1
1
1
1
1
1
1
1
1
1
1
1
1
1
1
1
1
1
1
1
1
1
1
1
1
1
1
1
1
1
1
1
1
1
1
1
1
1
1
1
1
1
1
1
1
1
1
1
1
1
1
1
1
1
1
1
1
1
1
1
1
1
1
1
1
1
1
1
1
1
1
1
1
1
1
1
1
1
1
1
1
1
1
1
1
1
1
1
1
1
1
1
1
1
1
1
1
1
1
1
1
1
1
1
1
1
1
1
1
1
1
1
1
1
1
1
1
1
1
1
1
1
1
1
1
1
1
1
1
1
1
1
1
1
1
1
1
1
1
1
1
1
1
1
1
1
1
1
1
1
1
1
1
1
1
1
1
1
1
1
1
1
1
1
1
1
1
1
1
1
1
1
1
1
1
1
1
1
1
1
1
1
1
1
1
1
1
1
1
1
1
1
1
1
1
1
1
1
1
1
1
1
1
1
1
1
1
1
1
1
1
1
1
1
1
1
1
1
1
1
1
1
1
1
1
1
1
1
1
1
1
1
1
1
1
1
1
1
1
1
1
1
0.361739
0.49016
0.518624
0.534633
0.552506
0.559114
0.559111
0.551568
0.532788
0.481672
0.344606
0.264031
0.264339
0.319375
0.376877
0.404025
0.41712
0.419685
0.419032
0.414664
0.398
0.385275
0.38446
0.38322
0.372753
0.33109
0.333789
0.491367
0.773856
0.828567
0.803134
0.755889
0.741841
0.740722
0.741106
0.741193
0.740346
0.739467
0.739402
0.740001
0.741961
0.745362
0.749391
0.752952
0.755772
0.758566
0.761905
0.765547
0.769295
0.773494
0.77808
0.781473
0.784329
0.785865
0.787022
0.78751
0.787654
0.786877
0.785376
0.783597
0.781893
0.778573
0.774968
0.770808
0.765046
0.757798
0.751468
0.7428
0.729909
0.712304
0.70136
0.690897
0.595037
0.364242
0.336118
0.334659
0.363073
0.41116
0.448194
0.483492
0.514588
0.5475
0.588393
0.643224
0.692822
0.728433
0.74145
0.739632
0.726422
0.641824
0.601369
0.647544
0.766975
0.832127
0.844269
0.834237
0.826451
0.825588
0.825586
0.825915
0.826718
0.827977
0.829548
0.831231
0.832952
0.834834
0.836964
0.839169
0.841204
0.843131
0.845215
0.847393
0.849246
0.850729
0.851968
0.852711
0.853137
0.853409
0.853538
0.853617
0.853549
0.853091
0.852543
0.851971
0.851729
0.851071
0.850533
0.849889
0.849307
0.848852
0.848611
0.848652
0.849018
0.849757
0.850845
0.852283
0.854313
0.85706
0.860531
0.864697
0.869695
0.875566
0.882088
0.888935
0.895412
0.899777
0.901351
0.901452
0.900864
0.898749
0.891712
0.875719
0.862455
0.836924
0.75504
0.464075
0.177943
0.0526766
0.0129609
0.00267144
0.000876578
0.00155206
0.00403581
0.00557999
0.00598498
0.00568362
0.00478613
0.00327953
0.00199442
0.00115274
0.000567293
0.000241895
4.28527e-05
3.58485e-06
6.41668e-07
1.5785e-07
5.77224e-08
2.58556e-08
1.32338e-08
2.26628e-09
0.348036
0.522323
0.584439
0.612496
0.621775
0.644042
0.657079
0.660966
0.659836
0.653685
0.640998
0.617233
0.535465
0.404758
0.372756
0.389109
0.418048
0.415781
0.403726
0.387266
0.349303
0.337912
0.366668
0.431511
0.561753
0.68368
0.746876
0.782957
0.799738
0.780086
0.770136
0.765331
0.768192
0.787923
0.801789
0.818625
0.834016
0.847326
0.859399
0.877498
0.888885
0.899762
0.915265
0.924331
0.931799
0.941974
0.948792
0.953139
0.958549
0.962269
0.96419
0.965965
0.966864
0.967406
0.967627
0.9674
0.966371
0.965036
0.962753
0.960316
0.95688
0.951896
0.945597
0.936369
0.922543
0.901283
0.867905
0.830877
0.781956
0.728415
0.700874
0.688253
0.622365
0.428947
0.374136
0.352793
0.335191
0.319216
0.319496
0.330769
0.344341
0.360145
0.390675
0.478401
0.630133
0.722495
0.771294
0.780954
0.77163
0.718082
0.614613
0.604427
0.715446
0.833959
0.837033
0.825094
0.821079
0.820041
0.819863
0.820359
0.822336
0.824916
0.827859
0.832015
0.837527
0.843916
0.850789
0.857592
0.864225
0.870615
0.876693
0.882414
0.887554
0.893288
0.899238
0.905271
0.909858
0.913372
0.916243
0.919176
0.92223
0.923701
0.924208
0.923435
0.923274
0.91994
0.916961
0.912424
0.906878
0.900365
0.893043
0.885133
0.876858
0.868402
0.859729
0.850914
0.84214
0.833615
0.826051
0.820237
0.815667
0.812316
0.810571
0.810492
0.813272
0.826714
0.854233
0.877737
0.896034
0.908838
0.913535
0.913529
0.911589
0.90461
0.88496
0.828469
0.686552
0.57012
0.501934
0.453479
0.43843
0.440746
0.4493
0.467645
0.478973
0.481069
0.475659
0.441092
0.342106
0.2484
0.175536
0.120533
0.0792671
0.0506832
0.0309259
0.0181819
0.0102533
0.00514904
0.00332572
-0.00083324
0.282855
0.474362
0.557095
0.561938
0.598033
0.639165
0.668134
0.677685
0.676512
0.669955
0.656444
0.648142
0.631983
0.581676
0.455554
0.412129
0.411977
0.392773
0.375377
0.447981
0.579342
0.62318
0.666167
0.743401
0.785348
0.799344
0.802681
0.802311
0.801206
0.799097
0.8174
0.856253
0.889135
0.912359
0.930303
0.940276
0.952764
0.958914
0.968316
0.975215
0.978938
0.984196
0.987834
0.989761
0.992153
0.993624
0.994481
0.995368
0.995811
0.996045
0.996144
0.996261
0.996327
0.996437
0.996505
0.996566
0.996599
0.996485
0.996145
0.99573
0.994873
0.993577
0.991529
0.988063
0.982249
0.971511
0.950572
0.906842
0.843129
0.760582
0.703229
0.673188
0.638415
0.562193
0.49529
0.462783
0.43002
0.398131
0.368511
0.343222
0.332248
0.332621
0.344245
0.389676
0.564263
0.709015
0.767425
0.786671
0.781122
0.715153
0.61153
0.64456
0.804847
0.833211
0.81914
0.813754
0.811942
0.811411
0.810905
0.810593
0.811183
0.813444
0.817226
0.822854
0.829554
0.836574
0.844578
0.853965
0.86325
0.870085
0.875438
0.882577
0.889929
0.896606
0.904544
0.91309
0.920253
0.92642
0.931849
0.937265
0.94352
0.949613
0.954015
0.957788
0.962693
0.966137
0.969341
0.971804
0.973537
0.974491
0.974701
0.974274
0.973101
0.971351
0.968803
0.965144
0.960155
0.952988
0.942417
0.928565
0.911555
0.890515
0.866461
0.840575
0.814242
0.792902
0.782306
0.781232
0.787836
0.822938
0.872528
0.896687
0.910504
0.919529
0.920492
0.91669
0.899205
0.876625
0.847313
0.809354
0.790976
0.790755
0.794085
0.801763
0.818117
0.840782
0.857368
0.865232
0.866806
0.86508
0.856615
0.84718
0.82986
0.789944
0.677612
0.523434
0.374427
0.254866
0.175348
0.0907221
0.221003
0.345651
0.434624
0.514755
0.603438
0.661672
0.683979
0.683434
0.679116
0.663926
0.650781
0.64549
0.635418
0.609025
0.510763
0.431882
0.405907
0.426143
0.612065
0.733941
0.7752
0.792273
0.802006
0.812902
0.81767
0.819843
0.823434
0.830204
0.847451
0.895041
0.926202
0.950914
0.962751
0.973378
0.978685
0.984126
0.987734
0.989817
0.992485
0.993624
0.994417
0.995282
0.995657
0.995864
0.995972
0.99601
0.99602
0.996026
0.99604
0.996056
0.996097
0.996204
0.996276
0.99659
0.996859
0.997152
0.997704
0.998089
0.998362
0.998655
0.998777
0.998823
0.998762
0.998308
0.99747
0.995623
0.991711
0.983316
0.964786
0.924291
0.842595
0.776225
0.740262
0.723728
0.69663
0.651553
0.598231
0.561444
0.528522
0.468541
0.397243
0.360563
0.358285
0.384401
0.547963
0.713145
0.75885
0.776781
0.766612
0.657681
0.619053
0.763139
0.824806
0.818358
0.808855
0.805826
0.804462
0.800096
0.792048
0.781399
0.775746
0.773977
0.773852
0.775791
0.781652
0.790172
0.798967
0.809189
0.822471
0.834248
0.841983
0.849944
0.859861
0.870284
0.881319
0.891321
0.900749
0.910237
0.918591
0.926987
0.934979
0.942981
0.949436
0.956408
0.962143
0.967489
0.97218
0.97628
0.979834
0.982926
0.985456
0.987361
0.988716
0.989632
0.990224
0.990534
0.990603
0.990532
0.990072
0.989105
0.987909
0.985306
0.980495
0.973693
0.959938
0.927255
0.868934
0.815029
0.787925
0.782381
0.785313
0.803999
0.861885
0.900121
0.915626
0.925448
0.92877
0.92834
0.926007
0.922214
0.914937
0.900946
0.891661
0.889871
0.890322
0.891854
0.896614
0.912524
0.933322
0.947268
0.954679
0.957368
0.957541
0.95622
0.949411
0.939256
0.921379
0.882944
0.796547
0.536698
0.237252
0.382323
0.543803
0.639222
0.686225
0.696346
0.693215
0.680237
0.651554
0.602215
0.580596
0.588608
0.605053
0.591923
0.491365
0.418345
0.430174
0.593475
0.789783
0.839854
0.852338
0.853614
0.850868
0.84781
0.847763
0.853329
0.873065
0.906201
0.942592
0.960982
0.973166
0.981573
0.985361
0.98829
0.989686
0.991412
0.992241
0.992821
0.993197
0.993287
0.99314
0.992658
0.991863
0.990776
0.989683
0.988361
0.987204
0.986514
0.986183
0.986095
0.986555
0.986886
0.987394
0.988694
0.989678
0.990634
0.992704
0.994471
0.996001
0.997408
0.998421
0.998938
0.999213
0.99934
0.999379
0.99937
0.999026
0.998148
0.995974
0.991134
0.981387
0.965563
0.948681
0.938772
0.922019
0.889266
0.824891
0.778355
0.750237
0.685218
0.537656
0.424361
0.396665
0.413432
0.561126
0.728071
0.741122
0.734305
0.683372
0.612633
0.692624
0.812443
0.821692
0.806578
0.801765
0.799453
0.791912
0.774546
0.752128
0.739597
0.73425
0.73243
0.732221
0.73487
0.74326
0.753483
0.761151
0.768184
0.775691
0.781312
0.787751
0.797968
0.810009
0.82164
0.831479
0.840828
0.851199
0.862037
0.872989
0.885675
0.898326
0.908985
0.920816
0.934236
0.944234
0.955269
0.96451
0.972306
0.97841
0.983003
0.986512
0.98928
0.991531
0.993269
0.994548
0.995464
0.996054
0.996408
0.996564
0.996583
0.996539
0.996384
0.995974
0.99527
0.994168
0.991939
0.986708
0.970315
0.90913
0.834191
0.799728
0.793388
0.797253
0.822415
0.880171
0.911778
0.924737
0.932486
0.938719
0.94149
0.941612
0.94105
0.938649
0.928945
0.916996
0.911902
0.911079
0.911846
0.916846
0.933706
0.952767
0.967048
0.976342
0.981202
0.982759
0.982851
0.982203
0.979586
0.971309
0.923326
0.463547
0.599843
0.642001
0.689542
0.704676
0.70062
0.676097
0.606968
0.524509
0.479352
0.478066
0.494701
0.549067
0.559067
0.444515
0.421788
0.504288
0.758755
0.864588
0.891054
0.896164
0.895607
0.892102
0.89068
0.893176
0.907889
0.934972
0.962765
0.975341
0.981603
0.984978
0.98677
0.987639
0.988332
0.988861
0.989134
0.988808
0.987924
0.986607
0.984332
0.981487
0.977772
0.973911
0.96955
0.965583
0.962896
0.96095
0.960128
0.959892
0.960637
0.962097
0.963437
0.965728
0.967799
0.970881
0.973198
0.97705
0.981467
0.986072
0.990079
0.993943
0.996305
0.997856
0.998818
0.999292
0.999558
0.999666
0.999697
0.999656
0.999386
0.998728
0.997407
0.995235
0.992047
0.986677
0.975945
0.950959
0.912432
0.89308
0.85873
0.748342
0.543282
0.461628
0.470251
0.610896
0.746189
0.730453
0.66348
0.619608
0.629516
0.782497
0.816554
0.809333
0.7996
0.79637
0.789113
0.770734
0.744117
0.724287
0.715673
0.712541
0.711831
0.712503
0.717544
0.727266
0.737528
0.746235
0.751684
0.753445
0.753644
0.752766
0.751256
0.750601
0.752958
0.759142
0.769402
0.779301
0.789595
0.799061
0.811939
0.82644
0.84389
0.860188
0.878063
0.898168
0.917489
0.936492
0.953285
0.966867
0.976917
0.983848
0.988466
0.991567
0.993755
0.995385
0.996616
0.99748
0.998056
0.998423
0.998608
0.99866
0.998658
0.998621
0.998515
0.998271
0.99791
0.997246
0.995679
0.990071
0.968716
0.894182
0.826113
0.803291
0.802289
0.811488
0.854548
0.900731
0.923326
0.934763
0.94157
0.947019
0.949621
0.94996
0.949287
0.945087
0.931584
0.920995
0.916883
0.916402
0.917719
0.92574
0.94637
0.963776
0.976222
0.984643
0.98972
0.991939
0.992332
0.992013
0.985332
0.636511
0.652803
0.665195
0.7053
0.707878
0.678973
0.576768
0.491634
0.45032
0.43478
0.438363
0.457314
0.513354
0.511143
0.420373
0.443131
0.617278
0.839669
0.904514
0.922644
0.927059
0.927318
0.926753
0.927456
0.933624
0.948312
0.969308
0.979369
0.982905
0.984162
0.984653
0.984786
0.982966
0.980429
0.977027
0.972898
0.967743
0.963111
0.957437
0.951865
0.946563
0.940971
0.937234
0.933789
0.931862
0.930203
0.929483
0.929236
0.929479
0.930449
0.931311
0.932861
0.934868
0.937181
0.940094
0.944
0.948296
0.954496
0.961857
0.970756
0.979762
0.986373
0.991658
0.995353
0.997256
0.998652
0.999325
0.999662
0.999804
0.999859
0.999875
0.999814
0.99962
0.999148
0.998066
0.995473
0.987813
0.96447
0.942636
0.919129
0.854539
0.654059
0.527163
0.533594
0.686445
0.776746
0.723437
0.644103
0.626612
0.725285
0.80701
0.814578
0.800238
0.794977
0.789894
0.774605
0.747442
0.721648
0.709343
0.704273
0.702869
0.702843
0.705167
0.711926
0.722906
0.733065
0.736293
0.736878
0.734402
0.725007
0.712915
0.70246
0.697119
0.69508
0.69479
0.698012
0.702934
0.71237
0.723254
0.73541
0.748754
0.764085
0.781969
0.802642
0.826892
0.854409
0.884022
0.913256
0.939041
0.959361
0.973824
0.983335
0.989276
0.992925
0.995205
0.996681
0.997695
0.998407
0.998881
0.999157
0.999273
0.999296
0.999294
0.999278
0.999227
0.999091
0.998915
0.998631
0.997894
0.994807
0.982206
0.932943
0.848599
0.813156
0.806806
0.810948
0.834347
0.888855
0.918225
0.934187
0.943444
0.949906
0.954066
0.955283
0.955082
0.952591
0.941375
0.927804
0.921493
0.920028
0.920501
0.924838
0.941533
0.961618
0.975754
0.98515
0.991105
0.994564
0.995982
0.995445
0.666083
0.664262
0.673437
0.716603
0.70647
0.600725
0.494522
0.443688
0.415773
0.406336
0.413245
0.434051
0.48826
0.470245
0.417369
0.484762
0.69959
0.883156
0.929372
0.943701
0.948421
0.949961
0.950761
0.953168
0.959398
0.97028
0.979617
0.982312
0.982795
0.982601
0.979505
0.972981
0.961127
0.953646
0.947234
0.941989
0.937588
0.933734
0.930508
0.926768
0.924741
0.92209
0.920829
0.919474
0.91885
0.918468
0.918343
0.918374
0.918872
0.919262
0.919737
0.920437
0.921926
0.923506
0.925315
0.927518
0.930044
0.932621
0.936029
0.940918
0.949099
0.961166
0.973744
0.98385
0.99044
0.994781
0.997327
0.998708
0.99941
0.99975
0.999889
0.999936
0.999948
0.999922
0.999796
0.9994
0.997892
0.991129
0.971012
0.947608
0.894393
0.705409
0.564499
0.578775
0.745867
0.796675
0.729886
0.665341
0.702969
0.78712
0.809684
0.805744
0.794667
0.791137
0.781827
0.760459
0.730628
0.71409
0.703886
0.699774
0.699028
0.699547
0.702927
0.71052
0.720999
0.72545
0.72561
0.716107
0.693588
0.677809
0.672965
0.671872
0.672109
0.673389
0.674423
0.674811
0.674613
0.674876
0.676857
0.683031
0.695779
0.708014
0.721897
0.739059
0.759709
0.786826
0.820346
0.85871
0.897051
0.930099
0.955215
0.972432
0.983352
0.989948
0.993855
0.996154
0.997555
0.998413
0.998939
0.999239
0.999356
0.999365
0.999358
0.99936
0.999363
0.999357
0.9993
0.999211
0.999031
0.998509
0.996283
0.98646
0.950804
0.863067
0.820942
0.810857
0.812429
0.825899
0.87196
0.911186
0.931693
0.944167
0.952291
0.95772
0.959837
0.959925
0.95838
0.949692
0.935422
0.928485
0.926872
0.92735
0.931516
0.946782
0.96467
0.977762
0.986755
0.992309
0.99589
0.997177
0.675651
0.666685
0.680127
0.732319
0.694081
0.53549
0.458914
0.412157
0.378984
0.375924
0.389797
0.422513
0.466047
0.443723
0.420944
0.524386
0.756954
0.909066
0.945903
0.957871
0.962406
0.964291
0.965477
0.968005
0.972571
0.978609
0.981557
0.982036
0.981062
0.97594
0.962701
0.945575
0.937725
0.933039
0.929102
0.925763
0.923429
0.921394
0.920067
0.918445
0.917591
0.916619
0.91593
0.91502
0.914429
0.913626
0.913045
0.912635
0.912388
0.912263
0.912496
0.913214
0.914832
0.916922
0.919144
0.921615
0.924256
0.926506
0.928633
0.930498
0.932489
0.936018
0.942671
0.955702
0.971569
0.983335
0.991335
0.99555
0.997809
0.999032
0.999609
0.999858
0.999948
0.999972
0.999974
0.999941
0.999755
0.998616
0.993114
0.974985
0.925831
0.735091
0.582205
0.599817
0.769387
0.805283
0.767054
0.740047
0.774863
0.803191
0.808786
0.797297
0.791626
0.787122
0.774386
0.748529
0.727314
0.714288
0.703974
0.699021
0.69799
0.698549
0.702236
0.710357
0.716023
0.71594
0.702598
0.673035
0.661129
0.658094
0.659265
0.667459
0.670796
0.673231
0.673711
0.673823
0.671686
0.668595
0.665898
0.663754
0.664886
0.674909
0.689416
0.70163
0.716991
0.736703
0.764575
0.802833
0.849383
0.894274
0.931107
0.957619
0.974868
0.985366
0.991517
0.995066
0.997131
0.998286
0.998883
0.999133
0.99909
0.998838
0.998652
0.998658
0.998732
0.998954
0.999216
0.999307
0.99929
0.999158
0.998678
0.996641
0.987777
0.956625
0.871278
0.82587
0.814372
0.814752
0.824074
0.859845
0.903134
0.928693
0.944569
0.954754
0.961372
0.964354
0.964802
0.963993
0.958641
0.947098
0.941174
0.939823
0.940269
0.94388
0.956602
0.970929
0.981633
0.988931
0.993925
0.996658
0.675185
0.668092
0.693137
0.745243
0.675748
0.501156
0.439231
0.38145
0.337582
0.343456
0.371459
0.414054
0.446978
0.42929
0.426318
0.548258
0.787649
0.925838
0.956597
0.966818
0.970833
0.972638
0.97371
0.975419
0.978224
0.980606
0.981326
0.980794
0.975726
0.961555
0.942057
0.931453
0.926492
0.92369
0.921506
0.91978
0.918509
0.917138
0.916482
0.914823
0.913378
0.911706
0.909723
0.907253
0.90467
0.901736
0.899214
0.897382
0.8961
0.895646
0.895795
0.897277
0.899655
0.903459
0.908487
0.914221
0.91918
0.923658
0.926331
0.928265
0.92952
0.930406
0.931818
0.934941
0.942054
0.957582
0.976204
0.987686
0.993539
0.996984
0.998685
0.999484
0.999822
0.999945
0.999981
0.999986
0.999971
0.999812
0.998633
0.992948
0.971546
0.823467
0.611339
0.60892
0.768606
0.813885
0.792578
0.782974
0.797645
0.804853
0.8033
0.792633
0.789392
0.783481
0.768443
0.744637
0.728312
0.716009
0.705849
0.699442
0.697941
0.698303
0.701839
0.708315
0.709724
0.700009
0.664161
0.645156
0.641297
0.644831
0.660711
0.667565
0.676053
0.684735
0.690009
0.691422
0.686727
0.677025
0.667923
0.661089
0.656859
0.654166
0.659649
0.674009
0.688749
0.705115
0.725152
0.752981
0.800402
0.855126
0.90376
0.940794
0.965477
0.980537
0.989215
0.99422
0.996898
0.998164
0.998606
0.998447
0.99775
0.995964
0.994857
0.994784
0.994986
0.995673
0.997306
0.998661
0.999203
0.999273
0.999183
0.998674
0.996468
0.98743
0.956609
0.873264
0.829199
0.817521
0.817817
0.825459
0.855873
0.8993
0.927564
0.946075
0.9579
0.965397
0.969033
0.969868
0.969538
0.96675
0.960009
0.956567
0.955854
0.956154
0.958449
0.967037
0.97795
0.98594
0.991618
0.995385
0.672696
0.676093
0.718366
0.749587
0.656977
0.486342
0.426897
0.359987
0.316541
0.32357
0.355073
0.402862
0.429625
0.421244
0.426309
0.548055
0.786261
0.932576
0.964216
0.97247
0.975605
0.976867
0.97762
0.978738
0.979953
0.980588
0.980715
0.97824
0.967785
0.94907
0.931951
0.923939
0.920476
0.918857
0.918042
0.917295
0.915613
0.913466
0.910874
0.907648
0.903706
0.899376
0.894764
0.890639
0.887835
0.885318
0.883583
0.882729
0.882362
0.882288
0.882777
0.883647
0.884967
0.886929
0.889964
0.895043
0.903991
0.914899
0.922827
0.927137
0.929066
0.929976
0.930338
0.930944
0.932871
0.937998
0.949756
0.97158
0.98505
0.992517
0.996539
0.998543
0.99945
0.999815
0.999946
0.999985
0.99999
0.999976
0.999782
0.998235
0.990889
0.944322
0.689112
0.613938
0.72777
0.815316
0.803608
0.798505
0.802699
0.80427
0.795395
0.789563
0.787057
0.780981
0.764093
0.745336
0.731457
0.720001
0.71055
0.701696
0.698299
0.698475
0.700993
0.704354
0.701218
0.670663
0.632541
0.623067
0.622811
0.629407
0.643002
0.650449
0.673518
0.684739
0.696866
0.702699
0.705677
0.703282
0.689279
0.66912
0.657125
0.650215
0.646008
0.647526
0.658951
0.68001
0.703042
0.72767
0.759581
0.814151
0.873427
0.921802
0.955264
0.975743
0.987453
0.993747
0.996799
0.997825
0.997593
0.996293
0.992492
0.986608
0.982684
0.981988
0.982303
0.983632
0.987577
0.993759
0.997591
0.998943
0.999173
0.999104
0.998529
0.995937
0.985917
0.953288
0.871596
0.83182
0.821138
0.821758
0.829068
0.857377
0.900309
0.929566
0.949187
0.961797
0.969714
0.973843
0.975149
0.975178
0.974344
0.971598
0.970083
0.969827
0.969987
0.971193
0.976235
0.984013
0.989865
0.994056
0.672683
0.69639
0.747434
0.749661
0.642193
0.481757
0.422119
0.352115
0.311928
0.313658
0.340133
0.388446
0.415499
0.414318
0.424326
0.540734
0.77247
0.931413
0.968018
0.976311
0.978601
0.979417
0.979631
0.979968
0.980251
0.980317
0.979055
0.973976
0.961787
0.942931
0.928772
0.921434
0.918293
0.916734
0.91536
0.913242
0.909698
0.906202
0.901838
0.896724
0.891842
0.88777
0.884243
0.881805
0.880327
0.879154
0.87853
0.87822
0.878117
0.878316
0.878756
0.879483
0.880506
0.88188
0.883554
0.885635
0.888585
0.894397
0.908171
0.921946
0.928128
0.930428
0.931237
0.930821
0.931456
0.933608
0.939337
0.953179
0.97353
0.985802
0.992967
0.996785
0.99868
0.999521
0.999843
0.999955
0.999988
0.999992
0.999971
0.999668
0.997451
0.984737
0.854481
0.651314
0.670116
0.798811
0.809999
0.804239
0.803316
0.800615
0.790752
0.787525
0.78533
0.779349
0.764306
0.747782
0.736414
0.726754
0.719328
0.708788
0.700078
0.6988
0.699993
0.700883
0.683971
0.637754
0.604718
0.596033
0.582077
0.572329
0.566296
0.591421
0.616623
0.658545
0.685014
0.70133
0.708604
0.711463
0.709168
0.694068
0.666466
0.650919
0.641937
0.637794
0.638771
0.651056
0.687479
0.717362
0.744796
0.784223
0.843087
0.901118
0.943785
0.97055
0.98562
0.993367
0.996492
0.996541
0.995003
0.989562
0.977534
0.969258
0.967352
0.967679
0.968169
0.968766
0.970271
0.976166
0.988955
0.996172
0.998523
0.998955
0.998875
0.998149
0.994958
0.983402
0.947287
0.869051
0.834469
0.82554
0.826722
0.834495
0.863218
0.905488
0.934822
0.954144
0.966401
0.974067
0.978505
0.980492
0.981083
0.981132
0.980907
0.980275
0.980068
0.980097
0.980619
0.983286
0.988693
0.99301
0.676265
0.730092
0.767927
0.747653
0.636762
0.485435
0.427295
0.361322
0.312361
0.310548
0.329363
0.374133
0.404109
0.407571
0.418179
0.520418
0.737571
0.923713
0.967897
0.978394
0.980469
0.980752
0.98097
0.980523
0.980237
0.979937
0.97758
0.969499
0.954258
0.938955
0.926857
0.919372
0.915772
0.913735
0.911308
0.907638
0.903919
0.899204
0.893547
0.888456
0.884524
0.881789
0.879498
0.878244
0.877384
0.876608
0.876173
0.875831
0.875696
0.87567
0.875996
0.876677
0.877812
0.879472
0.881274
0.883109
0.885043
0.887228
0.89164
0.90395
0.92162
0.929624
0.932249
0.933116
0.932168
0.933099
0.936833
0.946932
0.96719
0.982286
0.990962
0.995585
0.997964
0.999134
0.99967
0.999889
0.999968
0.999992
0.999993
0.999953
0.999445
0.995945
0.969651
0.765571
0.670233
0.739861
0.804417
0.805595
0.802596
0.793257
0.78749
0.785449
0.783819
0.779263
0.765752
0.752031
0.741697
0.734882
0.729615
0.719624
0.705153
0.699688
0.698148
0.693333
0.669703
0.613457
0.576913
0.541764
0.480864
0.433094
0.411199
0.432939
0.498023
0.571644
0.638668
0.682703
0.704901
0.712287
0.713742
0.709057
0.685324
0.656031
0.640293
0.633091
0.631818
0.637306
0.668177
0.712445
0.74092
0.774062
0.823511
0.882731
0.932385
0.965077
0.983936
0.993021
0.995158
0.994196
0.988016
0.971846
0.963075
0.963246
0.964151
0.965779
0.966532
0.966729
0.966755
0.967037
0.970466
0.98502
0.994988
0.998108
0.998659
0.998518
0.997514
0.993501
0.979975
0.938602
0.867482
0.837777
0.830936
0.832848
0.842217
0.875111
0.916256
0.943751
0.961066
0.9718
0.978485
0.982707
0.985208
0.986551
0.987133
0.987259
0.987153
0.986798
0.986715
0.98694
0.988453
0.992255
0.685192
0.758758
0.780923
0.751597
0.643136
0.496448
0.437879
0.382456
0.318029
0.310668
0.323436
0.363143
0.394231
0.400176
0.408482
0.489993
0.664836
0.900797
0.96517
0.97843
0.981827
0.982117
0.981544
0.980847
0.979961
0.979214
0.976107
0.967022
0.952169
0.938273
0.926911
0.919452
0.915252
0.912322
0.909174
0.903934
0.898076
0.893231
0.888905
0.884624
0.881086
0.879264
0.877581
0.876472
0.875744
0.874937
0.874427
0.87407
0.873916
0.873882
0.873999
0.874266
0.874801
0.875888
0.878305
0.881664
0.884005
0.885879
0.887944
0.891939
0.904285
0.922748
0.931196
0.934034
0.93506
0.935067
0.936756
0.945165
0.965047
0.981151
0.990398
0.995277
0.997773
0.999008
0.999585
0.999839
0.999943
0.999983
0.999995
0.999993
0.99991
0.999082
0.993466
0.93973
0.728256
0.702056
0.763763
0.800778
0.80064
0.790834
0.783777
0.782705
0.781801
0.778981
0.769056
0.756581
0.747537
0.742952
0.73921
0.731318
0.71357
0.701899
0.698214
0.690875
0.663558
0.583819
0.526855
0.442999
0.351028
0.295865
0.272346
0.281772
0.328245
0.442383
0.554711
0.639429
0.689174
0.710261
0.714648
0.713239
0.700934
0.66475
0.639976
0.630081
0.62902
0.633272
0.660249
0.711501
0.740996
0.771772
0.816432
0.872498
0.92443
0.961577
0.983097
0.992034
0.992989
0.989016
0.970759
0.95782
0.958917
0.96334
0.968456
0.971714
0.973169
0.973233
0.972576
0.969331
0.967095
0.96936
0.983659
0.994669
0.997826
0.998277
0.998003
0.996575
0.991536
0.975688
0.92902
0.86681
0.842087
0.837633
0.8407
0.85428
0.894732
0.931743
0.954929
0.968816
0.977348
0.982932
0.986765
0.989299
0.990777
0.991421
0.991543
0.99143
0.991039
0.990924
0.991067
0.992182
0.694472
0.773862
0.795099
0.762014
0.654912
0.512819
0.451223
0.412006
0.336738
0.314238
0.321093
0.354884
0.385842
0.392125
0.396519
0.454499
0.5894
0.830817
0.954626
0.976981
0.981865
0.983151
0.982719
0.981418
0.980009
0.977312
0.971312
0.959977
0.946996
0.935567
0.925449
0.91921
0.915096
0.912279
0.909481
0.904216
0.897903
0.891375
0.886275
0.882481
0.879398
0.877649
0.876436
0.875478
0.874797
0.874179
0.873776
0.873561
0.8735
0.873527
0.873594
0.873739
0.874023
0.874551
0.875664
0.878543
0.883089
0.885699
0.887453
0.889807
0.894699
0.909466
0.925486
0.93297
0.93565
0.937363
0.940035
0.94641
0.965428
0.981875
0.991069
0.995651
0.99788
0.999011
0.999573
0.999828
0.999935
0.999977
0.999993
0.999997
0.999988
0.999838
0.998592
0.989651
0.896519
0.730802
0.724844
0.768052
0.793739
0.79066
0.782223
0.779194
0.778798
0.777835
0.77338
0.761236
0.752623
0.749489
0.747131
0.741741
0.725879
0.706561
0.699449
0.689745
0.656059
0.561469
0.482688
0.373473
0.282889
0.238976
0.225753
0.229584
0.249578
0.310905
0.454944
0.580809
0.662075
0.702341
0.714478
0.714869
0.707059
0.673885
0.641716
0.629737
0.628414
0.632308
0.65746
0.720112
0.752601
0.775437
0.814909
0.868507
0.920828
0.960063
0.98266
0.99058
0.989993
0.978205
0.953508
0.951725
0.9578
0.973443
0.982071
0.985789
0.987238
0.987393
0.986705
0.984028
0.97352
0.96843
0.970873
0.985413
0.995149
0.997595
0.99776
0.997234
0.995183
0.988904
0.970392
0.918691
0.867643
0.848187
0.846431
0.851839
0.875355
0.918543
0.948185
0.965774
0.976027
0.982515
0.98707
0.990359
0.992548
0.993753
0.994207
0.994256
0.994107
0.993794
0.993735
0.993804
0.70175
0.783124
0.806413
0.771971
0.671559
0.535533
0.466199
0.434684
0.380399
0.326599
0.322672
0.349307
0.379904
0.386657
0.385435
0.415514
0.515391
0.672643
0.914768
0.967985
0.980286
0.983051
0.983567
0.982937
0.980693
0.97753
0.970724
0.958342
0.945227
0.934379
0.924529
0.91772
0.913512
0.911573
0.909646
0.905852
0.899313
0.892425
0.886803
0.882813
0.879656
0.877719
0.876492
0.875542
0.874853
0.874267
0.873864
0.87362
0.873508
0.873505
0.873542
0.873652
0.87389
0.874305
0.875147
0.87708
0.881902
0.886397
0.888283
0.88974
0.892897
0.900609
0.917583
0.929541
0.934951
0.937456
0.941285
0.951607
0.970969
0.98504
0.993079
0.997024
0.998734
0.999419
0.999713
0.999861
0.999938
0.999976
0.999992
0.999998
0.999998
0.99998
0.999761
0.998106
0.985119
0.868733
0.745129
0.739249
0.762914
0.783651
0.781595
0.77796
0.776031
0.775397
0.773449
0.766723
0.758064
0.754854
0.753294
0.750033
0.740278
0.716694
0.703409
0.691546
0.65687
0.55486
0.446746
0.329943
0.2524
0.220866
0.213925
0.215545
0.225909
0.257283
0.352701
0.518155
0.632521
0.691855
0.713459
0.715877
0.710095
0.679489
0.644493
0.630424
0.628644
0.632641
0.659407
0.741138
0.784597
0.797622
0.820767
0.86786
0.919549
0.959601
0.982434
0.988634
0.98503
0.959326
0.945358
0.946393
0.960197
0.977817
0.986938
0.990798
0.991995
0.992096
0.991207
0.988828
0.984569
0.972985
0.970148
0.974112
0.988955
0.995784
0.997165
0.997017
0.996038
0.993253
0.985497
0.962826
0.907651
0.870548
0.858538
0.858984
0.869274
0.90478
0.940948
0.962637
0.974893
0.982147
0.987027
0.990641
0.993253
0.994913
0.995747
0.996011
0.996017
0.995874
0.995733
0.995613
0.70906
0.792966
0.817884
0.786996
0.691236
0.561021
0.481458
0.450261
0.422528
0.361004
0.334237
0.347953
0.377155
0.384757
0.380406
0.390305
0.446994
0.541167
0.783321
0.930911
0.970636
0.980861
0.983315
0.983426
0.982607
0.979459
0.972416
0.959906
0.946511
0.935493
0.925535
0.918186
0.913532
0.910445
0.909
0.906952
0.902783
0.896064
0.889192
0.884375
0.880822
0.878419
0.876949
0.875925
0.875187
0.87461
0.874215
0.873919
0.873762
0.873761
0.873802
0.873914
0.87416
0.874537
0.87526
0.876961
0.881531
0.887412
0.890922
0.892029
0.893392
0.898313
0.912838
0.926919
0.933836
0.936977
0.941201
0.952707
0.971351
0.985065
0.993127
0.997167
0.998928
0.999613
0.999858
0.999943
0.999973
0.999986
0.999993
0.999998
0.999999
0.999998
0.99997
0.99969
0.997636
0.980286
0.855517
0.755347
0.744711
0.756902
0.774739
0.775321
0.77465
0.773718
0.772771
0.770053
0.763205
0.759068
0.757608
0.755596
0.750015
0.731213
0.712312
0.697038
0.662053
0.564209
0.449833
0.332688
0.255043
0.222106
0.213298
0.213507
0.220293
0.242149
0.307737
0.473409
0.610446
0.684855
0.712866
0.717271
0.712126
0.681808
0.645691
0.631463
0.630035
0.636102
0.673446
0.769682
0.822794
0.835644
0.844535
0.873001
0.921505
0.961529
0.982793
0.986679
0.977775
0.947064
0.93724
0.940306
0.959184
0.97773
0.987381
0.991886
0.993337
0.993413
0.992373
0.988784
0.986531
0.980033
0.971637
0.971578
0.979547
0.991988
0.995775
0.996334
0.995856
0.994358
0.990714
0.980563
0.948333
0.900018
0.876186
0.871929
0.875339
0.895515
0.93424
0.959711
0.97406
0.982078
0.987117
0.990765
0.99351
0.995425
0.996563
0.997084
0.997226
0.997222
0.99718
0.997053
0.719226
0.807486
0.826291
0.798691
0.716365
0.594613
0.496915
0.461716
0.443677
0.410631
0.36286
0.352319
0.376824
0.384458
0.379564
0.379089
0.40395
0.456108
0.576252
0.827108
0.934888
0.969782
0.980336
0.982918
0.982824
0.981952
0.977761
0.966623
0.95113
0.938896
0.928379
0.920035
0.914411
0.910741
0.908734
0.90732
0.90522
0.901059
0.894551
0.888023
0.883474
0.880251
0.878165
0.876826
0.875916
0.875246
0.874852
0.874537
0.8743
0.874279
0.874323
0.874461
0.874786
0.875385
0.876541
0.879171
0.884989
0.890042
0.892995
0.894401
0.895668
0.898835
0.911147
0.926072
0.93353
0.936793
0.941064
0.952556
0.970733
0.984556
0.992871
0.997086
0.998926
0.999632
0.999878
0.999958
0.999984
0.999994
0.999997
0.999999
0.999999
1
0.999996
0.99995
0.999543
0.996603
0.970791
0.838046
0.757313
0.744865
0.752646
0.767642
0.771521
0.771662
0.771329
0.769969
0.766063
0.761927
0.760251
0.758944
0.755829
0.74429
0.723996
0.707254
0.673894
0.587575
0.464219
0.346244
0.266346
0.22823
0.21707
0.217363
0.22258
0.239985
0.295275
0.454192
0.601747
0.681906
0.713618
0.718951
0.713439
0.682075
0.645946
0.632788
0.632382
0.641844
0.695717
0.799674
0.853107
0.867799
0.873357
0.88954
0.930482
0.966365
0.983564
0.984989
0.972768
0.938981
0.926082
0.929008
0.951154
0.974067
0.986386
0.991924
0.993713
0.993781
0.992668
0.987326
0.984997
0.982822
0.974732
0.971434
0.974035
0.986369
0.993699
0.995132
0.995124
0.994221
0.992149
0.987215
0.972306
0.929978
0.895776
0.885364
0.885791
0.89566
0.928636
0.957442
0.973647
0.982376
0.987505
0.991027
0.993693
0.995667
0.996973
0.9977
0.998022
0.998122
0.998141
0.998093
0.731325
0.823066
0.836015
0.81014
0.736963
0.625479
0.514154
0.471656
0.455272
0.439712
0.405541
0.373417
0.378021
0.384726
0.379902
0.375339
0.384384
0.409216
0.465851
0.599689
0.835997
0.93155
0.966836
0.978707
0.981902
0.981886
0.980917
0.976973
0.966143
0.94774
0.93465
0.924394
0.917088
0.912109
0.909246
0.907605
0.905992
0.904087
0.90011
0.8949
0.888814
0.883941
0.880722
0.878665
0.877333
0.876374
0.875827
0.875427
0.875139
0.875133
0.875212
0.87545
0.87603
0.876991
0.878801
0.882963
0.888873
0.893734
0.896213
0.897043
0.898026
0.900968
0.912239
0.927115
0.934466
0.937622
0.941685
0.952281
0.970417
0.98442
0.992867
0.997106
0.998938
0.99964
0.999885
0.999963
0.999988
0.999995
0.999998
0.999999
1
1
0.999999
0.999992
0.999904
0.999213
0.99433
0.95558
0.817077
0.753911
0.743319
0.74853
0.763202
0.768171
0.769183
0.768956
0.767429
0.763916
0.76195
0.760966
0.759134
0.75352
0.737911
0.721169
0.692594
0.621048
0.494838
0.375377
0.290209
0.242477
0.226948
0.227085
0.232922
0.25134
0.301278
0.449858
0.602804
0.685183
0.716011
0.720645
0.714073
0.680234
0.645293
0.634452
0.635048
0.649104
0.720483
0.83015
0.882033
0.894895
0.897571
0.90673
0.938977
0.970923
0.984319
0.984483
0.969133
0.927705
0.908857
0.910028
0.934538
0.965894
0.98342
0.991335
0.993762
0.993846
0.992487
0.985519
0.981239
0.980707
0.977774
0.971991
0.972327
0.980297
0.990875
0.993783
0.993926
0.993517
0.9921
0.989332
0.981705
0.954746
0.915305
0.898264
0.896558
0.901242
0.925572
0.956077
0.97366
0.983032
0.9882
0.991513
0.993977
0.995864
0.997207
0.998048
0.998509
0.998704
0.998804
0.998792
0.741997
0.833288
0.84423
0.822314
0.759637
0.658699
0.535954
0.480197
0.462713
0.453795
0.437991
0.410932
0.387082
0.386805
0.381458
0.375155
0.378366
0.390027
0.415189
0.47429
0.60953
0.827557
0.92325
0.961629
0.975798
0.980138
0.980601
0.979755
0.97665
0.968277
0.951387
0.934879
0.923698
0.916021
0.911303
0.908591
0.90674
0.904957
0.903395
0.900118
0.89577
0.890927
0.885904
0.882327
0.880094
0.878516
0.877653
0.877004
0.876646
0.876671
0.876857
0.877352
0.878485
0.880138
0.883521
0.889441
0.894923
0.897825
0.898682
0.899094
0.90003
0.903658
0.916943
0.930432
0.93662
0.939306
0.942774
0.951972
0.970652
0.985098
0.993446
0.997429
0.999076
0.99969
0.999901
0.99997
0.99999
0.999997
0.999999
0.999999
1
1
1
0.999999
0.999978
0.999784
0.998409
0.989096
0.928354
0.794204
0.748594
0.740756
0.745556
0.759792
0.765492
0.766977
0.76669
0.765076
0.762947
0.761974
0.760873
0.758105
0.75019
0.736636
0.713255
0.659823
0.539589
0.416663
0.327328
0.268394
0.244501
0.243993
0.250845
0.271802
0.325048
0.474977
0.619103
0.693865
0.720109
0.722968
0.713736
0.674562
0.644236
0.636221
0.638275
0.659198
0.750858
0.859388
0.909007
0.921807
0.922501
0.925772
0.947399
0.975127
0.985439
0.984914
0.968223
0.917811
0.895257
0.895311
0.915074
0.955611
0.979253
0.990311
0.993714
0.99383
0.991642
0.982648
0.977322
0.977159
0.97693
0.973145
0.971839
0.975744
0.987532
0.992345
0.992919
0.992457
0.991586
0.989738
0.985349
0.970189
0.93234
0.910265
0.905936
0.908456
0.925646
0.955759
0.974111
0.983926
0.989098
0.992191
0.994405
0.996119
0.9974
0.998272
0.998813
0.999083
0.999226
0.999239
0.751313
0.840184
0.850579
0.834618
0.783738
0.693956
0.570585
0.490934
0.468215
0.460109
0.453665
0.440174
0.417054
0.395869
0.387471
0.376952
0.378513
0.385185
0.398528
0.423531
0.480922
0.605281
0.805761
0.909787
0.95334
0.970821
0.97722
0.978846
0.978177
0.976117
0.970823
0.960447
0.941265
0.926505
0.917354
0.91182
0.908582
0.90645
0.904517
0.902779
0.90044
0.897445
0.893577
0.889577
0.886124
0.883108
0.88147
0.880189
0.879718
0.879829
0.880285
0.88147
0.883249
0.886272
0.891603
0.896512
0.899289
0.900374
0.900816
0.901366
0.902835
0.908386
0.923805
0.934792
0.939264
0.941182
0.944227
0.95316
0.972431
0.986542
0.994314
0.997855
0.999254
0.999756
0.999924
0.999977
0.999993
0.999998
0.999999
1
1
1
1
1
0.999995
0.999939
0.999478
0.996496
0.977955
0.883784
0.774723
0.741622
0.737393
0.74274
0.757403
0.763387
0.765057
0.76467
0.763291
0.762229
0.761562
0.760181
0.75655
0.748414
0.731729
0.694405
0.596065
0.47802
0.377754
0.301757
0.273198
0.273471
0.28247
0.305848
0.36238
0.514257
0.645157
0.707048
0.724683
0.72465
0.711238
0.669088
0.643824
0.638804
0.64295
0.673327
0.78371
0.886452
0.931035
0.943347
0.944905
0.948216
0.963796
0.982213
0.987963
0.986595
0.968563
0.914731
0.892237
0.891998
0.905936
0.947333
0.97656
0.989935
0.993772
0.993773
0.990167
0.978101
0.973512
0.973737
0.974862
0.973378
0.971527
0.973452
0.983699
0.990761
0.991979
0.991622
0.990595
0.989374
0.986509
0.977289
0.947047
0.921214
0.914425
0.915677
0.927697
0.956362
0.975156
0.985115
0.990174
0.993015
0.994949
0.996445
0.997613
0.998455
0.999011
0.999308
0.999475
0.999533
0.758406
0.845587
0.856631
0.846953
0.809827
0.73558
0.62176
0.51169
0.474552
0.463663
0.459183
0.454238
0.443964
0.423435
0.409667
0.387075
0.383081
0.3867
0.396398
0.408377
0.432793
0.486633
0.598212
0.769895
0.888327
0.938975
0.961713
0.971971
0.975897
0.975714
0.974756
0.972279
0.96638
0.954691
0.934316
0.921371
0.913993
0.909768
0.906821
0.904645
0.902643
0.900957
0.898744
0.896493
0.893624
0.891082
0.889311
0.88734
0.886873
0.887088
0.887811
0.889221
0.891737
0.895452
0.898573
0.900781
0.901937
0.902519
0.903019
0.903985
0.906688
0.916628
0.931652
0.939108
0.941548
0.942818
0.945542
0.955309
0.975205
0.988642
0.995398
0.9983
0.999422
0.999816
0.999944
0.999983
0.999995
0.999999
1
1
1
1
1
1
0.999999
0.999984
0.999838
0.998772
0.992199
0.956039
0.833031
0.755499
0.734138
0.733524
0.741027
0.756023
0.761833
0.76341
0.763053
0.7622
0.7617
0.761006
0.7593
0.754996
0.744872
0.720901
0.652099
0.543184
0.441096
0.359587
0.321826
0.320113
0.326894
0.347907
0.410829
0.566179
0.672125
0.716249
0.727233
0.725542
0.706183
0.663692
0.644247
0.641903
0.64912
0.692921
0.815071
0.908821
0.952905
0.966923
0.967559
0.967899
0.97638
0.988035
0.9908
0.988964
0.970854
0.916123
0.89244
0.891809
0.903576
0.943509
0.975505
0.989894
0.993982
0.993782
0.988502
0.973207
0.969167
0.969826
0.972614
0.972686
0.971203
0.972097
0.980068
0.988772
0.990957
0.99084
0.98984
0.988743
0.986669
0.980618
0.957746
0.930793
0.922394
0.922983
0.932254
0.958609
0.97707
0.986624
0.991369
0.993914
0.995565
0.996831
0.997849
0.998615
0.99914
0.999448
0.999628
0.999716
0.761038
0.847891
0.860818
0.857729
0.835973
0.782104
0.689168
0.563322
0.490546
0.468518
0.461435
0.458269
0.454588
0.444912
0.436544
0.416798
0.40242
0.397666
0.400326
0.407684
0.418248
0.440986
0.490376
0.585994
0.719795
0.846869
0.908769
0.9426
0.961082
0.969312
0.972763
0.972475
0.971482
0.968813
0.962599
0.94903
0.929956
0.918843
0.912407
0.908412
0.905481
0.90351
0.901406
0.900195
0.898536
0.89708
0.895871
0.894593
0.894446
0.89465
0.895231
0.896593
0.898434
0.900106
0.901582
0.902934
0.904279
0.905353
0.906377
0.908348
0.913605
0.928248
0.939024
0.942781
0.943547
0.94424
0.946946
0.958946
0.978322
0.990024
0.995904
0.998482
0.999484
0.999837
0.999952
0.999986
0.999996
0.999999
1
1
1
1
1
1
1
0.999996
0.999949
0.999556
0.996979
0.982246
0.909136
0.789632
0.740782
0.72852
0.729868
0.740933
0.755128
0.76059
0.762025
0.761893
0.761607
0.761221
0.760419
0.758303
0.752744
0.738598
0.700487
0.606525
0.511127
0.432145
0.379051
0.368802
0.374067
0.396411
0.48061
0.620008
0.696377
0.725299
0.730469
0.726069
0.698081
0.659711
0.645665
0.645466
0.657501
0.721702
0.84592
0.925811
0.96732
0.983096
0.9859
0.98543
0.986832
0.992201
0.993295
0.991339
0.975058
0.921488
0.895006
0.893527
0.903409
0.941272
0.975001
0.990326
0.994346
0.993801
0.986394
0.968077
0.963937
0.965
0.969767
0.971501
0.97079
0.971177
0.976954
0.986957
0.990114
0.990213
0.989324
0.988236
0.98662
0.982294
0.965075
0.938921
0.929839
0.930108
0.938284
0.962448
0.979501
0.988286
0.992597
0.994831
0.99621
0.997248
0.998097
0.998763
0.999238
0.999538
0.999718
0.999815
0.76171
0.848596
0.864093
0.864563
0.856249
0.826877
0.765213
0.669702
0.550723
0.490681
0.468029
0.460294
0.457279
0.452277
0.447625
0.436932
0.425069
0.415564
0.411092
0.411229
0.416244
0.427413
0.448141
0.489595
0.55105
0.634822
0.732887
0.841052
0.902148
0.93734
0.9573
0.966411
0.969877
0.969801
0.968996
0.966069
0.959397
0.944548
0.927429
0.917526
0.911475
0.907922
0.904838
0.903137
0.90158
0.900513
0.899688
0.899053
0.899046
0.899204
0.899622
0.90051
0.901556
0.902779
0.904553
0.906792
0.908803
0.910261
0.911969
0.915561
0.925829
0.939369
0.944422
0.944533
0.94434
0.944749
0.948127
0.962908
0.98152
0.992038
0.996911
0.998887
0.999627
0.999881
0.999963
0.999989
0.999997
0.999999
1
1
1
1
1
1
1
0.999999
0.999984
0.999842
0.998811
0.992608
0.960278
0.846754
0.75882
0.729107
0.723823
0.726945
0.741568
0.754589
0.759504
0.760892
0.761195
0.761085
0.760727
0.759758
0.756945
0.749201
0.727564
0.658206
0.579734
0.499294
0.435729
0.423615
0.430421
0.46038
0.562512
0.66992
0.718469
0.732122
0.732435
0.724181
0.688369
0.65681
0.647914
0.649529
0.668895
0.754712
0.872498
0.942282
0.976022
0.989363
0.992756
0.993372
0.995024
0.996676
0.996579
0.994332
0.980226
0.929773
0.900574
0.898465
0.905863
0.939933
0.974751
0.990915
0.994807
0.993795
0.983959
0.963218
0.958542
0.959814
0.96627
0.970087
0.970125
0.970423
0.974701
0.985035
0.989031
0.989423
0.988843
0.987849
0.986538
0.983221
0.969932
0.945571
0.936574
0.936724
0.944275
0.966582
0.982076
0.989964
0.993787
0.995713
0.996844
0.997668
0.998351
0.998908
0.999324
0.9996
0.999771
0.999866
0.754474
0.842892
0.866175
0.869316
0.867853
0.8556
0.826235
0.777329
0.700956
0.595452
0.512145
0.474727
0.460403
0.455464
0.450979
0.44406
0.434709
0.424056
0.417191
0.415428
0.417411
0.425882
0.438733
0.456198
0.477078
0.503751
0.538427
0.597245
0.687557
0.814283
0.890311
0.933187
0.955287
0.964752
0.967938
0.967928
0.967066
0.963728
0.956591
0.941399
0.926223
0.917528
0.911756
0.908403
0.905817
0.9041
0.903199
0.902472
0.902402
0.902534
0.902917
0.903727
0.904861
0.907082
0.910208
0.913188
0.915378
0.917235
0.920325
0.927277
0.941279
0.946862
0.946856
0.945259
0.94449
0.945125
0.950278
0.9688
0.985467
0.99402
0.997814
0.999281
0.999776
0.999933
0.99998
0.999994
0.999998
1
1
1
1
1
1
1
1
1
0.999995
0.999945
0.999534
0.99688
0.98227
0.912043
0.793018
0.737022
0.720279
0.719671
0.725253
0.743311
0.754382
0.7586
0.760185
0.760648
0.760569
0.760156
0.758846
0.754913
0.74352
0.711019
0.647715
0.557959
0.49683
0.490769
0.500986
0.541689
0.642272
0.705351
0.729787
0.735045
0.733393
0.719105
0.678514
0.655471
0.650676
0.654671
0.684358
0.790402
0.894528
0.954328
0.981713
0.992406
0.99559
0.996373
0.997493
0.998234
0.99818
0.996614
0.985887
0.940948
0.908994
0.906205
0.911703
0.939888
0.975258
0.991556
0.99515
0.993531
0.98108
0.959202
0.953787
0.955016
0.962502
0.968526
0.969298
0.969665
0.972858
0.982892
0.987961
0.988797
0.988458
0.987583
0.986478
0.98378
0.972954
0.950847
0.942581
0.942781
0.950169
0.970908
0.984683
0.991594
0.994902
0.996528
0.997437
0.998073
0.998604
0.999054
0.999405
0.99965
0.999805
0.999893
0.736857
0.822765
0.863516
0.872874
0.87638
0.878341
0.878942
0.876115
0.859215
0.81562
0.700339
0.561998
0.493954
0.463535
0.454475
0.4471
0.438225
0.427638
0.420782
0.41918
0.420706
0.429045
0.443506
0.46267
0.481529
0.494171
0.504609
0.517191
0.539266
0.577848
0.661288
0.80706
0.893325
0.936933
0.956929
0.964617
0.966785
0.96677
0.965712
0.962122
0.954344
0.941454
0.928444
0.919943
0.914462
0.911102
0.909153
0.907602
0.907324
0.907534
0.908164
0.909409
0.91197
0.915851
0.919725
0.922692
0.924889
0.927864
0.933586
0.945291
0.950034
0.950038
0.948004
0.944931
0.944293
0.945593
0.954052
0.975161
0.988955
0.995621
0.99841
0.999466
0.999833
0.999951
0.999986
0.999996
0.999999
1
1
1
1
1
1
1
1
1
0.999999
0.999981
0.99982
0.99869
0.992093
0.958894
0.846146
0.756402
0.722892
0.714787
0.716107
0.727023
0.744542
0.753657
0.757921
0.759643
0.760112
0.759988
0.759373
0.757477
0.75189
0.737314
0.706153
0.627536
0.575103
0.572994
0.584585
0.629579
0.694114
0.726101
0.736246
0.736981
0.732871
0.70935
0.671605
0.655533
0.654033
0.661488
0.705982
0.825728
0.915473
0.962649
0.984781
0.993923
0.996916
0.997807
0.998522
0.998917
0.998872
0.997784
0.990185
0.952992
0.919079
0.915117
0.919383
0.942173
0.97648
0.992287
0.995519
0.993149
0.97754
0.955654
0.949887
0.950947
0.958765
0.966825
0.968431
0.968895
0.971471
0.981046
0.987038
0.988236
0.988093
0.987449
0.986487
0.984215
0.974991
0.955191
0.947966
0.948323
0.955928
0.975216
0.987203
0.993111
0.9959
0.997246
0.997964
0.998443
0.998842
0.999195
0.999484
0.999694
0.99983
0.99991
0.717685
0.746121
0.79091
0.849867
0.872938
0.883285
0.897835
0.919049
0.934791
0.945716
0.921307
0.832662
0.654588
0.524408
0.468428
0.452815
0.441839
0.431241
0.425581
0.425391
0.430081
0.448377
0.488341
0.561197
0.652264
0.718242
0.738949
0.682561
0.592664
0.578108
0.585395
0.613818
0.698037
0.839537
0.912629
0.94627
0.960407
0.965195
0.966569
0.966408
0.965074
0.961693
0.954961
0.945217
0.936129
0.927717
0.922492
0.91875
0.917244
0.917487
0.918463
0.920555
0.924664
0.92889
0.932648
0.935341
0.938408
0.944179
0.950804
0.953701
0.953378
0.951445
0.946582
0.943785
0.943807
0.946579
0.960809
0.98056
0.991434
0.996612
0.998779
0.999594
0.999873
0.999962
0.999989
0.999997
0.999999
1
1
1
1
1
1
1
1
1
1
0.999993
0.999931
0.999453
0.996481
0.980742
0.908099
0.790689
0.731963
0.712537
0.710421
0.714061
0.730021
0.744998
0.753198
0.75748
0.759076
0.759375
0.759111
0.758118
0.755463
0.748939
0.73467
0.689426
0.651303
0.650317
0.659533
0.69233
0.723219
0.736231
0.739202
0.738049
0.729774
0.697447
0.667121
0.657179
0.657701
0.67091
0.737275
0.855631
0.930838
0.970392
0.988151
0.995282
0.997742
0.998537
0.999019
0.999282
0.999266
0.998571
0.993417
0.964614
0.929682
0.924004
0.92735
0.947033
0.978934
0.993472
0.996109
0.992889
0.974125
0.952623
0.946851
0.947739
0.955445
0.965052
0.967509
0.968166
0.97049
0.979577
0.986116
0.987663
0.987671
0.987354
0.986603
0.984638
0.97608
0.958572
0.952684
0.953313
0.961582
0.979333
0.98956
0.994478
0.996769
0.997862
0.998421
0.99877
0.99906
0.999328
0.999559
0.999734
0.999851
0.999921
0.930394
0.814092
0.792674
0.795562
0.808591
0.816661
0.826528
0.867797
0.932646
0.968623
0.97863
0.965004
0.916019
0.756215
0.549289
0.47458
0.450758
0.438469
0.434606
0.438435
0.460459
0.536004
0.68757
0.834766
0.917162
0.958602
0.976976
0.978267
0.953453
0.835057
0.67236
0.632161
0.638351
0.669412
0.774155
0.883356
0.933169
0.95458
0.963014
0.965839
0.966884
0.966722
0.965677
0.963216
0.957926
0.953702
0.948657
0.943747
0.94172
0.940607
0.941043
0.942343
0.945439
0.948603
0.951583
0.953752
0.956785
0.958024
0.957725
0.956732
0.954559
0.949274
0.943971
0.942695
0.943568
0.949535
0.969296
0.986338
0.994765
0.998159
0.999391
0.999806
0.99994
0.999982
0.999995
0.999998
1
1
1
1
1
1
1
1
1
1
1
0.999998
0.999975
0.999784
0.998505
0.991327
0.956616
0.843839
0.753293
0.716723
0.706083
0.706381
0.712744
0.732851
0.745979
0.752959
0.756423
0.757637
0.757808
0.757538
0.756409
0.753726
0.747894
0.727424
0.706088
0.705453
0.710365
0.7259
0.737168
0.740933
0.740686
0.737574
0.722484
0.685544
0.665076
0.659993
0.662831
0.685457
0.776456
0.884654
0.946514
0.977193
0.990951
0.996513
0.998473
0.999081
0.999367
0.999498
0.999483
0.999032
0.99562
0.974855
0.940441
0.932948
0.935475
0.952678
0.981799
0.994649
0.996629
0.992469
0.970909
0.95
0.944351
0.945059
0.952477
0.963228
0.966409
0.967235
0.969347
0.977829
0.984952
0.987083
0.987354
0.987224
0.986676
0.984783
0.976152
0.961436
0.95723
0.958301
0.967755
0.983492
0.991891
0.995783
0.997572
0.998418
0.998833
0.999072
0.999268
0.999459
0.999634
0.999774
0.999872
0.999932
0.999258
0.996077
0.988656
0.973639
0.963312
0.940675
0.929832
0.934188
0.94662
0.96789
0.986599
0.991205
0.985716
0.954869
0.81597
0.589404
0.490623
0.461297
0.458276
0.480878
0.586024
0.750564
0.874047
0.940653
0.964115
0.973985
0.9825
0.98955
0.991407
0.987215
0.949757
0.795042
0.68472
0.672147
0.683623
0.728726
0.84381
0.913514
0.944882
0.958907
0.964441
0.966577
0.967751
0.967797
0.967407
0.966594
0.96449
0.963004
0.962771
0.962249
0.962427
0.963079
0.964603
0.965817
0.966143
0.965794
0.964203
0.961978
0.959679
0.957344
0.952122
0.944693
0.941902
0.942103
0.944702
0.957101
0.978424
0.990704
0.996514
0.998829
0.999634
0.999889
0.999967
0.99999
0.999997
0.999999
1
1
1
1
1
1
1
1
1
1
1
0.999999
0.999992
0.999922
0.999417
0.996398
0.981002
0.912427
0.794614
0.730289
0.706321
0.700857
0.702429
0.712014
0.733823
0.745265
0.751561
0.754987
0.756241
0.756315
0.756007
0.754997
0.752818
0.745171
0.735067
0.734375
0.735938
0.740694
0.74307
0.742887
0.741241
0.73417
0.708237
0.678072
0.665096
0.664073
0.670709
0.709394
0.822107
0.911879
0.960979
0.984178
0.993877
0.997668
0.999019
0.999452
0.999616
0.999682
0.999672
0.999381
0.997156
0.983345
0.95097
0.941649
0.943374
0.95854
0.984738
0.995695
0.997111
0.991858
0.967574
0.947745
0.94257
0.943168
0.950119
0.961563
0.965191
0.96609
0.968146
0.976444
0.984011
0.986671
0.987175
0.987112
0.986646
0.984752
0.975909
0.964174
0.961638
0.963336
0.974161
0.987469
0.994025
0.996939
0.998258
0.998882
0.999174
0.999326
0.999446
0.999573
0.999701
0.99981
0.99989
0.99994
0.99999
0.999935
0.999751
0.999265
0.998528
0.997071
0.995079
0.995207
0.995922
0.997003
0.997889
0.998309
0.998329
0.997778
0.981629
0.83607
0.636617
0.558783
0.555926
0.631518
0.763416
0.875539
0.937608
0.95901
0.963806
0.967294
0.976154
0.985735
0.992679
0.994615
0.992859
0.976309
0.888845
0.746501
0.705351
0.707485
0.726199
0.789604
0.880937
0.928044
0.949996
0.960557
0.965316
0.967238
0.968586
0.969395
0.969599
0.969707
0.970003
0.970219
0.970306
0.97038
0.970406
0.970343
0.969971
0.968642
0.965354
0.9625
0.959705
0.954058
0.944987
0.941081
0.940989
0.942296
0.949013
0.969643
0.986823
0.995091
0.998273
0.999412
0.999803
0.999936
0.99998
0.999994
0.999998
1
1
1
1
1
1
1
1
1
1
1
1
1
0.999997
0.999973
0.999787
0.998599
0.992197
0.96254
0.859927
0.760544
0.714458
0.69813
0.696011
0.698655
0.710729
0.732707
0.744729
0.75113
0.754114
0.754939
0.754991
0.754655
0.753734
0.751182
0.746628
0.745258
0.745314
0.745347
0.744928
0.743522
0.739155
0.725178
0.694086
0.674499
0.667872
0.669128
0.683426
0.750138
0.864955
0.936144
0.972511
0.989133
0.995968
0.998537
0.999425
0.999688
0.999774
0.99981
0.999804
0.999614
0.998111
0.98868
0.959815
0.948785
0.949901
0.9636
0.987039
0.996523
0.997565
0.991414
0.964572
0.94576
0.941311
0.941963
0.948561
0.960079
0.96405
0.965143
0.967354
0.975372
0.983361
0.986325
0.986908
0.986889
0.986512
0.984574
0.975568
0.966794
0.965612
0.968195
0.980171
0.990827
0.995745
0.997852
0.998779
0.999219
0.999423
0.999513
0.999579
0.99966
0.999753
0.999838
0.999904
0.999947
1
0.999999
0.999995
0.999985
0.999961
0.999918
0.999824
0.999822
0.999836
0.999865
0.999881
0.999879
0.99987
0.999812
0.998611
0.981597
0.863973
0.719272
0.697739
0.746768
0.856642
0.92278
0.950819
0.95855
0.960129
0.964818
0.977849
0.987745
0.993934
0.997134
0.997653
0.996365
0.986392
0.942601
0.812604
0.743567
0.736
0.742905
0.765646
0.831211
0.896994
0.932483
0.950553
0.95994
0.964999
0.967655
0.969065
0.970055
0.970809
0.971217
0.971309
0.971281
0.971163
0.970848
0.970071
0.968087
0.963789
0.960161
0.952583
0.943457
0.939714
0.939698
0.940705
0.945591
0.961948
0.982709
0.993236
0.997492
0.999101
0.999691
0.999899
0.999968
0.99999
0.999997
0.999999
1
1
1
1
1
1
1
1
1
1
1
1
1
0.999999
0.999991
0.999926
0.999485
0.996978
0.984701
0.931998
0.814328
0.737006
0.703482
0.691759
0.691222
0.694665
0.708833
0.73174
0.743928
0.74992
0.752558
0.75335
0.753366
0.753077
0.752116
0.750126
0.74846
0.747438
0.746627
0.744975
0.741134
0.732343
0.709688
0.686006
0.673668
0.672122
0.676673
0.704669
0.802802
0.902207
0.956928
0.9827
0.993483
0.997628
0.999153
0.999684
0.999839
0.999877
0.999885
0.999877
0.999738
0.998645
0.991669
0.966568
0.954843
0.955621
0.96833
0.989115
0.99726
0.997922
0.991286
0.963061
0.944488
0.940435
0.941205
0.947644
0.958488
0.962882
0.964117
0.966195
0.974407
0.982708
0.985771
0.986499
0.986511
0.9862
0.984106
0.975292
0.969453
0.969256
0.97319
0.98552
0.993528
0.997074
0.99854
0.999166
0.999455
0.99959
0.999646
0.999675
0.999722
0.999791
0.99986
0.999916
0.999953
1
1
1
1
0.999999
0.999998
0.999996
0.999996
0.999996
0.999996
0.999996
0.999995
0.999994
0.999984
0.999826
0.997457
0.977967
0.895263
0.818242
0.82093
0.871162
0.925943
0.947247
0.951231
0.955073
0.967509
0.983014
0.992081
0.996419
0.998479
0.999195
0.999173
0.998146
0.992041
0.969394
0.887922
0.795772
0.768009
0.769034
0.778309
0.802471
0.849879
0.894764
0.926448
0.944676
0.95524
0.961287
0.965031
0.967514
0.968724
0.968822
0.968607
0.967976
0.966696
0.96407
0.959926
0.953938
0.944979
0.939214
0.937632
0.937985
0.939376
0.944213
0.958245
0.980633
0.992019
0.996896
0.998851
0.999593
0.999861
0.999955
0.999986
0.999996
0.999999
1
1
1
1
1
1
1
1
1
1
1
1
1
1
1
0.999997
0.999976
0.999819
0.998884
0.994063
0.972395
0.890216
0.782136
0.720161
0.694738
0.686246
0.686356
0.690568
0.706201
0.72734
0.740581
0.747233
0.750115
0.751172
0.751224
0.750953
0.749954
0.748592
0.74758
0.745765
0.741316
0.733299
0.718477
0.697857
0.682047
0.676186
0.677194
0.688935
0.743066
0.85937
0.934085
0.972194
0.989118
0.996017
0.99861
0.999517
0.999821
0.999908
0.999922
0.999923
0.999913
0.999805
0.998961
0.993424
0.971485
0.959908
0.96055
0.972694
0.990965
0.997772
0.998129
0.991298
0.962351
0.943655
0.939935
0.940929
0.947134
0.956707
0.960954
0.962343
0.965034
0.974196
0.981871
0.985134
0.986052
0.986082
0.985695
0.982993
0.97508
0.972062
0.972573
0.978585
0.989785
0.995611
0.998063
0.999036
0.999439
0.999617
0.999697
0.99973
0.999746
0.999769
0.999821
0.99988
0.999928
0.99996
1
1
1
1
1
1
1
1
1
1
1
1
1
0.999999
0.999981
0.999678
0.996844
0.981635
0.937516
0.907087
0.908864
0.927747
0.942089
0.948962
0.964619
0.982205
0.992369
0.996892
0.998727
0.999484
0.999785
0.999834
0.999746
0.999043
0.995774
0.984184
0.952854
0.872299
0.816547
0.804153
0.806867
0.817119
0.837836
0.860735
0.884447
0.906899
0.924781
0.937554
0.946003
0.951603
0.953433
0.9532
0.951984
0.94888
0.943774
0.937975
0.93479
0.9346
0.935122
0.936312
0.938864
0.945011
0.960286
0.981186
0.991787
0.996629
0.998689
0.999515
0.999828
0.999941
0.999981
0.999994
0.999998
0.999999
1
1
1
1
1
1
1
1
1
1
1
1
1
1
1
0.999999
0.999992
0.999939
0.9996
0.997768
0.989088
0.952496
0.847713
0.756255
0.706874
0.687066
0.681134
0.681581
0.68614
0.70218
0.721831
0.734333
0.742071
0.74605
0.747595
0.747698
0.74737
0.746401
0.744392
0.740105
0.730046
0.721404
0.707047
0.690193
0.680839
0.680031
0.68461
0.711044
0.805152
0.904914
0.95866
0.983599
0.993911
0.997836
0.99925
0.999739
0.9999
0.999943
0.999949
0.999947
0.999935
0.999841
0.999131
0.994381
0.974774
0.963975
0.964638
0.976377
0.992449
0.998158
0.998432
0.992186
0.962231
0.943276
0.939648
0.940919
0.946781
0.954703
0.958669
0.960521
0.964132
0.973606
0.981089
0.984683
0.985475
0.985379
0.984607
0.980506
0.975279
0.974199
0.9756
0.984145
0.993126
0.997171
0.998769
0.999379
0.999622
0.999724
0.999767
0.999784
0.999793
0.999809
0.999849
0.999901
0.999941
0.999968
1
1
1
1
1
1
1
1
1
1
1
1
1
1
0.999998
0.999967
0.999629
0.997485
0.989799
0.972861
0.964396
0.962708
0.965394
0.973464
0.98677
0.994435
0.997852
0.999202
0.999704
0.99989
0.99996
0.999977
0.999972
0.999906
0.999534
0.99805
0.993324
0.981336
0.955534
0.903186
0.860722
0.850218
0.85133
0.856334
0.867421
0.87767
0.887968
0.896549
0.904887
0.913151
0.918904
0.922409
0.92422
0.925334
0.927126
0.928284
0.930422
0.9332
0.936575
0.941887
0.950366
0.96942
0.984949
0.993031
0.996962
0.99875
0.999513
0.999819
0.999936
0.999978
0.999993
0.999998
0.999999
1
1
1
1
1
1
1
1
1
1
1
1
1
1
1
1
1
0.999998
0.99998
0.999861
0.999181
0.995787
0.980635
0.918683
0.810492
0.73488
0.695508
0.679924
0.67621
0.676896
0.681625
0.697087
0.714373
0.72603
0.73522
0.739363
0.739617
0.739019
0.736777
0.733684
0.726351
0.718904
0.711191
0.697202
0.685938
0.682675
0.684383
0.697781
0.755505
0.871104
0.942197
0.976648
0.991039
0.996653
0.998787
0.999576
0.999852
0.999939
0.99996
0.999962
0.999958
0.999945
0.999866
0.999261
0.995076
0.977374
0.967455
0.968198
0.979606
0.993687
0.998511
0.998804
0.993447
0.963512
0.943211
0.939558
0.941042
0.94613
0.952287
0.956068
0.958256
0.962586
0.973052
0.980836
0.984097
0.984363
0.983765
0.981952
0.978143
0.975776
0.975713
0.979309
0.989551
0.995695
0.998275
0.999247
0.999604
0.999739
0.999792
0.999813
0.999821
0.999827
0.99984
0.999875
0.99992
0.999953
0.999975
1
1
1
1
1
1
1
1
1
1
1
1
1
1
1
0.999997
0.999967
0.999744
0.998814
0.995714
0.992051
0.991709
0.992379
0.994896
0.997705
0.999085
0.999662
0.999881
0.999959
0.999986
0.999995
0.999998
0.999998
0.999993
0.99996
0.999807
0.999259
0.997695
0.993769
0.982097
0.968166
0.95213
0.927877
0.907292
0.899223
0.898522
0.899095
0.900989
0.90457
0.909319
0.913167
0.917098
0.92061
0.923844
0.927597
0.931691
0.93709
0.946095
0.954363
0.96827
0.982007
0.990493
0.995294
0.997812
0.999042
0.999604
0.999845
0.999942
0.999979
0.999993
0.999998
0.999999
1
1
1
1
1
1
1
1
1
1
1
1
1
1
1
1
1
1
0.999999
0.999994
0.999954
0.999708
0.9984
0.992219
0.965474
0.873387
0.775571
0.714974
0.684819
0.673035
0.670756
0.671546
0.676069
0.690899
0.70743
0.717323
0.723392
0.725443
0.725273
0.724278
0.72196
0.715792
0.710489
0.7007
0.689477
0.684428
0.684736
0.69169
0.724805
0.829994
0.922268
0.967923
0.987683
0.995484
0.998367
0.999413
0.999787
0.999917
0.999959
0.999968
0.999967
0.999962
0.999948
0.999878
0.999338
0.995475
0.979141
0.970159
0.971006
0.982027
0.994483
0.998694
0.999043
0.994584
0.965839
0.944101
0.939594
0.940956
0.94505
0.949658
0.952738
0.955191
0.961848
0.973149
0.980648
0.982724
0.981774
0.979653
0.978527
0.976981
0.97636
0.977615
0.98529
0.993588
0.997471
0.999
0.999551
0.999743
0.999811
0.999834
0.999842
0.999845
0.99985
0.999863
0.999899
0.999938
0.999965
0.999981
1
1
1
1
1
1
1
1
1
1
1
1
1
1
1
1
0.999998
0.999981
0.999903
0.999592
0.998936
0.998875
0.998982
0.999376
0.999744
0.999904
0.999966
0.999989
0.999996
0.999999
1
1
1
1
0.999997
0.999985
0.999936
0.999778
0.999339
0.998116
0.995354
0.991651
0.986416
0.980766
0.9744
0.966802
0.960602
0.955421
0.950429
0.94747
0.947346
0.948014
0.950321
0.953421
0.958678
0.965595
0.973157
0.981061
0.987465
0.992263
0.995551
0.997614
0.998803
0.999437
0.999751
0.999896
0.999959
0.999984
0.999994
0.999998
0.999999
1
1
1
1
1
1
1
1
1
1
1
1
1
1
1
1
1
1
1
1
0.999998
0.999986
0.999902
0.999417
0.996953
0.985578
0.936329
0.822527
0.740709
0.694771
0.673655
0.666006
0.664788
0.66566
0.670834
0.683951
0.695757
0.706178
0.711746
0.712483
0.711916
0.709259
0.704623
0.700123
0.691181
0.684913
0.684465
0.688199
0.709374
0.789519
0.899643
0.958562
0.984183
0.994126
0.997852
0.999214
0.999704
0.99988
0.999944
0.999966
0.99997
0.999968
0.999963
0.999948
0.999883
0.99938
0.995692
0.980418
0.972372
0.973358
0.984047
0.995141
0.998814
0.999296
0.995257
0.970896
0.94557
0.940042
0.940381
0.943792
0.947439
0.95009
0.953078
0.962042
0.973765
0.979729
0.979217
0.975997
0.97551
0.976125
0.976422
0.977264
0.98212
0.991088
0.996328
0.998598
0.999442
0.999729
0.999821
0.999848
0.999855
0.999857
0.999859
0.999864
0.999885
0.999925
0.999954
0.999974
0.999986
1
1
1
1
1
1
1
1
1
1
1
1
1
1
1
1
1
0.999999
0.999994
0.999974
0.999913
0.999904
0.999914
0.999949
0.999981
0.999993
0.999998
0.999999
1
1
1
1
1
1
1
0.999999
0.999996
0.999984
0.999949
0.999851
0.999628
0.999011
0.998385
0.997278
0.996379
0.995291
0.993221
0.991789
0.991218
0.990182
0.989335
0.98932
0.989589
0.990325
0.991679
0.993282
0.994896
0.996357
0.997564
0.99848
0.999115
0.999519
0.999755
0.999883
0.999948
0.999978
0.999991
0.999997
0.999999
1
1
1
1
1
1
1
1
1
1
1
1
1
1
1
1
1
1
1
1
1
1
1
0.999996
0.999971
0.999807
0.998896
0.994317
0.97315
0.887576
0.775088
0.707685
0.674623
0.661456
0.657669
0.657441
0.658687
0.663864
0.676549
0.688771
0.696354
0.698297
0.698103
0.697026
0.695183
0.690965
0.684022
0.682705
0.684983
0.699574
0.756929
0.878807
0.949493
0.980595
0.992787
0.997365
0.999034
0.99963
0.99984
0.999918
0.999952
0.999967
0.999969
0.999968
0.999962
0.999947
0.999884
0.999397
0.995793
0.981347
0.974045
0.975153
0.985525
0.995568
0.998878
0.999423
0.996347
0.977782
0.948506
0.940704
0.940066
0.942352
0.945386
0.948031
0.952697
0.963846
0.973788
0.975593
0.972065
0.971313
0.973416
0.975185
0.976477
0.979886
0.988503
0.994899
0.998021
0.99926
0.999689
0.999823
0.999857
0.999863
0.999862
0.999862
0.999864
0.999875
0.999909
0.999942
0.999965
0.99998
0.999988
1
1
1
1
1
1
1
1
1
1
1
1
1
1
1
1
1
1
1
0.999999
0.999995
0.999995
0.999995
0.999997
0.999999
1
1
1
1
1
1
1
1
1
1
1
1
0.999999
0.999997
0.999991
0.999977
0.999933
0.999864
0.999784
0.999626
0.999536
0.999347
0.999118
0.999003
0.998828
0.998607
0.998521
0.998531
0.998592
0.998759
0.998993
0.999234
0.999453
0.999634
0.999771
0.999866
0.999926
0.999962
0.999982
0.999992
0.999996
0.999998
0.999999
1
1
1
1
1
1
1
1
1
1
1
1
1
1
1
1
1
1
1
1
1
1
1
1
0.999999
0.999993
0.999945
0.999649
0.998002
0.989631
0.950244
0.829939
0.730699
0.677348
0.654171
0.647189
0.646069
0.646348
0.648318
0.65618
0.669535
0.680259
0.686254
0.687551
0.687253
0.68584
0.680687
0.67903
0.680901
0.692429
0.737158
0.859689
0.942068
0.977639
0.991749
0.997016
0.998917
0.999577
0.999808
0.99989
0.999928
0.99995
0.99996
0.999962
0.999961
0.999955
0.999941
0.999879
0.999396
0.995785
0.981878
0.975284
0.976573
0.986754
0.995831
0.998905
0.999497
0.997907
0.985119
0.953766
0.94202
0.940092
0.941293
0.943581
0.946651
0.953477
0.964698
0.970229
0.967131
0.966518
0.969704
0.97317
0.975083
0.977963
0.98598
0.993305
0.997291
0.998999
0.999619
0.999815
0.999865
0.999872
0.999867
0.999861
0.99986
0.999863
0.999882
0.999919
0.999949
0.999968
0.999981
0.999988
1
1
1
1
1
1
1
1
1
1
1
1
1
1
1
1
1
1
1
1
1
1
1
1
1
1
1
1
1
1
1
1
1
1
1
1
1
1
1
1
0.999999
0.999997
0.999992
0.999987
0.999981
0.999966
0.999948
0.999937
0.999929
0.999915
0.999884
0.999862
0.999858
0.99986
0.999873
0.999895
0.999919
0.99994
0.999959
0.999973
0.999984
0.999991
0.999995
0.999997
0.999999
0.999999
1
1
1
1
1
1
1
1
1
1
1
1
1
1
1
1
1
1
1
1
1
1
1
1
1
1
1
0.999999
0.999987
0.999904
0.99939
0.996478
0.981325
0.90871
0.773924
0.691717
0.650904
0.634324
0.630211
0.629938
0.630514
0.63349
0.644348
0.65923
0.669408
0.673466
0.673599
0.672412
0.672474
0.675034
0.686078
0.725778
0.844984
0.93573
0.975184
0.990931
0.996788
0.998849
0.999545
0.999778
0.99986
0.9999
0.999914
0.999925
0.999936
0.99994
0.999941
0.999938
0.999925
0.999862
0.999378
0.995745
0.982231
0.976228
0.97772
0.987702
0.995932
0.998908
0.999535
0.998733
0.991436
0.962385
0.945117
0.940997
0.940868
0.942791
0.946261
0.954138
0.962168
0.961205
0.961409
0.965099
0.970014
0.973219
0.976142
0.983526
0.991701
0.996477
0.998677
0.999519
0.999797
0.999872
0.999882
0.999874
0.999857
0.999848
0.999847
0.999853
0.999881
0.999921
0.999949
0.999968
0.999981
0.999986
1
1
1
1
1
1
1
1
1
1
1
1
1
1
1
1
1
1
1
1
1
1
1
1
1
1
1
1
1
1
1
1
1
1
1
1
1
1
1
1
1
1
1
1
0.999999
0.999999
0.999998
0.999997
0.999996
0.999995
0.999994
0.999991
0.999989
0.999989
0.999989
0.99999
0.999992
0.999994
0.999995
0.999997
0.999998
0.999999
0.999999
1
1
1
1
1
1
1
1
1
1
1
1
1
1
1
1
1
1
1
1
1
1
1
1
1
1
1
1
1
1
1
0.999998
0.999979
0.999852
0.999041
0.99433
0.969339
0.86131
0.730557
0.662637
0.631268
0.617568
0.613342
0.612771
0.613378
0.617127
0.628806
0.642245
0.653076
0.659027
0.662553
0.667666
0.681054
0.720899
0.839705
0.932581
0.973879
0.990542
0.99673
0.998848
0.999546
0.999744
0.999827
0.999847
0.999851
0.999854
0.999861
0.999878
0.999895
0.999903
0.999903
0.999893
0.99983
0.999337
0.995599
0.982292
0.976857
0.97859
0.988424
0.995929
0.998829
0.99954
0.999225
0.995024
0.97625
0.95113
0.943041
0.941374
0.942711
0.946242
0.95283
0.955163
0.956806
0.960559
0.965843
0.970731
0.974339
0.981623
0.990382
0.995742
0.998353
0.999408
0.999772
0.999875
0.999892
0.999884
0.999853
0.999823
0.999812
0.999812
0.999827
0.999875
0.999916
0.999945
0.999963
0.999976
0.99998
1
1
1
1
1
1
1
1
1
1
1
1
1
1
1
1
1
1
1
1
1
1
1
1
1
1
1
1
1
1
1
1
1
1
1
1
1
1
1
1
1
1
1
1
1
1
1
1
1
1
1
1
1
0.999999
0.999999
0.999999
1
1
1
1
1
1
1
1
1
1
1
1
1
1
1
1
1
1
1
1
1
1
1
1
1
1
1
1
1
1
1
1
1
1
1
1
1
1
1
0.999997
0.999975
0.999822
0.998845
0.993058
0.961871
0.837385
0.709524
0.646169
0.61952
0.608601
0.605157
0.604838
0.606022
0.612688
0.632003
0.646083
0.652505
0.660247
0.678786
0.728376
0.855374
0.938323
0.976141
0.991469
0.997116
0.999026
0.999587
0.999747
0.999781
0.99976
0.999701
0.999685
0.999692
0.999715
0.999767
0.999814
0.999842
0.999848
0.99984
0.999778
0.999259
0.995281
0.98212
0.977374
0.979364
0.988955
0.995797
0.998679
0.999529
0.999484
0.997789
0.989366
0.962379
0.948593
0.944081
0.943532
0.946603
0.951116
0.953383
0.95677
0.961907
0.968025
0.973038
0.980804
0.989831
0.995351
0.998143
0.999325
0.999751
0.999877
0.999899
0.999892
0.999849
0.999779
0.99974
0.999731
0.999741
0.999794
0.999855
0.999897
0.999928
0.99995
0.999963
0.999965
1
1
1
1
1
1
1
1
1
1
1
1
1
1
1
1
1
1
1
1
1
1
1
1
1
1
1
1
1
1
1
1
1
1
1
1
1
1
1
1
1
1
1
1
1
1
1
1
1
1
1
1
1
1
1
1
1
1
1
1
1
1
1
1
1
1
1
1
1
1
1
1
1
1
1
1
1
1
1
1
1
1
1
1
1
1
1
1
1
1
1
1
1
1
1
1
0.999997
0.999976
0.999837
0.998992
0.994243
0.969372
0.86085
0.725822
0.653933
0.622531
0.611408
0.609264
0.610131
0.617879
0.633941
0.64343
0.657865
0.689094
0.7783
0.893025
0.954697
0.982647
0.993879
0.997981
0.999331
0.999691
0.999754
0.999732
0.999628
0.999345
0.999219
0.999233
0.999291
0.999418
0.99956
0.999671
0.999746
0.999769
0.999763
0.999698
0.999126
0.994723
0.981811
0.977813
0.980011
0.989262
0.995537
0.998413
0.999467
0.999592
0.999021
0.995552
0.983515
0.961031
0.951517
0.948313
0.949049
0.952083
0.955099
0.960129
0.96693
0.973933
0.982196
0.990446
0.995519
0.998153
0.999313
0.999747
0.999879
0.999902
0.999894
0.999838
0.99971
0.999628
0.999605
0.999613
0.999671
0.999748
0.999806
0.999853
0.999892
0.99992
0.999937
0.999939
1
1
1
1
1
1
1
1
1
1
1
1
1
1
1
1
1
1
1
1
1
1
1
1
1
1
1
1
1
1
1
1
1
1
1
1
1
1
1
1
1
1
1
1
1
1
1
1
1
1
1
1
1
1
1
1
1
1
1
1
1
1
1
1
1
1
1
1
1
1
1
1
1
1
1
1
1
1
1
1
1
1
1
1
1
1
1
1
1
1
1
1
1
1
1
1
1
0.999998
0.999983
0.999892
0.999362
0.996647
0.984236
0.933199
0.815994
0.726846
0.68054
0.665075
0.664007
0.667443
0.678757
0.707767
0.788616
0.885279
0.9455
0.976887
0.991127
0.996885
0.998979
0.99966
0.999801
0.999776
0.999655
0.999387
0.998698
0.998071
0.998047
0.998153
0.998443
0.99886
0.999187
0.999419
0.999587
0.999658
0.999658
0.999589
0.99894
0.994053
0.98155
0.97795
0.98031
0.989388
0.995215
0.998032
0.999289
0.999613
0.999516
0.998434
0.994086
0.983529
0.970037
0.962772
0.959654
0.960346
0.965616
0.97252
0.979621
0.986289
0.992183
0.996214
0.998387
0.99938
0.999764
0.999881
0.999899
0.999885
0.999796
0.999589
0.999455
0.999418
0.999428
0.999496
0.999575
0.999639
0.999703
0.999767
0.999826
0.999871
0.999898
0.9999
1
1
1
1
1
1
1
1
1
1
1
1
1
1
1
1
1
1
1
1
1
1
1
1
1
1
1
1
1
1
1
1
1
1
1
1
1
1
1
1
1
1
1
1
1
1
1
1
1
1
1
1
1
1
1
1
1
1
1
1
1
1
1
1
1
1
1
1
1
1
1
1
1
1
1
1
1
1
1
1
1
1
1
1
1
1
1
1
1
1
1
1
1
1
1
1
1
1
0.999999
0.999992
0.999952
0.999729
0.998625
0.993652
0.974178
0.926488
0.888911
0.875036
0.874696
0.879328
0.896674
0.934461
0.964556
0.983045
0.9927
0.997148
0.99898
0.999666
0.999875
0.999883
0.999812
0.999433
0.998818
0.997955
0.99608
0.995367
0.995478
0.995922
0.996828
0.997818
0.998608
0.999078
0.999368
0.999508
0.999522
0.999451
0.998725
0.993615
0.981323
0.977931
0.980397
0.989364
0.994868
0.997575
0.998933
0.999548
0.999638
0.999442
0.998213
0.994576
0.988076
0.982605
0.98016
0.979932
0.983057
0.986932
0.990994
0.994601
0.997246
0.998775
0.999507
0.999795
0.999879
0.999888
0.999858
0.999704
0.999389
0.999193
0.999137
0.999147
0.999214
0.999281
0.999345
0.999432
0.999539
0.99965
0.999747
0.999814
0.999848
0.999845
1
1
1
1
1
1
1
1
1
1
1
1
1
1
1
1
1
1
1
1
1
1
1
1
1
1
1
1
1
1
1
1
1
1
1
1
1
1
1
1
1
1
1
1
1
1
1
1
1
1
1
1
1
1
1
1
1
1
1
1
1
1
1
1
1
1
1
1
1
1
1
1
1
1
1
1
1
1
1
1
1
1
1
1
1
1
1
1
1
1
1
1
1
1
1
1
1
1
1
1
0.999998
0.999987
0.999928
0.999625
0.998129
0.991791
0.985233
0.983657
0.984117
0.985972
0.990664
0.994882
0.997479
0.998875
0.999541
0.999829
0.999942
0.99996
0.999939
0.999796
0.999271
0.997869
0.996499
0.994062
0.990821
0.990229
0.990623
0.991809
0.994178
0.996211
0.997538
0.998384
0.99898
0.999297
0.999354
0.999282
0.998522
0.993409
0.981207
0.977629
0.980093
0.989035
0.994492
0.997093
0.998397
0.999238
0.999627
0.999676
0.999501
0.998663
0.996743
0.994252
0.992965
0.992615
0.993741
0.99536
0.997034
0.998376
0.999227
0.999655
0.999822
0.999865
0.99986
0.999781
0.999495
0.99909
0.998883
0.998847
0.998898
0.998982
0.999011
0.999028
0.999064
0.999171
0.999368
0.999547
0.99968
0.999756
0.99978
0.99974
1
1
1
1
1
1
1
1
1
1
1
1
1
1
1
1
1
1
1
1
1
1
1
1
1
1
1
1
1
1
1
1
1
1
1
1
1
1
1
1
1
1
1
1
1
1
1
1
1
1
1
1
1
1
1
1
1
1
1
1
1
1
1
1
1
1
1
1
1
1
1
1
1
1
1
1
1
1
1
1
1
1
1
1
1
1
1
1
1
1
1
1
1
1
1
1
1
1
1
1
1
1
0.999998
0.999989
0.999929
0.999605
0.999366
0.999355
0.9994
0.999502
0.999709
0.999856
0.999934
0.999973
0.999988
0.999991
0.999987
0.999951
0.999746
0.998948
0.996674
0.994604
0.991474
0.986539
0.98296
0.982641
0.983272
0.985295
0.989699
0.993473
0.995972
0.997408
0.998331
0.998901
0.99907
0.99902
0.998351
0.993973
0.981489
0.976249
0.978299
0.987821
0.993948
0.996569
0.997732
0.998576
0.999315
0.999669
0.999734
0.999662
0.999344
0.998676
0.998203
0.998025
0.998306
0.998778
0.999245
0.999577
0.999749
0.999811
0.999818
0.999763
0.999547
0.999076
0.998656
0.998499
0.998509
0.998653
0.998765
0.998791
0.998789
0.998788
0.99881
0.998951
0.999261
0.999489
0.999618
0.999655
0.999649
0.999397
1
1
1
1
1
1
1
1
1
1
1
1
1
1
1
1
1
1
1
1
1
1
1
1
1
1
1
1
1
1
1
1
1
1
1
1
1
1
1
1
1
1
1
1
1
1
1
1
1
1
1
1
1
1
1
1
1
1
1
1
1
1
1
1
1
1
1
1
1
1
1
1
1
1
1
1
1
1
1
1
1
1
1
1
1
1
1
1
1
1
1
1
1
1
1
1
1
1
1
1
1
1
1
1
0.999998
0.999994
0.999993
0.999993
0.999994
0.999995
0.999997
0.999999
0.999999
0.999998
0.999995
0.999983
0.999934
0.999709
0.99875
0.995416
0.9934
0.991388
0.986208
0.981703
0.979608
0.979399
0.979868
0.98156
0.986156
0.991716
0.995236
0.997072
0.998163
0.998766
0.998919
0.998874
0.998383
0.995365
0.982634
0.972422
0.973394
0.984597
0.992839
0.995849
0.997017
0.997739
0.998512
0.999253
0.99963
0.999742
0.999753
0.999661
0.999554
0.999505
0.999547
0.999632
0.999705
0.999744
0.99975
0.999701
0.999517
0.999075
0.998503
0.998169
0.998093
0.998184
0.998403
0.998508
0.998519
0.998492
0.998464
0.998475
0.998597
0.998983
0.9993
0.99942
0.999422
0.999369
0.99918
0.997775
1
1
1
1
1
1
1
1
1
1
1
1
1
1
1
1
1
1
1
1
1
1
1
1
1
1
1
1
1
1
1
1
1
1
1
1
1
1
1
1
1
1
1
1
1
1
1
1
1
1
1
1
1
1
1
1
1
1
1
1
1
1
1
1
1
1
1
1
1
1
1
1
1
1
1
1
1
1
1
1
1
1
1
1
1
1
1
1
1
1
1
1
1
1
1
1
1
1
1
1
1
1
1
1
1
1
1
1
1
1
1
0.999999
0.999996
0.999984
0.999951
0.99987
0.99962
0.998716
0.995201
0.99288
0.992414
0.990448
0.984499
0.980461
0.978903
0.97869
0.979095
0.980888
0.986051
0.991397
0.994754
0.996704
0.997896
0.998513
0.998692
0.998681
0.99841
0.996378
0.984019
0.965758
0.9646
0.977998
0.990473
0.994488
0.99595
0.996792
0.997521
0.998304
0.999065
0.999486
0.999651
0.999688
0.999679
0.999663
0.999659
0.999658
0.999642
0.999569
0.999377
0.99896
0.998346
0.997871
0.997693
0.997711
0.997919
0.998145
0.998242
0.998232
0.998142
0.99809
0.998108
0.998304
0.998802
0.999056
0.999076
0.998981
0.998639
0.997665
0.996314
0.990486
1
1
1
1
1
1
1
1
1
1
1
1
1
1
1
1
1
1
1
1
1
1
1
1
1
1
1
1
1
1
1
1
1
1
1
1
1
1
1
1
1
1
1
1
1
1
1
1
1
1
1
1
1
1
1
1
1
1
1
1
1
1
1
1
1
1
1
1
1
1
1
1
1
1
1
1
1
1
1
1
1
1
1
1
1
1
1
1
1
1
1
1
1
1
1
1
1
1
1
1
1
1
1
1
1
1
1
1
1
1
0.999998
0.999989
0.999954
0.999838
0.999616
0.999196
0.998195
0.994986
0.992085
0.992165
0.992346
0.990278
0.98406
0.980304
0.978897
0.978818
0.979508
0.981707
0.986996
0.991844
0.994851
0.996536
0.997637
0.998308
0.998582
0.998606
0.998419
0.996701
0.985625
0.9593
0.952861
0.96683
0.986518
0.992298
0.994042
0.995034
0.995986
0.996895
0.99772
0.998503
0.999008
0.999255
0.999345
0.999359
0.999312
0.999192
0.998947
0.998507
0.99795
0.997487
0.997285
0.997268
0.997411
0.997667
0.99788
0.997949
0.99789
0.997743
0.997716
0.9978
0.998224
0.998549
0.998566
0.998423
0.99783
0.995715
0.993187
0.987416
0.982522
0.967333
1
1
1
1
1
1
1
1
1
1
1
1
1
1
1
1
1
1
1
1
1
1
1
1
1
1
1
1
1
1
1
1
1
1
1
1
1
1
1
1
1
1
1
1
1
1
1
1
1
1
1
1
1
1
1
1
1
1
1
1
1
1
1
1
1
1
1
1
1
1
1
1
1
1
1
1
1
1
1
1
1
1
1
1
1
1
1
1
1
1
1
1
1
1
1
1
1
1
1
1
1
1
1
1
1
1
1
1
0.999998
0.999993
0.999971
0.999883
0.999572
0.99876
0.997406
0.995978
0.992234
0.990555
0.990855
0.992046
0.992624
0.991676
0.986088
0.982262
0.980492
0.980056
0.980977
0.98386
0.988928
0.992777
0.995089
0.99661
0.997658
0.998272
0.998532
0.998566
0.998447
0.997262
0.989375
0.96025
0.942334
0.951779
0.980596
0.99001
0.992042
0.992978
0.993694
0.994543
0.995411
0.996191
0.996932
0.997461
0.997732
0.997806
0.997694
0.997444
0.997134
0.996906
0.9968
0.996816
0.996954
0.997169
0.997407
0.997584
0.997598
0.997473
0.997391
0.997433
0.99772
0.997915
0.997887
0.997573
0.9963
0.992988
0.98571
0.975945
0.967872
0.951376
0.941189
0.916733
1
1
1
1
1
1
1
1
1
1
1
1
1
1
1
1
1
1
1
1
1
1
1
1
1
1
1
1
1
1
1
1
1
1
1
1
1
1
1
1
1
1
1
1
1
1
1
1
1
1
1
1
1
1
1
1
1
1
1
1
1
1
1
1
1
1
1
1
1
1
1
1
1
1
1
1
1
1
1
1
1
1
1
1
1
1
1
1
1
1
1
1
1
1
1
1
1
1
1
1
1
1
1
1
1
1
0.999998
0.999993
0.999976
0.999919
0.999709
0.999045
0.996814
0.993447
0.987287
0.985237
0.985745
0.988304
0.991273
0.991228
0.992201
0.992951
0.989706
0.985631
0.983715
0.983055
0.984624
0.98806
0.991434
0.993828
0.995486
0.996818
0.997761
0.998294
0.998506
0.998534
0.998469
0.997785
0.993251
0.970287
0.939227
0.939586
0.97072
0.988121
0.991303
0.992391
0.992997
0.993503
0.993987
0.994476
0.99495
0.995415
0.995736
0.995938
0.996054
0.996127
0.996209
0.996333
0.996502
0.996706
0.996927
0.997137
0.99725
0.997221
0.99714
0.997144
0.997243
0.997297
0.997195
0.996453
0.993917
0.987563
0.969833
0.950384
0.930921
0.916318
0.89616
0.878685
0.87015
0.848731
1
1
1
1
1
1
1
1
1
1
1
1
1
1
1
1
1
1
1
1
1
1
1
1
1
1
1
1
1
1
1
1
1
1
1
1
1
1
1
1
1
1
1
1
1
1
1
1
1
1
1
1
1
1
1
1
1
1
1
1
1
1
1
1
1
1
1
1
1
1
1
1
1
1
1
1
1
1
1
1
1
1
1
1
1
1
1
1
1
1
1
1
1
1
1
1
1
1
1
1
1
1
1
1
0.999998
0.999989
0.999967
0.9999
0.999725
0.999259
0.997715
0.99403
0.983035
0.977901
0.978274
0.980477
0.985751
0.989676
0.99041
0.988957
0.990524
0.993073
0.992847
0.989793
0.988371
0.987835
0.988834
0.990968
0.992862
0.994537
0.996019
0.997293
0.997994
0.998314
0.99844
0.998449
0.998403
0.998024
0.995657
0.983136
0.942961
0.932203
0.958132
0.985375
0.990692
0.992161
0.992912
0.993437
0.993819
0.994155
0.994497
0.994835
0.995139
0.995401
0.995632
0.995848
0.996063
0.996276
0.996485
0.99669
0.996858
0.996912
0.996866
0.996822
0.996799
0.996772
0.996631
0.995478
0.990481
0.97523
0.939622
0.902229
0.865561
0.835713
0.817436
0.81159
0.809893
0.811688
0.811288
0.793292
1
1
1
1
1
1
1
1
1
1
1
1
1
1
1
1
1
1
1
1
1
1
1
1
1
1
1
1
1
1
1
1
1
1
1
1
1
1
1
1
1
1
1
1
1
1
1
1
1
1
1
1
1
1
1
1
1
1
1
1
1
1
1
1
1
1
1
1
1
1
1
1
1
1
1
1
1
1
1
1
1
1
1
1
1
1
1
1
1
1
1
1
1
1
1
1
1
1
1
1
1
0.999999
0.999997
0.99999
0.999947
0.999803
0.999538
0.998928
0.997625
0.994627
0.985188
0.971531
0.970881
0.973586
0.980705
0.984432
0.988109
0.98998
0.9893
0.986121
0.986892
0.992483
0.993775
0.992868
0.991321
0.990885
0.991541
0.992915
0.994318
0.995712
0.997058
0.99779
0.998053
0.99818
0.998175
0.997997
0.997847
0.997544
0.996077
0.988649
0.950459
0.925383
0.943295
0.978728
0.988092
0.990982
0.992599
0.993585
0.994148
0.994503
0.994747
0.994981
0.995228
0.995467
0.99569
0.995895
0.996089
0.996274
0.996442
0.996549
0.996559
0.996496
0.996443
0.996352
0.996008
0.994572
0.987685
0.962958
0.887831
0.79787
0.739705
0.716977
0.713689
0.715054
0.724904
0.746265
0.747017
0.743623
0.727695
0.626793
1
1
1
1
1
1
1
1
1
1
1
1
1
1
1
1
1
1
1
1
1
1
1
1
1
1
1
1
1
1
1
1
1
1
1
1
1
1
1
1
1
1
1
1
1
1
1
1
1
1
1
1
1
1
1
1
1
1
1
1
1
1
1
1
1
1
1
1
1
1
1
1
1
1
1
1
1
1
1
1
1
1
1
1
1
1
1
1
1
1
1
1
1
1
1
1
0.999999
0.999997
0.999994
0.999987
0.999969
0.999954
0.999919
0.999794
0.99913
0.997053
0.995303
0.991223
0.98445
0.965452
0.957211
0.961375
0.974353
0.981588
0.985352
0.987482
0.989045
0.989424
0.988406
0.98539
0.981769
0.988824
0.993737
0.994665
0.994459
0.993975
0.994417
0.995286
0.996232
0.997074
0.997627
0.997758
0.997323
0.995465
0.994061
0.992913
0.992989
0.99392
0.993384
0.987851
0.951738
0.913804
0.924387
0.963016
0.977669
0.983545
0.987937
0.991324
0.993447
0.994528
0.995017
0.99525
0.99539
0.995541
0.995693
0.995844
0.995962
0.996024
0.995987
0.995744
0.995066
0.993146
0.986486
0.976173
0.961601
0.927971
0.825896
0.664449
0.564881
0.532076
0.529984
0.544735
0.591479
0.599422
0.590962
0.553514
0.454236
0.379602
0.317546
0.160107
1
1
1
1
1
1
1
1
1
1
1
1
1
1
1
1
1
1
1
1
1
1
1
1
1
1
1
1
1
1
1
1
1
1
1
1
1
1
1
1
1
1
1
1
1
1
1
1
1
1
1
1
1
1
1
1
1
1
1
1
1
1
1
1
1
1
1
1
1
1
1
1
1
1
1
1
1
1
1
1
1
1
1
1
1
1
1
1
1
1
1
1
1
1
0.999995
0.999975
0.999903
0.999728
0.999606
0.99928
0.998945
0.998789
0.998382
0.996976
0.988586
0.973293
0.968346
0.943397
0.921732
0.926356
0.949468
0.967862
0.976949
0.982194
0.985494
0.987489
0.988401
0.988133
0.987103
0.985411
0.980133
0.979705
0.98964
0.994281
0.995888
0.996369
0.996537
0.99692
0.997241
0.997419
0.997462
0.992914
0.960446
0.947394
0.944802
0.94275
0.951574
0.975664
0.979365
0.973426
0.931332
0.889155
0.89691
0.929972
0.944132
0.950815
0.959108
0.968985
0.978508
0.985889
0.989972
0.991607
0.991686
0.99138
0.990671
0.989256
0.987741
0.985516
0.981476
0.973701
0.961061
0.945439
0.92363
0.876745
0.738441
0.432356
0.240231
0.187994
0.202618
0.284079
0.317788
0.302797
0.204992
0.0985868
0.0441808
0.0188694
0.00733637
0.00271497
0.000942797
-0.016451
1
1
1
1
1
1
1
1
1
1
1
1
1
1
1
1
1
1
1
1
1
1
1
1
1
1
1
1
1
1
1
1
1
1
1
1
1
1
1
1
1
1
1
1
1
1
1
1
1
1
1
1
1
1
1
1
1
1
1
1
1
1
1
1
1
1
1
1
1
1
1
1
1
1
1
1
1
1
1
1
1
1
1
1
1
1
1
1
1
1
1
0.999999
0.999948
0.999593
0.998576
0.996551
0.992077
0.989843
0.986588
0.982073
0.980963
0.980718
0.979355
0.968598
0.931937
0.903061
0.892592
0.891739
0.89706
0.920425
0.946614
0.964314
0.974678
0.980311
0.983429
0.984915
0.985006
0.984215
0.983778
0.983642
0.980846
0.970458
0.973181
0.981741
0.989879
0.994673
0.996643
0.996497
0.995795
0.993285
0.976462
0.821875
0.744898
0.791932
0.878633
0.920831
0.946288
0.954579
0.950491
0.911432
0.854718
0.846999
0.862258
0.865968
0.857066
0.841798
0.83434
0.837522
0.8513
0.876163
0.906234
0.926222
0.935174
0.934236
0.930245
0.922604
0.911304
0.889266
0.839859
0.717743
0.537872
0.359787
0.206379
0.0914849
0.0268691
0.00636759
0.00162477
0.000476789
0.000218664
0.000146635
9.53517e-05
5.82766e-05
3.22652e-05
1.61938e-05
7.47863e-06
3.22775e-06
1.30008e-06
5.08519e-07
1.95566e-07
-6.27215e-07
1
1
1
1
1
1
1
1
1
1
1
1
1
1
1
1
1
1
1
1
1
1
1
1
1
1
1
1
1
1
1
1
1
1
1
1
1
1
1
1
1
1
1
1
1
1
1
1
1
1
1
1
1
1
1
1
1
1
1
1
1
1
1
1
1
1
1
1
1
1
1
1
1
1
1
1
1
1
1
1
1
1
1
1
1
1
1
0.999998
0.999986
0.999918
0.999537
0.997571
0.988256
0.955843
0.924668
0.909676
0.904107
0.901412
0.896165
0.887692
0.882747
0.881843
0.882211
0.890628
0.915787
0.930353
0.938703
0.949168
0.956704
0.961407
0.966452
0.970009
0.972167
0.973818
0.975954
0.97832
0.980965
0.983664
0.985067
0.984969
0.981533
0.968846
0.958902
0.948085
0.933125
0.911822
0.879952
0.824941
0.74227
0.673251
0.644383
0.669869
0.759717
0.809337
0.838269
0.850208
0.837751
0.768033
0.706617
0.71812
0.798926
0.839093
0.838722
0.812677
0.759719
0.696856
0.622599
0.534864
0.432578
0.325041
0.261561
0.245454
0.246048
0.252251
0.248435
0.232735
0.203296
0.157475
0.099142
0.0469267
0.0225041
0.00969921
0.00330512
0.00078915
0.000112266
7.46548e-06
3.19232e-07
4.34708e-08
1.8777e-08
1.05428e-08
6.01205e-09
3.26349e-09
1.65908e-09
7.93164e-10
3.59707e-10
1.56939e-10
6.69901e-11
2.91545e-11
-5.9863e-11
1.13192e-09
0.000214929
0.000402871
0.00036702
0.000299149
0.000198799
0.000115528
6.26901e-05
3.22505e-05
1.59789e-05
7.70681e-06
3.65748e-06
1.71285e-06
7.98589e-07
3.67158e-07
1.692e-07
7.49341e-08
3.15935e-08
1.4575e-08
7.20299e-09
3.26809e-09
1.4659e-09
6.05753e-10
2.5535e-10
1.00149e-10
5.26479e-11
0.00492664
0.00700145
0.00665527
0.00581882
0.00433019
0.00291032
0.00184304
0.00111158
0.000645408
0.000364136
0.000201366
0.000109752
5.9204e-05
3.15565e-05
1.66194e-05
8.57911e-06
4.34944e-06
2.14017e-06
1.03138e-06
4.7814e-07
2.16637e-07
9.3463e-08
3.9741e-08
1.63806e-08
5.94502e-09
0.0872948
0.0800966
0.0664619
0.0513275
0.0373278
0.025763
0.0169771
0.0107393
0.00656468
0.00390547
0.00227815
0.00131069
0.000746885
0.000421578
0.000235421
0.000129333
6.9744e-05
3.66646e-05
1.88219e-05
9.35527e-06
4.52775e-06
2.10554e-06
9.5229e-07
4.26762e-07
1.53259e-07
0.466926
0.388407
0.304799
0.232102
0.169505
0.118792
0.0801121
0.0521533
0.0329312
0.0202886
0.0122785
0.0073411
0.00435277
0.00255938
0.00148889
0.000852071
0.000477892
0.000261167
0.000139085
7.17238e-05
3.59566e-05
1.73251e-05
8.08733e-06
3.757e-06
1.36856e-06
0.908932
0.868253
0.769345
0.626292
0.472161
0.339937
0.236962
0.160094
0.105264
0.0677399
0.0429343
0.0269357
0.0167699
0.0103468
0.0063015
0.00376447
0.00219567
0.00124418
0.000684772
0.000364237
0.000187915
9.30343e-05
4.44804e-05
2.11956e-05
7.83129e-06
0.983485
0.978232
0.967159
0.940626
0.865665
0.702301
0.524681
0.373984
0.258676
0.175081
0.116789
0.077138
0.0505169
0.0327131
0.0208373
0.0129687
0.00784767
0.00459839
0.0026088
0.00142739
0.000755863
0.000383551
0.000187397
9.13891e-05
3.42575e-05
0.995462
0.995103
0.993816
0.990399
0.981453
0.955183
0.869203
0.690395
0.514703
0.37138
0.262469
0.182895
0.125881
0.0853325
0.0566543
0.036604
0.0229057
0.0138394
0.00807455
0.00453576
0.00246141
0.00127876
0.000637899
0.000318262
0.000121152
0.997847
0.998079
0.998063
0.997767
0.996652
0.993284
0.982884
0.947626
0.831143
0.653714
0.494768
0.365826
0.265081
0.187956
0.129808
0.0868569
0.0560843
0.0348749
0.0208958
0.0120377
0.006689
0.00355629
0.0018107
0.000924231
0.000357576
0.998005
0.998699
0.999006
0.999063
0.999002
0.998637
0.997341
0.993126
0.978721
0.927464
0.786073
0.622237
0.476558
0.354136
0.25458
0.176413
0.117516
0.0751917
0.046261
0.0273312
0.0155522
0.00846382
0.00439934
0.00229829
0.000904635
0.997379
0.998528
0.999143
0.999427
0.99951
0.999501
0.999381
0.99888
0.997184
0.991463
0.971124
0.899178
0.74182
0.579841
0.43469
0.31234
0.214856
0.141573
0.0895103
0.0542753
0.0316484
0.0176426
0.00936652
0.00501097
0.00200857
0.996517
0.998047
0.998952
0.999436
0.999661
0.999738
0.999743
0.999702
0.999496
0.998754
0.996217
0.987192
0.954124
0.841296
0.660296
0.492689
0.350505
0.238137
0.154887
0.0964751
0.0576906
0.032963
0.0178822
0.0098003
0.00400339
0.995743
0.997527
0.998648
0.999299
0.999643
0.999803
0.999861
0.999869
0.999853
0.999756
0.999367
0.997925
0.992526
0.971957
0.895061
0.707352
0.521233
0.365712
0.24504
0.156972
0.0963473
0.0564594
0.0313067
0.0175775
0.00732079
0.995114
0.997067
0.998345
0.999122
0.99956
0.999787
0.99989
0.999928
0.999933
0.999924
0.999864
0.999594
0.998495
0.994078
0.976508
0.908664
0.719446
0.521912
0.360909
0.23814
0.150205
0.0903486
0.0512283
0.0294696
0.0125183
0.994774
0.996753
0.998111
0.99897
0.999473
0.999746
0.999882
0.999943
0.999963
0.999965
0.999957
0.999905
0.999655
0.998563
0.993943
0.975045
0.900886
0.701054
0.501592
0.341657
0.22179
0.137085
0.0795262
0.046884
0.0203214
0.994886
0.99667
0.998007
0.998884
0.999414
0.999711
0.999866
0.99994
0.999972
0.999981
0.999981
0.999971
0.999911
0.999621
0.998303
0.992595
0.96904
0.876847
0.663158
0.468041
0.313355
0.199309
0.11839
0.0715613
0.0316665
0.995918
0.99686
0.998033
0.998867
0.999393
0.999696
0.999857
0.999936
0.999973
0.999987
0.99999
0.999988
0.999974
0.999893
0.999501
0.997704
0.989908
0.958111
0.836105
0.616119
0.426427
0.279585
0.170201
0.105549
0.0477159
0.997163
0.997491
0.99827
0.998954
0.999422
0.999704
0.999858
0.999936
0.999973
0.999989
0.999994
0.999994
0.999991
0.999968
0.999849
0.999272
0.996647
0.985477
0.940756
0.783198
0.561346
0.379964
0.23725
0.15105
0.0698136
0.998175
0.998343
0.998768
0.999222
0.999556
0.999768
0.999887
0.999949
0.999978
0.999991
0.999996
0.999997
0.999996
0.99999
0.999954
0.999766
0.998876
0.994922
0.978492
0.914191
0.717607
0.50146
0.321343
0.210157
0.0993841
0.998861
0.999008
0.999282
0.999542
0.999736
0.999861
0.999933
0.99997
0.999987
0.999995
0.999998
0.999999
0.999999
0.999997
0.999985
0.999924
0.999618
0.9982
0.992059
0.96711
0.869229
0.642354
0.423154
0.284439
0.137774
0.999318
0.999459
0.999618
0.999757
0.99986
0.999926
0.999964
0.999984
0.999993
0.999997
0.999999
0.999999
0.999999
0.999999
0.999995
0.999975
0.999867
0.999344
0.996974
0.986902
0.946107
0.796822
0.541177
0.374284
0.186047
0.999625
0.999719
0.999807
0.999879
0.999931
0.999964
0.999982
0.999992
0.999997
0.999999
0.999999
1
1
1
0.999998
0.999991
0.999952
0.999752
0.998798
0.994542
0.976539
0.905657
0.674926
0.478817
0.245003
0.999794
0.999855
0.999905
0.999942
0.999967
0.999983
0.999992
0.999996
0.999998
0.999999
1
1
1
1
0.999999
0.999997
0.999982
0.999902
0.999502
0.997627
0.989316
0.954849
0.803951
0.595831
0.315536
0.99988
0.999923
0.999952
0.999972
0.999985
0.999992
0.999996
0.999998
0.999999
1
1
1
1
1
1
0.999999
0.999993
0.99996
0.999788
0.998941
0.995002
0.977814
0.897583
0.716202
0.398237
0.999922
0.999954
0.999974
0.999986
0.999992
0.999996
0.999998
0.999999
1
1
1
1
1
1
1
1
0.999997
0.999984
0.99991
0.999527
0.997663
0.989086
0.948724
0.82898
0.498556
0.999942
0.999969
0.999984
0.999992
0.999996
0.999998
0.999999
1
1
1
1
1
1
1
1
1
0.999999
0.999994
0.999963
0.999798
0.998954
0.994837
0.974713
0.905148
0.622245
0.999953
0.999976
0.999988
0.999994
0.999997
0.999999
0.999999
1
1
1
1
1
1
1
1
1
1
0.999998
0.999986
0.999923
0.999584
0.997836
0.988816
0.95318
0.748652
0.99996
0.99998
0.999991
0.999996
0.999998
0.999999
1
1
1
1
1
1
1
1
1
1
1
0.999999
0.999996
0.999975
0.999861
0.999247
0.995979
0.981487
0.863245
0.999965
0.999983
0.999992
0.999996
0.999998
0.999999
1
1
1
1
1
1
1
1
1
1
1
1
0.999999
0.999994
0.999969
0.999829
0.999087
0.99538
0.95242
0.999969
0.999985
0.999993
0.999997
0.999999
0.999999
1
1
1
1
1
1
1
1
1
1
1
1
1
0.999999
0.999997
0.999984
0.999922
0.999554
0.991217
0.999972
0.999986
0.999994
0.999997
0.999999
1
1
1
1
1
1
1
1
1
1
1
1
1
1
1
1
0.999998
0.999991
0.999947
0.998084
0.999975
0.999988
0.999994
0.999997
0.999999
1
1
1
1
1
1
1
1
1
1
1
1
1
1
1
1
1
0.999997
0.99998
0.999138
0.999979
0.999989
0.999995
0.999998
0.999999
1
1
1
1
1
1
1
1
1
1
1
1
1
1
1
1
1
0.999999
0.999992
0.999528
0.999983
0.999991
0.999996
0.999998
0.999999
1
1
1
1
1
1
1
1
1
1
1
1
1
1
1
1
1
1
0.999996
0.999703
0.999987
0.999993
0.999997
0.999998
0.999999
1
1
1
1
1
1
1
1
1
1
1
1
1
1
1
1
1
1
0.999998
0.999798
0.99999
0.999995
0.999997
0.999999
0.999999
0.999999
0.999999
0.999999
0.999999
0.999999
0.999999
0.999999
0.999999
1
1
1
1
1
1
1
1
1
1
0.999998
0.999854
0.999992
0.999996
0.999997
0.999998
0.999999
0.999999
0.999999
0.999999
0.999998
0.999998
0.999998
0.999998
0.999998
0.999999
0.999999
0.999999
1
1
0.999999
0.999999
0.999999
0.999999
0.999999
0.999998
0.999891
0.999993
0.999996
0.999997
0.999998
0.999998
0.999998
0.999998
0.999998
0.999997
0.999996
0.999995
0.999995
0.999996
0.999997
0.999998
0.999999
0.999999
0.999999
0.999999
0.999998
0.999998
0.999998
0.999999
0.999998
0.999916
0.999992
0.999995
0.999996
0.999996
0.999997
0.999997
0.999997
0.999996
0.999994
0.999991
0.999989
0.999989
0.99999
0.999993
0.999996
0.999997
0.999998
0.999998
0.999997
0.999996
0.999996
0.999996
0.999997
0.999997
0.999933
0.99999
0.999992
0.999993
0.999993
0.999994
0.999994
0.999993
0.999992
0.999987
0.99998
0.999977
0.999976
0.999977
0.999982
0.99999
0.999993
0.999995
0.999995
0.999994
0.999991
0.99999
0.99999
0.999991
0.999993
0.999943
0.999984
0.999986
0.999987
0.999987
0.999987
0.999987
0.999987
0.999984
0.999974
0.999959
0.999949
0.999946
0.999947
0.999956
0.999974
0.999984
0.999987
0.999988
0.999987
0.999981
0.999976
0.999975
0.999977
0.999983
0.999945
0.999971
0.999973
0.999974
0.999974
0.999974
0.999974
0.999973
0.999969
0.999953
0.999915
0.99989
0.999881
0.999881
0.999894
0.999932
0.999958
0.999969
0.999972
0.99997
0.999959
0.999946
0.999943
0.999944
0.999958
0.999934
0.999947
0.999948
0.999947
0.999944
0.999943
0.999943
0.999942
0.999938
0.999915
0.999838
0.999769
0.99974
0.999738
0.999754
0.999824
0.999892
0.999923
0.999931
0.999929
0.99991
0.999879
0.99987
0.999871
0.999896
0.999891
0.999909
0.999909
0.9999
0.999882
0.999875
0.999875
0.999875
0.999871
0.999842
0.999719
0.999547
0.999461
0.999444
0.999462
0.99957
0.999727
0.999807
0.99983
0.999829
0.999798
0.999733
0.999709
0.999709
0.99975
0.999788
0.999853
0.999848
0.999809
0.999747
0.999722
0.99972
0.999723
0.99972
0.999688
0.999524
0.999164
0.998947
0.998886
0.998901
0.999035
0.999349
0.999531
0.99959
0.999591
0.99954
0.999416
0.999367
0.999366
0.999426
0.999561
0.999741
0.999716
0.999589
0.999417
0.999343
0.999334
0.999347
0.99935
0.999315
0.999106
0.998476
0.997999
0.997832
0.997836
0.997987
0.998508
0.998893
0.999021
0.999027
0.998934
0.99873
0.998657
0.998662
0.998771
0.999079
0.999376
0.999271
0.998902
0.998524
0.998349
0.998326
0.998366
0.998388
0.998346
0.998058
0.997053
0.996155
0.995798
0.995776
0.995952
0.996725
0.997436
0.997668
0.997676
0.997499
0.997246
0.997189
0.997227
0.997502
0.998151
0.997696
0.997313
0.996545
0.995926
0.995651
0.99565
0.995814
0.995887
0.995816
0.995339
0.993735
0.992323
0.99174
0.991693
0.991943
0.993109
0.994215
0.994541
0.994529
0.994243
0.994106
0.994138
0.994327
0.995293
0.996511
0.990529
0.990231
0.989382
0.988763
0.988662
0.989094
0.989794
0.989869
0.989675
0.988615
0.986123
0.984418
0.98381
0.98383
0.984348
0.986276
0.98761
0.987883
0.9877
0.987298
0.987335
0.987717
0.989276
0.992367
0.993933
0.968926
0.970504
0.970836
0.971338
0.973192
0.975813
0.976748
0.97674
0.976036
0.973001
0.968991
0.966749
0.966192
0.96648
0.968537
0.971386
0.97241
0.972617
0.97291
0.973951
0.977224
0.981832
0.985996
0.989463
0.990331
0.921733
0.927208
0.931686
0.938335
0.94439
0.946348
0.946182
0.94462
0.940236
0.937072
0.936067
0.936272
0.938488
0.942799
0.947188
0.95176
0.956005
0.960196
0.96486
0.970585
0.9764
0.980972
0.983793
0.984965
0.983285
0.864971
0.877011
0.886333
0.894733
0.901873
0.906919
0.909962
0.912315
0.915188
0.918562
0.922092
0.926274
0.931466
0.937231
0.942569
0.94762
0.952994
0.959178
0.964831
0.969259
0.971731
0.972824
0.972945
0.971773
0.950863
0.822227
0.842373
0.857294
0.869262
0.879131
0.887037
0.893571
0.899261
0.904813
0.910302
0.915525
0.920856
0.926249
0.932077
0.937837
0.942107
0.94455
0.945988
0.946152
0.941338
0.931489
0.929717
0.924557
0.899804
0.722172
0.702455
0.756413
0.791394
0.815748
0.834486
0.849516
0.861577
0.871014
0.878496
0.884817
0.889243
0.890404
0.890011
0.890459
0.888035
0.87185
0.843771
0.827929
0.814572
0.78314
0.693114
0.567973
0.407217
0.297223
0.153513
0.274454
0.431667
0.540346
0.61567
0.664011
0.698723
0.71444
0.716406
0.714178
0.703053
0.682713
0.658212
0.624092
0.575414
0.516256
0.455545
0.390658
0.321641
0.249742
0.182022
0.122309
0.0763452
0.0434972
0.0241429
0.0102236
0.0224915
0.106405
0.179624
0.225537
0.266701
0.27964
0.276775
0.267205
0.247122
0.224433
0.200431
0.175969
0.150657
0.123681
0.0961184
0.0696875
0.0464821
0.0283876
0.0158731
0.0081552
0.00386231
0.00169209
0.000697235
0.000258884
0.000114038
0.00312457
0.0184966
0.0360361
0.0462323
0.0496355
0.0482564
0.0451479
0.0397479
0.0335733
0.0275333
0.0212054
0.0145678
0.00870614
0.00460894
0.00218327
0.000940855
0.000356758
0.000103508
4.60825e-05
2.02943e-05
8.66061e-06
3.53412e-06
1.38163e-06
5.18839e-07
4.61041e-07
0.000351207
0.00215423
0.00300254
0.00323673
0.00294355
0.00243515
0.00172441
0.000972397
0.000453415
0.000165247
3.96526e-05
1.38083e-05
4.60361e-06
1.52446e-06
5.04521e-07
1.65413e-07
5.18673e-08
1.53669e-08
5.17651e-09
1.94556e-09
7.67561e-10
3.0466e-10
2.93686e-10
1.64924e-11
6.89521e-10
)
;

boundaryField
{
    inlet
    {
        type            fixedValue;
        value           uniform 1;
    }
    outlet
    {
        type            inletOutlet;
        inletValue      uniform 0;
        value           nonuniform List<scalar> 
57
(
5.26479e-11
5.94502e-09
1.53259e-07
1.36856e-06
7.83129e-06
3.42575e-05
0.000121152
0.000357576
0.000904635
0.00200857
0.00400339
0.00732079
0.0125183
0.0203214
0.0316665
0.0477159
0.0698136
0.0993841
0.137774
0.186047
0.245003
0.315536
0.398237
0.498556
0.622245
0.748652
0.863245
0.95242
0.991217
0.998084
0.999138
0.999528
0.999703
0.999798
0.999854
0.999891
0.999916
0.999933
0.999943
0.999945
0.999934
0.999891
0.999788
0.999561
0.999079
0.998151
0.996511
0.993933
0.990331
0.983285
0.950863
0.722172
0.153513
0.0102236
0.000114038
4.61041e-07
6.89521e-10
)
;
    }
    upperWall
    {
        type            zeroGradient;
    }
    lowerWall
    {
        type            zeroGradient;
    }
    frontAndBack
    {
        type            empty;
    }
}


// ************************************************************************* //
