/*--------------------------------*- C++ -*----------------------------------*\
  =========                 |
  \\      /  F ield         | OpenFOAM: The Open Source CFD Toolbox
   \\    /   O peration     | Website:  https://openfoam.org
    \\  /    A nd           | Version:  7
     \\/     M anipulation  |
\*---------------------------------------------------------------------------*/
FoamFile
{
    version     2.0;
    format      ascii;
    class       volScalarField;
    location    "0.01";
    object      nut;
}
// * * * * * * * * * * * * * * * * * * * * * * * * * * * * * * * * * * * * * //

dimensions      [0 2 -1 0 0 0 0];

internalField   nonuniform List<scalar> 
12225
(
0
0
0
0
0
0
0
0
0
0
0
0
0
0
0
0
0
2.70944e-10
0
0
0
0
0
0
1.54832e-11
0
0
0
0
0
0
0
0
0
0
0
0
0
0
0
0
3.12087e-10
6.91254e-10
0
0
0
0
0
0
0
0
0
0
0
0
8.06162e-09
5.54044e-09
1.06775e-09
5.00646e-10
1.29198e-09
1.41005e-09
0
0
0
0
0
0
0
0
0
0
9.3185e-10
1.01537e-07
2.82036e-07
1.40341e-07
0
0
0
0
0
0
1.59022e-09
6.98906e-10
0
0
0
0
0
1.6698e-09
3.96965e-09
1.61006e-07
2.31884e-07
2.01494e-07
0
0
0
0
0
0
0
7.84178e-09
0
0
0
0
0
0
0
2.39184e-07
2.83768e-07
2.48758e-07
1.67806e-08
0
0
0
0
0
0
0
0
0
0
0
0
0
0
0
3.21017e-07
2.6002e-07
5.19388e-08
0
0
0
0
0
0
0
0
0
0
0
0
0
0
0
3.19904e-07
1.80219e-07
1.13836e-08
4.74685e-09
7.43115e-08
0
0
0
0
0
0
8.89537e-09
0
0
0
0
0
0
2.26486e-07
2.5053e-07
5.64022e-08
6.08553e-08
8.68558e-08
0
0
0
0
0
0
1.8731e-08
0
0
0
0
0
0
0
2.28371e-07
7.3054e-08
3.403e-08
6.43602e-08
1.32627e-08
0
0
0
0
0
0
0
0
0
0
0
0
0
0
3.21288e-07
1.42181e-07
4.88126e-08
1.46001e-07
5.51688e-07
5.91694e-07
0
0
0
0
0
0
0
0
0
0
0
0
3.91124e-07
4.32465e-07
4.49627e-07
6.16373e-07
5.47801e-07
1.42385e-07
0
0
0
0
0
0
0
0
0
0
0
5.79265e-07
0
1.96162e-07
3.18321e-07
2.93567e-07
1.93599e-07
7.64547e-08
0
0
0
0
0
8.6265e-08
8.92454e-08
1.48115e-08
0
6.42869e-08
6.92251e-08
4.51987e-08
5.10933e-07
5.23707e-07
8.01873e-08
0
0
0
0
0
0
0
1.1052e-07
1.87745e-07
1.64182e-07
9.37466e-08
5.51014e-09
3.1835e-08
0
2.23361e-07
8.93714e-07
7.04033e-07
1.35761e-07
0
0
0
0
0
0
0
0
9.75383e-08
2.53371e-07
2.49718e-07
1.58003e-07
6.04985e-08
0
3.50902e-07
9.1291e-07
4.6929e-07
0
0
0
0
0
0
0
0
0
8.36599e-08
1.51305e-06
1.57267e-06
1.0534e-06
0
0
4.94661e-07
4.11471e-07
0
0
0
0
0
0
2.10246e-07
2.49601e-07
3.33728e-07
4.55749e-07
5.66461e-07
6.25999e-07
4.93406e-07
1.52002e-08
3.52075e-07
3.12482e-07
2.4028e-07
0
0
0
0
2.9194e-07
3.44391e-07
3.07998e-07
0
0
0
0
0
0
0
0
4.02794e-09
4.22312e-07
5.96847e-07
6.79549e-07
2.42952e-07
0
0
0
5.58594e-08
0
0
0
0
1.22989e-07
1.65605e-09
0
0
2.27925e-07
0
0
1.07909e-09
2.74007e-07
7.33496e-08
0
0
1.1485e-07
0
0
0
0
0
0
0
6.30396e-08
3.31781e-07
5.30759e-07
0
0
0
0
0
0
4.21046e-07
3.86192e-07
1.12384e-07
0
0
0
0
0
0
8.37722e-08
2.77339e-07
4.35047e-07
0
0
0
0
0
2.63232e-07
3.49865e-07
1.6053e-07
0
0
0
0
2.83244e-08
1.38655e-07
1.99606e-07
7.36268e-07
1.54199e-06
1.789e-06
0
0
0
0
1.40065e-07
3.66414e-07
4.57506e-07
3.75351e-07
1.05421e-07
0
0
0
3.95634e-08
1.22401e-07
2.15172e-07
3.58972e-07
4.91114e-07
5.4938e-07
4.64134e-09
0
0
6.69809e-08
2.88267e-07
4.19209e-07
5.0237e-07
4.77909e-07
2.71998e-07
7.10168e-09
0
0
4.3205e-08
9.84072e-08
1.07034e-07
9.22232e-08
6.85506e-08
4.22302e-08
9.65453e-08
0
0
4.40833e-08
1.81169e-07
2.43708e-07
3.30679e-07
4.1319e-07
3.85657e-07
2.29536e-07
5.27788e-08
0
1.17478e-08
6.31381e-08
8.11367e-08
6.11832e-08
2.52312e-08
0
4.66167e-08
0
0
0
0
0
0
0
0
0
0
0
0
0
0
0
0
0
7.35281e-09
0
0
0
0
0
0
0
0
0
0
0
0
0
0
0
0
0
8.26381e-09
0
0
0
0
0
0
0
0
0
0
0
0
0
0
0
0
0
6.11875e-08
0
0
0
0
0
0
0
0
0
0
0
0
0
0
0
0
0
0
0
2.39738e-09
1.27116e-08
2.32595e-08
3.08404e-08
3.45663e-08
3.47214e-08
3.28197e-08
2.93035e-08
2.48874e-08
2.01384e-08
1.54684e-08
1.1217e-08
7.61117e-09
4.76673e-09
2.71921e-09
1.40683e-09
6.2779e-10
1.43944e-10
0
0
0
0
0
0
0
0
0
0
0
0
0
0
0
0
0
1.11767e-09
1.08837e-09
0
0
0
0
0
0
0
0
0
0
0
0
0
0
0
0
0
0
0
0
0
0
0
0
0
0
0
0
0
0
0
0
0
0
0
0
0
0
0
0
0
0
0
0
0
0
0
0
0
0
0
0
0
0
0
0
0
0
0
0
0
0
0
0
0
0
0
0
0
0
0
0
0
0
0
0
0
0
0
0
0
0
0
0
0
0
0
0
0
0
0
0
0
0
0
0
0
0
0
0
0
0
0
0
0
0
0
0
0
0
0
0
0
0
0
0
0
0
0
0
0
0
0
0
0
0
0
0
0
0
0
0
0
0
0
0
0
0
0
0
0
0
0
0
0
0
9.8248e-10
8.28914e-09
1.28519e-08
1.40832e-08
1.32714e-08
1.16512e-08
9.8978e-09
8.34735e-09
7.02779e-09
5.93362e-09
4.99254e-09
4.06819e-09
3.07899e-09
1.94103e-09
5.84718e-10
0
0
0
0
0
0
0
0
0
0
0
0
0
0
0
1.78717e-08
3.10513e-08
3.26454e-08
2.56329e-08
1.42916e-08
3.22719e-09
0
0
0
0
0
0
0
0
0
0
0
0
0
0
0
0
0
0
0
0
0
0
0
0
0
0
0
0
0
0
0
0
0
0
0
0
0
0
0
0
0
0
0
0
0
0
0
0
0
0
0
0
0
0
0
0
0
0
0
0
0
0
0
0
0
0
0
0
0
0
0
0
0
0
0
0
0
0
0
0
0
0
0
0
0
0
0
0
0
0
0
0
0
0
0
0
0
0
0
0
0
0
0
0
0
0
0
0
0
0
0
0
0
0
0
0
0
0
0
0
0
0
0
0
0
0
0
0
0
0
0
0
0
0
0
0
0
0
0
0
0
0
0
0
0
0
0
0
0
0
0
0
0
0
0
0
0
0
0
0
0
0
0
0
8.54006e-10
1.3174e-08
2.87494e-08
4.55081e-08
6.15226e-08
7.52536e-08
8.60679e-08
9.36803e-08
9.83015e-08
1.00027e-07
9.90741e-08
9.57816e-08
9.04336e-08
8.33155e-08
7.48315e-08
6.52195e-08
5.47716e-08
4.38868e-08
3.30218e-08
2.27194e-08
1.35489e-08
5.93641e-09
1.02753e-10
0
0
0
0
0
0
0
0
0
0
0
0
0
0
0
0
0
0
0
0
0
0
0
0
0
0
0
0
0
0
0
0
0
0
0
0
0
0
0
0
0
0
0
0
0
0
0
0
0
0
0
0
0
0
0
0
0
0
0
0
0
0
0
0
0
0
0
0
0
0
0
0
0
0
0
0
0
0
0
0
0
0
0
0
0
0
0
0
0
0
0
0
0
0
0
0
0
0
0
0
0
0
0
0
0
0
0
0
0
0
0
0
0
0
0
0
0
0
0
0
0
0
0
0
0
0
0
0
0
0
0
0
0
0
0
0
0
0
0
0
0
0
0
0
0
0
0
0
0
0
0
0
0
1.83708e-08
4.21007e-08
6.51662e-08
8.6213e-08
1.04455e-07
1.19327e-07
1.3067e-07
1.38654e-07
1.43806e-07
1.46333e-07
1.46494e-07
1.44763e-07
1.41536e-07
1.37096e-07
1.3169e-07
1.2554e-07
1.18851e-07
1.11788e-07
1.0451e-07
9.72553e-08
9.01473e-08
8.32544e-08
7.66252e-08
7.02926e-08
6.42772e-08
5.85894e-08
5.32328e-08
4.82044e-08
4.34969e-08
3.90993e-08
3.49993e-08
3.11874e-08
2.76587e-08
2.43977e-08
2.13847e-08
1.86075e-08
1.60546e-08
1.37131e-08
1.15715e-08
9.62152e-09
7.85554e-09
6.268e-09
4.85577e-09
3.61568e-09
2.546e-09
1.64566e-09
9.13412e-10
3.41715e-10
0
0
0
0
0
0
0
0
0
0
0
0
0
0
0
0
2.66663e-12
6.84919e-12
8.94859e-12
9.65754e-12
9.48363e-12
8.79174e-12
7.83456e-12
6.7785e-12
5.73404e-12
4.76415e-12
3.89612e-12
3.14661e-12
2.51761e-12
1.99262e-12
1.5626e-12
1.22114e-12
9.47735e-13
7.3068e-13
5.65576e-13
4.4023e-13
3.44173e-13
2.6849e-13
2.08612e-13
1.61877e-13
1.2526e-13
9.65108e-14
7.40448e-14
5.66332e-14
4.32631e-14
3.30911e-14
2.54085e-14
1.96402e-14
1.53238e-14
1.21005e-14
9.69095e-15
7.88233e-15
6.51686e-15
5.47553e-15
4.67199e-15
4.04507e-15
3.54835e-15
3.14791e-15
2.8212e-15
2.5508e-15
2.32246e-15
2.12693e-15
1.95852e-15
1.81229e-15
1.68351e-15
1.56865e-15
1.46573e-15
1.37355e-15
1.29108e-15
1.21714e-15
1.15055e-15
1.09029e-15
1.03551e-15
9.85567e-16
9.39905e-16
8.98016e-16
8.59415e-16
8.23643e-16
7.90243e-16
7.58713e-16
7.28577e-16
6.9929e-16
6.70291e-16
6.40954e-16
6.10535e-16
5.78165e-16
5.42791e-16
5.03137e-16
4.57616e-16
4.04303e-16
3.4079e-16
2.63881e-16
1.7041e-16
5.325e-17
0
0
0
0
0
0
0
0
0
0
0
0
0
0
0
0
0
0
0
0
0
0
0
0
0
0
0
0
0
0
0
0
0
0
0
0
0
0
1.7214e-08
4.50638e-08
7.31802e-08
9.96546e-08
1.23056e-07
1.42167e-07
1.56563e-07
1.66865e-07
1.7259e-07
1.74582e-07
1.73515e-07
1.69949e-07
1.64435e-07
1.57449e-07
1.49478e-07
1.40888e-07
1.31959e-07
1.22935e-07
1.14019e-07
1.05342e-07
9.69968e-08
8.90466e-08
8.15306e-08
7.44688e-08
6.78661e-08
6.17177e-08
5.60128e-08
5.07359e-08
4.58672e-08
4.13845e-08
3.72612e-08
3.34675e-08
2.99769e-08
2.67812e-08
2.38704e-08
2.12249e-08
1.88267e-08
1.66591e-08
1.47017e-08
1.29397e-08
1.13597e-08
9.94439e-09
8.67815e-09
7.54792e-09
6.54191e-09
5.64915e-09
4.85949e-09
4.16328e-09
3.5516e-09
3.01621e-09
2.5494e-09
2.144e-09
1.79338e-09
1.49144e-09
1.2326e-09
1.01176e-09
8.24277e-10
6.65969e-10
5.33055e-10
4.22145e-10
3.30212e-10
2.54563e-10
1.92815e-10
1.42864e-10
1.02869e-10
7.12284e-11
4.65559e-11
2.76377e-11
1.34532e-11
3.11406e-12
0
0
0
0
0
0
0
0
0
0
0
0
0
0
0
0
0
0
0
0
0
0
1.69776e-14
3.77692e-14
5.53645e-14
6.97608e-14
8.22574e-14
9.18359e-14
9.76569e-14
1.00121e-13
9.98009e-14
9.70575e-14
9.26961e-14
8.72606e-14
8.12677e-14
7.5114e-14
6.90734e-14
6.33316e-14
5.79912e-14
5.31094e-14
4.87009e-14
4.47585e-14
4.12484e-14
3.81347e-14
3.53746e-14
3.29333e-14
3.07707e-14
2.88538e-14
2.71472e-14
2.56231e-14
2.42552e-14
2.30223e-14
2.19052e-14
2.08882e-14
1.99557e-14
1.90942e-14
1.82979e-14
1.75383e-14
1.68377e-14
1.61339e-14
1.54621e-14
1.48267e-14
1.41786e-14
1.35039e-14
1.27875e-14
1.20111e-14
1.11546e-14
1.01935e-14
9.10391e-15
7.85095e-15
6.42378e-15
4.75817e-15
2.93031e-15
7.5227e-16
0
0
0
0
0
8.78565e-15
6.21821e-14
3.79951e-13
1.85721e-12
9.81763e-12
2.13801e-11
7.84975e-11
1.96115e-11
7.58178e-11
0
0
0
0
0
0
0
0
0
0
0
0
0
0
0
0
0
0
0
0
0
0
1.7501e-08
5.49657e-08
9.32423e-08
1.29332e-07
1.60797e-07
1.86584e-07
2.05603e-07
2.17695e-07
2.23643e-07
2.24203e-07
2.2047e-07
2.13332e-07
2.03755e-07
1.92414e-07
1.8021e-07
1.67551e-07
1.54764e-07
1.42208e-07
1.30115e-07
1.1863e-07
1.07836e-07
9.77738e-08
8.84623e-08
7.98935e-08
7.20407e-08
6.48662e-08
5.83269e-08
5.23782e-08
4.69718e-08
4.20674e-08
3.7626e-08
3.36077e-08
2.99717e-08
2.66906e-08
2.3726e-08
2.10458e-08
1.86248e-08
1.64402e-08
1.44825e-08
1.27294e-08
1.11582e-08
9.75311e-09
8.49985e-09
7.38481e-09
6.39526e-09
5.5194e-09
4.7463e-09
4.06591e-09
3.46898e-09
2.94698e-09
2.49209e-09
2.09713e-09
1.75552e-09
1.46128e-09
1.20894e-09
9.93528e-10
8.10545e-10
6.55929e-10
5.26021e-10
4.1754e-10
3.27554e-10
2.53456e-10
1.92932e-10
1.43942e-10
1.04693e-10
7.36237e-11
4.93714e-11
3.07576e-11
1.67581e-11
6.51617e-12
0
0
0
0
0
0
0
0
0
0
0
0
0
0
0
0
0
0
0
0
0
0
0
0
0
0
0
0
0
0
0
0
0
0
0
0
0
0
0
0
0
0
0
0
0
0
0
0
0
0
0
0
0
0
0
0
0
0
0
0
0
0
0
0
0
0
0
1.14797e-13
2.45296e-13
3.70016e-13
4.81084e-13
5.88015e-13
7.02425e-13
8.60113e-13
1.07859e-12
1.47036e-12
2.04894e-12
3.15824e-12
4.71234e-12
7.84642e-12
1.15949e-11
1.98643e-11
2.61775e-11
4.39713e-11
4.11336e-11
8.31376e-11
1.2429e-11
4.01976e-11
0
0
0
0
0
0
0
0
0
0
0
0
0
0
0
0
0
0
0
0
0
0
1.66797e-08
7.01603e-08
1.24062e-07
1.73981e-07
2.17329e-07
2.5043e-07
2.74305e-07
2.86963e-07
2.91563e-07
2.88538e-07
2.79653e-07
2.66513e-07
2.50771e-07
2.33279e-07
2.15469e-07
1.97613e-07
1.80273e-07
1.63764e-07
1.48075e-07
1.33432e-07
1.19886e-07
1.07435e-07
9.6101e-08
8.58437e-08
7.65986e-08
6.82893e-08
6.08347e-08
5.4157e-08
4.81794e-08
4.2831e-08
3.80454e-08
3.37621e-08
2.99299e-08
2.64964e-08
2.34237e-08
2.06753e-08
1.82249e-08
1.60462e-08
1.41007e-08
1.23632e-08
1.08143e-08
9.43569e-09
8.21082e-09
7.12456e-09
6.16323e-09
5.31437e-09
4.56669e-09
3.90986e-09
3.33449e-09
2.83202e-09
2.39463e-09
2.01521e-09
1.68728e-09
1.40498e-09
1.16296e-09
9.56398e-10
7.80937e-10
6.32654e-10
5.08027e-10
4.03904e-10
3.17474e-10
2.4624e-10
1.87991e-10
1.40779e-10
1.0289e-10
7.28394e-11
4.93212e-11
3.12171e-11
1.7543e-11
7.48936e-12
3.36766e-13
0
0
0
0
0
0
0
0
0
0
0
0
0
0
0
0
0
0
0
0
0
0
0
0
0
0
0
0
0
0
0
0
0
0
0
0
0
0
0
0
0
0
0
0
0
0
0
0
0
0
0
0
0
0
0
0
0
0
0
0
0
0
0
0
0
1.06909e-13
2.50625e-13
3.57019e-13
4.37613e-13
5.04084e-13
5.71761e-13
6.51948e-13
7.71188e-13
9.40972e-13
1.25159e-12
1.70547e-12
2.57586e-12
3.76734e-12
6.15721e-12
8.87618e-12
1.48119e-11
1.87362e-11
3.10687e-11
2.6329e-11
4.76557e-11
1.88817e-12
4.01121e-12
0
0
0
0
0
0
0
0
0
0
0
0
0
0
0
0
0
0
0
0
0
0
1.02713e-08
8.9589e-08
1.6726e-07
2.38534e-07
2.93099e-07
3.35046e-07
3.63535e-07
3.72796e-07
3.73755e-07
3.63562e-07
3.46352e-07
3.24343e-07
3.0003e-07
2.74629e-07
2.49748e-07
2.25855e-07
2.02801e-07
1.80571e-07
1.60516e-07
1.42598e-07
1.26581e-07
1.1232e-07
9.96524e-08
8.83944e-08
7.83839e-08
6.94793e-08
6.1557e-08
5.45061e-08
4.82366e-08
4.26602e-08
3.77011e-08
3.3296e-08
2.93862e-08
2.59117e-08
2.28328e-08
2.01109e-08
1.76918e-08
1.55352e-08
1.36162e-08
1.19112e-08
1.03982e-08
9.05716e-09
7.86997e-09
6.82056e-09
5.89447e-09
5.07877e-09
4.36179e-09
3.73307e-09
3.18313e-09
2.70344e-09
2.28627e-09
1.92465e-09
1.61226e-09
1.3434e-09
1.11293e-09
9.16207e-10
7.49056e-10
6.0773e-10
4.88875e-10
3.89493e-10
3.06915e-10
2.38772e-10
1.82969e-10
1.3766e-10
1.01222e-10
7.22494e-11
4.95062e-11
3.19303e-11
1.8593e-11
8.72255e-12
1.63904e-12
0
0
0
0
0
0
0
0
0
0
0
0
0
0
0
0
0
0
0
0
0
0
0
0
0
0
0
0
0
0
0
0
0
0
0
0
0
0
0
0
0
0
0
0
0
0
0
0
0
0
0
0
0
0
0
0
0
0
0
0
0
0
0
0
0
3.88361e-14
1.6349e-13
2.62475e-13
3.40358e-13
4.039e-13
4.66315e-13
5.33753e-13
6.29219e-13
7.58683e-13
9.88107e-13
1.32012e-12
1.94213e-12
2.77721e-12
4.4035e-12
6.15656e-12
9.80066e-12
1.17894e-11
1.89745e-11
1.39362e-11
1.81431e-11
0
0
0
0
0
0
0
0
0
0
0
0
0
0
0
0
0
0
0
0
0
0
0
0
0
1.16472e-07
2.27294e-07
3.24871e-07
3.87528e-07
4.37586e-07
4.6659e-07
4.65277e-07
4.58986e-07
4.36472e-07
4.07551e-07
3.73927e-07
3.38872e-07
3.04343e-07
2.70574e-07
2.39517e-07
2.10723e-07
1.84964e-07
1.62484e-07
1.42894e-07
1.25889e-07
1.11117e-07
9.81708e-08
8.67812e-08
7.67347e-08
6.78546e-08
5.99938e-08
5.30258e-08
4.68477e-08
4.13671e-08
3.65052e-08
3.21945e-08
2.83758e-08
2.49936e-08
2.19879e-08
1.93123e-08
1.69373e-08
1.48336e-08
1.29719e-08
1.13255e-08
9.87034e-09
8.58508e-09
7.4509e-09
6.45115e-09
5.57106e-09
4.79751e-09
4.11883e-09
3.52457e-09
3.00543e-09
2.55304e-09
2.1599e-09
1.81928e-09
1.52511e-09
1.27195e-09
1.05491e-09
8.69585e-10
7.12042e-10
5.78748e-10
4.66548e-10
3.72628e-10
2.94488e-10
2.29908e-10
1.76927e-10
1.33819e-10
9.90654e-11
7.1349e-11
4.95169e-11
3.25695e-11
1.9642e-11
1.00037e-11
3.02225e-12
0
0
0
0
0
0
0
0
0
0
0
0
0
0
0
0
0
0
0
0
0
0
0
0
0
0
0
0
0
0
0
0
0
0
0
0
0
0
0
0
0
0
0
0
0
0
0
0
0
0
0
0
0
0
0
0
0
0
0
0
0
0
0
0
0
0
8.56722e-14
1.7516e-13
2.47504e-13
3.06472e-13
3.61719e-13
4.15732e-13
4.89039e-13
5.81614e-13
7.37903e-13
9.60867e-13
1.36341e-12
1.89166e-12
2.87019e-12
3.85058e-12
5.72993e-12
6.39218e-12
9.45479e-12
5.24104e-12
2.85944e-12
0
0
0
0
0
0
0
0
0
0
0
0
0
0
0
0
0
0
0
0
0
0
0
0
0
1.62874e-07
3.23663e-07
4.47153e-07
5.1968e-07
5.75676e-07
5.87833e-07
5.72489e-07
5.4679e-07
5.05069e-07
4.58862e-07
4.10508e-07
3.62364e-07
3.1765e-07
2.78442e-07
2.42594e-07
2.10399e-07
1.82831e-07
1.59164e-07
1.38862e-07
1.21369e-07
1.06262e-07
9.32521e-08
8.20355e-08
7.23181e-08
6.38477e-08
5.64206e-08
4.98787e-08
4.40891e-08
3.89562e-08
3.43991e-08
3.03438e-08
2.67295e-08
2.35109e-08
2.06528e-08
1.81201e-08
1.5878e-08
1.38945e-08
1.2141e-08
1.05918e-08
9.22424e-09
8.01803e-09
6.95514e-09
6.01955e-09
5.19705e-09
4.475e-09
3.84217e-09
3.28856e-09
2.80525e-09
2.3843e-09
2.01859e-09
1.70175e-09
1.4281e-09
1.19254e-09
9.90481e-10
8.17842e-10
6.70958e-10
5.46555e-10
4.41711e-10
3.53825e-10
2.80584e-10
2.19938e-10
1.70077e-10
1.29404e-10
9.65187e-11
7.02013e-11
4.93889e-11
3.31509e-11
2.06931e-11
1.13284e-11
4.47868e-12
0
0
0
0
0
0
0
0
0
0
0
0
0
0
0
0
0
0
0
0
0
0
0
0
0
0
0
0
0
0
0
0
0
0
0
0
0
0
0
0
0
0
0
0
0
0
0
0
0
0
0
0
0
0
0
0
0
0
0
0
0
0
0
0
0
0
1.55691e-14
9.4064e-14
1.5885e-13
2.11807e-13
2.57681e-13
3.0174e-13
3.51406e-13
4.13991e-13
5.08005e-13
6.38779e-13
8.63458e-13
1.14518e-12
1.6335e-12
2.05239e-12
2.91834e-12
2.72185e-12
3.12784e-12
4.36154e-13
0
0
0
0
0
0
0
0
0
0
0
0
0
0
0
0
0
0
0
0
0
0
0
0
0
3.34448e-09
2.66068e-07
4.92297e-07
6.3719e-07
7.4072e-07
7.74202e-07
7.49305e-07
7.27634e-07
6.53758e-07
5.86188e-07
5.11344e-07
4.42518e-07
3.79749e-07
3.24934e-07
2.78357e-07
2.38269e-07
2.03733e-07
1.73676e-07
1.47995e-07
1.26381e-07
1.08339e-07
9.32248e-08
8.06659e-08
7.02864e-08
6.16602e-08
5.44074e-08
4.82088e-08
4.28093e-08
3.80695e-08
3.3866e-08
3.01043e-08
2.67255e-08
2.36898e-08
2.09645e-08
1.85191e-08
1.63265e-08
1.43637e-08
1.26104e-08
1.10478e-08
9.65823e-09
8.42525e-09
7.33341e-09
6.36841e-09
5.5171e-09
4.76749e-09
4.10865e-09
3.53072e-09
3.02478e-09
2.58283e-09
2.19769e-09
1.86289e-09
1.57265e-09
1.32178e-09
1.10564e-09
9.20057e-10
7.61313e-10
6.26075e-10
5.11366e-10
4.14531e-10
3.33207e-10
2.65292e-10
2.08923e-10
1.62454e-10
1.24433e-10
9.35848e-11
6.87982e-11
4.91048e-11
3.36536e-11
2.17194e-11
1.26702e-11
5.97761e-12
1.17855e-12
0
0
0
0
0
0
0
0
0
0
0
0
0
0
0
0
0
0
0
0
0
0
0
0
0
0
0
0
0
0
0
0
0
0
0
0
0
0
0
0
0
0
0
0
0
0
0
0
0
0
0
0
0
0
0
0
0
0
0
0
0
0
0
0
0
0
1.40987e-14
7.08865e-14
1.17461e-13
1.55853e-13
1.89147e-13
2.22266e-13
2.57995e-13
3.07172e-13
3.67375e-13
4.63452e-13
5.7002e-13
7.42967e-13
8.1178e-13
9.75162e-13
5.82486e-13
8.00582e-14
0
0
0
0
0
0
0
0
0
0
0
0
0
0
0
0
0
0
0
0
0
0
0
0
0
0
3.2471e-08
3.69978e-07
6.42557e-07
8.16561e-07
9.29411e-07
8.95315e-07
8.93946e-07
8.61157e-07
7.60092e-07
6.67254e-07
5.59849e-07
4.66859e-07
3.89692e-07
3.25514e-07
2.70239e-07
2.22664e-07
1.82946e-07
1.5214e-07
1.28023e-07
1.07794e-07
9.0965e-08
7.71374e-08
6.57038e-08
5.61806e-08
4.82884e-08
4.17969e-08
3.64951e-08
3.22063e-08
2.87055e-08
2.57813e-08
2.32689e-08
2.1038e-08
1.89908e-08
1.70816e-08
1.53206e-08
1.36966e-08
1.22008e-08
1.08281e-08
9.5755e-09
8.43868e-09
7.41197e-09
6.48897e-09
5.66282e-09
4.92635e-09
4.27227e-09
3.69332e-09
3.18254e-09
2.73327e-09
2.3393e-09
1.99485e-09
1.6946e-09
1.43368e-09
1.20766e-09
1.01253e-09
8.44657e-10
7.00784e-10
5.7797e-10
4.73583e-10
3.8527e-10
3.10928e-10
2.48685e-10
1.96879e-10
1.54039e-10
1.18864e-10
9.02121e-11
6.70874e-11
4.86171e-11
3.40374e-11
2.26889e-11
1.40077e-11
7.50587e-12
2.77158e-12
0
0
0
0
0
0
0
0
0
0
0
0
0
0
0
0
0
0
0
0
0
0
0
0
0
0
0
0
0
0
0
0
0
0
0
0
0
0
0
0
0
0
0
0
0
0
0
0
0
0
0
0
0
0
0
0
0
0
0
0
0
0
0
0
0
0
0
8.90388e-16
3.88949e-14
6.8908e-14
9.31369e-14
1.12345e-13
1.30305e-13
1.46309e-13
1.64944e-13
1.83285e-13
1.96107e-13
2.03705e-13
1.37447e-13
4.79484e-14
0
0
0
0
0
0
0
0
0
0
0
0
0
0
0
0
0
0
0
0
0
0
0
0
0
0
0
0
0
5.79267e-08
5.15256e-07
8.648e-07
9.61821e-07
8.39357e-07
7.83862e-07
7.68496e-07
7.55775e-07
6.72662e-07
5.59126e-07
4.5255e-07
3.71466e-07
3.07799e-07
2.52553e-07
2.04414e-07
1.65351e-07
1.33814e-07
1.09455e-07
9.1646e-08
7.77189e-08
6.59588e-08
5.59446e-08
4.74324e-08
4.02264e-08
3.41942e-08
2.91935e-08
2.50614e-08
2.16455e-08
1.88474e-08
1.6574e-08
1.47371e-08
1.32717e-08
1.20894e-08
1.10637e-08
1.01325e-08
9.25755e-09
8.41297e-09
7.59294e-09
6.81562e-09
6.08603e-09
5.40629e-09
4.77811e-09
4.20256e-09
3.67953e-09
3.2075e-09
2.78409e-09
2.40639e-09
2.07122e-09
1.77521e-09
1.51498e-09
1.28719e-09
1.08864e-09
9.1628e-10
7.67285e-10
6.3903e-10
5.2911e-10
4.35331e-10
3.55704e-10
2.88434e-10
2.3191e-10
1.84688e-10
1.45485e-10
1.13161e-10
8.67108e-11
6.52543e-11
4.80168e-11
3.4319e-11
2.35699e-11
1.5267e-11
8.97171e-12
4.31603e-12
9.76449e-13
0
0
0
0
0
0
0
0
0
0
0
0
0
0
0
0
0
0
0
0
0
0
0
0
0
0
0
0
0
0
0
0
0
0
0
0
0
0
0
0
0
0
0
0
0
0
0
0
0
0
0
0
0
0
0
0
0
0
0
0
0
0
0
0
0
0
0
0
0
0
2.7013e-15
1.21025e-14
1.50289e-14
1.3385e-14
5.37482e-15
0
0
0
0
0
0
0
0
0
0
0
0
0
0
0
0
0
0
0
0
0
0
0
0
0
0
0
4.56142e-07
2.00697e-06
3.02698e-06
1.94703e-06
0
0
0
0
9.63836e-07
1.65011e-06
1.28178e-06
6.444e-07
4.20507e-07
4.99339e-07
5.42773e-07
4.83474e-07
3.88542e-07
3.10641e-07
2.54645e-07
2.1079e-07
1.74552e-07
1.42983e-07
1.16029e-07
9.34768e-08
7.51961e-08
6.1368e-08
5.15969e-08
4.43183e-08
3.83261e-08
3.29633e-08
2.81882e-08
2.40531e-08
2.05026e-08
1.74831e-08
1.49458e-08
1.28393e-08
1.11094e-08
9.68726e-09
8.51291e-09
7.5471e-09
6.75462e-09
6.10612e-09
5.58212e-09
5.14768e-09
4.75191e-09
4.3743e-09
4.00518e-09
3.63989e-09
3.27859e-09
2.93067e-09
2.6028e-09
2.29739e-09
2.01571e-09
1.7583e-09
1.52513e-09
1.31565e-09
1.12888e-09
9.63482e-10
8.17889e-10
6.90464e-10
5.7956e-10
4.83561e-10
4.00914e-10
3.30151e-10
2.69898e-10
2.18888e-10
1.75961e-10
1.40063e-10
1.10245e-10
8.56574e-11
6.55468e-11
4.92439e-11
3.61539e-11
2.57615e-11
1.76171e-11
1.13396e-11
6.59074e-12
3.09065e-12
5.90272e-13
0
0
0
0
0
0
0
0
0
0
0
0
0
0
0
0
0
0
0
0
0
0
0
0
0
0
0
0
0
0
0
0
0
0
0
0
0
0
0
0
0
0
0
0
0
0
0
0
0
0
0
0
0
0
0
0
0
0
0
0
0
0
0
0
0
0
0
0
0
0
0
0
0
0
0
0
0
0
0
0
0
0
0
0
0
0
0
0
0
0
0
0
0
0
0
0
0
0
0
3.0397e-07
2.74601e-06
8.08584e-06
1.70101e-05
2.41434e-05
1.37568e-05
0
0
0
0
0
1.46089e-06
2.17433e-06
1.14793e-06
1.40416e-07
7.53748e-09
2.53888e-07
3.42783e-07
2.93135e-07
2.22987e-07
1.7476e-07
1.4648e-07
1.28204e-07
1.11615e-07
9.43532e-08
7.75083e-08
6.25467e-08
5.00045e-08
3.99655e-08
3.25013e-08
2.72315e-08
2.35627e-08
2.06636e-08
1.81093e-08
1.58191e-08
1.37315e-08
1.18625e-08
1.0217e-08
8.78708e-09
7.5605e-09
6.52033e-09
5.64781e-09
4.9235e-09
4.32551e-09
3.82725e-09
3.41028e-09
3.06019e-09
2.76704e-09
2.52176e-09
2.31556e-09
2.1389e-09
1.97454e-09
1.81354e-09
1.65461e-09
1.49837e-09
1.34597e-09
1.19876e-09
1.05818e-09
9.26464e-10
8.05597e-10
6.95932e-10
5.97316e-10
5.09356e-10
4.315e-10
3.63089e-10
3.03404e-10
2.51691e-10
2.07192e-10
1.69165e-10
1.36897e-10
1.0971e-10
8.6975e-11
6.81138e-11
5.25944e-11
3.99341e-11
2.97041e-11
2.15286e-11
1.50802e-11
1.00695e-11
6.24524e-12
3.38957e-12
1.31357e-12
0
0
0
0
0
0
0
0
0
0
0
0
0
0
0
0
0
0
0
0
0
0
0
0
0
0
0
0
0
0
0
0
0
0
0
0
0
0
0
0
0
0
0
0
0
0
0
0
0
0
0
0
0
0
0
0
0
0
0
0
0
0
0
0
0
0
0
0
0
0
0
0
0
0
0
0
0
0
0
0
0
0
0
0
0
0
0
9.9968e-09
0
0
0
0
0
0
0
0
0
0
9.50439e-07
4.557e-06
1.32315e-05
3.08852e-05
5.71745e-05
2.15203e-05
0
0
0
0
0
0
2.88258e-07
9.54059e-07
8.61056e-08
0
0
1.83802e-07
2.06063e-07
1.49393e-07
1.05672e-07
8.49915e-08
7.86685e-08
7.61087e-08
7.09399e-08
6.19707e-08
5.13708e-08
4.13782e-08
3.29736e-08
2.61949e-08
2.10137e-08
1.72847e-08
1.46289e-08
1.25964e-08
1.09621e-08
9.62644e-09
8.46721e-09
7.43219e-09
6.50513e-09
5.67391e-09
4.9305e-09
4.26924e-09
3.68625e-09
3.17908e-09
2.74563e-09
2.38078e-09
2.07822e-09
1.82663e-09
1.61612e-09
1.43917e-09
1.28911e-09
1.16031e-09
1.04822e-09
9.49371e-10
8.61162e-10
7.81721e-10
7.09667e-10
6.43769e-10
5.81779e-10
5.21939e-10
4.64529e-10
4.1011e-10
3.5916e-10
3.12011e-10
2.68854e-10
2.29758e-10
1.94692e-10
1.63539e-10
1.36123e-10
1.12219e-10
9.157e-11
7.38997e-11
5.89232e-11
4.63518e-11
3.59011e-11
2.73043e-11
2.03153e-11
1.4707e-11
1.02707e-11
6.82024e-12
4.1834e-12
2.21504e-12
7.89245e-13
0
0
0
0
0
0
0
0
0
0
0
0
0
0
0
0
0
0
0
0
0
0
0
0
0
0
0
0
0
0
0
0
0
0
0
0
0
0
0
0
0
0
0
0
0
0
0
0
0
0
0
0
0
0
0
0
0
0
0
0
0
0
0
0
0
0
0
0
0
0
0
0
0
0
0
0
0
0
0
0
0
0
0
0
0
1.22364e-09
4.08259e-08
5.67088e-08
6.6439e-08
6.86763e-08
5.81288e-08
2.09009e-08
0
0
0
0
0
0
0
0
0
0
0
0
0
0
0
0
0
0
7.16419e-07
3.45631e-08
0
0
8.64723e-08
1.22803e-07
8.17178e-08
4.82538e-08
3.27066e-08
3.04889e-08
3.54372e-08
3.98333e-08
3.97792e-08
3.54232e-08
2.92347e-08
2.32804e-08
1.84038e-08
1.45936e-08
1.16426e-08
9.49863e-09
8.02604e-09
6.8966e-09
5.95934e-09
5.17836e-09
4.51141e-09
3.92837e-09
3.41609e-09
2.9666e-09
2.5732e-09
2.22905e-09
1.92701e-09
1.66017e-09
1.42491e-09
1.21908e-09
1.04193e-09
8.91948e-10
7.66385e-10
6.6194e-10
5.75224e-10
5.03005e-10
4.42367e-10
3.90841e-10
3.46415e-10
3.07517e-10
2.72965e-10
2.41912e-10
2.13776e-10
1.88168e-10
1.6483e-10
1.43586e-10
1.24305e-10
1.06878e-10
9.12114e-11
7.72125e-11
6.47858e-11
5.38335e-11
4.42532e-11
3.59398e-11
2.87877e-11
2.26907e-11
1.75437e-11
1.32432e-11
9.69319e-12
6.80528e-12
4.49891e-12
2.69563e-12
1.32581e-12
3.16223e-13
0
0
0
0
0
0
0
0
0
0
0
0
0
0
0
0
0
0
0
0
0
0
0
0
0
0
0
0
0
0
0
0
0
0
0
0
0
0
0
0
0
0
0
0
0
0
0
0
0
0
0
0
0
0
0
0
0
0
0
0
0
0
0
0
0
0
0
0
0
0
0
0
0
0
0
0
0
0
0
0
0
0
0
0
0
0
4.09125e-10
6.81776e-09
5.51721e-08
9.09713e-08
1.24872e-07
1.61663e-07
2.07602e-07
2.63666e-07
3.07388e-07
3.39665e-07
3.29907e-07
1.84741e-07
0
0
0
0
0
0
0
0
0
0
2.76129e-06
4.72544e-06
2.56452e-06
1.79248e-06
8.88865e-07
0
0
0
7.15246e-08
5.96397e-08
2.52791e-08
6.38174e-09
0
0
3.2506e-09
1.17357e-08
1.79919e-08
1.97764e-08
1.80047e-08
1.47744e-08
1.15876e-08
9.03881e-09
7.15101e-09
5.73382e-09
4.67486e-09
3.9534e-09
3.43074e-09
2.98923e-09
2.60578e-09
2.26925e-09
1.97137e-09
1.70737e-09
1.47427e-09
1.26951e-09
1.09023e-09
9.33275e-10
7.9548e-10
6.73574e-10
5.65971e-10
4.72598e-10
3.92971e-10
3.25881e-10
2.70011e-10
2.23984e-10
1.86351e-10
1.55704e-10
1.30753e-10
1.10373e-10
9.36038e-11
7.96493e-11
6.78717e-11
5.77897e-11
4.90543e-11
4.14164e-11
3.47027e-11
2.8792e-11
2.36022e-11
1.9065e-11
1.51311e-11
1.17466e-11
8.87089e-12
6.45931e-12
4.46752e-12
2.85027e-12
1.56337e-12
5.6427e-13
0
0
0
0
0
0
0
0
0
0
0
0
0
0
0
0
0
0
0
0
0
0
0
0
0
0
0
0
0
0
0
0
0
0
0
0
0
0
0
0
0
0
0
0
0
0
0
0
0
0
0
0
0
0
0
0
0
0
0
0
0
0
0
0
0
0
0
0
0
0
0
0
0
0
0
0
0
0
0
0
0
0
0
0
0
0
0
0
0
0
0
8.67737e-09
1.07818e-08
2.08707e-08
6.06128e-08
1.14626e-07
1.56944e-07
2.05391e-07
2.74737e-07
3.84402e-07
5.05593e-07
6.60299e-07
8.04054e-07
8.66234e-07
7.64427e-07
2.58339e-07
0
0
0
0
0
0
0
2.53865e-05
2.51806e-05
9.1701e-06
3.1187e-06
1.43372e-06
5.74292e-07
0
0
3.92208e-08
6.88849e-08
2.52093e-08
0
0
0
0
0
0
4.5588e-09
9.10103e-09
1.02827e-08
9.26194e-09
7.46462e-09
5.73535e-09
4.3842e-09
3.42349e-09
2.74518e-09
2.24649e-09
1.89852e-09
1.64865e-09
1.44524e-09
1.26712e-09
1.1067e-09
9.61337e-10
8.30289e-10
7.13326e-10
6.09967e-10
5.19275e-10
4.39955e-10
3.70481e-10
3.09145e-10
2.55032e-10
2.08154e-10
1.68031e-10
1.34305e-10
1.06412e-10
8.36874e-11
6.53864e-11
5.07757e-11
3.91999e-11
3.00935e-11
2.29902e-11
1.7487e-11
1.32408e-11
9.95742e-12
7.39717e-12
5.38258e-12
3.77932e-12
2.49562e-12
1.46598e-12
6.50165e-13
1.35632e-14
0
0
0
0
0
0
0
0
0
0
0
0
0
0
0
0
0
0
0
0
0
0
0
0
0
0
0
0
0
0
0
0
0
0
0
0
0
0
0
0
0
0
0
0
0
0
0
0
0
0
0
0
0
0
0
0
0
0
0
0
0
0
0
0
0
0
0
0
0
0
0
0
0
0
0
0
0
0
0
0
0
0
0
0
0
0
0
0
0
0
0
0
0
0
0
0
0
2.78089e-07
1.6474e-07
7.01079e-08
6.74222e-08
1.06991e-07
1.4829e-07
1.93894e-07
2.68368e-07
3.61039e-07
5.07619e-07
6.78455e-07
8.37839e-07
1.01995e-06
1.06581e-06
1.01153e-06
5.60664e-07
0
0
0
0
0
0
7.81056e-06
7.54271e-06
3.41121e-06
1.45361e-06
8.25086e-07
3.85609e-07
1.10548e-07
1.2097e-07
1.42401e-07
6.64984e-08
1.45097e-08
0
0
0
0
0
0
7.6528e-10
4.83515e-09
6.68603e-09
6.56271e-09
5.50028e-09
4.26525e-09
3.19815e-09
2.39228e-09
1.82787e-09
1.44147e-09
1.17075e-09
9.89192e-10
8.59891e-10
7.53021e-10
6.57893e-10
5.7058e-10
4.90384e-10
4.1788e-10
3.53566e-10
2.97374e-10
2.48726e-10
2.06768e-10
1.70535e-10
1.38964e-10
1.112e-10
8.71927e-11
6.71594e-11
5.0814e-11
3.77499e-11
2.75062e-11
1.95925e-11
1.35618e-11
9.03207e-12
5.69898e-12
3.30976e-12
1.65256e-12
5.45841e-13
0
0
0
0
0
0
0
0
0
0
0
0
0
0
0
0
0
0
0
0
0
0
0
0
0
0
0
0
0
0
0
0
0
0
0
0
0
0
0
0
0
0
0
0
0
0
0
0
0
0
0
0
0
0
0
0
0
0
0
0
0
0
0
0
0
0
0
0
0
0
0
0
0
0
0
0
0
0
0
0
0
0
0
0
0
0
0
0
0
0
0
0
0
0
0
0
0
0
0
0
0
0
0
0
4.2317e-06
1.16084e-06
2.79829e-07
9.73446e-08
8.70098e-08
1.01906e-07
1.34309e-07
1.94226e-07
2.59583e-07
3.77454e-07
4.91588e-07
6.2583e-07
7.25523e-07
7.85543e-07
8.43408e-07
6.98831e-07
3.98308e-07
0
0
0
0
0
1.36591e-06
1.38403e-06
7.837e-07
5.55096e-07
3.91232e-07
2.32552e-07
2.37853e-07
2.5563e-07
1.28323e-07
4.98971e-08
1.58803e-08
4.0358e-09
2.03817e-09
1.99184e-09
1.49269e-09
2.10007e-09
3.77206e-09
5.6295e-09
7.28012e-09
7.80638e-09
7.01948e-09
5.60834e-09
4.20518e-09
3.0649e-09
2.2206e-09
1.62825e-09
1.22448e-09
9.48215e-10
7.54291e-10
6.20397e-10
5.27269e-10
4.549e-10
3.92055e-10
3.34388e-10
2.81357e-10
2.33788e-10
1.92323e-10
1.56928e-10
1.27051e-10
1.01937e-10
8.08317e-11
6.30997e-11
4.81737e-11
3.54497e-11
2.48301e-11
1.63417e-11
9.90489e-12
5.22109e-12
1.94948e-12
0
0
0
0
0
0
0
0
0
0
0
0
0
0
0
0
0
0
0
0
0
0
0
0
0
0
0
0
0
0
0
0
0
0
0
0
0
0
0
0
0
0
0
0
0
0
0
0
0
0
0
0
0
0
0
0
0
0
0
0
0
0
0
0
0
0
0
0
0
0
0
0
0
0
0
0
0
0
0
0
0
0
0
0
0
0
0
0
0
0
0
0
0
0
0
0
0
0
0
0
0
0
0
0
0
0
0
0
0
1.22048e-05
2.23473e-06
4.20295e-07
1.16964e-07
4.57396e-08
3.91445e-08
5.36167e-08
8.7424e-08
1.26355e-07
1.92115e-07
2.59482e-07
3.54239e-07
3.89965e-07
4.2323e-07
4.44577e-07
3.89217e-07
3.01782e-07
1.26428e-07
0
0
0
0
2.25722e-07
3.01734e-07
3.18629e-07
2.86276e-07
1.28131e-07
8.84396e-08
4.03731e-07
2.39256e-07
1.06037e-07
5.03684e-08
2.78114e-08
2.06614e-08
2.04942e-08
2.03416e-08
1.82716e-08
1.70049e-08
1.67206e-08
1.61667e-08
1.53005e-08
1.33721e-08
1.07241e-08
7.98099e-09
5.65908e-09
3.90873e-09
2.67654e-09
1.8559e-09
1.33257e-09
1.0003e-09
7.77672e-10
6.17668e-10
5.01195e-10
4.15708e-10
3.49529e-10
2.94002e-10
2.44702e-10
2.00547e-10
1.61913e-10
1.29111e-10
1.01848e-10
7.94054e-11
6.09847e-11
4.59001e-11
3.36072e-11
2.35838e-11
1.53972e-11
8.76892e-12
3.54679e-12
0
0
0
0
0
0
0
0
0
0
0
0
0
0
0
0
0
0
0
0
0
0
0
0
0
0
0
0
0
0
0
0
0
0
0
0
0
0
0
0
0
0
0
0
0
0
0
0
0
0
0
0
0
0
0
0
0
0
0
0
0
0
0
0
0
0
0
0
0
0
0
0
0
0
0
0
0
0
0
0
0
0
0
0
0
0
0
0
0
0
0
0
0
0
0
0
0
0
0
0
0
0
0
0
0
0
0
0
0
0
0
1.32879e-05
2.55927e-06
7.40701e-07
1.97188e-07
1.27506e-08
0
0
0
7.20998e-09
2.86623e-08
5.43407e-08
9.36154e-08
1.04048e-07
1.05948e-07
9.3537e-08
6.37399e-08
1.20921e-08
0
0
0
0
0
1.3437e-07
2.43417e-07
2.2884e-07
0
0
2.57927e-07
3.75961e-07
1.64888e-07
8.65414e-08
5.45957e-08
4.2347e-08
3.97455e-08
4.04438e-08
3.9445e-08
3.62174e-08
3.33483e-08
3.13617e-08
2.91823e-08
2.66478e-08
2.25125e-08
1.7092e-08
1.22411e-08
8.46201e-09
5.74228e-09
3.84437e-09
2.55332e-09
1.72141e-09
1.21905e-09
9.22806e-10
7.30577e-10
5.88251e-10
4.77945e-10
3.92726e-10
3.25837e-10
2.70573e-10
2.22617e-10
1.80505e-10
1.44313e-10
1.1415e-10
8.95138e-11
6.94734e-11
5.30962e-11
3.97003e-11
2.88323e-11
2.00521e-11
1.29516e-11
7.24465e-12
2.73259e-12
0
0
0
0
0
0
0
0
0
0
0
0
0
0
0
0
0
0
0
0
0
0
0
0
0
0
0
0
0
0
0
0
0
0
0
0
0
0
0
0
0
0
0
0
0
0
0
0
0
0
0
0
0
0
0
0
0
0
0
0
0
0
0
0
0
0
0
0
0
0
0
0
0
0
0
0
0
0
0
0
0
0
0
0
0
0
0
0
0
0
0
0
0
0
0
0
0
0
0
0
0
0
0
0
0
0
0
0
0
0
5.35297e-06
1.71351e-06
4.95386e-07
5.55769e-08
0
0
0
0
0
0
0
0
0
0
0
0
0
0
0
0
0
3.4806e-09
1.21796e-07
4.6549e-08
0
0
0
5.77514e-07
2.36973e-07
1.32092e-07
8.55009e-08
6.65676e-08
6.10158e-08
6.09639e-08
6.08728e-08
5.79809e-08
5.38405e-08
5.0028e-08
4.65507e-08
4.29756e-08
3.91725e-08
3.38303e-08
2.54293e-08
1.78931e-08
1.2139e-08
8.12881e-09
5.44264e-09
3.63358e-09
2.41191e-09
1.62317e-09
1.14844e-09
8.78348e-10
7.07825e-10
5.80521e-10
4.77691e-10
3.94923e-10
3.2864e-10
2.73887e-10
2.26623e-10
1.85133e-10
1.49407e-10
1.19716e-10
9.56945e-11
7.63433e-11
6.05128e-11
4.73438e-11
3.63769e-11
2.73515e-11
1.99814e-11
1.39642e-11
9.08111e-12
5.16784e-12
2.10533e-12
0
0
0
0
0
0
0
0
0
0
0
0
0
0
0
0
0
0
0
0
0
0
0
0
0
0
0
0
0
0
0
0
0
0
0
0
0
0
0
0
0
0
0
0
0
0
0
0
0
0
0
0
0
0
0
0
0
0
0
0
0
0
0
0
0
0
0
0
0
0
0
0
0
0
0
0
0
0
0
0
0
0
0
0
0
0
0
0
0
0
0
0
0
0
0
0
0
0
0
0
0
0
0
0
0
0
0
5.0833e-07
0
0
0
0
0
0
0
0
0
0
0
0
0
0
0
0
0
0
0
0
0
0
0
0
0
4.95636e-07
2.86664e-07
1.66696e-07
1.09771e-07
8.58536e-08
7.86727e-08
7.78295e-08
7.742e-08
7.52549e-08
7.12167e-08
6.75069e-08
6.41408e-08
6.03557e-08
5.62838e-08
5.19298e-08
4.58307e-08
3.50569e-08
2.45903e-08
1.6618e-08
1.0999e-08
7.26789e-09
4.84927e-09
3.25222e-09
2.1814e-09
1.48462e-09
1.06176e-09
8.20544e-10
6.71872e-10
5.62383e-10
4.71907e-10
3.96083e-10
3.33488e-10
2.81373e-10
2.36461e-10
1.96698e-10
1.61723e-10
1.32017e-10
1.07788e-10
8.8469e-11
7.29197e-11
5.99847e-11
4.89016e-11
3.93584e-11
3.12755e-11
2.45433e-11
1.89447e-11
1.43036e-11
1.04757e-11
7.34278e-12
4.81328e-12
2.83067e-12
1.32274e-12
2.10283e-13
0
0
0
0
0
0
0
0
0
0
0
0
0
0
0
0
0
0
0
0
0
0
0
0
0
0
0
0
0
0
0
0
0
0
0
0
0
0
0
0
0
0
0
0
0
0
0
0
0
0
0
0
0
0
0
0
0
0
0
0
0
0
0
0
0
0
0
0
0
0
0
0
0
0
0
0
0
0
0
0
0
0
0
0
0
0
0
0
0
0
0
0
0
0
0
0
0
0
0
0
0
8.63338e-07
0
0
0
0
0
0
0
0
0
0
0
0
0
0
0
0
0
0
0
0
0
0
0
4.00308e-08
2.32153e-07
2.88015e-07
1.79671e-07
1.23351e-07
9.84236e-08
9.31488e-08
9.38078e-08
9.30056e-08
9.07599e-08
8.77937e-08
8.46117e-08
8.07224e-08
7.63031e-08
7.19168e-08
6.77352e-08
6.35333e-08
5.71466e-08
4.4934e-08
3.14407e-08
2.1307e-08
1.41309e-08
9.27123e-09
6.11038e-09
4.07477e-09
2.73812e-09
1.85692e-09
1.28994e-09
9.45369e-10
7.42846e-10
6.16881e-10
5.25786e-10
4.50014e-10
3.83727e-10
3.26547e-10
2.78373e-10
2.37582e-10
2.01891e-10
1.69924e-10
1.41655e-10
1.17669e-10
9.82333e-11
8.28584e-11
7.04907e-11
6.00392e-11
5.07958e-11
4.25083e-11
3.52198e-11
2.89751e-11
2.37071e-11
1.92502e-11
1.54849e-11
1.2307e-11
9.63093e-12
7.40532e-12
5.59157e-12
4.13424e-12
2.97382e-12
2.06045e-12
1.34957e-12
8.02071e-13
3.85177e-13
7.18616e-14
0
0
0
0
0
0
0
0
0
0
0
0
0
0
0
0
0
0
0
0
0
0
0
0
0
0
0
0
0
0
0
0
0
0
0
0
0
0
0
0
0
0
0
0
0
0
0
0
0
0
0
0
0
0
0
0
0
0
0
0
0
0
0
0
0
0
0
0
0
0
0
0
0
0
0
0
0
0
0
0
0
0
0
0
0
0
0
0
0
0
0
0
0
6.77223e-07
6.12276e-08
0
0
0
0
0
0
0
0
0
0
0
0
0
0
0
0
0
0
0
0
0
1.56376e-08
8.67585e-08
2.14819e-07
1.69214e-07
1.24622e-07
1.01607e-07
9.87515e-08
1.04218e-07
1.0406e-07
1.00201e-07
9.74653e-08
9.55352e-08
9.16211e-08
8.69069e-08
8.21751e-08
7.88228e-08
7.52287e-08
7.14621e-08
6.54608e-08
5.30016e-08
3.71467e-08
2.51826e-08
1.67528e-08
1.09916e-08
7.18773e-09
4.74041e-09
3.15907e-09
2.12436e-09
1.45766e-09
1.04643e-09
7.9681e-10
6.41978e-10
5.39781e-10
4.65669e-10
4.048e-10
3.49916e-10
2.99958e-10
2.56586e-10
2.20528e-10
1.9034e-10
1.63847e-10
1.3985e-10
1.18402e-10
1.00098e-10
8.52634e-11
7.35651e-11
6.41525e-11
5.61049e-11
4.88064e-11
4.20317e-11
3.58322e-11
3.03489e-11
2.56293e-11
2.15907e-11
1.81231e-11
1.51397e-11
1.25662e-11
1.0353e-11
8.47611e-12
6.91312e-12
5.62642e-12
4.56599e-12
3.693e-12
2.97466e-12
2.38415e-12
1.90068e-12
1.50542e-12
1.18126e-12
9.14626e-13
6.94927e-13
5.14027e-13
3.65496e-13
2.43801e-13
1.44688e-13
6.46115e-14
0
0
0
0
0
0
0
0
0
0
0
0
0
0
0
0
0
0
0
0
0
0
0
0
0
0
0
0
0
0
0
0
0
0
0
0
0
0
0
0
0
0
0
0
0
0
0
0
0
0
0
0
0
0
0
0
0
0
0
0
0
0
0
0
0
0
0
0
0
0
0
0
0
0
0
0
0
0
0
0
0
0
5.54716e-08
0
0
0
0
0
0
0
0
0
0
0
0
0
0
0
0
0
0
0
0
0
0
0
1.30686e-07
1.37539e-07
1.0999e-07
9.35866e-08
9.35517e-08
1.04435e-07
1.06502e-07
1.02182e-07
9.90305e-08
9.72937e-08
9.51821e-08
9.09175e-08
8.67249e-08
8.23589e-08
8.06537e-08
7.78813e-08
7.47756e-08
6.9441e-08
5.75074e-08
4.07177e-08
2.77284e-08
1.85357e-08
1.21999e-08
7.94345e-09
5.18071e-09
3.41418e-09
2.27326e-09
1.53218e-09
1.06501e-09
7.92016e-10
6.31628e-10
5.25946e-10
4.49075e-10
3.91096e-10
3.44466e-10
3.02468e-10
2.62474e-10
2.2583e-10
1.94666e-10
1.69264e-10
1.48055e-10
1.29263e-10
1.12061e-10
9.6559e-11
8.32237e-11
7.23169e-11
6.36296e-11
5.65745e-11
5.04874e-11
4.48872e-11
3.9566e-11
3.45315e-11
2.99108e-11
2.58135e-11
2.22651e-11
1.91891e-11
1.65111e-11
1.41673e-11
1.2109e-11
1.03005e-11
8.73305e-12
7.39639e-12
6.26582e-12
5.30943e-12
4.50409e-12
3.82747e-12
3.2575e-12
2.7756e-12
2.36719e-12
2.02073e-12
1.72697e-12
1.47766e-12
1.26559e-12
1.08448e-12
9.2941e-13
7.96879e-13
6.84004e-13
5.87288e-13
5.03413e-13
4.30182e-13
3.66635e-13
3.12375e-13
2.63764e-13
2.19109e-13
1.80268e-13
1.45756e-13
1.13165e-13
8.47375e-14
6.08257e-14
3.78025e-14
2.15108e-14
0
0
0
0
0
0
0
0
0
0
0
0
0
0
0
0
0
0
0
0
0
0
0
0
0
0
0
0
0
0
0
0
0
0
0
0
0
0
0
0
0
0
0
0
0
0
0
0
0
0
0
0
0
0
0
0
0
0
0
0
0
0
0
0
0
2.4627e-09
0
0
0
0
0
0
0
0
0
0
0
0
0
0
0
0
0
0
0
0
0
0
6.76805e-08
9.51114e-08
8.60212e-08
7.73958e-08
8.13393e-08
9.70216e-08
1.01753e-07
9.92247e-08
9.64758e-08
9.52808e-08
9.39021e-08
9.12767e-08
8.70803e-08
8.27202e-08
7.8555e-08
7.75678e-08
7.55493e-08
7.33245e-08
6.92208e-08
5.89451e-08
4.22692e-08
2.89164e-08
1.94141e-08
1.28465e-08
8.36181e-09
5.39471e-09
3.49945e-09
2.30478e-09
1.54892e-09
1.06105e-09
7.53839e-10
5.76033e-10
4.75729e-10
4.08353e-10
3.54033e-10
3.09587e-10
2.73933e-10
2.43346e-10
2.14576e-10
1.87231e-10
1.62735e-10
1.42183e-10
1.25314e-10
1.10998e-10
9.81985e-11
8.64731e-11
7.58951e-11
6.67251e-11
5.91048e-11
5.29105e-11
4.77965e-11
4.33513e-11
3.92449e-11
3.52982e-11
3.14762e-11
2.78408e-11
2.45e-11
2.15223e-11
1.89144e-11
1.66154e-11
1.45803e-11
1.2767e-11
1.11455e-11
9.69473e-12
8.40849e-12
7.28194e-12
6.30587e-12
5.46542e-12
4.73965e-12
4.11256e-12
3.57176e-12
3.10623e-12
2.70538e-12
2.3595e-12
2.06105e-12
1.80384e-12
1.58172e-12
1.38908e-12
1.22185e-12
1.07582e-12
9.47953e-13
8.35489e-13
7.35312e-13
6.45278e-13
5.6557e-13
4.95579e-13
4.32179e-13
3.73887e-13
3.21428e-13
2.74222e-13
2.28778e-13
1.88696e-13
1.50927e-13
1.20759e-13
1.02016e-13
8.00773e-14
5.69587e-14
3.41821e-14
1.57209e-14
4.08187e-16
0
0
0
0
0
0
0
0
0
0
0
0
0
0
0
0
0
0
0
0
0
0
0
0
0
0
0
0
0
0
0
0
0
0
0
0
0
0
0
0
0
0
0
0
0
0
0
0
0
0
0
0
0
0
0
0
0
0
0
6.99622e-11
8.76817e-10
1.9327e-09
0
0
0
0
0
0
0
0
0
0
0
0
0
0
0
0
0
2.77159e-08
5.00991e-08
5.431e-08
5.4466e-08
6.54418e-08
8.32378e-08
8.87602e-08
8.79166e-08
8.6098e-08
8.5362e-08
8.43736e-08
8.26433e-08
7.95221e-08
7.63093e-08
7.22345e-08
6.94236e-08
6.97688e-08
6.87877e-08
6.75583e-08
6.48823e-08
5.69711e-08
4.17193e-08
2.87345e-08
1.93744e-08
1.28937e-08
8.42881e-09
5.40911e-09
3.44936e-09
2.21941e-09
1.46034e-09
9.99218e-10
7.09987e-10
5.24022e-10
4.11173e-10
3.4731e-10
3.05774e-10
2.7046e-10
2.38253e-10
2.10565e-10
1.87353e-10
1.66993e-10
1.48296e-10
1.312e-10
1.16148e-10
1.03319e-10
9.23982e-11
8.28398e-11
7.422e-11
6.63791e-11
5.93552e-11
5.32394e-11
4.80562e-11
4.37162e-11
4.00366e-11
3.68002e-11
3.3815e-11
3.09508e-11
2.81495e-11
2.54149e-11
2.27965e-11
2.0369e-11
1.81787e-11
1.62342e-11
1.44948e-11
1.29314e-11
1.15219e-11
1.02527e-11
9.10943e-12
8.07184e-12
7.13536e-12
6.29832e-12
5.55572e-12
4.90107e-12
4.32503e-12
3.81809e-12
3.37306e-12
2.9824e-12
2.6389e-12
2.33743e-12
2.07315e-12
1.83941e-12
1.63155e-12
1.44739e-12
1.28487e-12
1.14075e-12
1.01113e-12
8.93726e-13
7.89025e-13
6.96765e-13
6.14557e-13
5.40394e-13
4.71719e-13
4.09759e-13
3.54599e-13
3.07389e-13
2.67222e-13
2.28016e-13
1.93363e-13
1.64668e-13
1.42536e-13
1.21743e-13
1.02048e-13
8.54832e-14
7.14182e-14
5.90319e-14
4.72417e-14
3.47314e-14
2.40237e-14
1.37208e-14
4.95411e-15
0
0
0
0
0
0
0
0
0
0
0
0
0
0
0
0
0
0
0
0
0
0
0
0
0
0
0
0
0
0
0
0
0
0
0
0
0
0
0
0
0
0
0
0
0
0
0
0
3.50926e-09
0
8.40813e-10
2.32977e-10
1.28129e-09
0
0
0
0
0
0
0
0
0
0
0
0
0
0
0
0
6.49727e-09
2.06642e-08
2.90114e-08
3.84153e-08
5.39405e-08
6.82485e-08
7.23948e-08
7.3354e-08
7.37612e-08
7.46113e-08
7.4389e-08
7.3299e-08
7.16111e-08
6.94731e-08
6.67887e-08
6.27349e-08
6.0508e-08
6.13798e-08
6.10737e-08
6.05802e-08
5.90287e-08
5.3099e-08
3.9882e-08
2.77586e-08
1.88244e-08
1.25863e-08
8.27279e-09
5.31408e-09
3.3551e-09
2.11703e-09
1.35419e-09
8.90535e-10
6.17766e-10
4.59964e-10
3.56544e-10
2.85879e-10
2.42289e-10
2.16146e-10
1.96136e-10
1.76749e-10
1.5789e-10
1.40608e-10
1.25429e-10
1.12306e-10
1.00906e-10
9.09899e-11
8.2368e-11
7.47777e-11
6.79534e-11
6.17327e-11
5.60671e-11
5.09656e-11
4.64387e-11
4.24738e-11
3.90317e-11
3.60476e-11
3.34362e-11
3.11013e-11
2.89473e-11
2.68922e-11
2.48795e-11
2.28852e-11
2.09159e-11
1.90051e-11
1.72046e-11
1.55495e-11
1.40555e-11
1.27061e-11
1.14792e-11
1.03635e-11
9.34496e-12
8.41877e-12
7.57913e-12
6.81337e-12
6.11286e-12
5.47739e-12
4.90734e-12
4.39782e-12
3.9425e-12
3.53541e-12
3.17009e-12
2.84181e-12
2.54844e-12
2.2867e-12
2.05057e-12
1.83561e-12
1.64117e-12
1.46847e-12
1.31632e-12
1.17858e-12
1.04987e-12
9.31263e-13
8.24713e-13
7.31932e-13
6.51391e-13
5.79956e-13
5.15466e-13
4.55303e-13
4.01285e-13
3.5404e-13
3.13848e-13
2.79643e-13
2.51822e-13
2.29814e-13
2.10364e-13
1.91952e-13
1.74205e-13
1.56928e-13
1.42265e-13
1.27315e-13
1.12742e-13
9.8783e-14
8.52062e-14
7.18932e-14
5.87486e-14
4.5645e-14
3.24789e-14
1.91556e-14
5.52987e-15
0
0
0
0
0
0
0
0
0
0
0
0
0
0
0
0
0
0
0
0
0
0
0
0
0
0
0
0
0
0
0
0
0
0
0
0
0
0
0
0
1.64372e-08
6.70568e-10
0
0
0
0
0
0
0
0
0
0
0
0
0
0
0
0
0
0
1.71359e-09
9.30539e-09
1.81906e-08
2.9525e-08
4.06212e-08
4.87058e-08
5.40011e-08
5.79561e-08
6.18788e-08
6.38848e-08
6.37033e-08
6.18878e-08
6.04263e-08
5.96034e-08
5.83589e-08
5.58866e-08
5.21079e-08
5.07514e-08
5.22567e-08
5.26275e-08
5.272e-08
5.20677e-08
4.80664e-08
3.72204e-08
2.61758e-08
1.78553e-08
1.19742e-08
7.90043e-09
5.09152e-09
3.20326e-09
1.99379e-09
1.25121e-09
8.03843e-10
5.3356e-10
3.73474e-10
2.86954e-10
2.35377e-10
1.95864e-10
1.65912e-10
1.46032e-10
1.33338e-10
1.23494e-10
1.14147e-10
1.03799e-10
9.33654e-11
8.3728e-11
7.53297e-11
6.84047e-11
6.2784e-11
5.80154e-11
5.36848e-11
4.95977e-11
4.57449e-11
4.21833e-11
3.89587e-11
3.60883e-11
3.35611e-11
3.13444e-11
2.93916e-11
2.76467e-11
2.60511e-11
2.45506e-11
2.31024e-11
2.16769e-11
2.02574e-11
1.88377e-11
1.74203e-11
1.60204e-11
1.46695e-11
1.33975e-11
1.22234e-11
1.11544e-11
1.01735e-11
9.2687e-12
8.43705e-12
7.67224e-12
6.96898e-12
6.32462e-12
5.73498e-12
5.19424e-12
4.69785e-12
4.24481e-12
3.83503e-12
3.46383e-12
3.12508e-12
2.81559e-12
2.53588e-12
2.28491e-12
2.05779e-12
1.84886e-12
1.65512e-12
1.47783e-12
1.31998e-12
1.18021e-12
1.0547e-12
9.39684e-13
8.34116e-13
7.39298e-13
6.54856e-13
5.81182e-13
5.18615e-13
4.67012e-13
4.24588e-13
3.88149e-13
3.54377e-13
3.21017e-13
2.88326e-13
2.57434e-13
2.28861e-13
2.03458e-13
1.79806e-13
1.57966e-13
1.3796e-13
1.19536e-13
1.02412e-13
8.62762e-14
7.08457e-14
5.59641e-14
4.15173e-14
2.73223e-14
1.30381e-14
0
0
0
0
0
0
0
0
0
0
0
0
0
0
0
0
0
0
0
0
0
0
0
0
0
0
0
0
0
0
0
0
0
0
0
0
0
0
0
0
0
0
0
1.32092e-09
0
0
0
0
0
0
0
0
0
0
0
0
0
0
0
6.69607e-09
1.40231e-08
2.00965e-08
2.57248e-08
3.30985e-08
4.10448e-08
4.80129e-08
5.30726e-08
5.43683e-08
5.27741e-08
4.98402e-08
4.88557e-08
4.91902e-08
4.95753e-08
4.87423e-08
4.61805e-08
4.26607e-08
4.18253e-08
4.35772e-08
4.42534e-08
4.45764e-08
4.44327e-08
4.18835e-08
3.34457e-08
2.38728e-08
1.6409e-08
1.1028e-08
7.28855e-09
4.71549e-09
2.97183e-09
1.83683e-09
1.13357e-09
7.10896e-10
4.61691e-10
3.10118e-10
2.18535e-10
1.68321e-10
1.4246e-10
1.25176e-10
1.09546e-10
9.60365e-11
8.60218e-11
7.89641e-11
7.44332e-11
7.04901e-11
6.62795e-11
6.11043e-11
5.54243e-11
5.02486e-11
4.61161e-11
4.29665e-11
4.04252e-11
3.81423e-11
3.59196e-11
3.36967e-11
3.1517e-11
2.94696e-11
2.76343e-11
2.60536e-11
2.47215e-11
2.35847e-11
2.2565e-11
2.15921e-11
2.06222e-11
1.9638e-11
1.86376e-11
1.76243e-11
1.6602e-11
1.55749e-11
1.45457e-11
1.35198e-11
1.251e-11
1.15358e-11
1.06105e-11
9.7441e-12
8.94843e-12
8.21922e-12
7.54408e-12
6.91764e-12
6.33448e-12
5.79311e-12
5.29288e-12
4.83009e-12
4.40073e-12
4.00429e-12
3.64117e-12
3.30859e-12
3.00155e-12
2.71691e-12
2.45505e-12
2.21651e-12
1.99913e-12
1.7993e-12
1.61458e-12
1.44549e-12
1.29356e-12
1.15891e-12
1.0399e-12
9.33501e-13
8.39063e-13
7.57008e-13
6.86638e-13
6.25251e-13
5.69734e-13
5.18235e-13
4.70196e-13
4.2587e-13
3.8575e-13
3.49679e-13
3.17341e-13
2.87515e-13
2.59732e-13
2.3386e-13
2.09717e-13
1.8706e-13
1.65674e-13
1.45479e-13
1.26519e-13
1.08783e-13
9.20642e-14
7.59034e-14
5.968e-14
4.27119e-14
2.42992e-14
3.71341e-15
0
0
0
0
0
0
0
0
0
0
0
0
0
0
0
0
0
0
0
0
0
0
0
0
0
0
0
0
0
0
0
0
0
0
0
0
0
0
0
0
0
0
0
0
0
0
0
0
0
0
0
0
0
0
5.19015e-09
1.01639e-08
1.47521e-08
2.03132e-08
2.72156e-08
3.4534e-08
4.00098e-08
4.18867e-08
4.13699e-08
3.92366e-08
3.74205e-08
3.70788e-08
3.82939e-08
3.95495e-08
3.96566e-08
3.81875e-08
3.5579e-08
3.28325e-08
3.29227e-08
3.47984e-08
3.55868e-08
3.5928e-08
3.59992e-08
3.46095e-08
2.86219e-08
2.07648e-08
1.43982e-08
9.69569e-09
6.40559e-09
4.15551e-09
2.63239e-09
1.62719e-09
9.92965e-10
6.08361e-10
3.78552e-10
2.44753e-10
1.66284e-10
1.19257e-10
9.24014e-11
7.77955e-11
7.02635e-11
6.50044e-11
5.96474e-11
5.42846e-11
4.95952e-11
4.60366e-11
4.33833e-11
4.18133e-11
4.03977e-11
3.85433e-11
3.63106e-11
3.39246e-11
3.17659e-11
3.00041e-11
2.85958e-11
2.73658e-11
2.61541e-11
2.48894e-11
2.35813e-11
2.23026e-11
2.11517e-11
2.01986e-11
1.94479e-11
1.88471e-11
1.83214e-11
1.7804e-11
1.72489e-11
1.66335e-11
1.59562e-11
1.52282e-11
1.4463e-11
1.36748e-11
1.288e-11
1.20941e-11
1.13245e-11
1.05707e-11
9.83451e-12
9.1234e-12
8.44089e-12
7.79377e-12
7.19375e-12
6.63456e-12
6.11039e-12
5.61898e-12
5.16007e-12
4.73313e-12
4.33514e-12
3.96305e-12
3.61684e-12
3.29666e-12
3.00023e-12
2.7235e-12
2.46361e-12
2.22137e-12
2.0004e-12
1.80274e-12
1.62606e-12
1.46548e-12
1.31817e-12
1.18443e-12
1.06617e-12
9.63951e-13
8.76088e-13
7.99562e-13
7.311e-13
6.68006e-13
6.08522e-13
5.52417e-13
5.00467e-13
4.53026e-13
4.09897e-13
3.70386e-13
3.34157e-13
3.01068e-13
2.70791e-13
2.42848e-13
2.16889e-13
1.92853e-13
1.70843e-13
1.50817e-13
1.32477e-13
1.15256e-13
9.84263e-14
8.12341e-14
6.29281e-14
4.27776e-14
1.99674e-14
0
0
0
0
0
0
0
0
0
0
0
0
0
0
0
0
0
0
0
0
0
0
0
0
0
0
0
0
0
0
0
0
0
0
0
0
0
0
0
0
0
0
0
0
0
0
0
0
0
0
0
2.53325e-09
6.20012e-09
9.5096e-09
1.29136e-08
1.70867e-08
2.19771e-08
2.61482e-08
2.78899e-08
2.76568e-08
2.70637e-08
2.68954e-08
2.70172e-08
2.75246e-08
2.86738e-08
2.96555e-08
2.98838e-08
2.90375e-08
2.75304e-08
2.56634e-08
2.40764e-08
2.46979e-08
2.63184e-08
2.69199e-08
2.70175e-08
2.69985e-08
2.62962e-08
2.24641e-08
1.66356e-08
1.16693e-08
7.88517e-09
5.20494e-09
3.38141e-09
2.15635e-09
1.34106e-09
8.15036e-10
4.90935e-10
2.97232e-10
1.82473e-10
1.1569e-10
7.76304e-11
5.66549e-11
4.54468e-11
3.94086e-11
3.58632e-11
3.3386e-11
3.15367e-11
3.0226e-11
2.89645e-11
2.76435e-11
2.64223e-11
2.53912e-11
2.44565e-11
2.37183e-11
2.31857e-11
2.25216e-11
2.16683e-11
2.08079e-11
2.01101e-11
1.96139e-11
1.92354e-11
1.88473e-11
1.83706e-11
1.77944e-11
1.71727e-11
1.65905e-11
1.61095e-11
1.57402e-11
1.54511e-11
1.5193e-11
1.49194e-11
1.45973e-11
1.42094e-11
1.37516e-11
1.32301e-11
1.26594e-11
1.2057e-11
1.14374e-11
1.08122e-11
1.01908e-11
9.58137e-12
8.98992e-12
8.41357e-12
7.8491e-12
7.30619e-12
6.78691e-12
6.29087e-12
5.8192e-12
5.37196e-12
4.94945e-12
4.55315e-12
4.18291e-12
3.83471e-12
3.50429e-12
3.19171e-12
2.89972e-12
2.63062e-12
2.38472e-12
2.16027e-12
1.95387e-12
1.76306e-12
1.58862e-12
1.43295e-12
1.29681e-12
1.17897e-12
1.07658e-12
9.85771e-13
9.02056e-13
8.22421e-13
7.46362e-13
6.7537e-13
6.10868e-13
5.53014e-13
5.01112e-13
4.54223e-13
4.11719e-13
3.73081e-13
3.37626e-13
3.04692e-13
2.74051e-13
2.45919e-13
2.20597e-13
1.98079e-13
1.77986e-13
1.59601e-13
1.42069e-13
1.24542e-13
1.06228e-13
8.63838e-14
6.42624e-14
3.8995e-14
9.47388e-15
0
0
0
0
0
0
0
0
0
0
0
0
0
0
0
0
0
0
0
0
0
0
0
0
0
0
0
0
0
0
0
0
0
0
0
0
0
0
0
0
0
0
0
0
0
0
3.74294e-10
4.68963e-09
7.65149e-09
9.73262e-09
1.13369e-08
1.27824e-08
1.43067e-08
1.5911e-08
1.7137e-08
1.73335e-08
1.70177e-08
1.7107e-08
1.76409e-08
1.79343e-08
1.79978e-08
1.83124e-08
1.87928e-08
1.9077e-08
1.88286e-08
1.82494e-08
1.77227e-08
1.70108e-08
1.6144e-08
1.66197e-08
1.77201e-08
1.80481e-08
1.78124e-08
1.74996e-08
1.71205e-08
1.5122e-08
1.14832e-08
8.17475e-09
5.55099e-09
3.65989e-09
2.37754e-09
1.5273e-09
9.61236e-10
5.87209e-10
3.49719e-10
2.06731e-10
1.23159e-10
7.44188e-11
4.65317e-11
3.10635e-11
2.28637e-11
1.88291e-11
1.69732e-11
1.61015e-11
1.56377e-11
1.53348e-11
1.50948e-11
1.49035e-11
1.47439e-11
1.46752e-11
1.46714e-11
1.46025e-11
1.44961e-11
1.4466e-11
1.44918e-11
1.44832e-11
1.43878e-11
1.42149e-11
1.39947e-11
1.37663e-11
1.35874e-11
1.34671e-11
1.33716e-11
1.32883e-11
1.32207e-11
1.31722e-11
1.31383e-11
1.31038e-11
1.30509e-11
1.2964e-11
1.28284e-11
1.26305e-11
1.23632e-11
1.20299e-11
1.1641e-11
1.12079e-11
1.07429e-11
1.0259e-11
9.76648e-12
9.27095e-12
8.77313e-12
8.27412e-12
7.77903e-12
7.29388e-12
6.82055e-12
6.36125e-12
5.91854e-12
5.49494e-12
5.09115e-12
4.70502e-12
4.33465e-12
3.98075e-12
3.64666e-12
3.33393e-12
3.04178e-12
2.7698e-12
2.51865e-12
2.28723e-12
2.07366e-12
1.87832e-12
1.70331e-12
1.54929e-12
1.41468e-12
1.29584e-12
1.18763e-12
1.08576e-12
9.88878e-13
8.98184e-13
8.15151e-13
7.40125e-13
6.72544e-13
6.11592e-13
5.56495e-13
5.06677e-13
4.61462e-13
4.19938e-13
3.81425e-13
3.45971e-13
3.14094e-13
2.862e-13
2.62212e-13
2.41598e-13
2.23494e-13
2.06947e-13
1.91026e-13
1.75011e-13
1.58188e-13
1.40029e-13
1.19952e-13
9.72691e-14
7.10788e-14
3.96872e-14
2.89044e-16
0
0
0
0
0
0
0
0
0
0
0
0
0
0
0
0
0
0
0
0
0
0
0
0
0
0
0
0
0
0
0
0
0
0
0
0
0
0
0
0
7.48914e-09
1.27156e-08
1.49863e-08
1.55383e-08
1.50385e-08
1.3845e-08
1.22624e-08
1.05384e-08
8.91021e-09
7.67167e-09
6.91297e-09
6.57366e-09
6.88737e-09
7.9923e-09
9.19074e-09
9.70558e-09
9.73256e-09
9.82918e-09
1.01531e-08
1.04304e-08
1.03381e-08
9.9707e-09
9.94757e-09
1.01706e-08
9.81126e-09
8.99547e-09
9.08506e-09
9.80023e-09
1.00176e-08
9.5264e-09
8.83926e-09
8.46146e-09
7.73502e-09
6.10533e-09
4.45603e-09
3.05598e-09
2.01577e-09
1.30925e-09
8.4912e-10
5.4623e-10
3.41757e-10
2.05656e-10
1.20092e-10
6.97328e-11
4.11892e-11
2.48565e-11
1.55226e-11
1.03602e-11
7.73925e-12
6.65804e-12
6.38623e-12
6.45564e-12
6.63804e-12
6.85989e-12
7.09139e-12
7.33534e-12
7.59416e-12
7.83791e-12
8.11699e-12
8.42791e-12
8.7131e-12
8.9672e-12
9.22247e-12
9.4916e-12
9.78263e-12
1.00688e-11
1.03137e-11
1.04984e-11
1.06048e-11
1.06524e-11
1.06955e-11
1.0768e-11
1.08821e-11
1.10411e-11
1.12196e-11
1.13784e-11
1.14923e-11
1.1553e-11
1.1555e-11
1.14918e-11
1.13606e-11
1.1162e-11
1.09023e-11
1.05943e-11
1.02521e-11
9.88352e-12
9.49039e-12
9.07385e-12
8.63843e-12
8.19056e-12
7.73784e-12
7.28832e-12
6.84688e-12
6.41688e-12
6.00109e-12
5.60011e-12
5.21202e-12
4.83447e-12
4.46907e-12
4.11862e-12
3.78405e-12
3.46635e-12
3.16901e-12
2.89379e-12
2.638e-12
2.39887e-12
2.17854e-12
1.9808e-12
1.80628e-12
1.65177e-12
1.51217e-12
1.38216e-12
1.25895e-12
1.14282e-12
1.03524e-12
9.36825e-13
8.47461e-13
7.66849e-13
6.94371e-13
6.29151e-13
5.70329e-13
5.16901e-13
4.6771e-13
4.22137e-13
3.80464e-13
3.43338e-13
3.11025e-13
2.83185e-13
2.59024e-13
2.37499e-13
2.17561e-13
1.98204e-13
1.78739e-13
1.58376e-13
1.36605e-13
1.12803e-13
8.63235e-14
5.64103e-14
2.14764e-14
0
0
0
0
8.43526e-14
0
0
0
0
0
0
0
0
0
0
0
0
0
0
0
0
0
0
0
0
0
0
0
0
0
0
0
0
0
0
0
0
0
0
0
0
4.48972e-09
1.06296e-08
1.25512e-08
1.20511e-08
1.02238e-08
7.71865e-09
5.02844e-09
2.65471e-09
1.06248e-09
7.01912e-10
1.85945e-09
4.19855e-09
6.63237e-09
8.18893e-09
8.66985e-09
8.40215e-09
7.72808e-09
6.82592e-09
5.80296e-09
4.71843e-09
3.72527e-09
3.44216e-09
4.15124e-09
4.88947e-09
4.74357e-09
4.0867e-09
4.15927e-09
4.94456e-09
5.34155e-09
4.82205e-09
3.87537e-09
3.31525e-09
3.09898e-09
2.61779e-09
2.00645e-09
1.41077e-09
9.41245e-10
6.1538e-10
4.04651e-10
2.69325e-10
1.77612e-10
1.12918e-10
6.86203e-11
4.04723e-11
2.38242e-11
1.43342e-11
8.81403e-12
5.55436e-12
3.7041e-12
2.80146e-12
2.53934e-12
2.62103e-12
2.82091e-12
3.05992e-12
3.34647e-12
3.64683e-12
3.95818e-12
4.25862e-12
4.59647e-12
4.96428e-12
5.35136e-12
5.75988e-12
6.19462e-12
6.5983e-12
7.00951e-12
7.37501e-12
7.72005e-12
8.04655e-12
8.33289e-12
8.60158e-12
8.82159e-12
8.99663e-12
9.14323e-12
9.28776e-12
9.44988e-12
9.61296e-12
9.7494e-12
9.85472e-12
9.93894e-12
1.00011e-11
1.00336e-11
1.00232e-11
9.96185e-12
9.8576e-12
9.72422e-12
9.56633e-12
9.37706e-12
9.14541e-12
8.86356e-12
8.53342e-12
8.17261e-12
7.79349e-12
7.40206e-12
7.00399e-12
6.60574e-12
6.2104e-12
5.81793e-12
5.42998e-12
5.0508e-12
4.68387e-12
4.33073e-12
3.9938e-12
3.67694e-12
3.38039e-12
3.10069e-12
2.83708e-12
2.5941e-12
2.37562e-12
2.18057e-12
2.00443e-12
1.84141e-12
1.68683e-12
1.53952e-12
1.40126e-12
1.27363e-12
1.15674e-12
1.05041e-12
9.54584e-13
8.68577e-13
7.9115e-13
7.20974e-13
6.56664e-13
5.9706e-13
5.42014e-13
4.92409e-13
4.49107e-13
4.12088e-13
3.806e-13
3.53455e-13
3.29371e-13
3.07274e-13
2.86313e-13
2.65821e-13
2.45062e-13
2.23686e-13
2.01194e-13
1.77222e-13
1.51446e-13
1.22375e-13
8.74474e-14
4.1662e-14
0
0
1.51074e-13
1.20194e-15
0
0
0
0
0
0
0
0
0
0
0
0
0
0
0
0
0
0
0
0
0
0
0
0
0
0
0
0
0
0
0
0
0
0
0
0
8.69685e-09
1.5301e-08
1.7833e-08
1.80565e-08
1.69481e-08
1.50527e-08
1.27768e-08
1.06966e-08
9.42658e-09
9.0041e-09
8.80913e-09
8.30216e-09
7.4001e-09
6.21773e-09
4.77746e-09
3.07756e-09
1.29212e-09
0
0
0
0
0
0
0
0
0
0
0
0
0
0
0
0
0
0
0
0
0
0
0
0
0
0
0
0
0
0
0
3.93393e-14
1.23199e-13
1.44749e-13
1.86638e-13
2.56704e-13
3.67514e-13
5.25696e-13
6.97744e-13
8.85332e-13
1.0897e-12
1.30627e-12
1.53029e-12
1.76105e-12
1.99856e-12
2.2382e-12
2.47635e-12
2.70984e-12
2.93713e-12
3.15294e-12
3.36139e-12
3.5561e-12
3.73874e-12
3.91351e-12
4.08396e-12
4.25302e-12
4.42215e-12
4.58925e-12
4.74582e-12
4.88657e-12
5.01611e-12
5.12767e-12
5.22389e-12
5.29912e-12
5.34826e-12
5.37713e-12
5.3967e-12
5.41316e-12
5.42773e-12
5.44175e-12
5.457e-12
5.46734e-12
5.45047e-12
5.3974e-12
5.30729e-12
5.1842e-12
5.03432e-12
4.8619e-12
4.67021e-12
4.46449e-12
4.25047e-12
4.03114e-12
3.80807e-12
3.58518e-12
3.36711e-12
3.15451e-12
2.94588e-12
2.74309e-12
2.5513e-12
2.37381e-12
2.2098e-12
2.05594e-12
1.90691e-12
1.76005e-12
1.618e-12
1.48465e-12
1.36138e-12
1.24759e-12
1.14313e-12
1.0483e-12
9.62767e-13
8.85502e-13
8.15169e-13
7.50203e-13
6.89523e-13
6.33408e-13
5.83303e-13
5.40384e-13
5.04684e-13
4.7538e-13
4.5121e-13
4.30755e-13
4.13064e-13
3.97485e-13
3.83351e-13
3.70233e-13
3.58238e-13
3.47545e-13
3.38728e-13
3.32914e-13
3.3084e-13
3.33061e-13
3.39991e-13
3.48973e-13
3.36506e-13
1.09488e-13
2.94992e-13
2.05336e-13
1.01489e-13
4.7816e-14
2.05197e-14
5.58123e-15
0
0
0
0
0
0
0
0
0
0
0
0
0
0
0
0
0
0
0
0
0
0
0
0
0
0
0
3.37789e-09
2.46745e-08
2.95394e-08
2.77179e-08
2.49317e-08
2.3366e-08
2.32083e-08
2.35092e-08
2.29086e-08
2.01657e-08
1.4999e-08
8.67495e-09
3.06647e-09
0
0
0
0
0
0
0
0
0
0
0
0
0
0
0
0
0
0
0
0
0
0
0
0
0
0
0
0
0
0
0
0
0
0
0
0
0
0
0
0
0
0
0
0
0
0
0
0
0
0
0
0
0
0
0
0
0
0
2.24083e-14
6.07087e-14
1.12652e-13
1.84772e-13
2.73138e-13
3.76025e-13
4.9336e-13
6.24112e-13
7.62577e-13
9.03322e-13
1.04797e-12
1.1893e-12
1.3281e-12
1.45748e-12
1.57714e-12
1.68823e-12
1.79039e-12
1.88551e-12
1.97286e-12
2.05176e-12
2.11963e-12
2.17388e-12
2.21481e-12
2.24086e-12
2.25149e-12
2.24857e-12
2.23237e-12
2.20436e-12
2.16684e-12
2.12258e-12
2.07308e-12
2.01791e-12
1.9566e-12
1.8906e-12
1.82162e-12
1.74954e-12
1.67385e-12
1.59664e-12
1.52152e-12
1.45041e-12
1.38322e-12
1.31785e-12
1.24984e-12
1.17762e-12
1.10404e-12
1.03272e-12
9.64526e-13
8.9865e-13
8.35372e-13
7.76262e-13
7.21977e-13
6.71796e-13
6.2436e-13
5.78298e-13
5.33215e-13
4.90435e-13
4.52065e-13
4.19668e-13
3.93448e-13
3.72169e-13
3.54186e-13
3.38341e-13
3.23464e-13
3.08784e-13
2.94267e-13
2.79579e-13
2.64735e-13
2.49662e-13
2.34502e-13
2.19906e-13
2.05694e-13
1.90358e-13
1.69711e-13
1.28756e-13
7.19883e-15
0
0
1.04459e-14
4.7715e-14
5.15656e-14
5.48302e-14
5.97409e-14
6.71338e-14
7.46008e-14
8.44691e-14
9.24878e-14
1.03875e-13
1.13046e-13
1.24217e-13
1.41139e-13
1.4121e-13
1.62574e-13
1.04927e-13
6.22968e-14
0
0
0
0
0
0
0
0
0
0
0
0
0
8.59775e-08
1.23952e-07
8.12604e-08
3.40007e-08
3.45204e-09
0
0
0
0
2.35788e-09
4.68994e-10
0
0
0
0
0
0
0
0
0
0
0
0
0
0
0
0
0
0
0
0
0
0
0
0
0
0
0
0
0
0
0
0
0
0
0
0
0
0
0
0
0
0
0
0
0
0
0
0
0
0
0
0
0
0
0
0
0
0
0
0
0
0
0
0
0
0
0
0
0
0
0
0
0
0
0
0
0
0
1.29222e-14
3.51764e-14
6.3705e-14
1.0028e-13
1.43313e-13
1.91049e-13
2.4308e-13
2.96478e-13
3.49303e-13
4.01148e-13
4.48544e-13
4.92917e-13
5.33917e-13
5.72386e-13
6.07935e-13
6.39531e-13
6.66364e-13
6.88107e-13
7.04383e-13
7.15473e-13
7.21022e-13
7.22374e-13
7.22074e-13
7.20363e-13
7.17255e-13
7.10821e-13
6.97623e-13
6.7768e-13
6.55222e-13
6.33073e-13
6.10639e-13
5.87684e-13
5.65425e-13
5.44348e-13
5.23896e-13
5.03215e-13
4.81856e-13
4.59743e-13
4.37399e-13
4.15843e-13
3.96317e-13
3.79852e-13
3.66885e-13
3.57256e-13
3.50217e-13
3.44747e-13
3.39976e-13
3.35464e-13
3.31049e-13
3.26593e-13
3.22244e-13
3.18373e-13
3.15682e-13
3.15754e-13
3.20121e-13
3.29357e-13
3.43691e-13
3.57938e-13
3.41935e-13
2.31766e-13
2.60241e-13
3.32048e-13
3.00682e-13
2.63574e-13
2.39222e-13
2.2623e-13
2.2253e-13
2.24652e-13
2.35221e-13
2.49406e-13
2.75318e-13
3.12874e-13
3.64675e-13
4.55484e-13
5.5781e-13
7.4999e-13
8.61829e-13
1.19503e-12
9.45564e-13
9.03407e-13
0
0
0
0
0
0
0
0
0
0
7.12571e-08
1.39562e-07
1.44457e-07
1.02547e-07
4.55764e-08
9.24961e-10
0
0
0
0
0
0
0
0
0
0
0
0
0
0
0
0
0
0
0
0
0
0
0
0
0
0
0
0
0
0
0
0
0
0
0
0
0
0
0
0
0
0
0
0
0
0
0
0
0
0
0
0
0
0
0
0
0
0
0
0
0
0
0
0
0
0
0
0
0
0
0
0
0
0
0
0
0
0
0
0
0
0
0
0
0
0
0
0
0
0
0
0
0
0
0
7.66854e-16
9.77988e-15
2.0988e-14
3.54644e-14
5.30821e-14
7.35126e-14
9.59735e-14
1.19028e-13
1.43019e-13
1.66626e-13
1.89671e-13
2.13624e-13
2.3592e-13
2.58041e-13
2.77635e-13
2.91684e-13
3.01187e-13
3.08813e-13
3.16235e-13
3.22901e-13
3.28263e-13
3.32712e-13
3.36387e-13
3.39032e-13
3.40723e-13
3.41161e-13
3.40111e-13
3.37858e-13
3.35112e-13
3.32515e-13
3.30477e-13
3.29149e-13
3.28492e-13
3.2844e-13
3.289e-13
3.29754e-13
3.31051e-13
3.32789e-13
3.35024e-13
3.37942e-13
3.41934e-13
3.47868e-13
3.57214e-13
3.71215e-13
3.89485e-13
4.0959e-13
4.21178e-13
3.93223e-13
3.10275e-13
3.2216e-13
4.02935e-13
4.15073e-13
3.94195e-13
3.7244e-13
3.5901e-13
3.56161e-13
3.61381e-13
3.79873e-13
4.11063e-13
4.62531e-13
5.48798e-13
6.76208e-13
9.08142e-13
1.20747e-12
1.77253e-12
2.31766e-12
3.40628e-12
3.79307e-12
5.52435e-12
3.44957e-12
2.07836e-12
0
0
0
2.65644e-08
0
0
0
0
3.75567e-09
8.70296e-08
1.33051e-07
1.35726e-07
1.10356e-07
7.58718e-08
4.32947e-08
1.56438e-08
0
0
0
0
0
0
0
0
0
0
0
0
0
0
0
0
0
0
0
0
0
0
0
0
0
0
0
0
0
0
0
0
0
0
0
0
0
0
0
0
0
0
0
0
0
0
0
0
0
0
0
0
0
0
0
0
0
0
0
0
0
0
0
0
0
0
0
0
0
0
0
0
0
0
0
0
0
0
0
0
0
0
0
0
0
0
0
0
0
0
0
0
0
0
0
0
0
0
0
0
0
3.2858e-15
1.22433e-14
2.25244e-14
3.3957e-14
4.66609e-14
6.02838e-14
7.39987e-14
8.72776e-14
1.0033e-13
1.13789e-13
1.2805e-13
1.42826e-13
1.57695e-13
1.72742e-13
1.8733e-13
2.00102e-13
2.12388e-13
2.2403e-13
2.34559e-13
2.43058e-13
2.50221e-13
2.56642e-13
2.62463e-13
2.67638e-13
2.72277e-13
2.76495e-13
2.80328e-13
2.83853e-13
2.87198e-13
2.90444e-13
2.93618e-13
2.96811e-13
3.00155e-13
3.04231e-13
3.10345e-13
3.19722e-13
3.32589e-13
3.48203e-13
3.63413e-13
3.7114e-13
3.71946e-13
3.86836e-13
4.07412e-13
4.1128e-13
4.05807e-13
4.01286e-13
4.02956e-13
4.11891e-13
4.31723e-13
4.6238e-13
5.18312e-13
5.98558e-13
7.46868e-13
9.65605e-13
1.37779e-12
1.93742e-12
3.03674e-12
4.24988e-12
6.80657e-12
8.44407e-12
1.34308e-11
1.17152e-11
1.59478e-11
1.60521e-12
0
0
4.3587e-07
4.39048e-08
0
0
0
3.8861e-08
2.33645e-07
2.82276e-07
2.54645e-07
2.02256e-07
1.4682e-07
9.49494e-08
4.79594e-08
6.47192e-09
0
0
0
0
0
0
0
0
0
0
0
0
0
0
0
0
0
0
0
0
0
0
0
0
0
0
0
0
0
0
0
0
0
0
0
0
0
0
0
0
0
0
0
0
0
0
0
0
0
0
0
0
0
0
0
0
0
0
0
0
0
0
0
0
0
0
0
0
0
0
0
0
0
0
0
0
0
0
0
0
0
0
0
0
0
0
0
0
0
0
0
0
0
0
0
0
0
0
0
0
0
0
0
0
0
1.55678e-15
1.31184e-14
2.48987e-14
3.73205e-14
5.05274e-14
6.42813e-14
7.86511e-14
9.3739e-14
1.09818e-13
1.26906e-13
1.44599e-13
1.62361e-13
1.80494e-13
1.99323e-13
2.17452e-13
2.34919e-13
2.52156e-13
2.68927e-13
2.84849e-13
3.00142e-13
3.15032e-13
3.29626e-13
3.44225e-13
3.59176e-13
3.74842e-13
3.91509e-13
4.09441e-13
4.28914e-13
4.50578e-13
4.75901e-13
5.06006e-13
5.40341e-13
5.75439e-13
6.02132e-13
6.06036e-13
5.89383e-13
5.86116e-13
6.00209e-13
6.04165e-13
5.95162e-13
5.82877e-13
5.76426e-13
5.80081e-13
5.983e-13
6.35394e-13
7.08593e-13
8.21951e-13
1.04419e-12
1.37521e-12
2.02393e-12
2.92013e-12
4.74159e-12
6.85391e-12
1.15458e-11
1.50791e-11
2.47549e-11
2.49417e-11
4.3784e-11
1.60741e-11
1.116e-11
0
0
0
0
0
0
0
0
0
0
3.76529e-08
9.14798e-08
8.424e-08
4.2378e-08
0
0
0
0
0
0
0
0
0
0
0
0
0
0
0
0
0
0
0
0
0
0
0
0
0
0
0
0
0
0
0
0
0
0
0
0
0
0
0
0
0
0
0
0
0
0
0
0
0
0
0
0
0
0
0
0
0
0
0
0
0
0
0
0
0
0
0
0
0
0
0
0
0
0
0
0
0
0
0
0
0
0
0
0
0
0
0
0
0
0
0
0
0
0
0
0
0
0
0
0
0
0
0
0
0
0
0
0
0
0
0
1.32253e-14
2.80191e-14
4.34142e-14
5.93396e-14
7.55722e-14
9.21078e-14
1.09285e-13
1.2717e-13
1.45535e-13
1.6412e-13
1.82879e-13
2.00938e-13
2.18646e-13
2.3601e-13
2.53004e-13
2.6934e-13
2.84706e-13
2.99292e-13
3.13355e-13
3.2714e-13
3.40665e-13
3.53545e-13
3.65134e-13
3.75058e-13
3.83301e-13
3.886e-13
3.87477e-13
3.74184e-13
3.4244e-13
2.93676e-13
2.52809e-13
2.55222e-13
3.01352e-13
3.6043e-13
4.12085e-13
4.52316e-13
4.87852e-13
5.22361e-13
5.6911e-13
6.26868e-13
7.25246e-13
8.68951e-13
1.14668e-12
1.56235e-12
2.39707e-12
3.57912e-12
6.04823e-12
9.02837e-12
1.59035e-11
2.15203e-11
3.80536e-11
4.0299e-11
8.06624e-11
3.61922e-11
5.71459e-11
0
0
0
0
0
0
0
0
0
0
0
6.16644e-09
0
0
0
0
0
0
0
0
0
0
0
0
0
0
0
0
0
0
0
0
0
0
0
0
0
0
0
0
0
0
0
0
0
0
0
0
0
0
0
0
0
0
0
0
0
0
0
0
0
0
0
0
0
0
0
0
0
0
0
0
0
0
0
0
0
0
0
0
0
0
0
0
0
0
0
0
0
0
0
0
0
0
0
0
0
0
0
0
0
0
0
0
0
0
0
0
0
0
0
0
0
0
0
0
0
0
0
0
0
0
0
0
1.86102e-14
3.89317e-14
5.98842e-14
8.12145e-14
1.02593e-13
1.2377e-13
1.44752e-13
1.65911e-13
1.86674e-13
2.06869e-13
2.26417e-13
2.44979e-13
2.62367e-13
2.78675e-13
2.93883e-13
3.0799e-13
3.21007e-13
3.32966e-13
3.43875e-13
3.53839e-13
3.6312e-13
3.71722e-13
3.79085e-13
3.84432e-13
3.87463e-13
3.88637e-13
3.87937e-13
3.84726e-13
3.7827e-13
3.6836e-13
3.56882e-13
3.52076e-13
3.63246e-13
3.90247e-13
4.24813e-13
4.61389e-13
4.97386e-13
5.36934e-13
5.80573e-13
6.42984e-13
7.2117e-13
8.55523e-13
1.05308e-12
1.43124e-12
2.0007e-12
3.13574e-12
4.75521e-12
8.11195e-12
1.22471e-11
2.17443e-11
2.98849e-11
5.42909e-11
5.86467e-11
1.24357e-10
6.01186e-11
1.45855e-10
0
3.4069e-07
2.75511e-07
9.77623e-08
0
0
0
0
0
2.98401e-08
4.81123e-08
3.9958e-08
1.10589e-08
0
0
0
0
0
0
0
0
0
0
0
0
0
0
0
0
0
0
0
0
0
0
0
0
0
0
0
0
0
0
0
0
0
0
0
0
0
0
0
0
0
0
0
0
0
0
0
0
0
0
0
0
0
0
0
0
0
0
0
0
0
0
0
0
0
0
0
0
0
0
0
0
0
0
0
0
0
0
0
0
0
0
0
0
0
0
0
0
0
0
0
0
0
0
0
0
0
0
0
0
0
0
4.96223e-15
6.74465e-14
1.27572e-13
1.85142e-13
2.39031e-13
2.88028e-13
3.32214e-13
3.73775e-13
4.1313e-13
4.50347e-13
4.85313e-13
5.1835e-13
5.46742e-13
5.69914e-13
5.88651e-13
6.03757e-13
6.15604e-13
6.24286e-13
6.2997e-13
6.32826e-13
6.33091e-13
6.31427e-13
6.28686e-13
6.25888e-13
6.23793e-13
6.2279e-13
6.22992e-13
6.24507e-13
6.27735e-13
6.3339e-13
6.41858e-13
6.53085e-13
6.66608e-13
6.82641e-13
7.0222e-13
7.25699e-13
7.5272e-13
7.81805e-13
8.09801e-13
8.31694e-13
8.45551e-13
8.51443e-13
8.49616e-13
8.42793e-13
8.37076e-13
8.34924e-13
8.47567e-13
8.70355e-13
9.27016e-13
1.01359e-12
1.18234e-12
1.44082e-12
1.94557e-12
2.69101e-12
4.17062e-12
6.21761e-12
1.0472e-11
1.55928e-11
2.74585e-11
3.75237e-11
6.85907e-11
7.3243e-11
1.5923e-10
7.63364e-11
2.6821e-10
0
5.42699e-07
5.84754e-07
5.73457e-07
5.24488e-07
4.34917e-07
3.18441e-07
2.01295e-07
1.06074e-07
4.55944e-08
2.38488e-08
3.87271e-08
8.40995e-08
1.49138e-07
2.17471e-07
2.69147e-07
2.85883e-07
2.5742e-07
1.89835e-07
1.04495e-07
2.33748e-08
0
0
0
0
0
0
0
0
0
0
0
0
0
0
0
0
0
0
0
0
0
0
0
0
0
0
0
0
0
0
0
0
0
0
0
0
0
0
0
0
0
0
0
0
0
0
0
0
0
0
0
0
0
0
0
0
0
0
0
0
0
0
0
0
0
0
0
0
0
0
0
0
0
0
0
0
0
0
0
0
0
0
0
2.81684e-13
5.80051e-13
8.70462e-13
1.153e-12
1.42587e-12
1.68695e-12
1.93445e-12
2.16409e-12
2.36149e-12
2.52945e-12
2.66996e-12
2.78131e-12
2.86179e-12
2.91131e-12
2.93009e-12
2.9192e-12
2.88233e-12
2.82486e-12
2.75176e-12
2.66508e-12
2.56623e-12
2.45677e-12
2.33905e-12
2.2154e-12
2.08856e-12
1.96129e-12
1.8367e-12
1.71713e-12
1.604e-12
1.4981e-12
1.39958e-12
1.30859e-12
1.22522e-12
1.14964e-12
1.08196e-12
1.02222e-12
9.70347e-13
9.25976e-13
8.88243e-13
8.56238e-13
8.30844e-13
8.12319e-13
7.99292e-13
7.89725e-13
7.82748e-13
7.78401e-13
7.76554e-13
7.76495e-13
7.77599e-13
7.79101e-13
7.80968e-13
7.8626e-13
7.97708e-13
8.12688e-13
8.29549e-13
8.49815e-13
8.71563e-13
9.0884e-13
9.54757e-13
1.04401e-12
1.16874e-12
1.39639e-12
1.73841e-12
2.38787e-12
3.34103e-12
5.2074e-12
7.78789e-12
1.30625e-11
1.94456e-11
3.37232e-11
4.58573e-11
8.1608e-11
8.48964e-11
1.79208e-10
7.53569e-11
3.2001e-10
0
3.73357e-07
3.70547e-07
3.22399e-07
2.42884e-07
1.55726e-07
7.91988e-08
2.38233e-08
0
0
0
1.70426e-08
4.86452e-08
7.86671e-08
9.7439e-08
9.94463e-08
8.5588e-08
5.99787e-08
2.69395e-08
0
0
0
0
0
0
0
0
0
0
0
0
0
0
0
0
0
0
0
0
0
0
0
0
0
0
0
0
0
0
0
0
0
0
0
0
0
0
0
0
0
0
0
0
0
0
0
0
0
0
0
0
0
0
0
0
0
0
0
0
0
0
0
0
0
0
0
0
0
0
0
0
2.99839e-13
1.81206e-12
3.27649e-12
4.70533e-12
6.09609e-12
7.44515e-12
8.74322e-12
9.97964e-12
1.11195e-11
1.2138e-11
1.30277e-11
1.37858e-11
1.44095e-11
1.48953e-11
1.52419e-11
1.54527e-11
1.55335e-11
1.54908e-11
1.53311e-11
1.50624e-11
1.46964e-11
1.42445e-11
1.372e-11
1.31543e-11
1.25523e-11
1.19184e-11
1.12595e-11
1.05719e-11
9.86664e-12
9.15794e-12
8.45952e-12
7.78311e-12
7.13391e-12
6.51638e-12
5.9318e-12
5.38258e-12
4.86899e-12
4.39269e-12
3.95358e-12
3.55254e-12
3.18928e-12
2.86287e-12
2.57119e-12
2.31159e-12
2.08073e-12
1.87599e-12
1.69636e-12
1.53907e-12
1.40254e-12
1.28567e-12
1.18634e-12
1.10188e-12
1.02971e-12
9.68221e-13
9.14439e-13
8.65722e-13
8.17073e-13
7.639e-13
7.01173e-13
6.26294e-13
5.41148e-13
4.56342e-13
3.86821e-13
3.44329e-13
3.31847e-13
3.49102e-13
3.92957e-13
4.58831e-13
5.43999e-13
6.37763e-13
7.45993e-13
8.53753e-13
9.94289e-13
1.1617e-12
1.4216e-12
1.80249e-12
2.48944e-12
3.52609e-12
5.50604e-12
8.40026e-12
1.40831e-11
2.15895e-11
3.69236e-11
5.14651e-11
8.75386e-11
9.10178e-11
1.73329e-10
5.83198e-11
2.45723e-10
0
1.43094e-06
1.16875e-06
9.08965e-07
6.70338e-07
4.58139e-07
2.94071e-07
1.91758e-07
1.46497e-07
1.42849e-07
1.62827e-07
1.92087e-07
2.19889e-07
2.38079e-07
2.40408e-07
2.22912e-07
1.87031e-07
1.37354e-07
8.10625e-08
2.74966e-08
0
0
0
0
0
0
0
0
0
0
0
3.59051e-09
0
0
0
0
0
0
0
0
0
0
0
0
0
0
0
0
0
0
0
0
0
0
0
0
0
0
0
0
0
0
0
0
0
0
0
0
0
0
0
0
0
0
0
0
0
0
0
3.50447e-12
1.04812e-11
1.72472e-11
2.37541e-11
2.99662e-11
3.58624e-11
4.14168e-11
4.65771e-11
5.12831e-11
5.55169e-11
5.93679e-11
6.2981e-11
6.62494e-11
6.90766e-11
7.13374e-11
7.29202e-11
7.3866e-11
7.42199e-11
7.40197e-11
7.33106e-11
7.21436e-11
7.05666e-11
6.86225e-11
6.63662e-11
6.38551e-11
6.11366e-11
5.8256e-11
5.52589e-11
5.21873e-11
4.90755e-11
4.59523e-11
4.28422e-11
3.97737e-11
3.67723e-11
3.38692e-11
3.10643e-11
2.83691e-11
2.58008e-11
2.33688e-11
2.10947e-11
1.89752e-11
1.70121e-11
1.52019e-11
1.35419e-11
1.20202e-11
1.06282e-11
9.34901e-12
8.17082e-12
7.07323e-12
6.04378e-12
5.05853e-12
4.11001e-12
3.20632e-12
2.36469e-12
1.61872e-12
1.01046e-12
5.62096e-13
2.68257e-13
9.52246e-14
4.75886e-15
0
0
0
0
0
0
0
0
0
0
0
0
0
0
0
0
0
0
0
0
0
0
0
0
0
0
0
1.68925e-14
4.89297e-14
1.21527e-13
2.68129e-13
7.31383e-13
1.92153e-12
5.93742e-12
1.43752e-11
3.37708e-11
6.23276e-11
8.67327e-11
1.32503e-10
5.104e-11
1.02284e-10
0
5.43235e-07
4.62854e-07
3.60672e-07
2.74631e-07
2.09109e-07
1.63226e-07
1.33491e-07
1.17174e-07
1.1272e-07
1.19027e-07
1.34551e-07
1.5675e-07
1.82386e-07
2.05262e-07
2.16781e-07
2.10391e-07
1.84159e-07
1.42731e-07
9.55175e-08
5.23102e-08
1.96657e-08
0
0
0
0
0
0
2.27484e-09
1.97549e-08
3.21103e-08
3.21198e-08
1.82031e-08
0
0
0
0
0
0
6.24146e-09
1.70942e-08
2.17272e-08
1.44624e-08
5.34664e-11
0
0
0
0
0
0
0
0
0
0
0
0
0
0
0
0
0
0
0
0
0
0
3.16827e-11
6.7851e-11
9.69068e-11
1.20184e-10
1.39846e-10
1.5659e-10
1.69415e-10
1.83412e-10
2.0127e-10
2.21543e-10
2.40811e-10
2.57919e-10
2.72984e-10
2.85764e-10
2.95969e-10
3.03535e-10
3.08606e-10
3.11411e-10
3.12176e-10
3.11091e-10
3.08306e-10
3.03967e-10
2.98202e-10
2.91051e-10
2.82496e-10
2.72793e-10
2.62183e-10
2.50959e-10
2.39425e-10
2.27655e-10
2.15697e-10
2.0359e-10
1.91371e-10
1.79065e-10
1.66664e-10
1.54134e-10
1.41461e-10
1.28621e-10
1.15571e-10
1.02271e-10
8.87715e-11
7.52074e-11
6.18312e-11
4.90223e-11
3.7244e-11
2.69519e-11
1.84728e-11
1.19136e-11
7.14834e-12
3.89625e-12
1.81553e-12
5.71485e-13
0
0
0
0
0
0
0
0
0
0
0
0
0
0
0
0
0
0
0
0
0
0
0
0
0
0
0
5.16988e-16
1.33291e-15
2.06394e-15
2.75176e-15
3.35385e-15
3.8934e-15
4.35247e-15
4.74638e-15
5.03773e-15
5.25803e-15
5.32981e-15
5.30611e-15
5.09094e-15
4.7293e-15
4.10517e-15
3.24575e-15
2.01038e-15
4.22797e-16
0
0
0
0
0
0
0
0
0
0
0
1.12342e-13
7.67452e-14
1.61065e-12
2.80653e-12
1.37179e-11
2.86098e-11
0
1.03788e-08
0
0
0
0
0
0
0
0
0
8.14231e-09
2.70298e-08
4.70436e-08
6.33204e-08
6.92446e-08
6.1416e-08
4.30189e-08
2.18968e-08
5.38688e-09
0
0
5.61649e-09
2.08655e-08
4.12033e-08
6.49515e-08
9.04783e-08
1.13981e-07
1.29162e-07
1.30642e-07
1.18463e-07
9.6931e-08
7.0689e-08
4.41904e-08
2.30944e-08
1.50837e-08
2.57471e-08
5.49271e-08
9.40447e-08
1.31382e-07
1.59942e-07
1.82894e-07
1.8003e-07
1.56848e-07
1.26949e-07
9.86953e-08
7.13284e-08
4.5245e-08
2.86567e-08
1.86252e-08
1.24767e-08
8.55668e-09
6.00914e-09
4.40259e-09
3.49479e-09
3.08847e-09
2.99163e-09
3.05492e-09
3.14109e-09
3.16912e-09
3.12886e-09
3.03953e-09
2.91869e-09
2.77856e-09
2.62737e-09
2.47003e-09
2.3118e-09
2.15514e-09
2.00127e-09
1.85479e-09
1.71442e-09
1.5801e-09
1.45753e-09
1.34097e-09
1.22603e-09
1.11354e-09
1.00679e-09
9.05218e-10
8.0708e-10
7.11526e-10
6.18662e-10
5.29359e-10
4.44908e-10
3.66692e-10
2.95917e-10
2.33444e-10
1.79693e-10
1.34641e-10
9.78747e-11
6.86599e-11
4.60808e-11
2.91272e-11
1.67749e-11
8.07982e-12
2.20644e-12
0
0
0
0
0
0
0
0
0
0
0
0
0
0
0
0
0
0
0
0
0
0
0
0
0
0
0
0
0
0
0
0
0
0
0
0
0
0
0
0
2.74716e-16
9.37252e-16
1.58933e-15
2.21735e-15
2.84509e-15
3.44525e-15
4.06175e-15
4.62465e-15
5.19128e-15
5.73487e-15
6.27144e-15
6.76411e-15
7.27691e-15
7.7487e-15
8.21821e-15
8.62307e-15
9.04816e-15
9.39517e-15
9.7536e-15
1.0027e-14
1.02768e-14
1.0432e-14
1.05445e-14
1.0535e-14
1.04535e-14
1.01934e-14
9.79627e-15
9.16338e-15
8.31261e-15
7.12282e-15
5.54304e-15
3.63468e-15
6.06227e-16
0
0
0
0
0
0
0
0
4.04476e-14
0
1.64757e-13
1.93194e-12
0
0
0
0
0
0
0
0
4.11192e-09
1.11461e-08
1.77239e-08
2.28688e-08
2.56161e-08
2.54783e-08
2.34478e-08
2.17027e-08
2.21419e-08
2.5294e-08
3.02538e-08
3.54521e-08
3.87673e-08
3.87736e-08
3.52881e-08
2.86169e-08
2.1164e-08
1.54198e-08
1.26719e-08
1.30162e-08
1.55091e-08
1.90412e-08
2.26176e-08
2.5207e-08
2.58209e-08
2.38734e-08
2.0089e-08
1.57268e-08
1.1714e-08
8.8881e-09
8.05543e-09
1.01456e-08
1.55201e-08
2.46293e-08
3.51793e-08
4.41734e-08
4.89532e-08
4.86683e-08
4.07055e-08
2.89615e-08
1.95462e-08
1.27676e-08
8.18648e-09
5.24705e-09
3.46393e-09
2.47101e-09
1.97101e-09
1.72469e-09
1.58262e-09
1.47476e-09
1.36807e-09
1.23645e-09
1.07431e-09
9.13049e-10
7.62802e-10
6.27461e-10
5.08413e-10
4.05831e-10
3.19117e-10
2.47133e-10
1.88378e-10
1.41218e-10
1.04002e-10
7.5106e-11
5.30223e-11
3.64028e-11
2.40607e-11
1.50268e-11
8.54673e-12
3.99918e-12
8.87264e-13
0
0
0
0
0
0
0
0
0
0
0
0
0
0
0
0
0
0
0
0
0
0
0
0
0
0
0
0
0
0
0
0
0
0
0
0
0
0
0
0
0
0
5.11157e-16
9.35523e-16
1.30959e-15
1.63429e-15
1.93475e-15
2.20725e-15
2.46792e-15
2.73347e-15
2.98278e-15
3.22932e-15
3.46439e-15
3.69313e-15
3.93363e-15
4.16944e-15
4.42175e-15
4.66694e-15
4.90341e-15
5.13538e-15
5.37292e-15
5.58296e-15
5.81403e-15
5.98755e-15
6.1748e-15
6.33796e-15
6.49848e-15
6.62052e-15
6.76454e-15
6.86926e-15
6.97489e-15
7.03331e-15
7.11076e-15
7.12722e-15
7.16496e-15
7.13627e-15
7.11682e-15
7.0304e-15
6.9469e-15
6.78305e-15
6.61456e-15
6.34116e-15
6.04784e-15
5.62374e-15
5.16517e-15
4.52153e-15
3.80217e-15
2.89364e-15
1.6003e-15
7.1686e-16
0
0
0
1.9317e-15
0
2.3447e-14
0
1.22474e-13
0
2.44825e-12
0
0
0
0
0
0
4.99521e-10
1.43707e-09
2.34406e-09
3.04254e-09
3.48669e-09
3.80281e-09
4.23722e-09
4.89235e-09
5.39666e-09
5.25667e-09
4.63276e-09
4.23744e-09
4.72224e-09
6.33845e-09
8.80514e-09
1.13314e-08
1.32536e-08
1.42587e-08
1.3923e-08
1.25629e-08
1.1018e-08
9.91947e-09
9.53002e-09
9.86798e-09
1.10672e-08
1.28379e-08
1.44452e-08
1.5222e-08
1.44627e-08
1.16218e-08
7.12339e-09
1.62077e-09
0
0
0
0
0
5.59971e-09
1.01782e-08
1.24569e-08
1.15951e-08
9.25917e-09
6.6565e-09
4.44291e-09
2.83886e-09
1.79295e-09
1.16686e-09
8.30757e-10
6.74723e-10
6.07897e-10
5.72851e-10
5.4605e-10
5.19802e-10
4.94345e-10
4.63349e-10
4.15759e-10
3.63922e-10
3.16436e-10
2.73118e-10
2.33976e-10
1.99e-10
1.68108e-10
1.41135e-10
1.17836e-10
9.79033e-11
8.09958e-11
6.67626e-11
5.48559e-11
4.49527e-11
3.67552e-11
2.99964e-11
2.4443e-11
1.98942e-11
1.61768e-11
1.31438e-11
1.06728e-11
8.66231e-12
7.02802e-12
5.70056e-12
4.62305e-12
3.74889e-12
3.04e-12
2.46555e-12
1.99962e-12
1.62166e-12
1.3154e-12
1.06703e-12
8.6557e-13
7.0214e-13
5.69582e-13
4.61993e-13
3.74702e-13
3.03783e-13
2.46343e-13
1.99851e-13
1.62156e-13
1.31599e-13
1.06888e-13
8.69094e-14
7.07716e-14
5.77386e-14
4.72287e-14
3.87528e-14
3.19273e-14
2.64438e-14
2.20047e-14
1.83842e-14
1.54759e-14
1.31213e-14
1.12043e-14
9.64343e-15
8.39345e-15
7.38491e-15
6.57034e-15
5.89277e-15
5.32879e-15
4.85769e-15
4.46777e-15
4.13572e-15
3.85208e-15
3.59886e-15
3.37072e-15
3.17407e-15
3.02311e-15
2.87029e-15
2.73582e-15
2.6012e-15
2.47657e-15
2.36223e-15
2.24936e-15
2.13974e-15
2.0242e-15
1.90292e-15
1.77673e-15
1.64548e-15
1.50142e-15
1.35549e-15
1.19124e-15
1.02558e-15
8.46332e-16
6.6364e-16
4.65066e-16
2.6765e-16
5.01187e-17
0
0
0
0
0
0
0
0
0
0
0
0
0
0
0
0
0
0
0
0
0
0
0
0
0
3.19541e-14
0
2.86801e-13
0
1.52912e-11
0
0
0
0
0
0
0
0
0
0
0
0
0
0
0
0
0
0
0
0
0
0
0
0
0
6.57482e-10
2.80953e-09
3.54955e-09
3.01796e-09
1.93334e-09
1.15663e-09
6.19703e-10
0
0
0
0
0
0
0
0
0
0
1.85069e-09
5.50393e-09
7.37582e-09
7.28903e-09
6.00739e-09
4.39683e-09
2.97627e-09
1.93668e-09
1.27356e-09
8.96121e-10
7.02445e-10
6.09322e-10
5.61087e-10
5.28345e-10
4.99863e-10
4.73641e-10
4.47113e-10
4.15371e-10
3.73328e-10
3.31626e-10
2.91975e-10
2.54971e-10
2.20935e-10
1.90036e-10
1.62326e-10
1.37762e-10
1.1622e-10
9.75176e-11
8.1425e-11
6.76893e-11
5.60512e-11
4.62524e-11
3.80493e-11
3.1215e-11
2.55465e-11
2.08635e-11
1.70073e-11
1.38407e-11
1.12458e-11
9.12384e-12
7.39198e-12
5.98102e-12
4.83355e-12
3.90199e-12
3.14694e-12
2.53591e-12
2.04226e-12
1.64352e-12
1.32175e-12
1.06204e-12
8.52409e-13
6.83391e-13
5.47128e-13
4.37377e-13
3.49012e-13
2.77983e-13
2.20912e-13
1.75208e-13
1.38615e-13
1.09447e-13
8.61583e-14
6.7624e-14
5.29242e-14
4.12968e-14
3.21109e-14
2.48798e-14
1.91964e-14
1.4739e-14
1.12522e-14
8.51216e-15
6.36168e-15
4.67765e-15
3.37128e-15
2.35214e-15
1.54595e-15
9.18885e-16
4.1721e-16
1.06895e-17
0
0
0
0
0
0
0
0
0
0
0
0
0
0
0
0
0
0
0
0
0
0
0
0
0
0
0
0
0
0
0
0
0
0
0
0
0
0
0
0
0
0
0
0
0
0
0
0
0
0
0
0
0
0
0
0
0
2.84516e-13
0
4.17189e-11
0
0
0
0
0
0
0
0
0
0
0
0
0
0
0
0
0
0
0
0
0
0
0
0
0
0
0
0
0
0
0
0
0
0
0
0
0
0
0
0
0
1.77639e-09
3.33719e-09
3.86593e-09
3.4652e-09
2.63135e-09
1.82908e-09
1.25694e-09
9.06938e-10
7.06094e-10
5.88735e-10
5.15085e-10
4.6335e-10
4.24277e-10
3.92329e-10
3.61526e-10
3.3088e-10
3.00867e-10
2.71619e-10
2.43169e-10
2.15605e-10
1.89385e-10
1.6487e-10
1.42316e-10
1.21866e-10
1.03568e-10
8.73891e-11
7.32401e-11
6.09928e-11
5.04914e-11
4.15614e-11
3.40282e-11
2.77211e-11
2.24749e-11
1.8138e-11
1.45733e-11
1.16608e-11
9.29376e-12
7.378e-12
5.83392e-12
4.59336e-12
3.60007e-12
2.80793e-12
2.17877e-12
1.68146e-12
1.29015e-12
9.83622e-13
7.44683e-13
5.59784e-13
4.17313e-13
3.08096e-13
2.24311e-13
1.60371e-13
1.11973e-13
7.55867e-14
4.85307e-14
2.86429e-14
1.42494e-14
3.98728e-15
0
0
0
0
0
0
0
0
0
0
0
0
0
0
0
0
0
0
0
0
0
0
0
0
0
0
0
0
0
0
0
0
0
0
0
0
0
0
0
0
0
0
0
0
0
0
0
0
0
0
0
0
0
0
0
0
0
0
0
0
0
0
0
0
0
0
0
0
0
0
0
0
0
0
0
0
0
0
3.86597e-14
0
6.96278e-11
0
0
0
0
0
0
0
0
0
0
0
0
0
0
0
0
0
0
0
0
0
0
0
0
0
0
0
0
0
0
0
0
0
0
0
0
0
0
0
0
0
1.01631e-09
1.56094e-09
1.42118e-09
1.00371e-09
6.03463e-10
3.34501e-10
1.86646e-10
1.15186e-10
8.37563e-11
7.04373e-11
6.34433e-11
5.78841e-11
5.27597e-11
4.83786e-11
4.4928e-11
4.20923e-11
3.93503e-11
3.62531e-11
3.26463e-11
2.88059e-11
2.50024e-11
2.13673e-11
1.79925e-11
1.49376e-11
1.22294e-11
9.87279e-12
7.85498e-12
6.15367e-12
4.74011e-12
3.58238e-12
2.6481e-12
1.90466e-12
1.32224e-12
8.73017e-13
5.3138e-13
2.76364e-13
8.97778e-14
0
0
0
0
0
0
0
0
0
0
0
0
0
0
0
0
0
0
0
0
0
0
0
0
0
0
0
0
0
0
0
0
0
0
0
0
0
0
0
0
0
0
0
0
0
0
0
0
0
0
0
0
0
0
0
0
0
0
0
0
0
0
0
0
0
0
0
0
0
0
0
0
0
0
0
0
0
0
0
0
0
0
0
0
0
0
0
0
0
0
0
0
0
0
0
0
0
0
0
0
0
7.9044e-11
0
0
8.01053e-09
0
7.37683e-10
1.55033e-09
5.36543e-10
0
0
0
0
0
0
0
0
0
0
0
0
0
0
0
0
0
0
0
0
7.29082e-10
0
0
1.49538e-10
0
0
0
0
0
0
0
0
0
0
0
0
0
0
0
0
0
0
0
0
0
6.47991e-11
0
0
0
0
0
0
0
0
0
0
0
0
0
0
0
0
0
0
0
0
0
0
0
0
4.98928e-11
0
0
0
0
0
0
0
0
0
0
0
0
0
0
0
0
0
0
0
1.51046e-12
0
5.46118e-12
0
5.50514e-13
5.62467e-10
0
0
0
0
0
0
0
0
0
0
0
0
0
0
0
0
0
0
0
0
0
0
0
0
2.10094e-11
0
0
0
0
0
0
0
0
0
0
0
0
0
0
0
0
0
0
0
0
0
0
0
0
0
0
0
0
0
0
0
0
0
0
0
0
0
0
0
0
0
0
0
0
0
0
0
0
0
0
0
0
0
0
0
0
0
0
0
0
0
0
0
0
0
0
0
0
0
0
0
0
0
0
0
0
0
0
0
0
0
0
0
0
0
0
0
0
0
0
0
0
0
0
0
0
0
0
0
0
0
0
0
0
0
0
0
0
0
0
0
0
0
0
0
0
0
0
0
0
0
0
0
0
0
0
0
0
0
0
0
0
0
0
0
0
0
0
0
0
0
0
0
0
0
0
0
0
0
0
0
0
0
0
0
0
0
0
0
0
0
0
0
0
0
0
0
0
0
0
0
0
0
0
0
0
0
0
0
0
0
0
0
0
0
0
0
0
0
0
0
0
0
0
0
0
0
0
0
0
0
0
0
0
0
0
0
0
0
0
0
0
0
0
0
0
0
0
0
0
0
0
0
0
0
0
0
0
0
0
0
0
0
0
0
0
0
0
0
0
0
0
0
0
0
0
0
0
0
0
0
0
0
0
0
0
0
0
0
0
0
0
0
0
0
0
0
0
0
0
0
0
0
0
0
0
0
0
0
0
0
0
0
0
0
0
0
0
0
0
0
0
0
0
0
0
0
0
0
0
0
0
0
0
0
0
0
0
0
0
0
0
0
0
0
0
0
0
0
0
0
0
0
0
0
0
0
0
0
0
0
0
0
0
0
0
0
0
0
0
0
0
0
0
0
0
0
0
0
0
0
0
0
0
0
0
0
0
0
0
0
0
0
0
0
0
0
0
0
0
0
0
0
0
0
0
0
0
0
0
0
0
0
0
0
0
0
0
0
0
0
0
0
0
0
0
0
0
0
0
0
0
0
0
0
0
0
0
0
0
0
0
0
0
0
0
0
0
0
0
0
0
0
0
0
0
0
0
0
0
0
0
0
0
0
0
0
0
0
0
0
0
0
0
0
0
0
0
0
0
0
0
0
0
0
0
0
0
0
0
0
0
0
0
0
0
0
0
0
0
0
0
0
0
0
0
0
0
0
0
0
0
0
0
0
0
0
0
0
0
0
0
0
0
0
0
0
0
0
0
0
0
0
0
0
0
0
0
0
0
0
0
0
0
0
0
0
0
0
0
0
0
0
0
0
0
0
0
0
0
0
0
0
0
0
0
0
0
0
0
0
0
0
0
0
0
0
0
0
0
0
0
0
0
0
0
0
0
0
0
0
0
0
0
0
0
0
0
0
0
0
0
0
0
0
0
0
0
0
0
0
0
0
0
0
0
0
0
0
0
0
0
0
0
0
0
0
0
0
0
0
0
0
0
0
0
0
0
0
0
0
0
0
0
0
0
0
0
0
0
0
0
0
0
0
0
0
0
0
0
0
0
0
0
0
0
0
0
0
0
0
0
0
0
0
0
0
0
0
0
0
0
0
0
0
0
0
0
0
0
0
0
0
0
0
0
0
0
0
0
0
0
0
0
0
0
0
0
0
0
0
0
0
0
0
0
0
0
0
0
0
0
0
0
0
0
0
0
0
0
0
0
0
0
0
0
0
0
0
0
0
0
0
0
0
0
0
0
0
0
0
0
0
0
0
0
0
0
0
0
0
0
0
0
0
0
0
0
0
0
0
0
0
0
0
0
0
0
0
0
0
0
0
0
0
0
0
0
0
0
0
0
0
0
0
0
0
0
0
0
0
0
0
0
0
0
0
0
0
0
0
0
0
0
0
0
0
0
0
0
0
0
0
0
0
0
0
0
0
0
0
0
0
0
0
0
0
0
0
0
0
0
0
0
0
0
0
0
0
0
0
0
0
0
0
0
0
0
0
0
0
0
0
0
0
0
0
0
0
0
0
0
0
0
0
0
0
0
0
0
0
0
0
0
0
0
0
0
0
0
0
0
0
0
0
0
0
0
0
0
0
0
0
0
0
0
0
0
0
0
0
0
0
0
0
0
0
0
0
0
0
0
0
0
0
0
0
0
0
0
0
0
0
0
0
0
0
0
0
0
0
0
0
0
0
0
0
0
0
0
0
0
0
0
0
0
0
0
0
0
0
0
0
0
0
0
0
0
0
0
0
0
0
0
0
0
0
0
0
0
0
0
0
0
0
0
0
0
0
0
0
0
0
0
0
0
0
0
0
0
0
0
0
0
0
0
0
0
0
0
0
0
0
0
0
0
0
0
0
0
0
0
0
0
0
0
0
0
0
0
0
0
0
0
0
0
0
0
0
0
0
0
0
0
0
0
0
0
0
0
0
0
0
0
1.53901e-11
0
0
0
0
0
0
0
0
0
0
0
0
0
0
0
0
0
0
0
0
0
0
0
0
2.71036e-10
0
0
0
0
0
0
0
0
0
0
0
0
0
0
0
0
0
0
0
0
0
0
0
0
9.69077e-10
0
0
0
0
0
0
0
0
0
0
0
0
0
0
0
0
0
0
0
0
0
0
0
0
2.20358e-09
0
0
0
0
0
0
0
0
0
0
0
0
0
0
0
0
0
0
0
0
0
0
0
0
1.88669e-09
0
0
0
0
0
0
0
0
0
0
0
0
0
0
0
0
0
0
0
0
0
0
0
0
3.4777e-10
0
0
0
0
0
0
1.00405e-11
1.61908e-11
1.66088e-11
1.34837e-11
8.58595e-12
6.25425e-12
3.82325e-12
3.97142e-12
2.04143e-12
3.56338e-12
9.34939e-13
3.52812e-12
0
4.41435e-12
0
7.36179e-12
0
3.92328e-12
1.36914e-10
0
0
1.44386e-10
1.99905e-10
1.66071e-10
1.20468e-10
8.01374e-11
5.10048e-11
3.37778e-11
2.18511e-11
1.32611e-11
8.45233e-12
5.31711e-12
4.32952e-12
3.02661e-12
3.48947e-12
2.22029e-12
3.53781e-12
1.37515e-12
4.35247e-12
1.92281e-13
8.17373e-12
0
0
3.5845e-10
0
3.12258e-10
2.5939e-10
1.17782e-10
7.33407e-11
5.80357e-11
4.30308e-11
3.33285e-11
2.52986e-11
1.73202e-11
1.0528e-11
6.61534e-12
3.95573e-12
3.18516e-12
2.24621e-12
2.81707e-12
1.96973e-12
3.37923e-12
1.69959e-12
4.80876e-12
1.03515e-12
1.10656e-11
0
0
1.74769e-09
8.53095e-12
8.24774e-10
1.33972e-10
0
0
0
0
0
0
0
0
0
0
2.23006e-13
3.68307e-14
3.60008e-13
3.24256e-14
6.49985e-13
0
1.42538e-12
0
6.32658e-12
0
0
5.69672e-09
1.15122e-09
1.05048e-09
0
0
0
0
0
0
0
0
0
0
0
0
0
0
0
0
0
0
0
0
0
0
1.05621e-08
1.9906e-09
7.89621e-10
0
0
0
0
0
0
0
0
0
0
0
0
0
0
0
0
0
0
0
0
0
0
)
;

boundaryField
{
    inlet
    {
        type            zeroGradient;
    }
    outlet
    {
        type            zeroGradient;
    }
    upperWall
    {
        type            zeroGradient;
    }
    lowerWall
    {
        type            zeroGradient;
    }
    frontAndBack
    {
        type            empty;
    }
}


// ************************************************************************* //
