/*--------------------------------*- C++ -*----------------------------------*\
  =========                 |
  \\      /  F ield         | OpenFOAM: The Open Source CFD Toolbox
   \\    /   O peration     | Website:  https://openfoam.org
    \\  /    A nd           | Version:  7
     \\/     M anipulation  |
\*---------------------------------------------------------------------------*/
FoamFile
{
    version     2.0;
    format      ascii;
    class       volScalarField;
    location    "0.064";
    object      s;
}
// * * * * * * * * * * * * * * * * * * * * * * * * * * * * * * * * * * * * * //

dimensions      [0 0 0 0 0 0 0];

internalField   nonuniform List<scalar> 
12225
(
1
1
1
1
1
1
1
1
1
1
1
1
1
1
1
1
1
1
1
1
1
1
1
1
1
1
1
1
1
1
1
1
1
1
1
1
1
1
1
1
1
1
1
1
1
1
1
1
1
1
1
1
1
1
1
1
1
1
1
1
1
1
1
1
1
1
1
1
1
1
1
1
1
1
1
1
1
1
1
1
1
1
1
1
1
1
1
1
1
1
1
1
1
1
1
1
1
1
1
1
1
1
1
1
1
1
1
1
1
1
1
1
1
1
1
1
1
1
1
1
1
1
1
1
1
1
1
1
1
1
1
1
1
1
1
1
1
1
1
1
1
1
1
1
1
1
1
1
1
1
1
1
1
1
1
1
1
1
1
1
1
1
1
1
1
1
1
1
1
1
1
1
1
1
1
1
1
1
1
1
1
1
1
1
1
1
1
1
1
1
1
1
1
1
1
1
1
1
1
1
1
1
1
1
1
1
1
1
1
1
1
1
1
1
1
1
1
1
1
1
1
1
1
1
1
1
1
1
1
1
1
1
1
1
1
1
1
1
1
1
1
1
1
1
1
1
1
1
1
1
1
1
1
1
1
1
1
1
1
1
1
1
1
1
1
1
1
1
1
1
1
1
1
1
1
1
1
1
1
1
1
1
1
1
1
1
1
1
1
1
1
1
1
1
1
1
1
1
1
1
1
1
1
1
1
1
1
1
1
1
1
1
1
1
1
1
1
1
1
1
1
1
1
1
1
1
1
1
1
1
1
1
1
1
1
1
1
1
1
1
1
1
1
1
1
1
1
1
1
1
1
1
1
1
1
1
1
1
1
1
1
1
1
1
1
1
1
1
1
1
1
1
1
1
1
1
1
1
1
1
1
1
1
1
1
1
1
1
1
1
1
1
1
1
1
1
1
1
1
1
1
1
1
1
1
1
1
1
1
1
1
1
1
1
1
1
1
1
1
1
1
1
1
1
1
1
1
1
1
1
1
1
1
1
1
1
1
1
1
1
1
1
1
1
1
1
1
1
1
1
1
1
1
1
1
1
1
1
1
1
1
1
1
1
1
1
1
1
1
1
1
1
1
1
1
1
1
1
1
1
1
1
1
1
1
1
1
1
1
1
1
1
1
1
1
1
1
1
1
1
1
1
1
1
1
1
1
1
1
1
1
1
1
1
1
1
1
1
1
1
1
1
1
1
1
1
1
1
1
1
1
1
1
1
1
1
1
1
1
1
0.00079903
0.00315849
0.00611376
0.00896059
0.0121029
0.0160524
0.0215218
0.0256505
0.0343359
0.0434126
0.047706
0.05268
0.0606284
0.0669825
0.0755833
0.0826403
0.0899561
0.0994242
0.105462
0.1122
0.115752
0.117954
0.118917
0.119091
0.118981
0.118344
0.116416
0.110969
0.105582
0.0959564
0.0806129
0.0666849
0.0367102
0.00914295
0.00209961
0.00271073
0.00459892
0.00622892
0.00809519
0.0113678
0.0140148
0.0163595
0.0207107
0.0248867
0.0303681
0.0434567
0.0634928
0.0884911
0.245736
0.63697
0.770395
0.785763
0.791154
0.795283
0.798072
0.799761
0.801824
0.803061
0.803732
0.804865
0.805724
0.806304
0.80741
0.808023
0.808354
0.808951
0.809508
0.809944
0.810475
0.811163
0.811845
0.81239
0.812889
0.813289
0.813515
0.813745
0.813952
0.81418
0.81444
0.814782
0.81528
0.815854
0.816492
0.817093
0.817627
0.818206
0.818937
0.819786
0.820632
0.821303
0.821739
0.822107
0.822302
0.822362
0.822032
0.821212
0.820014
0.818271
0.815633
0.812111
0.807676
0.801904
0.794563
0.785669
0.774768
0.761983
0.747253
0.730226
0.710641
0.688081
0.661955
0.631548
0.596065
0.554763
0.507395
0.454101
0.395581
0.333341
0.269748
0.208293
0.152523
0.105634
0.0696912
0.0431859
0.0248284
0.0136178
0.00710432
0.00351971
0.00165523
0.000739186
0.00031371
0.000126741
4.90497e-05
1.81258e-05
5.82572e-06
1.81669e-06
8.99774e-07
4.35281e-07
2.03909e-07
9.31238e-08
4.16147e-08
1.82203e-08
7.82395e-09
3.29893e-09
1.36755e-09
5.58064e-10
2.24454e-10
8.90842e-11
3.49318e-11
1.35489e-11
5.20456e-12
1.98262e-12
7.5014e-13
2.82425e-13
1.06018e-13
3.97315e-14
1.48589e-14
5.53303e-15
2.0432e-15
7.44912e-16
2.67304e-16
9.42139e-17
3.25754e-17
1.10417e-17
3.66794e-18
1.19396e-18
3.80806e-19
1.18987e-19
3.64133e-20
1.09087e-20
3.197e-21
9.15606e-22
2.55937e-22
6.9683e-23
1.84418e-23
4.72467e-24
1.16642e-24
2.70208e-25
6.39874e-26
-2.39298e-26
0.000622487
0.00254601
0.0051208
0.00840096
0.0136501
0.0245795
0.0492022
0.0735932
0.109191
0.142487
0.17214
0.195193
0.224734
0.253261
0.279408
0.311775
0.341212
0.363477
0.39303
0.412386
0.429251
0.445668
0.447745
0.444999
0.436591
0.420927
0.386515
0.351643
0.297214
0.234332
0.175418
0.130853
0.0899337
0.0540125
0.0309487
0.0193897
0.0135375
0.0109739
0.0110587
0.0131181
0.0187843
0.0288955
0.0392465
0.0488715
0.0549254
0.0760806
0.321302
0.652608
0.732611
0.790384
0.812511
0.820104
0.825567
0.828566
0.830976
0.833253
0.835451
0.837292
0.838601
0.839761
0.840521
0.841292
0.842024
0.84257
0.843001
0.843473
0.843986
0.844416
0.844636
0.844749
0.844794
0.844717
0.844725
0.845132
0.845581
0.845828
0.846439
0.846969
0.84725
0.847845
0.848888
0.850029
0.851221
0.852306
0.853283
0.854528
0.856175
0.858043
0.860074
0.862205
0.864412
0.866915
0.869901
0.873185
0.876844
0.880993
0.885786
0.891218
0.897469
0.904653
0.912883
0.922021
0.931844
0.941894
0.951384
0.958732
0.964223
0.96882
0.972561
0.97559
0.977944
0.979649
0.980718
0.981149
0.980502
0.97687
0.969535
0.958314
0.941643
0.916928
0.88115
0.830922
0.762726
0.676953
0.577042
0.468532
0.362094
0.267512
0.190622
0.131853
0.0886478
0.0579561
0.0368644
0.0228304
0.013779
0.00811308
0.00466586
0.00262435
0.00144565
0.000781077
0.000414521
0.000216381
0.000111233
5.63658e-05
2.81747e-05
1.38975e-05
6.76536e-06
3.2498e-06
1.5399e-06
7.19501e-07
3.31391e-07
1.50471e-07
6.74211e-08
2.98858e-08
1.31546e-08
5.76285e-09
2.49739e-09
1.06031e-09
4.36716e-10
1.73701e-10
6.6998e-11
2.50857e-11
9.13034e-12
3.23468e-12
1.11679e-12
3.76149e-13
1.23689e-13
3.97344e-14
1.24723e-14
3.82636e-15
1.14665e-15
3.35677e-16
9.58251e-17
2.66872e-17
7.21922e-18
1.902e-18
4.78401e-19
1.07389e-19
3.38822e-20
-6.95839e-20
0.000244252
0.00105546
0.00202633
0.00446261
0.0147889
0.0424799
0.0995225
0.182261
0.273317
0.359318
0.439559
0.509297
0.556282
0.586898
0.607696
0.61939
0.62789
0.632384
0.636022
0.64236
0.646944
0.650377
0.656
0.657129
0.655961
0.652165
0.643842
0.623673
0.600161
0.554237
0.482336
0.391421
0.276617
0.1794
0.113281
0.0735047
0.0539352
0.0399981
0.0354812
0.0381296
0.0513005
0.0831828
0.0874083
0.100953
0.336187
0.632415
0.758276
0.809068
0.827013
0.834087
0.835285
0.833268
0.831533
0.82926
0.827119
0.823343
0.819286
0.815294
0.812628
0.80931
0.807191
0.803958
0.801711
0.798748
0.796357
0.794171
0.792318
0.790646
0.789142
0.787742
0.78709
0.786782
0.786669
0.786646
0.786898
0.787719
0.788942
0.79045
0.792461
0.795079
0.798058
0.801123
0.804201
0.807279
0.810361
0.813525
0.816724
0.819822
0.822774
0.825604
0.828252
0.830767
0.833145
0.835329
0.837481
0.839556
0.841797
0.843855
0.845929
0.848099
0.850868
0.85439
0.859246
0.866105
0.876151
0.890699
0.908073
0.924592
0.937735
0.948997
0.958889
0.967465
0.974952
0.981631
0.987418
0.991897
0.994808
0.99655
0.997392
0.997645
0.997572
0.996692
0.994524
0.991209
0.984464
0.970037
0.937483
0.872713
0.775243
0.651549
0.517101
0.389452
0.281242
0.196153
0.132698
0.0873125
0.055999
0.0350823
0.0215154
0.0129465
0.00766113
0.00446825
0.00257381
0.00146693
0.000828609
0.000464656
0.000259216
0.000144202
7.99184e-05
4.39022e-05
2.3807e-05
1.2704e-05
6.6555e-06
3.41744e-06
1.718e-06
8.45027e-07
4.06545e-07
1.91276e-07
8.79922e-08
3.95703e-08
1.73904e-08
7.46749e-09
3.13184e-09
1.2824e-09
5.12235e-10
1.99487e-10
7.55825e-11
2.78937e-11
1.00721e-11
3.55945e-12
1.23009e-12
4.15914e-13
1.37297e-13
4.43172e-14
1.39173e-14
4.27128e-15
1.26604e-15
3.66527e-16
1.02178e-16
2.29992e-17
7.05034e-05
0.00029955
0.00123097
0.0102558
0.0409258
0.122938
0.249399
0.431796
0.564463
0.652499
0.692155
0.710353
0.713163
0.709805
0.702071
0.692488
0.683681
0.676071
0.67011
0.668601
0.669107
0.670599
0.672867
0.675519
0.679542
0.682337
0.682398
0.680964
0.676731
0.666726
0.641994
0.599973
0.539834
0.432653
0.322618
0.230445
0.16573
0.113116
0.0940569
0.0972804
0.113072
0.154341
0.331283
0.564671
0.736288
0.806034
0.832514
0.839927
0.840764
0.836586
0.832703
0.824537
0.814962
0.8019
0.79468
0.790245
0.788822
0.788814
0.789859
0.789933
0.789843
0.789391
0.788469
0.787145
0.785535
0.783618
0.781583
0.77954
0.777567
0.776473
0.776074
0.775933
0.775914
0.776134
0.776906
0.778228
0.780051
0.782492
0.785586
0.789112
0.792843
0.796752
0.800792
0.804869
0.808999
0.813099
0.817005
0.821186
0.825422
0.829423
0.833042
0.836613
0.839569
0.84179
0.84346
0.844117
0.844771
0.845538
0.846245
0.847143
0.848222
0.849404
0.850441
0.851406
0.852698
0.854993
0.859855
0.870745
0.888164
0.905168
0.920538
0.934073
0.945682
0.955476
0.964207
0.972784
0.981442
0.98886
0.994062
0.997002
0.998522
0.999268
0.999605
0.999735
0.999769
0.999758
0.999623
0.999109
0.997557
0.993156
0.980557
0.943038
0.833892
0.675287
0.519543
0.381282
0.268879
0.183394
0.121612
0.078741
0.0499679
0.0311815
0.0191913
0.0116805
0.00704627
0.00421964
0.00250627
0.00147348
0.000855706
0.000489922
0.000275959
0.00015263
8.27622e-05
4.39458e-05
2.28339e-05
1.16053e-05
5.76884e-06
2.80458e-06
1.33353e-06
6.20169e-07
2.82098e-07
1.25513e-07
5.46175e-08
2.32431e-08
9.6697e-09
3.93175e-09
1.56125e-09
6.05197e-10
2.28575e-10
8.40507e-11
3.01745e-11
1.05997e-11
3.63614e-12
1.21974e-12
3.98395e-13
1.27161e-13
3.92946e-14
1.18559e-14
3.43967e-15
9.24571e-16
4.79626e-05
0.000718593
0.0109651
0.0488253
0.146153
0.352917
0.584375
0.690727
0.734287
0.751545
0.749872
0.743058
0.730522
0.712778
0.686853
0.66161
0.637053
0.615477
0.598357
0.585538
0.580446
0.582816
0.589707
0.603478
0.622609
0.641539
0.656398
0.669171
0.673553
0.672775
0.668481
0.656743
0.628153
0.58443
0.472174
0.372975
0.315496
0.217506
0.173881
0.186054
0.347711
0.532076
0.692512
0.783919
0.827169
0.841154
0.844224
0.841599
0.83692
0.825383
0.809088
0.790578
0.781884
0.777563
0.775401
0.774824
0.775246
0.778206
0.780414
0.78076
0.780662
0.779872
0.77773
0.774192
0.770771
0.76832
0.766975
0.766355
0.766073
0.765989
0.766061
0.766656
0.76764
0.768815
0.770404
0.772471
0.774913
0.777741
0.780883
0.784297
0.788206
0.79244
0.79699
0.801588
0.806353
0.811411
0.815733
0.820402
0.825029
0.829673
0.834015
0.838594
0.84321
0.847601
0.851714
0.854913
0.856536
0.856619
0.855239
0.853841
0.852806
0.852777
0.854351
0.856263
0.856979
0.855116
0.852173
0.851961
0.855547
0.871043
0.894377
0.91619
0.933291
0.946266
0.956102
0.963869
0.970349
0.976701
0.983331
0.989601
0.994287
0.99713
0.99865
0.999402
0.999744
0.999887
0.99994
0.999953
0.999952
0.999927
0.999804
0.99934
0.997658
0.991652
0.970619
0.898122
0.722838
0.546927
0.39768
0.279581
0.191192
0.127835
0.0839304
0.0542922
0.0346733
0.0218775
0.013636
0.00838733
0.00508243
0.00302812
0.00177042
0.00101403
0.000568227
0.000311256
0.000166583
8.70954e-05
4.44874e-05
2.2204e-05
1.08309e-05
5.16453e-06
2.40767e-06
1.09755e-06
4.8924e-07
2.13246e-07
9.08676e-08
3.78467e-08
1.53993e-08
6.11908e-09
2.37216e-09
8.96951e-10
3.29886e-10
1.18242e-10
4.13675e-11
1.41376e-11
4.70561e-12
1.52832e-12
4.81502e-13
1.47741e-13
4.38035e-14
1.2185e-14
0.00142577
0.0131147
0.0595629
0.186229
0.469218
0.665564
0.743399
0.769224
0.771901
0.766905
0.753997
0.722104
0.680346
0.614168
0.544507
0.498693
0.456273
0.430649
0.408318
0.397084
0.38409
0.381743
0.385642
0.397129
0.421014
0.465552
0.509927
0.581987
0.62852
0.65487
0.660768
0.656967
0.645999
0.620796
0.55873
0.482473
0.334529
0.23267
0.254985
0.480343
0.645901
0.749108
0.809795
0.835964
0.844439
0.845447
0.841667
0.831694
0.813284
0.790434
0.775262
0.766878
0.758753
0.752382
0.750248
0.74969
0.750133
0.754546
0.75903
0.759624
0.75941
0.759295
0.759865
0.759855
0.759594
0.759747
0.760426
0.760598
0.760702
0.761103
0.761826
0.762437
0.762979
0.763868
0.765084
0.766578
0.768383
0.770755
0.773474
0.776223
0.779813
0.783629
0.788002
0.792463
0.796812
0.802003
0.806562
0.811749
0.816968
0.822668
0.828246
0.833725
0.839501
0.84521
0.850925
0.85646
0.861773
0.866082
0.868547
0.865818
0.858029
0.852814
0.850675
0.853011
0.860023
0.865552
0.866058
0.857359
0.846921
0.843877
0.84716
0.867907
0.902984
0.931593
0.950125
0.961597
0.969034
0.974452
0.979271
0.983981
0.988647
0.992874
0.996055
0.998014
0.999064
0.999585
0.999825
0.999929
0.999969
0.999982
0.999984
0.99998
0.999954
0.999836
0.999358
0.997446
0.990075
0.962927
0.865641
0.673226
0.500927
0.361418
0.254308
0.175255
0.118643
0.0790244
0.0518007
0.0333902
0.0211341
0.0131122
0.007961
0.00472331
0.00273572
0.00154593
0.000852132
0.000458202
0.000240411
0.000123126
6.15746e-05
3.00786e-05
1.4356e-05
6.6961e-06
3.0526e-06
1.36018e-06
5.92311e-07
2.52038e-07
1.04755e-07
4.25146e-08
1.68355e-08
6.5021e-09
2.44632e-09
8.95573e-10
3.1902e-10
1.10877e-10
3.75267e-11
1.23759e-11
3.96315e-12
1.23366e-12
3.72126e-13
1.05926e-13
0.01847
0.056511
0.205183
0.556512
0.716117
0.771352
0.786853
0.784955
0.776926
0.753467
0.698777
0.602124
0.498993
0.442414
0.409684
0.391937
0.372694
0.355145
0.339631
0.326522
0.313886
0.308037
0.300081
0.300786
0.306135
0.32061
0.353906
0.399495
0.491699
0.59071
0.63569
0.647025
0.642349
0.624083
0.579042
0.473781
0.301379
0.292643
0.530262
0.70147
0.780368
0.822511
0.840095
0.844861
0.844552
0.839512
0.823591
0.798082
0.774918
0.762007
0.750113
0.739692
0.725384
0.7176
0.714456
0.713332
0.713308
0.716434
0.725501
0.733209
0.736584
0.741112
0.74709
0.75119
0.753621
0.754605
0.7551
0.755164
0.754857
0.754083
0.753406
0.753143
0.753079
0.753508
0.754134
0.755583
0.757052
0.759343
0.762306
0.764563
0.768072
0.771058
0.774542
0.778471
0.782719
0.78755
0.792406
0.797548
0.801163
0.805606
0.810384
0.815814
0.821521
0.827579
0.834124
0.841934
0.851874
0.864516
0.875358
0.883954
0.888134
0.877453
0.856655
0.845497
0.844204
0.854009
0.870639
0.877513
0.873237
0.850688
0.83825
0.837491
0.846566
0.883009
0.927367
0.954024
0.968332
0.975866
0.980149
0.983533
0.987066
0.990462
0.993487
0.995988
0.997794
0.998897
0.999485
0.999773
0.999905
0.999962
0.999985
0.999992
0.999993
0.999991
0.999979
0.999919
0.999652
0.998546
0.994234
0.978287
0.920692
0.755148
0.573037
0.423282
0.305201
0.215338
0.148826
0.100733
0.0667056
0.0431574
0.0272436
0.0167617
0.0100441
0.00586018
0.00332927
0.0018423
0.000993461
0.000522335
0.000267904
0.000134104
6.55392e-05
3.12813e-05
1.45839e-05
6.64217e-06
2.95513e-06
1.28419e-06
5.4493e-07
2.25724e-07
9.12202e-08
3.59475e-08
1.38013e-08
5.15923e-09
1.87401e-09
6.62884e-10
2.2827e-10
7.65101e-11
2.49116e-11
7.87636e-12
2.41678e-12
7.02903e-13
0.0489346
0.155888
0.547835
0.734372
0.783782
0.79777
0.795947
0.78637
0.754597
0.669776
0.523986
0.454584
0.4187
0.397796
0.384205
0.368138
0.348113
0.324841
0.306792
0.286714
0.279072
0.271938
0.26944
0.265003
0.261521
0.263636
0.27304
0.296906
0.357153
0.479783
0.57561
0.619491
0.626433
0.616428
0.568677
0.390756
0.314112
0.534945
0.721415
0.796049
0.828737
0.841917
0.845294
0.844004
0.836907
0.814872
0.790591
0.770563
0.754209
0.738884
0.72339
0.705718
0.693405
0.688313
0.686427
0.68607
0.68775
0.69539
0.706525
0.716275
0.72413
0.731092
0.736812
0.739049
0.7396
0.739232
0.73705
0.73363
0.729811
0.725915
0.723194
0.722025
0.721745
0.723559
0.725891
0.73074
0.735856
0.741635
0.748663
0.753546
0.75909
0.762065
0.764596
0.766579
0.769614
0.772304
0.77568
0.778849
0.782593
0.790753
0.798759
0.806257
0.812815
0.818012
0.821792
0.824097
0.826337
0.83142
0.8466
0.871013
0.895517
0.908536
0.908952
0.880153
0.847526
0.83963
0.845845
0.870156
0.887317
0.888288
0.865137
0.840502
0.836475
0.84279
0.872426
0.925047
0.958261
0.97509
0.983106
0.986817
0.988684
0.990686
0.992955
0.995063
0.996786
0.99808
0.99896
0.999486
0.999763
0.999897
0.999958
0.999983
0.999993
0.999996
0.999997
0.999995
0.999985
0.999933
0.999708
0.998806
0.995413
0.983225
0.94002
0.801461
0.619411
0.465207
0.340181
0.242386
0.168249
0.113688
0.074714
0.047722
0.029615
0.0178562
0.010464
0.00596335
0.00330721
0.00178617
0.000940074
0.000482433
0.000241521
0.000118
5.62763e-05
2.62034e-05
1.19122e-05
5.28692e-06
2.29034e-06
9.68194e-07
3.99201e-07
1.60465e-07
6.28373e-08
2.39572e-08
8.88252e-09
3.20025e-09
1.12189e-09
3.82516e-10
1.26713e-10
4.07428e-11
1.27233e-11
3.78018e-12
0.0787304
0.342859
0.70186
0.785087
0.802021
0.804908
0.797516
0.766111
0.672244
0.512716
0.447885
0.419038
0.403814
0.392486
0.378141
0.348699
0.301614
0.2434
0.204059
0.17567
0.178879
0.191318
0.216101
0.225933
0.227894
0.231715
0.242404
0.260583
0.294453
0.396364
0.530072
0.594601
0.613897
0.601683
0.489381
0.357786
0.487524
0.722483
0.802319
0.832053
0.842805
0.845656
0.84364
0.835407
0.814295
0.794909
0.778026
0.760372
0.743568
0.721494
0.697643
0.679668
0.672171
0.669418
0.668794
0.669589
0.674961
0.684584
0.695691
0.705964
0.712241
0.715062
0.715947
0.713988
0.706374
0.695432
0.681162
0.667982
0.659027
0.653333
0.650577
0.649815
0.653361
0.65976
0.667505
0.678365
0.691277
0.705213
0.720367
0.733105
0.743677
0.749841
0.754745
0.757242
0.758391
0.758962
0.760304
0.765431
0.77761
0.789062
0.801014
0.813811
0.826122
0.836522
0.843093
0.842063
0.832818
0.825724
0.824307
0.831986
0.855466
0.896387
0.922975
0.930069
0.912029
0.861448
0.843395
0.848005
0.873025
0.897538
0.902361
0.883224
0.852282
0.845098
0.851148
0.880857
0.930203
0.963638
0.980759
0.988762
0.992343
0.993674
0.994422
0.995469
0.996688
0.997787
0.99863
0.999214
0.999584
0.999798
0.999908
0.999961
0.999984
0.999994
0.999997
0.999998
0.999998
0.999996
0.999983
0.999923
0.999685
0.998792
0.995604
0.984509
0.945747
0.818623
0.637972
0.480367
0.350513
0.247889
0.169884
0.112805
0.0725819
0.0452711
0.0273902
0.0160886
0.00918309
0.00509803
0.00275497
0.00145025
0.000744105
0.000372296
0.000181699
8.65211e-05
4.02013e-05
1.82266e-05
8.06224e-06
3.47849e-06
1.46335e-06
5.99973e-07
2.39601e-07
9.31428e-08
3.52198e-08
1.29385e-08
4.61968e-09
1.60351e-09
5.40724e-10
1.76962e-10
5.6269e-11
1.70755e-11
0.0934423
0.470459
0.75675
0.801667
0.809586
0.806944
0.787758
0.713155
0.545479
0.459408
0.428384
0.41348
0.403903
0.393773
0.357568
0.272011
0.163195
0.113763
0.0852264
0.0738629
0.0769216
0.0922444
0.142059
0.192396
0.20983
0.211736
0.210381
0.223449
0.279298
0.406087
0.537421
0.595114
0.603191
0.537443
0.416921
0.432115
0.704153
0.802999
0.834513
0.844609
0.847183
0.844494
0.835962
0.816689
0.798281
0.788838
0.770984
0.751709
0.727616
0.697269
0.673873
0.662791
0.658773
0.657799
0.658055
0.661016
0.667481
0.67684
0.685237
0.688768
0.688931
0.678838
0.660106
0.643867
0.619819
0.602843
0.589839
0.579762
0.573283
0.570077
0.568984
0.571193
0.574659
0.582654
0.593102
0.605472
0.619038
0.636704
0.6557
0.677218
0.696412
0.712901
0.725524
0.732668
0.736704
0.740065
0.746203
0.758245
0.775091
0.791592
0.809262
0.82462
0.839131
0.854592
0.872237
0.889458
0.896945
0.883448
0.853659
0.834973
0.837225
0.858212
0.899911
0.933892
0.944148
0.933759
0.883069
0.856903
0.859981
0.885306
0.911981
0.919672
0.906375
0.876633
0.86822
0.873618
0.903514
0.943094
0.970883
0.985651
0.992657
0.995792
0.997057
0.9974
0.997639
0.998106
0.998659
0.999144
0.999497
0.999725
0.999859
0.999933
0.99997
0.999988
0.999995
0.999998
0.999999
0.999999
0.999998
0.999994
0.999974
0.999895
0.999601
0.998561
0.994968
0.982529
0.938953
0.80184
0.618309
0.458991
0.32878
0.227354
0.151881
0.0981058
0.0613392
0.0371656
0.0218484
0.0124756
0.00692621
0.00374191
0.00196859
0.00100906
0.000504145
0.000245583
0.000116659
5.40423e-05
2.44127e-05
1.07518e-05
4.61527e-06
1.93015e-06
7.86037e-07
3.11535e-07
1.20093e-07
4.4991e-08
1.63686e-08
5.78644e-09
1.987e-09
6.62187e-10
2.14461e-10
6.64577e-11
0.103598
0.537953
0.78236
0.809559
0.813939
0.806354
0.760634
0.637846
0.499356
0.445116
0.425999
0.420951
0.415823
0.389937
0.314161
0.193164
0.117298
0.0847404
0.0661596
0.0614504
0.0763996
0.102287
0.137493
0.159091
0.169792
0.17784
0.195343
0.227049
0.302711
0.462537
0.566393
0.590543
0.550347
0.466818
0.445963
0.661043
0.797396
0.835721
0.846898
0.84953
0.846966
0.840897
0.826196
0.802787
0.791859
0.778402
0.755291
0.733858
0.70678
0.681888
0.663968
0.65577
0.65346
0.653053
0.65326
0.655366
0.660383
0.664044
0.664706
0.651361
0.635534
0.613719
0.59896
0.582704
0.568649
0.557125
0.545548
0.535568
0.530569
0.528173
0.527553
0.531376
0.53595
0.543792
0.551096
0.558669
0.569068
0.580728
0.592963
0.606991
0.624997
0.645422
0.66493
0.682639
0.697041
0.710055
0.725835
0.745759
0.766384
0.787819
0.804553
0.815651
0.824243
0.836925
0.859333
0.889556
0.914463
0.929565
0.932357
0.909269
0.872673
0.862043
0.879407
0.915837
0.945686
0.956819
0.949504
0.908825
0.881533
0.882449
0.90565
0.931087
0.940856
0.936443
0.916212
0.905871
0.908244
0.930302
0.958885
0.978741
0.989906
0.995263
0.997653
0.998675
0.999048
0.999128
0.99916
0.999271
0.999519
0.999714
0.999842
0.999918
0.99996
0.999982
0.999992
0.999997
0.999999
0.999999
0.999999
0.999999
0.999997
0.999989
0.999956
0.999833
0.999396
0.997873
0.992556
0.973836
0.908741
0.736244
0.552925
0.399187
0.277367
0.185788
0.120162
0.0751618
0.0455373
0.0267593
0.0152699
0.00847006
0.00457059
0.0024009
0.00122829
0.000612228
0.000297379
0.00014078
6.49535e-05
2.92033e-05
1.27916e-05
5.45661e-06
2.26592e-06
9.15511e-07
3.59713e-07
1.37358e-07
5.09346e-08
1.83417e-08
6.41498e-09
2.17747e-09
7.18366e-10
2.27247e-10
0.116824
0.588327
0.793699
0.814404
0.815216
0.799612
0.736458
0.604038
0.484304
0.443878
0.436859
0.435133
0.420439
0.388197
0.305209
0.182646
0.118041
0.0955696
0.0878444
0.0862835
0.0967348
0.114308
0.130973
0.147003
0.161914
0.179704
0.20912
0.269462
0.419825
0.5395
0.565906
0.551802
0.49467
0.481221
0.598814
0.784331
0.835086
0.848762
0.851748
0.849883
0.844841
0.833147
0.811282
0.795095
0.780941
0.756225
0.736745
0.714703
0.6915
0.674259
0.658981
0.64894
0.645932
0.645164
0.645613
0.647086
0.646378
0.637571
0.624553
0.609101
0.595201
0.582711
0.570672
0.549817
0.530413
0.509204
0.486936
0.470899
0.462308
0.459235
0.462008
0.470569
0.484498
0.500742
0.516398
0.531793
0.545321
0.5566
0.567066
0.578278
0.591424
0.606492
0.621638
0.63664
0.651864
0.670494
0.693389
0.718488
0.745105
0.765378
0.773653
0.768194
0.756349
0.754166
0.769821
0.82119
0.885974
0.926451
0.946708
0.955989
0.953547
0.929555
0.9083
0.912316
0.938844
0.960303
0.968926
0.965523
0.941259
0.916392
0.913415
0.928524
0.950695
0.962116
0.963922
0.958306
0.947919
0.94577
0.954473
0.973238
0.985878
0.993319
0.997009
0.99866
0.999357
0.999639
0.999733
0.999755
0.999768
0.999806
0.999873
0.999926
0.99996
0.99998
0.99999
0.999996
0.999998
0.999999
1
1
1
0.999999
0.999994
0.999977
0.999912
0.999677
0.99884
0.995856
0.985218
0.947762
0.821233
0.622358
0.450762
0.313594
0.210041
0.135737
0.0848023
0.051306
0.0301024
0.017148
0.00949321
0.00511114
0.00267781
0.00136581
0.000678389
0.000328191
0.000154651
7.09776e-05
3.17212e-05
1.38007e-05
5.84278e-06
2.40604e-06
9.63294e-07
3.7477e-07
1.41616e-07
5.19447e-08
1.85021e-08
6.39609e-09
2.14919e-09
6.9372e-10
0.128578
0.607925
0.798336
0.816251
0.815597
0.794953
0.725186
0.590532
0.483134
0.454119
0.445065
0.443544
0.444104
0.433143
0.392403
0.297281
0.197125
0.150829
0.127657
0.118679
0.117255
0.131863
0.142012
0.161959
0.185442
0.226591
0.305782
0.435745
0.518608
0.542479
0.54108
0.511895
0.504763
0.574713
0.763675
0.832042
0.84975
0.853392
0.852695
0.848479
0.838359
0.817285
0.79025
0.776488
0.756832
0.735595
0.716789
0.698736
0.679182
0.666344
0.656592
0.646523
0.642192
0.639728
0.637059
0.628777
0.617534
0.607687
0.596677
0.585401
0.573027
0.555282
0.52474
0.485238
0.447915
0.411411
0.385438
0.371413
0.365854
0.365005
0.375745
0.391642
0.415999
0.441256
0.469666
0.496907
0.519671
0.538174
0.554105
0.567649
0.57966
0.592855
0.607214
0.621614
0.635497
0.64947
0.664808
0.685272
0.707381
0.720099
0.719728
0.714295
0.704951
0.701785
0.704164
0.721071
0.78102
0.872047
0.930375
0.957933
0.970641
0.975787
0.972486
0.95718
0.949855
0.958883
0.974144
0.980677
0.980515
0.972303
0.954609
0.946943
0.952101
0.968393
0.978563
0.982373
0.982143
0.978075
0.97409
0.975165
0.983578
0.9915
0.995924
0.998188
0.999232
0.999672
0.999846
0.99991
0.999931
0.999941
0.999951
0.999963
0.999975
0.999985
0.999992
0.999996
0.999998
0.999999
1
1
1
1
0.999999
0.999996
0.999985
0.999943
0.999786
0.999211
0.997105
0.98946
0.962085
0.865121
0.662811
0.480289
0.333581
0.222905
0.143678
0.0895244
0.0540168
0.0316045
0.0179504
0.00990537
0.00531415
0.00277325
0.00140833
0.000696124
0.000334956
0.00015689
7.15235e-05
3.17272e-05
1.36901e-05
5.74376e-06
2.34228e-06
9.27989e-07
3.57089e-07
1.33377e-07
4.83674e-08
1.70231e-08
5.82371e-09
1.91683e-09
0.132911
0.615045
0.800823
0.817922
0.816945
0.79315
0.721715
0.595838
0.499256
0.467899
0.457378
0.454161
0.453417
0.453164
0.44459
0.416827
0.367555
0.297418
0.254365
0.229303
0.2184
0.21644
0.238978
0.272419
0.330408
0.4024
0.477441
0.512044
0.52644
0.529405
0.520683
0.521738
0.574327
0.75004
0.826296
0.849383
0.85436
0.854741
0.851665
0.842957
0.821727
0.78863
0.77158
0.754707
0.728196
0.706958
0.695113
0.684155
0.670284
0.659068
0.649525
0.641697
0.633999
0.627938
0.620457
0.613171
0.605455
0.596529
0.584483
0.56901
0.543316
0.504118
0.453551
0.402771
0.359894
0.326669
0.303794
0.289588
0.283693
0.284041
0.294382
0.316157
0.345146
0.381439
0.423344
0.463086
0.49707
0.523518
0.545009
0.563068
0.577735
0.590299
0.604357
0.618888
0.632831
0.645617
0.658609
0.675751
0.692623
0.701933
0.704202
0.703533
0.699301
0.696224
0.696602
0.703035
0.726238
0.791376
0.874413
0.9343
0.966732
0.980998
0.987723
0.989107
0.985405
0.977744
0.977807
0.985365
0.990104
0.990895
0.989247
0.982318
0.975302
0.974946
0.981855
0.989272
0.992267
0.992713
0.99185
0.989592
0.989093
0.991166
0.995443
0.997844
0.999039
0.999594
0.999834
0.999931
0.999967
0.999979
0.999984
0.999987
0.99999
0.999993
0.999995
0.999997
0.999999
0.999999
1
1
1
1
1
0.999999
0.999997
0.999989
0.999956
0.99983
0.999355
0.997566
0.990937
0.966777
0.880007
0.677542
0.48911
0.338331
0.225134
0.144519
0.0896856
0.0538955
0.0314024
0.0177575
0.00975316
0.00520624
0.00270223
0.00136422
0.000670028
0.000320155
0.000148816
6.72761e-05
2.95717e-05
1.2634e-05
5.24462e-06
2.11466e-06
8.28004e-07
3.14722e-07
1.16122e-07
4.15829e-08
1.44742e-08
4.85379e-09
0.128512
0.608376
0.80164
0.818957
0.818118
0.798558
0.736952
0.622084
0.526519
0.491251
0.476313
0.470703
0.469495
0.469914
0.470789
0.468467
0.45734
0.444924
0.430474
0.419609
0.414672
0.413624
0.428847
0.444104
0.472801
0.493091
0.511767
0.519635
0.523454
0.52516
0.534629
0.586924
0.744338
0.820918
0.847574
0.854289
0.85524
0.854027
0.847604
0.830402
0.791251
0.761098
0.744164
0.726612
0.708098
0.688808
0.676634
0.667877
0.659331
0.651835
0.645203
0.637603
0.628378
0.619494
0.610809
0.601238
0.589674
0.575202
0.559059
0.532362
0.489565
0.437491
0.381357
0.327738
0.285039
0.251994
0.225068
0.204244
0.191788
0.186152
0.190813
0.205723
0.234713
0.279642
0.334768
0.396045
0.449956
0.492224
0.52508
0.554705
0.579362
0.59953
0.614252
0.631412
0.648255
0.662692
0.675581
0.69008
0.703612
0.713067
0.718404
0.720235
0.719882
0.715008
0.710189
0.710922
0.723427
0.77081
0.848053
0.910191
0.951354
0.97595
0.988321
0.993873
0.995575
0.995049
0.992503
0.99145
0.993497
0.996007
0.996544
0.996204
0.994272
0.991618
0.990662
0.992065
0.995582
0.997084
0.997357
0.997153
0.996414
0.996061
0.996353
0.997825
0.998995
0.99956
0.999817
0.999927
0.999971
0.999987
0.999993
0.999996
0.999997
0.999998
0.999998
0.999999
0.999999
1
1
1
1
1
1
1
0.999999
0.999998
0.99999
0.99996
0.999843
0.999385
0.997618
0.990946
0.966259
0.876646
0.670401
0.481124
0.330861
0.21893
0.139777
0.0862784
0.0515659
0.0298755
0.016794
0.00916638
0.00486065
0.00250513
0.00125522
0.000611514
0.00028965
0.000133366
5.96783e-05
2.59449e-05
1.09556e-05
4.492e-06
1.78816e-06
6.90959e-07
2.59174e-07
9.43477e-08
3.33836e-08
1.13933e-08
0.122804
0.58923
0.798358
0.819558
0.82036
0.80897
0.763735
0.670291
0.573215
0.531088
0.509349
0.496001
0.491175
0.490089
0.490451
0.491367
0.491465
0.490321
0.487622
0.486326
0.485982
0.48889
0.492414
0.497507
0.505225
0.509138
0.515865
0.521184
0.528929
0.548517
0.610131
0.748028
0.816688
0.843798
0.85218
0.854204
0.853872
0.849377
0.83618
0.806575
0.768299
0.743484
0.72449
0.704584
0.686088
0.673199
0.664856
0.658848
0.651876
0.645326
0.638652
0.631302
0.621172
0.610393
0.601196
0.593291
0.582798
0.56645
0.543575
0.508473
0.457116
0.393561
0.331337
0.2768
0.23394
0.201157
0.175466
0.15802
0.149133
0.147011
0.149972
0.157971
0.173263
0.202223
0.249507
0.315185
0.386754
0.444552
0.482827
0.523718
0.569897
0.609468
0.648977
0.679185
0.706689
0.730967
0.75049
0.765235
0.77638
0.788547
0.800812
0.806367
0.805823
0.797351
0.776268
0.76611
0.766182
0.782422
0.844124
0.906415
0.947263
0.972233
0.986441
0.993838
0.997197
0.99833
0.998397
0.998033
0.997884
0.998262
0.998859
0.998945
0.998833
0.998288
0.99775
0.997616
0.997842
0.998736
0.999149
0.999203
0.999143
0.998968
0.998907
0.998944
0.999261
0.999638
0.999836
0.99993
0.999972
0.999989
0.999996
0.999998
0.999999
0.999999
1
1
1
1
1
1
1
1
1
1
1
0.999999
0.999998
0.99999
0.99996
0.999837
0.999344
0.997405
0.989963
0.96212
0.860325
0.648771
0.462189
0.3156
0.207432
0.131561
0.0806638
0.0478767
0.0275378
0.0153628
0.00831868
0.00437434
0.00223461
0.00110917
0.000534947
0.000250658
0.000114083
5.04216e-05
2.16357e-05
9.01134e-06
3.64291e-06
1.42926e-06
5.44349e-07
2.01234e-07
7.23034e-08
2.50791e-08
0.10223
0.526323
0.788917
0.818771
0.821139
0.815771
0.789547
0.731717
0.653343
0.607225
0.584635
0.560169
0.546721
0.540499
0.534874
0.529295
0.52563
0.521603
0.517779
0.514553
0.51178
0.510734
0.511478
0.512548
0.514008
0.517653
0.524381
0.535406
0.563951
0.633105
0.751389
0.810065
0.836512
0.846708
0.850585
0.850423
0.845219
0.832628
0.807862
0.767063
0.738467
0.720101
0.705639
0.692295
0.675389
0.662651
0.654043
0.649374
0.645892
0.641637
0.635952
0.627101
0.616711
0.605846
0.594844
0.581917
0.566864
0.547455
0.518427
0.477652
0.421468
0.359183
0.298764
0.246617
0.205844
0.175914
0.155202
0.143375
0.138969
0.138852
0.14085
0.146564
0.158042
0.177314
0.214603
0.276088
0.350398
0.419893
0.462637
0.486683
0.529472
0.595206
0.66497
0.733415
0.787887
0.828796
0.859125
0.879772
0.894968
0.910574
0.926467
0.936998
0.939977
0.936496
0.915283
0.889564
0.880972
0.880508
0.891286
0.928528
0.956234
0.974494
0.986601
0.993701
0.997375
0.998934
0.999456
0.999573
0.999584
0.999605
0.999691
0.999728
0.999722
0.999672
0.999557
0.999508
0.999517
0.999624
0.999754
0.999793
0.999793
0.999776
0.999759
0.999761
0.999794
0.999872
0.999927
0.999962
0.999982
0.999992
0.999997
0.999999
0.999999
1
1
1
1
1
1
1
1
1
1
1
1
1
0.999999
0.999998
0.999989
0.999955
0.999811
0.999224
0.996883
0.98782
0.953757
0.830478
0.616409
0.435035
0.294664
0.192163
0.12092
0.0735394
0.0432806
0.0246757
0.0136401
0.00731528
0.00380811
0.00192472
0.000944579
0.000450075
0.000208178
9.34529e-05
4.07082e-05
1.72044e-05
7.05465e-06
2.80674e-06
1.08385e-06
4.06283e-07
1.48047e-07
5.21501e-08
0.0695047
0.434104
0.768781
0.815542
0.82129
0.820431
0.809987
0.780809
0.740702
0.708494
0.692559
0.67724
0.666585
0.662339
0.656903
0.647581
0.637592
0.622871
0.605235
0.590978
0.575524
0.559631
0.546669
0.540339
0.538033
0.542598
0.556919
0.58762
0.657976
0.743058
0.798455
0.824305
0.836955
0.84279
0.842008
0.833223
0.814283
0.781941
0.743921
0.713589
0.6936
0.681268
0.672771
0.669826
0.664068
0.656128
0.648872
0.643233
0.639213
0.636513
0.633321
0.626934
0.617003
0.606336
0.595265
0.581921
0.56375
0.540613
0.510111
0.470847
0.420753
0.361375
0.302004
0.249996
0.208833
0.178496
0.157546
0.145126
0.140037
0.139553
0.140612
0.145031
0.156763
0.173487
0.204654
0.262791
0.338304
0.41147
0.458679
0.481539
0.503722
0.556265
0.654134
0.742967
0.810218
0.856437
0.888813
0.912536
0.931503
0.948112
0.962721
0.974017
0.981099
0.983567
0.982721
0.977461
0.974199
0.974329
0.976857
0.983865
0.988546
0.990955
0.993205
0.995786
0.997883
0.999131
0.999665
0.999835
0.999881
0.999904
0.999922
0.999926
0.999925
0.999916
0.999891
0.999876
0.999876
0.999892
0.999926
0.99994
0.999942
0.99994
0.999936
0.999937
0.999944
0.999963
0.999977
0.999987
0.999993
0.999996
0.999998
0.999999
1
1
1
1
1
1
1
1
1
1
1
1
1
1
1
0.999999
0.999997
0.999987
0.999942
0.999753
0.998974
0.995855
0.983777
0.938478
0.78503
0.573448
0.400811
0.269065
0.173905
0.10843
0.0653188
0.0380648
0.0214813
0.0117492
0.00623194
0.0032067
0.00160093
0.000775435
0.00036435
0.00016604
7.33783e-05
3.1445e-05
1.3068e-05
5.26748e-06
2.06029e-06
7.82179e-07
2.88642e-07
1.03077e-07
0.0493015
0.328483
0.732143
0.80803
0.819633
0.821559
0.817756
0.800111
0.784975
0.782161
0.782307
0.785389
0.79064
0.795339
0.798764
0.800271
0.798593
0.790693
0.776439
0.75329
0.729558
0.69867
0.664097
0.635676
0.623126
0.619469
0.641471
0.688441
0.734598
0.780309
0.806033
0.822066
0.829234
0.825841
0.807598
0.772886
0.730373
0.696415
0.673031
0.65514
0.64262
0.63475
0.63144
0.631543
0.637995
0.643136
0.64116
0.638183
0.635283
0.632505
0.630279
0.626572
0.618879
0.608548
0.5978
0.584415
0.566195
0.542938
0.512953
0.475206
0.427475
0.372165
0.315182
0.263565
0.221416
0.189873
0.167861
0.153005
0.146734
0.146742
0.148747
0.155069
0.172679
0.193314
0.217088
0.266026
0.343024
0.41786
0.466076
0.487292
0.502527
0.533783
0.621893
0.726856
0.802205
0.851511
0.88584
0.912184
0.933702
0.952
0.967497
0.979557
0.987809
0.992608
0.994637
0.99504
0.994933
0.994987
0.995478
0.996801
0.997742
0.998274
0.998628
0.998949
0.999259
0.999554
0.99979
0.999909
0.99995
0.999966
0.999974
0.999976
0.999976
0.999974
0.999966
0.999959
0.999958
0.99996
0.999972
0.999979
0.99998
0.99998
0.999979
0.999979
0.99998
0.999986
0.999992
0.999995
0.999997
0.999999
0.999999
1
1
1
1
1
1
1
1
1
1
1
1
1
1
1
1
1
0.999999
0.999996
0.999981
0.999918
0.999649
0.99854
0.994121
0.977121
0.913773
0.728351
0.525596
0.363639
0.241619
0.15454
0.0953264
0.0567954
0.0327263
0.0182561
0.00986652
0.00516843
0.00262466
0.00129211
0.000616568
0.000285133
0.000127779
5.54886e-05
2.3354e-05
9.52881e-06
3.77121e-06
1.44835e-06
5.40564e-07
1.95402e-07
0.0336542
0.211613
0.662043
0.794206
0.813765
0.820499
0.821216
0.811649
0.803938
0.803781
0.808746
0.819974
0.830649
0.838317
0.846911
0.854099
0.857881
0.859704
0.854896
0.846238
0.833228
0.81676
0.796002
0.767352
0.730966
0.715391
0.711597
0.730674
0.762975
0.787106
0.801196
0.807056
0.801036
0.775371
0.734456
0.691805
0.658274
0.637596
0.622821
0.611547
0.603657
0.598139
0.59638
0.597063
0.601089
0.611196
0.622266
0.627821
0.628662
0.628048
0.627046
0.625139
0.62127
0.613714
0.604871
0.591008
0.573104
0.550211
0.520835
0.487987
0.444668
0.393872
0.34013
0.289657
0.246784
0.214039
0.190506
0.171645
0.163242
0.163484
0.166558
0.175137
0.192178
0.217298
0.259643
0.316205
0.387463
0.456117
0.499019
0.514336
0.519967
0.533279
0.583025
0.69027
0.768579
0.818651
0.85707
0.892371
0.923711
0.948564
0.966961
0.980143
0.988963
0.994206
0.996961
0.998245
0.998776
0.998972
0.999118
0.999296
0.999432
0.999527
0.999612
0.999701
0.999789
0.999863
0.999921
0.999958
0.999977
0.999985
0.999989
0.999991
0.999991
0.99999
0.999988
0.999984
0.999983
0.999983
0.999987
0.999991
0.999992
0.999992
0.999992
0.999992
0.999992
0.999994
0.999996
0.999998
0.999999
0.999999
1
1
1
1
1
1
1
1
1
1
1
1
1
1
1
1
1
1
1
0.999999
0.999994
0.999972
0.999877
0.999475
0.997831
0.99135
0.96668
0.875503
0.666929
0.476599
0.325903
0.213993
0.135236
0.0824102
0.0485009
0.027602
0.0152035
0.00810946
0.00418971
0.00209659
0.00101607
0.000476804
0.000216635
9.53018e-05
4.06037e-05
1.67601e-05
6.70688e-06
2.60349e-06
9.81767e-07
3.58802e-07
0.0239302
0.122406
0.525638
0.771427
0.804413
0.814151
0.823265
0.823031
0.814229
0.812482
0.818465
0.834971
0.851872
0.859623
0.865964
0.872573
0.878437
0.887872
0.892885
0.894583
0.880629
0.860485
0.844031
0.829925
0.812239
0.781273
0.762775
0.758489
0.768193
0.784492
0.789787
0.791013
0.779751
0.749094
0.706039
0.661781
0.629742
0.612368
0.600601
0.59185
0.585697
0.580862
0.578228
0.577545
0.578837
0.582641
0.589696
0.601119
0.611721
0.618558
0.621007
0.621401
0.62018
0.616736
0.612482
0.604175
0.59088
0.565534
0.536451
0.503542
0.466752
0.427387
0.38194
0.333815
0.28801
0.253606
0.230444
0.20753
0.196083
0.196436
0.200603
0.21347
0.233627
0.259093
0.309264
0.373151
0.430708
0.481095
0.520341
0.539623
0.544207
0.547956
0.566442
0.642634
0.720397
0.769491
0.814784
0.862983
0.907208
0.941996
0.96559
0.980347
0.989419
0.994724
0.997515
0.998858
0.999459
0.999703
0.999798
0.999835
0.999848
0.999854
0.999867
0.999891
0.999921
0.999948
0.999969
0.999983
0.99999
0.999993
0.999995
0.999996
0.999996
0.999996
0.999995
0.999994
0.999993
0.999993
0.999993
0.999995
0.999997
0.999997
0.999997
0.999996
0.999996
0.999997
0.999998
0.999999
0.999999
1
1
1
1
1
1
1
1
1
1
1
1
1
1
1
1
1
1
1
1
1
0.999998
0.99999
0.999956
0.999809
0.99919
0.996696
0.986998
0.950515
0.820026
0.607058
0.42755
0.28841
0.186838
0.116504
0.0700602
0.0406929
0.0228534
0.0124176
0.00652967
0.00332272
0.00163596
0.00077919
0.000358977
0.000159981
6.89898e-05
2.88012e-05
1.16488e-05
4.56794e-06
1.73922e-06
6.42092e-07
0.0195279
0.0655366
0.326736
0.713185
0.794317
0.804543
0.813744
0.83302
0.837139
0.835859
0.841409
0.857954
0.864542
0.866681
0.866848
0.865281
0.866583
0.881919
0.902491
0.925662
0.938436
0.926721
0.88475
0.852748
0.839827
0.833746
0.811576
0.79065
0.78036
0.784022
0.786743
0.786621
0.777173
0.748579
0.705526
0.660484
0.626875
0.608624
0.596984
0.588608
0.5827
0.577863
0.574526
0.572522
0.571768
0.572222
0.573952
0.577909
0.583855
0.593841
0.605844
0.61286
0.616
0.615413
0.613612
0.610596
0.604688
0.592922
0.569555
0.533928
0.494566
0.453533
0.413407
0.376721
0.337
0.301579
0.27946
0.256424
0.244496
0.245134
0.250217
0.262657
0.288058
0.323196
0.369129
0.435204
0.49518
0.532025
0.549541
0.556681
0.558407
0.559566
0.565784
0.600978
0.667041
0.720938
0.78054
0.843903
0.898825
0.938812
0.965125
0.981164
0.990306
0.995195
0.997771
0.999046
0.99961
0.99984
0.999925
0.99995
0.999953
0.999952
0.999952
0.999956
0.999966
0.999977
0.999986
0.999992
0.999996
0.999997
0.999998
0.999998
0.999998
0.999998
0.999998
0.999998
0.999997
0.999997
0.999997
0.999997
0.999998
0.999999
0.999999
0.999998
0.999998
0.999998
0.999999
0.999999
1
1
1
1
1
1
1
1
1
1
1
1
1
1
1
1
1
1
1
1
1
1
0.999999
0.999997
0.999984
0.99993
0.999695
0.998728
0.994884
0.980142
0.925237
0.753084
0.546013
0.378629
0.251577
0.160596
0.098726
0.0585536
0.033547
0.0185798
0.00995002
0.00515184
0.00257841
0.00124704
0.000582779
0.000263178
0.000114888
4.85087e-05
1.98272e-05
7.85226e-06
3.01747e-06
1.12476e-06
0.0181457
0.0387411
0.169976
0.539444
0.768334
0.798462
0.804862
0.819765
0.842238
0.852995
0.856817
0.859573
0.860216
0.851268
0.829867
0.823047
0.827053
0.830894
0.84551
0.893183
0.946806
0.967672
0.972555
0.913772
0.854089
0.84194
0.842167
0.827782
0.809896
0.79246
0.788443
0.78698
0.778585
0.753258
0.71139
0.666056
0.630778
0.611345
0.599446
0.591153
0.585295
0.58044
0.576744
0.574083
0.572417
0.571663
0.57147
0.57196
0.57322
0.576133
0.58155
0.589913
0.603887
0.609836
0.611322
0.610425
0.608391
0.604156
0.594829
0.576443
0.546936
0.503247
0.458187
0.423974
0.385963
0.350886
0.330183
0.307834
0.300133
0.302095
0.309442
0.328338
0.353536
0.392914
0.450924
0.504706
0.538403
0.553947
0.561044
0.564133
0.564981
0.565339
0.567317
0.579066
0.619593
0.680361
0.751597
0.823548
0.885582
0.932231
0.962862
0.980874
0.990663
0.995681
0.99807
0.999165
0.999667
0.999876
0.999953
0.999978
0.999983
0.999983
0.999982
0.999982
0.999984
0.999989
0.999993
0.999996
0.999998
0.999999
0.999999
0.999999
0.999999
0.999999
0.999999
0.999999
0.999999
0.999998
0.999998
0.999999
0.999999
0.999999
0.999999
0.999999
0.999999
0.999999
0.999999
1
1
1
1
1
1
1
1
1
1
1
1
1
1
1
1
1
1
1
1
1
1
1
1
0.999999
0.999994
0.999974
0.999884
0.999505
0.997964
0.99193
0.969032
0.884301
0.678309
0.484149
0.33015
0.215871
0.135735
0.0822539
0.0481089
0.0271793
0.0148349
0.0078215
0.00398196
0.00195685
0.000928117
0.00042488
0.000187812
8.02159e-05
3.31357e-05
1.32525e-05
5.13909e-06
1.93358e-06
0.0185872
0.027437
0.0941322
0.295291
0.655795
0.778006
0.797242
0.806513
0.830604
0.852362
0.859345
0.861151
0.857558
0.836104
0.812719
0.81402
0.828265
0.826285
0.829343
0.855796
0.921855
0.968443
0.988223
0.990248
0.932418
0.846775
0.843161
0.843533
0.836554
0.821336
0.801805
0.792413
0.783664
0.763401
0.726232
0.682838
0.645892
0.624774
0.613096
0.605954
0.600942
0.596618
0.592271
0.587591
0.582811
0.578287
0.575102
0.573242
0.572678
0.572747
0.57352
0.575756
0.580671
0.591531
0.60235
0.606998
0.607002
0.605925
0.603189
0.596621
0.584691
0.560714
0.522647
0.491748
0.453229
0.419942
0.397638
0.374887
0.370976
0.374252
0.383715
0.40544
0.435336
0.477632
0.522629
0.548327
0.559696
0.563965
0.566031
0.567402
0.568046
0.568221
0.568949
0.57361
0.590885
0.644299
0.716884
0.793191
0.864226
0.919846
0.956996
0.978714
0.990127
0.995654
0.998176
0.999271
0.999716
0.999894
0.999963
0.999986
0.999992
0.999993
0.999993
0.999993
0.999993
0.999995
0.999997
0.999998
0.999999
0.999999
0.999999
0.999999
1
1
1
1
0.999999
0.999999
0.999999
0.999999
1
1
1
1
1
1
1
1
1
1
1
1
1
1
1
1
1
1
1
1
1
1
1
1
1
1
1
1
1
1
1
1
0.999998
0.99999
0.999956
0.999805
0.999179
0.996668
0.986941
0.950286
0.818614
0.603361
0.422448
0.283106
0.182205
0.112904
0.0674721
0.0389188
0.0216707
0.0116446
0.00603518
0.00301559
0.00145235
0.000674261
0.000301884
0.000130449
5.44625e-05
2.19966e-05
8.60673e-06
3.26809e-06
0.0205413
0.0256837
0.0615762
0.168399
0.38938
0.682909
0.774551
0.794746
0.809333
0.840603
0.856545
0.86093
0.859622
0.850346
0.828701
0.837488
0.843109
0.834167
0.83549
0.856761
0.920854
0.969252
0.988381
0.996699
0.994909
0.934956
0.842158
0.839554
0.842692
0.839765
0.830361
0.813159
0.798039
0.783707
0.757112
0.72301
0.689411
0.668946
0.659598
0.654684
0.648781
0.640473
0.629721
0.618171
0.607165
0.597516
0.589463
0.582685
0.577231
0.574088
0.572795
0.572847
0.573663
0.57631
0.581891
0.594532
0.601634
0.603718
0.603082
0.60136
0.597644
0.58986
0.569981
0.552821
0.525326
0.498
0.479452
0.460095
0.457876
0.461168
0.470372
0.487588
0.519296
0.544228
0.5587
0.565102
0.567448
0.568046
0.56828
0.569565
0.571591
0.572075
0.572308
0.574096
0.582272
0.608096
0.675328
0.757943
0.838413
0.903843
0.948567
0.974945
0.988729
0.995254
0.998107
0.999279
0.999738
0.999909
0.999969
0.99999
0.999996
0.999997
0.999997
0.999997
0.999997
0.999997
0.999998
0.999999
0.999999
1
1
1
1
1
1
1
1
1
1
1
1
1
1
1
1
1
1
1
1
1
1
1
1
1
1
1
1
1
1
1
1
1
1
1
1
1
1
1
1
1
1
1
0.999999
0.999996
0.999983
0.999922
0.999663
0.9986
0.994385
0.978164
0.917295
0.734004
0.527428
0.362633
0.239142
0.1517
0.0927399
0.0546824
0.0310973
0.0170475
0.00900233
0.00457661
0.00223925
0.00105457
0.000478301
0.000209107
8.82298e-05
3.59803e-05
1.4202e-05
5.44094e-06
0.0248465
0.0321835
0.0515474
0.111961
0.239906
0.459188
0.680366
0.761952
0.788985
0.813637
0.842594
0.855764
0.858645
0.857593
0.856681
0.854255
0.844903
0.82496
0.836217
0.889636
0.964569
0.989681
0.996417
0.998627
0.99891
0.994187
0.918603
0.841889
0.838841
0.841734
0.840623
0.834948
0.823622
0.80894
0.789374
0.765825
0.741703
0.725244
0.714979
0.704711
0.689701
0.670535
0.650034
0.631203
0.616087
0.604523
0.595673
0.588987
0.583142
0.578055
0.574417
0.572624
0.571957
0.572298
0.573616
0.577091
0.585777
0.595588
0.599964
0.600062
0.599245
0.597186
0.590509
0.583684
0.570639
0.553858
0.543867
0.53121
0.529671
0.532036
0.538253
0.551035
0.561679
0.568065
0.570453
0.570409
0.570075
0.569796
0.569907
0.571724
0.577076
0.578531
0.578192
0.578275
0.581854
0.595349
0.633998
0.72233
0.813637
0.888688
0.940348
0.970983
0.987052
0.994644
0.997925
0.99924
0.999735
0.999912
0.999972
0.999991
0.999997
0.999998
0.999999
0.999999
0.999999
0.999999
0.999999
0.999999
1
1
1
1
1
1
1
1
1
1
1
1
1
1
1
1
1
1
1
1
1
1
1
1
1
1
1
1
1
1
1
1
1
1
1
1
1
1
1
1
1
1
1
1
1
0.999999
0.999993
0.999969
0.99986
0.999402
0.997541
0.990224
0.96221
0.85763
0.642786
0.454499
0.307612
0.200104
0.125357
0.0756815
0.0440218
0.0246508
0.0132758
0.00687121
0.00341665
0.00163243
0.00074995
0.000331637
0.000141366
5.81843e-05
2.31576e-05
8.94722e-06
0.0561372
0.0487173
0.0493342
0.0612397
0.0931735
0.142779
0.263323
0.442971
0.673883
0.752276
0.801281
0.831315
0.845502
0.851368
0.849191
0.833007
0.796175
0.809198
0.854556
0.949377
0.985534
0.995904
0.998724
0.999558
0.999695
0.999228
0.985295
0.890784
0.840019
0.839153
0.841272
0.8407
0.837252
0.829293
0.813351
0.796382
0.777754
0.762595
0.749877
0.733982
0.710939
0.683092
0.655754
0.633298
0.617324
0.606179
0.598452
0.592785
0.587574
0.582683
0.578013
0.574311
0.57233
0.57096
0.570913
0.571508
0.573634
0.578427
0.589271
0.59522
0.597044
0.596658
0.594938
0.592795
0.588793
0.580972
0.576361
0.570106
0.568359
0.568868
0.570354
0.57347
0.574879
0.574516
0.573244
0.571814
0.570959
0.570847
0.571383
0.575705
0.586756
0.590183
0.589656
0.58794
0.588502
0.594983
0.617737
0.688137
0.793252
0.877659
0.934967
0.968537
0.985976
0.9942
0.997762
0.99919
0.999723
0.99991
0.999972
0.999992
0.999998
0.999999
0.999999
0.999999
0.999999
0.999999
0.999999
1
1
1
1
1
1
1
1
1
1
1
1
1
1
1
1
1
1
1
1
1
1
1
1
1
1
1
1
1
1
1
1
1
1
1
1
1
1
1
1
1
1
1
1
1
1
0.999999
0.999997
0.999987
0.999941
0.999739
0.998903
0.995544
0.982447
0.932709
0.768707
0.558681
0.388957
0.260108
0.167384
0.103704
0.0618193
0.0354147
0.0194729
0.0102676
0.00518981
0.00251542
0.00117011
0.000523102
0.000225123
9.34506e-05
3.74755e-05
1.45912e-05
0.932362
0.871643
0.812046
0.698193
0.566387
0.479767
0.413885
0.417936
0.440236
0.498441
0.577944
0.658452
0.710318
0.740337
0.738463
0.744929
0.772558
0.850788
0.949977
0.984873
0.995681
0.998771
0.999623
0.999868
0.999911
0.999845
0.997393
0.960058
0.862192
0.835413
0.837721
0.840434
0.839871
0.837346
0.829783
0.816479
0.801007
0.785889
0.770476
0.749448
0.719758
0.686053
0.655595
0.632358
0.617788
0.610373
0.609339
0.611814
0.612465
0.607493
0.594542
0.584044
0.576713
0.57279
0.570765
0.569808
0.56992
0.570883
0.573603
0.580277
0.58857
0.592788
0.593107
0.59262
0.591339
0.589306
0.586488
0.58397
0.582196
0.580555
0.579607
0.578598
0.57756
0.575402
0.573278
0.572028
0.57207
0.572452
0.574093
0.582454
0.599424
0.605275
0.604957
0.601508
0.600606
0.603157
0.617026
0.667568
0.778028
0.870772
0.932139
0.967359
0.98549
0.994009
0.997692
0.999167
0.999717
0.999909
0.999972
0.999992
0.999998
0.999999
1
1
1
1
1
1
1
1
1
1
1
1
1
1
1
1
1
1
1
1
1
1
1
1
1
1
1
1
1
1
1
1
1
1
1
1
1
1
1
1
1
1
1
1
1
1
1
1
1
1
1
1
0.999999
0.999995
0.999976
0.999894
0.999543
0.998105
0.992403
0.97043
0.887895
0.685285
0.493811
0.341363
0.226856
0.144952
0.088943
0.0523192
0.0294556
0.0158555
0.00815798
0.00401433
0.00189147
0.000854863
0.000371356
0.000155418
6.27704e-05
2.46219e-05
0.999517
0.998525
0.996875
0.993855
0.988688
0.981178
0.966821
0.940132
0.889077
0.840896
0.772412
0.729643
0.728886
0.737455
0.763892
0.822028
0.918536
0.96891
0.989556
0.996798
0.999074
0.999734
0.999919
0.999971
0.99998
0.999969
0.999494
0.989705
0.918425
0.847926
0.830286
0.833047
0.838121
0.837527
0.83479
0.827737
0.814215
0.799113
0.781298
0.755713
0.721418
0.683925
0.65111
0.631797
0.624809
0.636746
0.684475
0.737159
0.763061
0.762413
0.725504
0.661439
0.617848
0.592243
0.578631
0.572652
0.570081
0.569133
0.569253
0.570251
0.572678
0.57818
0.584198
0.58775
0.588148
0.58783
0.586868
0.585816
0.584272
0.581888
0.580411
0.578287
0.575445
0.573055
0.57243
0.57298
0.574795
0.576797
0.580782
0.594876
0.616615
0.624764
0.624756
0.620156
0.617279
0.618425
0.62659
0.663198
0.769458
0.867614
0.930625
0.966712
0.985237
0.993914
0.997657
0.999154
0.999713
0.999908
0.999972
0.999992
0.999998
0.999999
1
1
1
1
1
1
1
1
1
1
1
1
1
1
1
1
1
1
1
1
1
1
1
1
1
1
1
1
1
1
1
1
1
1
1
1
1
1
1
1
1
1
1
1
1
1
1
1
1
1
1
1
1
0.999998
0.999992
0.999961
0.99983
0.999282
0.997081
0.988521
0.956098
0.837704
0.631817
0.454706
0.314225
0.208382
0.132338
0.0802883
0.0464389
0.0255793
0.0134168
0.00670766
0.00320184
0.0014626
0.000640977
0.000270261
0.000109837
4.33692e-05
0.999997
0.999988
0.999966
0.999919
0.999816
0.99961
0.999167
0.998161
0.995843
0.991034
0.985223
0.971572
0.965193
0.967855
0.975625
0.985748
0.99319
0.997246
0.999024
0.999687
0.999906
0.999972
0.999991
0.999997
0.999998
0.999996
0.999921
0.997768
0.976798
0.889778
0.838925
0.824833
0.826798
0.832762
0.832459
0.828585
0.81912
0.804084
0.78457
0.755802
0.715714
0.673999
0.648506
0.639807
0.668416
0.77828
0.863766
0.903623
0.92156
0.926001
0.921167
0.893944
0.805897
0.703218
0.636692
0.59989
0.581367
0.573335
0.570113
0.568837
0.568817
0.569278
0.570587
0.573217
0.575624
0.578308
0.579092
0.578839
0.577986
0.576782
0.574337
0.572538
0.571951
0.572035
0.572897
0.577373
0.584774
0.58877
0.595087
0.614143
0.638549
0.648446
0.648672
0.642814
0.637185
0.637659
0.643968
0.671061
0.766027
0.86694
0.931793
0.968098
0.986187
0.994413
0.997877
0.999239
0.999742
0.999917
0.999975
0.999993
0.999998
0.999999
1
1
1
1
1
1
1
1
1
1
1
1
1
1
1
1
1
1
1
1
1
1
1
1
1
1
1
1
1
1
1
1
1
1
1
1
1
1
1
1
1
1
1
1
1
1
1
1
1
1
1
1
1
0.999999
0.999997
0.999987
0.99994
0.999745
0.998958
0.9959
0.984384
0.942071
0.800336
0.602799
0.435457
0.301161
0.198739
0.124731
0.0742713
0.041912
0.0224205
0.0113864
0.00550275
0.002538
0.00112065
0.000475332
0.000194079
7.70084e-05
1
1
1
0.999999
0.999998
0.999995
0.999986
0.999964
0.999904
0.999762
0.999557
0.999113
0.999118
0.999255
0.999469
0.999683
0.999841
0.999932
0.999975
0.999991
0.999997
0.999999
1
1
1
1
0.99999
0.999598
0.994437
0.962007
0.872589
0.832668
0.820733
0.816581
0.818054
0.819249
0.815164
0.803488
0.78091
0.742524
0.698308
0.667403
0.653801
0.677137
0.793963
0.871592
0.90474
0.924094
0.938847
0.950104
0.955313
0.955076
0.94812
0.92002
0.831216
0.721619
0.648616
0.607486
0.585987
0.575713
0.571295
0.569358
0.568632
0.568602
0.568671
0.568862
0.569099
0.569234
0.569357
0.569542
0.569911
0.570925
0.572579
0.574918
0.579994
0.594803
0.609138
0.614846
0.620501
0.636073
0.663726
0.678397
0.67962
0.673393
0.664208
0.664107
0.670141
0.695493
0.782374
0.88127
0.942568
0.974721
0.989643
0.995988
0.998517
0.999475
0.999821
0.999942
0.999982
0.999995
0.999999
1
1
1
1
1
1
1
1
1
1
1
1
1
1
1
1
1
1
1
1
1
1
1
1
1
1
1
1
1
1
1
1
1
1
1
1
1
1
1
1
1
1
1
1
1
1
1
1
1
1
1
1
1
1
1
0.999999
0.999996
0.999981
0.999917
0.999662
0.998679
0.995045
0.982021
0.936384
0.792395
0.60031
0.434417
0.298773
0.194448
0.119412
0.0691234
0.0377415
0.019478
0.0095304
0.00443709
0.00197299
0.000841264
0.000344788
0.000137342
1
1
1
1
1
1
1
1
0.999999
0.999997
0.999993
0.999994
0.999994
0.999995
0.999997
0.999998
0.999999
1
1
1
1
1
1
1
1
1
0.999999
0.999942
0.998919
0.990483
0.949943
0.865559
0.828962
0.81528
0.807118
0.80154
0.796251
0.784399
0.756366
0.719667
0.687397
0.668656
0.675083
0.763532
0.850857
0.878713
0.882172
0.882004
0.899661
0.932524
0.956022
0.967658
0.969725
0.967796
0.956388
0.914486
0.823578
0.736456
0.667239
0.623631
0.598285
0.58414
0.576831
0.57298
0.570942
0.56959
0.569386
0.569625
0.570282
0.571598
0.574197
0.580599
0.5875
0.593754
0.606605
0.630081
0.646918
0.652678
0.654891
0.661048
0.689239
0.717915
0.72294
0.717934
0.705343
0.704591
0.711194
0.74081
0.830023
0.91056
0.958121
0.982277
0.993107
0.997496
0.999138
0.999714
0.999907
0.999971
0.999991
0.999997
0.999999
1
1
1
1
1
1
1
1
1
1
1
1
1
1
1
1
1
1
1
1
1
1
1
1
1
1
1
1
1
1
1
1
1
1
1
1
1
1
1
1
1
1
1
1
1
1
1
1
1
1
1
1
1
1
1
1
0.999999
0.999994
0.999976
0.999901
0.999616
0.998587
0.995003
0.982886
0.942664
0.814599
0.619481
0.445097
0.30104
0.191038
0.11363
0.0634168
0.0332994
0.0165123
0.00776608
0.00347953
0.001492
0.000613915
0.000245487
1
1
1
1
1
1
1
1
1
1
1
1
1
1
1
1
1
1
1
1
1
1
1
1
1
1
1
0.999993
0.999825
0.998078
0.987589
0.946346
0.864177
0.825923
0.809135
0.799122
0.787583
0.76884
0.740755
0.709379
0.685891
0.681695
0.719012
0.815527
0.856004
0.855959
0.843631
0.845335
0.871357
0.91408
0.946015
0.967984
0.979355
0.982262
0.981751
0.977184
0.960264
0.903741
0.820464
0.755285
0.706134
0.667043
0.635892
0.615962
0.604118
0.594967
0.592179
0.59279
0.594913
0.599053
0.607904
0.621512
0.631974
0.643546
0.660638
0.678196
0.68803
0.689781
0.689866
0.693198
0.719293
0.768366
0.781815
0.779577
0.767575
0.766284
0.772947
0.804195
0.881053
0.938498
0.971579
0.98811
0.995474
0.998411
0.999472
0.99983
0.999946
0.999983
0.999995
0.999998
0.999999
1
1
1
1
1
1
1
1
1
1
1
1
1
1
1
1
1
1
1
1
1
1
1
1
1
1
1
1
1
1
1
1
1
1
1
1
1
1
1
1
1
1
1
1
1
1
1
1
1
1
1
1
1
1
1
1
1
0.999998
0.999993
0.999974
0.999898
0.99963
0.998713
0.995682
0.985856
0.95417
0.85055
0.646395
0.455554
0.299417
0.183399
0.104839
0.0561166
0.0282507
0.013444
0.00607808
0.00262429
0.00108533
0.000436039
1
1
1
1
1
1
1
1
1
1
1
1
1
1
1
1
1
1
1
1
1
1
1
1
1
1
1
0.999999
0.999976
0.999672
0.997452
0.986694
0.950268
0.868099
0.825871
0.805295
0.790121
0.769667
0.740091
0.708726
0.692344
0.698627
0.758653
0.82827
0.843085
0.83378
0.827184
0.83034
0.856371
0.906679
0.942312
0.966234
0.981465
0.989055
0.99113
0.991012
0.989213
0.982257
0.963452
0.908327
0.833333
0.781017
0.748541
0.723365
0.704516
0.694827
0.68683
0.68284
0.683284
0.685508
0.692512
0.700582
0.705464
0.711445
0.718349
0.724413
0.726494
0.726159
0.726632
0.733354
0.772941
0.832727
0.850824
0.850089
0.840689
0.839279
0.845011
0.872398
0.928564
0.966471
0.985814
0.994351
0.99782
0.999181
0.999704
0.999899
0.999967
0.99999
0.999997
0.999999
0.999999
1
1
1
1
1
1
1
1
1
1
1
1
1
1
1
1
1
1
1
0.999999
0.999999
0.999999
0.999999
0.999999
1
1
1
1
1
1
1
1
1
1
1
1
1
1
1
1
1
1
1
1
1
1
1
1
1
1
1
1
1
1
1
1
1
1
0.999998
0.999994
0.999975
0.99991
0.999686
0.998947
0.996545
0.988747
0.96309
0.876602
0.663183
0.452797
0.286453
0.168167
0.091982
0.0471171
0.0227343
0.0103916
0.00452588
0.00188449
0.000761736
1
1
1
1
1
1
1
1
1
1
1
1
1
1
1
1
1
1
1
1
1
1
1
1
1
1
1
1
0.999997
0.999953
0.999558
0.997282
0.987799
0.959543
0.885471
0.834285
0.805511
0.778137
0.744789
0.71775
0.712059
0.721552
0.779581
0.825434
0.829801
0.825071
0.823031
0.826602
0.850475
0.909074
0.950717
0.97424
0.986794
0.993306
0.996114
0.996797
0.996729
0.99605
0.993585
0.986768
0.970647
0.931696
0.881715
0.832575
0.797837
0.779091
0.767127
0.758187
0.755415
0.75644
0.758246
0.758548
0.756783
0.755404
0.758106
0.772829
0.788764
0.793481
0.797102
0.808443
0.856736
0.907034
0.920602
0.919438
0.91022
0.908786
0.91342
0.936487
0.968904
0.98601
0.994064
0.997597
0.999064
0.999648
0.999871
0.999954
0.999984
0.999994
0.999998
0.999999
0.999999
0.999999
0.999999
0.999999
0.999999
0.999999
0.999999
0.999999
0.999999
0.999999
0.999999
0.999999
0.999999
1
0.999999
0.999999
0.999999
0.999999
0.999999
0.999999
0.999999
0.999999
0.999999
0.999999
0.999999
0.999999
0.999999
0.999999
0.999999
0.999999
0.999999
1
1
1
1
1
1
1
1
1
1
1
1
1
1
1
1
1
1
1
1
1
1
1
1
1
1
1
1
1
0.999999
0.999994
0.999979
0.999926
0.999748
0.999153
0.997152
0.990309
0.966364
0.880693
0.652275
0.42754
0.258638
0.144972
0.0757505
0.0371425
0.0171999
0.00757109
0.00317968
0.00129513
1
1
1
1
1
1
1
1
1
1
1
1
1
1
1
1
1
1
1
1
1
1
1
1
1
1
1
1
1
0.999994
0.999937
0.999543
0.997608
0.990568
0.970725
0.922708
0.854528
0.80341
0.764994
0.749781
0.747031
0.751822
0.787055
0.816367
0.8218
0.821539
0.822021
0.828476
0.862989
0.923888
0.962397
0.982536
0.992043
0.99636
0.99827
0.998994
0.999144
0.999115
0.9989
0.998142
0.996084
0.99148
0.981238
0.963006
0.942894
0.91923
0.889959
0.869289
0.863404
0.862065
0.857196
0.847224
0.846155
0.848694
0.860389
0.890401
0.907573
0.912579
0.915817
0.92498
0.951039
0.968787
0.973168
0.9726
0.968128
0.967244
0.969149
0.97817
0.988684
0.994655
0.997646
0.999017
0.999607
0.999848
0.999943
0.999979
0.999992
0.999996
0.999998
0.999999
0.999999
0.999999
0.999998
0.999998
0.999998
0.999998
0.999998
0.999998
0.999998
0.999998
0.999998
0.999999
0.999999
0.999999
0.999999
0.999999
0.999999
0.999999
0.999999
0.999999
0.999998
0.999998
0.999998
0.999998
0.999998
0.999998
0.999999
0.999999
0.999999
0.999999
0.999999
0.999999
0.999999
0.999999
1
1
1
1
1
1
1
1
1
1
1
1
1
1
1
1
1
1
1
1
1
1
1
1
1
1
1
0.999999
0.999995
0.999983
0.99994
0.999789
0.999251
0.997296
0.990042
0.962688
0.858742
0.60404
0.378149
0.217914
0.116449
0.0581506
0.0273344
0.012182
0.00516896
0.00212449
1
1
1
1
1
1
1
1
1
1
1
1
1
1
1
1
1
1
1
1
1
1
1
1
1
1
1
1
1
0.999999
0.999993
0.999938
0.999625
0.998276
0.993846
0.981524
0.954382
0.885439
0.819107
0.783902
0.772999
0.774132
0.791439
0.811277
0.817282
0.819116
0.822863
0.838239
0.895147
0.950537
0.979
0.991453
0.996488
0.998512
0.999353
0.999702
0.999823
0.999844
0.999836
0.999785
0.999621
0.999217
0.998311
0.995541
0.990593
0.985279
0.978342
0.973184
0.971428
0.970742
0.969199
0.964736
0.962791
0.963252
0.96665
0.974254
0.978196
0.979389
0.98011
0.981891
0.987207
0.991202
0.992271
0.992236
0.991464
0.991222
0.991579
0.993491
0.996389
0.998205
0.999174
0.999642
0.999851
0.99994
0.999975
0.999989
0.999994
0.999997
0.999997
0.999997
0.999997
0.999996
0.999996
0.999996
0.999996
0.999997
0.999997
0.999997
0.999997
0.999997
0.999997
0.999998
0.999998
0.999998
0.999998
0.999998
0.999998
0.999998
0.999998
0.999998
0.999997
0.999997
0.999996
0.999996
0.999996
0.999997
0.999997
0.999998
0.999998
0.999998
0.999998
0.999998
0.999999
0.999999
0.999999
0.999999
1
1
1
1
1
1
1
1
1
1
1
1
1
1
1
1
1
1
1
1
1
1
1
1
1
1
0.999999
0.999996
0.999986
0.999946
0.999792
0.99919
0.996794
0.987169
0.948563
0.796989
0.523195
0.311001
0.17037
0.0868119
0.0414888
0.0187469
0.00804718
0.00334096
1
1
1
1
1
1
1
1
1
1
1
1
1
1
1
1
1
1
1
1
1
1
1
1
1
1
1
1
1
1
0.999999
0.999993
0.999953
0.99975
0.998967
0.996453
0.989635
0.972535
0.934253
0.867548
0.822097
0.805266
0.80636
0.813835
0.818436
0.822694
0.834502
0.883407
0.946765
0.978487
0.991708
0.996859
0.998807
0.999539
0.999819
0.999927
0.999968
0.999981
0.999983
0.999981
0.999975
0.999952
0.999875
0.999563
0.999235
0.99889
0.998066
0.996105
0.995046
0.994835
0.994878
0.994866
0.994487
0.994351
0.994633
0.99559
0.996122
0.996279
0.996366
0.996589
0.997324
0.997936
0.998091
0.998085
0.997934
0.997834
0.997879
0.998201
0.998936
0.999448
0.999737
0.999881
0.999947
0.999976
0.999987
0.999992
0.999995
0.999995
0.999995
0.999993
0.999992
0.999991
0.999991
0.999991
0.999992
0.999993
0.999994
0.999994
0.999994
0.999994
0.999994
0.999995
0.999996
0.999997
0.999997
0.999997
0.999996
0.999996
0.999996
0.999996
0.999995
0.999994
0.999993
0.999993
0.999993
0.999993
0.999995
0.999996
0.999997
0.999997
0.999997
0.999997
0.999998
0.999998
0.999998
0.999999
0.999999
0.999999
1
1
1
1
0.999999
0.999999
0.999999
1
1
1
1
1
1
1
1
1
1
1
1
1
1
1
1
1
1
0.999999
0.999996
0.999985
0.999938
0.999736
0.99887
0.995154
0.979352
0.913666
0.687102
0.421171
0.236916
0.123352
0.060001
0.0275127
0.0119574
0.00501761
1
1
1
1
1
1
1
1
1
1
1
1
1
1
1
1
1
1
1
1
1
1
1
1
1
1
1
1
1
1
1
0.999999
0.999995
0.999969
0.999854
0.999432
0.998109
0.99446
0.984448
0.966051
0.928402
0.882551
0.84966
0.844347
0.846973
0.858686
0.90394
0.955662
0.981907
0.993168
0.997541
0.999137
0.9997
0.999896
0.999963
0.999987
0.999995
0.999998
0.999999
0.999999
0.999999
0.999998
0.999995
0.999989
0.999976
0.999952
0.999891
0.999699
0.999562
0.999525
0.99951
0.999483
0.999362
0.999293
0.999309
0.999397
0.99944
0.999442
0.999424
0.999425
0.999481
0.99954
0.99955
0.999539
0.999473
0.999422
0.999424
0.999483
0.999675
0.999828
0.999916
0.999958
0.999978
0.999986
0.99999
0.999991
0.99999
0.999989
0.999987
0.999982
0.99998
0.99998
0.99998
0.999981
0.999983
0.999986
0.999988
0.999988
0.999988
0.999988
0.999989
0.999991
0.999993
0.999994
0.999994
0.999994
0.999993
0.999993
0.999993
0.999992
0.999992
0.99999
0.999987
0.999987
0.999987
0.999988
0.99999
0.999993
0.999994
0.999995
0.999995
0.999996
0.999996
0.999997
0.999997
0.999998
0.999999
0.999999
0.999999
0.999999
0.999999
0.999999
0.999999
0.999999
0.999999
0.999999
0.999999
0.999999
0.999999
1
1
1
1
1
1
1
1
1
1
1
1
1
1
1
0.999999
0.999995
0.999979
0.999904
0.999558
0.997975
0.990862
0.959776
0.829724
0.540732
0.313357
0.166841
0.0826393
0.0384691
0.0169347
0.0071846
1
1
1
1
1
1
1
1
1
1
1
1
1
1
1
1
1
1
1
1
1
1
1
1
1
1
1
1
1
1
1
1
1
0.999997
0.999984
0.999928
0.999732
0.999131
0.99743
0.993602
0.985113
0.961789
0.941592
0.937559
0.940292
0.953049
0.97579
0.989451
0.995869
0.998495
0.999477
0.999824
0.999942
0.999981
0.999994
0.999998
0.999999
1
1
1
1
1
1
1
0.999999
0.999998
0.999996
0.99999
0.999978
0.999971
0.999968
0.999962
0.999944
0.999931
0.999927
0.999928
0.999928
0.999925
0.999904
0.999891
0.999893
0.999894
0.999894
0.999885
0.999853
0.999833
0.999833
0.999847
0.9999
0.999945
0.999971
0.99998
0.999985
0.999987
0.999986
0.999981
0.999975
0.999971
0.999963
0.999954
0.999952
0.999953
0.999955
0.999959
0.999966
0.999972
0.999976
0.999977
0.999978
0.999978
0.999978
0.999982
0.999987
0.999989
0.99999
0.999989
0.999988
0.999987
0.999987
0.999987
0.999986
0.999983
0.999978
0.999976
0.999976
0.999977
0.999981
0.999986
0.999989
0.999991
0.999992
0.999993
0.999994
0.999994
0.999995
0.999996
0.999997
0.999998
0.999998
0.999998
0.999998
0.999998
0.999998
0.999998
0.999998
0.999998
0.999998
0.999999
0.999999
0.999999
0.999999
0.999999
0.999999
1
1
1
1
1
1
1
1
1
1
1
0.999999
0.999998
0.999992
0.99996
0.999807
0.999064
0.995553
0.979493
0.909443
0.667732
0.396027
0.215492
0.108679
0.0513567
0.0229006
0.00982212
1
1
1
1
1
1
1
1
1
1
1
1
1
1
1
1
1
1
1
1
1
1
1
1
1
1
1
1
1
1
1
1
1
1
0.999999
0.999994
0.999974
0.999908
0.99971
0.999209
0.997927
0.992998
0.98826
0.987818
0.988687
0.992418
0.996578
0.998612
0.999481
0.999818
0.999939
0.99998
0.999994
0.999998
0.999999
1
1
1
1
1
1
1
1
1
1
1
1
1
0.999999
0.999999
0.999999
0.999998
0.999997
0.999995
0.999995
0.999995
0.999995
0.999993
0.999988
0.999984
0.999983
0.999983
0.999982
0.999977
0.999965
0.99996
0.999959
0.999962
0.999973
0.999981
0.999985
0.999985
0.999982
0.999977
0.999966
0.999938
0.999918
0.999907
0.999891
0.999884
0.999885
0.999889
0.999898
0.999912
0.999929
0.999944
0.999953
0.999957
0.999957
0.999957
0.999959
0.999966
0.999976
0.99998
0.999981
0.999981
0.99998
0.999978
0.999977
0.999977
0.999976
0.999972
0.999961
0.999956
0.999956
0.999957
0.999963
0.999973
0.999979
0.999983
0.999986
0.999988
0.999989
0.99999
0.999992
0.999993
0.999995
0.999996
0.999997
0.999997
0.999997
0.999997
0.999997
0.999996
0.999996
0.999996
0.999996
0.999997
0.999997
0.999998
0.999998
0.999999
0.999999
0.999999
0.999999
0.999999
0.999999
1
1
1
1
1
1
0.999999
0.999999
0.999999
0.999996
0.999981
0.999905
0.999521
0.997622
0.988566
0.947551
0.776646
0.479283
0.266473
0.136674
0.0655008
0.0295636
0.0128079
1
1
1
1
1
1
1
1
1
1
1
1
1
1
1
1
1
1
1
1
1
1
1
1
1
1
1
1
1
1
1
1
1
1
1
1
0.999998
0.999994
0.999979
0.999938
0.999818
0.999258
0.99875
0.99873
0.998862
0.999345
0.999735
0.9999
0.999965
0.999988
0.999996
0.999999
1
1
1
1
1
1
1
1
1
1
1
1
1
1
1
1
1
1
1
1
1
1
1
1
1
0.999999
0.999999
0.999998
0.999998
0.999998
0.999998
0.999996
0.999994
0.999992
0.999991
0.99999
0.999988
0.999987
0.999984
0.999976
0.999948
0.999919
0.999867
0.999771
0.99971
0.999677
0.999677
0.999685
0.999703
0.999731
0.999766
0.999806
0.999847
0.999883
0.999906
0.999915
0.999917
0.999917
0.999919
0.999933
0.999954
0.999964
0.999966
0.999966
0.999964
0.99996
0.999959
0.999958
0.999957
0.999949
0.999928
0.999918
0.999916
0.999917
0.999926
0.999944
0.999957
0.999966
0.999973
0.999979
0.999982
0.999983
0.999985
0.999987
0.999989
0.999992
0.999993
0.999994
0.999994
0.999994
0.999993
0.999992
0.999991
0.999991
0.999991
0.999992
0.999994
0.999995
0.999996
0.999997
0.999997
0.999998
0.999998
0.999998
0.999999
0.999999
0.999999
0.999999
0.999999
0.999999
0.999999
0.999999
0.999998
0.999998
0.999996
0.999988
0.999946
0.999724
0.99858
0.992903
0.96638
0.851614
0.556532
0.315471
0.164396
0.0798182
0.0364328
0.0159311
1
1
1
1
1
1
1
1
1
1
1
1
1
1
1
1
1
1
1
1
1
1
1
1
1
1
1
1
1
1
1
1
1
1
1
1
1
1
0.999999
0.999997
0.99999
0.999955
0.999929
0.999929
0.99994
0.999969
0.999989
0.999996
0.999999
1
1
1
1
1
1
1
1
1
1
1
1
1
1
1
1
1
1
1
1
1
1
1
1
1
1
1
1
1
1
1
1
1
1
0.999999
0.999998
0.999997
0.999995
0.999991
0.999985
0.999975
0.999954
0.999904
0.99977
0.99965
0.999416
0.999113
0.998927
0.99893
0.998976
0.999092
0.99921
0.999332
0.999453
0.999563
0.999663
0.999747
0.999802
0.999826
0.999831
0.999832
0.999838
0.999869
0.999911
0.999931
0.999937
0.999937
0.999934
0.999928
0.999925
0.999922
0.999917
0.9999
0.999858
0.999836
0.999832
0.999834
0.999846
0.99988
0.99991
0.999931
0.999947
0.999959
0.999967
0.999971
0.999973
0.999974
0.999977
0.999981
0.999985
0.999987
0.999987
0.999987
0.999986
0.999983
0.999981
0.99998
0.99998
0.999981
0.999985
0.999988
0.99999
0.999992
0.999993
0.999994
0.999995
0.999996
0.999997
0.999997
0.999998
0.999998
0.999998
0.999997
0.999997
0.999996
0.999996
0.999995
0.999994
0.999988
0.99996
0.999811
0.99901
0.994885
0.975058
0.888154
0.617831
0.354775
0.187275
0.0919435
0.0423908
0.0186621
1
1
1
1
1
1
1
1
1
1
1
1
1
1
1
1
1
1
1
1
1
1
1
1
1
1
1
1
1
1
1
1
1
1
1
1
1
1
1
1
1
0.999998
0.999998
0.999998
0.999998
0.999999
1
1
1
1
1
1
1
1
1
1
1
1
1
1
1
1
1
1
1
1
1
1
1
1
1
1
1
1
1
1
1
1
1
1
1
1
1
0.999999
0.999997
0.999993
0.999983
0.999961
0.99993
0.999879
0.999777
0.999534
0.998938
0.998357
0.997433
0.996396
0.996222
0.996348
0.996709
0.997287
0.997817
0.998291
0.998692
0.999005
0.999252
0.999448
0.999577
0.999633
0.999645
0.999649
0.999666
0.999744
0.999827
0.999868
0.99988
0.999881
0.999876
0.999864
0.999857
0.999849
0.999834
0.999783
0.999688
0.999646
0.999641
0.999646
0.999668
0.999733
0.999802
0.999853
0.999891
0.999919
0.999937
0.999946
0.99995
0.999951
0.999952
0.999956
0.999963
0.999969
0.999971
0.999971
0.99997
0.999964
0.999958
0.999956
0.999956
0.999958
0.999964
0.999972
0.999977
0.99998
0.999983
0.999985
0.999988
0.99999
0.999992
0.999993
0.999994
0.999994
0.999994
0.999994
0.999993
0.999991
0.999989
0.999988
0.999986
0.999982
0.99996
0.999841
0.999186
0.995698
0.978495
0.901848
0.64504
0.371876
0.196966
0.0970064
0.0448701
0.0197452
1
1
1
1
1
1
1
1
1
1
1
1
1
1
1
1
1
1
1
1
1
1
1
1
1
1
1
1
1
1
1
1
1
1
1
1
1
1
1
1
1
1
1
1
1
1
1
1
1
1
1
1
1
1
1
1
1
1
1
1
1
1
1
1
1
1
1
1
1
1
1
1
1
1
1
1
1
1
1
1
1
0.999999
0.999996
0.999989
0.999973
0.99994
0.999869
0.999769
0.999644
0.999393
0.99885
0.997545
0.994664
0.992413
0.988883
0.986864
0.986957
0.987674
0.98946
0.99185
0.993895
0.995549
0.996816
0.997699
0.998312
0.998769
0.999066
0.999188
0.999217
0.999252
0.99936
0.999538
0.999674
0.999745
0.999766
0.999766
0.99976
0.99974
0.999714
0.999688
0.999637
0.999471
0.999223
0.999149
0.999153
0.999175
0.999237
0.999391
0.999546
0.999669
0.999762
0.999828
0.999869
0.999889
0.999896
0.999898
0.999898
0.999899
0.999905
0.99992
0.999929
0.99993
0.999928
0.999917
0.999902
0.999897
0.999897
0.999901
0.999915
0.999932
0.999944
0.999952
0.999957
0.999963
0.999968
0.999974
0.999978
0.999981
0.999983
0.999984
0.999984
0.999983
0.999982
0.999978
0.999974
0.999972
0.99997
0.999965
0.999946
0.999841
0.999238
0.995952
0.979513
0.905799
0.653469
0.37686
0.199594
0.0982951
0.0454596
0.0199757
1
1
1
1
1
1
1
1
1
1
1
1
1
1
1
1
1
1
1
1
1
1
1
1
1
1
1
1
1
1
1
1
1
1
1
1
1
1
1
1
1
1
1
1
1
1
1
1
1
1
1
1
1
1
1
1
1
1
1
1
1
1
1
1
1
1
1
1
1
1
1
1
1
1
1
1
1
1
0.999999
0.999998
0.999995
0.999984
0.999953
0.999868
0.999732
0.99948
0.999132
0.998793
0.9982
0.996843
0.993566
0.985809
0.975589
0.968588
0.961604
0.959319
0.959935
0.962171
0.967949
0.976456
0.983373
0.988497
0.992154
0.994565
0.996133
0.99721
0.997882
0.998164
0.998243
0.998344
0.998607
0.998979
0.99928
0.99945
0.999507
0.999511
0.999502
0.99947
0.999371
0.999263
0.999094
0.998527
0.997712
0.9976
0.997652
0.99778
0.998077
0.998492
0.99887
0.999182
0.999424
0.999592
0.99969
0.999733
0.999744
0.999744
0.999741
0.999743
0.999751
0.999783
0.999809
0.999814
0.999811
0.999784
0.99975
0.999739
0.99974
0.999748
0.999784
0.999826
0.999854
0.999872
0.999886
0.999898
0.999911
0.999924
0.999936
0.999943
0.999948
0.999951
0.999952
0.999952
0.999951
0.999945
0.999939
0.999936
0.999933
0.999928
0.999907
0.999799
0.999189
0.995825
0.978921
0.903431
0.648594
0.373752
0.197917
0.0974856
0.0450746
0.0197652
1
1
1
1
1
1
1
1
1
1
1
1
1
1
1
1
1
1
1
1
1
1
1
1
1
1
1
1
1
1
1
1
1
1
1
1
1
1
1
1
1
1
1
1
1
1
1
1
1
1
1
1
1
1
1
1
1
1
1
1
1
1
1
1
1
1
1
1
1
1
1
1
1
1
1
0.999999
0.999999
0.999997
0.999992
0.999978
0.999936
0.999816
0.99949
0.99871
0.997767
0.996702
0.995859
0.994759
0.992294
0.985414
0.966795
0.952034
0.945646
0.942374
0.936707
0.932046
0.93153
0.932701
0.936291
0.945067
0.962311
0.97604
0.984531
0.989509
0.992434
0.994349
0.995456
0.995761
0.995969
0.996587
0.99756
0.998327
0.998795
0.999002
0.999044
0.999038
0.999005
0.998919
0.998721
0.998401
0.997699
0.99488
0.99165
0.99164
0.992083
0.993244
0.994739
0.996019
0.997061
0.997888
0.998513
0.998933
0.999156
0.999238
0.99925
0.999239
0.999228
0.999232
0.99926
0.999363
0.999442
0.999461
0.999456
0.999404
0.99933
0.999307
0.99931
0.999336
0.999435
0.999539
0.999603
0.999645
0.999676
0.999707
0.999741
0.999774
0.999801
0.99982
0.999834
0.999847
0.999856
0.999859
0.99986
0.999858
0.999854
0.999853
0.99985
0.999841
0.999807
0.999646
0.998778
0.994204
0.972066
0.876337
0.59785
0.34361
0.181796
0.0895806
0.0414155
0.0180585
1
1
1
1
1
1
1
1
1
1
1
1
1
1
1
1
1
1
1
1
1
1
1
1
1
1
1
1
1
1
1
1
1
1
1
1
1
1
1
1
1
1
1
1
1
1
1
1
1
1
1
1
1
1
1
1
1
1
1
1
1
1
1
1
1
1
1
1
1
1
1
1
1
0.999999
0.999997
0.999993
0.999984
0.999964
0.999922
0.999806
0.999447
0.99846
0.995789
0.991574
0.988568
0.987149
0.986154
0.983647
0.975641
0.947179
0.941214
0.943186
0.942776
0.938255
0.928302
0.92267
0.91891
0.919868
0.922821
0.928762
0.941268
0.958373
0.973307
0.98237
0.987489
0.990831
0.992675
0.993491
0.994341
0.995548
0.996665
0.997477
0.998053
0.998337
0.998388
0.99837
0.998289
0.998089
0.997647
0.996476
0.992995
0.978543
0.96712
0.967844
0.971454
0.979216
0.985505
0.989807
0.992723
0.994799
0.996288
0.997217
0.997652
0.99778
0.997789
0.99777
0.997771
0.997795
0.997915
0.998246
0.998458
0.998518
0.998514
0.998435
0.998335
0.998314
0.998329
0.998412
0.998658
0.998857
0.998977
0.999058
0.999128
0.999206
0.999293
0.999378
0.999446
0.999496
0.99954
0.99958
0.999612
0.999635
0.999653
0.999668
0.999677
0.999678
0.999675
0.999653
0.999566
0.999175
0.997301
0.988415
0.948994
0.790059
0.497607
0.283059
0.148504
0.0728845
0.0335431
0.0144331
1
1
1
1
1
1
1
1
1
1
1
1
1
1
1
1
1
1
1
1
1
1
1
1
1
1
1
1
1
1
1
1
1
1
1
1
1
1
1
1
1
1
1
1
1
1
1
1
1
1
1
1
1
1
1
1
1
1
1
1
1
1
1
1
1
1
1
1
1
1
0.999999
0.999997
0.999993
0.999982
0.999963
0.999923
0.999837
0.999714
0.999449
0.998695
0.996294
0.990174
0.975891
0.964399
0.962436
0.964209
0.96484
0.962067
0.935013
0.930601
0.947038
0.953413
0.947657
0.928929
0.908457
0.900109
0.896646
0.899022
0.904683
0.912132
0.924567
0.941299
0.958062
0.972225
0.980997
0.98606
0.988606
0.99
0.99138
0.99287
0.994525
0.996146
0.99713
0.997427
0.997432
0.997322
0.997003
0.996482
0.995072
0.989447
0.971175
0.917953
0.893604
0.896848
0.911723
0.942203
0.963298
0.975835
0.983243
0.988009
0.991125
0.992779
0.993362
0.993492
0.993536
0.993578
0.99365
0.99384
0.994463
0.995318
0.995812
0.995983
0.995998
0.995986
0.995995
0.996034
0.996174
0.996625
0.997112
0.997394
0.997548
0.997668
0.99782
0.998012
0.998223
0.99843
0.99862
0.998784
0.998921
0.999034
0.999125
0.999201
0.999268
0.999313
0.999327
0.999323
0.999289
0.99917
0.998782
0.997371
0.991674
0.968106
0.874276
0.610188
0.364422
0.201436
0.103032
0.0495656
0.0222588
0.00922354
1
1
1
1
1
1
1
1
1
1
1
1
1
1
1
1
1
1
1
1
1
1
1
1
1
1
1
1
1
1
1
1
1
1
1
1
1
1
1
1
1
1
1
1
1
1
1
1
1
1
1
1
1
1
1
1
1
1
1
1
1
1
1
1
1
1
1
0.999999
0.999998
0.999994
0.999986
0.999966
0.999912
0.99979
0.99964
0.999301
0.998841
0.998301
0.997119
0.993315
0.980741
0.951197
0.932507
0.928274
0.929521
0.935531
0.936261
0.925724
0.916237
0.938443
0.952565
0.955035
0.944441
0.9182
0.898098
0.891622
0.888665
0.889945
0.894403
0.900674
0.910355
0.923877
0.939657
0.954828
0.96702
0.974202
0.978355
0.982177
0.986326
0.990306
0.993565
0.995462
0.996015
0.99601
0.995726
0.995209
0.994767
0.993725
0.98818
0.961327
0.877865
0.827539
0.817478
0.820014
0.831385
0.865093
0.913256
0.945092
0.963368
0.974142
0.980059
0.982291
0.98276
0.982889
0.983053
0.983323
0.98383
0.985095
0.986768
0.988006
0.988772
0.989146
0.989366
0.98969
0.990367
0.991488
0.992656
0.993562
0.994174
0.994509
0.994646
0.99479
0.995129
0.995663
0.996144
0.996637
0.99716
0.997605
0.997923
0.998178
0.998406
0.998532
0.998547
0.998528
0.99846
0.998297
0.997904
0.996949
0.994472
0.987069
0.961979
0.872149
0.620524
0.380765
0.214154
0.111871
0.0536737
0.0243476
0.0100876
0.00374897
1
1
1
1
1
1
1
1
1
1
1
1
1
1
1
1
1
1
1
1
1
1
1
1
1
1
1
1
1
1
1
1
1
1
1
1
1
1
1
1
1
1
1
1
1
1
1
1
1
1
1
1
1
1
1
1
1
1
1
1
1
1
1
0.999999
0.999999
0.999997
0.999994
0.999986
0.999968
0.999925
0.999832
0.999629
0.999049
0.998241
0.997174
0.995248
0.993999
0.992504
0.988841
0.973676
0.933694
0.922138
0.920292
0.920271
0.923885
0.923277
0.921878
0.916261
0.906775
0.933975
0.952281
0.955532
0.949724
0.919381
0.898272
0.891891
0.890519
0.89053
0.89469
0.899811
0.907949
0.91948
0.932942
0.946117
0.957255
0.966122
0.973621
0.980265
0.985948
0.990521
0.993378
0.994205
0.994142
0.993706
0.993295
0.992924
0.992183
0.988913
0.964711
0.856752
0.798926
0.800407
0.801915
0.80374
0.809455
0.826471
0.868874
0.906026
0.932676
0.950406
0.958407
0.960047
0.960063
0.960148
0.960451
0.961317
0.963608
0.967044
0.969688
0.971184
0.972108
0.973322
0.975382
0.978234
0.981367
0.984258
0.986522
0.987922
0.988653
0.989281
0.990131
0.991075
0.992092
0.993185
0.994129
0.994907
0.9958
0.99662
0.996943
0.996954
0.996894
0.996691
0.995922
0.994692
0.993717
0.992047
0.98812
0.978819
0.957544
0.901789
0.726308
0.477908
0.284231
0.154439
0.076305
0.035549
0.0152241
0.00627843
0.00233621
0.000771946
1
1
1
1
1
1
1
1
1
1
1
1
1
1
1
1
1
1
1
1
1
1
1
1
1
1
1
1
1
1
1
1
1
1
1
1
1
1
1
1
1
1
1
1
1
1
1
1
1
1
1
1
1
1
1
1
1
1
0.999999
0.999999
0.999998
0.999996
0.999993
0.999988
0.999978
0.999957
0.999919
0.999835
0.999648
0.999189
0.99842
0.996732
0.992757
0.98792
0.982434
0.977665
0.97645
0.975453
0.966971
0.929938
0.918725
0.919071
0.921159
0.919352
0.919382
0.917178
0.914137
0.901323
0.879608
0.90203
0.94541
0.956382
0.958305
0.947596
0.912838
0.899318
0.895163
0.894367
0.897201
0.902226
0.910133
0.92128
0.933979
0.94637
0.957093
0.966178
0.974122
0.981162
0.987298
0.991163
0.992291
0.992176
0.991717
0.991372
0.990864
0.989895
0.987522
0.975406
0.882936
0.772669
0.777037
0.804024
0.810629
0.809499
0.810997
0.82007
0.848405
0.885111
0.913868
0.927668
0.929949
0.929359
0.926961
0.926729
0.92758
0.930395
0.935368
0.939525
0.94295
0.947067
0.952431
0.958634
0.964964
0.970519
0.974738
0.977954
0.980694
0.982999
0.984863
0.986708
0.988724
0.990414
0.991475
0.992453
0.993712
0.994691
0.994939
0.994749
0.99303
0.988178
0.985691
0.982581
0.973217
0.961115
0.950886
0.930316
0.879686
0.734905
0.5206
0.340085
0.207145
0.116885
0.0605238
0.0291246
0.0129439
0.00546153
0.0021168
0.000794872
0.00026711
7.34961e-05
1
1
1
1
1
1
1
1
1
1
1
1
1
1
1
1
1
1
1
1
1
1
1
1
1
1
1
1
1
1
1
1
1
1
1
1
1
1
1
1
1
1
1
1
1
1
1
1
1
1
1
1
1
1
1
0.999999
0.999997
0.999993
0.999982
0.999972
0.99995
0.999929
0.999883
0.999834
0.999724
0.999538
0.999195
0.998429
0.996745
0.993281
0.988543
0.976263
0.958283
0.935359
0.926524
0.928424
0.937837
0.938088
0.916101
0.915034
0.918936
0.917852
0.914098
0.91326
0.913405
0.91108
0.909179
0.892234
0.866354
0.874441
0.921145
0.950775
0.959773
0.960417
0.943886
0.916727
0.907162
0.904219
0.904038
0.909617
0.916757
0.927329
0.938638
0.949784
0.959972
0.969208
0.977866
0.985217
0.989266
0.990633
0.99055
0.990009
0.98936
0.987904
0.984024
0.981054
0.975179
0.942272
0.782416
0.722773
0.774085
0.82264
0.821782
0.815398
0.81523
0.823487
0.852261
0.883271
0.900937
0.905182
0.904548
0.903611
0.904671
0.909282
0.918813
0.928067
0.93606
0.943134
0.949909
0.956272
0.961558
0.965659
0.969376
0.972965
0.976165
0.979293
0.98282
0.986155
0.988283
0.989099
0.989243
0.988542
0.98725
0.986667
0.986375
0.985106
0.980753
0.965785
0.917817
0.875463
0.854058
0.829038
0.767007
0.598446
0.4071
0.263952
0.165956
0.100767
0.0585604
0.0322181
0.0165652
0.00792423
0.00350983
0.00145443
0.000560497
0.000205355
6.93354e-05
2.25585e-05
6.78711e-06
5.9901e-07
1
1
1
1
1
1
1
1
1
1
1
1
1
1
1
1
1
1
1
1
1
1
1
1
1
1
1
1
1
1
1
1
1
1
1
1
1
1
1
1
1
1
1
1
1
1
1
1
1
1
1
1
1
0.999999
0.999991
0.999966
0.999908
0.999753
0.999631
0.999411
0.999212
0.998938
0.99861
0.998249
0.997517
0.99618
0.99332
0.986576
0.973057
0.958632
0.935793
0.869889
0.850954
0.852006
0.85825
0.900204
0.924664
0.916033
0.899602
0.901311
0.912226
0.910301
0.905692
0.90683
0.90881
0.909156
0.90161
0.880475
0.871428
0.86962
0.879282
0.928452
0.956625
0.963658
0.964153
0.953941
0.936121
0.928349
0.925611
0.92619
0.932938
0.942149
0.951381
0.961257
0.971062
0.979322
0.985037
0.987793
0.988959
0.988826
0.987877
0.985344
0.979356
0.974447
0.972138
0.969834
0.960151
0.876265
0.66635
0.655478
0.770032
0.829284
0.8284
0.822326
0.82392
0.836148
0.866191
0.889419
0.897167
0.895056
0.885716
0.886011
0.89854
0.933405
0.952101
0.959315
0.963999
0.968511
0.973694
0.979286
0.983172
0.984973
0.985996
0.985162
0.981655
0.97965
0.978062
0.970605
0.948239
0.918584
0.893288
0.87872
0.87281
0.866137
0.846792
0.782071
0.582893
0.366519
0.219386
0.127182
0.0718818
0.0396069
0.0211914
0.0109672
0.00547848
0.00264152
0.00123022
0.000552744
0.000240935
9.83785e-05
3.39969e-05
1.41154e-05
6.86583e-06
3.14836e-06
1.37199e-06
5.92007e-07
2.56827e-07
7.03559e-08
2.11033e-08
-3.96337e-08
1
1
1
1
1
1
1
1
1
1
1
1
1
1
1
1
1
1
1
1
1
1
1
1
1
1
1
1
1
1
1
1
1
1
1
1
1
1
1
1
1
1
1
1
1
1
1
1
1
1
1
1
0.999996
0.999925
0.999595
0.998819
0.997343
0.995228
0.993943
0.991849
0.990924
0.989197
0.988196
0.986676
0.983328
0.971365
0.946368
0.88328
0.852417
0.833638
0.741303
0.746737
0.828909
0.844297
0.836203
0.855965
0.896615
0.889651
0.864991
0.861743
0.888151
0.897597
0.893645
0.896041
0.90306
0.906009
0.900701
0.879862
0.87847
0.878856
0.870094
0.88004
0.934144
0.959712
0.966989
0.968605
0.968263
0.963861
0.961716
0.960996
0.964447
0.96868
0.97328
0.978707
0.982018
0.984669
0.986145
0.986598
0.985259
0.980826
0.976071
0.973338
0.970458
0.960735
0.949542
0.942454
0.906829
0.701658
0.52421
0.549473
0.722135
0.823569
0.848908
0.85196
0.857973
0.873173
0.884608
0.884966
0.855123
0.762528
0.734246
0.762109
0.86674
0.943692
0.977052
0.986582
0.989666
0.989853
0.983475
0.955914
0.858658
0.683334
0.516284
0.372498
0.258664
0.173098
0.111675
0.0698335
0.0426694
0.0254476
0.0144923
0.00757787
0.00355324
0.00177771
0.00125626
0.0008747
0.000586803
0.000378318
0.000235013
0.000141275
8.24874e-05
4.68609e-05
2.59033e-05
1.39254e-05
7.27876e-06
3.70136e-06
1.83387e-06
8.86785e-07
4.18372e-07
1.92146e-07
8.66366e-08
3.26397e-08
6.25864e-09
1.37518e-09
4.74842e-10
1.57331e-10
5.10866e-11
1.61753e-11
4.70841e-12
1.10467e-12
1
1
1
1
1
1
1
1
1
1
1
1
1
1
1
1
1
1
1
1
1
1
1
1
1
1
1
1
1
1
1
1
1
1
1
1
1
1
1
1
1
1
1
1
1
1
1
1
1
1
1
0.999996
0.999764
0.996229
0.984014
0.967814
0.952456
0.942835
0.934385
0.931159
0.927726
0.92498
0.926269
0.926604
0.910899
0.759186
0.675793
0.697684
0.794566
0.799663
0.706319
0.732587
0.824256
0.830416
0.798674
0.791326
0.82719
0.827531
0.808583
0.80343
0.824981
0.857558
0.861917
0.864511
0.887103
0.89934
0.898788
0.886882
0.886347
0.884613
0.872954
0.858202
0.885579
0.932749
0.953252
0.965932
0.972587
0.975662
0.976584
0.976617
0.97781
0.979122
0.980312
0.981576
0.982166
0.982471
0.981161
0.977857
0.973447
0.971023
0.967796
0.952963
0.914271
0.790736
0.619728
0.515062
0.432085
0.359693
0.334331
0.364354
0.510246
0.672171
0.77442
0.814462
0.803408
0.76009
0.638719
0.430167
0.255045
0.187628
0.184267
0.20808
0.236599
0.248508
0.243466
0.210562
0.153554
0.0958005
0.0470301
0.0165391
0.00469136
0.00144813
0.000456126
0.000246136
0.000140311
8.11782e-05
4.70311e-05
2.70598e-05
1.532e-05
8.4586e-06
4.52247e-06
2.33435e-06
1.16915e-06
5.77903e-07
2.86524e-07
1.43301e-07
7.25433e-08
3.72299e-08
1.93725e-08
1.01975e-08
5.39675e-09
2.84247e-09
1.47264e-09
7.42936e-10
3.62658e-10
1.70994e-10
7.80279e-11
3.4565e-11
1.48546e-11
6.14206e-12
2.37716e-12
7.73142e-13
2.01683e-13
5.18922e-14
1.42662e-14
4.16684e-15
1.25007e-15
3.74488e-16
1.04118e-16
-9.20161e-17
1
1
1
1
1
1
1
1
1
1
1
1
1
1
1
1
1
1
1
1
1
1
1
1
1
1
1
1
1
1
1
1
1
1
1
1
1
1
1
1
1
1
1
1
1
1
1
1
1
1
0.999999
0.999853
0.992911
0.894246
0.747021
0.747119
0.771876
0.790177
0.804861
0.818414
0.829302
0.836578
0.840154
0.836576
0.824679
0.774184
0.70197
0.689266
0.710505
0.689972
0.652075
0.721124
0.785867
0.78992
0.760056
0.753218
0.761512
0.771581
0.774446
0.781317
0.79143
0.816785
0.837645
0.84312
0.849513
0.864634
0.886843
0.886228
0.885391
0.882838
0.863011
0.850151
0.867878
0.911713
0.921119
0.923965
0.926091
0.928513
0.930088
0.930721
0.928094
0.923899
0.916085
0.90371
0.884202
0.855158
0.808991
0.731773
0.604243
0.445204
0.33147
0.301929
0.301443
0.307214
0.310302
0.310369
0.304424
0.288565
0.273931
0.262072
0.252986
0.246476
0.241597
0.238655
0.21001
0.135732
0.0610895
0.0249619
0.0100457
0.00605933
0.00534411
0.00480801
0.00430537
0.00379782
0.00327952
0.00260963
0.00146228
0.00056601
0.00013901
1.85537e-05
1.42672e-06
3.6117e-07
1.53333e-07
6.60303e-08
2.73876e-08
1.04759e-08
3.48576e-09
1.17653e-09
5.66823e-10
2.90849e-10
1.49318e-10
7.61152e-11
3.88492e-11
2.01174e-11
1.06669e-11
5.81062e-12
3.243e-12
1.83856e-12
1.0433e-12
5.82264e-13
3.14891e-13
1.63983e-13
8.24946e-14
4.03534e-14
1.92412e-14
8.89049e-15
3.86765e-15
1.49163e-15
4.52622e-16
1.28195e-16
3.73033e-17
1.02662e-17
2.62565e-18
6.97407e-19
1.98612e-19
5.95888e-20
1.80818e-20
5.36834e-21
1.47279e-21
-8.96793e-18
7.31062e-21
6.03631e-21
2.91134e-21
7.92044e-22
1.90381e-22
4.16852e-23
8.40305e-24
1.56636e-24
2.71412e-25
4.3799e-26
6.58923e-27
9.19707e-28
1.1898e-28
1.394e-29
1.34315e-30
2.14882e-31
3.35177e-32
5.09874e-33
7.56628e-34
1.09702e-34
1.55464e-35
2.15859e-36
2.93803e-37
3.93524e-38
8.40132e-39
4.48327e-19
3.40443e-19
1.55287e-19
5.15127e-20
1.49846e-20
3.96903e-21
9.75712e-22
2.2468e-22
4.88096e-23
1.00521e-23
1.97022e-24
3.6859e-25
6.60155e-26
1.13337e-26
1.87045e-27
2.96393e-28
4.54456e-29
6.77182e-30
9.82009e-31
1.38658e-31
1.91005e-32
2.56825e-33
3.38019e-34
4.35488e-35
5.64042e-36
1.89693e-17
1.02876e-17
3.9064e-18
1.30223e-18
3.91532e-19
1.08611e-19
2.81967e-20
6.90604e-21
1.60501e-21
3.55402e-22
7.5239e-23
1.52714e-23
2.97937e-24
5.59702e-25
1.01464e-25
1.77684e-26
3.01313e-27
4.96165e-28
7.94894e-29
1.23984e-29
1.88691e-30
2.80342e-31
4.08e-32
5.82478e-33
7.4985e-34
4.26967e-16
1.69237e-16
5.99419e-17
1.93402e-17
5.75306e-18
1.59711e-18
4.17812e-19
1.0364e-19
2.44827e-20
5.52517e-21
1.19448e-21
2.4797e-22
4.9535e-23
9.53736e-24
1.77315e-24
3.18686e-25
5.54807e-26
9.37087e-27
1.53927e-27
2.46101e-28
3.83882e-29
5.84547e-30
8.72167e-31
1.27678e-31
1.66544e-32
4.94873e-15
1.83361e-15
6.23001e-16
1.96327e-16
5.77679e-17
1.59815e-17
4.18454e-18
1.04202e-18
2.47623e-19
5.63021e-20
1.22762e-20
2.57231e-21
5.1892e-22
1.0094e-22
1.89642e-23
3.44552e-24
6.06475e-25
1.03542e-25
1.71892e-26
2.77746e-27
4.378e-28
6.73631e-29
1.01556e-29
1.50254e-30
1.97355e-31
4.05525e-14
1.45413e-14
4.84083e-15
1.50828e-15
4.41913e-16
1.22303e-16
3.21238e-17
8.03877e-18
1.92219e-18
4.40175e-19
9.67278e-20
2.0436e-20
4.15798e-21
8.1594e-22
1.54672e-22
2.83576e-23
5.03685e-24
8.67591e-25
1.45277e-25
2.36735e-26
3.76285e-27
5.83754e-28
8.8744e-29
1.32356e-29
1.74806e-30
2.60567e-13
9.1798e-14
3.02568e-14
9.38479e-15
2.74944e-15
7.63294e-16
2.01497e-16
5.07398e-17
1.22192e-17
2.81991e-18
6.24752e-19
1.33106e-19
2.7314e-20
5.4063e-21
1.03368e-21
1.91155e-22
3.42455e-23
5.9501e-24
1.0047e-24
1.65081e-25
2.64541e-26
4.13725e-27
6.34101e-28
9.53386e-29
1.26649e-29
1.37657e-12
4.80536e-13
1.57779e-13
4.8927e-14
1.43727e-14
4.00984e-15
1.06529e-15
2.70208e-16
6.55844e-17
1.5261e-17
3.41013e-18
7.329e-19
1.51727e-19
3.03001e-20
5.84533e-21
1.09069e-21
1.97148e-22
3.45591e-23
5.88621e-24
9.75298e-25
1.57586e-25
2.48451e-26
3.83878e-27
5.81726e-28
7.77214e-29
6.16179e-12
2.14296e-12
7.03681e-13
2.18787e-13
6.45705e-14
1.81274e-14
4.85129e-15
1.24038e-15
3.03604e-16
7.12628e-17
1.60658e-17
3.48394e-18
7.27776e-19
1.46646e-19
2.85425e-20
5.3728e-21
9.79626e-22
1.73214e-22
2.97565e-23
4.97207e-24
8.10032e-25
1.28761e-25
2.00537e-26
3.06347e-27
4.11769e-28
2.38986e-11
8.31142e-12
2.73672e-12
8.54846e-13
2.53825e-13
7.17737e-14
1.93628e-14
4.99295e-15
1.23289e-15
2.91994e-16
6.64285e-17
1.4537e-17
3.06442e-18
6.23086e-19
1.22371e-19
2.32428e-20
4.27584e-21
7.62752e-22
1.32175e-22
2.22738e-23
3.65911e-24
5.86385e-25
9.20591e-26
1.4175e-26
1.91664e-27
8.17462e-11
2.85046e-11
9.42922e-12
2.96314e-12
8.86081e-13
2.52541e-13
6.87094e-14
1.7875e-14
4.45389e-15
1.06453e-15
2.44417e-16
5.39811e-17
1.14838e-17
2.35629e-18
4.66942e-19
8.9478e-20
1.66045e-20
2.98756e-21
5.22118e-22
8.8725e-23
1.46961e-23
2.37445e-24
3.75712e-25
5.83109e-26
7.93282e-27
2.50285e-10
8.76676e-11
2.91727e-11
9.23191e-12
2.78216e-12
7.99585e-13
2.19462e-13
5.76116e-14
1.4487e-14
3.49459e-15
8.09778e-16
1.80493e-16
3.87486e-17
8.02256e-18
1.60403e-18
3.10096e-19
5.80501e-20
1.05356e-20
1.85697e-21
3.18215e-22
5.31421e-23
8.65499e-24
1.38022e-24
2.15889e-25
2.95464e-26
6.94853e-10
2.44803e-10
8.20191e-11
2.61537e-11
7.9464e-12
2.30346e-12
6.37871e-13
1.68974e-13
4.288e-14
1.04387e-14
2.44103e-15
5.49036e-16
1.18931e-16
2.48433e-17
5.01093e-18
9.77157e-19
1.84486e-19
3.37636e-20
6.00021e-21
1.0366e-21
1.745e-22
2.86465e-23
4.60311e-24
7.25512e-25
9.9894e-26
1.76994e-09
6.27703e-10
2.11855e-10
6.80915e-11
2.08615e-11
6.09955e-12
1.70404e-12
4.55456e-13
1.16622e-13
2.86456e-14
6.75856e-15
1.53363e-15
3.3513e-16
7.06123e-17
1.43646e-17
2.82483e-18
5.37774e-19
9.92341e-20
1.77786e-20
3.09615e-21
5.25284e-22
8.68946e-23
1.40668e-23
2.23373e-24
3.0935e-25
4.18212e-09
1.49367e-09
5.07947e-10
1.64561e-10
5.0835e-11
1.49894e-11
4.22371e-12
1.13873e-12
2.94115e-13
7.28699e-14
1.73409e-14
3.96854e-15
8.74541e-16
1.85806e-16
3.81101e-17
7.55548e-18
1.4499e-18
2.69656e-19
4.86851e-20
8.54326e-21
1.46031e-21
2.43374e-22
3.96803e-23
6.3461e-24
8.83934e-25
9.26726e-09
3.33312e-09
1.14186e-09
3.72775e-10
1.16065e-10
3.44991e-11
9.80045e-12
2.66395e-12
6.93718e-13
1.73286e-13
4.15738e-14
9.5915e-15
2.13065e-15
4.56282e-16
9.43226e-17
1.88452e-17
3.64414e-18
6.82897e-19
1.24219e-19
2.19601e-20
3.78092e-21
6.34637e-22
1.04188e-22
1.6779e-23
2.34994e-24
1.93973e-08
7.02242e-09
2.422e-09
7.96183e-10
2.49653e-10
7.47411e-11
2.13869e-11
5.85598e-12
1.53616e-12
3.8654e-13
9.34141e-14
2.17082e-14
4.85704e-15
1.04758e-15
2.1809e-16
4.38789e-17
8.5438e-18
1.61205e-18
2.9521e-19
5.25365e-20
9.10463e-21
1.53822e-21
2.54115e-22
4.11808e-23
5.79659e-24
3.85666e-08
1.40457e-08
4.87427e-09
1.61252e-09
5.08913e-10
1.53361e-10
4.41737e-11
1.21752e-11
3.21487e-12
8.14226e-13
1.98042e-13
4.63164e-14
1.04283e-14
2.26323e-15
4.74067e-16
9.59609e-17
1.87971e-17
3.56775e-18
6.57191e-19
1.1764e-19
2.0504e-20
3.48382e-21
5.78679e-22
9.42979e-23
1.33314e-23
7.3476e-08
2.68916e-08
9.37894e-09
3.11863e-09
9.89369e-10
2.99726e-10
8.67979e-11
2.40541e-11
6.3866e-12
1.62655e-12
3.9784e-13
9.35662e-14
2.11851e-14
4.6235e-15
9.73846e-16
1.98213e-16
3.90379e-17
7.44938e-18
1.37944e-18
2.48208e-19
4.34804e-20
7.42485e-21
1.23922e-21
2.02899e-22
2.87941e-23
1.35491e-07
4.97918e-08
1.7437e-08
5.82194e-09
1.85464e-09
5.64203e-10
1.64073e-10
4.56612e-11
1.21748e-11
3.11389e-12
7.6488e-13
1.80658e-13
4.10795e-14
9.00388e-15
1.90466e-15
3.89345e-16
7.70136e-17
1.476e-17
2.74506e-18
4.96091e-19
8.72809e-20
1.49693e-20
2.50892e-21
4.12549e-22
5.87459e-23
2.43345e-07
8.97318e-08
3.15287e-08
1.05616e-08
3.37551e-09
1.03021e-09
3.00566e-10
8.39183e-11
2.24482e-11
5.76012e-12
1.41948e-12
3.36359e-13
7.67332e-14
1.68733e-14
3.58097e-15
7.34397e-16
1.45739e-16
2.80228e-17
5.22867e-18
9.48012e-19
1.67329e-19
2.87913e-20
4.84078e-21
7.98524e-22
1.13997e-22
4.27631e-07
1.58146e-07
5.57212e-08
1.87156e-08
5.99708e-09
1.83498e-09
5.36696e-10
1.50216e-10
4.02814e-11
1.03612e-11
2.55952e-12
6.07963e-13
1.39027e-13
3.0645e-14
6.51932e-15
1.34022e-15
2.66605e-16
5.13866e-17
9.61114e-18
1.74684e-18
3.09069e-19
5.33094e-20
8.98398e-21
1.48554e-21
2.12467e-22
7.3731e-07
2.73384e-07
9.6557e-08
3.25048e-08
1.04379e-08
3.20029e-09
9.37868e-10
2.63002e-10
7.06567e-11
1.82074e-11
4.5058e-12
1.07215e-12
2.45604e-13
5.42307e-14
1.15567e-14
2.37986e-15
4.74224e-16
9.1561e-17
1.71545e-17
3.12322e-18
5.5353e-19
9.56397e-20
1.61444e-20
2.67405e-21
3.82938e-22
1.24969e-06
4.64495e-07
1.64415e-07
5.54587e-08
1.78415e-08
5.47966e-09
1.60844e-09
4.51735e-10
1.21538e-10
3.13626e-11
7.77176e-12
1.85169e-12
4.24713e-13
9.38946e-14
2.00333e-14
4.13037e-15
8.24007e-16
1.59282e-16
2.98768e-17
5.44585e-18
9.66277e-19
1.6715e-19
2.82463e-20
4.68388e-21
6.71286e-22
2.08605e-06
7.77096e-07
2.75607e-07
9.31288e-08
3.00081e-08
9.22985e-09
2.71289e-09
7.6288e-10
2.05491e-10
5.30852e-11
1.31684e-11
3.14057e-12
7.21011e-13
1.59542e-13
3.40688e-14
7.02991e-15
1.40358e-15
2.71525e-16
5.09688e-17
9.29742e-18
1.65086e-18
2.8578e-19
4.83252e-20
8.01892e-21
1.14973e-21
3.4381e-06
1.28317e-06
4.55835e-07
1.5425e-07
4.97668e-08
1.53252e-08
4.5093e-09
1.26931e-09
3.42221e-10
8.84831e-11
2.19669e-11
5.24287e-12
1.20449e-12
2.66696e-13
5.69851e-14
1.17652e-14
2.35026e-15
4.54891e-16
8.54293e-17
1.55906e-17
2.76945e-18
4.79624e-19
8.11321e-20
1.34678e-20
1.93124e-21
5.61563e-06
2.09846e-06
7.46232e-07
2.52745e-07
8.16107e-08
2.51497e-08
7.40521e-09
2.08583e-09
5.6271e-10
1.45576e-10
3.61606e-11
8.6349e-12
1.9847e-12
4.3964e-13
9.3975e-14
1.94092e-14
3.8785e-15
7.50904e-16
1.41058e-16
2.5749e-17
4.57486e-18
7.92452e-19
1.34065e-19
2.22578e-20
3.19147e-21
9.47934e-06
3.54266e-06
1.25984e-06
4.26702e-07
1.37783e-07
4.24621e-08
1.25039e-08
3.52247e-09
9.50448e-10
2.45936e-10
6.11026e-11
1.4594e-11
3.3551e-12
7.43348e-13
1.58922e-13
3.28282e-14
6.56082e-15
1.27035e-15
2.38652e-16
4.35665e-17
7.7405e-18
1.34081e-18
2.26814e-19
3.76539e-20
5.3975e-21
1.66776e-05
6.22529e-06
2.21121e-06
7.48109e-07
2.41337e-07
7.43175e-08
2.18711e-08
6.15849e-09
1.6612e-09
4.2977e-10
1.06767e-10
2.55008e-11
5.86288e-12
1.2991e-12
2.77775e-13
5.73884e-14
1.14711e-14
2.22147e-15
4.17398e-16
7.62087e-17
1.35418e-17
2.34601e-18
3.96879e-19
6.58912e-20
9.44395e-21
2.95298e-05
1.09913e-05
3.89334e-06
1.31382e-06
4.22842e-07
1.29941e-07
3.81721e-08
1.07323e-08
2.89129e-09
7.47233e-10
1.8548e-10
4.42717e-11
1.01733e-11
2.25332e-12
4.81667e-13
9.94916e-14
1.9884e-14
3.85036e-15
7.23414e-16
1.32079e-16
2.34694e-17
4.06597e-18
6.87836e-19
1.14199e-19
1.63654e-20
5.24626e-05
1.94503e-05
6.86264e-06
2.30709e-06
7.39897e-07
2.26638e-07
6.63849e-08
1.86163e-08
5.00392e-09
1.2907e-09
3.1984e-10
7.62324e-11
1.74963e-11
3.87138e-12
8.26837e-13
1.70668e-13
3.40894e-14
6.59801e-15
1.23918e-15
2.26178e-16
4.01805e-17
6.9599e-18
1.1772e-18
1.95426e-19
2.79997e-20
9.34292e-05
3.45004e-05
1.2122e-05
4.05814e-06
1.29616e-06
3.95484e-07
1.15421e-07
3.22592e-08
8.64459e-09
2.22362e-09
5.4966e-10
1.3072e-10
2.99431e-11
6.61401e-12
1.41045e-12
2.90745e-13
5.80059e-14
1.12157e-14
2.1046e-15
3.83852e-16
6.8147e-17
1.17978e-17
1.9945e-18
3.3098e-19
4.74009e-20
0.000165591
6.09762e-05
2.13548e-05
7.12383e-06
2.26704e-06
6.89195e-07
2.00421e-07
5.5823e-08
1.49101e-08
3.82345e-09
9.42409e-10
2.23526e-10
5.10756e-11
1.12564e-11
2.39549e-12
4.9287e-13
9.8164e-14
1.89513e-14
3.55122e-15
6.46895e-16
1.14718e-16
1.98409e-17
3.35122e-18
5.55698e-19
7.95248e-20
0.000289353
0.000106479
3.72396e-05
1.23994e-05
3.937e-06
1.19388e-06
3.46269e-07
9.61843e-08
2.56204e-08
6.55222e-09
1.61073e-09
3.81064e-10
8.6858e-11
1.90972e-11
4.05498e-12
8.32534e-13
1.65482e-13
3.18878e-14
5.9649e-15
1.08481e-15
1.92088e-16
3.31767e-17
5.59648e-18
9.26941e-19
1.32512e-19
0.000493484
0.000181953
6.37032e-05
2.12183e-05
6.73568e-06
2.04124e-06
5.91441e-07
1.64079e-07
4.3641e-08
1.11427e-08
2.73446e-09
6.45737e-10
1.46911e-10
3.22396e-11
6.83251e-12
1.40014e-12
2.77786e-13
5.34308e-14
9.97704e-15
1.8114e-15
3.20219e-16
5.52213e-17
9.30123e-18
1.53843e-18
2.19648e-19
0.000814236
0.000301597
0.000105971
3.53944e-05
1.12593e-05
3.41727e-06
9.91161e-07
2.75139e-07
7.32e-08
1.86892e-08
4.58501e-09
1.08216e-09
2.46021e-10
5.39406e-11
1.14197e-11
2.33748e-12
4.63179e-13
8.89743e-14
1.65916e-14
3.0082e-15
5.31052e-16
9.14537e-17
1.53829e-17
2.54101e-18
3.62336e-19
0.00129104
0.000481527
0.000170191
5.713e-05
1.82517e-05
5.55983e-06
1.61761e-06
4.50212e-07
1.20037e-07
3.07016e-08
7.54248e-09
1.78207e-09
4.05444e-10
8.89363e-11
1.88328e-11
3.85485e-12
7.63704e-13
1.4665e-13
2.7333e-14
4.95257e-15
8.73663e-16
1.50335e-16
2.52648e-17
4.16963e-18
5.94036e-19
0.0019586
0.00073694
0.000262493
8.87259e-05
2.85219e-05
8.73672e-06
2.5546e-06
7.14174e-07
1.91176e-07
4.90698e-08
1.20926e-08
2.86488e-09
6.53326e-10
1.43597e-10
3.04584e-11
6.24302e-12
1.2382e-12
2.37968e-13
4.4381e-14
8.045e-15
1.41954e-15
2.4429e-16
4.1053e-17
6.77445e-18
9.64902e-19
0.00283657
0.00107808
0.000387522
0.000132084
4.27865e-05
1.31991e-05
3.88461e-06
1.09255e-06
2.94089e-07
7.58705e-08
1.87846e-08
4.46926e-09
1.02313e-09
2.2566e-10
4.80142e-11
9.86875e-12
1.96212e-12
3.77912e-13
7.06135e-14
1.28211e-14
2.26546e-15
3.9033e-16
6.56614e-17
1.08446e-17
1.54559e-18
0.0039257
0.00150866
0.000547884
0.000188535
6.16223e-05
1.91703e-05
5.68691e-06
1.61145e-06
4.36832e-07
1.13444e-07
2.82622e-08
6.76327e-09
1.55669e-09
3.4507e-10
7.37645e-11
1.52269e-11
3.03953e-12
5.87575e-13
1.1016e-13
2.00633e-14
3.55519e-15
6.14128e-16
1.03554e-16
1.7141e-17
2.44741e-18
0.00518486
0.00201603
0.000740211
0.000257373
8.49539e-05
2.66777e-05
7.98529e-06
2.28222e-06
6.23754e-07
1.63257e-07
4.09749e-08
9.87484e-09
2.2881e-09
5.10413e-10
1.09761e-10
2.27851e-11
4.57233e-12
8.88277e-13
1.67315e-13
3.06061e-14
5.44572e-15
9.44327e-16
1.59812e-16
2.65444e-17
3.8013e-18
0.0065337
0.00257155
0.000955111
0.000335768
0.000112007
3.55331e-05
1.07414e-05
3.09935e-06
8.54922e-07
2.25754e-07
5.71456e-08
1.3885e-08
3.24259e-09
7.28773e-10
1.57844e-10
3.29911e-11
6.66369e-12
1.30263e-12
2.46818e-13
4.5404e-14
8.12216e-15
1.41563e-15
2.40748e-16
4.01775e-17
5.77728e-18
0.00778101
0.0031066
0.00116873
0.000415692
0.000140173
4.49244e-05
1.37144e-05
3.9953e-06
1.11244e-06
2.96466e-07
7.57238e-08
1.85614e-08
4.37187e-09
9.90749e-10
2.16311e-10
4.55621e-11
9.27171e-12
1.82551e-12
3.48294e-13
6.44986e-14
1.16123e-14
2.03644e-15
3.48403e-16
5.84804e-17
8.45259e-18
0.00836174
0.00339387
0.00129864
0.000469813
0.00016108
5.24584e-05
1.62595e-05
4.80445e-06
1.35541e-06
3.65614e-07
9.4431e-08
2.33857e-08
5.56078e-09
1.27139e-09
2.79894e-10
5.94173e-11
1.21811e-11
2.41535e-12
4.63973e-13
8.64853e-14
1.56703e-14
2.76517e-15
4.75979e-16
8.03805e-17
1.16812e-17
0.00848623
0.00345983
0.00133161
0.000485117
0.000167679
5.51116e-05
1.72554e-05
5.15476e-06
1.47139e-06
4.01853e-07
1.05141e-07
2.63857e-08
6.35887e-09
1.47347e-09
3.28708e-10
7.06913e-11
1.4676e-11
2.94553e-12
5.72403e-13
1.07875e-13
1.97499e-14
3.5192e-15
6.11353e-16
1.04134e-16
1.525e-17
0.00842156
0.00344
0.00132569
0.000483434
0.000167288
5.5073e-05
1.72825e-05
5.17757e-06
1.48284e-06
4.06521e-07
1.06816e-07
2.69333e-08
6.52487e-09
1.52065e-09
3.41359e-10
7.3908e-11
1.54548e-11
3.12574e-12
6.12346e-13
1.16385e-13
2.14959e-14
3.86533e-15
6.77862e-16
1.16602e-16
1.7237e-17
0.00785316
0.00325148
0.00126492
0.000464337
0.000161463
5.33534e-05
1.67911e-05
5.04207e-06
1.44688e-06
3.97348e-07
1.04567e-07
2.64029e-08
6.40466e-09
1.49446e-09
3.35892e-10
7.2817e-11
1.52472e-11
3.08824e-12
6.05977e-13
1.1538e-13
2.13529e-14
3.84817e-15
6.7651e-16
1.16682e-16
1.72993e-17
0.00649784
0.00276471
0.0010978
0.000409229
0.000144017
4.80548e-05
1.52479e-05
4.61099e-06
1.33137e-06
3.67639e-07
9.72253e-08
2.46584e-08
6.00568e-09
1.40653e-09
3.17182e-10
6.89654e-11
1.44792e-11
2.93964e-12
5.78021e-13
1.1026e-13
2.04379e-14
3.68839e-15
6.49228e-16
1.12106e-16
1.66421e-17
0.00433138
0.00190782
0.000781825
0.000299456
0.000107833
3.6691e-05
1.18373e-05
3.63062e-06
1.061e-06
2.96032e-07
7.90027e-08
2.01994e-08
4.95548e-09
1.16822e-09
2.65024e-10
5.79448e-11
1.22271e-11
2.49401e-12
4.92479e-13
9.43101e-14
1.75429e-14
3.1763e-15
5.60736e-16
9.70891e-17
1.44587e-17
0.00190417
0.00088536
0.000377019
0.00014836
5.45263e-05
1.887e-05
6.18263e-06
1.92532e-06
5.71447e-07
1.61964e-07
4.39001e-08
1.13952e-08
2.83649e-09
6.78022e-10
1.55843e-10
3.44939e-11
7.36208e-12
1.51771e-12
3.02609e-13
5.84736e-14
1.09639e-14
1.99992e-15
3.55374e-16
6.1913e-17
9.28749e-18
0.000463798
0.000236732
0.000106436
4.30524e-05
1.60195e-05
5.56379e-06
1.81941e-06
5.63432e-07
1.65914e-07
4.65967e-08
1.25097e-08
3.21645e-09
7.9333e-10
1.88001e-10
4.28643e-11
9.41766e-12
1.99635e-12
4.09042e-13
8.10921e-14
1.55925e-14
2.90979e-15
5.2885e-16
9.3656e-17
1.62834e-17
2.45397e-18
6.39733e-05
4.10192e-05
1.94818e-05
7.97293e-06
2.94057e-06
1.00114e-06
3.18788e-07
9.57373e-08
2.72705e-08
7.39741e-09
1.91652e-09
4.75338e-10
1.13076e-10
2.58451e-11
5.68314e-12
1.20463e-12
2.46551e-13
4.8802e-14
9.35146e-15
1.73841e-15
3.1372e-16
5.51374e-17
9.44245e-18
1.58649e-18
2.35888e-19
5.12917e-06
4.40651e-06
2.50584e-06
1.00986e-06
3.58431e-07
1.15942e-07
3.48032e-08
9.80598e-09
2.61287e-09
6.61764e-10
1.59874e-10
3.6938e-11
8.17876e-12
1.73843e-12
3.55202e-13
7.00455e-14
1.3346e-14
2.45987e-15
4.39063e-16
7.60157e-17
1.27783e-17
2.09102e-18
3.33425e-19
5.20573e-20
7.64202e-21
3.39377e-07
3.37898e-07
2.29065e-07
8.82788e-08
2.907e-08
8.57612e-09
2.32278e-09
5.86256e-10
1.3919e-10
3.12777e-11
6.67936e-12
1.35922e-12
2.64129e-13
4.91862e-14
8.83178e-15
1.53026e-15
2.56125e-16
4.14504e-17
6.49485e-18
9.86486e-19
1.45474e-19
2.08661e-20
2.91714e-21
3.97659e-22
6.54936e-23
1.8531e-08
2.03955e-08
1.3646e-08
4.75064e-09
1.37011e-09
3.4592e-10
7.87718e-11
1.64737e-11
3.19954e-12
5.81078e-13
9.91252e-14
1.60253e-14
2.491e-15
3.72518e-16
5.3647e-17
7.44692e-18
9.97796e-19
1.29187e-19
1.61925e-20
1.96723e-21
2.3216e-22
2.45928e-23
4.49936e-24
8.35619e-25
2.65179e-25
7.62396e-10
8.00251e-10
4.47714e-10
1.23178e-10
2.73929e-11
5.12673e-12
8.31947e-13
1.19032e-13
1.50951e-14
1.78859e-15
2.02969e-16
2.20877e-17
2.31189e-18
2.14691e-19
3.48193e-20
5.46788e-21
8.32361e-22
1.2295e-22
1.76461e-23
2.46329e-24
3.35017e-25
4.44878e-26
5.74159e-27
7.81319e-28
4.34222e-28
1.42604e-11
1.17759e-11
4.01633e-12
6.73207e-13
8.47939e-14
7.59287e-15
4.35194e-16
2.18846e-17
2.0071e-18
1.8004e-19
1.59171e-20
1.39606e-21
1.21991e-22
1.04577e-23
1.03007e-24
1.20254e-25
1.59617e-26
2.25599e-27
3.24029e-28
4.62103e-29
6.48314e-30
8.9587e-31
3.96382e-31
3.81424e-32
2.50313e-31
)
;

boundaryField
{
    inlet
    {
        type            fixedValue;
        value           uniform 1;
    }
    outlet
    {
        type            inletOutlet;
        inletValue      uniform 0;
        value           nonuniform List<scalar> 
57
(
8.40132e-39
5.64042e-36
7.4985e-34
1.66544e-32
1.97355e-31
1.74806e-30
1.26649e-29
7.77214e-29
4.11769e-28
1.91664e-27
7.93282e-27
2.95464e-26
9.9894e-26
3.0935e-25
8.83934e-25
2.34994e-24
5.79659e-24
1.33314e-23
2.87941e-23
5.87459e-23
1.13997e-22
2.12467e-22
3.82938e-22
6.71286e-22
1.14973e-21
1.93124e-21
3.19147e-21
5.3975e-21
9.44395e-21
1.63654e-20
2.79997e-20
4.74009e-20
7.95248e-20
1.32512e-19
2.19648e-19
3.62336e-19
5.94036e-19
9.64902e-19
1.54559e-18
2.44741e-18
3.8013e-18
5.77728e-18
8.45259e-18
1.16812e-17
1.525e-17
1.7237e-17
1.72993e-17
1.66421e-17
1.44587e-17
9.28749e-18
2.45397e-18
2.35888e-19
7.64202e-21
6.54936e-23
2.65179e-25
4.34222e-28
2.50313e-31
)
;
    }
    upperWall
    {
        type            zeroGradient;
    }
    lowerWall
    {
        type            zeroGradient;
    }
    frontAndBack
    {
        type            empty;
    }
}


// ************************************************************************* //
