/*--------------------------------*- C++ -*----------------------------------*\
  =========                 |
  \\      /  F ield         | OpenFOAM: The Open Source CFD Toolbox
   \\    /   O peration     | Website:  https://openfoam.org
    \\  /    A nd           | Version:  7
     \\/     M anipulation  |
\*---------------------------------------------------------------------------*/
FoamFile
{
    version     2.0;
    format      ascii;
    class       volScalarField;
    location    "0.019";
    object      p;
}
// * * * * * * * * * * * * * * * * * * * * * * * * * * * * * * * * * * * * * //

dimensions      [0 2 -2 0 0 0 0];

internalField   nonuniform List<scalar> 
12225
(
7.4685
9.22264
9.98773
10.0851
9.98456
9.80467
9.55453
9.25871
8.96635
8.7092
8.48783
8.29169
8.11362
7.95548
7.81487
7.69335
7.58036
7.47263
7.4373
9.25121
10.0072
10.1032
9.98945
9.80092
9.54907
9.25562
8.96592
8.71016
8.48889
8.29233
8.11438
7.95687
7.8171
7.69442
7.58306
7.46758
7.62119
9.23688
10.0153
10.1269
9.99946
9.79721
9.54321
9.25546
8.97222
8.7195
8.49861
8.30189
8.12429
7.96529
7.82408
7.69752
7.58208
7.46182
7.63451
9.37288
10.0972
10.1836
10.0289
9.8052
9.54413
9.25979
8.98102
8.72939
8.50735
8.30894
8.13014
7.97009
7.82759
7.6984
7.57995
7.46287
7.49249
9.53899
10.1789
10.2368
10.0593
9.81504
9.54479
9.26121
8.98547
8.73497
8.51259
8.31374
8.13487
7.97439
7.83052
7.69947
7.57947
7.46481
7.60791
9.84635
10.3445
10.326
10.1097
9.83762
9.55232
9.26509
8.9902
8.74022
8.51741
8.3179
8.13836
7.97678
7.83145
7.69932
7.57856
7.46618
8.99997
10.3403
10.543
10.4209
10.1625
9.86236
9.56016
9.26706
8.99197
8.74229
8.51898
8.31883
8.13885
7.97692
7.83112
7.69865
7.57792
7.46694
10.9561
10.9764
10.8016
10.545
10.2293
9.89601
9.57339
9.27107
8.99345
8.74286
8.5186
8.3178
8.13747
7.97511
7.82856
7.69555
7.57456
7.46416
14.0615
11.7212
11.0878
10.6789
10.298
9.92896
9.58434
9.2715
8.99063
8.73911
8.51418
8.31289
8.13226
7.96967
7.82308
7.69028
7.56952
7.4594
15.1629
12.2801
11.3642
10.8179
10.3687
9.96293
9.59596
9.27063
8.98359
8.72926
8.50348
8.30252
8.12271
7.96089
7.81477
7.68212
7.56127
7.4507
14.5004
12.5338
11.6062
10.9565
10.4402
9.99338
9.60136
9.26301
8.97045
8.71431
8.48827
8.28748
8.10797
7.94669
7.80127
7.66939
7.54902
7.43858
13.1884
12.6767
11.8074
11.0689
10.486
10.0051
9.59604
9.24861
8.95087
8.6926
8.46683
8.26761
8.08988
7.93003
7.78559
7.65429
7.53413
7.42363
12.491
12.8308
11.9768
11.171
10.5318
10.0144
9.58459
9.22654
8.92421
8.6649
8.43976
8.2416
8.06517
7.90695
7.76433
7.63478
7.51601
7.40625
13.7767
13.3438
12.1991
11.2583
10.5415
9.98872
9.545
9.18181
8.87794
8.6197
8.39755
8.20308
8.03015
7.87484
7.73447
7.60647
7.48888
7.37979
17.9507
14.2085
12.3939
11.2823
10.5056
9.92507
9.46975
9.10398
8.80208
8.54827
8.33161
8.14302
7.9761
7.82662
7.69156
7.56812
7.4543
7.3482
18.3269
14.2923
12.3134
11.1353
10.3428
9.76399
9.32021
8.96889
8.68042
8.43843
8.23258
8.05391
7.89595
7.75429
7.62598
7.50849
7.39991
7.29881
14.3954
12.9957
11.6131
10.649
9.95697
9.43387
9.03613
8.72655
8.47321
8.25998
8.0783
7.92084
7.78116
7.65493
7.53955
7.43306
7.33389
7.24097
12.5864
11.3092
10.3734
9.74411
9.27545
8.89823
8.60619
8.3748
8.17889
8.00828
7.86017
7.73067
7.61499
7.50946
7.41203
7.3215
7.23673
7.15662
10.1225
8.96403
8.53279
8.35155
8.19592
8.04627
7.9232
7.81689
7.71855
7.62814
7.54406
7.4644
7.38856
7.31588
7.24583
7.17839
7.1138
7.05159
0.913613
5.09388
6.42037
6.89726
7.11621
7.22759
7.28119
7.30026
7.29655
7.27878
7.25231
7.21991
7.18337
7.14367
7.10146
7.05748
7.01245
6.96677
6.42656
5.41463
5.74508
6.13301
6.43125
6.64937
6.79657
6.89356
6.95688
6.99629
7.01569
7.01887
7.01118
6.9964
6.97617
6.95152
6.92374
6.89372
3.57192
4.21623
4.9922
5.54286
5.94755
6.25491
6.4828
6.64192
6.74981
6.82354
6.87131
6.89885
6.91246
6.91508
6.90934
6.89649
6.87805
6.85538
1.10017
3.25356
4.42059
5.11756
5.59238
5.94488
6.21219
6.40722
6.54634
6.64732
6.72001
6.77035
6.8059
6.82608
6.83581
6.83658
6.83073
6.82002
0.842219
2.79796
4.1042
4.8769
5.4066
5.79862
6.09396
6.30862
6.45991
6.5714
6.6545
6.71608
6.7568
6.78564
6.80274
6.81034
6.81055
6.80512
-1.23838
2.65165
3.99769
4.71635
5.23732
5.64562
5.95542
6.18335
6.3505
6.48163
6.58062
6.65357
6.70625
6.74436
6.76999
6.78541
6.79248
6.79299
1.10084
3.26369
4.149
4.73641
5.22939
5.63031
5.93287
6.1551
6.32057
6.44787
6.55083
6.6291
6.68661
6.72883
6.75897
6.77882
6.78978
6.79326
4.79806
3.91269
4.20909
4.68065
5.16675
5.56948
5.8739
6.09932
6.27614
6.4133
6.52189
6.60471
6.66617
6.71236
6.74701
6.77159
6.78677
6.79378
5.36818
4.47902
4.37686
4.74462
5.19776
5.57504
5.86441
6.08766
6.26395
6.40248
6.51204
6.59664
6.6607
6.70996
6.74798
6.77605
6.79352
6.80105
6.21827
4.58903
4.377
4.75594
5.19145
5.55833
5.84691
6.0749
6.25501
6.39563
6.50536
6.58947
6.65332
6.70383
6.74539
6.77817
6.80117
6.81271
7.04851
4.70062
4.40204
4.79134
5.20647
5.56069
5.84658
6.07451
6.25407
6.39437
6.50466
6.5906
6.65683
6.70905
6.75092
6.78325
6.80558
6.81647
5.81098
5.80646
5.79611
5.78041
5.7594
5.73312
5.70147
5.6643
5.62133
5.5722
5.51649
5.4537
5.38328
5.30467
5.21727
5.12056
5.01403
4.89725
4.76992
4.63209
4.4842
4.32702
4.16176
3.99014
3.81446
3.63764
3.46327
3.2956
3.1395
3.00032
2.88376
2.79563
2.74152
2.72657
2.75508
2.83068
2.95618
3.13352
3.36244
3.64024
3.96289
4.32518
4.72092
5.14327
5.585
6.03877
6.49744
6.95432
7.40338
7.83939
8.25791
8.65549
9.02955
9.37826
9.70046
9.99569
10.2641
10.5062
10.7228
10.9152
11.0825
11.23
11.3575
11.4667
11.559
11.636
11.6992
11.7498
11.7893
11.8186
11.8391
11.8516
11.8571
11.8564
11.8503
11.8394
11.8243
11.8056
11.7838
11.7593
11.7324
11.7035
11.6729
11.6409
11.6077
11.5734
11.5383
11.5025
11.4661
11.4292
11.392
11.3545
11.3168
11.2789
11.2409
11.2029
11.1648
11.1267
11.0887
11.0506
11.0126
10.9746
10.9367
10.8989
10.8611
10.8233
10.7856
10.748
10.7103
10.6728
10.6352
10.5976
10.5599
10.5223
10.4846
10.4469
10.4091
10.3712
10.3333
10.2952
10.2571
10.2188
10.1804
10.1418
10.1032
10.0644
10.0254
9.98628
9.94699
9.90751
9.86783
9.82794
9.78782
9.74748
9.70689
9.66606
9.62496
9.5836
9.54196
9.50004
9.45782
9.41531
9.37249
9.32937
9.28593
9.24219
9.19813
9.15375
9.10906
9.06404
9.01871
8.97305
8.92707
8.88077
8.83415
8.78722
8.73997
8.69241
8.64457
8.59644
8.54805
8.49941
8.45057
8.40157
8.35245
8.3033
8.25418
8.20527
8.15665
8.10866
8.06142
8.0156
7.97136
7.93011
7.89201
7.86033
7.83523
7.82479
7.82983
7.86669
5.84246
5.83758
5.82674
5.81022
5.78803
5.76021
5.72669
5.6873
5.64178
5.58975
5.53075
5.46424
5.38966
5.30639
5.21381
5.11138
4.99861
4.87522
4.74111
4.59629
4.441
4.27598
4.10246
3.92217
3.73743
3.55127
3.36741
3.19031
3.02507
2.87736
2.75323
2.65889
2.60036
2.58323
2.61227
2.69109
2.82193
3.00554
3.24055
3.52489
3.85478
4.22494
4.62905
5.05999
5.51031
5.97244
6.43907
6.90336
7.3592
7.80127
8.22514
8.62735
9.00538
9.35744
9.68246
9.98003
10.2503
10.4939
10.7118
10.9047
11.074
11.2219
11.35
11.4596
11.5524
11.6298
11.6933
11.7443
11.784
11.8136
11.8344
11.8471
11.8528
11.8524
11.8464
11.8357
11.8208
11.8023
11.7807
11.7563
11.7296
11.7008
11.6704
11.6385
11.6053
11.5712
11.5362
11.5005
11.4642
11.4274
11.3903
11.3529
11.3153
11.2775
11.2396
11.2016
11.1636
11.1256
11.0876
11.0496
11.0117
10.9738
10.9359
10.8981
10.8603
10.8226
10.785
10.7474
10.7098
10.6722
10.6346
10.5971
10.5595
10.5219
10.4842
10.4465
10.4088
10.3709
10.333
10.295
10.2568
10.2186
10.1802
10.1417
10.103
10.0642
10.0253
9.98616
9.94687
9.9074
9.86773
9.82784
9.78773
9.74739
9.70681
9.66598
9.62489
9.58353
9.54189
9.49997
9.45776
9.41524
9.37243
9.3293
9.28587
9.24212
9.19807
9.15369
9.109
9.06398
9.01865
8.97299
8.92701
8.88071
8.83408
8.78715
8.73989
8.69234
8.64448
8.59634
8.54794
8.4993
8.45044
8.40141
8.35227
8.30308
8.25392
8.20493
8.15625
8.10813
8.06078
8.01469
7.97025
7.9284
7.88993
7.85662
7.83061
7.81423
7.81255
7.81651
5.85713
5.85223
5.84086
5.8235
5.80007
5.77058
5.7349
5.69283
5.64408
5.58828
5.52495
5.45356
5.37352
5.28423
5.18509
5.07554
4.95508
4.82335
4.68014
4.52547
4.35961
4.1832
3.99736
3.80382
3.605
3.40402
3.20476
3.01188
2.83081
2.6676
2.52878
2.42105
2.35099
2.32463
2.34707
2.42232
2.55304
2.74098
2.98476
3.28118
3.62557
4.01196
4.43341
4.88226
5.3505
5.83012
6.3134
6.79323
7.26325
7.71804
8.15314
8.5651
8.95148
9.31061
9.64153
9.94402
10.2184
10.4653
10.6859
10.881
11.0524
11.2019
11.3312
11.442
11.5358
11.6141
11.6785
11.7302
11.7707
11.801
11.8224
11.8358
11.8421
11.8422
11.8369
11.8267
11.8123
11.7943
11.7731
11.7491
11.7228
11.6945
11.6644
11.6329
11.6001
11.5663
11.5316
11.4962
11.4602
11.4237
11.3868
11.3496
11.3122
11.2747
11.237
11.1992
11.1614
11.1235
11.0857
11.0478
11.01
10.9722
10.9345
10.8968
10.8591
10.8215
10.784
10.7464
10.7089
10.6714
10.6339
10.5964
10.5589
10.5213
10.4837
10.4461
10.4084
10.3706
10.3327
10.2947
10.2566
10.2183
10.18
10.1415
10.1029
10.0641
10.0252
9.98606
9.94679
9.90733
9.86767
9.82779
9.78769
9.74736
9.70678
9.66596
9.62487
9.58352
9.54188
9.49996
9.45775
9.41524
9.37242
9.32929
9.28586
9.24212
9.19806
9.15368
9.10899
9.06397
9.01864
8.97298
8.92699
8.88069
8.83406
8.78711
8.73985
8.69229
8.64442
8.59627
8.54785
8.49918
8.45029
8.40122
8.35203
8.30277
8.25353
8.20443
8.15562
8.10729
8.0597
8.0132
7.96832
7.92557
7.88611
7.85053
7.82143
7.79786
7.78503
7.76732
5.85649
5.85141
5.83951
5.8214
5.7969
5.76598
5.72845
5.68408
5.63251
5.57329
5.50589
5.42977
5.34428
5.24878
5.14258
5.02498
4.89536
4.75319
4.59813
4.43003
4.24904
4.05571
3.85105
3.6367
3.41506
3.18936
2.96376
2.74342
2.53441
2.34364
2.17866
2.0473
1.95725
1.91562
1.92838
2.00009
2.13347
2.32954
2.58666
2.90124
3.26783
3.67947
4.12815
4.60517
5.10164
5.60877
6.11822
6.62237
7.11456
7.58919
8.04177
8.4689
8.86826
9.23831
9.57837
9.88843
10.169
10.4212
10.646
10.8444
11.0188
11.1708
11.3023
11.4149
11.5104
11.5902
11.6559
11.7089
11.7506
11.7821
11.8045
11.8189
11.8262
11.8273
11.8228
11.8135
11.7999
11.7826
11.7622
11.7389
11.7133
11.6856
11.6561
11.6251
11.5928
11.5595
11.5253
11.4903
11.4547
11.4186
11.3821
11.3452
11.3081
11.2709
11.2334
11.1959
11.1583
11.1207
11.083
11.0454
11.0078
10.9702
10.9326
10.895
10.8575
10.82
10.7826
10.7452
10.7078
10.6704
10.6329
10.5955
10.5581
10.5206
10.483
10.4454
10.4078
10.37
10.3322
10.2942
10.2562
10.218
10.1797
10.1412
10.1026
10.0639
10.025
9.98589
9.94664
9.9072
9.86755
9.82769
9.7876
9.74728
9.70671
9.6659
9.62482
9.58347
9.54184
9.49992
9.45771
9.4152
9.37238
9.32926
9.28583
9.24208
9.19802
9.15365
9.10895
9.06394
9.0186
8.97294
8.92695
8.88064
8.83401
8.78706
8.73979
8.69221
8.64432
8.59615
8.5477
8.499
8.45007
8.40095
8.35169
8.30234
8.253
8.20375
8.15475
8.10616
8.05825
8.01126
7.96575
7.922
7.88114
7.84322
7.8104
7.78062
7.75719
7.72459
5.83858
5.8334
5.82132
5.80298
5.77806
5.74644
5.70783
5.6619
5.60821
5.54622
5.47533
5.39485
5.304
5.20195
5.08787
4.9609
4.82024
4.66514
4.49497
4.3093
4.10796
3.89121
3.65984
3.41537
3.1602
2.89779
2.63271
2.37082
2.11919
1.88606
1.68053
1.51222
1.39063
1.32451
1.32108
1.38568
1.52147
1.72953
2.00758
2.35065
2.75159
3.20166
3.69115
4.20994
4.74788
5.29515
5.84258
6.38192
6.90604
7.40912
7.88661
8.33527
8.75295
9.13843
9.49134
9.81202
10.1014
10.3607
10.5915
10.7943
10.9727
11.1283
11.2627
11.3779
11.4756
11.5574
11.625
11.6798
11.7231
11.7561
11.7801
11.7959
11.8045
11.8069
11.8036
11.7955
11.783
11.7668
11.7473
11.725
11.7003
11.6734
11.6448
11.6145
11.583
11.5503
11.5167
11.4824
11.4473
11.4117
11.3757
11.3393
11.3027
11.2658
11.2287
11.1916
11.1543
11.117
11.0796
11.0423
11.0049
10.9675
10.9301
10.8928
10.8555
10.8181
10.7809
10.7436
10.7063
10.669
10.6317
10.5944
10.557
10.5196
10.4822
10.4447
10.4071
10.3694
10.3316
10.2937
10.2557
10.2176
10.1793
10.1409
10.1023
10.0636
10.0248
9.98571
9.94649
9.90707
9.86744
9.82759
9.78752
9.74722
9.70666
9.66586
9.62478
9.58344
9.54182
9.4999
9.45769
9.41518
9.37237
9.32924
9.28581
9.24207
9.19801
9.15363
9.10894
9.06392
9.01858
8.97292
8.92693
8.88061
8.83397
8.78701
8.73972
8.69213
8.64422
8.59603
8.54755
8.4988
8.44982
8.40064
8.3513
8.30184
8.25237
8.20294
8.15372
8.10481
8.0565
8.00895
7.96266
7.9178
7.87528
7.83491
7.79815
7.76267
7.72974
7.68672
5.81222
5.80686
5.7946
5.77608
5.75085
5.71869
5.67919
5.63186
5.57612
5.51131
5.4367
5.35144
5.2546
5.14518
5.02211
4.88425
4.7304
4.5594
4.37015
4.16173
3.93352
3.68535
3.41769
3.13181
2.83006
2.51603
2.1948
1.87318
1.55968
1.26451
0.999182
0.776024
0.607339
0.504533
0.477102
0.531999
0.672925
0.900978
1.21168
1.59746
2.04858
2.55384
3.10128
3.67881
4.27461
4.87754
5.47734
6.06495
6.63262
7.17419
7.68512
8.16242
8.60431
9.01001
9.37968
9.71421
10.015
10.2836
10.5215
10.7308
10.9144
11.0743
11.2125
11.331
11.4316
11.5161
11.5861
11.6431
11.6886
11.7236
11.7495
11.7671
11.7775
11.7814
11.7797
11.7731
11.762
11.7472
11.729
11.7079
11.6843
11.6585
11.6308
11.6016
11.5709
11.5391
11.5063
11.4727
11.4383
11.4034
11.368
11.3322
11.2961
11.2597
11.2231
11.1864
11.1495
11.1125
11.0755
11.0385
11.0014
10.9643
10.9272
10.8901
10.853
10.8159
10.7788
10.7417
10.7045
10.6674
10.6302
10.5931
10.5558
10.5185
10.4812
10.4437
10.4062
10.3686
10.3309
10.2931
10.2551
10.2171
10.1788
10.1405
10.102
10.0633
10.0245
9.98548
9.94629
9.90689
9.86729
9.82747
9.78742
9.74713
9.70659
9.66579
9.62473
9.5834
9.54178
9.49987
9.45766
9.41515
9.37234
9.32922
9.28579
9.24204
9.19799
9.15361
9.10892
9.0639
9.01855
8.97289
8.92689
8.88057
8.83392
8.78694
8.73965
8.69203
8.64411
8.59588
8.54736
8.49857
8.44953
8.40027
8.35083
8.30126
8.25162
8.20199
8.1525
8.10324
8.05446
8.00628
7.9591
7.91303
7.86871
7.82585
7.78518
7.74453
7.70365
7.65313
5.78594
5.78031
5.76767
5.74869
5.72278
5.68964
5.64873
5.59949
5.54121
5.47312
5.39428
5.30366
5.20007
5.08224
4.94873
4.79797
4.62827
4.43787
4.22499
3.98802
3.72561
3.43691
3.12174
2.78082
2.41616
2.03147
1.63251
1.22737
0.826552
0.44295
0.091522
-0.211426
-0.449179
-0.605613
-0.666655
-0.622729
-0.470413
-0.213846
0.141933
0.587638
1.11012
1.69396
2.32326
2.98284
3.6586
4.33785
5.00911
5.66219
6.28846
6.88132
7.43628
7.95064
8.42323
8.85411
9.24436
9.5957
9.91019
10.1902
10.436
10.6534
10.8435
11.0088
11.1516
11.2741
11.3783
11.4661
11.5391
11.5989
11.6469
11.6844
11.7126
11.7325
11.7449
11.7509
11.7511
11.7463
11.737
11.7237
11.7071
11.6874
11.6652
11.6407
11.6143
11.5862
11.5566
11.5258
11.4939
11.4612
11.4277
11.3935
11.3589
11.3237
11.2882
11.2525
11.2164
11.1802
11.1438
11.1073
11.0707
11.034
10.9973
10.9605
10.9237
10.8869
10.8501
10.8132
10.7763
10.7394
10.7025
10.6656
10.6286
10.5915
10.5544
10.5172
10.48
10.4427
10.4053
10.3678
10.3301
10.2924
10.2545
10.2165
10.1783
10.14
10.1016
10.063
10.0242
9.98523
9.94607
9.90671
9.86714
9.82734
9.78731
9.74704
9.70652
9.66574
9.62469
9.58336
9.54174
9.49984
9.45763
9.41513
9.37231
9.3292
9.28577
9.24203
9.19797
9.15359
9.1089
9.06388
9.01853
8.97286
8.92686
8.88053
8.83387
8.78688
8.73957
8.69193
8.64398
8.59572
8.54716
8.49831
8.4492
8.39986
8.35031
8.3006
8.25078
8.20092
8.15113
8.10149
8.05218
8.00332
7.95518
7.90783
7.86164
7.81629
7.77194
7.72666
7.67925
7.62298
5.76632
5.76022
5.74685
5.72702
5.69996
5.66531
5.62244
5.57071
5.50932
5.43728
5.35349
5.25665
5.14533
5.01787
4.87237
4.70665
4.51834
4.30484
4.06347
3.79162
3.48687
3.1472
2.77123
2.35868
1.91093
1.43171
0.927509
0.407957
-0.114018
-0.621965
-1.09592
-1.51279
-1.84839
-2.08068
-2.19101
-2.16692
-2.00426
-1.70772
-1.28259
-0.745517
-0.118615
0.575152
1.31489
2.08275
2.86367
3.64422
4.41156
5.1535
5.85947
6.52183
7.13587
7.69917
8.21152
8.67411
9.08938
9.46012
9.78936
10.081
10.3377
10.5633
10.7605
10.932
11.0802
11.2074
11.3158
11.4074
11.484
11.5471
11.5983
11.6388
11.6697
11.6922
11.7072
11.7155
11.718
11.7153
11.708
11.6966
11.6818
11.6638
11.6432
11.6202
11.5952
11.5684
11.5401
11.5105
11.4798
11.448
11.4155
11.3823
11.3484
11.3141
11.2793
11.2442
11.2088
11.1732
11.1374
11.1014
11.0652
11.029
10.9927
10.9563
10.9198
10.8833
10.8468
10.8102
10.7736
10.7369
10.7002
10.6634
10.6266
10.5898
10.5528
10.5158
10.4787
10.4415
10.4042
10.3668
10.3292
10.2916
10.2538
10.2159
10.1778
10.1395
10.1012
10.0626
10.0239
9.98495
9.94583
9.9065
9.86696
9.82719
9.78719
9.74694
9.70643
9.66567
9.62463
9.58331
9.5417
9.4998
9.4576
9.4151
9.37229
9.32917
9.28575
9.24201
9.19795
9.15358
9.10888
9.06386
9.01851
8.97283
8.92683
8.88049
8.83382
8.78681
8.73948
8.69182
8.64384
8.59554
8.54693
8.49803
8.44885
8.39941
8.34974
8.29987
8.24986
8.19975
8.14964
8.09958
8.04971
8.00011
7.95097
7.9023
7.85425
7.80648
7.75872
7.70932
7.65659
7.59565
5.7594
5.75255
5.738
5.71688
5.68822
5.65163
5.60643
5.55187
5.48697
5.41059
5.32137
5.21779
5.09803
4.95994
4.801
4.61832
4.40867
4.16849
3.89394
3.58099
3.22547
2.82332
2.37109
1.86682
1.31115
0.708188
0.0659996
-0.603279
-1.28332
-1.95326
-2.58655
-3.15089
-3.61245
-3.94066
-4.11254
-4.11168
-3.93678
-3.56754
-3.03085
-2.36079
-1.59361
-0.761937
0.109406
1.00042
1.89649
2.78747
3.66366
4.5133
5.32215
6.07752
6.77124
7.40033
7.96558
8.46996
8.91726
9.31206
9.657
9.96173
10.2289
10.4629
10.6671
10.8448
10.9986
11.1311
11.2443
11.3403
11.421
11.4881
11.5428
11.5867
11.6209
11.6465
11.6644
11.6754
11.6805
11.6802
11.6752
11.666
11.6532
11.6372
11.6184
11.5972
11.5738
11.5485
11.5216
11.4933
11.4638
11.4333
11.4018
11.3696
11.3367
11.3033
11.2693
11.235
11.2003
11.1653
11.1301
11.0947
11.0591
11.0234
10.9875
10.9515
10.9155
10.8793
10.8431
10.8069
10.7705
10.7341
10.6976
10.6611
10.6245
10.5878
10.551
10.5142
10.4772
10.4402
10.403
10.3657
10.3283
10.2907
10.253
10.2151
10.1772
10.139
10.1007
10.0622
10.0235
9.98463
9.94556
9.90627
9.86677
9.82703
9.78705
9.74683
9.70635
9.66559
9.62457
9.58326
9.54166
9.49976
9.45757
9.41507
9.37226
9.32915
9.28573
9.24199
9.19793
9.15356
9.10886
9.06384
9.01849
8.97281
8.92679
8.88045
8.83376
8.78675
8.73939
8.69171
8.64369
8.59535
8.5467
8.49773
8.44847
8.39892
8.34913
8.2991
8.24888
8.1985
8.14804
8.09754
8.04708
7.99672
7.94656
7.89656
7.8467
7.79661
7.74577
7.69271
7.6356
7.5708
5.77132
5.76335
5.74705
5.72417
5.69339
5.65441
5.60646
5.54869
5.47995
5.39889
5.30397
5.19334
5.06474
4.91542
4.74218
4.54141
4.30897
4.04006
3.72904
3.3694
2.95391
2.47554
1.92872
1.31072
0.623017
-0.128219
-0.932317
-1.77383
-2.63256
-3.48596
-4.3059
-5.05433
-5.684
-6.14321
-6.38848
-6.38965
-6.15511
-5.66678
-4.96617
-4.10421
-3.13602
-2.11625
-1.09069
-0.0872757
0.888946
1.85202
2.80984
3.75683
4.67398
5.53871
6.33229
7.04595
7.67934
8.23693
8.72453
9.1476
9.51639
9.83692
10.1152
10.3569
10.5671
10.75
10.9088
11.0461
11.1643
11.2652
11.3505
11.4219
11.4808
11.5286
11.5665
11.5955
11.6167
11.6309
11.6388
11.6413
11.6389
11.6321
11.6216
11.6078
11.591
11.5717
11.5501
11.5265
11.5012
11.4744
11.4463
11.417
11.3868
11.3557
11.3238
11.2914
11.2584
11.2249
11.191
11.1567
11.1222
11.0874
11.0524
11.0172
10.9818
10.9463
10.9107
10.875
10.8391
10.8032
10.7672
10.731
10.6948
10.6586
10.6222
10.5857
10.5491
10.5124
10.4756
10.4387
10.4017
10.3645
10.3272
10.2897
10.2521
10.2144
10.1765
10.1384
10.1002
10.0617
10.0231
9.98429
9.94527
9.90603
9.86656
9.82686
9.78691
9.74671
9.70625
9.66551
9.6245
9.5832
9.54161
9.49972
9.45753
9.41503
9.37223
9.32913
9.28571
9.24197
9.19792
9.15355
9.10885
9.06383
9.01847
8.97279
8.92677
8.88041
8.83371
8.78668
8.7393
8.69159
8.64354
8.59516
8.54645
8.49741
8.44807
8.39842
8.34848
8.29828
8.24784
8.19719
8.14637
8.0954
8.04435
7.99322
7.94203
7.89071
7.83912
7.78684
7.73321
7.67693
7.61619
7.54814
5.80804
5.79838
5.7795
5.75432
5.72078
5.6789
5.62778
5.56645
5.49362
5.40779
5.30722
5.18972
5.05249
4.89223
4.70512
4.48674
4.23173
3.93338
3.58326
3.17128
2.68672
2.12032
1.46643
0.724755
-0.0987133
-0.993799
-1.9498
-2.95902
-4.01358
-5.09716
-6.18022
-7.21584
-8.13001
-8.8301
-9.22524
-9.25617
-8.93888
-8.29608
-7.35275
-6.18051
-4.87905
-3.54746
-2.26269
-1.06765
0.0209728
1.02535
1.99827
2.9771
3.96286
4.92591
5.82663
6.63916
7.35406
7.97437
8.50755
8.96769
9.3641
9.70488
9.99733
10.2484
10.4645
10.6514
10.8137
10.9549
11.0773
11.1828
11.2729
11.349
11.4126
11.4648
11.5068
11.5397
11.5645
11.5821
11.5933
11.5988
11.5992
11.5952
11.5872
11.5757
11.5612
11.5439
11.5243
11.5025
11.4789
11.4538
11.4272
11.3993
11.3704
11.3405
11.3099
11.2785
11.2464
11.2139
11.1808
11.1474
11.1136
11.0795
11.0451
11.0105
10.9757
10.9407
10.9055
10.8702
10.8348
10.7992
10.7635
10.7277
10.6918
10.6558
10.6197
10.5834
10.547
10.5105
10.4739
10.4372
10.4003
10.3632
10.326
10.2887
10.2512
10.2136
10.1757
10.1378
10.0996
10.0612
10.0227
9.98393
9.94495
9.90576
9.86633
9.82667
9.78675
9.74658
9.70614
9.66543
9.62443
9.58314
9.54155
9.49967
9.45749
9.415
9.37221
9.3291
9.28569
9.24196
9.19791
9.15354
9.10884
9.06382
9.01846
8.97277
8.92674
8.88037
8.83366
8.78661
8.73922
8.69148
8.64339
8.59496
8.54619
8.49709
8.44765
8.39789
8.34781
8.29744
8.24677
8.19583
8.14464
8.09321
8.04155
7.98964
7.93746
7.88486
7.83162
7.7773
7.72118
7.66206
7.59826
7.52747
5.87391
5.86183
5.83977
5.81109
5.7741
5.72897
5.67436
5.60945
5.53273
5.44261
5.33711
5.21367
5.069
4.89927
4.70004
4.4659
4.18991
3.86299
3.4735
3.00793
2.45353
1.80178
1.04981
0.202278
-0.732807
-1.75232
-2.86278
-4.07868
-5.41519
-6.87472
-8.42473
-9.98196
-11.4128
-12.5552
-13.2642
-13.4461
-13.0701
-12.1688
-10.8149
-9.13424
-7.28686
-5.43011
-3.67908
-2.10464
-0.752277
0.374435
1.35658
2.30553
3.28453
4.298
5.28937
6.19953
7.00084
7.68853
8.27463
8.77399
9.1999
9.56328
9.87283
10.1361
10.3601
10.5517
10.7169
10.8604
10.9857
11.0948
11.1893
11.2702
11.3386
11.3956
11.4421
11.4793
11.5081
11.5295
11.5442
11.553
11.5565
11.5554
11.5501
11.5412
11.5291
11.5141
11.4965
11.4768
11.4551
11.4316
11.4067
11.3803
11.3528
11.3243
11.2949
11.2646
11.2337
11.2021
11.17
11.1374
11.1044
11.071
11.0373
11.0034
10.9691
10.9347
10.9
10.8652
10.8301
10.795
10.7596
10.7242
10.6886
10.6528
10.617
10.5809
10.5448
10.5085
10.4721
10.4355
10.3988
10.3619
10.3248
10.2876
10.2502
10.2127
10.175
10.1371
10.099
10.0607
10.0222
9.98354
9.94462
9.90548
9.86609
9.82647
9.78659
9.74644
9.70603
9.66533
9.62435
9.58307
9.5415
9.49962
9.45745
9.41497
9.37218
9.32908
9.28567
9.24195
9.1979
9.15353
9.10883
9.06381
9.01845
8.97275
8.92672
8.88034
8.83362
8.78655
8.73913
8.69136
8.64324
8.59477
8.54594
8.49676
8.44723
8.39736
8.34714
8.29658
8.24568
8.19445
8.14289
8.09099
8.03873
7.98606
7.9329
7.87907
7.8243
7.7681
7.70974
7.64812
7.58172
7.50861
5.97089
5.95603
5.9291
5.89573
5.8547
5.80574
5.74778
5.6797
5.59996
5.50684
5.39784
5.27003
5.12041
4.94414
4.73613
4.49004
4.19723
3.84644
3.42375
2.91304
2.30085
1.58018
0.751079
-0.181612
-1.21534
-2.36287
-3.6616
-5.16025
-6.89456
-8.87383
-11.041
-13.257
-15.3098
-16.9552
-17.9966
-18.3205
-17.8644
-16.6749
-14.8637
-12.6114
-10.1329
-7.65548
-5.34903
-3.2916
-1.54495
-0.164256
0.896172
1.80151
2.72513
3.72841
4.77475
5.76178
6.64241
7.39813
8.03657
8.57431
9.02861
9.41376
9.74063
10.0176
10.252
10.4504
10.6195
10.7653
10.8923
11.0038
11.1016
11.1867
11.2599
11.3217
11.3731
11.4149
11.448
11.4734
11.4919
11.5042
11.5111
11.5131
11.5107
11.5045
11.495
11.4824
11.4671
11.4495
11.4297
11.4081
11.3849
11.3602
11.3342
11.3071
11.279
11.2499
11.2201
11.1896
11.1585
11.1268
11.0946
11.0621
11.0291
10.9958
10.9622
10.9283
10.8941
10.8598
10.8252
10.7905
10.7555
10.7204
10.6851
10.6497
10.6141
10.5784
10.5424
10.5064
10.4701
10.4337
10.3972
10.3604
10.3235
10.2864
10.2492
10.2118
10.1742
10.1364
10.0984
10.0602
10.0218
9.98313
9.94427
9.90518
9.86584
9.82626
9.78641
9.7463
9.7059
9.66523
9.62426
9.58299
9.54143
9.49957
9.4574
9.41493
9.37215
9.32906
9.28566
9.24194
9.19789
9.15353
9.10883
9.06381
9.01845
8.97275
8.9267
8.88032
8.83358
8.78649
8.73905
8.69125
8.64309
8.59457
8.54569
8.49643
8.44681
8.39682
8.34646
8.29571
8.24459
8.19307
8.14114
8.08877
8.03592
7.98252
7.92842
7.87343
7.81722
7.75931
7.69895
7.63513
7.56649
7.49139
6.09704
6.07932
6.04565
6.00645
5.9606
5.9077
5.84665
5.77621
5.69476
5.60035
5.49034
5.36147
5.20994
5.0311
4.81931
4.56731
4.26505
3.89948
3.45501
2.9147
2.26445
1.49726
0.612827
-0.387122
-1.50956
-2.78439
-4.27373
-6.05161
-8.15842
-10.5968
-13.2737
-15.9982
-18.5098
-20.5172
-21.774
-22.1653
-21.6405
-20.2416
-18.0889
-15.3998
-12.4249
-9.45629
-6.74749
-4.351
-2.27449
-0.624245
0.553375
1.45269
2.31771
3.27303
4.32585
5.36623
6.31201
7.12656
7.81061
8.38146
8.85948
9.26254
9.60399
9.89344
10.1384
10.3454
10.5207
10.6701
10.7992
10.9122
11.0121
11.1004
11.1775
11.244
11.3003
11.3469
11.3846
11.4143
11.4369
11.4529
11.4633
11.4685
11.4692
11.4659
11.4591
11.449
11.4361
11.4207
11.4031
11.3834
11.362
11.339
11.3147
11.289
11.2623
11.2345
11.2059
11.1765
11.1464
11.1157
11.0844
11.0526
11.0204
10.9878
10.9548
10.9216
10.888
10.8541
10.82
10.7857
10.7512
10.7165
10.6815
10.6464
10.6111
10.5756
10.54
10.5041
10.4681
10.4319
10.3955
10.3589
10.3222
10.2852
10.2481
10.2108
10.1733
10.1356
10.0977
10.0596
10.0213
9.9827
9.9439
9.90487
9.86558
9.82603
9.78622
9.74614
9.70577
9.66511
9.62416
9.58291
9.54136
9.49951
9.45735
9.41489
9.37212
9.32904
9.28564
9.24193
9.19789
9.15353
9.10884
9.06381
9.01845
8.97274
8.92669
8.8803
8.83355
8.78644
8.73898
8.69115
8.64295
8.59439
8.54544
8.49611
8.4464
8.39629
8.34578
8.29486
8.2435
8.1917
8.13941
8.08659
8.03317
7.97905
7.92407
7.868
7.81047
7.75099
7.68885
7.6231
7.55252
7.47569
6.2445
6.22478
6.18328
6.13732
6.08631
6.02977
5.96656
5.89524
5.81403
5.72075
5.61258
5.48601
5.3369
5.16044
4.95086
4.70042
4.39834
4.03041
3.57977
3.02913
2.3647
1.57882
0.669167
-0.365901
-1.54045
-2.89279
-4.4905
-6.41508
-8.71358
-11.3837
-14.3147
-17.2896
-20.0245
-22.2154
-23.6062
-24.0587
-23.4875
-21.9602
-19.6124
-16.6961
-13.4916
-10.2975
-7.40898
-4.91542
-2.75596
-0.967243
0.329495
1.23729
2.04804
2.94489
3.98192
5.05173
6.04188
6.89771
7.61428
8.20943
8.7045
9.11955
9.47048
9.76852
10.0218
10.2367
10.419
10.574
10.7068
10.8219
10.9234
11.0135
11.0936
11.164
11.2247
11.2761
11.3185
11.3527
11.3794
11.3994
11.4134
11.4221
11.426
11.4257
11.4216
11.4142
11.4038
11.3907
11.3753
11.3577
11.3382
11.317
11.2943
11.2702
11.2449
11.2185
11.1911
11.1628
11.1338
11.1041
11.0737
11.0428
11.0114
10.9795
10.9472
10.9146
10.8816
10.8483
10.8147
10.7808
10.7467
10.7123
10.6778
10.643
10.608
10.5728
10.5374
10.5018
10.466
10.43
10.3938
10.3574
10.3208
10.284
10.247
10.2098
10.1724
10.1348
10.097
10.059
10.0207
9.98226
9.94352
9.90454
9.8653
9.8258
9.78603
9.74597
9.70563
9.66499
9.62406
9.58282
9.54129
9.49945
9.45731
9.41486
9.3721
9.32902
9.28564
9.24193
9.1979
9.15354
9.10885
9.06382
9.01846
8.97275
8.92669
8.88029
8.83352
8.7864
8.73891
8.69106
8.64282
8.59421
8.54521
8.49581
8.446
8.39578
8.34513
8.29403
8.24245
8.19036
8.13773
8.08447
8.03051
7.97572
7.91991
7.86282
7.80409
7.7432
7.67947
7.61202
7.53974
7.46142
6.39078
6.37679
6.33249
6.28118
6.22575
6.16695
6.10375
6.03438
5.95665
5.86805
5.76549
5.64525
5.50304
5.33409
5.1327
4.89132
4.59931
4.24243
3.80368
3.26573
2.61414
1.83997
0.940213
-0.0871342
-1.25534
-2.60006
-4.1825
-6.07499
-8.32669
-10.9326
-13.7848
-16.6745
-19.3273
-21.4547
-22.8191
-23.2767
-22.7355
-21.2547
-18.9843
-16.1696
-13.1013
-10.0391
-7.24045
-4.85335
-2.822
-1.09491
0.215295
1.1134
1.88027
2.73392
3.75445
4.83866
5.85254
6.72706
7.45642
8.06242
8.56687
8.98894
9.34505
9.64762
9.90553
10.1257
10.3137
10.4745
10.6122
10.7308
10.8343
10.9261
11.0082
11.0815
11.1461
11.2019
11.249
11.2878
11.3189
11.3429
11.3608
11.373
11.3803
11.3831
11.382
11.3774
11.3696
11.359
11.3458
11.3304
11.313
11.2937
11.2727
11.2503
11.2265
11.2015
11.1754
11.1484
11.1205
11.0918
11.0625
11.0324
11.0019
10.9707
10.9392
10.9072
10.8748
10.842
10.809
10.7756
10.7419
10.708
10.6738
10.6394
10.6047
10.5698
10.5347
10.4993
10.4637
10.4279
10.3919
10.3557
10.3193
10.2827
10.2458
10.2088
10.1715
10.134
10.0963
10.0584
10.0202
9.9818
9.94313
9.9042
9.86502
9.82556
9.78582
9.74579
9.70548
9.66486
9.62394
9.58273
9.54121
9.49939
9.45726
9.41482
9.37207
9.32901
9.28563
9.24193
9.19791
9.15355
9.10886
9.06384
9.01847
8.97276
8.9267
8.88029
8.83351
8.78637
8.73886
8.69098
8.64271
8.59405
8.54499
8.49552
8.44562
8.39529
8.3445
8.29322
8.24143
8.18908
8.13611
8.08244
8.02797
7.97254
7.91596
7.85794
7.79811
7.73596
7.67082
7.60188
7.52813
7.44849
6.49294
6.49718
6.46258
6.41143
6.35588
6.29914
6.241
6.17881
6.10954
6.0302
5.93752
5.82769
5.6965
5.53943
5.35129
5.12536
4.85224
4.51897
4.10958
3.60704
2.99623
2.26719
1.41662
0.444693
-0.654222
-1.9016
-3.33788
-5.01539
-6.97401
-9.20885
-11.6363
-14.0905
-16.3521
-18.1843
-19.3871
-19.8327
-19.4445
-18.2188
-16.3031
-13.9229
-11.337
-8.76284
-6.37784
-4.29415
-2.49833
-0.961955
0.229965
1.07419
1.81096
2.6512
3.66972
4.75534
5.76582
6.63069
7.34942
7.94897
8.45207
8.87561
9.23402
9.53902
9.79941
10.0222
10.2136
10.3784
10.5205
10.643
10.7493
10.8429
10.9265
11.0018
11.0692
11.1286
11.1798
11.2228
11.2581
11.2862
11.3078
11.3236
11.3342
11.3402
11.3421
11.3402
11.3351
11.327
11.3162
11.3029
11.2875
11.2701
11.2509
11.2301
11.2079
11.1844
11.1596
11.1339
11.1071
11.0795
11.0511
11.022
10.9922
10.9619
10.931
10.8997
10.8679
10.8358
10.8032
10.7703
10.7371
10.7036
10.6698
10.6357
10.6014
10.5668
10.5319
10.4968
10.4615
10.4259
10.3901
10.3541
10.3178
10.2814
10.2447
10.2078
10.1706
10.1332
10.0956
10.0578
10.0197
9.98134
9.94273
9.90386
9.86473
9.82531
9.7856
9.74561
9.70531
9.66472
9.62383
9.58263
9.54113
9.49932
9.45721
9.41478
9.37205
9.329
9.28563
9.24194
9.19792
9.15357
9.10889
9.06386
9.0185
8.97279
8.92672
8.88029
8.83351
8.78635
8.73882
8.69091
8.6426
8.5939
8.54478
8.49525
8.44527
8.39483
8.3439
8.29246
8.24047
8.18786
8.13457
8.08052
8.02556
7.96955
7.91226
7.8534
7.79258
7.7293
7.66293
7.59268
7.51764
7.43684
6.57048
6.59249
6.56196
6.5113
6.45738
6.40741
6.36053
6.31104
6.2545
6.18763
6.10713
6.00935
5.8904
5.74617
5.57214
5.36275
5.11038
4.80425
4.43048
3.97337
3.41797
2.75342
1.97527
1.08503
0.084434
-1.03267
-2.28486
-3.70147
-5.30703
-7.09769
-9.01988
-10.9606
-12.7644
-14.2533
-15.2633
-15.6812
-15.4447
-14.5351
-13.0672
-11.2306
-9.21769
-7.18201
-5.25819
-3.53598
-2.01869
-0.710618
0.318429
1.09433
1.8264
2.68967
3.72079
4.79062
5.76687
6.59491
7.28461
7.86578
8.36006
8.78052
9.13842
9.44447
9.70698
9.93215
10.1257
10.2932
10.4385
10.5646
10.6739
10.7695
10.8543
10.9308
10.9999
11.0618
11.1162
11.1628
11.2017
11.2334
11.2584
11.2774
11.2911
11.3
11.3046
11.3054
11.3027
11.2969
11.2883
11.2771
11.2636
11.2479
11.2304
11.2112
11.1904
11.1682
11.1447
11.1201
11.0944
11.0678
11.0403
11.012
10.9831
10.9535
10.9233
10.8926
10.8614
10.8298
10.7977
10.7653
10.7325
10.6994
10.666
10.6322
10.5982
10.5639
10.5293
10.4944
10.4593
10.424
10.3884
10.3525
10.3164
10.2801
10.2436
10.2068
10.1698
10.1325
10.095
10.0572
10.0192
9.98089
9.94234
9.90353
9.86443
9.82506
9.78538
9.74542
9.70515
9.66457
9.6237
9.58252
9.54104
9.49925
9.45715
9.41475
9.37202
9.32899
9.28563
9.24195
9.19794
9.15359
9.10891
9.06389
9.01853
8.97281
8.92674
8.88031
8.83351
8.78634
8.73879
8.69085
8.64252
8.59377
8.54461
8.495
8.44494
8.39441
8.34336
8.29177
8.23958
8.18674
8.13316
8.07875
8.02336
7.96682
7.90889
7.84927
7.78757
7.72329
7.65582
7.58443
7.50825
7.42643
6.63101
6.64723
6.61877
6.5672
6.52142
6.48945
6.46303
6.43187
6.39133
6.3384
6.27022
6.18372
6.07562
5.94233
5.78001
5.58418
5.34897
5.06615
4.72469
4.31129
3.81229
3.21633
2.51703
1.71444
0.812796
-0.18504
-1.28201
-2.48818
-3.81247
-5.24721
-6.75533
-8.26077
-9.65586
-10.8148
-11.6189
-11.9827
-11.8583
-11.2229
-10.1555
-8.79464
-7.27393
-5.70447
-4.18454
-2.77908
-1.51478
-0.427678
0.444345
1.17278
1.9309
2.8407
3.87877
4.90705
5.82266
6.59734
7.24913
7.80542
8.28571
8.70001
9.05547
9.36075
9.62412
9.85146
10.0474
10.217
10.3648
10.4938
10.6062
10.7042
10.7905
10.8679
10.9381
11.0017
11.0583
11.1077
11.1497
11.1844
11.2125
11.2345
11.251
11.2626
11.2697
11.2729
11.2725
11.2688
11.2622
11.2529
11.2411
11.2272
11.2112
11.1934
11.174
11.153
11.1307
11.1071
11.0824
11.0567
11.0301
11.0027
10.9744
10.9455
10.916
10.8858
10.8552
10.8241
10.7925
10.7605
10.7281
10.6954
10.6623
10.6289
10.5951
10.5611
10.5268
10.4921
10.4572
10.4221
10.3867
10.351
10.3151
10.2789
10.2425
10.2058
10.1689
10.1317
10.0943
10.0566
10.0187
9.98043
9.94195
9.90318
9.86413
9.82479
9.78515
9.74521
9.70496
9.66441
9.62356
9.5824
9.54094
9.49917
9.45709
9.4147
9.37199
9.32897
9.28562
9.24195
9.19795
9.15361
9.10894
9.06392
9.01856
8.97284
8.92677
8.88033
8.83352
8.78634
8.73877
8.69081
8.64244
8.59366
8.54445
8.49479
8.44465
8.39403
8.34287
8.29113
8.23877
8.18572
8.13188
8.07714
8.02135
7.96433
7.90583
7.84554
7.78306
7.71791
7.64948
7.5771
7.49994
7.4172
6.63496
6.62963
6.60129
6.55097
6.54069
6.55069
6.55551
6.5474
6.52408
6.48415
6.42609
6.34804
6.24756
6.12172
5.96723
5.78039
5.5567
5.29015
4.97262
4.59389
4.14262
3.60824
2.98322
2.26508
1.45667
0.563769
-0.408292
-1.4569
-2.57871
-3.7608
-4.97326
-6.16222
-7.25301
-8.15912
-8.80053
-9.11318
-9.05338
-8.61273
-7.84412
-6.83539
-5.67707
-4.45276
-3.24093
-2.09916
-1.06513
-0.170763
0.590662
1.31709
2.13264
3.08865
4.10558
5.06417
5.90364
6.6202
7.23349
7.76444
8.22837
8.63347
8.98443
9.2875
9.5503
9.77872
9.97672
10.1483
10.298
10.4294
10.5446
10.6452
10.7335
10.8121
10.8832
10.9478
11.006
11.0575
11.1019
11.1394
11.1701
11.1947
11.2138
11.2278
11.2372
11.2426
11.2443
11.2426
11.2378
11.2303
11.2202
11.2077
11.1932
11.1768
11.1586
11.1388
11.1175
11.095
11.0712
11.0464
11.0205
10.9938
10.9663
10.938
10.909
10.8795
10.8493
10.8187
10.7875
10.7559
10.7239
10.6915
10.6588
10.6256
10.5922
10.5584
10.5243
10.4899
10.4552
10.4203
10.385
10.3495
10.3137
10.2777
10.2414
10.2049
10.1681
10.131
10.0936
10.056
10.0181
9.97997
9.94154
9.90282
9.86381
9.8245
9.78489
9.74498
9.70476
9.66423
9.62341
9.58227
9.54083
9.49908
9.45702
9.41464
9.37195
9.32894
9.28561
9.24195
9.19795
9.15362
9.10896
9.06394
9.01858
8.97286
8.92679
8.88034
8.83353
8.78633
8.73875
8.69077
8.64237
8.59356
8.5443
8.49459
8.44439
8.39368
8.34242
8.29056
8.23805
8.1848
8.13072
8.07569
8.01955
7.9621
7.9031
7.84222
7.77906
7.71315
7.6439
7.57065
7.49264
7.40911
6.5921
6.53026
6.46417
6.46281
6.52645
6.60053
6.64772
6.66527
6.65688
6.62599
6.57378
6.49998
6.40314
6.28093
6.13048
5.94855
5.73137
5.47446
5.17212
4.81715
4.40121
3.9158
3.35385
2.71148
1.98922
1.19186
0.327164
-0.596203
-1.56765
-2.57055
-3.57815
-4.54917
-5.43049
-6.16137
-6.68107
-6.94724
-6.92817
-6.62153
-6.05733
-5.29146
-4.39149
-3.42792
-2.46326
-1.54287
-0.697903
0.0622097
0.782854
1.55213
2.43206
3.39867
4.35575
5.22763
5.99162
6.65538
7.23338
7.73998
8.187
8.58111
8.92553
9.2248
9.48567
9.71398
9.91323
10.0864
10.2375
10.3706
10.4881
10.5914
10.682
10.7621
10.8341
10.8995
10.9589
11.0119
11.0583
11.098
11.1311
11.158
11.1793
11.1955
11.2071
11.2145
11.2181
11.2182
11.2151
11.2092
11.2006
11.1896
11.1764
11.1612
11.1442
11.1254
11.1052
11.0835
11.0606
11.0366
11.0115
10.9855
10.9586
10.9309
10.9025
10.8734
10.8437
10.8135
10.7828
10.7516
10.7199
10.6878
10.6554
10.6225
10.5893
10.5558
10.5219
10.4877
10.4533
10.4185
10.3834
10.3481
10.3124
10.2765
10.2404
10.2039
10.1672
10.1302
10.0929
10.0554
10.0176
9.97949
9.9411
9.90243
9.86346
9.82418
9.7846
9.74472
9.70453
9.66403
9.62323
9.58212
9.5407
9.49897
9.45693
9.41457
9.37189
9.3289
9.28558
9.24193
9.19794
9.15362
9.10896
9.06395
9.0186
8.97288
8.9268
8.88035
8.83353
8.78633
8.73873
8.69073
8.64231
8.59347
8.54418
8.49441
8.44416
8.39337
8.34202
8.29005
8.23739
8.18397
8.12969
8.0744
8.01795
7.96014
7.90069
7.8393
7.77556
7.709
7.63905
7.56507
7.48633
7.40211
6.59107
6.47887
6.37383
6.41832
6.54608
6.67742
6.75937
6.79359
6.79224
6.76382
6.7119
6.63753
6.5402
6.41818
6.2688
6.08882
5.87467
5.62265
5.32874
4.98833
4.59606
4.14611
3.6331
3.05334
2.40606
1.69421
0.924714
0.107465
-0.744413
-1.61295
-2.47336
-3.29238
-4.02925
-4.63916
-5.07826
-5.30864
-5.31513
-5.09745
-4.67394
-4.08425
-3.38265
-2.62396
-1.85409
-1.10622
-0.393952
0.305664
1.04872
1.88023
2.79258
3.71947
4.59224
5.3797
6.07964
6.69899
7.24578
7.72955
8.15965
8.54172
8.87821
9.17243
9.43021
9.65723
9.85678
10.031
10.1831
10.3172
10.4363
10.5419
10.6349
10.7169
10.7901
10.8562
10.9164
10.9706
11.0185
11.06
11.0951
11.1241
11.1474
11.1656
11.1791
11.1884
11.1937
11.1955
11.194
11.1896
11.1824
11.1727
11.1607
11.1467
11.1307
11.1129
11.0936
11.0728
11.0507
11.0274
11.003
10.9776
10.9513
10.9241
10.8962
10.8676
10.8384
10.8086
10.7782
10.7474
10.7161
10.6843
10.6521
10.6196
10.5866
10.5533
10.5196
10.4857
10.4514
10.4167
10.3818
10.3466
10.3111
10.2754
10.2393
10.203
10.1663
10.1294
10.0923
10.0548
10.017
9.97897
9.94064
9.90201
9.86307
9.82384
9.78429
9.74443
9.70427
9.6638
9.62303
9.58194
9.54054
9.49884
9.45682
9.41448
9.37182
9.32884
9.28553
9.24189
9.19792
9.15361
9.10896
9.06395
9.0186
8.97288
8.9268
8.88036
8.83353
8.78631
8.73871
8.69069
8.64225
8.59338
8.54406
8.49425
8.44395
8.3931
8.34167
8.2896
8.23682
8.18325
8.12878
8.07327
8.01656
7.95843
7.89861
7.83678
7.77255
7.70545
7.63491
7.56032
7.48097
7.39617
6.7256
6.58213
6.46697
6.51213
6.6549
6.80113
6.8912
6.9281
6.92504
6.89237
6.83542
6.75642
6.65558
6.53155
6.3816
6.20209
5.98914
5.73924
5.44947
5.11723
4.73976
4.31391
3.83642
3.30469
2.71782
2.07767
1.38957
0.662458
-0.0908392
-0.853061
-1.60161
-2.30841
-2.94009
-3.46174
-3.84231
-4.05303
-4.08165
-3.92982
-3.61196
-3.15901
-2.61179
-2.01067
-1.38735
-0.755677
-0.102444
0.608467
1.40415
2.27224
3.1594
4.011
4.7991
5.51746
6.16682
6.7488
7.2674
7.72984
8.1437
8.51354
8.84128
9.1296
9.3835
9.60833
9.80725
9.98184
10.1346
10.2692
10.3894
10.4967
10.5919
10.6758
10.7503
10.8173
10.8781
10.9332
10.9823
11.0252
11.062
11.0928
11.118
11.1379
11.1532
11.1641
11.1711
11.1744
11.1744
11.1713
11.1654
11.157
11.1461
11.1331
11.1181
11.1013
11.0828
11.0628
11.0414
11.0188
10.995
10.9702
10.9444
10.9178
10.8903
10.8622
10.8334
10.8039
10.7739
10.7434
10.7124
10.6809
10.649
10.6167
10.5839
10.5508
10.5174
10.4836
10.4495
10.415
10.3803
10.3452
10.3099
10.2742
10.2383
10.202
10.1655
10.1286
10.0915
10.0541
10.0164
9.97843
9.94014
9.90155
9.86266
9.82346
9.78394
9.74412
9.70399
9.66355
9.6228
9.58174
9.54037
9.49869
9.45669
9.41437
9.37173
9.32876
9.28547
9.24184
9.19788
9.15358
9.10893
9.06394
9.01859
8.97287
8.9268
8.88035
8.83351
8.78629
8.73868
8.69065
8.64219
8.5933
8.54395
8.49411
8.44376
8.39286
8.34136
8.2892
8.23632
8.18263
8.128
8.07231
8.01538
7.95698
7.89685
7.83467
7.77003
7.70248
7.63146
7.55638
7.47653
7.39126
6.94415
6.78562
6.66744
6.69872
6.8243
6.95151
7.03122
7.05964
7.04786
7.00606
6.9405
6.85425
6.74806
6.62083
6.4696
6.29007
6.07761
5.82847
5.5404
5.21236
4.84378
4.43383
3.98126
3.48484
2.94414
2.36045
1.73792
1.08428
0.410865
-0.266607
-0.927784
-1.54881
-2.10242
-2.55939
-2.90052
-3.09874
-3.14715
-3.04743
-2.81153
-2.46304
-2.03174
-1.54404
-1.01204
-0.426965
0.235472
0.990182
1.81784
2.66571
3.48611
4.25826
4.9783
5.64418
6.25234
6.80153
7.29469
7.73769
8.13642
8.49437
8.81317
9.09516
9.34472
9.56675
9.76428
9.93859
10.0915
10.2264
10.3471
10.4557
10.5527
10.6385
10.7144
10.7822
10.8436
10.8992
10.9492
10.9933
11.0315
11.0639
11.0907
11.1123
11.1292
11.1417
11.1501
11.1548
11.1562
11.1543
11.1496
11.1423
11.1325
11.1204
11.1063
11.0903
11.0726
11.0533
11.0326
11.0106
10.9874
10.9632
10.9379
10.9117
10.8847
10.857
10.8285
10.7995
10.7698
10.7396
10.7088
10.6776
10.646
10.6139
10.5814
10.5485
10.5152
10.4816
10.4476
10.4134
10.3788
10.3438
10.3086
10.273
10.2372
10.201
10.1646
10.1278
10.0908
10.0534
10.0158
9.97786
9.93961
9.90107
9.86221
9.82304
9.78357
9.74378
9.70368
9.66327
9.62255
9.58152
9.54017
9.49851
9.45653
9.41423
9.37161
9.32866
9.28539
9.24177
9.19782
9.15353
9.10889
9.0639
9.01856
8.97285
8.92677
8.88032
8.83349
8.78626
8.73864
8.6906
8.64213
8.59322
8.54385
8.49398
8.44359
8.39264
8.34109
8.28886
8.2359
8.1821
8.12735
8.07151
8.01439
7.95578
7.89541
7.83294
7.76798
7.70008
7.62869
7.55323
7.47299
7.38734
7.13283
6.99
6.87438
6.8879
6.97684
7.07379
7.13895
7.15866
7.14056
7.0921
7.01968
6.92715
6.81617
6.68631
6.53452
6.35561
6.14377
5.89476
5.60691
5.28066
4.91735
4.5181
4.08328
3.61287
3.10698
2.56667
1.99522
1.39919
0.788884
0.178117
-0.415747
-0.971451
-1.46785
-1.88345
-2.18933
-2.37815
-2.44229
-2.38244
-2.20835
-1.93705
-1.58619
-1.1633
-0.660099
-0.0605441
0.640994
1.4215
2.22809
3.01361
3.76028
4.46874
5.13822
5.76196
6.33429
6.85436
7.32497
7.75057
8.13539
8.48207
8.79213
9.06776
9.31281
9.5317
9.7273
9.90076
10.0534
10.1883
10.3092
10.4186
10.5171
10.6045
10.6817
10.7504
10.8123
10.8684
10.919
10.9641
11.0035
11.0372
11.0655
11.0886
11.1069
11.1208
11.1306
11.1366
11.1392
11.1385
11.1349
11.1285
11.1197
11.1085
11.0953
11.0801
11.0631
11.0445
11.0244
11.003
10.9803
10.9565
10.9317
10.906
10.8794
10.852
10.8239
10.7952
10.7658
10.7359
10.7054
10.6744
10.643
10.6111
10.5788
10.5462
10.5131
10.4796
10.4458
10.4117
10.3772
10.3424
10.3073
10.2719
10.2361
10.2
10.1637
10.127
10.09
10.0527
10.0151
9.97724
9.93905
9.90054
9.86173
9.8226
9.78316
9.74341
9.70334
9.66296
9.62227
9.58127
9.53995
9.49831
9.45636
9.41408
9.37148
9.32855
9.28528
9.24168
9.19774
9.15346
9.10883
9.06385
9.01851
8.97281
8.92673
8.88028
8.83345
8.78622
8.73859
8.69054
8.64207
8.59314
8.54375
8.49386
8.44344
8.39246
8.34086
8.28858
8.23555
8.18167
8.12683
8.07087
8.01361
7.95484
7.89428
7.8316
7.7664
7.69825
7.62658
7.55084
7.47032
7.3844
7.22559
7.08188
6.98671
7.0124
7.08391
7.16397
7.2161
7.22911
7.20702
7.1536
7.07557
6.97766
6.8623
6.7301
6.57827
6.40074
6.19028
5.94166
5.65351
5.32757
4.96705
4.57481
4.15272
3.70186
3.22276
2.71632
2.18516
1.63462
1.07365
0.514967
-0.0259386
-0.5315
-0.982994
-1.36094
-1.64757
-1.83318
-1.91022
-1.87957
-1.74941
-1.52779
-1.21506
-0.800615
-0.273584
0.364005
1.08585
1.84257
2.5886
3.30464
3.99241
4.65428
5.28336
5.87032
6.41094
6.90563
7.35655
7.76659
8.13864
8.47476
8.7765
9.04599
9.28661
9.50223
9.69558
9.86776
10.0199
10.1545
10.2754
10.3852
10.4848
10.5737
10.6521
10.7216
10.7839
10.8403
10.8914
10.9372
10.9776
11.0125
11.0421
11.0665
11.0862
11.1013
11.1124
11.1196
11.1233
11.1237
11.1211
11.1157
11.1077
11.0974
11.0849
11.0704
11.0541
11.0361
11.0166
10.9957
10.9736
10.9503
10.9259
10.9006
10.8743
10.8473
10.8195
10.7911
10.762
10.7323
10.7021
10.6714
10.6402
10.6085
10.5764
10.5439
10.511
10.4777
10.444
10.41
10.3757
10.341
10.306
10.2707
10.235
10.199
10.1627
10.1261
10.0892
10.052
10.0144
9.9766
9.93845
9.89999
9.86121
9.82212
9.78272
9.743
9.70297
9.66263
9.62197
9.581
9.5397
9.49809
9.45616
9.4139
9.37132
9.3284
9.28516
9.24157
9.19764
9.15337
9.10875
9.06378
9.01844
8.97274
8.92667
8.88023
8.83339
8.78617
8.73853
8.69048
8.642
8.59306
8.54365
8.49375
8.44331
8.3923
8.34067
8.28835
8.23528
8.18134
8.12643
8.07038
8.01303
7.95415
7.89346
7.83063
7.76528
7.69696
7.62512
7.5492
7.46851
7.38241
7.24965
7.13085
7.09735
7.1182
7.13283
7.18744
7.22747
7.24396
7.22832
7.17969
7.10292
7.00357
6.88804
6.7573
6.60803
6.43314
6.22394
5.97456
5.68458
5.3574
4.99811
4.61075
4.19832
3.76269
3.30462
2.82471
2.32504
1.81041
1.28832
0.769469
0.268257
-0.199523
-0.615532
-0.962638
-1.23092
-1.41309
-1.49989
-1.48888
-1.38136
-1.17215
-0.848432
-0.401622
0.162591
0.815099
1.51106
2.20986
2.89067
3.55197
4.197
4.82144
5.41474
5.96891
6.48198
6.9548
7.38844
7.7844
8.14464
8.47095
8.76494
9.02867
9.26506
9.47744
9.66837
9.839
9.99029
10.1245
10.2452
10.3552
10.4556
10.5456
10.6252
10.6954
10.7581
10.8147
10.8661
10.9125
10.9537
10.9896
11.0203
11.046
11.0668
11.0832
11.0954
11.1037
11.1085
11.1099
11.1082
11.1037
11.0965
11.087
11.0752
11.0613
11.0456
11.0282
11.0093
10.9889
10.9672
10.9443
10.9203
10.8954
10.8695
10.8428
10.8153
10.7871
10.7583
10.7289
10.6989
10.6684
10.6374
10.6059
10.574
10.5417
10.5089
10.4758
10.4423
10.4084
10.3742
10.3396
10.3047
10.2694
10.2339
10.198
10.1617
10.1252
10.0883
10.0512
10.0137
9.97591
9.93781
9.89939
9.86066
9.82161
9.78225
9.74257
9.70258
9.66227
9.62164
9.5807
9.53943
9.49785
9.45594
9.4137
9.37114
9.32824
9.28501
9.24143
9.19752
9.15326
9.10865
9.06368
9.01836
8.97266
8.9266
8.88015
8.83332
8.78609
8.73846
8.69041
8.64192
8.59298
8.54356
8.49365
8.4432
8.39217
8.34052
8.28818
8.23507
8.1811
8.12614
8.07005
8.01265
7.9537
7.89294
7.83004
7.76461
7.6962
7.62429
7.54829
7.46753
7.38135
7.33066
7.1509
7.00971
6.99097
7.12113
7.20083
7.24228
7.25898
7.24543
7.19571
7.11521
7.01169
6.89016
6.75551
6.6078
6.43954
6.23788
5.9925
5.70275
5.37404
5.01449
4.63012
4.22547
3.80308
3.3636
2.90712
2.43489
1.95088
1.46212
0.97846
0.51018
0.0714488
-0.31607
-0.64045
-0.89272
-1.06771
-1.15944
-1.15537
-1.03888
-0.799955
-0.435264
0.0485995
0.623214
1.24837
1.88956
2.52725
3.15609
3.77658
4.38622
4.97627
5.53642
6.06112
6.54986
7.00316
7.42092
7.8036
8.15259
8.46954
8.75615
9.01436
9.24661
9.45572
9.64407
9.81292
9.96317
10.0968
10.2171
10.3272
10.4281
10.5191
10.5996
10.6705
10.7334
10.7902
10.8418
10.8886
10.9305
10.9674
10.9991
11.0259
11.0479
11.0654
11.0787
11.0881
11.0939
11.0962
11.0954
11.0918
11.0854
11.0766
11.0655
11.0523
11.0372
11.0204
11.0019
10.982
10.9608
10.9383
10.9147
10.8901
10.8646
10.8382
10.811
10.7831
10.7545
10.7254
10.6956
10.6653
10.6345
10.6032
10.5715
10.5393
10.5067
10.4737
10.4404
10.4066
10.3725
10.3381
10.3033
10.2681
10.2326
10.1968
10.1607
10.1242
10.0874
10.0503
10.0129
9.97513
9.93708
9.89871
9.86003
9.82103
9.78171
9.74207
9.70212
9.66185
9.62126
9.58034
9.53911
9.49755
9.45567
9.41345
9.37091
9.32803
9.28481
9.24126
9.19736
9.15311
9.10851
9.06355
9.01823
8.97255
8.92649
8.88005
8.83322
8.786
8.73836
8.69031
8.64182
8.59288
8.54346
8.49354
8.44308
8.39205
8.34039
8.28804
8.23492
8.18093
8.12596
8.06985
8.01243
7.95347
7.8927
7.82979
7.76435
7.69595
7.62406
7.54809
7.46736
7.38121
7.34087
7.23179
7.16454
7.13223
7.14714
7.18111
7.21234
7.23071
7.22297
7.18027
7.1062
7.01113
6.89931
6.77415
6.63543
6.47264
6.26933
6.01719
5.72053
5.38638
5.02186
4.63559
4.23454
3.82199
3.39844
2.96309
2.51637
2.06129
1.60414
1.15504
0.722493
0.312423
-0.0598369
-0.373578
-0.61783
-0.779784
-0.843921
-0.799216
-0.635139
-0.347761
0.0530966
0.541237
1.08366
1.6538
2.23577
2.82272
3.41082
3.99584
4.57105
5.12696
5.65517
6.15225
6.61823
7.05289
7.45506
7.82445
8.16216
8.46982
8.74913
9.00185
9.22993
9.43565
9.62122
9.78803
9.93702
10.0699
10.1898
10.2997
10.401
10.4928
10.5741
10.6456
10.7089
10.7658
10.8175
10.8646
10.9071
10.9448
10.9776
11.0055
11.0286
11.0473
11.0617
11.0722
11.0789
11.0823
11.0824
11.0796
11.074
11.0659
11.0555
11.043
11.0285
11.0122
10.9943
10.9749
10.9541
10.932
10.9088
10.8846
10.8594
10.8333
10.8065
10.7788
10.7506
10.7216
10.6921
10.662
10.6314
10.6003
10.5688
10.5368
10.5043
10.4715
10.4383
10.4047
10.3707
10.3364
10.3017
10.2666
10.2312
10.1955
10.1594
10.123
10.0863
10.0493
10.0119
9.97422
9.93623
9.89792
9.85929
9.82035
9.78108
9.74149
9.70158
9.66135
9.6208
9.57992
9.53872
9.49719
9.45533
9.41315
9.37062
9.32777
9.28457
9.24103
9.19715
9.15291
9.10832
9.06338
9.01807
8.97239
8.92634
8.87991
8.83309
8.78587
8.73824
8.69019
8.64171
8.59277
8.54335
8.49343
8.44298
8.39195
8.3403
8.28796
8.23485
8.18088
8.12593
8.06985
8.01247
7.95356
7.89285
7.83003
7.76471
7.69643
7.62469
7.54889
7.46834
7.38237
7.35435
7.27105
7.18128
7.118
7.12037
7.15543
7.18378
7.19647
7.18315
7.13747
7.06313
6.96778
6.85472
6.72582
6.58204
6.41916
6.22683
5.9935
5.71296
5.38824
5.02653
4.63966
4.23909
3.83199
3.41991
3.00151
2.57591
2.14447
1.71315
1.28597
0.874373
0.498439
0.168644
-0.106209
-0.307372
-0.418995
-0.428269
-0.324983
-0.11213
0.19769
0.586241
1.03299
1.51895
2.03271
2.56731
3.11462
3.66641
4.21565
4.75514
5.27671
5.77395
6.24461
6.68859
7.10477
7.49111
7.84692
8.17319
8.47154
8.74358
8.99079
9.21463
9.41686
9.59949
9.76408
9.91165
10.0437
10.1631
10.2728
10.3742
10.4667
10.5489
10.6209
10.6844
10.7414
10.7932
10.8405
10.8835
10.9221
10.9559
10.9849
11.0092
11.029
11.0445
11.0561
11.0639
11.0682
11.0692
11.0673
11.0625
11.0552
11.0455
11.0336
11.0197
11.004
10.9866
10.9677
10.9473
10.9257
10.9029
10.879
10.8542
10.8284
10.8018
10.7745
10.7465
10.7178
10.6885
10.6586
10.6282
10.5973
10.566
10.5341
10.5019
10.4692
10.4361
10.4026
10.3688
10.3346
10.3
10.265
10.2297
10.1941
10.1581
10.1217
10.0851
10.0481
10.0108
9.97323
9.9353
9.89706
9.85849
9.8196
9.78038
9.74084
9.70098
9.6608
9.62028
9.57945
9.53828
9.49678
9.45495
9.41279
9.37029
9.32746
9.28428
9.24076
9.19689
9.15267
9.1081
9.06316
9.01787
8.9722
8.92616
8.87973
8.83292
8.78571
8.73809
8.69005
8.64157
8.59264
8.54324
8.49333
8.44289
8.39188
8.34025
8.28794
8.23487
8.18095
8.12606
8.07006
8.01278
7.95399
7.89343
7.83079
7.76568
7.69766
7.62619
7.55071
7.4705
7.38486
7.36331
7.28594
7.2211
7.18164
7.15861
7.15179
7.15252
7.14944
7.12185
7.06854
6.99254
6.89826
6.7878
6.66173
6.52018
6.3595
6.16978
5.94018
5.66688
5.35336
5.00655
4.63678
4.2543
3.86565
3.47286
3.07594
2.67472
2.2709
1.8717
1.48777
1.12391
0.794749
0.512404
0.289687
0.143731
0.0861383
0.12083
0.247032
0.45844
0.742927
1.08762
1.48319
1.9231
2.39801
2.89649
3.40702
3.92107
4.43298
4.93674
5.42518
5.89294
6.33831
6.76079
7.15843
7.52867
7.87063
8.18538
8.47447
8.7393
8.981
9.20053
9.39919
9.57877
9.741
9.88702
10.0182
10.137
10.2464
10.348
10.4409
10.5238
10.5964
10.6601
10.717
10.7688
10.8164
10.8599
10.8992
10.934
10.9641
10.9896
11.0105
11.0272
11.0399
11.0487
11.054
11.056
11.0549
11.051
11.0444
11.0354
11.0242
11.0109
10.9957
10.9788
10.9604
10.9405
10.9193
10.8968
10.8733
10.8488
10.8234
10.7971
10.77
10.7423
10.7138
10.6848
10.6551
10.6249
10.5942
10.563
10.5314
10.4993
10.4667
10.4338
10.4005
10.3667
10.3326
10.2981
10.2633
10.2281
10.1925
10.1566
10.1204
10.0838
10.0469
10.0097
9.97215
9.93429
9.89611
9.85761
9.81878
9.77962
9.74014
9.70033
9.66019
9.61972
9.57892
9.53779
9.49632
9.45452
9.41239
9.36992
9.3271
9.28395
9.24045
9.19659
9.15239
9.10783
9.06291
9.01763
8.97197
8.92594
8.87953
8.83272
8.78552
8.73791
8.68989
8.64142
8.59251
8.54312
8.49324
8.44282
8.39185
8.34025
8.28799
8.23498
8.18114
8.12635
8.07048
8.01335
7.95475
7.89442
7.83206
7.76727
7.69963
7.62859
7.55357
7.47384
7.38869
7.37177
7.30208
7.23987
7.18504
7.14658
7.12464
7.10939
7.095
7.05941
7.0025
6.92595
6.83226
6.72268
6.59713
6.45462
6.29168
6.1017
5.87829
5.61924
5.32707
5.00723
4.66642
4.31215
3.95067
3.58613
3.22051
2.85493
2.4926
2.13576
1.78863
1.4674
1.18451
0.950137
0.773992
0.666316
0.634241
0.678539
0.796312
0.982912
1.23474
1.54691
1.9124
2.32192
2.76309
3.22354
3.69426
4.16983
4.6458
5.11588
5.57292
6.01245
6.43331
6.83455
7.21351
7.56735
7.89531
8.19855
8.47848
8.73614
8.97227
9.18741
9.3824
9.55887
9.71865
9.86308
9.99335
10.1116
10.2207
10.3222
10.4154
10.4989
10.5719
10.6359
10.6928
10.7446
10.7923
10.8362
10.8763
10.912
10.9432
10.9699
10.992
11.0098
11.0236
11.0335
11.0397
11.0427
11.0425
11.0393
11.0335
11.0253
11.0147
11.002
10.9874
10.971
10.953
10.9336
10.9128
10.8907
10.8676
10.8434
10.8183
10.7923
10.7655
10.738
10.7098
10.6809
10.6515
10.6215
10.591
10.56
10.5285
10.4966
10.4642
10.4314
10.3982
10.3646
10.3306
10.2962
10.2615
10.2263
10.1909
10.155
10.1189
10.0824
10.0456
10.0085
9.97099
9.93321
9.8951
9.85666
9.8179
9.7788
9.73937
9.69961
9.65952
9.61909
9.57834
9.53724
9.49581
9.45405
9.41194
9.36949
9.3267
9.28357
9.24009
9.19625
9.15207
9.10752
9.06262
9.01734
8.9717
8.92568
8.87928
8.8325
8.78531
8.73771
8.6897
8.64126
8.59236
8.543
8.49314
8.44277
8.39183
8.3403
8.28811
8.23519
8.18145
8.1268
8.0711
8.01418
7.95584
7.89583
7.83384
7.7695
7.70236
7.63188
7.55748
7.47839
7.3939
7.37805
7.3109
7.24938
7.19694
7.15421
7.11975
7.09331
7.05598
7.0087
6.94468
6.86455
6.76946
6.65987
6.53457
6.39185
6.22931
6.04323
5.82974
5.58726
5.31743
5.02399
4.71205
4.38781
4.05694
3.72351
3.38976
3.0572
2.72863
2.40818
2.10336
1.82639
1.58716
1.39296
1.25012
1.16479
1.14245
1.18624
1.29635
1.47108
1.70748
1.99974
2.33877
2.71452
3.11715
3.53815
3.97151
4.41258
4.85572
5.29368
5.72018
6.13231
6.52931
6.90955
7.26971
7.60695
7.92085
8.21263
8.48348
8.73397
8.96441
9.17501
9.36627
9.53958
9.69689
9.8397
9.9691
10.0869
10.1956
10.2969
10.3903
10.4741
10.5476
10.6118
10.6687
10.7204
10.7682
10.8125
10.8533
10.89
10.9223
10.9501
10.9734
10.9924
11.0072
11.0182
11.0255
11.0293
11.03
11.0277
11.0227
11.0151
11.0051
10.9931
10.979
10.9631
10.9456
10.9266
10.9062
10.8845
10.8617
10.8379
10.8131
10.7874
10.7609
10.7336
10.7056
10.677
10.6478
10.618
10.5877
10.5569
10.5256
10.4938
10.4615
10.4289
10.3958
10.3623
10.3284
10.2942
10.2595
10.2245
10.1891
10.1534
10.1173
10.0809
10.0442
10.0071
9.96976
9.93206
9.89402
9.85565
9.81695
9.77792
9.73855
9.69884
9.6588
9.61842
9.5777
9.53665
9.49525
9.45352
9.41144
9.36902
9.32626
9.28314
9.23968
9.19587
9.1517
9.10717
9.06228
9.01703
8.9714
8.92539
8.87901
8.83224
8.78506
8.73749
8.68949
8.64107
8.5922
8.54287
8.49306
8.44273
8.39185
8.34039
8.28829
8.23548
8.18189
8.12741
8.07193
8.01528
7.95727
7.89766
7.83614
7.77235
7.70585
7.63609
7.56246
7.48419
7.40051
7.38078
7.31423
7.2521
7.19566
7.14384
7.09668
7.0539
7.0059
6.95213
6.88411
6.80321
6.70804
6.59861
6.47401
6.333
6.17415
5.99491
5.79246
5.56575
5.31616
5.04698
4.76264
4.46802
4.16761
3.86454
3.56132
3.26097
2.96725
2.68482
2.42096
2.18376
1.98033
1.81667
1.69877
1.6325
1.62298
1.67316
1.7831
1.95024
2.17023
2.43753
2.74544
3.08694
3.45484
3.84223
4.24323
4.65229
5.06303
5.46898
5.86583
6.25191
6.62608
6.98564
7.32687
7.64739
7.94725
8.22769
8.48949
8.73269
8.95725
9.16312
9.35055
9.52071
9.67556
9.81677
9.94536
10.0627
10.171
10.2721
10.3655
10.4496
10.5234
10.5877
10.6446
10.6962
10.7441
10.7889
10.8303
10.868
10.9014
10.9303
10.9548
10.9749
10.9909
11.0029
11.0112
11.016
11.0176
11.0161
11.0118
11.0049
10.9956
10.9841
10.9706
10.9552
10.9382
10.9196
10.8996
10.8783
10.8558
10.8323
10.8078
10.7824
10.7561
10.7291
10.7014
10.673
10.644
10.6145
10.5843
10.5537
10.5225
10.4909
10.4588
10.4263
10.3933
10.36
10.3262
10.292
10.2575
10.2226
10.1873
10.1516
10.1157
10.0794
10.0427
10.0058
9.96846
9.93084
9.89288
9.85458
9.81595
9.77697
9.73766
9.69801
9.65802
9.61769
9.57701
9.536
9.49464
9.45294
9.41089
9.3685
9.32576
9.28267
9.23923
9.19544
9.15129
9.10678
9.06191
9.01667
8.97106
8.92507
8.8787
8.83194
8.78479
8.73724
8.68927
8.64087
8.59204
8.54274
8.49298
8.4427
8.3919
8.34052
8.28853
8.23586
8.18244
8.12818
8.07296
8.01663
7.95902
7.89989
7.83895
7.77584
7.71011
7.64123
7.56854
7.49127
7.40859
7.37869
7.31248
7.24904
7.18937
7.1333
7.0798
7.02723
6.97136
6.90864
6.83627
6.75057
6.6531
6.5429
6.41929
6.28068
6.12629
5.95437
5.76297
5.5519
5.3226
5.07776
4.82063
4.5545
4.28293
4.0092
3.73659
3.46863
3.20915
2.96285
2.73539
2.53239
2.35991
2.22419
2.13087
2.08441
2.08789
2.14276
2.24863
2.40357
2.60481
2.84882
3.13057
3.4438
3.7818
4.13828
4.50775
4.88482
5.26377
5.63966
6.00952
6.37168
6.72394
7.0628
7.38488
7.68867
7.97467
8.24391
8.49661
8.73233
8.95072
9.15163
9.33513
9.50213
9.65455
9.7942
9.92202
10.039
10.147
10.2477
10.3409
10.4251
10.4991
10.5636
10.6205
10.6721
10.7201
10.7653
10.8074
10.846
10.8805
10.9106
10.9363
10.9576
10.9746
10.9877
10.997
11.0028
11.0052
11.0045
11.001
10.9948
10.9861
10.9752
10.9622
10.9473
10.9307
10.9125
10.8929
10.872
10.8499
10.8267
10.8025
10.7773
10.7514
10.7246
10.6971
10.669
10.6402
10.6108
10.5808
10.5503
10.5194
10.4879
10.4559
10.4236
10.3907
10.3575
10.3238
10.2898
10.2553
10.2205
10.1853
10.1498
10.1139
10.0777
10.0412
10.0043
9.9671
9.92955
9.89167
9.85345
9.81488
9.77597
9.73672
9.69713
9.65719
9.6169
9.57627
9.5353
9.49398
9.45231
9.4103
9.36794
9.32522
9.28216
9.23874
9.19497
9.15084
9.10635
9.06149
9.01627
8.97068
8.92471
8.87836
8.83162
8.78449
8.73696
8.68902
8.64065
8.59186
8.54261
8.4929
8.44269
8.39197
8.3407
8.28883
8.23632
8.1831
8.12909
8.07418
8.01824
7.96109
7.90253
7.84227
7.77996
7.71516
7.64731
7.57576
7.49967
7.41818
7.37372
7.30647
7.24086
7.17762
7.11628
7.0558
6.99496
6.93128
6.86196
6.78472
6.69748
6.59964
6.49049
6.36891
6.23459
6.08563
5.92262
5.74351
5.54881
5.33968
5.1179
4.88594
4.64661
4.40282
4.15789
3.91535
3.67857
3.45122
3.23745
3.04175
2.86917
2.72538
2.6156
2.54375
2.51266
2.52446
2.58064
2.68163
2.82661
3.01347
3.23875
3.49763
3.78451
4.0939
4.42089
4.76072
5.10831
5.45864
5.80778
6.15316
6.49249
6.82274
7.14051
7.44341
7.73081
8.00335
8.26156
8.50506
8.733
8.94488
9.14054
9.31994
9.48378
9.63382
9.77193
9.89902
10.0157
10.1235
10.2237
10.3165
10.4006
10.4748
10.5394
10.5964
10.6481
10.6963
10.7418
10.7846
10.8241
10.8597
10.891
10.9179
10.9403
10.9585
10.9727
10.983
10.9896
10.9929
10.9931
10.9902
10.9847
10.9766
10.9663
10.9538
10.9394
10.9233
10.9055
10.8863
10.8657
10.8439
10.821
10.7971
10.7722
10.7465
10.72
10.6927
10.6648
10.6362
10.607
10.5773
10.5469
10.5161
10.4848
10.453
10.4207
10.388
10.3549
10.3214
10.2874
10.2531
10.2184
10.1833
10.1479
10.1121
10.076
10.0396
10.0028
9.96567
9.92821
9.8904
9.85226
9.81376
9.77492
9.73573
9.69619
9.6563
9.61607
9.57548
9.53455
9.49327
9.45164
9.40965
9.36732
9.32464
9.2816
9.2382
9.19445
9.15034
9.10587
9.06103
9.01583
8.97026
8.92431
8.87798
8.83127
8.78416
8.73666
8.68874
8.64042
8.59166
8.54247
8.49282
8.44269
8.39206
8.34091
8.28919
8.23686
8.18387
8.13014
8.07558
8.02007
7.96347
7.90556
7.84608
7.7847
7.72098
7.65435
7.58413
7.50946
7.42937
7.36419
7.29581
7.22852
7.16266
7.0977
7.03258
6.96626
6.89723
6.82364
6.74349
6.65496
6.55704
6.44917
6.33064
6.20073
6.05912
5.90426
5.73737
5.55819
5.36744
5.16666
4.95783
4.74338
4.52612
4.30909
4.09529
3.88781
3.69005
3.50575
3.33906
3.1945
3.07642
2.98846
2.93357
2.91429
2.93282
2.99071
3.08851
3.22542
3.39931
3.60695
3.84433
4.10709
4.39097
4.69174
5.0049
5.32575
5.65005
5.9745
6.29642
6.61293
6.92091
7.2178
7.50225
7.77412
8.03377
8.28109
8.51516
8.73491
8.93985
9.12991
9.30503
9.46567
9.61338
9.74995
9.8763
9.99274
10.1002
10.1999
10.2922
10.376
10.4502
10.5151
10.5723
10.6241
10.6725
10.7185
10.762
10.8025
10.8392
10.8716
10.8997
10.9233
10.9426
10.9578
10.9691
10.9767
10.9808
10.9817
10.9796
10.9748
10.9673
10.9575
10.9455
10.9316
10.9158
10.8985
10.8796
10.8594
10.8379
10.8153
10.7916
10.7671
10.7416
10.7153
10.6883
10.6606
10.6322
10.6032
10.5736
10.5435
10.5128
10.4816
10.45
10.4178
10.3853
10.3523
10.3189
10.285
10.2508
10.2162
10.1812
10.1459
10.1102
10.0742
10.0379
10.0012
9.96418
9.9268
9.88908
9.85101
9.81258
9.77381
9.73468
9.6952
9.65536
9.61518
9.57464
9.53375
9.49251
9.45091
9.40896
9.36666
9.324
9.28099
9.23762
9.19389
9.1498
9.10535
9.06054
9.01536
8.9698
8.92387
8.87757
8.83088
8.7838
8.73632
8.68845
8.64016
8.59146
8.54232
8.49274
8.44269
8.39217
8.34115
8.28959
8.23747
8.18473
8.13131
8.07715
8.02213
7.96613
7.90896
7.85038
7.79006
7.72758
7.66237
7.59371
7.52068
7.44222
7.35158
7.28214
7.21321
7.14501
7.07691
7.00799
6.9376
6.86481
6.78812
6.70586
6.61673
6.51989
6.41456
6.30002
6.17574
6.04137
5.89656
5.74154
5.57658
5.40258
5.22104
5.03377
4.84292
4.65089
4.46017
4.27334
4.09327
3.92305
3.76603
3.62574
3.50567
3.4091
3.33911
3.2985
3.28972
3.31472
3.37475
3.47012
3.60001
3.76248
3.95471
4.17334
4.41489
4.6758
4.95241
5.24079
5.53701
5.83739
6.13864
6.43762
6.73137
7.0175
7.29453
7.56185
7.81929
8.06663
8.30309
8.52739
8.73846
8.93596
9.11999
9.29053
9.44787
9.59324
9.7283
9.85386
9.96996
10.0771
10.1763
10.2679
10.3512
10.4254
10.4905
10.548
10.6002
10.6489
10.6955
10.7398
10.7812
10.819
10.8526
10.8818
10.9065
10.927
10.9432
10.9555
10.964
10.969
10.9707
10.9693
10.965
10.9581
10.9488
10.9373
10.9238
10.9085
10.8915
10.8729
10.853
10.8319
10.8096
10.7862
10.7619
10.7366
10.7106
10.6838
10.6563
10.6281
10.5993
10.5699
10.5399
10.5094
10.4784
10.4468
10.4149
10.3824
10.3495
10.3162
10.2825
10.2484
10.2139
10.1791
10.1438
10.1083
10.0724
10.0362
9.99957
9.96263
9.92535
9.8877
9.84971
9.81135
9.77264
9.73358
9.69415
9.65437
9.61424
9.57374
9.5329
9.49169
9.45013
9.40822
9.36595
9.32332
9.28033
9.23699
9.19329
9.14922
9.10479
9.06
9.01484
8.96931
8.9234
8.87712
8.83046
8.78341
8.73597
8.68813
8.63989
8.59123
8.54216
8.49265
8.4427
8.3923
8.34141
8.29003
8.23813
8.18567
8.1326
8.07887
8.02439
7.96905
7.91271
7.85513
7.79602
7.73496
7.67138
7.60452
7.53341
7.45686
7.33598
7.26562
7.19564
7.12607
7.05625
6.98543
6.9131
6.83838
6.76005
6.67698
6.58823
6.49293
6.39036
6.28
6.16148
6.03447
5.89879
5.75471
5.60276
5.44384
5.27926
5.11068
4.93996
4.76918
4.60057
4.43655
4.2797
4.13276
3.99859
3.88008
3.7801
3.7015
3.64703
3.61921
3.62019
3.65159
3.71434
3.80848
3.93302
4.08609
4.26519
4.46762
4.69065
4.93143
5.18696
5.45393
5.7288
6.00793
6.28786
6.56556
6.8387
7.1058
7.36606
7.61898
7.86399
8.10023
8.32646
8.54125
8.74371
8.93377
9.11172
9.27765
9.4317
9.57481
9.70835
9.83302
9.94865
10.0554
10.1539
10.2447
10.3275
10.4015
10.467
10.525
10.5776
10.6269
10.674
10.7191
10.7614
10.8001
10.8348
10.8651
10.891
10.9125
10.9297
10.9429
10.9523
10.9581
10.9604
10.9596
10.9559
10.9495
10.9407
10.9296
10.9165
10.9015
10.8848
10.8666
10.847
10.8261
10.8041
10.7809
10.7568
10.7319
10.706
10.6794
10.6521
10.6241
10.5955
10.5662
10.5364
10.506
10.4751
10.4438
10.4119
10.3796
10.3468
10.3136
10.28
10.246
10.2116
10.1769
10.1418
10.1063
10.0706
10.0344
9.99792
9.96108
9.92387
9.88631
9.84838
9.8101
9.77145
9.73244
9.69308
9.65335
9.61326
9.57281
9.53201
9.49084
9.44932
9.40744
9.3652
9.3226
9.27964
9.23632
9.19264
9.1486
9.1042
9.05943
9.01429
8.96878
8.9229
8.87664
8.83001
8.78299
8.73558
8.68778
8.63959
8.59099
8.54198
8.49255
8.4427
8.39242
8.34169
8.2905
8.23883
8.18666
8.13397
8.0807
8.0268
7.9722
7.91675
7.86028
7.80252
7.74307
7.68135
7.61659
7.54771
7.47338
7.31897
7.24859
7.17795
7.10728
7.03612
6.96382
6.89
6.81402
6.73502
6.65212
6.56447
6.47128
6.37196
6.26612
6.15345
6.03381
5.90729
5.77428
5.63535
5.4913
5.34327
5.19268
5.04112
4.89038
4.74244
4.59942
4.46357
4.33727
4.22301
4.12342
4.04112
3.97876
3.93875
3.92321
3.93376
3.97146
4.0367
4.12916
4.24782
4.39112
4.55723
4.74424
4.95008
5.17251
5.40892
5.65621
5.91088
6.16938
6.42861
6.68619
6.94059
7.19095
7.43662
7.67678
7.91032
8.13585
8.35183
8.55693
8.75057
8.93301
9.10472
9.26587
9.41652
9.55729
9.68922
9.8128
9.92775
10.0339
10.1316
10.2216
10.3037
10.3776
10.4434
10.5021
10.5554
10.6054
10.6532
10.699
10.7422
10.7819
10.8176
10.849
10.8759
10.8985
10.9168
10.9309
10.9411
10.9476
10.9506
10.9504
10.9472
10.9412
10.9328
10.9221
10.9093
10.8946
10.8783
10.8604
10.841
10.8204
10.7986
10.7757
10.7519
10.7271
10.7015
10.6751
10.6479
10.6201
10.5916
10.5625
10.5328
10.5026
10.4719
10.4406
10.4089
10.3767
10.3441
10.311
10.2775
10.2436
10.2093
10.1747
10.1397
10.1044
10.0687
10.0326
9.99624
9.95948
9.92236
9.88487
9.84702
9.8088
9.77022
9.73127
9.69196
9.65228
9.61224
9.57184
9.53108
9.48995
9.44846
9.40662
9.36441
9.32184
9.27891
9.23562
9.19196
9.14794
9.10356
9.05882
9.0137
8.96822
8.92236
8.87613
8.82953
8.78254
8.73517
8.68741
8.63927
8.59073
8.54179
8.49245
8.4427
8.39255
8.34198
8.29099
8.23957
8.18771
8.13541
8.08264
8.02936
7.97554
7.92107
7.86582
7.80955
7.7519
7.69231
7.62996
7.56369
7.49195
7.29254
7.22192
7.1512
7.08047
7.00928
6.93704
6.86342
6.78793
6.70982
6.6284
6.54307
6.45327
6.3586
6.25878
6.15366
6.04325
5.92774
5.80748
5.68298
5.55497
5.42437
5.29234
5.16023
5.02962
4.90227
4.78013
4.66529
4.55995
4.46636
4.38675
4.32333
4.27813
4.25297
4.24936
4.26836
4.31057
4.37611
4.46461
4.5754
4.70757
4.86004
5.03148
5.22024
5.42428
5.64109
5.86763
6.10069
6.33732
6.5752
6.81276
7.04908
7.28346
7.51501
7.74237
7.96384
8.17762
8.38212
8.57632
8.76011
8.93405
9.09878
9.25454
9.40131
9.53938
9.66937
9.79149
9.90532
10.0105
10.1072
10.1961
10.2774
10.3512
10.4175
10.4772
10.5317
10.5827
10.6314
10.6781
10.7221
10.7628
10.7996
10.8322
10.8603
10.884
10.9033
10.9185
10.9295
10.9368
10.9405
10.9408
10.9381
10.9326
10.9246
10.9143
10.9018
10.8875
10.8714
10.8538
10.8347
10.8143
10.7928
10.7702
10.7465
10.722
10.6966
10.6704
10.6434
10.6158
10.5875
10.5586
10.529
10.499
10.4684
10.4373
10.4057
10.3736
10.3411
10.3082
10.2748
10.241
10.2069
10.1724
10.1375
10.1023
10.0667
10.0307
9.99444
9.95777
9.92073
9.88332
9.84555
9.8074
9.76888
9.73
9.69074
9.65112
9.61113
9.57078
9.53006
9.48898
9.44753
9.40572
9.36355
9.32101
9.27811
9.23484
9.19122
9.14723
9.10287
9.05815
9.01306
8.96761
8.92178
8.87558
8.829
8.78205
8.73472
8.68701
8.63891
8.59044
8.54157
8.49232
8.44269
8.39267
8.34227
8.29149
8.24033
8.18881
8.13692
8.08466
8.03205
7.97906
7.92565
7.87171
7.81709
7.76144
7.70427
7.64469
7.58148
7.51279
7.26317
7.19427
7.12476
7.05481
6.98419
6.91246
6.83949
6.76497
6.68836
6.60921
6.52711
6.44167
6.35259
6.25973
6.1631
6.06283
5.95917
5.85244
5.7431
5.6317
5.51901
5.406
5.29385
5.18392
5.07776
4.97707
4.88366
4.79941
4.72624
4.66602
4.62047
4.59108
4.57905
4.58535
4.61067
4.65547
4.72001
4.80426
4.90797
5.03052
5.17094
5.32794
5.49998
5.68511
5.88107
6.08541
6.29585
6.51042
6.72762
6.94639
7.16595
7.38532
7.60301
7.81702
8.02524
8.22582
8.41746
8.59966
8.77276
8.93759
9.09484
9.2447
9.38703
9.52185
9.64937
9.76946
9.88154
9.98518
10.0805
10.1682
10.2487
10.3223
10.3894
10.4505
10.5067
10.5591
10.6089
10.6565
10.7014
10.743
10.781
10.8148
10.8442
10.8692
10.8897
10.9059
10.9179
10.9259
10.9302
10.9311
10.9289
10.9238
10.9162
10.9062
10.894
10.88
10.8642
10.8468
10.828
10.808
10.7867
10.7643
10.7409
10.7166
10.6914
10.6654
10.6387
10.6112
10.5831
10.5543
10.525
10.4951
10.4646
10.4337
10.4022
10.3703
10.3379
10.3051
10.2719
10.2383
10.2043
10.1699
10.1351
10.1
10.0646
10.0287
9.99252
9.95594
9.91899
9.88167
9.84397
9.80589
9.76744
9.72862
9.68943
9.64987
9.60993
9.56963
9.52896
9.48792
9.44652
9.40475
9.36261
9.32011
9.27724
9.23401
9.19041
9.14645
9.10212
9.05743
9.01237
8.96694
8.92115
8.87498
8.82844
8.78152
8.73423
8.68657
8.63853
8.59012
8.54133
8.49218
8.44266
8.39278
8.34256
8.292
8.24111
8.18993
8.13847
8.08676
8.03484
7.98272
7.93043
7.8779
7.82507
7.77164
7.7172
7.66081
7.60121
7.53614
7.21686
7.15029
7.08347
7.01635
6.94857
6.87984
6.81016
6.73938
6.66713
6.59308
6.51695
6.43852
6.35759
6.27408
6.18802
6.09953
6.00887
5.91639
5.82253
5.72783
5.633
5.53894
5.44671
5.35756
5.27283
5.19396
5.12235
5.05933
5.00616
4.964
4.93402
4.91734
4.91505
4.92813
4.95741
5.00344
5.06653
5.14665
5.24348
5.35638
5.48445
5.62651
5.7811
5.94657
6.12131
6.30386
6.49286
6.68708
6.88547
7.08714
7.291
7.49552
7.6986
7.89792
8.09141
8.27754
8.45552
8.62539
8.78785
8.94379
9.09374
9.23765
9.37519
9.50616
9.63044
9.74762
9.85706
9.95843
10.052
10.1383
10.218
10.2917
10.3599
10.4228
10.481
10.5352
10.5864
10.6349
10.6806
10.7232
10.7622
10.7973
10.8282
10.8546
10.8765
10.8937
10.9067
10.9154
10.9203
10.9217
10.9199
10.9151
10.9078
10.898
10.8861
10.8724
10.8568
10.8397
10.8212
10.8013
10.7803
10.7582
10.735
10.7109
10.686
10.6602
10.6337
10.6064
10.5785
10.5499
10.5207
10.491
10.4607
10.4299
10.3986
10.3669
10.3347
10.302
10.2689
10.2354
10.2016
10.1673
10.1327
10.0977
10.0624
10.0266
9.99054
9.95406
9.91719
9.87995
9.84233
9.80433
9.76596
9.7272
9.68807
9.64857
9.60869
9.56844
9.52782
9.48683
9.44547
9.40374
9.36164
9.31918
9.27635
9.23315
9.18958
9.14565
9.10136
9.05669
9.01167
8.96627
8.9205
8.87437
8.82786
8.78099
8.73374
8.68613
8.63814
8.5898
8.54109
8.49203
8.44263
8.3929
8.34284
8.2925
8.24188
8.19103
8.14
8.08882
8.03759
7.98633
7.93516
7.88406
7.83308
7.78196
7.73048
7.67757
7.62211
7.56117
7.16546
7.10412
7.04253
6.98056
6.91785
6.85412
6.78945
6.72383
6.657
6.58876
6.51904
6.44779
6.375
6.30073
6.22511
6.14835
6.07072
5.99255
5.91421
5.83618
5.75903
5.68344
5.61026
5.5404
5.47492
5.41489
5.36147
5.31579
5.27901
5.2522
5.23637
5.23236
5.24089
5.26252
5.29764
5.34647
5.40907
5.4853
5.57485
5.67724
5.79182
5.9178
6.05439
6.20079
6.3562
6.51969
6.69027
6.8669
7.04854
7.234
7.42171
7.60972
7.79588
7.97824
8.15531
8.32626
8.49085
8.6494
8.80258
8.95099
9.09473
9.23339
9.36638
9.49327
9.61363
9.7269
9.8326
9.93081
10.0221
10.1071
10.1864
10.2606
10.3301
10.3952
10.4558
10.5122
10.5648
10.6142
10.6605
10.7038
10.744
10.7806
10.8131
10.8411
10.8643
10.8827
10.8965
10.9059
10.9112
10.9129
10.9113
10.9068
10.8996
10.89
10.8784
10.8648
10.8494
10.8325
10.8142
10.7946
10.7738
10.7519
10.729
10.7052
10.6804
10.6549
10.6286
10.6015
10.5738
10.5454
10.5164
10.4869
10.4568
10.4262
10.395
10.3634
10.3314
10.2989
10.2659
10.2326
10.1989
10.1648
10.1303
10.0955
10.0602
10.0246
9.98857
9.95218
9.9154
9.87824
9.8407
9.80278
9.76447
9.72578
9.68672
9.64727
9.60745
9.56726
9.52669
9.48574
9.44443
9.40274
9.36069
9.31826
9.27547
9.2323
9.18877
9.14488
9.10061
9.05598
9.01098
8.96562
8.91989
8.87378
8.82731
8.78048
8.73327
8.68571
8.63778
8.5895
8.54087
8.49191
8.44261
8.39301
8.34312
8.29297
8.24261
8.19207
8.14143
8.09075
8.04015
7.98969
7.93958
7.88982
7.84063
7.79175
7.74326
7.69391
7.64294
7.58641
7.09089
7.03722
6.9832
6.92883
6.8739
6.81828
6.76205
6.70517
6.64748
6.5889
6.52943
6.46904
6.4077
6.34545
6.28242
6.21885
6.155
6.09123
6.02796
5.96564
5.90483
5.84612
5.79023
5.7379
5.68996
5.64723
5.61054
5.58071
5.55851
5.54467
5.5399
5.54483
5.56007
5.58611
5.62334
5.67198
5.7321
5.80363
5.88639
5.98006
6.08427
6.19854
6.32227
6.45481
6.59538
6.74317
6.89738
7.05707
7.22115
7.38824
7.55671
7.72483
7.89101
8.0541
8.21352
8.36912
8.52107
8.66963
8.81501
8.95712
9.09553
9.22954
9.35839
9.48132
9.59751
9.70626
9.80753
9.90218
9.99133
10.0756
10.1551
10.2302
10.3014
10.3689
10.4321
10.4907
10.5448
10.5949
10.6416
10.6855
10.7269
10.7654
10.7999
10.8298
10.8544
10.8738
10.8882
10.898
10.9035
10.9052
10.9036
10.8991
10.8919
10.8824
10.8708
10.8573
10.8421
10.8254
10.8073
10.7878
10.7673
10.7456
10.7229
10.6993
10.6748
10.6495
10.6234
10.5966
10.5691
10.5409
10.5121
10.4828
10.4528
10.4224
10.3914
10.36
10.3281
10.2958
10.263
10.2299
10.1963
10.1623
10.128
10.0932
10.0581
10.0226
9.98664
9.95034
9.91365
9.87657
9.8391
9.80125
9.76302
9.7244
9.68539
9.64601
9.60625
9.56611
9.52559
9.48469
9.44343
9.40178
9.35977
9.31739
9.27463
9.2315
9.18801
9.14414
9.09991
9.05531
9.01035
8.96502
8.91931
8.87325
8.82681
8.78001
8.73285
8.68533
8.63746
8.58924
8.54069
8.4918
8.44261
8.39313
8.3434
8.29343
8.2433
8.19305
8.14277
8.09253
8.04251
7.99279
7.94366
7.89512
7.84763
7.80086
7.75533
7.7095
7.66335
7.61143
6.99966
6.95696
6.91375
6.86989
6.82523
6.77972
6.73353
6.68673
6.63928
6.59118
6.54252
6.49332
6.4436
6.39345
6.34301
6.29247
6.24209
6.19216
6.14304
6.09514
6.04895
6.00505
5.96404
5.92659
5.89336
5.865
5.84211
5.82526
5.81502
5.81195
5.81663
5.8296
5.85137
5.88234
5.92277
5.97271
6.03205
6.10057
6.17802
6.26423
6.359
6.46212
6.57326
6.69194
6.81754
6.94932
7.08645
7.22801
7.37304
7.52049
7.66926
7.81822
7.96646
8.11342
8.25888
8.40284
8.54523
8.68587
8.82444
8.96053
9.09354
9.22274
9.34721
9.46582
9.57738
9.68125
9.77818
9.8702
9.9591
10.0449
10.1264
10.2033
10.2763
10.3457
10.4112
10.4717
10.5269
10.5772
10.624
10.6688
10.7122
10.7534
10.7907
10.8228
10.8488
10.8689
10.8834
10.8929
10.898
10.8993
10.8973
10.8924
10.885
10.8753
10.8637
10.8502
10.835
10.8184
10.8004
10.7812
10.7608
10.7394
10.7169
10.6935
10.6693
10.6442
10.6183
10.5917
10.5644
10.5365
10.5079
10.4788
10.449
10.4188
10.388
10.3567
10.325
10.2928
10.2602
10.2272
10.1938
10.16
10.1258
10.0911
10.0561
10.0206
9.98482
9.9486
9.91198
9.87498
9.83759
9.79981
9.76164
9.72309
9.68414
9.64482
9.60511
9.56503
9.52456
9.48371
9.44249
9.4009
9.35893
9.31658
9.27386
9.23077
9.18731
9.14348
9.09928
9.05472
9.00978
8.96448
8.91881
8.87278
8.82638
8.77962
8.7325
8.68502
8.6372
8.58904
8.54055
8.49175
8.44266
8.39329
8.34369
8.2939
8.24397
8.19398
8.14402
8.09419
8.0447
7.99564
7.94739
7.89997
7.85405
7.80924
7.7666
7.72416
7.68314
7.63588
6.92734
6.89459
6.86118
6.8273
6.79283
6.75747
6.72115
6.68402
6.64619
6.60767
6.56843
6.52849
6.48793
6.44687
6.40547
6.3639
6.32242
6.28133
6.24097
6.20176
6.1641
6.12854
6.09566
6.06609
6.04052
6.01963
6.00412
5.99462
5.99169
5.99579
6.00731
6.02651
6.05356
6.08854
6.13145
6.18225
6.24089
6.30729
6.38133
6.46285
6.55162
6.64736
6.74972
6.85823
6.97237
7.09158
7.21528
7.34285
7.47359
7.60673
7.74149
7.87722
8.01346
8.14991
8.28633
8.42237
8.55751
8.69119
8.82297
8.95271
9.08033
9.2053
9.32646
9.44225
9.55126
9.65299
9.74872
9.84115
9.93228
10.0215
10.1065
10.1861
10.2607
10.3312
10.3977
10.4594
10.5153
10.5658
10.6128
10.6588
10.7046
10.7489
10.7892
10.8232
10.8499
10.8697
10.8833
10.8917
10.8958
10.8962
10.8935
10.888
10.8802
10.8702
10.8584
10.8448
10.8296
10.8131
10.7952
10.7761
10.7558
10.7345
10.7123
10.6891
10.665
10.6401
10.6144
10.588
10.5609
10.5331
10.5047
10.4757
10.4461
10.416
10.3854
10.3543
10.3227
10.2906
10.2582
10.2253
10.192
10.1582
10.1241
10.0895
10.0546
10.0192
9.98344
9.94728
9.91073
9.87379
9.83645
9.79872
9.7606
9.72209
9.6832
9.64392
9.60425
9.56421
9.52378
9.48297
9.44179
9.40022
9.35829
9.31597
9.27328
9.23022
9.18679
9.14298
9.09881
9.05427
9.00936
8.96408
8.91843
8.87242
8.82605
8.77932
8.73223
8.68479
8.63701
8.5889
8.54046
8.49173
8.44271
8.39343
8.34395
8.29429
8.24454
8.19476
8.14508
8.0956
8.04655
7.99806
7.95057
7.90414
7.85963
7.81659
7.7767
7.73746
7.70184
7.65933
6.86655
6.84323
6.81842
6.79213
6.76473
6.73648
6.70736
6.67738
6.64665
6.61523
6.58308
6.55017
6.51652
6.48218
6.44725
6.41186
6.3762
6.34053
6.30516
6.27048
6.23693
6.20508
6.17555
6.14906
6.12641
6.10845
6.09602
6.08987
6.09062
6.09873
6.11445
6.13788
6.16898
6.2076
6.25356
6.30663
6.36659
6.43324
6.5064
6.58586
6.67139
6.76267
6.85935
6.96106
7.0674
7.17799
7.29244
7.41038
7.53142
7.65512
7.78097
7.90849
8.03723
8.1668
8.29681
8.42685
8.55658
8.68571
8.81394
8.94087
9.06577
9.18765
9.30548
9.4184
9.52589
9.62799
9.72582
9.82126
9.91535
10.0069
10.0934
10.1738
10.2487
10.3195
10.3868
10.4499
10.5075
10.5594
10.6078
10.6554
10.7033
10.7499
10.792
10.8268
10.8533
10.8722
10.8846
10.8919
10.8949
10.8945
10.891
10.8851
10.8769
10.8667
10.8547
10.8411
10.8259
10.8094
10.7916
10.7725
10.7524
10.7312
10.7091
10.686
10.662
10.6373
10.6117
10.5854
10.5584
10.5308
10.5025
10.4736
10.4442
10.4142
10.3836
10.3526
10.3211
10.2892
10.2568
10.224
10.1907
10.1571
10.123
10.0885
10.0535
10.0182
9.98251
9.94639
9.90988
9.87297
9.83567
9.79797
9.75989
9.72141
9.68255
9.6433
9.60366
9.56364
9.52324
9.48246
9.4413
9.39976
9.35785
9.31555
9.27289
9.22984
9.18643
9.14264
9.09849
9.05396
9.00907
8.96381
8.91818
8.87219
8.82584
8.77912
8.73206
8.68465
8.6369
8.58882
8.54043
8.49174
8.44278
8.39358
8.34418
8.29464
8.24502
8.19541
8.14595
8.09675
8.04806
8.00005
7.9532
7.90762
7.86431
7.82287
7.78547
7.74927
7.71918
7.68152
6.83383
6.81555
6.79681
6.77714
6.75626
6.73427
6.71134
6.6875
6.6627
6.63686
6.60995
6.58195
6.55286
6.52273
6.4916
6.45958
6.42683
6.39353
6.35998
6.32656
6.29381
6.26241
6.23315
6.20694
6.18476
6.16762
6.15649
6.15219
6.1554
6.16651
6.18568
6.21282
6.24765
6.28979
6.33882
6.39433
6.456
6.52353
6.59666
6.67508
6.75852
6.84664
6.93905
7.03532
7.13506
7.23802
7.3441
7.45337
7.56592
7.68175
7.80072
7.9225
8.04654
8.17217
8.29869
8.42556
8.55234
8.6786
8.8038
8.92734
9.04863
9.16712
9.28236
9.39404
9.50201
9.60624
9.70707
9.80552
9.90237
9.99657
10.0854
10.167
10.242
10.3123
10.3796
10.4435
10.5026
10.5565
10.6069
10.6564
10.7059
10.7537
10.7962
10.8308
10.8565
10.8742
10.8855
10.8918
10.894
10.8929
10.889
10.8828
10.8743
10.864
10.8519
10.8383
10.8231
10.8066
10.7888
10.7699
10.7498
10.7287
10.7067
10.6837
10.6598
10.6352
10.6097
10.5835
10.5566
10.5291
10.5009
10.4721
10.4427
10.4128
10.3824
10.3514
10.32
10.2881
10.2558
10.223
10.1898
10.1562
10.1221
10.0877
10.0528
10.0175
9.98184
9.94575
9.90926
9.87238
9.8351
9.79743
9.75937
9.72091
9.68207
9.64285
9.60323
9.56323
9.52285
9.48209
9.44095
9.39943
9.35753
9.31525
9.2726
9.22957
9.18617
9.1424
9.09825
9.05374
9.00886
8.96361
8.918
8.87202
8.82568
8.77899
8.73194
8.68455
8.63682
8.58877
8.54041
8.49176
8.44285
8.39371
8.34438
8.29493
8.24542
8.19595
8.14666
8.0977
8.0493
8.0017
7.95536
7.91053
7.86822
7.82823
7.79301
7.75973
7.73501
7.70232
6.80735
6.79498
6.78091
6.76549
6.74881
6.73095
6.7121
6.69236
6.6717
6.65004
6.62735
6.6036
6.57872
6.55262
6.5252
6.49639
6.46616
6.43457
6.40178
6.36812
6.33412
6.30057
6.26849
6.23909
6.21374
6.19386
6.18089
6.17608
6.18039
6.19431
6.2178
6.25034
6.29113
6.33922
6.39369
6.45373
6.51865
6.58794
6.66128
6.73849
6.81952
6.90428
6.99255
7.08403
7.17844
7.27556
7.37536
7.47809
7.5842
7.69408
7.80781
7.92508
8.04524
8.16757
8.29144
8.41634
8.54177
8.66706
8.79117
8.91294
9.03156
9.147
9.2598
9.37051
9.47934
9.58616
9.69098
9.79395
9.89468
9.99117
10.0806
10.1619
10.2369
10.3083
10.377
10.4416
10.5006
10.5544
10.6057
10.6566
10.7077
10.7564
10.799
10.8329
10.8576
10.8744
10.885
10.8907
10.8925
10.8911
10.8871
10.8807
10.8722
10.8618
10.8497
10.8361
10.821
10.8045
10.7868
10.7679
10.7479
10.7269
10.7049
10.682
10.6582
10.6336
10.6083
10.5821
10.5553
10.5279
10.4997
10.471
10.4417
10.4118
10.3815
10.3506
10.3192
10.2873
10.255
10.2223
10.1892
10.1556
10.1216
10.0871
10.0523
10.017
9.98135
9.94528
9.90881
9.87195
9.83469
9.79704
9.75899
9.72056
9.68173
9.64252
9.60292
9.56294
9.52257
9.48183
9.4407
9.39919
9.3573
9.31503
9.27239
9.22938
9.18599
9.14222
9.09809
9.05358
9.00871
8.96347
8.91787
8.8719
8.82557
8.77889
8.73186
8.68448
8.63677
8.58874
8.54041
8.49179
8.44291
8.39382
8.34455
8.29516
8.24574
8.19639
8.14724
8.09848
8.05031
8.00306
7.95712
7.91295
7.87143
7.83279
7.79937
7.76894
7.74912
7.72168
6.79664
6.78811
6.778
6.76649
6.75373
6.73986
6.72509
6.70953
6.69313
6.67573
6.65714
6.63716
6.6156
6.59225
6.56693
6.53948
6.50974
6.47765
6.44329
6.40696
6.36918
6.33077
6.29301
6.25766
6.22683
6.20271
6.18729
6.18207
6.18795
6.20517
6.23326
6.27119
6.3176
6.37108
6.4303
6.49424
6.5622
6.63374
6.7085
6.78614
6.86645
6.94923
7.03422
7.12109
7.20972
7.30035
7.39349
7.48982
7.59017
7.69528
7.80544
7.92027
8.03887
8.16017
8.28314
8.40683
8.53031
8.6526
8.77294
8.89115
9.00764
9.12297
9.23722
9.35019
9.46162
9.57126
9.67902
9.78509
9.88913
9.98881
10.0805
10.1627
10.2374
10.3079
10.3755
10.4397
10.4992
10.5543
10.6068
10.6587
10.7099
10.758
10.7995
10.8323
10.8562
10.8726
10.883
10.8886
10.8904
10.8891
10.8851
10.8788
10.8703
10.86
10.848
10.8343
10.8193
10.8029
10.7852
10.7664
10.7465
10.7255
10.7036
10.6808
10.657
10.6325
10.6072
10.5811
10.5544
10.527
10.4989
10.4702
10.441
10.4111
10.3808
10.3499
10.3186
10.2868
10.2545
10.2218
10.1887
10.1551
10.1211
10.0867
10.0519
10.0167
9.98101
9.94495
9.9085
9.87164
9.8344
9.79675
9.75872
9.7203
9.68149
9.64229
9.6027
9.56273
9.52237
9.48164
9.44051
9.39901
9.35714
9.31488
9.27225
9.22924
9.18586
9.1421
9.09797
9.05347
9.00861
8.96337
8.91778
8.87182
8.8255
8.77883
8.7318
8.68444
8.63674
8.58873
8.54042
8.49182
8.44297
8.39391
8.34469
8.29536
8.246
8.19675
8.14771
8.0991
8.05112
8.00415
7.95853
7.91494
7.87402
7.83664
7.80463
7.77705
7.76134
7.73956
6.78882
6.78336
6.77655
6.76852
6.7592
6.74867
6.73716
6.72486
6.71176
6.69765
6.68223
6.6652
6.64624
6.62507
6.60144
6.5752
6.54624
6.51432
6.47911
6.44041
6.39845
6.35398
6.30844
6.26422
6.22453
6.19281
6.17218
6.16485
6.17176
6.19266
6.22639
6.27122
6.32513
6.3861
6.45224
6.52189
6.59392
6.66777
6.74339
6.82102
6.9008
6.9824
7.06512
7.1484
7.23205
7.31639
7.40247
7.49189
7.58639
7.68722
7.79468
7.908
8.02582
8.14672
8.26945
8.39282
8.51563
8.63676
8.75522
8.87059
8.98329
9.09514
9.20824
9.32368
9.44126
9.55876
9.67354
9.7835
9.88733
9.98518
10.077
10.162
10.2405
10.3122
10.3775
10.4375
10.4948
10.5506
10.6058
10.6594
10.7101
10.7565
10.7964
10.8283
10.8522
10.869
10.8798
10.8859
10.8881
10.8871
10.8833
10.8771
10.8687
10.8585
10.8465
10.833
10.818
10.8016
10.784
10.7653
10.7454
10.7245
10.7026
10.6798
10.6562
10.6317
10.6064
10.5804
10.5537
10.5263
10.4983
10.4697
10.4404
10.4106
10.3803
10.3495
10.3182
10.2864
10.2542
10.2215
10.1884
10.1548
10.1208
10.0864
10.0516
10.0164
9.98076
9.94472
9.90828
9.87143
9.83419
9.79656
9.75853
9.72012
9.68132
9.64212
9.60255
9.56258
9.52223
9.4815
9.44039
9.39889
9.35702
9.31477
9.27214
9.22914
9.18576
9.14201
9.09789
9.0534
9.00853
8.96331
8.91771
8.87176
8.82545
8.77878
8.73177
8.68441
8.63673
8.58873
8.54043
8.49185
8.44303
8.39399
8.3448
8.29552
8.24621
8.19703
8.14807
8.0996
8.05176
8.00504
7.95966
7.91657
7.87609
7.83989
7.80886
7.78421
7.77153
7.75589
6.79114
6.78718
6.78153
6.77466
6.76697
6.75882
6.75047
6.74202
6.73331
6.72391
6.71325
6.7007
6.68567
6.66762
6.64609
6.62072
6.59127
6.55751
6.51905
6.47545
6.42657
6.37309
6.31696
6.26141
6.21061
6.16935
6.14225
6.1325
6.14114
6.1671
6.20798
6.26087
6.32299
6.39183
6.46519
6.54139
6.61918
6.69741
6.77538
6.85344
6.93242
7.01242
7.09261
7.1721
7.25063
7.32866
7.4074
7.48921
7.57715
7.67351
7.77883
7.89182
8.01025
8.13186
8.25491
8.37805
8.50002
8.61957
8.73587
8.84938
8.96138
9.07284
9.1855
9.30116
9.42096
9.543
9.6638
9.77947
9.88785
9.98769
10.0798
10.1638
10.2414
10.3125
10.3781
10.4383
10.4944
10.5488
10.602
10.6547
10.7053
10.7515
10.7915
10.8238
10.8483
10.8657
10.8771
10.8836
10.8861
10.8853
10.8817
10.8756
10.8674
10.8573
10.8454
10.8319
10.817
10.8007
10.7831
10.7644
10.7446
10.7238
10.7019
10.6792
10.6556
10.6311
10.6059
10.5799
10.5532
10.5259
10.4979
10.4693
10.4401
10.4103
10.38
10.3492
10.3179
10.2861
10.2539
10.2212
10.1881
10.1546
10.1206
10.0862
10.0514
10.0162
9.9806
9.94456
9.90812
9.87128
9.83405
9.79642
9.7584
9.72
9.6812
9.64201
9.60244
9.56248
9.52214
9.48141
9.4403
9.39881
9.35695
9.3147
9.27208
9.22908
9.1857
9.14196
9.09784
9.05334
9.00849
8.96326
8.91767
8.87172
8.82542
8.77875
8.73175
8.6844
8.63672
8.58873
8.54044
8.49188
8.44307
8.39406
8.34489
8.29564
8.24638
8.19726
8.14836
8.09999
8.05226
8.00574
7.96053
7.91788
7.8777
7.84259
7.81212
7.79047
7.77954
7.77043
6.79383
6.79154
6.78762
6.78226
6.77576
6.76886
6.76229
6.75635
6.75072
6.7447
6.73755
6.72856
6.71693
6.70195
6.68319
6.66035
6.63291
6.59997
6.56027
6.51247
6.45574
6.39054
6.32
6.24975
6.18543
6.13269
6.0975
6.08409
6.09379
6.12508
6.17463
6.23809
6.31131
6.39046
6.47225
6.55483
6.63749
6.71941
6.80003
6.87983
6.95946
7.03875
7.11656
7.19182
7.26434
7.33498
7.40566
7.47964
7.56126
7.65375
7.75771
7.87127
7.9915
8.11561
8.24139
8.367
8.4905
8.60981
8.72357
8.83215
8.93876
9.04749
9.16079
9.28074
9.40739
9.5338
9.65846
9.77494
9.88299
9.98457
10.08
10.1681
10.246
10.3143
10.3742
10.4315
10.4887
10.546
10.602
10.6542
10.7033
10.7486
10.7882
10.8207
10.8455
10.8634
10.8752
10.882
10.8847
10.8841
10.8806
10.8746
10.8665
10.8564
10.8446
10.8312
10.8163
10.8
10.7825
10.7639
10.7441
10.7233
10.7015
10.6787
10.6551
10.6307
10.6055
10.5796
10.5529
10.5256
10.4976
10.469
10.4398
10.4101
10.3798
10.349
10.3177
10.286
10.2537
10.2211
10.188
10.1545
10.1205
10.0861
10.0513
10.0161
9.98049
9.94446
9.90803
9.87119
9.83396
9.79634
9.75832
9.71992
9.68113
9.64194
9.60238
9.56242
9.52208
9.48136
9.44025
9.39876
9.3569
9.31465
9.27203
9.22904
9.18567
9.14192
9.09781
9.05331
9.00846
8.96324
8.91765
8.8717
8.8254
8.77874
8.73174
8.68439
8.63672
8.58874
8.54046
8.4919
8.44311
8.39411
8.34496
8.29574
8.24651
8.19742
8.14858
8.10029
8.05263
8.00626
7.96118
7.91887
7.87889
7.8447
7.81447
7.79567
7.78516
7.78259
6.79987
6.79631
6.79179
6.78681
6.78197
6.77804
6.77574
6.77515
6.77551
6.77555
6.77353
6.76815
6.75855
6.74434
6.7257
6.70299
6.6762
6.64429
6.60489
6.55472
6.49062
6.41145
6.3211
6.23042
6.14913
6.08532
6.04477
6.03079
6.04375
6.08099
6.13824
6.21123
6.29546
6.3857
6.4773
6.56717
6.65398
6.73719
6.81766
6.8975
6.9782
7.05887
7.13704
7.21052
7.27845
7.34153
7.40278
7.46783
7.54308
7.63279
7.73706
7.85245
7.97465
8.10019
8.22699
8.35361
8.47854
8.59928
8.71367
8.82179
8.92635
9.03132
9.14125
9.25968
9.38736
9.52287
9.65507
9.77801
9.88927
9.98961
10.0814
10.1667
10.2453
10.3154
10.3774
10.4322
10.4859
10.5397
10.594
10.6486
10.7003
10.747
10.7871
10.8197
10.8448
10.8626
10.8744
10.8812
10.884
10.8834
10.88
10.8741
10.866
10.8559
10.8441
10.8307
10.8159
10.7997
10.7822
10.7635
10.7438
10.723
10.7012
10.6785
10.6549
10.6305
10.6053
10.5794
10.5527
10.5254
10.4974
10.4688
10.4397
10.4099
10.3797
10.3489
10.3176
10.2859
10.2536
10.221
10.1879
10.1544
10.1204
10.0861
10.0513
10.0161
9.98044
9.94441
9.90797
9.87114
9.83391
9.79629
9.75828
9.71988
9.68109
9.64191
9.60234
9.56239
9.52205
9.48133
9.44022
9.39874
9.35687
9.31463
9.27201
9.22902
9.18565
9.14191
9.09779
9.0533
9.00844
8.96322
8.91764
8.87169
8.82539
8.77874
8.73174
8.68439
8.63673
8.58875
8.54047
8.49192
8.44314
8.39415
8.34501
8.2958
8.24659
8.19753
8.14872
8.10047
8.05287
8.00659
7.9616
7.9195
7.87965
7.84603
7.81591
7.79927
7.78831
7.79077
6.81281
6.80894
6.80228
6.79406
6.786
6.78027
6.77836
6.78035
6.78521
6.79123
6.79639
6.79803
6.79376
6.78283
6.76605
6.74483
6.72004
6.6908
6.65385
6.60376
6.53443
6.44211
6.33115
6.21196
6.10178
6.01735
5.96881
5.95866
5.98299
6.0344
6.10546
6.19052
6.2848
6.38335
6.48259
6.57858
6.66931
6.75349
6.83268
6.91039
6.98914
7.0686
7.14647
7.2202
7.28782
7.34896
7.40663
7.46763
7.53914
7.62639
7.72983
7.84577
7.96973
8.09711
8.22513
8.35205
8.47614
8.59576
8.7094
8.81712
8.92153
9.02707
9.13762
9.25657
9.38433
9.51898
9.65072
9.77346
9.8857
9.98838
10.082
10.1677
10.245
10.3127
10.3727
10.4298
10.4857
10.5422
10.598
10.6515
10.7016
10.7471
10.7866
10.8189
10.8439
10.8618
10.8738
10.8808
10.8836
10.8831
10.8797
10.8738
10.8657
10.8557
10.8439
10.8305
10.8157
10.7995
10.782
10.7634
10.7436
10.7228
10.7011
10.6784
10.6548
10.6304
10.6052
10.5793
10.5526
10.5253
10.4973
10.4688
10.4396
10.4099
10.3796
10.3488
10.3176
10.2858
10.2536
10.221
10.1879
10.1543
10.1204
10.086
10.0512
10.016
9.98041
9.94438
9.90795
9.87111
9.83389
9.79626
9.75825
9.71985
9.68106
9.64188
9.60232
9.56237
9.52203
9.48131
9.44021
9.39872
9.35686
9.31461
9.272
9.229
9.18564
9.14189
9.09777
9.05329
9.00843
8.96321
8.91763
8.87168
8.82538
8.77873
8.73173
8.68439
8.63672
8.58874
8.54047
8.49192
8.44314
8.39416
8.34503
8.29582
8.24662
8.19757
8.14878
8.10055
8.05297
8.00673
7.96178
7.91976
7.87999
7.8466
7.81654
7.80089
7.78947
7.79502
6.81673
6.81341
6.80719
6.79964
6.79292
6.78902
6.78887
6.79216
6.79782
6.80434
6.80984
6.81157
6.8072
6.79628
6.77963
6.75862
6.73409
6.70515
6.66852
6.61882
6.54974
6.45851
6.34881
6.23023
6.11778
6.02757
5.971
5.95303
5.97185
6.02098
6.09263
6.17974
6.27601
6.37625
6.47531
6.57149
6.66254
6.74815
6.82946
6.90883
6.98796
7.06653
7.14267
7.2145
7.28117
7.3432
7.40351
7.46721
7.54091
7.62929
7.73271
7.8482
7.97038
8.0965
8.22409
8.3509
8.47507
8.5949
8.7089
8.81717
8.92202
9.0276
9.13829
9.25764
9.38596
9.52028
9.65207
9.77508
9.88674
9.98853
10.0815
10.1671
10.2447
10.3136
10.3748
10.4311
10.4859
10.5411
10.5962
10.65
10.7007
10.7464
10.786
10.8184
10.8434
10.8614
10.8734
10.8805
10.8834
10.8829
10.8795
10.8737
10.8656
10.8556
10.8438
10.8305
10.8156
10.7994
10.782
10.7633
10.7436
10.7228
10.701
10.6783
10.6547
10.6303
10.6052
10.5792
10.5526
10.5253
10.4973
10.4687
10.4396
10.4098
10.3796
10.3488
10.3175
10.2858
10.2536
10.2209
10.1878
10.1543
10.1204
10.086
10.0512
10.016
9.98038
9.94435
9.90792
9.87109
9.83386
9.79624
9.75823
9.71983
9.68104
9.64186
9.6023
9.56234
9.52201
9.48129
9.44018
9.3987
9.35683
9.31459
9.27197
9.22898
9.18562
9.14187
9.09776
9.05327
9.00841
8.96319
8.91761
8.87166
8.82536
8.77871
8.73171
8.68437
8.63671
8.58873
8.54045
8.49191
8.44313
8.39414
8.34501
8.29581
8.24661
8.19756
8.14877
8.10054
8.05296
8.00673
7.96178
7.91976
7.88
7.84661
7.81652
7.80101
7.78928
7.79507
7.92033
7.61657
7.42017
7.26112
7.09764
6.9286
6.75498
6.57781
6.41049
6.18919
5.97497
5.74936
5.50939
5.25307
4.97869
4.68386
4.36769
4.02624
3.65885
3.2564
2.81808
2.32584
1.80554
1.20869
0.659576
7.82892
7.59815
7.40083
7.24171
7.08304
6.916
6.74209
6.5621
6.36473
6.17328
5.96202
5.73755
5.49823
5.24209
4.96766
4.67267
4.3561
4.01402
3.64542
3.24179
2.80252
2.31065
1.78835
1.1906
0.613804
7.74869
7.57455
7.38814
7.22754
7.07215
6.90808
6.73517
6.5545
6.35989
6.16672
5.95585
5.73155
5.49251
5.23671
4.96256
4.66771
4.35101
4.00855
3.6393
3.23484
2.79539
2.30387
1.7811
1.18215
0.596208
7.68287
7.54337
7.36959
7.20907
7.05518
6.89365
6.72219
6.54176
6.34988
6.15419
5.94597
5.72228
5.48352
5.22779
4.95364
4.65874
4.34188
3.99904
3.62919
3.22393
2.78412
2.2926
1.76888
1.16804
0.577009
7.63051
7.51076
7.35188
7.19532
7.04282
6.88428
6.71547
6.53646
6.34665
6.15011
5.9418
5.71755
5.47871
5.22314
4.94916
4.65434
4.3374
3.99425
3.62391
3.21799
2.778
2.28658
1.76251
1.16024
0.562394
7.58791
7.47856
7.33252
7.17985
7.02758
6.87027
6.70283
6.5244
6.33537
6.13839
5.93056
5.70818
5.47035
5.21515
4.94129
4.64649
4.32939
3.9859
3.615
3.20851
2.76806
2.27662
1.75128
1.14782
0.542224
7.55198
7.44805
7.31229
7.16462
7.01439
6.85923
6.69439
6.51836
6.33151
6.13537
5.92637
5.70414
5.46554
5.21028
4.93655
4.64179
4.3246
3.98084
3.60954
3.2025
2.76187
2.27033
1.74477
1.13962
0.529159
7.52086
7.41988
7.29199
7.14945
7.00122
6.84698
6.6831
6.50782
6.32124
6.12433
5.91543
5.69483
5.45795
5.20332
4.92972
4.63499
4.3177
3.97368
3.60194
3.19447
2.75341
2.26184
1.73509
1.12929
0.51264
7.49338
7.39422
7.27208
7.13424
6.98823
6.83542
6.67351
6.50054
6.31612
6.1208
5.91303
5.69188
5.45352
5.19854
4.92508
4.63038
4.31298
3.96873
3.59663
3.1887
2.74744
2.2557
1.72874
1.1214
0.501028
7.4688
7.37086
7.25287
7.11916
6.97567
6.82433
6.66368
6.49156
6.3074
6.11156
5.90325
5.68241
5.44633
5.19236
4.91907
4.62439
4.30693
3.96248
3.59001
3.18176
2.74012
2.24834
1.72034
1.11266
0.488318
7.44661
7.34953
7.2346
7.10446
6.96346
6.81358
6.65409
6.48354
6.30125
6.10716
5.90044
5.67946
5.44255
5.18791
4.91469
4.62006
4.3025
3.95783
3.58506
3.17642
2.73458
2.24261
1.71446
1.10557
0.478432
7.42647
7.33005
7.21743
7.09028
6.95161
6.80324
6.645
6.47563
6.29403
6.09971
5.89224
5.67093
5.43568
5.18237
4.90943
4.61482
4.29721
3.95238
3.57931
3.17041
2.72823
2.23622
1.70722
1.09818
0.468586
7.40817
7.31224
7.20142
7.07673
6.94021
6.79338
6.63629
6.46795
6.28753
6.09463
5.8888
5.66857
5.43273
5.17843
4.9054
4.61086
4.29316
3.94815
3.57481
3.1656
2.72323
2.23104
1.70194
1.09206
0.460501
7.39153
7.29597
7.18657
7.0639
6.92933
6.78398
6.628
6.46069
6.28121
6.08871
5.8824
5.66158
5.42633
5.17343
4.90085
4.60632
4.28858
3.94343
3.56985
3.16041
2.71776
2.22553
1.69577
1.08585
0.452866
7.37642
7.28113
7.17287
7.05189
6.91903
6.77508
6.62019
6.45383
6.27518
6.08355
5.87848
5.65908
5.42399
5.17008
4.89727
4.6028
4.28499
3.9397
3.56588
3.15618
2.71336
2.22099
1.69116
1.08071
0.446427
7.36274
7.26764
7.16029
7.04071
6.90936
6.7667
6.61287
6.44739
6.26955
6.07857
5.87361
5.65357
5.41834
5.16566
4.89337
4.59894
4.28109
3.93568
3.56165
3.15177
2.70869
2.21628
1.68597
1.07558
0.440526
7.3504
7.25543
7.14883
7.03042
6.90037
6.75891
6.60605
6.4414
6.2643
6.07395
5.86969
5.65084
5.41619
5.16288
4.8903
4.59591
4.27801
3.93247
3.55825
3.14815
2.70493
2.2124
1.68206
1.07138
0.435541
7.33934
7.24445
7.13845
7.02102
6.8921
6.75171
6.59977
6.4359
6.25947
6.06971
5.86587
5.64673
5.41154
5.15911
4.88704
4.59271
4.27477
3.92912
3.55473
3.14447
2.70103
2.20846
1.67777
1.06722
0.431038
7.32951
7.23465
7.12914
7.01253
6.88458
6.74514
6.59404
6.43089
6.25508
6.06586
5.86247
5.64402
5.40938
5.15689
4.88453
4.5902
4.27222
3.92648
3.55192
3.14148
2.69791
2.20525
1.67456
1.06387
0.427281
7.32086
7.22599
7.12089
7.00496
6.87784
6.73925
6.5889
6.4264
6.25115
6.0624
5.85941
5.64108
5.4062
5.15382
4.88189
4.58764
4.26964
3.9238
3.54909
3.13851
2.69476
2.20205
1.67111
1.06059
0.423924
7.31335
7.21846
7.11368
6.99832
6.87191
6.73404
6.58436
6.42244
6.24769
6.05938
5.85674
5.63876
5.40443
5.15216
4.87997
4.58568
4.26764
3.92172
3.54688
3.13616
2.69229
2.19951
1.66858
1.05804
0.4212
7.30696
7.21202
7.1075
6.99262
6.8668
6.72955
6.58045
6.41903
6.24473
6.05678
5.85445
5.63669
5.4023
5.14987
4.87795
4.58375
4.2657
3.9197
3.54474
3.13389
2.68986
2.19702
1.66591
1.05555
0.418787
7.30165
7.20667
7.10235
6.98786
6.86252
6.72579
6.57718
6.4162
6.24226
6.05464
5.85258
5.63501
5.40089
5.14869
4.87662
4.58236
4.26427
3.91821
3.54314
3.13218
2.68804
2.19514
1.66403
1.05372
0.41696
7.29741
7.20238
7.09822
6.98404
6.8591
6.72278
6.57458
6.41395
6.24032
6.05295
5.85108
5.63368
5.3996
5.1472
4.87525
4.58105
4.26295
3.91684
3.54167
3.1306
2.68631
2.19334
1.66209
1.05194
0.415335
7.29421
7.19915
7.09512
6.98118
6.85654
6.72055
6.57265
6.41229
6.2389
6.05173
5.85002
5.63271
5.39873
5.1465
4.87448
4.58023
4.2621
3.91595
3.5407
3.12954
2.68515
2.19211
1.66084
1.0508
0.414299
7.29205
7.19696
7.09303
6.97927
6.85485
6.71909
6.57141
6.41124
6.23801
6.05097
5.84935
5.63211
5.39814
5.14577
4.87377
4.57955
4.26141
3.91522
3.5399
3.12864
2.68411
2.19099
1.65961
1.04966
0.413373
7.29091
7.19583
7.09197
6.97833
6.85404
6.71842
6.57086
6.4108
6.23765
6.05067
5.8491
5.63187
5.39789
5.14558
4.87357
4.5793
4.26114
3.91493
3.53956
3.12823
2.68362
2.19041
1.65897
1.0492
0.413075
7.29077
7.19573
7.09193
6.97835
6.85413
6.71855
6.57103
6.41099
6.23785
6.05087
5.84926
5.632
5.39798
5.14557
4.87349
4.57923
4.26107
3.91483
3.53941
3.128
2.68324
2.18993
1.65834
1.04862
0.412775
7.29208
7.19713
7.09337
6.97978
6.8555
6.71984
6.57222
6.41206
6.23881
6.05173
5.85004
5.63267
5.39854
5.14608
4.874
4.57972
4.26152
3.91529
3.53986
3.1284
2.68356
2.19011
1.65841
1.0489
0.413192
7.29486
7.20004
7.09629
6.98261
6.85816
6.72227
6.5744
6.41401
6.24054
6.05325
5.85137
5.63385
5.39959
5.14702
4.87483
4.5805
4.2623
3.91608
3.54067
3.12912
2.6841
2.19056
1.65864
1.04908
0.413926
7.29912
7.20449
7.10072
6.98685
6.8621
6.72584
6.57758
6.41681
6.24299
6.0554
5.85328
5.63553
5.40108
5.14839
4.87616
4.58181
4.26363
3.91746
3.54209
3.13052
2.68542
2.19175
1.65972
1.05025
0.415351
7.3049
7.2105
7.10668
6.99252
6.86732
6.73053
6.58172
6.42043
6.24616
6.05818
5.85573
5.6377
5.40304
5.15022
4.87788
4.58346
4.26528
3.91915
3.54381
3.13219
2.68695
2.19315
1.66078
1.05152
0.417292
7.31223
7.2181
7.11417
6.99961
6.8738
6.73631
6.58679
6.42486
6.25002
6.06156
5.85871
5.64036
5.40544
5.15247
4.88004
4.58559
4.26743
3.92141
3.54619
3.1346
2.68936
2.19541
1.66297
1.054
0.419919
7.32118
7.22735
7.12324
7.00813
6.88153
6.74315
6.59276
6.43005
6.25454
6.06552
5.8622
5.64347
5.40829
5.15515
4.88261
4.58811
4.26996
3.92402
3.5489
3.1373
2.69194
2.19781
1.66493
1.05613
0.423195
7.33179
7.23829
7.13392
7.01809
6.89049
6.75102
6.59959
6.43597
6.25969
6.07003
5.86618
5.64703
5.41155
5.15823
4.88558
4.59104
4.27295
3.92716
3.55223
3.14073
2.69538
2.2012
1.6681
1.05922
0.427308
7.34415
7.25099
7.14625
7.02948
6.90065
6.75986
6.60723
6.44257
6.26543
6.07505
5.87062
5.65102
5.41524
5.16173
4.88896
4.59438
4.27633
3.93069
3.55594
3.14449
2.69906
2.2047
1.67125
1.06255
0.432238
7.35837
7.26554
7.16027
7.04231
6.91195
6.76961
6.61561
6.44981
6.27172
6.08056
5.87549
5.65541
5.41932
5.16562
4.89271
4.59811
4.28015
3.9347
3.56023
3.14898
2.70357
2.20924
1.67597
1.06682
0.438236
7.37456
7.28205
7.17603
7.05657
6.92435
6.78021
6.62468
6.45764
6.27851
6.0865
5.88077
5.6602
5.42379
5.16989
4.89686
4.60223
4.28435
3.93913
3.56491
3.15383
2.7084
2.21397
1.68019
1.07136
0.445275
7.39289
7.30065
7.19362
7.07223
6.93776
6.79158
6.63439
6.466
6.28576
6.09283
5.88639
5.66534
5.42862
5.17453
4.90135
4.60674
4.28897
3.94402
3.57016
3.15941
2.71402
2.21966
1.68582
1.0769
0.453669
7.41354
7.3215
7.21309
7.08924
6.95209
6.80363
6.64465
6.47481
6.29337
6.0995
5.89237
5.67084
5.4338
5.17951
4.90621
4.61163
4.29396
3.94931
3.5758
3.16534
2.72001
2.22573
1.69143
1.0828
0.463382
7.43675
7.34481
7.23453
7.10754
6.96724
6.81629
6.6554
6.48402
6.30129
6.10642
5.89859
5.67667
5.43931
5.18484
4.9114
4.6169
4.29936
3.95505
3.58197
3.172
2.72676
2.23264
1.69824
1.08968
0.474748
7.46286
7.37088
7.258
7.12698
6.98308
6.82947
6.66656
6.49352
6.30944
6.11358
5.90509
5.68277
5.44509
5.1905
4.91693
4.62252
4.3051
3.96119
3.58853
3.17905
2.73392
2.24007
1.70543
1.09711
0.487758
7.49106
7.39884
7.28241
7.14653
6.99879
6.8425
6.67753
6.50278
6.31734
6.1206
5.91154
5.68888
5.45089
5.1962
4.92253
4.62827
4.31098
3.96746
3.59527
3.18643
2.74146
2.24786
1.7132
1.10505
0.501976
7.51993
7.42727
7.30616
7.16491
7.01346
6.85466
6.68765
6.51122
6.32454
6.12703
5.91754
5.69459
5.45635
5.20163
4.92786
4.63376
4.31657
3.97346
3.60169
3.19352
2.74876
2.25549
1.72098
1.11299
0.516439
7.54936
7.45589
7.32872
7.18192
7.02702
6.86585
6.69681
6.51881
6.33108
6.13297
5.9231
5.69991
5.46144
5.20673
4.9329
4.63899
4.3219
3.97914
3.60778
3.20029
2.75577
2.26272
1.72855
1.12067
0.530669
7.57948
7.48446
7.34978
7.19755
7.0395
6.87604
6.70499
6.52554
6.33693
6.13832
5.92814
5.70479
5.46615
5.2115
4.9376
4.64388
4.32688
3.98447
3.61348
3.20671
2.76251
2.26965
1.73608
1.12834
0.544529
7.61061
7.51253
7.36918
7.21191
7.05099
6.8852
6.71221
6.53159
6.3423
6.14325
5.93278
5.70928
5.4705
5.21592
4.94202
4.64849
4.33158
3.98945
3.61881
3.21268
2.76885
2.27606
1.74324
1.13561
0.55765
7.64305
7.53953
7.38691
7.22512
7.06148
6.89333
6.7185
6.53682
6.34698
6.14762
5.93694
5.71336
5.47449
5.22
4.9461
4.65273
4.33593
3.99406
3.62377
3.21828
2.77489
2.28207
1.75022
1.1428
0.569937
7.67701
7.56488
7.40313
7.23732
7.07097
6.90044
6.72412
6.54166
6.3513
6.15161
5.94076
5.7171
5.47817
5.22377
4.94993
4.65671
4.34002
3.99832
3.62835
3.22343
2.78055
2.28756
1.75681
1.1496
0.581304
7.7125
7.58814
7.41806
7.24861
7.07947
6.90655
6.72878
6.54571
6.35506
6.15513
5.94415
5.72046
5.48152
5.22717
4.95343
4.66031
4.34377
4.00224
3.63258
3.22817
2.78584
2.2926
1.76309
1.15621
0.591433
7.74943
7.6091
7.43188
7.25904
7.0869
6.91196
6.7332
6.54952
6.35852
6.15837
5.94729
5.72354
5.48466
5.23034
4.95676
4.6637
4.34732
4.00585
3.6365
3.23256
2.79085
2.2972
1.76904
1.16259
0.600874
7.78708
7.62772
7.44484
7.26869
7.0932
6.91614
6.73664
6.55273
6.36149
6.16116
5.95001
5.72622
5.48742
5.2331
4.95971
4.66668
4.35048
4.00908
3.64004
3.23648
2.79542
2.30132
1.77456
1.16865
0.608695
7.824
7.64389
7.45685
7.27738
7.09897
6.9204
6.74009
6.55572
6.36428
6.1638
5.9526
5.72876
5.49012
5.23576
4.96263
4.66959
4.3536
4.01222
3.64348
3.24027
2.79994
2.30527
1.78009
1.17495
0.615652
7.85729
7.65746
7.46766
7.28449
7.10295
6.92313
6.7427
6.55808
6.3665
6.16591
5.95466
5.73076
5.49231
5.23786
4.96504
4.67192
4.35616
4.01476
3.64632
3.24336
2.80377
2.30851
1.78486
1.18052
0.621275
7.88089
7.6677
7.47699
7.29069
7.10677
6.92609
6.74533
6.56049
6.36884
6.16817
5.95689
5.73293
5.4947
5.24013
4.96763
4.6744
4.35888
4.01743
3.64927
3.24653
2.80776
2.31181
1.78992
1.18659
0.626722
7.89204
7.67379
7.48235
7.29382
7.10903
6.92809
6.74735
6.56244
6.37078
6.17007
5.95879
5.73478
5.49682
5.24212
4.96997
4.67662
4.36134
4.0198
3.65189
3.24932
2.81134
2.31465
1.79451
1.1925
0.631287
7.89334
7.67803
7.48719
7.29804
7.11236
6.9312
6.75054
6.56571
6.37424
6.17375
5.96288
5.73935
5.50276
5.24875
4.97905
4.68594
4.37422
4.0315
3.66703
3.26322
2.82786
2.33015
1.81278
1.21268
0.649226
)
;

boundaryField
{
    inlet
    {
        type            zeroGradient;
    }
    outlet
    {
        type            fixedValue;
        value           uniform 0;
    }
    upperWall
    {
        type            zeroGradient;
    }
    lowerWall
    {
        type            zeroGradient;
    }
    frontAndBack
    {
        type            empty;
    }
}


// ************************************************************************* //
