/*--------------------------------*- C++ -*----------------------------------*\
  =========                 |
  \\      /  F ield         | OpenFOAM: The Open Source CFD Toolbox
   \\    /   O peration     | Website:  https://openfoam.org
    \\  /    A nd           | Version:  7
     \\/     M anipulation  |
\*---------------------------------------------------------------------------*/
FoamFile
{
    version     2.0;
    format      ascii;
    class       volScalarField;
    location    "0.103";
    object      nut;
}
// * * * * * * * * * * * * * * * * * * * * * * * * * * * * * * * * * * * * * //

dimensions      [0 2 -1 0 0 0 0];

internalField   nonuniform List<scalar> 
12225
(
0
0
0
0
0
0
0
0
0
0
0
0
0
0
0
6.21849e-11
0
0
0
0
0
0
0
0
0
0
0
0
0
0
0
0
0
3.3874e-11
0
0
0
5.58287e-10
0
0
0
0
0
0
0
0
0
0
0
0
0
4.75105e-11
0
0
4.02288e-09
1.83141e-08
9.29595e-09
2.91838e-09
2.83805e-10
0
0
0
0
0
0
0
0
0
0
4.21629e-11
0
0
1.80034e-07
2.86008e-07
3.46791e-07
9.05847e-08
0
0
0
0
0
0
0
0
0
6.93941e-11
6.4718e-10
8.40545e-11
6.56204e-10
0
1.2149e-07
2.76129e-07
3.76181e-07
2.98042e-07
9.09465e-08
0
0
0
0
0
0
0
0
0
0
3.07238e-10
2.54214e-09
0
0
1.61236e-07
2.77276e-07
3.83292e-07
1.28557e-07
0
0
0
0
0
0
0
5.84577e-09
2.58907e-08
4.17958e-08
4.54797e-08
4.23002e-08
3.26948e-08
0
0
3.50106e-07
4.90783e-07
1.16846e-07
0
0
0
0
1.21383e-08
1.35557e-08
1.3466e-08
2.29989e-08
3.2554e-08
3.8886e-08
4.17032e-08
4.22419e-08
3.71364e-08
0
1.22304e-07
4.9302e-07
5.48536e-07
3.2285e-09
0
0
0
8.15668e-08
1.52177e-07
1.53162e-07
1.7286e-07
1.44665e-07
6.38134e-08
1.88668e-08
9.09601e-09
1.33991e-08
1.37136e-08
4.47544e-07
5.31897e-07
9.03937e-07
1.08423e-06
2.71312e-07
0
0
1.70862e-07
4.50961e-07
5.87172e-07
5.54642e-07
5.96408e-07
4.04415e-07
3.45049e-08
0
0
0
0
5.20251e-07
4.82653e-07
1.23089e-06
2.21307e-06
2.17811e-06
1.62198e-06
9.75798e-07
7.00827e-07
7.23304e-07
5.97603e-07
3.20065e-07
1.3486e-07
4.8876e-08
3.90146e-09
0
0
0
0
5.05516e-07
5.74954e-07
1.41382e-06
1.51299e-06
1.36835e-06
1.12331e-06
6.67846e-07
3.04035e-07
2.10893e-07
1.52499e-07
7.75901e-08
3.32145e-08
1.36396e-08
6.97247e-09
3.32421e-09
0
0
0
0
0
1.1169e-06
1.1872e-06
1.27042e-06
1.05244e-06
5.17772e-07
0
0
0
1.11718e-08
8.4476e-09
3.29043e-09
8.92239e-09
1.9457e-08
2.26438e-08
1.43003e-08
3.8765e-09
0
0
5.03808e-07
9.24046e-07
1.26974e-06
1.41083e-06
1.12908e-06
0
0
0
0
5.41088e-09
0
0
6.36352e-09
4.74751e-10
0
0
0
0
1.47126e-07
4.2112e-07
7.19801e-07
9.18572e-07
2.34163e-07
0
0
0
3.0394e-08
7.35092e-08
0
0
0
0
0
0
4.1387e-07
2.51993e-07
5.00749e-08
2.89166e-07
7.50654e-07
7.44048e-07
0
0
0
0
7.2892e-08
2.33643e-08
0
0
0
0
0
0
0
0
0
0
0
0
0
0
0
0
0
0
0
0
0
0
0
0
0
0
0
0
0
4.79418e-08
3.09612e-09
1.74373e-07
4.5903e-07
3.60819e-07
1.73469e-07
0
0
0
0
0
0
0
0
0
0
0
0
0
0
4.78169e-07
9.96421e-07
5.15593e-07
1.08974e-07
1.98032e-09
1.2078e-08
5.34667e-08
9.5071e-08
1.13401e-07
9.5888e-08
4.11952e-08
7.97222e-07
6.02594e-07
0
5.2935e-08
0
0
0
9.80473e-08
7.008e-07
8.77936e-07
6.44984e-07
2.4952e-07
0
0
0
4.78523e-08
1.6936e-07
2.57448e-07
7.59216e-07
3.42174e-07
0
0
0
0
0
0
0
2.58181e-07
3.40654e-07
1.38371e-07
0
0
0
0
1.44046e-07
2.5113e-07
1.32369e-07
0
0
0
0
0
0
0
0
0
4.79609e-08
0
0
0
8.12579e-08
2.27317e-07
3.01365e-07
3.08624e-07
4.32605e-07
3.92881e-07
0
0
0
0
0
0
0
0
0
0
0
0
0
5.13275e-08
1.09804e-07
1.4024e-07
0
0
0
0
0
2.38576e-08
8.1661e-08
7.39993e-08
6.71594e-08
5.77226e-08
3.4878e-08
2.35454e-09
0
0
0
1.30098e-08
4.68932e-08
7.33118e-08
0
0
0
0
0
3.78538e-08
0
0
0
1.06979e-08
2.11256e-08
1.07267e-08
0
0
2.62954e-08
7.10921e-08
8.8013e-08
6.40147e-08
0
0
0
0
3.26242e-08
0
0
0
0
0
0
0
0
0
0
0
0
0
2.31145e-08
0
0
0
0
0
0
0
0
0
0
9.13148e-10
4.15182e-10
0
0
0
0
0
6.20548e-09
0
0
0
0
0
0
0
0
0
0
0
0
0
0
0
0
0
5.93129e-09
0
0
0
0
0
0
0
0
0
0
0
0
0
0
0
0
0
4.18268e-08
0
0
0
0
0
0
0
0
0
0
0
0
0
0
0
0
0
0
0
6.34612e-07
0
0
0
0
1.10204e-06
1.6898e-06
1.093e-06
0
0
0
0
0
0
0
0
0
0
1.75218e-06
1.50076e-05
2.768e-05
3.16973e-05
2.83214e-05
2.09034e-05
1.19178e-05
4.94026e-06
1.61264e-06
1.91376e-07
0
0
0
0
0
2.28111e-08
6.52631e-08
8.94328e-08
1.0266e-07
1.08262e-07
1.06693e-07
9.89617e-08
8.55772e-08
6.76768e-08
4.57154e-08
2.06308e-08
0
0
0
0
0
0
0
0
0
0
0
0
0
0
0
0
0
0
0
3.08276e-08
2.07467e-07
0
0
0
0
0
6.35159e-07
5.43072e-06
2.3254e-05
3.56462e-05
3.30114e-05
1.47558e-05
0
0
0
0
0
0
0
0
2.80446e-07
1.17322e-06
0
7.99441e-06
4.62762e-05
6.37524e-05
4.38594e-05
1.20517e-05
1.78378e-06
3.00443e-07
6.96592e-08
5.74016e-08
7.04714e-08
7.51035e-08
7.14286e-08
6.20385e-08
5.10976e-08
4.1367e-08
3.07694e-08
2.14157e-08
1.21325e-08
2.66212e-09
0
0
0
0
0
0
0
0
0
0
0
0
0
0
0
0
0
0
0
0
0
0
0
0
0
0
0
0
0
0
0
0
0
0
0
0
0
0
0
0
0
0
0
0
0
0
0
0
0
0
0
0
0
0
0
0
0
0
0
0
0
0
6.00461e-11
1.6018e-10
1.43007e-10
2.33291e-10
1.56205e-10
3.28041e-10
3.67985e-10
5.61291e-10
2.8907e-09
1.96664e-10
0
0
0
0
0
0
1.34388e-06
2.39077e-06
2.39119e-06
1.73184e-06
1.75697e-07
0
0
0
0
0
0
0
0
9.28615e-08
2.09407e-06
3.26653e-06
3.1519e-06
2.14713e-06
1.29981e-06
1.45794e-06
2.02012e-06
1.79924e-06
1.03116e-06
3.18858e-07
0
0
0
0
0
1.24166e-08
4.81675e-08
6.59945e-08
7.21967e-08
7.18091e-08
6.67716e-08
5.95152e-08
4.99118e-08
3.89295e-08
2.63195e-08
1.24475e-08
0
0
0
0
0
0
0
0
0
0
0
0
0
0
0
0
0
0
1.33646e-07
6.82625e-07
8.23084e-07
0
0
0
0
0
0
0
4.34148e-06
4.49912e-06
3.17122e-06
1.63055e-07
0
0
0
0
0
0
0
0
1.7621e-06
3.90602e-06
1.80762e-06
5.66171e-06
1.06543e-05
1.11104e-05
7.67666e-06
3.56747e-06
1.3224e-06
4.7283e-07
2.0289e-07
1.45859e-07
1.32652e-07
1.23088e-07
1.13491e-07
1.02262e-07
9.07267e-08
7.89857e-08
6.45563e-08
4.87497e-08
3.03399e-08
9.95541e-09
0
0
0
0
0
0
0
0
0
0
0
0
0
0
0
0
0
0
0
0
0
0
0
0
0
0
0
0
0
0
0
0
0
0
0
0
0
0
0
0
0
0
0
0
0
0
0
0
0
0
0
0
0
0
0
0
0
0
0
0
0
0
6.98226e-11
3.97459e-10
3.86319e-10
6.15979e-10
4.65461e-10
7.05318e-10
7.88239e-10
6.41104e-10
2.34706e-09
0
0
6.24581e-07
0
0
0
0
2.08723e-06
2.73413e-06
2.32795e-06
1.59032e-06
6.48317e-07
0
0
0
0
0
0
0
0
0
4.45211e-07
9.12891e-07
1.39233e-06
1.27234e-06
7.5962e-07
5.13399e-07
6.66795e-07
5.43786e-07
1.65598e-07
0
0
0
0
0
0
0
3.96705e-09
3.06447e-08
4.51002e-08
5.01772e-08
4.90107e-08
4.35688e-08
3.61034e-08
2.77591e-08
1.93923e-08
1.10902e-08
2.89945e-09
0
0
0
0
0
0
0
0
0
0
0
0
0
0
0
2.33705e-09
1.12236e-07
2.52384e-07
3.86768e-07
3.91519e-07
2.29664e-08
0
0
0
0
8.79405e-07
1.16153e-06
0
0
0
0
0
0
1.49521e-06
3.6768e-06
6.47741e-07
0
0
0
5.08731e-06
1.65877e-07
0
0
6.19033e-07
1.10307e-06
1.20561e-06
1.08858e-06
8.78995e-07
7.46851e-07
7.59686e-07
7.89609e-07
7.51368e-07
6.79102e-07
6.0073e-07
5.2546e-07
4.44861e-07
3.5993e-07
2.7917e-07
2.02419e-07
1.28691e-07
5.72583e-08
0
0
0
0
0
0
0
0
0
0
0
0
0
0
0
0
0
0
0
0
0
0
0
0
0
0
0
0
1.24627e-09
2.36302e-08
3.31363e-08
3.38547e-08
2.90673e-08
2.10264e-08
1.16364e-08
2.75091e-09
0
0
0
0
0
0
0
0
0
0
0
0
0
0
0
0
0
0
0
0
0
0
0
0
0
0
0
1.9964e-10
3.94426e-10
9.65544e-10
9.67116e-10
1.11356e-09
1.87932e-09
0
4.19808e-09
0
4.27509e-06
4.4169e-06
1.64944e-06
1.45968e-07
0
6.73654e-07
3.30628e-06
2.89887e-06
2.06571e-06
1.56648e-06
1.18018e-06
2.64119e-07
0
0
0
0
0
0
0
0
0
0
1.89335e-07
2.90443e-07
1.34792e-07
0
0
0
0
0
0
0
0
0
0
0
0
0
0
0
0
0
0
0
4.07421e-09
1.51171e-08
0
0
0
9.39873e-09
9.55821e-08
1.70784e-07
2.28236e-07
2.67931e-07
2.92053e-07
3.03596e-07
3.05932e-07
3.01399e-07
2.90998e-07
2.7457e-07
2.54996e-07
2.30911e-07
1.9963e-07
1.59289e-07
1.01312e-07
1.58837e-08
0
0
0
0
0
3.67186e-07
1.10905e-06
1.28835e-06
6.4324e-07
0
0
0
0
0
2.38313e-07
1.60676e-06
4.48195e-06
2.15139e-06
1.29324e-06
7.17138e-07
0
0
0
0
0
1.65451e-07
2.71489e-07
5.10431e-07
7.46321e-07
9.42377e-07
9.43972e-07
7.91021e-07
6.23562e-07
4.80278e-07
3.79019e-07
3.09435e-07
2.53982e-07
2.01077e-07
1.42202e-07
7.26483e-08
0
0
0
0
0
0
0
0
0
0
0
0
0
0
0
0
0
0
0
0
0
0
0
0
0
0
0
0
0
0
0
0
0
0
0
0
0
0
0
0
0
1.30499e-08
4.11998e-08
6.04083e-08
6.87422e-08
5.60351e-08
3.19542e-08
8.38053e-09
0
0
0
0
0
0
0
8.07879e-10
3.75379e-09
5.44413e-09
4.93855e-09
2.89008e-09
3.17256e-10
0
0
0
0
0
0
0
7.00128e-10
0
3.28096e-09
0
8.21153e-09
0
7.45226e-06
4.41328e-06
2.17287e-06
1.05529e-06
9.01693e-07
3.08249e-06
2.83527e-06
1.83774e-06
1.47253e-06
1.29927e-06
1.08058e-06
4.41354e-07
0
0
0
0
0
0
0
0
0
0
0
0
0
0
0
0
0
0
0
0
0
0
0
0
0
0
7.48674e-08
2.678e-07
4.8052e-07
7.16061e-07
9.77393e-07
1.22887e-06
1.3486e-06
8.61358e-07
0
0
0
0
0
0
0
0
6.99496e-08
1.98948e-07
2.84495e-07
3.33312e-07
3.55803e-07
3.53941e-07
3.37597e-07
3.08885e-07
2.74434e-07
2.38777e-07
2.02881e-07
1.55492e-07
6.93036e-08
0
0
0
0
3.38987e-07
1.05848e-06
1.19922e-06
8.64341e-07
2.41438e-07
0
0
0
3.66422e-07
0
0
0
0
0
0
0
7.02782e-08
0
0
0
0
4.06824e-08
3.07559e-07
3.22831e-07
1.58401e-07
3.56603e-08
0
0
7.99084e-09
3.24212e-08
4.56277e-08
4.37244e-08
2.43124e-08
0
0
0
0
0
0
0
0
0
0
0
0
0
0
0
0
0
0
0
0
0
0
0
0
0
0
0
0
0
0
0
0
0
0
0
0
0
0
0
0
0
0
0
4.71082e-08
9.50657e-08
1.23585e-07
1.38402e-07
1.40629e-07
1.32342e-07
1.04763e-07
4.37268e-08
0
0
0
0
0
0
0
0
0
0
0
2.62158e-09
4.80701e-09
3.6166e-09
1.10142e-09
0
0
0
0
5.95041e-10
0
7.48525e-09
0
2.00072e-08
0
3.93193e-06
2.80204e-06
1.56433e-06
1.11839e-06
1.84929e-06
2.40824e-06
1.89208e-06
1.6314e-06
1.46311e-06
1.3175e-06
1.1159e-06
6.3998e-07
0
0
0
0
0
0
0
0
0
0
0
0
0
0
0
0
0
0
0
0
0
0
3.9087e-08
3.46663e-07
7.05209e-07
1.08898e-06
1.45911e-06
1.80008e-06
2.14849e-06
2.54687e-06
3.13684e-06
4.11987e-06
5.77161e-06
5.86466e-06
0
0
0
0
0
0
0
0
0
0
0
0
1.80734e-07
3.14017e-07
3.73352e-07
3.79287e-07
3.43257e-07
2.99598e-07
2.55296e-07
2.26034e-07
2.02294e-07
1.55005e-07
8.11773e-09
0
0
0
3.89262e-07
7.33789e-07
7.12946e-07
4.42623e-07
1.26589e-07
9.17988e-08
6.62537e-07
3.70786e-06
5.94102e-07
0
0
0
0
0
0
9.73574e-07
0
0
0
0
0
0
0
0
0
0
0
3.91508e-08
7.2213e-08
9.06073e-08
9.13511e-08
6.92639e-08
1.70947e-08
0
0
0
0
0
7.72811e-09
1.11497e-07
8.59904e-08
2.85058e-08
0
0
0
0
0
0
0
0
0
0
0
0
0
0
0
0
0
0
0
0
0
0
0
0
0
0
0
0
0
0
0
0
0
3.5738e-08
1.20221e-07
1.57534e-07
1.71521e-07
1.68267e-07
1.54761e-07
1.30865e-07
9.48536e-08
3.82395e-08
0
0
0
0
0
0
0
0
0
0
0
0
0
1.13566e-08
1.445e-08
4.85103e-09
5.83956e-09
0
7.80924e-09
0
1.68349e-08
0
3.43132e-08
0
4.70316e-07
8.4783e-07
1.07641e-06
1.57162e-06
0
3.06171e-07
7.25962e-07
9.04142e-07
9.80609e-07
1.0377e-06
9.64028e-07
6.10258e-07
0
0
0
0
0
0
0
0
0
0
0
0
0
0
0
0
0
0
0
0
1.83294e-07
5.62057e-07
9.80785e-07
1.37584e-06
1.68379e-06
1.84246e-06
1.86759e-06
1.87129e-06
1.93237e-06
2.1547e-06
2.6199e-06
3.45842e-06
4.77047e-06
4.19633e-06
0
0
0
0
0
0
0
0
0
0
0
0
0
0
1.63931e-07
3.23348e-07
3.69398e-07
3.38311e-07
2.81747e-07
2.34893e-07
2.0421e-07
1.72179e-07
1.07609e-07
0
0
0
0
0
1.25414e-07
1.65495e-07
1.09883e-07
2.22413e-07
5.18864e-07
1.99e-06
3.06735e-06
0
0
0
0
0
8.64624e-07
2.31651e-06
8.02134e-07
2.24596e-07
2.33326e-07
2.12189e-07
0
0
0
0
0
0
4.99559e-08
1.01004e-07
1.38277e-07
1.5934e-07
1.56853e-07
1.21113e-07
3.97686e-08
0
0
0
0
0
8.15463e-07
6.09538e-07
3.7526e-07
2.00897e-07
7.37891e-08
0
0
0
0
0
0
0
0
0
0
0
0
0
0
0
0
0
0
0
0
0
0
0
0
0
0
0
0
0
0
0
0
0
8.50487e-08
1.81262e-07
2.16003e-07
2.04055e-07
1.74814e-07
1.42892e-07
1.06679e-07
5.86308e-08
0
0
0
0
0
0
0
0
0
0
0
0
0
0
1.16103e-08
7.39636e-09
0
0
6.59468e-10
0
2.28686e-08
0
2.9677e-08
0
2.98336e-08
1.60021e-07
5.26064e-07
1.49919e-06
0
6.11821e-08
4.7276e-07
6.60998e-07
7.31604e-07
7.73725e-07
7.21669e-07
4.28165e-07
0
0
0
0
0
0
0
0
0
0
0
0
0
0
0
0
0
0
1.25384e-07
4.67244e-07
8.19463e-07
1.13504e-06
1.38884e-06
1.50725e-06
1.4999e-06
1.41176e-06
1.3002e-06
1.2372e-06
1.26966e-06
1.43512e-06
1.77057e-06
2.3252e-06
3.02765e-06
2.66545e-06
0
0
0
0
0
0
0
0
0
0
0
0
0
0
0
1.62729e-08
2.69684e-07
3.37787e-07
2.99936e-07
2.42991e-07
1.98996e-07
1.648e-07
1.30876e-07
8.88054e-08
4.51154e-08
2.71952e-09
0
0
0
0
0
9.99436e-08
1.95449e-07
8.97137e-08
2.41798e-06
2.39569e-08
0
0
0
5.77549e-08
1.33515e-06
2.29977e-06
2.37598e-06
2.4111e-06
1.14602e-06
3.17179e-07
0
0
0
0
0
7.96352e-08
1.42403e-07
1.91649e-07
2.23081e-07
2.28857e-07
2.05982e-07
1.51114e-07
4.25694e-08
0
0
0
0
3.10108e-06
2.24138e-06
1.3258e-06
8.06731e-07
4.86339e-07
2.70107e-07
1.21636e-07
2.09677e-08
0
0
0
0
0
0
0
0
0
0
0
0
0
0
0
0
0
0
0
0
0
0
0
0
0
0
0
0
0
0
0
0
1.7172e-07
2.47597e-07
2.47244e-07
2.16587e-07
1.73802e-07
1.26869e-07
7.37753e-08
6.87796e-09
0
0
0
0
0
0
0
5.92588e-09
0
0
0
0
0
0
1.25662e-08
1.32854e-08
0
0
0
1.38435e-08
0
2.28342e-08
0
0
0
1.92685e-07
8.74661e-07
0
1.54124e-07
3.46549e-07
4.15831e-07
3.99266e-07
4.21001e-07
4.41656e-07
2.78001e-07
0
0
0
0
0
0
0
0
0
0
0
0
0
0
0
0
0
2.67979e-07
5.64535e-07
8.43976e-07
1.09312e-06
1.26693e-06
1.29688e-06
1.16361e-06
9.08136e-07
6.49126e-07
4.65072e-07
3.85995e-07
4.18766e-07
5.66719e-07
8.29355e-07
1.19221e-06
1.54486e-06
1.42091e-06
3.04353e-07
0
0
2.70531e-08
3.63994e-07
5.51539e-07
5.85673e-07
4.69301e-07
1.91083e-07
0
0
0
0
0
0
0
0
2.16771e-07
2.76525e-07
2.36982e-07
1.90132e-07
1.54341e-07
1.26474e-07
1.04574e-07
8.90044e-08
7.62031e-08
5.51053e-08
0
0
0
0
1.87413e-08
0
0
0
0
0
0
0
4.84868e-07
1.13307e-06
1.47999e-06
1.43994e-06
8.21297e-07
3.33294e-07
8.43272e-08
0
0
0
3.79957e-08
1.18116e-07
1.79388e-07
2.35826e-07
2.71486e-07
2.77567e-07
2.6683e-07
2.39634e-07
1.77276e-07
4.7958e-08
0
0
0
0
4.2116e-06
2.62347e-06
1.55662e-06
9.39378e-07
5.65785e-07
3.27545e-07
1.7712e-07
8.326e-08
2.07413e-08
0
0
0
0
0
0
0
0
0
0
0
0
0
0
0
0
0
0
0
0
0
0
0
0
0
0
0
0
0
0
8.17175e-08
1.83301e-07
2.84953e-07
3.13279e-07
2.79959e-07
2.21855e-07
1.59695e-07
9.72774e-08
2.7069e-08
0
0
0
0
0
0
0
2.53329e-10
1.97866e-08
0
0
0
0
0
0
1.37667e-08
4.60603e-09
0
0
9.75253e-09
1.2249e-09
1.5732e-08
0
0
0
2.0026e-08
3.32695e-07
4.06844e-08
1.2999e-07
2.31658e-07
2.76384e-07
2.29509e-07
1.86147e-07
1.73671e-07
8.35487e-08
0
0
0
0
0
0
0
0
0
0
0
0
0
0
0
6.5892e-08
3.35759e-07
6.02191e-07
8.2674e-07
1.01359e-06
1.10561e-06
1.01636e-06
7.50761e-07
4.28193e-07
1.67837e-07
2.19909e-08
0
8.88535e-08
2.97608e-07
6.33763e-07
1.11352e-06
1.7444e-06
2.43209e-06
2.53369e-06
4.1017e-07
0
0
0
0
0
1.86974e-07
4.99133e-07
7.15729e-07
7.89036e-07
6.37133e-07
1.59921e-07
0
0
0
0
0
0
1.61159e-07
2.07506e-07
1.74826e-07
1.42358e-07
1.19006e-07
1.0117e-07
8.6967e-08
7.79062e-08
6.8288e-08
4.17179e-08
0
0
0
0
0
0
0
0
0
0
0
4.26196e-07
6.7832e-07
7.02765e-07
5.28386e-07
2.69605e-07
1.01304e-07
4.48172e-09
0
0
5.00003e-08
1.48363e-07
1.96257e-07
2.41211e-07
2.87057e-07
3.03441e-07
3.03705e-07
2.94183e-07
2.62776e-07
1.92381e-07
2.30729e-08
0
0
0
0
4.97062e-06
2.88116e-06
1.6445e-06
9.14185e-07
4.73932e-07
2.15323e-07
6.73934e-08
0
0
0
0
0
0
0
0
0
0
0
0
0
0
0
0
0
0
0
0
0
0
0
0
0
0
0
0
0
0
0
1.72199e-07
3.92827e-07
4.99096e-07
4.87502e-07
4.5693e-07
3.89579e-07
2.99788e-07
2.13539e-07
1.33506e-07
5.33779e-08
0
0
0
0
0
0
0
0
2.50548e-08
2.17926e-08
0
0
0
0
0
0
6.00263e-09
9.36581e-09
2.01041e-09
1.20114e-08
5.56622e-09
1.44044e-08
0
0
0
0
2.23938e-07
1.97056e-07
1.37697e-07
1.6254e-07
1.567e-07
7.20919e-08
3.08869e-08
4.83097e-08
2.07583e-08
0
0
0
0
0
0
0
0
0
0
0
0
0
0
9.39889e-08
3.40289e-07
5.47015e-07
7.0622e-07
8.34879e-07
8.42825e-07
6.57444e-07
3.53772e-07
6.49183e-08
0
0
0
1.06219e-08
2.63472e-07
6.39185e-07
1.16604e-06
1.88665e-06
2.87123e-06
4.15271e-06
4.92006e-06
0
0
0
0
0
0
0
0
9.26238e-08
2.88882e-07
5.34058e-07
6.85604e-07
5.05346e-07
0
0
0
0
0
0
1.13969e-07
1.50617e-07
1.27228e-07
1.06507e-07
9.43191e-08
8.46243e-08
7.57534e-08
6.26478e-08
3.8973e-08
0
0
0
0
0
0
0
0
0
0
0
2.58937e-07
3.4434e-07
2.96739e-07
1.82562e-07
7.03498e-08
1.09123e-08
0
0
0
8.30362e-08
1.87267e-07
2.29912e-07
2.58255e-07
2.8607e-07
3.02098e-07
3.05506e-07
2.96149e-07
2.61166e-07
1.65285e-07
0
0
0
0
3.65167e-06
6.71154e-06
3.83454e-06
2.18953e-06
1.19082e-06
5.99747e-07
2.61321e-07
5.01528e-08
0
0
0
0
0
3.42927e-08
1.26978e-08
0
0
0
0
0
0
0
0
0
0
0
0
0
0
0
0
0
0
0
0
0
0
0
2.27159e-09
4.53941e-07
8.65137e-07
1.14831e-06
1.13636e-06
9.4326e-07
6.71192e-07
4.5844e-07
3.06026e-07
1.87724e-07
8.74975e-08
0
0
0
0
0
0
0
0
4.60659e-09
3.17577e-08
3.43916e-10
0
0
0
0
0
0
1.30333e-08
1.31238e-08
1.92556e-08
1.19486e-08
1.64267e-08
0
0
0
0
1.27908e-07
2.19009e-07
9.20747e-08
1.10506e-07
1.2873e-07
2.13416e-08
0
0
1.46189e-08
0
0
0
0
0
0
0
0
0
0
0
0
0
5.38373e-08
2.35481e-07
3.70641e-07
4.67162e-07
5.59767e-07
5.51039e-07
3.65568e-07
9.76374e-08
0
0
0
0
6.16697e-08
3.41133e-07
7.18952e-07
1.23046e-06
1.9338e-06
2.89468e-06
4.28296e-06
6.41167e-06
8.99477e-06
0
0
0
0
0
0
0
1.34573e-07
1.89862e-07
9.02026e-08
1.56381e-08
1.858e-07
4.93938e-07
4.94365e-07
0
0
0
0
0
0
1.01598e-07
1.1769e-07
9.74972e-08
8.48113e-08
7.7951e-08
6.99605e-08
5.8737e-08
3.01695e-08
0
0
0
0
0
0
0
0
0
0
5.25132e-09
2.11143e-07
1.95858e-07
1.10641e-07
2.20411e-08
0
0
0
0
0
1.16179e-08
1.50599e-07
2.23058e-07
2.46784e-07
2.61927e-07
2.77237e-07
2.83601e-07
2.7628e-07
2.34671e-07
5.99817e-08
0
0
0
0
6.15095e-06
8.00637e-06
4.99429e-06
2.89494e-06
1.5601e-06
7.78987e-07
3.68071e-07
1.45363e-07
0
0
0
0
0
0
9.13253e-08
4.2068e-08
0
0
0
0
0
0
0
0
0
0
0
0
0
0
0
0
0
0
0
0
0
0
7.00863e-08
5.8504e-07
1.3393e-06
1.89426e-06
2.23221e-06
2.07658e-06
1.55975e-06
9.01811e-07
5.0446e-07
2.84547e-07
1.40147e-07
2.72175e-08
0
0
0
0
0
0
0
0
1.71672e-08
1.03755e-08
0
0
0
0
0
0
1.43592e-08
2.24143e-08
2.89969e-08
2.11618e-08
2.15279e-08
0
0
0
0
1.0373e-07
2.56233e-07
5.66549e-08
4.04479e-08
9.33123e-08
1.62628e-08
0
0
1.66071e-08
8.79447e-08
1.55235e-07
3.1343e-07
3.77007e-07
3.62045e-07
2.94154e-07
0
0
0
0
0
0
0
7.57075e-08
1.41821e-07
1.43361e-07
2.18611e-07
2.86144e-07
1.95206e-07
4.3677e-09
0
0
0
0
2.47921e-08
2.48347e-07
5.38366e-07
9.18441e-07
1.42982e-06
2.1004e-06
2.93169e-06
3.82449e-06
4.39955e-06
3.22143e-06
0
0
0
0
0
0
0
0
1.84504e-07
2.9522e-07
8.21155e-08
0
0
3.41801e-07
4.37503e-07
0
0
0
0
0
4.49133e-09
1.14824e-07
1.01467e-07
8.0719e-08
7.18878e-08
6.36028e-08
5.33829e-08
3.40602e-08
0
0
0
0
0
0
0
0
0
0
0
2.47833e-07
1.85383e-07
3.69567e-08
0
0
0
0
0
0
0
6.3615e-08
1.85937e-07
2.28192e-07
2.42038e-07
2.50412e-07
2.48349e-07
2.33054e-07
1.61325e-07
0
0
0
0
0
4.69803e-06
7.57417e-06
5.31128e-06
3.13576e-06
1.5817e-06
6.50457e-07
2.29656e-07
9.45504e-08
3.70797e-08
0
0
0
0
0
1.12246e-07
1.75012e-07
3.43052e-08
0
0
0
0
0
0
0
0
0
0
0
0
0
0
0
0
0
0
0
0
0
1.46749e-07
5.83968e-07
1.43841e-06
2.45762e-06
3.08975e-06
3.46854e-06
3.23204e-06
2.22215e-06
1.06417e-06
5.07941e-07
2.41881e-07
8.8544e-08
0
0
0
0
0
0
1.09999e-08
1.70475e-08
1.50543e-08
0
0
0
0
0
0
0
1.79332e-08
3.14543e-08
3.87687e-08
3.07658e-08
2.95954e-08
2.39506e-09
0
0
0
2.13676e-09
2.4274e-07
2.2618e-08
0
4.6265e-08
4.23186e-08
0
0
0
1.41412e-07
4.96917e-07
1.61025e-06
3.3761e-06
1.37757e-06
1.00892e-06
7.09052e-07
2.20345e-07
3.86473e-08
4.8922e-08
3.93442e-08
2.85642e-09
0
0
0
0
0
7.58756e-08
1.73732e-08
0
0
0
0
0
3.95461e-08
2.02159e-07
4.15452e-07
6.98369e-07
1.0635e-06
1.48014e-06
1.80884e-06
1.83551e-06
1.4252e-06
4.6734e-07
0
0
0
0
0
0
0
0
0
7.68261e-08
2.01301e-07
0
0
0
3.17886e-07
3.82628e-07
0
0
0
0
0
1.11776e-07
1.18814e-07
8.2654e-08
6.3091e-08
5.5009e-08
4.70647e-08
3.72527e-08
1.12793e-08
0
0
0
0
0
0
0
0
0
0
9.48485e-08
2.11573e-07
2.26756e-08
0
0
0
0
0
0
0
0
1.37446e-07
2.09213e-07
2.31262e-07
2.29539e-07
2.05546e-07
1.6174e-07
2.66225e-08
0
0
0
0
0
3.65037e-06
6.3039e-06
5.05448e-06
3.17805e-06
1.62281e-06
5.73412e-07
5.59353e-08
0
0
0
0
0
0
0
1.34979e-07
2.80741e-07
1.80253e-07
0
0
0
0
0
0
0
0
0
0
0
0
0
0
0
0
0
0
0
0
0
2.75411e-07
6.63973e-07
1.35465e-06
2.61217e-06
3.63911e-06
4.2357e-06
4.65891e-06
4.43399e-06
2.71041e-06
1.13068e-06
4.89577e-07
2.12191e-07
6.72263e-08
0
0
0
0
6.09079e-08
6.7491e-08
5.57003e-08
3.71052e-08
6.56758e-10
0
0
0
0
0
0
2.5549e-08
4.18153e-08
4.94495e-08
3.9934e-08
3.83722e-08
8.25515e-09
0
0
0
0
1.92427e-07
4.73932e-09
0
0
8.98369e-08
6.95704e-09
0
0
2.17357e-07
7.66492e-07
2.14774e-06
3.98613e-06
2.14368e-06
1.71501e-06
1.4607e-06
9.70706e-07
3.88142e-07
2.62535e-07
2.21691e-07
1.32739e-07
0
0
0
0
0
0
2.48362e-08
0
0
0
0
0
0
0
4.85315e-08
1.22062e-07
2.03464e-07
2.64216e-07
2.49059e-07
1.23623e-07
0
0
0
0
0
0
0
0
0
0
0
0
8.56672e-08
7.34544e-08
0
0
0
3.95214e-07
1.57404e-07
0
0
0
0
8.11009e-08
1.21193e-07
8.2984e-08
5.3381e-08
4.14408e-08
3.52285e-08
3.04639e-08
1.95816e-08
0
0
0
0
0
0
0
0
0
0
0
1.08691e-07
3.47834e-08
0
0
0
0
0
0
0
0
8.53965e-08
1.90241e-07
2.27456e-07
2.24666e-07
1.89156e-07
1.04223e-07
0
0
0
0
0
0
2.34854e-06
4.21277e-06
3.80325e-06
2.70817e-06
1.59943e-06
7.18413e-07
1.27947e-07
0
0
0
0
0
0
0
2.28377e-07
3.9228e-07
3.09459e-07
1.62627e-07
9.25413e-09
0
0
0
0
0
0
0
0
0
0
0
0
0
0
0
0
0
0
0
4.612e-07
8.8025e-07
1.3988e-06
2.52698e-06
3.87894e-06
4.68757e-06
5.19829e-06
5.66466e-06
5.33281e-06
2.90996e-06
1.17073e-06
5.06083e-07
2.33114e-07
8.88225e-08
0
0
0
1.30949e-07
1.48192e-07
1.11798e-07
7.56191e-08
2.75454e-08
0
0
0
0
0
5.43986e-09
3.95832e-08
5.5762e-08
6.20972e-08
5.00403e-08
4.66129e-08
1.34937e-08
0
0
0
0
1.54408e-07
1.45981e-08
0
0
4.31675e-08
1.62322e-07
1.29937e-07
1.82618e-07
4.72634e-07
1.12144e-06
2.3717e-06
3.58922e-06
2.80323e-06
2.35789e-06
2.10528e-06
1.67761e-06
9.68801e-07
5.3751e-07
4.17448e-07
3.09518e-07
1.11638e-07
0
0
0
0
0
6.87683e-08
1.23081e-07
9.13191e-08
2.91871e-08
0
0
0
0
0
0
0
0
0
0
0
0
0
0
0
0
0
0
0
0
0
0
2.55832e-08
9.70937e-08
0
0
0
2.81552e-07
3.01401e-07
0
0
0
0
6.94852e-08
1.01948e-07
6.50077e-08
3.73703e-08
2.5559e-08
2.165e-08
1.90203e-08
1.64629e-08
0
0
0
0
0
0
0
0
0
0
0
0
0
0
0
0
0
0
0
0
0
3.17924e-08
1.70515e-07
2.25185e-07
2.22171e-07
1.71164e-07
3.71769e-08
0
0
0
0
0
0
6.2169e-07
2.00715e-06
1.93781e-06
1.47261e-06
1.01755e-06
5.98423e-07
1.83393e-07
0
0
0
0
0
0
1.13531e-07
4.28498e-07
5.65592e-07
4.57229e-07
3.71332e-07
2.89326e-07
1.93271e-07
1.75711e-07
2.30324e-07
2.48828e-07
1.71508e-07
4.2383e-08
0
0
0
0
0
0
0
0
0
0
0
0
0
7.95575e-07
1.27601e-06
1.72688e-06
2.44227e-06
3.99445e-06
5.11019e-06
5.64657e-06
6.11759e-06
6.40571e-06
5.67034e-06
3.00166e-06
1.22615e-06
5.68845e-07
2.8732e-07
1.29898e-07
2.42508e-08
1.10132e-08
1.97662e-07
2.63754e-07
1.92099e-07
1.28547e-07
6.6571e-08
0
0
0
0
0
2.98885e-08
6.48809e-08
7.77218e-08
8.02405e-08
6.34577e-08
5.58376e-08
1.83391e-08
0
0
0
0
1.22119e-07
1.77916e-08
0
0
0
8.93254e-08
2.4905e-07
3.91062e-07
7.18311e-07
1.36958e-06
2.3318e-06
2.79691e-06
2.65758e-06
2.42773e-06
2.26163e-06
1.9321e-06
1.49013e-06
8.76237e-07
5.90389e-07
4.50815e-07
2.82757e-07
0
0
0
0
0
9.49288e-09
2.15239e-07
2.35085e-07
1.52298e-07
4.38382e-08
0
0
0
0
0
0
0
0
0
0
0
0
0
7.73635e-08
3.77891e-07
4.87664e-07
4.25396e-07
3.07918e-07
2.39182e-07
1.71018e-07
8.84832e-08
9.30097e-08
1.13923e-07
0
0
0
2.19938e-07
2.81682e-07
4.48849e-08
0
0
2.31165e-09
1.31785e-07
1.00576e-07
4.95039e-08
2.34397e-08
1.44184e-08
1.16826e-08
9.94281e-09
9.04129e-09
5.27935e-09
0
0
0
0
0
0
0
0
0
0
0
0
0
0
0
0
0
0
0
0
0
1.46116e-07
2.18808e-07
2.16125e-07
1.55643e-07
1.2492e-08
0
0
0
0
0
0
5.69251e-07
1.39544e-06
1.07844e-06
5.80123e-07
3.8063e-07
2.7463e-07
7.11051e-08
0
0
1.53257e-08
2.32705e-08
0
2.84466e-08
3.02254e-07
7.07974e-07
7.89543e-07
6.22483e-07
6.20405e-07
6.45504e-07
5.76914e-07
5.87555e-07
6.87132e-07
6.77182e-07
5.84669e-07
5.91462e-07
0
0
0
0
0
0
0
0
0
0
0
0
0
7.64354e-07
2.02951e-06
2.27574e-06
2.72935e-06
3.81543e-06
5.3309e-06
6.02108e-06
6.40945e-06
6.79118e-06
6.18744e-06
5.48318e-06
2.71104e-06
1.20146e-06
6.00046e-07
3.24816e-07
1.77017e-07
1.3137e-07
2.74879e-07
4.10449e-07
3.05098e-07
1.97116e-07
1.11652e-07
2.21749e-08
0
0
0
0
7.32583e-08
1.12961e-07
1.16424e-07
1.09789e-07
8.3915e-08
6.89952e-08
2.42136e-08
0
0
0
0
9.19104e-08
3.72697e-08
0
0
0
0
7.26357e-08
3.34599e-07
7.03289e-07
1.29804e-06
2.05435e-06
2.11223e-06
1.82799e-06
2.13479e-06
2.0846e-06
1.83613e-06
1.53689e-06
1.19802e-06
7.69989e-07
5.55432e-07
4.03032e-07
2.07055e-07
0
0
0
0
0
1.5929e-07
3.26424e-07
3.14762e-07
2.09586e-07
8.6865e-08
0
0
0
0
0
0
0
0
0
0
0
0
1.04757e-06
1.29442e-06
1.12813e-06
8.33359e-07
5.61889e-07
3.94742e-07
2.77817e-07
1.56824e-07
1.07199e-07
1.04492e-07
1.95984e-08
0
2.44957e-08
1.62699e-07
2.26244e-07
2.24438e-07
1.05416e-07
1.66204e-07
2.64804e-07
2.06352e-07
1.17834e-07
5.54643e-08
2.77318e-08
1.96542e-08
1.71337e-08
1.49779e-08
1.11008e-08
9.64226e-09
7.3183e-10
0
0
0
0
0
0
0
0
0
0
0
0
0
0
0
0
0
0
0
0
1.1041e-07
2.11023e-07
2.26232e-07
1.81054e-07
8.99164e-08
0
0
0
0
5.58883e-07
2.03219e-06
2.51207e-06
1.63463e-06
3.58079e-07
0
0
0
0
0
0
3.63921e-08
4.29483e-08
1.4738e-08
1.00332e-07
5.41916e-07
1.01741e-06
1.03429e-06
8.3432e-07
9.60281e-07
1.0668e-06
9.89011e-07
1.01406e-06
1.10752e-06
1.05357e-06
1.10849e-06
8.84496e-08
0
0
0
0
0
0
0
0
0
0
0
0
0
0
2.70609e-06
3.23038e-06
3.31098e-06
3.88432e-06
5.33799e-06
6.27003e-06
6.59984e-06
6.93942e-06
6.8207e-06
5.55609e-06
4.6575e-06
2.17787e-06
1.07374e-06
5.88693e-07
3.61685e-07
2.87186e-07
3.90432e-07
5.73143e-07
4.58851e-07
2.9069e-07
1.66675e-07
5.95586e-08
0
0
0
0
1.11895e-07
2.19804e-07
1.98073e-07
1.6817e-07
1.20825e-07
8.908e-08
3.21608e-08
0
0
0
0
0
8.38209e-08
0
0
0
0
0
3.52791e-08
3.9733e-07
8.95199e-07
1.38288e-06
1.32083e-06
9.41039e-07
1.28971e-06
1.56444e-06
1.50724e-06
1.28718e-06
1.08318e-06
8.80239e-07
5.97715e-07
4.33746e-07
2.94765e-07
1.11625e-07
0
0
0
0
0
2.18252e-07
3.47307e-07
3.26817e-07
2.26157e-07
1.07286e-07
0
0
0
0
0
0
0
0
0
0
1.157e-06
2.06737e-06
1.62118e-06
1.12366e-06
7.41555e-07
4.72118e-07
3.29248e-07
2.43438e-07
1.374e-07
7.33931e-08
7.46569e-08
4.29121e-08
0
3.94467e-08
1.08922e-07
2.18553e-07
3.87591e-07
4.49221e-07
4.71713e-07
3.67124e-07
2.17468e-07
1.17976e-07
6.37514e-08
3.98603e-08
3.2437e-08
2.94043e-08
2.70814e-08
2.25073e-08
1.78784e-08
1.45763e-08
3.31693e-10
0
0
0
0
0
0
0
0
0
0
0
0
0
0
0
0
0
0
0
5.04735e-08
1.72314e-07
2.16766e-07
2.17918e-07
2.34424e-07
4.04967e-07
1.0763e-06
2.59983e-06
5.0654e-06
7.79111e-06
8.52694e-06
5.19052e-06
4.35221e-07
0
0
0
0
0
0
0
4.68395e-08
5.66471e-08
3.73779e-08
2.18143e-07
8.2287e-07
1.28535e-06
1.24793e-06
1.12205e-06
1.39812e-06
1.47573e-06
1.35344e-06
1.38265e-06
1.39368e-06
1.27681e-06
1.15104e-06
0
0
0
0
0
0
0
0
0
0
0
0
0
0
0
1.01334e-06
4.32729e-06
4.16884e-06
4.36379e-06
5.26031e-06
6.34003e-06
6.58498e-06
6.71293e-06
6.99229e-06
5.7412e-06
5.77602e-06
3.32375e-06
1.67559e-06
9.23419e-07
5.83773e-07
4.70434e-07
5.40902e-07
7.23914e-07
6.39764e-07
4.10296e-07
2.36598e-07
1.02167e-07
0
0
0
0
1.54141e-07
3.85127e-07
3.71212e-07
2.94398e-07
1.9961e-07
1.27448e-07
4.28562e-08
0
0
0
0
0
1.01466e-07
0
0
0
0
0
0
4.4891e-09
3.70526e-07
5.96161e-07
4.67554e-07
2.25895e-07
2.52207e-07
6.98673e-07
9.06311e-07
8.75589e-07
7.64458e-07
6.55276e-07
5.31094e-07
3.77117e-07
2.73731e-07
1.70128e-07
1.99252e-08
0
0
0
0
0
1.91384e-07
2.90375e-07
2.75321e-07
1.94268e-07
9.21754e-08
0
0
0
0
0
0
0
0
0
1.82178e-06
1.4636e-06
9.21641e-07
5.77023e-07
3.56547e-07
2.2457e-07
1.83782e-07
1.63833e-07
8.80002e-08
2.318e-08
3.73451e-08
5.09347e-08
2.38592e-08
1.04103e-08
6.10272e-08
2.78758e-07
5.19858e-07
5.73558e-07
5.1529e-07
3.60569e-07
2.08332e-07
1.21436e-07
7.48935e-08
5.30448e-08
4.45903e-08
3.99025e-08
3.6419e-08
3.33237e-08
2.81661e-08
2.55827e-08
1.73378e-08
1.98585e-09
0
0
0
0
0
0
0
0
0
0
0
0
0
0
0
0
0
0
0
1.12318e-07
1.8083e-07
2.32043e-07
3.79039e-07
9.18034e-07
2.62029e-06
6.03091e-06
1.12146e-05
1.72644e-05
1.92696e-05
9.57234e-06
0
0
0
0
0
0
0
0
4.66315e-08
6.37408e-08
7.37261e-08
4.10719e-07
1.12202e-06
1.50626e-06
1.46662e-06
1.56399e-06
1.82588e-06
1.74759e-06
1.59835e-06
1.62701e-06
1.48602e-06
1.28513e-06
8.67045e-07
0
0
0
0
0
0
0
0
0
0
0
0
3.70228e-07
0
0
0
4.28782e-06
5.26524e-06
5.03573e-06
5.38899e-06
6.3035e-06
6.41157e-06
6.23721e-06
6.43958e-06
6.14765e-06
5.63013e-06
4.34429e-06
2.30531e-06
1.29686e-06
8.3649e-07
6.73829e-07
7.08877e-07
8.53012e-07
8.04868e-07
5.43306e-07
3.2128e-07
1.55556e-07
2.54178e-08
0
0
5.6448e-08
2.39856e-07
4.16413e-07
5.18084e-07
4.90329e-07
3.46509e-07
1.99041e-07
5.53127e-08
0
0
0
0
0
0
2.96794e-08
0
0
0
0
0
0
0
3.69209e-08
0
0
0
5.88631e-09
2.35068e-07
3.66501e-07
3.81408e-07
3.28587e-07
2.57135e-07
2.03179e-07
1.59409e-07
1.13636e-07
4.49143e-08
0
0
0
0
0
0
1.2979e-07
2.0434e-07
2.01198e-07
1.51208e-07
8.58118e-08
2.4326e-08
0
0
0
0
0
7.17224e-09
2.42945e-07
2.75482e-07
1.685e-07
9.01426e-08
4.21412e-08
1.86026e-08
2.99167e-08
7.96998e-08
9.47488e-08
1.55792e-08
0
0
5.36783e-08
2.26207e-08
0
5.8814e-08
4.46986e-07
6.36247e-07
5.70143e-07
4.65487e-07
3.18257e-07
1.95243e-07
1.27214e-07
8.83568e-08
6.73051e-08
5.73892e-08
5.11212e-08
4.52293e-08
4.1791e-08
3.83667e-08
3.59312e-08
3.07602e-08
1.71851e-08
2.16495e-09
0
0
0
0
0
0
0
0
0
0
0
0
0
0
0
0
0
0
4.20964e-08
1.36848e-07
2.31394e-07
4.87722e-07
1.28965e-06
3.72029e-06
8.5602e-06
1.63573e-05
2.75225e-05
3.74942e-05
1.97047e-05
0
0
0
0
0
0
0
0
3.98823e-08
6.42448e-08
1.39142e-07
6.86175e-07
1.41285e-06
1.71366e-06
1.79595e-06
2.11227e-06
2.02119e-06
1.79777e-06
1.68935e-06
1.70381e-06
1.37296e-06
1.07881e-06
6.02074e-07
0
0
0
3.83081e-07
0
0
0
0
0
0
0
0
2.01146e-06
1.98436e-06
0
0
1.04994e-06
6.00208e-06
5.79005e-06
5.74604e-06
6.20677e-06
6.16508e-06
5.67585e-06
5.6255e-06
5.79303e-06
4.95256e-06
5.03172e-06
2.93789e-06
1.71395e-06
1.12174e-06
8.91386e-07
8.77104e-07
9.58371e-07
9.11456e-07
6.57335e-07
4.09398e-07
2.20647e-07
7.7312e-08
0
9.72374e-09
1.28761e-07
2.9414e-07
4.21163e-07
4.97058e-07
5.45515e-07
4.59401e-07
2.28557e-07
3.0063e-08
0
0
0
0
0
0
0
0
0
0
0
0
0
0
0
0
0
0
0
0
5.00637e-08
8.33022e-08
4.47491e-08
0
0
0
0
0
0
0
0
0
0
0
0
8.77231e-08
1.41385e-07
1.50134e-07
1.3636e-07
1.22085e-07
1.26475e-07
1.58247e-07
2.27005e-07
3.33881e-07
4.61065e-07
5.14538e-07
2.78132e-07
0
0
0
0
0
0
1.53148e-08
7.12208e-09
0
0
0
6.12283e-08
0
0
2.36687e-07
7.04402e-07
6.87207e-07
5.26643e-07
4.28236e-07
2.81284e-07
1.88973e-07
1.35169e-07
9.94742e-08
7.74041e-08
6.70621e-08
6.20198e-08
5.61996e-08
5.07635e-08
4.74084e-08
4.54246e-08
4.22864e-08
3.09251e-08
1.74119e-08
0
0
0
0
0
0
0
0
0
0
0
0
0
0
0
0
0
0
0
9.91158e-08
2.39632e-07
5.73734e-07
1.51538e-06
4.22914e-06
9.59453e-06
1.8832e-05
3.31292e-05
5.3182e-05
3.88439e-05
0
0
0
0
0
0
0
0
2.46223e-08
5.83697e-08
2.64875e-07
1.0337e-06
1.68905e-06
1.94305e-06
2.34001e-06
2.35883e-06
1.90388e-06
1.64954e-06
1.64072e-06
1.61009e-06
1.08965e-06
7.54994e-07
3.74996e-07
0
0
0
1.13375e-06
0
0
0
0
0
0
0
2.6626e-07
2.66587e-06
4.60099e-06
2.5435e-06
0
0
5.56173e-06
6.45969e-06
6.16587e-06
6.12105e-06
5.88776e-06
5.13377e-06
4.84754e-06
5.07507e-06
4.34336e-06
5.23976e-06
3.469e-06
2.1067e-06
1.39326e-06
1.09154e-06
1.02078e-06
1.03217e-06
9.52929e-07
7.18417e-07
4.77314e-07
2.87831e-07
1.41787e-07
5.49633e-08
7.02807e-08
1.80666e-07
3.1342e-07
3.93297e-07
4.08986e-07
4.05677e-07
2.9857e-07
7.17285e-08
4.32448e-09
0
0
0
0
0
0
0
0
0
0
0
0
0
0
0
0
0
0
0
0
0
0
0
0
0
0
0
0
0
0
0
0
0
0
0
3.39827e-08
1.01593e-07
1.39128e-07
1.56286e-07
1.71338e-07
2.03425e-07
2.62761e-07
3.53979e-07
4.62594e-07
5.3735e-07
4.72739e-07
1.7462e-07
0
0
0
0
0
0
0
0
0
0
0
6.94585e-08
0
0
7.1802e-07
9.24694e-07
6.58461e-07
5.06482e-07
3.67328e-07
2.45423e-07
1.78431e-07
1.3488e-07
1.05228e-07
8.60765e-08
7.61873e-08
7.19198e-08
6.73697e-08
6.10662e-08
5.61571e-08
5.37458e-08
5.21148e-08
4.24193e-08
2.9176e-08
6.15215e-09
0
0
0
0
0
0
0
0
0
0
0
0
0
0
0
0
0
0
7.54459e-08
2.85827e-07
6.77496e-07
1.64415e-06
4.18453e-06
9.01553e-06
1.74701e-05
2.85466e-05
3.8258e-05
1.14616e-05
0
0
0
0
0
0
0
0
2.10727e-09
5.09961e-08
4.84756e-07
1.40421e-06
1.924e-06
2.25386e-06
2.7037e-06
2.16291e-06
1.64571e-06
1.41705e-06
1.51778e-06
1.39736e-06
7.07107e-07
4.40959e-07
1.82599e-07
0
0
0
1.56244e-06
6.36864e-07
0
0
0
0
0
1.23523e-06
1.88135e-06
3.86294e-06
7.056e-06
5.21954e-06
4.36924e-07
0
3.05137e-06
6.76156e-06
6.46523e-06
6.06319e-06
5.56838e-06
4.62837e-06
4.15607e-06
4.29863e-06
3.79949e-06
4.75937e-06
3.7474e-06
2.40906e-06
1.62059e-06
1.25927e-06
1.13133e-06
1.07347e-06
9.48292e-07
7.21544e-07
5.03185e-07
3.36851e-07
2.0758e-07
1.2239e-07
1.27908e-07
2.17355e-07
3.09259e-07
3.37692e-07
2.87753e-07
2.08622e-07
1.03909e-07
2.19016e-08
2.29575e-08
0
0
0
2.54214e-07
3.46359e-07
3.74592e-07
1.45887e-07
0
2.88228e-09
9.36638e-08
2.75094e-08
2.01306e-07
1.25873e-06
7.87259e-07
0
0
0
0
0
0
0
0
0
0
0
0
0
0
0
0
0
0
0
0
0
5.86908e-08
1.35267e-07
1.91265e-07
2.22245e-07
2.42834e-07
2.73739e-07
3.26446e-07
3.98908e-07
4.70312e-07
4.87321e-07
3.74331e-07
1.05191e-07
0
0
0
0
0
0
0
0
0
0
2.69357e-08
5.1856e-08
0
4.96772e-07
1.23534e-06
9.65952e-07
6.22432e-07
4.49098e-07
3.03464e-07
2.17444e-07
1.63194e-07
1.27999e-07
1.05302e-07
9.10818e-08
8.37754e-08
7.99345e-08
7.65491e-08
7.13495e-08
6.49921e-08
6.10569e-08
5.98373e-08
5.16611e-08
3.85809e-08
2.36712e-08
0
0
0
0
0
0
0
0
0
0
0
0
0
0
0
0
0
0
6.23402e-08
3.9352e-07
8.59379e-07
1.78131e-06
3.85793e-06
7.37389e-06
1.34221e-05
1.87571e-05
1.79245e-05
8.32026e-07
0
0
0
0
0
0
0
0
0
5.40077e-08
8.05573e-07
1.73077e-06
2.06937e-06
2.66366e-06
2.47155e-06
1.90434e-06
1.43495e-06
1.22569e-06
1.39538e-06
1.14596e-06
3.36174e-07
2.02205e-07
5.49244e-08
0
0
0
1.59428e-06
1.9476e-06
0
0
0
0
0
2.81996e-06
4.25408e-06
6.15037e-06
9.75148e-06
7.96398e-06
4.49667e-06
0
0
6.51205e-06
6.60945e-06
5.98523e-06
5.19176e-06
4.12845e-06
3.49981e-06
3.44943e-06
2.93353e-06
3.59893e-06
3.74605e-06
2.6188e-06
1.7974e-06
1.38526e-06
1.20088e-06
1.07948e-06
9.12665e-07
6.85005e-07
4.85841e-07
3.50611e-07
2.54232e-07
1.85547e-07
1.81931e-07
2.4373e-07
2.90522e-07
2.65304e-07
1.65965e-07
5.71395e-08
9.82613e-09
1.89399e-08
4.03562e-08
0
1.80203e-07
4.93363e-07
6.26093e-07
5.63017e-07
4.56489e-07
3.78864e-07
1.4843e-07
1.32471e-08
2.28577e-07
4.59549e-07
9.61407e-07
1.75231e-06
2.32373e-06
1.02846e-06
0
0
0
0
0
0
0
0
0
0
0
0
0
0
0
0
0
0
0
0
9.68252e-08
2.02323e-07
3.05519e-07
3.78083e-07
4.15354e-07
4.37487e-07
4.60347e-07
4.89672e-07
5.03519e-07
4.57683e-07
3.06075e-07
4.9648e-08
0
0
0
0
0
0
0
0
0
0
1.14185e-07
0
1.98995e-11
1.473e-06
1.48994e-06
9.01724e-07
5.38861e-07
3.74038e-07
2.63634e-07
1.95956e-07
1.54708e-07
1.28139e-07
1.10624e-07
1.0062e-07
9.47574e-08
9.01369e-08
8.54061e-08
7.92379e-08
7.24152e-08
6.69128e-08
6.53225e-08
5.97699e-08
4.59423e-08
3.46047e-08
0
0
0
0
0
0
0
0
0
0
0
0
0
0
0
0
0
0
4.64611e-08
5.53408e-07
1.15599e-06
2.05153e-06
3.59397e-06
5.75592e-06
9.11915e-06
1.07463e-05
7.82199e-06
0
0
0
0
0
0
0
0
0
0
9.89446e-08
1.17112e-06
1.90859e-06
2.13366e-06
2.72654e-06
2.20683e-06
1.76281e-06
1.34866e-06
1.15568e-06
1.32472e-06
9.17616e-07
6.22725e-08
2.52236e-08
0
0
0
0
7.90398e-07
3.03851e-06
0
0
0
0
0
4.59051e-06
6.8863e-06
8.92286e-06
1.28009e-05
1.0989e-05
8.01988e-06
0
0
5.40529e-06
6.5142e-06
5.81406e-06
4.78562e-06
3.62997e-06
2.85618e-06
2.50483e-06
1.45282e-06
1.66346e-06
3.44974e-06
2.71478e-06
1.90451e-06
1.45614e-06
1.22236e-06
1.04986e-06
8.5513e-07
6.26634e-07
4.4095e-07
3.29743e-07
2.66191e-07
2.27278e-07
2.2652e-07
2.6045e-07
2.5961e-07
1.80243e-07
4.14568e-08
0
0
2.00876e-08
5.72894e-08
0
6.75759e-08
9.98927e-08
9.44345e-08
3.64857e-08
1.07104e-08
3.9339e-08
3.84681e-08
1.17854e-07
2.57164e-07
3.01948e-07
4.26926e-07
4.71055e-07
2.67891e-07
0
0
0
0
0
0
0
0
0
0
0
0
0
0
0
0
0
0
0
0
0
7.85203e-08
2.41388e-07
3.95358e-07
5.53227e-07
6.72727e-07
7.3786e-07
7.55573e-07
7.38697e-07
6.74255e-07
5.42787e-07
3.1687e-07
2.4271e-08
0
0
0
0
0
0
0
0
0
0
1.50425e-07
0
1.13745e-06
2.11847e-06
1.46336e-06
6.9495e-07
4.24814e-07
3.10654e-07
2.30518e-07
1.81967e-07
1.49633e-07
1.27606e-07
1.15466e-07
1.09524e-07
1.04646e-07
9.90805e-08
9.29414e-08
8.56082e-08
7.7882e-08
7.09322e-08
6.82373e-08
6.55088e-08
5.18881e-08
4.00366e-08
1.36393e-08
0
0
0
0
0
0
0
0
0
0
0
0
0
0
0
0
0
2.99687e-08
6.93347e-07
1.53481e-06
2.44251e-06
3.52976e-06
4.63085e-06
6.01387e-06
6.01394e-06
3.61656e-06
0
0
0
0
0
0
0
0
0
0
2.45187e-07
1.4456e-06
1.79465e-06
2.30524e-06
2.50367e-06
2.04897e-06
1.70007e-06
1.3732e-06
1.20609e-06
1.29328e-06
7.26132e-07
0
0
0
0
0
0
0
3.53861e-06
1.23493e-06
0
0
0
1.98293e-07
6.8196e-06
9.87029e-06
1.17051e-05
1.57973e-05
1.40896e-05
1.09704e-05
5.95923e-06
0
3.40644e-06
6.09143e-06
5.43094e-06
4.30389e-06
3.09685e-06
2.21195e-06
1.49582e-06
0
0
2.82632e-06
2.67403e-06
1.92551e-06
1.45561e-06
1.18452e-06
9.80227e-07
7.70954e-07
5.52296e-07
3.80536e-07
2.84767e-07
2.43026e-07
2.3449e-07
2.54478e-07
2.71294e-07
2.22121e-07
8.65505e-08
0
0
0
2.36786e-08
7.75494e-08
0
0
4.41271e-08
8.81298e-08
6.49406e-08
8.48705e-09
0
0
0
0
4.84046e-08
1.05215e-07
6.74702e-08
0
0
3.86368e-08
1.00835e-07
8.12005e-08
3.50361e-09
0
0
0
0
0
0
0
0
0
0
0
0
0
0
0
0
0
2.07227e-07
4.23281e-07
6.38504e-07
8.71893e-07
1.05561e-06
1.16197e-06
1.15815e-06
1.03534e-06
7.86528e-07
4.15539e-07
0
0
0
0
0
0
0
0
0
0
1.62672e-07
6.36048e-08
2.08863e-07
2.42928e-06
2.23103e-06
1.16476e-06
4.55196e-07
3.3968e-07
2.56449e-07
2.028e-07
1.65441e-07
1.37579e-07
1.22563e-07
1.16995e-07
1.14162e-07
1.09218e-07
1.0151e-07
9.37413e-08
8.62058e-08
7.86051e-08
7.11631e-08
6.70694e-08
6.59504e-08
5.51029e-08
4.18326e-08
2.75874e-08
0
0
0
0
0
0
0
0
0
0
0
0
0
0
0
0
0
3.43048e-08
7.50398e-07
1.80458e-06
2.8394e-06
3.53482e-06
3.818e-06
4.08658e-06
3.48768e-06
1.83441e-06
0
0
0
0
0
0
0
0
0
0
5.20677e-07
1.44648e-06
1.57806e-06
2.34864e-06
2.24109e-06
1.88308e-06
1.63936e-06
1.41447e-06
1.26343e-06
1.1623e-06
5.33361e-07
0
0
0
0
0
0
0
2.33122e-06
3.7428e-06
0
0
0
1.02157e-06
9.28817e-06
1.3206e-05
1.41127e-05
1.80853e-05
1.6556e-05
1.31448e-05
1.44496e-05
0
1.03525e-06
5.25122e-06
4.73698e-06
3.65239e-06
2.4949e-06
1.589e-06
5.23308e-07
0
0
1.96013e-06
2.45984e-06
1.81761e-06
1.35218e-06
1.07061e-06
8.52601e-07
6.50033e-07
4.55999e-07
3.0561e-07
2.23042e-07
1.92412e-07
2.02264e-07
2.50289e-07
2.7275e-07
1.80531e-07
0
0
0
0
3.94723e-08
1.07264e-07
0
0
2.10445e-08
6.91616e-08
7.33137e-08
6.49288e-09
0
0
0
0
0
1.93216e-08
6.20377e-08
5.37769e-08
6.15737e-08
9.90755e-08
1.63972e-07
1.64962e-07
1.02409e-07
4.04931e-08
0
0
0
0
0
0
0
0
0
0
0
0
0
0
0
0
6.36287e-08
3.47208e-07
6.21756e-07
9.09405e-07
1.23153e-06
1.5034e-06
1.63774e-06
1.56363e-06
1.20394e-06
6.09167e-07
0
0
0
0
0
0
0
0
0
0
2.37884e-07
0
2.01834e-06
2.85196e-06
1.99871e-06
6.6845e-07
3.58249e-07
2.85247e-07
2.23556e-07
1.7881e-07
1.45104e-07
1.27508e-07
1.21635e-07
1.20871e-07
1.19107e-07
1.13606e-07
1.03857e-07
9.30668e-08
8.39357e-08
7.60074e-08
6.8671e-08
6.35352e-08
6.26251e-08
5.62393e-08
4.24891e-08
3.14158e-08
0
0
0
0
0
0
0
0
0
0
0
0
0
0
0
0
0
1.10859e-07
8.35539e-07
2.0417e-06
3.22176e-06
3.53392e-06
3.29608e-06
3.01328e-06
2.21133e-06
1.04373e-06
0
0
0
0
0
0
0
0
0
0
8.48416e-07
1.29142e-06
1.98881e-06
2.33938e-06
2.11776e-06
1.79129e-06
1.6032e-06
1.4286e-06
1.20823e-06
8.84882e-07
3.66158e-07
0
0
0
0
0
0
0
0
3.41683e-06
0
0
0
2.13226e-06
1.25858e-05
1.80704e-05
1.74579e-05
2.10404e-05
1.9557e-05
1.60214e-05
2.13821e-05
1.35283e-05
9.44665e-09
4.36178e-06
4.04463e-06
3.07081e-06
2.01615e-06
1.11411e-06
0
0
0
1.30459e-06
2.26873e-06
1.73474e-06
1.27424e-06
9.72447e-07
7.46377e-07
5.57056e-07
3.84068e-07
2.47476e-07
1.7017e-07
1.4089e-07
1.54289e-07
2.21863e-07
2.8521e-07
1.66204e-07
0
0
0
0
9.48779e-08
1.73796e-07
1.09976e-09
7.54407e-10
1.05316e-09
1.04864e-08
1.53263e-08
0
0
0
0
0
0
0
6.9231e-08
1.04999e-07
1.16489e-07
1.40785e-07
1.68007e-07
1.60614e-07
1.14864e-07
6.6332e-08
2.9067e-08
1.08103e-09
0
0
0
0
0
0
0
0
0
0
0
0
0
0
0
1.45848e-07
4.60156e-07
7.8936e-07
1.15839e-06
1.56249e-06
1.93912e-06
2.09429e-06
1.80231e-06
9.75823e-07
0
0
0
0
0
0
0
0
0
2.14121e-07
1.50262e-07
1.0491e-06
3.04672e-06
2.7145e-06
1.37962e-06
3.80329e-07
3.06031e-07
2.44707e-07
1.91236e-07
1.50958e-07
1.28489e-07
1.20912e-07
1.20436e-07
1.20903e-07
1.18337e-07
1.11553e-07
9.98927e-08
8.80281e-08
7.85411e-08
7.06233e-08
6.3367e-08
5.75478e-08
5.56374e-08
5.26766e-08
4.09433e-08
3.0453e-08
2.85319e-10
0
0
0
0
0
0
0
0
0
0
0
0
0
0
0
1.0504e-07
3.49408e-07
1.12087e-06
2.35383e-06
3.27918e-06
3.14162e-06
2.67657e-06
2.1224e-06
1.37121e-06
5.73788e-07
0
0
0
0
0
0
0
0
0
0
9.81989e-07
1.40374e-06
2.20193e-06
2.17076e-06
1.86619e-06
1.53437e-06
1.33454e-06
1.11683e-06
8.02315e-07
5.5722e-07
2.57224e-07
0
0
0
0
0
0
0
0
0
0
0
0
2.45728e-06
1.43212e-05
2.29786e-05
1.97789e-05
2.3008e-05
2.12933e-05
1.7882e-05
2.53515e-05
4.55424e-05
3.41992e-06
3.32319e-06
2.9414e-06
2.17804e-06
1.32717e-06
4.96291e-07
0
0
0
8.60165e-07
1.91277e-06
1.49358e-06
1.06979e-06
7.87747e-07
5.88811e-07
4.31407e-07
2.888e-07
1.7285e-07
1.04931e-07
7.74528e-08
8.56483e-08
1.45103e-07
2.50857e-07
1.74183e-07
0
0
0
0
2.40881e-07
2.69427e-07
1.11138e-09
0
0
0
0
0
0
0
0
0
0
0
2.78085e-08
4.74068e-08
5.45608e-08
8.11313e-08
1.14823e-07
1.04233e-07
7.79097e-08
5.74018e-08
3.96089e-08
3.02856e-08
0
0
0
0
0
0
0
0
0
0
0
0
0
0
0
0
2.14641e-07
5.49941e-07
9.20243e-07
1.33424e-06
1.82213e-06
2.25188e-06
2.31426e-06
1.46265e-06
0
0
0
0
0
0
0
0
1.05731e-07
2.77611e-07
5.45716e-07
2.8474e-06
3.01496e-06
2.15162e-06
5.77411e-07
3.03725e-07
2.48921e-07
1.94006e-07
1.53122e-07
1.27897e-07
1.17319e-07
1.16106e-07
1.17225e-07
1.16395e-07
1.1269e-07
1.04634e-07
9.12209e-08
7.84069e-08
6.95302e-08
6.34793e-08
5.77997e-08
5.23007e-08
4.92813e-08
4.75899e-08
3.90056e-08
2.83461e-08
1.1669e-08
0
0
0
0
0
0
0
0
0
0
0
0
0
0
0
5.36393e-07
9.73357e-07
1.94862e-06
3.10336e-06
3.24138e-06
2.57995e-06
2.01218e-06
1.43777e-06
8.40823e-07
3.04821e-07
0
0
0
0
0
0
0
0
0
2.61123e-07
9.53064e-07
1.83764e-06
2.15165e-06
1.96021e-06
1.53403e-06
1.16351e-06
8.77978e-07
6.83055e-07
5.11477e-07
3.85075e-07
2.28717e-07
0
0
0
0
0
0
0
0
0
0
4.37982e-07
8.39646e-07
2.30141e-06
1.22077e-05
2.97622e-05
2.24562e-05
2.54159e-05
2.32881e-05
1.99426e-05
2.80112e-05
5.18942e-05
1.09966e-05
2.85833e-06
1.88683e-06
1.26177e-06
6.14221e-07
0
0
0
0
7.25506e-07
1.61399e-06
1.24713e-06
8.65048e-07
6.20147e-07
4.55534e-07
3.28283e-07
2.0906e-07
1.08393e-07
4.89422e-08
2.49044e-08
2.76708e-08
6.77029e-08
1.76784e-07
2.17608e-07
0
0
0
0
5.34827e-07
3.57823e-07
1.41481e-09
0
0
0
0
0
2.89768e-10
1.04958e-09
0
0
0
0
0
0
0
6.31891e-09
4.58214e-08
5.65555e-08
7.33545e-08
7.4975e-08
5.43474e-08
3.32628e-08
8.38138e-09
0
0
0
0
0
0
0
0
0
0
0
0
0
0
0
0
1.97983e-07
5.43101e-07
9.37299e-07
1.39667e-06
1.89822e-06
2.289e-06
1.96397e-06
0
0
0
0
0
0
0
4.41015e-08
3.26876e-07
5.43997e-07
2.49886e-06
2.94048e-06
2.5009e-06
1.13514e-06
3.03521e-07
2.44028e-07
1.91027e-07
1.52545e-07
1.26709e-07
1.13143e-07
1.10233e-07
1.11031e-07
1.11205e-07
1.08973e-07
1.04339e-07
9.5604e-08
8.31103e-08
7.07657e-08
6.14718e-08
5.57604e-08
5.14009e-08
4.67997e-08
4.32621e-08
4.16628e-08
3.63652e-08
2.59853e-08
1.58991e-08
0
0
0
0
0
0
0
0
0
0
0
0
0
0
0
1.01241e-06
2.14317e-06
3.27937e-06
3.59871e-06
2.81464e-06
1.92421e-06
1.33766e-06
8.84032e-07
4.77889e-07
1.43745e-07
0
0
0
0
0
0
0
0
0
4.85748e-07
1.26421e-06
2.00556e-06
1.98547e-06
1.61124e-06
1.10812e-06
7.57311e-07
5.46308e-07
4.39519e-07
3.60906e-07
3.11368e-07
2.34591e-07
4.90778e-08
0
0
0
0
0
0
0
0
0
1.7067e-06
1.56636e-06
2.14606e-06
5.96453e-06
3.62375e-05
2.54496e-05
2.77842e-05
2.50817e-05
2.17634e-05
2.91263e-05
4.55065e-05
1.69552e-05
2.91184e-06
8.52591e-07
2.9941e-07
0
0
0
0
0
6.75865e-07
1.28561e-06
9.57291e-07
6.45738e-07
4.56037e-07
3.33191e-07
2.34382e-07
1.32869e-07
4.49069e-08
0
0
0
2.0927e-11
7.57067e-08
1.95912e-07
6.32665e-08
0
0
1.09879e-07
7.87958e-07
3.6841e-07
1.64984e-09
1.05671e-09
0
0
8.50246e-10
1.13534e-09
0
0
0
0
0
0
0
0
0
3.51828e-09
2.34096e-08
5.23674e-08
7.85679e-08
6.8802e-08
4.63309e-08
2.73285e-08
1.11653e-08
0
0
0
0
0
0
0
0
0
0
0
0
0
0
0
0
0
0
1.15678e-07
3.89873e-07
6.64955e-07
8.61577e-07
7.51601e-07
0
0
0
0
0
0
1.99765e-07
4.47149e-07
8.37078e-07
2.29719e-06
2.66028e-06
2.43138e-06
1.58912e-06
3.50078e-07
2.29389e-07
1.8434e-07
1.50178e-07
1.2519e-07
1.09575e-07
1.03969e-07
1.03807e-07
1.03791e-07
1.021e-07
9.89847e-08
9.37214e-08
8.4753e-08
7.4259e-08
6.39057e-08
5.54494e-08
5.00768e-08
4.62115e-08
4.19394e-08
3.79392e-08
3.57109e-08
3.26185e-08
2.39025e-08
1.59519e-08
0
0
0
0
0
0
0
0
0
0
0
0
0
0
0
4.09436e-07
2.16038e-06
2.66495e-06
2.30071e-06
1.6787e-06
1.15516e-06
7.75129e-07
4.81731e-07
2.51698e-07
5.33782e-08
0
0
0
0
0
0
0
0
0
5.65397e-07
1.68207e-06
1.93924e-06
1.68348e-06
1.12007e-06
7.21049e-07
4.83904e-07
3.60713e-07
3.21095e-07
2.99044e-07
2.91863e-07
2.54779e-07
1.03081e-07
0
0
0
0
0
0
0
0
7.42745e-07
2.80027e-06
2.1307e-06
2.21664e-06
2.48811e-06
2.38628e-05
2.82711e-05
2.93024e-05
2.62455e-05
2.29556e-05
2.85255e-05
3.6819e-05
1.78735e-05
3.06641e-06
0
0
0
0
0
0
0
5.66037e-07
9.00553e-07
6.35915e-07
4.20382e-07
2.99117e-07
2.19364e-07
1.43824e-07
5.55965e-08
0
0
0
0
0
0
9.01517e-08
9.11988e-08
0
0
1.55963e-06
7.87799e-07
3.36904e-07
3.56127e-09
4.73868e-09
4.34201e-09
5.54243e-09
4.13098e-09
0
0
0
0
0
0
0
0
0
2.11574e-11
7.38976e-09
9.85789e-09
4.57677e-08
5.35e-08
4.28843e-08
3.36554e-08
2.61949e-08
1.07387e-08
0
0
0
0
0
0
0
0
0
0
0
0
0
0
0
0
0
0
0
0
0
0
0
0
1.37814e-07
2.98851e-07
3.96635e-07
5.28843e-07
7.39887e-07
9.89688e-07
1.54418e-06
2.15936e-06
2.26122e-06
2.09675e-06
1.59962e-06
4.62235e-07
2.14103e-07
1.70469e-07
1.40723e-07
1.1946e-07
1.04792e-07
9.7396e-08
9.56659e-08
9.51825e-08
9.35441e-08
9.08209e-08
8.69309e-08
8.10588e-08
7.28475e-08
6.40731e-08
5.60466e-08
4.94546e-08
4.50256e-08
4.18773e-08
3.7939e-08
3.34887e-08
3.03538e-08
2.79286e-08
2.14283e-08
1.38643e-08
4.30178e-09
0
0
0
0
0
0
0
0
0
0
0
0
0
0
0
6.96501e-07
1.09053e-06
9.58376e-07
7.46518e-07
5.57112e-07
3.8812e-07
2.44551e-07
1.23097e-07
0
0
0
0
0
0
0
0
0
0
1.06529e-06
1.79732e-06
1.71126e-06
1.16137e-06
7.29973e-07
4.58292e-07
3.24744e-07
2.71741e-07
2.71161e-07
2.7923e-07
2.8796e-07
2.80031e-07
1.37635e-07
0
0
0
0
0
0
0
0
2.50424e-06
3.59766e-06
2.56453e-06
2.38869e-06
2.02213e-06
0
2.64631e-05
2.81962e-05
2.60451e-05
2.31667e-05
2.6434e-05
2.8668e-05
1.49812e-05
2.57228e-06
0
0
0
0
0
0
0
3.32188e-07
4.75762e-07
3.12381e-07
2.09038e-07
1.57648e-07
1.15016e-07
5.57976e-08
0
0
0
0
0
0
0
0
1.21552e-08
1.19321e-07
5.93635e-07
1.13164e-06
6.58649e-07
3.01142e-07
1.9522e-08
8.95725e-09
0
0
0
0
0
0
0
0
0
0
0
0
0
0
0
1.44757e-08
2.92648e-08
3.09062e-08
2.40669e-08
1.43914e-08
4.48206e-09
0
0
0
0
0
0
0
0
0
0
0
0
0
0
0
0
0
0
0
0
0
0
9.93154e-09
3.19177e-07
7.54924e-07
1.14082e-06
1.38349e-06
1.54774e-06
1.75462e-06
1.88442e-06
1.82656e-06
1.77077e-06
1.60503e-06
1.33566e-06
5.14057e-07
1.98716e-07
1.51205e-07
1.24693e-07
1.08405e-07
9.74334e-08
9.05156e-08
8.73187e-08
8.59127e-08
8.41633e-08
8.16086e-08
7.86173e-08
7.46725e-08
6.93855e-08
6.3271e-08
5.65428e-08
4.98574e-08
4.41165e-08
4.00619e-08
3.74254e-08
3.42171e-08
2.97242e-08
2.56415e-08
2.30911e-08
1.86028e-08
1.12705e-08
5.99933e-09
0
0
0
0
0
0
0
0
0
0
0
0
0
0
0
0
2.08466e-07
3.07619e-07
2.7765e-07
2.20746e-07
1.57576e-07
9.82305e-08
3.62646e-08
0
0
0
0
0
0
0
0
0
0
1.45792e-06
1.67374e-06
1.2158e-06
7.50853e-07
4.55084e-07
3.01085e-07
2.45079e-07
2.3148e-07
2.47942e-07
2.61733e-07
2.84693e-07
3.01962e-07
1.55341e-07
0
0
0
2.07984e-06
0
0
0
0
3.63289e-06
4.1405e-06
2.87874e-06
2.52035e-06
2.26738e-06
0
5.12431e-06
2.30162e-05
2.36102e-05
2.21134e-05
2.34528e-05
2.18738e-05
1.11553e-05
1.53622e-06
0
0
0
0
0
0
0
0
5.04988e-08
2.42888e-08
3.09371e-08
3.75309e-08
1.99856e-08
0
0
0
0
0
0
0
0
0
0
3.0591e-07
6.98456e-07
8.42671e-07
5.44786e-07
2.71273e-07
2.47283e-08
1.38832e-08
2.41436e-09
0
0
0
0
0
1.71512e-09
4.64688e-09
4.33962e-09
1.12752e-09
0
0
0
0
0
1.76015e-09
1.75066e-08
1.84162e-08
1.15994e-08
5.36738e-09
0
0
0
0
0
0
0
0
0
0
0
0
0
0
0
0
0
0
0
0
0
0
0
0
0
0
2.82832e-07
7.42634e-07
1.04715e-06
1.13785e-06
1.17997e-06
1.21351e-06
1.134e-06
1.01277e-06
4.1912e-07
1.74766e-07
1.27562e-07
1.0505e-07
9.29114e-08
8.60316e-08
8.17155e-08
7.85767e-08
7.62416e-08
7.42121e-08
7.19189e-08
6.94109e-08
6.6763e-08
6.35308e-08
5.9267e-08
5.45249e-08
4.99043e-08
4.503e-08
3.99646e-08
3.56599e-08
3.28394e-08
3.01636e-08
2.60885e-08
2.13921e-08
1.81666e-08
1.50998e-08
9.00479e-09
4.01815e-09
0
0
0
0
0
0
0
0
0
0
0
0
0
0
0
0
0
0
3.20772e-08
4.37396e-08
3.69022e-08
2.70605e-08
2.28194e-08
2.16619e-08
0
0
0
0
0
0
0
0
7.76824e-07
1.52304e-06
1.24279e-06
7.71074e-07
4.53979e-07
2.86692e-07
2.17961e-07
2.02805e-07
2.06199e-07
2.22712e-07
2.42189e-07
2.80227e-07
3.16003e-07
1.64277e-07
0
0
0
3.09834e-06
7.64116e-07
3.76667e-08
0
6.38248e-07
4.30519e-06
4.50437e-06
3.10115e-06
2.5329e-06
2.52249e-06
0
0
1.47502e-05
1.9556e-05
1.96599e-05
1.96755e-05
1.63349e-05
7.85295e-06
6.94649e-07
0
0
0
0
0
0
0
0
0
0
0
0
0
0
0
0
0
0
0
0
0
0
0
3.70077e-07
6.31034e-07
6.98819e-07
4.91382e-07
2.62131e-07
5.48214e-09
0
0
0
0
0
0
0
4.01986e-10
1.72798e-09
0
0
0
0
0
0
0
0
5.91374e-09
9.43122e-09
7.04302e-09
2.46145e-09
0
0
0
0
0
0
0
0
0
0
0
0
0
0
0
0
0
0
0
0
0
0
0
0
0
0
0
0
3.64207e-07
6.12128e-07
7.2446e-07
7.71914e-07
6.17819e-07
2.48816e-07
1.33191e-07
9.84308e-08
8.24221e-08
7.47997e-08
7.11829e-08
6.94674e-08
6.81114e-08
6.61216e-08
6.38729e-08
6.18185e-08
6.00237e-08
5.81899e-08
5.60024e-08
5.32164e-08
4.98956e-08
4.64899e-08
4.32726e-08
3.98551e-08
3.57349e-08
3.13213e-08
2.80658e-08
2.57684e-08
2.24765e-08
1.7708e-08
1.36609e-08
1.10409e-08
6.85787e-09
1.68639e-09
0
0
0
0
0
0
0
0
0
0
0
0
0
0
0
0
0
0
0
0
1.31312e-08
2.99734e-08
2.83084e-08
0
0
0
1.01153e-07
0
0
0
0
0
1.21277e-06
1.20144e-06
7.77435e-07
4.53111e-07
2.71508e-07
1.95347e-07
1.70166e-07
1.72875e-07
1.81738e-07
2.01686e-07
2.25901e-07
2.72497e-07
3.24329e-07
1.78816e-07
0
0
0
2.79278e-06
1.45973e-06
9.39402e-07
7.70127e-07
1.30515e-06
4.68806e-06
4.73646e-06
3.256e-06
2.54068e-06
2.71063e-06
4.19279e-07
0
4.31249e-06
1.55707e-05
1.62312e-05
1.53829e-05
1.14023e-05
4.79776e-06
0
0
0
0
0
0
0
0
0
0
0
0
0
0
0
0
0
0
0
0
0
0
0
0
2.56628e-07
4.78291e-07
5.87709e-07
4.7353e-07
2.80042e-07
0
0
0
0
0
0
0
0
0
0
0
0
0
0
0
0
0
0
5.55529e-10
3.02086e-09
0
0
0
0
0
0
0
0
0
0
0
0
0
0
0
0
0
0
0
0
0
0
0
0
0
0
0
0
0
0
1.22012e-07
2.64437e-07
3.12811e-07
2.15032e-07
1.2761e-07
8.80448e-08
6.87142e-08
6.002e-08
5.68999e-08
5.64027e-08
5.68411e-08
5.69539e-08
5.63508e-08
5.49348e-08
5.29327e-08
5.12572e-08
4.98456e-08
4.8321e-08
4.63586e-08
4.40485e-08
4.19664e-08
4.01979e-08
3.82294e-08
3.5592e-08
3.17561e-08
2.69888e-08
2.30924e-08
2.08393e-08
1.85218e-08
1.45301e-08
1.00235e-08
7.11381e-09
4.47382e-09
2.03992e-10
0
0
0
0
0
0
0
0
0
0
1.95518e-08
8.56611e-08
2.5631e-08
0
0
0
0
0
0
0
0
0
0
0
3.40206e-08
1.57505e-07
0
0
0
0
0
8.01871e-07
1.07905e-06
7.46435e-07
4.4223e-07
2.55369e-07
1.72522e-07
1.43154e-07
1.38259e-07
1.48299e-07
1.64193e-07
1.90856e-07
2.16811e-07
2.65447e-07
3.37759e-07
2.13486e-07
0
0
0
1.9006e-06
1.5926e-06
1.56921e-06
1.37899e-06
1.74235e-06
4.89967e-06
4.9118e-06
3.38117e-06
2.58658e-06
2.62035e-06
2.13853e-06
0
0
1.12284e-05
1.393e-05
1.23206e-05
8.17602e-06
2.82742e-06
0
0
0
0
0
0
0
0
0
0
0
0
0
0
0
0
0
0
0
0
0
0
0
0
9.85858e-08
2.9816e-07
4.5222e-07
4.35655e-07
3.02528e-07
0
0
0
0
3.27264e-09
1.98789e-09
0
0
0
0
0
0
0
0
0
0
0
0
0
0
0
0
0
0
0
0
0
0
0
0
0
0
0
0
0
0
0
0
0
0
0
0
0
0
0
0
0
0
0
0
0
5.73195e-08
6.84752e-08
6.10764e-08
5.20804e-08
4.60495e-08
4.36299e-08
4.43737e-08
4.65826e-08
4.88657e-08
5.0214e-08
5.04247e-08
4.96282e-08
4.77168e-08
4.57999e-08
4.42259e-08
4.28733e-08
4.14927e-08
3.98444e-08
3.81476e-08
3.7057e-08
3.64608e-08
3.5015e-08
3.28035e-08
2.93177e-08
2.43235e-08
1.97176e-08
1.71168e-08
1.53309e-08
1.24784e-08
8.025e-09
4.49204e-09
2.62236e-09
0
0
0
0
0
0
0
0
0
0
0
0
7.59048e-08
5.1102e-08
0
0
0
0
0
0
0
0
0
0
7.3259e-08
1.12397e-07
0
0
0
0
0
5.37054e-07
9.07069e-07
6.70821e-07
4.15081e-07
2.37382e-07
1.51995e-07
1.16862e-07
1.07913e-07
1.12602e-07
1.28657e-07
1.54624e-07
1.86103e-07
2.16475e-07
2.7075e-07
3.6759e-07
2.73576e-07
0
1.55442e-08
0
6.62416e-07
1.36972e-06
1.92156e-06
1.84795e-06
2.01855e-06
5.02718e-06
5.09085e-06
3.52611e-06
2.6572e-06
2.46011e-06
2.70339e-06
0
0
5.16048e-06
1.20043e-05
1.09354e-05
7.06597e-06
2.48539e-06
0
0
0
0
0
0
0
0
0
0
0
0
0
0
0
0
0
0
0
0
0
0
0
0
0
1.47581e-07
3.05417e-07
3.45665e-07
2.87797e-07
0
0
3.69475e-09
1.16508e-08
1.6514e-08
9.97756e-09
0
0
0
0
0
0
0
0
0
0
1.2666e-07
4.35657e-08
5.15428e-09
0
0
0
0
0
0
0
0
0
0
0
0
0
1.64723e-11
8.78131e-10
1.26477e-09
4.69252e-10
0
0
0
0
0
0
0
0
0
0
0
0
3.19896e-09
2.09268e-08
2.92711e-08
3.14526e-08
3.09701e-08
3.02955e-08
3.06072e-08
3.22011e-08
3.46996e-08
3.73337e-08
3.95768e-08
4.06799e-08
4.07234e-08
3.97318e-08
3.7779e-08
3.59699e-08
3.45845e-08
3.36266e-08
3.28465e-08
3.20862e-08
3.11648e-08
3.0105e-08
2.94998e-08
2.92355e-08
2.81177e-08
2.63781e-08
2.35697e-08
1.90026e-08
1.43713e-08
1.18067e-08
1.03661e-08
8.50983e-09
4.88255e-09
1.11453e-09
0
0
0
0
0
0
0
0
0
0
0
0
0
0
0
0
0
0
0
0
0
0
0
9.84036e-09
6.19211e-08
0
0
0
0
0
0
4.46654e-07
7.13073e-07
5.41192e-07
3.55124e-07
2.15295e-07
1.3422e-07
9.38953e-08
7.35316e-08
7.13889e-08
8.15004e-08
1.04364e-07
1.38177e-07
1.75262e-07
2.12783e-07
2.76814e-07
3.92722e-07
3.31221e-07
5.16562e-08
1.60451e-07
0
0
1.10605e-06
2.0591e-06
2.15277e-06
2.09703e-06
4.95992e-06
5.11966e-06
3.59339e-06
2.64273e-06
2.31281e-06
2.41732e-06
1.6623e-06
0
0
7.90828e-06
8.82975e-06
5.87187e-06
2.12909e-06
0
0
0
0
0
0
0
0
0
0
0
0
0
0
0
0
0
0
0
0
0
0
0
0
0
6.02669e-08
2.0269e-07
2.54346e-07
2.42872e-07
1.54648e-10
0
0
0
0
0
0
0
0
0
0
0
0
0
0
0
1.07398e-07
4.19488e-08
0
0
0
0
0
0
0
0
0
2.18569e-09
5.7249e-09
9.11434e-09
1.21341e-08
1.45564e-08
1.6514e-08
1.84382e-08
2.03407e-08
2.16625e-08
2.25399e-08
2.27047e-08
2.16481e-08
1.97467e-08
1.63813e-08
1.25972e-08
1.03368e-08
1.04587e-08
1.35352e-08
1.81063e-08
2.11962e-08
2.15652e-08
2.04491e-08
1.94851e-08
1.91683e-08
1.91308e-08
1.90146e-08
1.88454e-08
1.88588e-08
1.92464e-08
2.0025e-08
2.09184e-08
2.13815e-08
2.10585e-08
1.99657e-08
1.84414e-08
1.6883e-08
1.56157e-08
1.48246e-08
1.44625e-08
1.42763e-08
1.4057e-08
1.35049e-08
1.28137e-08
1.26732e-08
1.3082e-08
1.29963e-08
1.21612e-08
1.01319e-08
6.35074e-09
2.44156e-09
6.86108e-10
1.01247e-10
0
0
0
0
0
0
0
0
0
0
0
0
0
0
0
0
0
0
0
0
0
0
0
0
0
0
0
0
0
0
0
0
0
3.83358e-07
5.37498e-07
4.1236e-07
2.83291e-07
1.96222e-07
1.17193e-07
7.47724e-08
4.54425e-08
3.1416e-08
3.45006e-08
5.0126e-08
8.0753e-08
1.22749e-07
1.68451e-07
2.15336e-07
2.9196e-07
4.16787e-07
3.75179e-07
1.35069e-07
2.38565e-07
0
0
8.70667e-07
2.12381e-06
2.36961e-06
2.02405e-06
4.72384e-06
5.09817e-06
3.67164e-06
2.60196e-06
2.15488e-06
2.08701e-06
2.13337e-06
0
0
2.2744e-06
5.80734e-06
4.09263e-06
1.27066e-06
0
0
0
0
0
0
0
0
0
0
0
0
0
0
0
0
0
0
0
0
0
0
0
0
0
4.20851e-08
1.79412e-07
2.36837e-07
2.3279e-07
0
0
0
0
0
0
0
0
0
0
0
0
0
0
0
0
3.43337e-08
5.87045e-08
0
0
0
0
0
0
0
2.1355e-09
1.06065e-08
1.92527e-08
2.75984e-08
3.50559e-08
4.1249e-08
4.59476e-08
4.94952e-08
5.23251e-08
5.41867e-08
5.51741e-08
5.59156e-08
5.65415e-08
5.6793e-08
5.63762e-08
5.49389e-08
5.25881e-08
5.0406e-08
4.82027e-08
4.45917e-08
3.85636e-08
3.09535e-08
2.3649e-08
1.76983e-08
1.28484e-08
8.49861e-09
4.22479e-09
0
0
0
0
0
0
0
0
0
0
0
0
0
0
0
0
0
0
0
0
0
0
0
0
0
0
0
0
0
0
0
0
0
0
0
0
0
0
0
0
0
0
0
0
0
0
0
0
0
0
0
0
0
0
0
0
0
0
0
2.90461e-07
3.36364e-07
2.60444e-07
1.9188e-07
1.55264e-07
1.28464e-07
4.63513e-08
4.89389e-09
0
0
0
1.87755e-08
5.96026e-08
1.13525e-07
1.73252e-07
2.30789e-07
3.13118e-07
4.31896e-07
4.05075e-07
2.03105e-07
2.89842e-07
0
0
6.22589e-07
2.04882e-06
2.40667e-06
1.70971e-06
4.1719e-06
4.85153e-06
3.63634e-06
2.50672e-06
1.93474e-06
1.70676e-06
1.72867e-06
1.37595e-06
0
0
1.95339e-06
2.405e-06
6.38823e-07
0
0
0
0
0
0
0
0
0
0
0
0
0
0
0
0
0
0
0
0
0
0
0
0
0
7.72586e-08
2.31607e-07
3.16614e-07
3.1006e-07
0
0
0
0
0
0
0
0
0
0
0
0
0
0
0
0
0
0
3.23116e-08
4.03859e-08
3.96506e-08
4.12325e-08
4.50984e-08
4.93787e-08
5.37237e-08
5.89832e-08
6.56996e-08
7.36452e-08
8.20955e-08
9.03832e-08
9.77142e-08
1.03556e-07
1.07718e-07
1.09857e-07
1.09641e-07
1.07351e-07
1.03764e-07
9.94264e-08
9.51816e-08
9.1662e-08
8.88927e-08
8.59865e-08
8.13289e-08
7.34402e-08
6.17675e-08
4.75193e-08
3.31339e-08
1.98711e-08
7.37801e-09
0
0
0
0
0
0
0
0
0
0
0
0
0
0
0
0
0
0
0
0
0
0
0
0
0
0
0
0
0
0
0
0
0
0
0
0
0
0
0
0
0
0
0
0
0
0
0
0
0
0
0
0
0
0
0
0
0
0
0
0
9.36853e-08
1.90848e-07
1.81279e-07
1.40466e-07
1.17481e-07
1.08539e-07
1.09735e-07
1.34578e-07
1.31171e-07
4.92727e-09
0
0
0
0
3.68243e-08
1.21242e-07
2.11386e-07
2.85607e-07
3.65738e-07
4.66103e-07
4.46553e-07
2.79144e-07
3.35758e-07
4.43483e-08
0
3.84352e-07
1.88327e-06
2.29843e-06
1.26926e-06
3.46278e-06
4.54786e-06
3.60847e-06
2.50881e-06
1.7436e-06
1.38864e-06
1.23033e-06
1.15286e-06
4.88013e-07
0
0
0
0
0
0
0
0
0
0
0
0
0
0
0
0
0
0
0
0
0
0
0
0
0
0
0
0
0
1.23759e-07
3.0493e-07
4.37554e-07
4.47756e-07
0
0
0
0
0
0
0
0
0
0
0
0
0
0
0
0
0
0
0
0
3.06957e-08
6.297e-08
8.36344e-08
9.52077e-08
1.01592e-07
1.06481e-07
1.12414e-07
1.20217e-07
1.30258e-07
1.41555e-07
1.52163e-07
1.61352e-07
1.6833e-07
1.72284e-07
1.7299e-07
1.7057e-07
1.65371e-07
1.58493e-07
1.51328e-07
1.44501e-07
1.38194e-07
1.31353e-07
1.20954e-07
1.05216e-07
8.52461e-08
6.31485e-08
3.9965e-08
1.6424e-08
0
0
0
0
0
0
0
0
0
0
0
0
0
0
0
0
0
0
0
0
0
0
0
0
0
0
0
0
0
0
0
0
0
0
0
0
0
0
0
0
0
0
0
0
0
0
0
0
0
0
0
1.39482e-09
1.283e-07
2.22502e-07
2.69222e-07
2.56375e-07
1.98295e-07
1.28176e-07
8.90754e-08
9.64962e-08
1.08581e-07
1.04737e-07
8.82853e-08
6.95821e-08
6.76564e-08
7.72319e-08
8.33221e-08
9.85775e-08
1.45982e-07
1.50307e-07
5.65185e-08
0
0
0
0
2.21513e-08
1.7056e-07
3.09771e-07
3.95993e-07
4.48808e-07
5.0928e-07
4.84115e-07
3.54035e-07
3.7221e-07
1.406e-07
0
1.87309e-07
1.61818e-06
2.08541e-06
8.46748e-07
2.68211e-06
4.18164e-06
3.56904e-06
2.58485e-06
1.75195e-06
1.18953e-06
9.12812e-07
7.11372e-07
4.83118e-07
0
0
0
0
0
0
0
0
0
0
0
0
0
0
0
0
0
0
0
0
0
0
0
0
0
0
0
0
0
1.21874e-07
3.11331e-07
4.77609e-07
5.13632e-07
0
0
0
0
3.88283e-08
4.33648e-08
1.79371e-08
0
0
0
0
0
0
0
0
0
0
0
0
0
3.41957e-08
6.72622e-08
9.27044e-08
1.12441e-07
1.28269e-07
1.41924e-07
1.5484e-07
1.67893e-07
1.81434e-07
1.95255e-07
2.08177e-07
2.18688e-07
2.25553e-07
2.27887e-07
2.262e-07
2.22305e-07
2.17581e-07
2.12108e-07
2.05585e-07
1.97569e-07
1.86602e-07
1.70374e-07
1.47776e-07
1.19884e-07
8.82137e-08
5.45798e-08
2.13565e-08
0
0
0
0
0
0
0
0
0
0
0
0
0
0
0
0
0
0
0
0
0
0
0
0
0
0
0
0
0
0
0
0
0
0
0
0
0
0
0
0
0
0
0
0
0
0
0
0
0
0
1.80353e-08
9.00625e-08
2.05398e-07
3.09144e-07
3.58355e-07
3.60231e-07
3.26767e-07
2.71133e-07
2.0359e-07
1.4801e-07
1.06659e-07
7.65045e-08
5.83566e-08
4.72497e-08
4.32317e-08
5.36664e-08
6.41435e-08
6.46387e-08
8.54842e-08
1.2495e-07
8.23403e-08
0
0
0
0
0
2.01431e-07
4.34088e-07
6.1141e-07
6.35987e-07
5.93518e-07
5.80487e-07
5.22719e-07
4.11321e-07
3.83073e-07
1.70723e-07
0
3.56113e-08
1.3571e-06
1.88452e-06
5.78499e-07
1.83379e-06
3.72164e-06
3.51391e-06
2.67163e-06
1.91457e-06
1.23509e-06
7.92975e-07
5.22461e-07
2.93033e-07
3.6277e-08
0
0
0
0
0
0
0
0
0
0
0
0
0
0
0
0
0
0
0
0
0
0
0
0
0
0
0
0
6.94963e-08
2.62098e-07
4.69539e-07
5.10808e-07
0
0
0
0
0
0
0
0
0
0
0
1.60961e-09
6.08774e-08
9.89745e-08
1.19645e-07
1.30841e-07
1.39327e-07
1.47331e-07
1.54471e-07
1.59983e-07
1.62828e-07
1.619e-07
1.58685e-07
1.57474e-07
1.62212e-07
1.74351e-07
1.92383e-07
2.13584e-07
2.35883e-07
2.56165e-07
2.72652e-07
2.8413e-07
2.89714e-07
2.8917e-07
2.83567e-07
2.75165e-07
2.6605e-07
2.57166e-07
2.48467e-07
2.39059e-07
2.27394e-07
2.12171e-07
1.92547e-07
1.67776e-07
1.38149e-07
1.05401e-07
7.12878e-08
3.60548e-08
0
0
0
0
0
0
0
0
0
0
0
0
0
0
0
0
0
0
0
0
0
0
0
0
0
0
0
0
0
0
0
0
0
0
0
0
0
0
0
0
0
0
0
0
6.87576e-10
1.5242e-08
2.61692e-08
3.44609e-08
4.56971e-08
6.56699e-08
1.01639e-07
1.67152e-07
2.24913e-07
2.43739e-07
2.36336e-07
2.1592e-07
1.81633e-07
1.42551e-07
1.12047e-07
8.69242e-08
6.62276e-08
5.21712e-08
3.85431e-08
3.23169e-08
3.90594e-08
3.49311e-08
2.01439e-08
2.10453e-08
0
0
0
0
0
0
4.62908e-07
8.18615e-07
1.11644e-06
1.25103e-06
1.084e-06
8.60151e-07
7.03876e-07
5.34011e-07
3.90847e-07
3.37931e-07
1.31529e-07
0
0
1.17106e-06
1.92048e-06
7.66107e-07
1.04014e-06
3.01639e-06
3.33986e-06
2.64805e-06
2.02487e-06
1.43455e-06
8.72283e-07
4.85133e-07
2.472e-07
5.58096e-08
0
0
0
0
0
0
0
0
0
0
0
0
0
0
0
0
0
0
0
0
0
0
0
0
0
0
0
0
1.29378e-08
1.87776e-07
4.23792e-07
4.51428e-07
0
0
0
0
0
0
0
0
0
0
0
0
0
0
4.38192e-08
1.04278e-07
1.63737e-07
2.14583e-07
2.51893e-07
2.7346e-07
2.78834e-07
2.68895e-07
2.44757e-07
2.1242e-07
1.82332e-07
1.63388e-07
1.6183e-07
1.77325e-07
2.0324e-07
2.3167e-07
2.59395e-07
2.81632e-07
2.95327e-07
2.99932e-07
2.95894e-07
2.84705e-07
2.68002e-07
2.47386e-07
2.30123e-07
2.25561e-07
2.35742e-07
2.4736e-07
2.4187e-07
2.20353e-07
1.90899e-07
1.6128e-07
1.35101e-07
1.08977e-07
7.7086e-08
3.5222e-08
0
0
0
0
0
0
0
0
0
0
0
0
0
0
0
0
0
0
0
0
0
0
0
0
0
0
0
0
0
0
0
0
0
0
0
0
0
0
0
0
0
0
0
8.9728e-09
3.39358e-08
5.83683e-08
8.15975e-08
1.01886e-07
1.21561e-07
1.43897e-07
1.60742e-07
1.64408e-07
1.58457e-07
1.47847e-07
1.3037e-07
1.09582e-07
9.09991e-08
7.19157e-08
5.13844e-08
3.52862e-08
1.64006e-08
8.26283e-09
9.20353e-09
0
0
0
0
0
0
0
0
0
0
0
1.78032e-07
1.13631e-06
1.34025e-06
1.19129e-06
9.37261e-07
6.40676e-07
4.53277e-07
3.51415e-07
1.34183e-07
0
7.96304e-08
1.56805e-06
3.15972e-06
2.39943e-06
1.33452e-06
2.51016e-06
3.36387e-06
2.87944e-06
2.26911e-06
1.7725e-06
1.17911e-06
6.72289e-07
3.19018e-07
9.35765e-08
0
0
0
0
0
0
0
0
0
0
0
0
0
0
0
0
0
0
0
0
0
0
0
0
0
0
0
0
0
0
1.73513e-07
0
2.69827e-07
2.75935e-07
2.27952e-07
1.3562e-07
4.59859e-09
0
0
0
0
0
0
0
3.06144e-08
4.51899e-08
4.38154e-08
4.66103e-08
6.07054e-08
8.3736e-08
1.09424e-07
1.30958e-07
1.42527e-07
1.40385e-07
1.25047e-07
1.01511e-07
7.79702e-08
6.19282e-08
5.70292e-08
6.35518e-08
8.04995e-08
1.07668e-07
1.44825e-07
1.86081e-07
2.25714e-07
2.57753e-07
2.77002e-07
2.78709e-07
2.56035e-07
2.08137e-07
1.52027e-07
1.06592e-07
9.30992e-08
9.40838e-08
4.35689e-08
0
0
0
0
0
1.31693e-08
1.08001e-07
1.59303e-07
1.37277e-07
5.75173e-08
0
0
0
0
0
0
0
0
0
0
0
0
0
0
0
0
0
0
0
0
0
0
0
0
0
0
0
0
0
0
0
0
0
0
0
0
0
0
0
0
3.01721e-09
1.58227e-08
3.12894e-08
4.81679e-08
6.56824e-08
8.06436e-08
9.23504e-08
9.88208e-08
9.8595e-08
9.51708e-08
8.44631e-08
6.67272e-08
5.26197e-08
4.11856e-08
2.39711e-08
8.72021e-09
0
0
0
0
0
0
0
0
0
0
0
0
0
0
0
0
0
2.67976e-07
6.57646e-07
5.54664e-07
3.50107e-07
2.88013e-07
2.70796e-07
1.88198e-07
0
6.18943e-07
2.66998e-06
5.32977e-06
4.8587e-06
3.04698e-06
2.34145e-06
3.6349e-06
3.45265e-06
2.81629e-06
2.29404e-06
1.67795e-06
1.10059e-06
5.81728e-07
2.23337e-07
0
0
0
0
0
0
0
0
0
0
0
0
0
0
0
0
0
0
0
0
0
0
0
0
0
0
0
0
0
0
0
0
2.38076e-07
2.11317e-07
1.42068e-07
6.37913e-08
0
0
0
0
0
0
0
0
0
0
0
1.92913e-08
4.49945e-08
5.09245e-08
4.22854e-08
2.98053e-08
2.32574e-08
2.68803e-08
3.78978e-08
4.95664e-08
5.63149e-08
5.66554e-08
5.26491e-08
4.80826e-08
4.75104e-08
5.6337e-08
8.02418e-08
1.23119e-07
1.83849e-07
2.52494e-07
3.10563e-07
3.34408e-07
2.98077e-07
1.85731e-07
8.64982e-09
0
0
0
0
0
0
0
0
0
1.04764e-07
2.06669e-07
2.11318e-07
1.57849e-07
7.23035e-08
0
0
0
0
0
0
0
0
0
0
0
0
0
0
0
0
0
0
0
0
0
0
0
0
0
0
0
0
0
0
0
0
0
9.90031e-10
0
0
0
0
0
0
0
0
6.75168e-09
1.52233e-08
2.10393e-08
2.44111e-08
2.94268e-08
3.18265e-08
3.17449e-08
2.86506e-08
8.72512e-09
0
0
0
0
0
0
0
0
0
0
0
0
0
1.76726e-07
5.40791e-07
3.4932e-07
0
0
0
0
0
0
0
6.83861e-08
0
0
0
0
1.91804e-07
2.64637e-07
1.56209e-06
3.94511e-06
6.96959e-06
5.98777e-06
4.26411e-06
2.56677e-06
4.0407e-06
4.3436e-06
3.80177e-06
3.19038e-06
2.58063e-06
1.87363e-06
1.20737e-06
6.07074e-07
6.25426e-08
0
0
0
0
0
0
0
0
0
0
0
0
0
0
0
0
0
0
0
0
0
0
0
0
0
0
0
0
0
0
0
2.42237e-07
1.90553e-07
1.25916e-07
6.32786e-08
6.00247e-09
0
0
0
0
0
0
0
0
0
2.71711e-08
8.13686e-08
1.13548e-07
1.20196e-07
1.05605e-07
7.83835e-08
4.80732e-08
2.31453e-08
8.22287e-09
3.70308e-09
7.41861e-09
1.60985e-08
2.65225e-08
3.61358e-08
4.39996e-08
5.22796e-08
6.8089e-08
1.0432e-07
1.73377e-07
2.67015e-07
3.44643e-07
3.65768e-07
3.2895e-07
2.58617e-07
1.77278e-07
9.55146e-08
1.50853e-08
0
0
0
0
0
0
0
0
6.33494e-08
1.36121e-07
1.94747e-07
2.23548e-07
2.0884e-07
1.62911e-07
1.16043e-07
8.1847e-08
5.15777e-08
1.85265e-08
0
0
0
0
0
0
0
0
0
0
0
0
0
0
0
0
0
0
0
0
0
0
0
0
0
0
0
0
1.97321e-10
0
0
0
0
0
0
0
0
0
0
0
0
0
0
0
0
0
0
0
0
0
0
2.62517e-09
1.20452e-07
3.01802e-09
0
0
0
2.64823e-07
7.25607e-07
7.20913e-07
0
0
0
0
0
0
0
0
0
0
0
0
0
0
3.48539e-07
2.03349e-06
3.84577e-06
5.77684e-06
3.23353e-06
9.13471e-07
1.10642e-06
3.47374e-06
4.58688e-06
4.68879e-06
4.28179e-06
3.73759e-06
2.99405e-06
2.20076e-06
1.32459e-06
3.63967e-07
0
0
0
0
0
0
0
0
0
0
0
0
0
0
0
0
0
0
0
0
0
0
0
0
0
0
0
0
0
1.74971e-08
0
1.12977e-07
8.71822e-08
4.5235e-08
0
0
0
0
0
0
0
0
0
0
0
1.57897e-08
4.67394e-08
6.96933e-08
8.07812e-08
7.77929e-08
6.07491e-08
3.21067e-08
0
0
0
0
0
0
0
0
3.66141e-08
7.23277e-08
1.00515e-07
1.22686e-07
1.45753e-07
1.70783e-07
1.93959e-07
2.10706e-07
2.18242e-07
2.15045e-07
1.97669e-07
1.57638e-07
8.62693e-08
0
0
0
0
0
0
0
6.05797e-08
1.59095e-07
2.21092e-07
2.32495e-07
2.03827e-07
1.60193e-07
1.17137e-07
7.63279e-08
3.68484e-08
2.49103e-09
0
0
0
0
0
0
0
0
0
0
4.22424e-09
1.72227e-08
2.73806e-08
2.98967e-08
2.38546e-08
1.48625e-08
9.91211e-09
1.11377e-08
1.5528e-08
1.87642e-08
1.86875e-08
1.56621e-08
1.05595e-08
4.20307e-09
0
0
0
0
0
5.32482e-09
1.15842e-08
5.05966e-09
0
0
0
0
0
0
0
0
0
0
0
0
0
0
0
0
0
0
0
5.20294e-08
6.28943e-08
0
0
0
0
3.55855e-07
9.65257e-07
5.3447e-07
0
0
0
0
0
3.51002e-07
1.22271e-07
0
0
0
0
0
0
0
0
1.18865e-06
1.86363e-06
1.65364e-06
0
0
1.95504e-07
3.34387e-06
4.26035e-06
5.10201e-06
5.27444e-06
5.09323e-06
4.58357e-06
3.78057e-06
2.67678e-06
1.09141e-06
0
0
0
0
0
0
0
0
0
0
0
0
0
0
0
0
0
0
0
0
0
0
0
0
0
0
0
0
0
2.8518e-08
0
7.33728e-08
6.18117e-08
1.96793e-08
0
0
0
0
0
0
0
0
0
0
0
0
0
8.60597e-09
1.61598e-08
1.66329e-08
1.00125e-08
0
0
0
0
0
0
0
0
0
2.51179e-08
4.86442e-08
6.40881e-08
7.03247e-08
6.96261e-08
6.60744e-08
6.30669e-08
6.18464e-08
6.12199e-08
5.77991e-08
4.69247e-08
2.58062e-08
0
0
0
0
6.61049e-09
5.69185e-08
1.32609e-07
2.32023e-07
3.23992e-07
3.69308e-07
3.64947e-07
3.28285e-07
2.73053e-07
2.08443e-07
1.44508e-07
9.04938e-08
5.37545e-08
3.61316e-08
3.42749e-08
4.37437e-08
6.06555e-08
8.0262e-08
9.72303e-08
1.08386e-07
1.14953e-07
1.21244e-07
1.29098e-07
1.3914e-07
1.52628e-07
1.70623e-07
1.92285e-07
2.07021e-07
2.05793e-07
1.95395e-07
1.8862e-07
1.88469e-07
1.89068e-07
1.86407e-07
1.75045e-07
1.52687e-07
1.21127e-07
9.01623e-08
7.30254e-08
7.19487e-08
7.73852e-08
7.68237e-08
6.50358e-08
4.75633e-08
2.98391e-08
8.29216e-09
0
0
0
0
0
0
0
0
0
0
0
0
0
0
3.2997e-09
0
5.10288e-09
1.93359e-08
3.71082e-09
0
0
0
0
0
0
9.85162e-07
1.66425e-06
9.25892e-07
1.12265e-07
0
0
0
7.50161e-07
1.247e-06
9.64451e-08
0
0
0
0
0
0
0
0
0
0
0
0
0
1.80241e-06
4.11682e-06
4.61431e-06
5.19594e-06
5.70636e-06
5.95027e-06
5.81906e-06
5.38828e-06
4.48556e-06
2.40531e-06
0
0
0
0
0
0
0
0
0
0
0
0
0
0
0
0
0
0
0
0
0
0
0
0
0
0
0
4.70223e-09
0
2.47409e-08
0
8.5035e-09
0
0
0
0
0
0
0
0
0
0
0
0
0
0
0
0
0
0
0
0
0
0
0
0
0
0
0
0
0
0
0
0
0
0
0
0
0
0
0
0
0
0
0
0
1.02683e-09
7.94345e-09
1.48937e-08
2.15104e-08
2.60374e-08
2.78088e-08
2.65694e-08
2.32419e-08
1.92059e-08
1.59344e-08
1.44597e-08
1.38533e-08
1.2824e-08
1.12313e-08
1.02489e-08
1.03001e-08
1.13041e-08
1.27174e-08
1.40364e-08
1.51983e-08
1.57513e-08
1.74894e-08
1.94639e-08
2.0049e-08
2.06223e-08
2.2601e-08
2.63636e-08
3.14108e-08
3.67271e-08
4.02023e-08
4.00448e-08
3.65998e-08
3.11958e-08
2.55646e-08
2.10813e-08
1.71674e-08
1.25863e-08
7.49743e-09
3.63656e-09
2.65073e-09
5.35707e-09
9.15713e-09
1.01514e-08
8.41865e-09
3.91829e-09
0
0
0
0
0
0
0
0
0
0
0
5.07702e-09
0
0
1.86884e-08
3.3369e-08
1.58709e-08
2.62605e-08
0
0
0
0
0
0
0
0
3.37279e-06
3.91292e-06
2.61494e-06
1.35222e-06
0
0
0
1.97755e-06
1.43746e-06
0
0
0
0
0
0
0
0
0
0
0
0
0
0
4.49047e-06
5.24333e-06
4.97909e-06
5.33953e-06
5.78614e-06
6.13764e-06
6.17412e-06
6.00289e-06
5.54359e-06
3.80534e-06
0
0
0
0
0
0
0
0
0
0
0
0
0
0
0
0
0
0
0
0
0
0
0
0
0
0
0
5.07289e-09
0
1.81367e-08
0
3.05559e-08
3.17967e-08
2.63243e-08
1.64986e-08
3.56712e-09
0
0
0
0
0
0
0
0
0
0
0
0
0
0
0
0
0
0
0
0
0
0
0
0
0
0
0
0
0
0
0
0
0
0
0
0
1.41687e-10
0
0
0
0
0
0
0
0
1.00175e-09
1.83756e-09
2.26866e-09
2.55635e-09
3.20381e-09
4.42629e-09
5.88646e-09
6.67362e-09
5.9248e-09
3.73947e-09
8.70167e-10
0
0
0
0
0
0
5.32274e-10
2.04787e-09
2.80538e-09
3.7151e-09
4.97315e-09
6.36658e-09
7.57184e-09
8.22197e-09
8.1274e-09
7.38455e-09
6.26882e-09
5.00113e-09
3.64137e-09
2.26829e-09
9.92607e-10
2.0183e-10
3.35221e-11
3.13135e-10
1.00146e-09
1.35678e-09
1.50937e-09
2.10385e-09
2.73385e-09
4.29623e-09
5.25374e-09
5.10661e-09
5.02055e-09
3.67072e-09
1.0572e-09
0
0
0
0
3.27118e-09
2.71759e-08
4.23512e-09
0
1.94815e-08
5.67961e-10
0
0
0
0
0
0
0
0
0
0
1.85123e-06
5.42538e-06
4.57915e-06
3.43381e-06
1.3259e-06
0
0
2.788e-06
2.84793e-07
0
0
0
0
0
0
0
0
0
0
0
0
0
2.31956e-06
7.70049e-06
6.97622e-06
4.51389e-06
4.53345e-06
5.14852e-06
5.68348e-06
5.89623e-06
5.79549e-06
5.44315e-06
4.36153e-06
0
0
0
0
0
0
0
0
0
0
0
0
0
0
0
0
0
0
0
0
0
0
0
0
0
0
0
2.93288e-09
0
1.0134e-08
0
0
0
0
0
0
0
0
0
0
0
0
0
0
0
0
0
0
0
0
0
0
0
0
0
0
0
0
1.22589e-10
7.64608e-10
1.45118e-09
2.13725e-09
2.66033e-09
2.9228e-09
2.84607e-09
2.35002e-09
1.73865e-09
9.12922e-10
0
0
0
0
0
8.66835e-10
1.67604e-09
1.91541e-09
1.78401e-09
7.85073e-10
0
0
0
0
3.88647e-10
1.76389e-09
2.55041e-09
2.33717e-09
9.73943e-10
0
0
0
0
0
0
0
0
0
0
0
0
0
0
0
0
0
3.19954e-10
1.04583e-09
1.71322e-09
2.11975e-09
2.29675e-09
2.27478e-09
2.11004e-09
1.984e-09
2.17174e-09
2.90552e-09
3.93795e-09
4.89004e-09
5.5277e-09
5.58665e-09
5.73645e-09
6.09542e-09
6.41124e-09
7.30945e-09
7.18654e-09
6.58645e-09
6.27993e-09
4.43826e-09
2.45612e-09
2.09013e-09
0
0
0
8.01966e-09
2.36427e-08
0
0
0
0
0
0
0
0
0
0
0
0
0
0
3.98441e-06
7.46244e-06
5.01769e-06
3.85696e-06
3.57168e-06
1.44589e-06
0
1.0483e-06
0
0
0
0
0
0
0
0
0
0
0
0
0
0
4.66645e-06
1.11435e-05
9.22962e-06
4.83094e-06
3.57198e-06
3.28249e-06
3.33107e-06
3.51183e-06
3.46219e-06
2.86052e-06
1.63339e-06
0
0
0
0
0
0
0
0
0
0
0
0
0
0
0
0
0
0
0
0
0
0
0
0
0
0
0
7.25218e-10
0
4.93048e-09
0
0
0
0
0
0
0
0
0
0
0
0
0
0
0
0
0
0
0
0
0
0
0
0
0
0
0
0
0
0
0
0
0
0
1.61416e-09
3.42699e-09
5.0566e-09
5.14947e-09
2.70116e-09
0
0
0
0
0
0
0
0
0
0
0
0
0
0
0
0
0
0
0
0
0
0
0
0
0
0
0
0
0
0
0
0
0
0
0
0
0
1.07227e-09
2.487e-09
3.61437e-09
4.56677e-09
5.45259e-09
6.39983e-09
7.5316e-09
8.86203e-09
1.01062e-08
1.10374e-08
1.15221e-08
1.14861e-08
1.1415e-08
1.11813e-08
1.07284e-08
1.07671e-08
1.02072e-08
8.56764e-09
6.07665e-09
1.61248e-09
0
0
0
0
0
0
0
0
0
0
0
0
0
0
0
0
0
0
0
0
0
5.77662e-06
1.33488e-05
9.8978e-06
3.48998e-06
1.31753e-06
2.76719e-07
1.04988e-08
0
0
0
0
0
0
0
0
0
0
0
0
0
2.5133e-07
4.71291e-08
2.53856e-07
1.87356e-06
3.32376e-06
2.6622e-06
2.75971e-06
3.42771e-06
2.52722e-06
1.12351e-06
2.21548e-07
2.48613e-08
0
0
0
0
0
0
0
0
0
0
0
0
0
0
0
0
0
0
0
0
0
0
0
0
0
0
0
0
0
0
1.92018e-09
0
0
0
0
0
0
0
0
0
0
0
0
0
0
0
0
0
0
0
0
0
0
0
0
0
0
0
0
0
0
0
0
0
0
0
2.9687e-09
6.52707e-09
8.65657e-09
7.56056e-09
2.14747e-09
0
0
0
0
0
0
0
0
0
0
0
0
0
0
0
0
0
0
0
7.79937e-10
4.16717e-09
7.63594e-09
1.06694e-08
1.23271e-08
1.12608e-08
8.07202e-09
3.39988e-09
0
0
0
0
0
0
0
0
0
3.27071e-09
6.40825e-09
9.17758e-09
1.16555e-08
1.38925e-08
1.57908e-08
1.73816e-08
1.86332e-08
1.93881e-08
1.9589e-08
1.9341e-08
1.86924e-08
1.78649e-08
1.67407e-08
1.54119e-08
1.46859e-08
1.37974e-08
1.0651e-08
4.84186e-09
0
0
0
0
0
0
0
0
0
0
0
0
0
0
0
2.99729e-07
2.38611e-07
0
0
0
0
0
8.96958e-07
4.92725e-06
1.43271e-05
4.13658e-06
2.95373e-07
5.93123e-09
0
0
0
0
0
0
0
0
0
0
0
0
0
2.78787e-07
3.87038e-07
7.91251e-08
0
1.95092e-07
3.67703e-07
3.631e-07
5.69842e-07
1.58378e-06
3.59881e-06
6.31533e-07
2.26732e-08
0
0
0
0
0
0
0
0
0
0
0
0
0
0
0
0
0
0
0
0
0
0
0
0
0
0
0
0
0
0
0
3.48719e-10
0
0
0
0
0
0
0
0
0
0
0
0
0
0
0
0
0
0
0
0
0
0
0
0
0
0
0
0
0
0
0
0
0
0
0
1.55761e-09
6.30146e-09
1.48243e-08
2.23882e-08
1.90544e-08
6.27571e-09
0
0
0
0
0
0
0
0
0
0
0
0
0
0
0
0
0
4.61571e-09
2.13859e-08
3.52364e-08
4.56003e-08
5.18847e-08
5.23256e-08
4.39325e-08
2.74631e-08
6.553e-09
0
0
0
0
0
0
0
0
0
2.28803e-09
9.19529e-09
1.4559e-08
1.83835e-08
2.07833e-08
2.20244e-08
2.23999e-08
2.22063e-08
2.15505e-08
2.04838e-08
1.91757e-08
1.72378e-08
1.50947e-08
1.33482e-08
1.1639e-08
1.02552e-08
8.46542e-09
5.22875e-09
1.61711e-09
0
0
0
0
0
0
0
0
0
0
2.01088e-07
1.80332e-07
0
0
0
3.72783e-07
2.04003e-07
5.03835e-08
0
0
0
0
3.14311e-07
1.82319e-06
6.96666e-06
3.01886e-06
8.30643e-08
0
0
0
0
0
0
0
0
0
0
0
0
0
0
5.54058e-07
4.67769e-07
8.3992e-08
0
1.68735e-08
7.00016e-08
9.07161e-08
1.6281e-07
4.32339e-07
1.76294e-06
2.50279e-07
0
0
0
0
0
0
0
0
0
0
0
0
0
0
0
0
0
0
0
0
0
0
0
0
0
0
0
0
0
0
0
0
0
0
6.30334e-09
5.40425e-09
1.25434e-08
1.56263e-08
1.49196e-08
1.29376e-08
1.10115e-08
8.98151e-09
7.47344e-09
6.07723e-09
5.01299e-09
3.98206e-09
3.24686e-09
2.39296e-09
1.95927e-09
1.08359e-09
1.00731e-09
0
3.62051e-10
0
1.25623e-10
0
3.55016e-10
0
0
3.22232e-09
1.5142e-09
4.36343e-09
5.11995e-09
4.85095e-09
4.03447e-09
3.72592e-09
3.08914e-09
2.86331e-09
2.3945e-09
2.22634e-09
1.86488e-09
1.7209e-09
1.36379e-09
1.27096e-09
8.58008e-10
8.91116e-10
2.98487e-10
5.99393e-10
0
5.03782e-10
0
7.52414e-10
0
0
2.92667e-09
0
1.98152e-09
3.35678e-09
2.91811e-09
2.3853e-09
1.99897e-09
1.65483e-09
1.43036e-09
1.21018e-09
1.1272e-09
9.76181e-10
9.69119e-10
8.24394e-10
8.53982e-10
6.76444e-10
7.70151e-10
4.90542e-10
7.27202e-10
2.18074e-10
7.92605e-10
0
1.07927e-09
0
0
2.84469e-09
0
0
0
0
2.98972e-10
9.27244e-10
1.23396e-09
1.31662e-09
1.24592e-09
1.18398e-09
1.05591e-09
9.95811e-10
8.55601e-10
8.55758e-10
7.13885e-10
8.33927e-10
6.09187e-10
9.37588e-10
4.63529e-10
1.21421e-09
1.79157e-10
1.76052e-09
0
9.99427e-10
5.70159e-09
0
0
0
0
0
0
0
0
0
0
0
0
0
0
0
0
0
0
0
0
0
0
0
0
0
0
0
0
0
0
0
0
0
0
0
0
0
0
0
0
0
0
0
0
0
0
0
0
0
0
0
0
0
0
0
0
0
0
0
0
0
0
0
0
0
0
0
0
0
0
0
0
0
0
0
0
0
0
0
0
0
0
0
0
0
0
0
0
0
0
0
0
0
0
0
0
0
0
0
0
0
0
0
0
0
0
0
0
0
0
0
0
0
0
0
0
0
0
0
0
0
0
0
0
0
0
0
0
0
0
0
0
0
0
0
0
0
0
0
0
0
0
0
0
0
0
0
0
0
0
0
0
0
0
0
0
0
0
0
0
0
0
0
0
0
0
0
0
0
0
0
0
0
0
0
0
0
0
0
0
0
0
0
0
0
0
0
0
0
0
0
0
0
0
0
0
0
0
0
0
0
0
0
0
0
0
0
0
0
0
0
0
0
0
0
0
0
0
0
0
0
0
0
0
0
0
0
0
0
0
0
0
0
0
0
0
0
0
0
0
0
0
0
0
0
0
0
0
0
0
0
0
0
0
0
0
0
0
0
0
0
0
0
0
0
0
0
0
0
0
0
0
0
0
0
0
0
0
0
0
0
0
0
0
0
0
0
0
0
0
0
0
0
0
0
0
0
0
0
0
0
0
0
0
0
0
0
0
0
0
0
0
0
0
0
0
0
0
0
0
0
0
0
0
0
0
0
0
0
0
0
0
0
0
0
0
0
0
0
0
0
0
0
0
0
0
0
0
0
0
0
0
0
0
0
0
0
0
0
0
0
0
0
0
0
0
0
0
0
0
0
0
0
0
0
0
0
0
0
0
0
0
0
0
0
0
0
0
0
0
0
0
0
0
0
0
0
0
0
1.33389e-08
0
0
0
0
0
0
0
0
0
0
0
0
0
0
0
0
0
0
0
0
0
0
0
0
6.4753e-08
1.41629e-08
0
0
0
0
0
0
0
0
0
0
0
0
0
0
0
0
0
0
0
0
0
0
0
7.59848e-08
6.4374e-08
0
0
0
0
0
0
0
0
0
0
0
0
0
0
0
0
0
0
0
0
0
0
0
7.9634e-08
8.7404e-08
4.59017e-08
0
0
0
0
0
0
0
0
0
0
0
0
0
0
0
0
0
0
0
0
0
0
8.66591e-08
9.78575e-08
7.72547e-08
2.03237e-08
0
0
0
0
0
0
0
0
0
0
0
0
0
0
0
0
0
0
0
0
0
1.00025e-07
1.08316e-07
9.59564e-08
5.07723e-08
0
0
0
0
0
0
0
0
0
0
0
0
0
0
0
0
0
0
0
0
0
1.19232e-07
1.23406e-07
1.12462e-07
7.38345e-08
1.17041e-08
0
0
0
0
0
0
0
0
0
0
0
0
0
0
0
0
0
0
0
0
1.58157e-07
1.55121e-07
1.45525e-07
1.0744e-07
3.85275e-08
0
0
0
0
0
0
0
0
0
0
0
0
0
0
0
0
0
0
0
0
1.91295e-07
1.71677e-07
1.68505e-07
1.42244e-07
7.20823e-08
0
0
0
0
0
0
0
0
0
0
0
0
0
0
0
0
0
0
0
0
2.03382e-07
1.63298e-07
1.65715e-07
1.64851e-07
1.12222e-07
6.39006e-09
0
0
0
0
0
0
0
0
0
0
0
0
0
0
0
0
0
0
0
1.74244e-07
1.25044e-07
1.29764e-07
1.50399e-07
1.39406e-07
4.51119e-08
0
0
0
0
0
0
0
0
0
0
0
0
0
0
0
0
0
0
0
1.31462e-07
7.95556e-08
8.79044e-08
1.18256e-07
1.42608e-07
9.12247e-08
0
0
0
0
0
0
0
0
0
0
0
0
0
0
0
0
0
0
0
9.4891e-08
3.67655e-08
5.01801e-08
9.03677e-08
1.34261e-07
1.31636e-07
1.46362e-08
0
0
0
0
0
0
0
0
0
0
0
0
0
0
0
0
0
0
6.58568e-08
0
8.71726e-09
6.53571e-08
1.26636e-07
1.60028e-07
8.3411e-08
0
0
0
0
0
0
0
0
0
0
0
0
0
0
0
0
0
0
4.73854e-08
0
0
3.041e-08
1.19252e-07
1.78345e-07
1.44665e-07
0
0
0
0
0
0
0
0
0
0
0
0
0
0
0
0
0
0
4.71629e-08
0
0
0
9.89285e-08
1.87972e-07
1.87467e-07
5.54165e-08
0
0
0
0
0
0
0
0
0
0
0
0
0
0
0
0
0
6.45438e-08
0
0
0
4.77388e-08
1.82281e-07
2.1194e-07
1.1235e-07
0
0
0
0
0
0
0
0
0
0
0
0
0
0
0
0
0
8.25018e-08
0
0
0
0
1.427e-07
2.18526e-07
1.51109e-07
0
0
0
0
0
0
0
0
0
0
0
0
0
0
0
0
0
8.40235e-08
0
0
0
0
7.32214e-08
1.94001e-07
1.70936e-07
3.86174e-08
0
0
0
0
0
0
0
0
0
0
0
0
0
0
0
0
8.69156e-08
0
0
0
0
1.37196e-08
1.4218e-07
1.67996e-07
7.04537e-08
0
0
0
0
0
0
0
0
0
0
0
0
0
0
0
0
1.33106e-07
0
0
0
0
0
9.50168e-08
1.50725e-07
8.90671e-08
0
0
0
0
0
0
0
0
0
0
0
0
0
0
0
0
2.36411e-07
0
0
0
0
0
6.26091e-08
1.33571e-07
9.76883e-08
0
0
0
0
0
0
0
0
0
0
0
0
0
0
0
0
3.25176e-07
9.78397e-08
0
0
0
0
2.5327e-08
1.09962e-07
9.19722e-08
0
0
0
0
0
0
0
0
0
0
0
0
0
0
0
0
3.69015e-07
2.08e-07
0
0
0
0
0
6.68503e-08
6.57133e-08
0
0
0
0
0
0
0
0
0
0
0
0
0
0
0
0
4.04819e-07
2.70832e-07
3.47784e-09
0
0
0
0
0
0
0
0
0
0
0
0
0
0
0
0
0
0
0
0
0
0
0
0
0
0
0
0
0
0
0
0
0
0
0
0
0
0
0
0
0
0
0
0
0
0
0
0
0
0
0
0
0
0
0
0
0
0
0
0
0
0
0
0
0
0
0
0
0
0
0
0
0
0
0
0
0
0
0
0
0
0
0
0
0
0
0
0
0
0
0
0
0
0
0
0
0
2.63787e-08
0
0
0
0
0
0
0
0
0
0
0
0
0
0
0
0
0
0
0
5.21417e-09
0
5.651e-09
0
0
3.49527e-08
0
0
0
0
0
0
0
0
0
0
0
0
0
0
0
0
0
2.12392e-09
7.20941e-10
4.93778e-09
0
5.64421e-09
0
1.29607e-09
3.04795e-08
0
0
0
0
0
0
0
0
0
0
0
0
0
0
0
1.08419e-09
1.13239e-09
2.78887e-09
1.64928e-09
3.72435e-09
2.51208e-10
4.20552e-09
0
1.36456e-09
2.1198e-08
0
0
0
0
0
0
0
0
1.20809e-09
1.97686e-09
2.10091e-09
2.12493e-09
1.84554e-09
1.94847e-09
1.78577e-09
2.11847e-09
1.80817e-09
2.37791e-09
1.53614e-09
2.42083e-09
6.11778e-10
2.64194e-09
0
5.60403e-10
1.03319e-08
0
0
0
0
0
1.79115e-11
1.96688e-09
3.12603e-09
3.48907e-09
3.46206e-09
3.10836e-09
2.74778e-09
2.31953e-09
2.00234e-09
1.64265e-09
1.58598e-09
1.24998e-09
1.39127e-09
8.94915e-10
1.26475e-09
4.21696e-10
1.363e-09
0
0
4.52459e-09
0
0
0
1.23865e-09
2.77956e-09
3.42984e-09
3.4371e-09
3.22888e-09
2.77463e-09
2.3478e-09
1.89139e-09
1.53227e-09
1.21776e-09
1.03596e-09
8.17506e-10
7.66706e-10
5.88133e-10
6.52945e-10
4.01494e-10
5.79842e-10
2.08083e-10
6.4195e-10
0
0
2.89424e-09
0
4.5323e-09
4.18908e-09
3.75022e-09
3.11653e-09
2.35341e-09
1.71377e-09
1.30678e-09
9.61112e-10
7.37251e-10
5.54989e-10
4.49962e-10
3.35668e-10
2.78844e-10
2.0122e-10
2.06598e-10
1.49937e-10
2.09381e-10
1.07973e-10
2.10254e-10
5.44382e-11
2.62617e-10
0
0
3.43602e-09
2.79975e-09
4.50099e-09
2.84878e-09
1.71721e-09
8.8673e-10
3.35809e-10
4.40754e-11
0
0
0
0
0
0
0
0
0
0
0
0
4.16618e-12
0
4.93923e-11
0
0
3.15765e-09
2.52345e-09
1.99901e-09
8.88701e-10
2.84496e-10
0
0
0
0
0
0
0
0
0
0
0
0
0
0
0
0
0
0
0
0
)
;

boundaryField
{
    inlet
    {
        type            zeroGradient;
    }
    outlet
    {
        type            zeroGradient;
    }
    upperWall
    {
        type            zeroGradient;
    }
    lowerWall
    {
        type            zeroGradient;
    }
    frontAndBack
    {
        type            empty;
    }
}


// ************************************************************************* //
