/*--------------------------------*- C++ -*----------------------------------*\
  =========                 |
  \\      /  F ield         | OpenFOAM: The Open Source CFD Toolbox
   \\    /   O peration     | Website:  https://openfoam.org
    \\  /    A nd           | Version:  7
     \\/     M anipulation  |
\*---------------------------------------------------------------------------*/
FoamFile
{
    version     2.0;
    format      ascii;
    class       volScalarField;
    location    "0.057";
    object      nut;
}
// * * * * * * * * * * * * * * * * * * * * * * * * * * * * * * * * * * * * * //

dimensions      [0 2 -1 0 0 0 0];

internalField   nonuniform List<scalar> 
12225
(
0
0
0
0
0
0
0
0
0
1.07457e-10
6.55161e-11
0
0
0
0
0
0
0
0
0
0
0
0
0
0
0
0
1.46446e-10
4.5478e-11
0
0
0
0
0
0
0
0
0
0
0
0
5.14271e-11
0
0
0
0
0
0
0
0
0
0
0
0
0
1.12595e-08
5.63049e-09
1.51124e-09
5.65472e-10
0
0
0
0
0
0
0
0
0
0
0
1.03963e-10
0
0
3.74656e-07
2.62507e-07
6.04448e-08
0
0
0
0
0
0
0
0
0
0
2.07259e-10
0
8.9948e-10
0
1.56887e-07
4.82291e-07
4.86061e-07
3.20199e-07
1.11425e-07
1.26123e-07
1.83457e-07
8.93886e-08
2.20075e-08
3.95865e-09
0
6.95138e-10
3.6872e-09
2.86836e-09
1.58303e-09
0
0
0
5.36326e-07
5.71767e-07
9.8202e-07
7.20896e-07
3.19215e-07
5.03681e-07
3.64329e-07
1.45416e-07
1.61133e-08
0
0
0
0
0
9.29881e-09
7.02402e-09
7.60336e-09
1.26878e-08
8.26037e-07
6.2153e-07
7.18191e-07
3.49845e-07
0
5.12078e-08
1.19807e-07
1.60789e-07
1.13133e-07
2.63186e-08
0
0
0
0
0
1.53979e-08
3.25021e-08
3.82539e-08
5.57886e-07
4.55671e-07
5.10927e-07
6.77983e-08
0
0
0
8.77249e-08
1.58329e-07
1.45854e-07
1.828e-07
3.35834e-07
3.45509e-07
6.89998e-08
0
0
0
0
1.87154e-07
2.77894e-07
3.06014e-07
0
0
0
0
0
6.31451e-08
1.78525e-07
2.7313e-07
2.64672e-07
2.08141e-07
1.01327e-07
0
0
0
0
3.54238e-07
2.89503e-07
4.31296e-08
0
0
0
0
0
0
6.69388e-08
8.87888e-08
8.12463e-08
7.37226e-08
5.39973e-08
0
0
0
0
3.96392e-07
2.96723e-07
3.5859e-07
0
0
1.31189e-08
0
0
0
0
0
0
6.21639e-09
8.15063e-09
0
0
0
0
0
0
8.75789e-07
3.01858e-07
4.47739e-08
3.94164e-08
0
0
0
0
0
0
3.85914e-08
5.63725e-08
1.92086e-08
0
1.1959e-08
3.95295e-08
0
0
0
0
0
6.47719e-08
0
0
0
0
0
0
0
4.73226e-08
0
0
0
0
3.49843e-07
0
0
0
0
2.16325e-07
2.40444e-07
2.45186e-07
3.65084e-07
1.52895e-07
0
0
0
0
0
0
0
0
1.3428e-06
1.4168e-06
4.46439e-07
0
1.10123e-07
6.58182e-07
7.75215e-07
7.34459e-07
6.56572e-07
2.82671e-07
0
0
0
0
0
0
0
0
2.90218e-07
0
0
0
2.13991e-07
1.99341e-07
2.37936e-07
5.75756e-08
0
0
1.42487e-07
2.19478e-07
1.57632e-07
6.07687e-08
0
0
0
0
3.85488e-07
0
0
8.10278e-07
8.44428e-07
0
0
0
0
0
6.67315e-09
2.10936e-07
2.4139e-07
2.1035e-07
1.70327e-07
1.33685e-07
1.06879e-07
9.53879e-08
0
0
1.78856e-06
4.00212e-06
6.39836e-07
0
0
0
0
0
0
0
0
0
0
0
3.08806e-08
8.11635e-08
0
0
2.07645e-07
9.3701e-07
3.87478e-07
0
4.50901e-08
6.16426e-08
9.40291e-08
1.73493e-07
1.67865e-07
1.21239e-07
5.64261e-08
0
0
0
0
0
0
0
0
0
1.57622e-07
2.06995e-07
1.34453e-07
1.15466e-07
1.99943e-07
2.13863e-07
1.54439e-07
7.27937e-08
0
0
0
0
0
0
0
0
0
0
0
2.76319e-08
1.14442e-07
3.47983e-07
5.45995e-07
5.84903e-07
5.05786e-07
3.4399e-07
1.51951e-07
1.23267e-09
0
0
0
0
3.27576e-07
0
0
0
0
0
0
2.03116e-07
5.15729e-07
6.9211e-07
6.93282e-07
5.49624e-07
3.52235e-07
1.77387e-07
7.11939e-08
3.32885e-08
2.56741e-08
8.99938e-09
3.47347e-07
2.58329e-07
0
0
0
0
0
0
0
1.09345e-07
2.74712e-07
3.28569e-07
2.85623e-07
2.00172e-07
1.24409e-07
7.78358e-08
5.30428e-08
3.04658e-08
0
4.06667e-08
0
0
0
0
0
0
0
0
0
6.74167e-08
1.08201e-07
1.0395e-07
7.86899e-08
4.64616e-08
9.11544e-09
0
0
0
0
0
0
0
0
0
0
0
0
0
2.07808e-08
5.97892e-08
6.35901e-08
4.03747e-08
0
0
0
0
0
0
0
0
0
0
0
0
0
0
0
0
0
0
0
0
4.51469e-09
0
0
0
0
0
0
0
0
0
0
0
0
0
0
0
0
0
7.099e-09
0
0
0
0
0
0
0
0
0
0
0
0
0
0
0
0
0
5.84754e-08
0
0
0
0
0
0
0
0
0
0
0
0
0
0
0
0
0
0
0
0
0
3.27477e-07
4.58059e-07
2.89713e-07
5.02656e-08
0
0
0
0
0
0
0
0
0
0
0
0
2.09518e-08
4.11465e-08
5.66732e-08
6.73377e-08
6.74744e-08
5.41508e-08
2.6364e-08
0
3.8891e-09
7.03659e-08
1.87701e-07
1.38934e-07
0
0
0
0
2.17384e-06
4.47719e-06
6.35823e-06
6.54607e-06
9.54369e-06
1.48023e-05
2.55984e-05
1.80545e-05
4.10803e-06
5.72638e-07
7.634e-08
0
0
1.47104e-08
3.12738e-08
3.98387e-08
4.11436e-08
3.70844e-08
3.15648e-08
2.54173e-08
1.95069e-08
1.3654e-08
9.60247e-09
5.98556e-09
3.37388e-09
1.19704e-09
0
0
0
0
0
0
0
0
0
0
0
0
0
0
0
0
0
0
0
0
0
0
0
0
0
0
0
0
0
0
0
0
0
0
0
0
0
0
0
0
0
0
0
0
0
0
0
0
0
0
0
0
0
0
0
0
0
0
0
0
0
0
0
0
0
0
0
0
0
0
0
0
0
0
0
0
0
0
0
0
0
0
0
0
0
0
0
0
0
0
0
0
0
0
0
0
0
0
0
0
0
0
0
0
0
0
0
0
0
0
0
0
0
0
0
0
3.67962e-11
2.6149e-11
0
1.75658e-07
0
8.89584e-08
4.02471e-07
6.44761e-07
6.80825e-07
5.2471e-07
2.79102e-07
5.14942e-08
0
0
0
0
0
0
0
0
0
0
3.6882e-08
6.80696e-08
8.66526e-08
9.35835e-08
8.57985e-08
6.34131e-08
3.90395e-08
1.9366e-08
1.05304e-07
2.8994e-07
4.45417e-07
4.51584e-07
3.64918e-07
6.13371e-08
0
0
0
0
0
0
0
1.45646e-07
7.83859e-07
1.38842e-06
7.05382e-07
2.27602e-07
6.06874e-08
2.19711e-09
0
9.87697e-09
2.35888e-08
3.0667e-08
3.19168e-08
3.07808e-08
2.82204e-08
2.48264e-08
2.10317e-08
1.70665e-08
1.32511e-08
9.49738e-09
5.81538e-09
2.20089e-09
0
0
0
0
0
0
0
0
0
0
0
0
0
0
0
0
0
0
0
0
0
0
0
0
0
0
0
0
0
0
0
0
0
0
0
0
0
0
0
0
0
0
0
0
0
0
0
0
0
0
0
0
0
0
0
0
0
0
0
0
0
0
0
0
0
0
0
0
0
0
0
0
0
0
0
0
0
0
0
0
0
0
0
0
0
0
0
0
0
0
0
0
0
0
0
0
0
0
0
0
0
0
0
0
0
0
0
0
0
0
0
0
0
0
0
1.13902e-13
4.5714e-11
0
2.02338e-06
9.29937e-07
2.13869e-07
1.70367e-07
3.51746e-07
5.59007e-07
6.54789e-07
6.93059e-07
7.23202e-07
7.67919e-07
8.62603e-07
8.83154e-07
8.35354e-07
7.20435e-07
5.33313e-07
3.20524e-07
1.33781e-07
1.40709e-08
0
0
0
0
0
0
0
0
0
0
1.48646e-07
4.60757e-07
6.35625e-07
4.80494e-07
1.32215e-07
0
0
0
0
0
0
0
4.61132e-09
2.59996e-07
3.67979e-08
1.7816e-07
1.41282e-07
4.96698e-08
7.59588e-09
0
0
3.15056e-08
6.58772e-08
8.41778e-08
8.81199e-08
8.44061e-08
7.62577e-08
6.61171e-08
5.54895e-08
4.49202e-08
3.45848e-08
2.47014e-08
1.5183e-08
6.03022e-09
0
0
0
0
0
0
0
0
0
0
0
0
0
0
0
0
0
0
0
0
0
0
0
0
0
0
0
0
0
0
0
0
0
0
0
0
0
0
0
0
0
0
0
0
0
0
0
0
0
0
0
0
0
0
0
6.76139e-10
1.02328e-09
1.07946e-09
9.45149e-10
7.34431e-10
5.07802e-10
2.74496e-10
6.95696e-11
0
0
0
0
0
0
0
0
0
0
0
0
0
0
0
0
0
0
0
0
0
0
0
0
0
0
0
0
0
0
0
0
0
0
0
0
0
0
0
0
0
0
0
0
0
0
0
0
0
0
4.18647e-14
6.86585e-13
0
2.49581e-11
0
1.53759e-06
1.1607e-06
4.14425e-07
2.5845e-07
3.86494e-07
5.80958e-07
6.66718e-07
7.70398e-07
9.49614e-07
1.17192e-06
1.39655e-06
1.43737e-06
1.42215e-06
1.34327e-06
1.14884e-06
8.71217e-07
5.44829e-07
2.45944e-07
7.72536e-08
3.21312e-08
0
0
0
0
0
0
0
0
0
0
0
0
0
0
0
0
0
0
0
0
1.08498e-07
8.62015e-08
0
0
0
0
9.61798e-09
1.25803e-07
3.05568e-07
4.43222e-07
4.58398e-07
4.06758e-07
3.54679e-07
3.30253e-07
3.4369e-07
3.84238e-07
4.35861e-07
4.68383e-07
4.34144e-07
3.03468e-07
1.22239e-07
0
0
0
0
0
0
0
0
0
0
0
0
0
0
0
0
0
0
0
0
0
0
0
0
0
0
0
0
0
0
0
0
0
0
0
0
0
0
0
0
0
0
0
0
0
0
0
0
0
0
0
0
0
0
0
0
0
0
0
0
9.89528e-10
2.02783e-09
1.61703e-09
5.59602e-10
0
0
0
0
0
0
0
0
0
0
0
0
0
0
0
0
0
0
0
0
0
0
0
0
0
0
0
0
0
0
0
0
0
0
0
0
0
0
0
0
0
0
0
0
0
0
0
0
0
0
0
8.56471e-13
0
8.24239e-12
0
1.16744e-06
1.0104e-06
4.77082e-07
3.1756e-07
4.93799e-07
6.65757e-07
8.06435e-07
1.05271e-06
1.29977e-06
1.4193e-06
1.41429e-06
1.24335e-06
9.54331e-07
5.17134e-07
0
0
0
0
0
5.19072e-07
1.19775e-06
1.08559e-06
4.82288e-07
0
0
0
0
0
0
0
0
0
0
0
0
0
0
0
0
0
0
0
0
1.01965e-08
2.76611e-07
7.25136e-07
1.25562e-06
1.34598e-06
1.02131e-06
6.73193e-07
4.32846e-07
2.9024e-07
2.22822e-07
2.11494e-07
2.3811e-07
2.86147e-07
3.34291e-07
3.4638e-07
2.7842e-07
1.29127e-07
0
0
0
0
0
0
0
0
0
0
0
0
0
0
0
0
0
0
0
0
0
0
0
0
0
0
0
0
4.85682e-09
1.02223e-08
1.05185e-08
4.39398e-09
0
0
0
0
0
0
0
0
0
0
0
0
0
0
0
0
0
0
0
0
0
0
0
0
0
0
0
0
0
0
0
0
0
0
0
0
0
0
0
0
0
0
0
0
0
0
0
0
0
0
0
0
0
0
0
0
0
0
0
0
0
0
0
0
0
0
0
0
0
0
0
0
0
0
0
0
0
0
0
0
0
0
0
0
2.5741e-12
0
6.658e-12
0
3.58163e-07
4.51315e-07
4.02772e-07
4.34425e-07
6.61698e-07
7.82406e-07
1.01669e-06
1.26542e-06
1.31638e-06
1.20948e-06
8.31427e-07
1.72152e-07
0
0
0
0
0
0
0
1.90263e-06
3.99887e-06
3.84729e-06
2.47897e-06
1.02704e-06
0
0
0
0
0
0
0
0
0
0
0
0
0
0
0
0
0
0
2.7972e-07
9.38113e-07
1.93005e-06
2.44644e-06
1.86795e-06
1.22679e-06
7.82431e-07
4.98974e-07
3.26347e-07
2.38719e-07
2.15362e-07
2.41741e-07
3.07944e-07
4.08555e-07
5.30932e-07
6.28994e-07
5.69981e-07
2.07843e-07
0
0
0
0
0
0
0
0
0
0
0
0
0
0
0
0
0
0
0
0
0
0
0
0
0
0
0
0
0
3.32264e-09
1.57235e-08
2.34595e-08
2.2714e-08
1.17365e-08
0
0
0
0
0
0
0
0
0
0
0
0
0
0
0
0
0
0
0
0
0
0
0
0
0
0
0
0
0
0
0
0
0
0
0
0
0
0
0
0
0
0
0
0
0
0
0
0
0
0
0
0
0
0
0
0
0
0
0
0
0
0
0
0
0
0
0
0
0
0
0
0
0
0
0
0
0
0
0
0
0
0
8.97847e-12
0
1.00416e-11
0
3.92625e-08
1.10435e-07
2.29476e-07
5.14885e-07
6.9549e-07
8.33861e-07
1.10803e-06
1.19787e-06
1.01613e-06
4.42651e-07
0
0
0
0
0
0
0
0
0
5.77796e-06
8.81824e-06
8.43357e-06
5.88496e-06
2.93909e-06
9.26937e-07
0
0
0
0
0
0
0
0
0
0
0
0
0
0
0
8.72089e-08
6.50895e-07
1.4379e-06
2.32236e-06
2.74149e-06
2.0829e-06
1.28058e-06
7.1642e-07
3.72968e-07
1.79991e-07
8.34375e-08
5.03589e-08
6.11666e-08
1.08438e-07
1.92812e-07
3.19232e-07
4.97317e-07
7.3329e-07
9.45243e-07
4.54934e-07
0
0
0
0
0
0
0
0
0
0
0
0
0
0
0
0
0
0
0
0
0
0
0
0
0
0
0
0
0
0
0
0
0
0
1.26658e-09
4.50389e-10
0
0
0
0
0
0
0
0
0
0
0
0
0
0
0
0
0
0
0
0
0
0
0
0
0
0
0
0
0
0
0
0
0
0
0
0
0
0
0
0
0
0
0
0
0
0
0
0
0
0
0
0
0
0
0
0
0
0
0
0
0
0
0
0
0
0
0
0
0
0
0
0
0
0
0
0
0
0
0
0
0
0
0
0
0
1.00419e-08
8.89701e-08
5.38162e-07
6.64098e-07
8.16348e-07
1.00822e-06
8.96591e-07
2.50047e-07
0
0
0
0
0
0
0
0
0
7.87236e-06
1.31843e-05
1.41616e-05
1.27126e-05
9.79492e-06
5.77353e-06
2.21647e-06
3.22351e-07
0
0
0
0
0
0
0
0
0
0
0
0
0
3.26508e-07
7.30145e-07
4.82329e-07
2.86174e-07
1.9038e-06
1.85811e-06
9.85493e-07
4.02204e-07
8.57169e-08
0
0
0
0
0
0
0
1.73376e-08
1.00124e-07
1.7801e-07
1.89123e-07
2.80979e-08
0
0
0
0
7.6614e-08
1.2822e-07
1.48959e-07
1.43114e-07
1.23243e-07
9.88063e-08
6.91828e-08
4.15693e-08
1.70204e-08
0
0
0
0
0
0
0
0
0
0
0
0
0
0
0
0
0
0
0
0
0
0
0
0
0
0
0
0
0
0
0
0
0
0
0
0
0
0
0
0
0
0
0
0
0
0
0
0
0
0
0
0
0
0
0
0
0
0
0
0
0
0
0
0
0
0
0
0
0
0
0
0
0
0
0
0
0
0
0
0
0
0
0
0
0
0
0
0
0
0
0
0
0
0
0
0
0
0
0
0
0
0
0
0
0
0
0
0
0
2.25492e-08
5.05913e-07
5.7316e-07
6.72126e-07
7.36339e-07
3.1661e-07
0
0
0
0
0
0
0
0
8.76728e-06
1.77185e-05
1.98053e-05
2.00014e-05
1.90187e-05
1.67231e-05
1.29311e-05
7.8899e-06
3.3664e-06
8.76003e-07
0
0
0
0
0
0
0
0
0
0
0
0
1.49687e-07
0
0
0
3.56282e-07
1.39248e-06
7.03572e-07
2.04227e-07
0
0
0
0
0
0
0
0
0
0
5.27229e-08
1.23868e-07
9.37054e-08
0
0
0
0
0
7.41518e-08
1.3212e-07
1.63942e-07
1.74926e-07
1.66735e-07
1.59838e-07
1.48137e-07
1.27448e-07
1.06653e-07
8.19056e-08
5.88233e-08
3.5913e-08
1.49954e-08
0
0
0
0
0
0
0
0
0
0
0
0
0
0
0
0
0
0
0
0
0
0
0
0
0
0
0
0
0
0
0
0
0
0
0
0
0
0
0
0
0
0
0
0
0
0
0
0
0
0
0
0
0
0
0
0
0
0
0
0
0
0
0
0
0
0
0
0
0
0
0
0
0
0
0
0
0
0
0
0
0
0
0
0
0
0
0
0
0
0
0
0
0
0
0
0
0
0
0
0
0
0
0
0
0
0
3.64446e-07
3.5594e-07
3.77127e-07
2.97333e-07
0
0
4.03363e-06
1.01042e-05
1.21975e-05
1.18381e-05
1.18868e-05
1.55097e-05
2.17566e-05
2.49567e-05
2.40972e-05
2.26947e-05
2.20778e-05
2.17883e-05
2.05927e-05
1.71534e-05
1.0501e-05
3.80094e-06
5.94493e-07
0
0
0
0
0
0
0
0
0
0
0
0
0
0
0
0
7.37378e-07
5.20265e-07
1.27075e-07
0
0
0
0
0
0
0
0
0
0
1.41189e-07
3.12345e-07
3.83021e-07
1.87363e-07
0
0
0
0
1.94377e-07
3.04173e-07
3.08176e-07
2.76929e-07
2.29259e-07
1.66501e-07
1.21138e-07
9.04439e-08
6.77468e-08
5.15554e-08
4.01261e-08
3.13667e-08
2.60013e-08
2.37679e-08
2.36889e-08
2.38093e-08
2.41143e-08
2.33733e-08
1.78539e-08
4.08014e-09
0
0
0
0
0
0
0
0
0
0
0
0
0
0
0
0
0
0
0
0
0
0
0
0
0
0
0
0
0
0
0
0
0
0
0
0
0
0
0
0
0
0
0
0
0
0
0
0
0
0
0
0
0
0
0
0
0
0
0
0
0
0
0
0
0
0
0
0
0
0
0
0
0
0
0
0
0
0
0
0
0
0
0
0
0
0
0
0
0
0
0
0
0
0
0
0
0
0
0
0
0
0
0
0
1.007e-06
6.44307e-06
7.56113e-06
7.12646e-06
7.28952e-06
7.44927e-06
7.7769e-06
9.09568e-06
1.13497e-05
1.32327e-05
1.39226e-05
1.36105e-05
1.32598e-05
1.32601e-05
1.33273e-05
1.25714e-05
6.30166e-06
0
0
0
0
0
0
0
0
0
0
0
0
0
0
0
0
0
0
2.76008e-07
8.64675e-08
0
0
0
0
0
0
0
0
0
1.1753e-07
4.81122e-07
9.91806e-07
1.54941e-06
1.7882e-06
1.00442e-06
0
0
0
0
4.3722e-07
7.09952e-07
7.71302e-07
7.08157e-07
5.96929e-07
4.35634e-07
2.89068e-07
1.71291e-07
9.3162e-08
4.39842e-08
1.24942e-08
0
0
0
0
0
0
1.91264e-08
4.85216e-08
6.67675e-08
6.76417e-08
5.56545e-08
3.62157e-08
1.47524e-08
0
0
0
0
0
0
0
0
0
0
0
0
0
0
0
0
0
0
0
0
0
0
0
0
0
0
0
0
0
0
0
0
0
0
0
0
0
0
0
0
0
0
0
0
0
0
0
0
0
0
0
0
0
0
0
0
0
0
0
0
0
0
0
0
0
0
0
0
0
0
0
0
0
0
0
0
0
0
0
0
0
0
0
0
0
0
0
0
0
0
0
0
0
0
0
0
0
0
0
0
1.17637e-06
4.02411e-06
4.96128e-06
4.80181e-06
4.71601e-06
4.67224e-06
4.45187e-06
4.41758e-06
4.78562e-06
5.1879e-06
5.16104e-06
4.62752e-06
3.71604e-06
2.56441e-06
1.19476e-06
0
0
0
0
1.16189e-06
7.31844e-07
4.46043e-07
2.02331e-07
7.81641e-09
0
0
0
0
0
0
0
0
0
0
0
0
0
0
0
0
0
0
0
0
0
2.86964e-07
9.07614e-07
1.93666e-06
3.47642e-06
5.555e-06
7.43593e-06
3.95492e-06
0
0
0
0
0
2.80734e-07
6.63345e-07
7.95085e-07
7.71071e-07
6.69236e-07
5.19297e-07
3.64923e-07
2.38833e-07
1.51603e-07
9.07701e-08
3.59372e-08
0
0
0
0
0
0
0
0
0
0
0
0
0
0
0
0
0
0
0
0
0
0
0
0
0
0
0
0
0
0
0
0
0
0
0
0
0
0
0
0
0
0
0
0
0
0
0
0
0
0
0
0
0
0
0
0
0
0
0
0
0
0
0
0
0
0
0
0
0
0
0
0
0
0
0
0
0
0
0
0
0
0
0
0
0
0
0
0
0
0
0
0
0
0
0
0
0
0
0
0
0
0
0
0
0
0
0
0
0
0
0
0
1.39104e-07
2.0427e-06
3.47e-06
3.80542e-06
3.69791e-06
3.52576e-06
3.24283e-06
2.77625e-06
2.32378e-06
1.94739e-06
1.61983e-06
1.30427e-06
9.55637e-07
6.27753e-07
4.26728e-07
3.97566e-07
5.38444e-07
1.13429e-06
2.46243e-06
1.9254e-06
1.41063e-06
1.01328e-06
6.95061e-07
4.80989e-07
4.31737e-07
1.23251e-07
0
0
0
0
0
0
0
0
0
0
0
0
0
0
0
0
0
0
2.91378e-07
9.73458e-07
2.22633e-06
4.3333e-06
7.48649e-06
1.18837e-05
1.58966e-05
0
0
0
0
0
0
0
5.53189e-08
4.37474e-07
5.67703e-07
5.72468e-07
5.05262e-07
4.04825e-07
3.03876e-07
2.23727e-07
1.70211e-07
1.38635e-07
1.06369e-07
4.22971e-08
0
0
0
0
0
0
0
0
0
0
0
0
0
0
0
0
0
0
0
0
0
0
0
0
0
0
0
0
0
0
0
0
0
0
0
0
0
0
0
0
0
0
0
0
0
0
0
0
0
0
0
0
0
0
0
0
0
7.08979e-09
9.95946e-10
0
0
0
0
0
0
0
0
0
0
0
0
0
0
0
0
0
0
0
0
0
0
0
0
0
0
0
0
0
0
0
0
0
0
0
0
0
0
0
0
0
0
0
0
0
0
0
0
0
0
0
0
4.61025e-07
1.872e-06
2.99465e-06
3.64887e-06
3.85084e-06
3.65131e-06
3.09519e-06
2.34485e-06
1.59215e-06
9.51628e-07
4.47453e-07
8.59618e-08
0
0
3.70032e-07
1.83788e-06
3.47916e-06
3.16706e-06
2.48814e-06
1.96449e-06
1.62899e-06
1.60507e-06
1.63726e-06
4.94857e-07
1.43053e-07
3.27716e-08
0
0
3.16435e-09
3.85009e-08
4.90834e-08
2.2756e-08
0
0
0
0
0
0
0
0
0
0
1.29902e-07
6.02592e-07
1.55075e-06
3.11303e-06
5.14864e-06
7.08829e-06
7.17465e-06
1.65048e-06
0
0
0
0
0
0
0
0
7.74797e-09
2.48429e-07
3.3969e-07
3.63744e-07
3.36837e-07
2.82576e-07
2.24851e-07
1.64628e-07
1.2456e-07
1.26631e-07
1.43509e-07
1.15096e-07
4.89994e-09
0
0
0
0
0
0
0
0
0
0
0
0
0
0
0
0
0
0
0
0
0
0
0
0
0
0
0
0
0
0
0
0
0
0
0
0
0
0
0
0
0
0
0
0
0
0
6.79188e-10
0
0
0
0
0
0
0
0
0
6.65642e-09
2.58438e-09
0
0
0
0
0
0
0
0
0
0
0
0
0
0
0
0
0
0
0
0
0
0
0
0
0
0
0
0
0
0
0
0
0
0
0
0
0
0
0
0
0
0
0
0
0
0
0
0
0
0
0
0
2.95149e-07
1.33073e-06
2.47616e-06
3.62729e-06
4.55256e-06
4.87475e-06
4.25442e-06
2.83443e-06
1.09761e-06
0
0
0
0
1.41547e-06
3.20497e-06
3.59675e-06
3.24049e-06
2.7914e-06
2.52003e-06
2.47425e-06
1.6666e-06
7.2825e-07
3.07113e-07
1.2733e-07
4.56257e-08
2.45029e-08
5.93493e-08
1.36889e-07
1.97961e-07
1.94563e-07
1.49467e-07
9.78967e-08
5.83349e-08
3.16499e-08
8.42782e-09
0
0
0
0
0
0
9.48962e-08
3.90774e-07
9.18193e-07
1.56052e-06
1.91774e-06
1.29242e-06
0
0
0
0
0
0
0
0
0
0
0
9.60293e-08
1.68215e-07
2.14276e-07
2.40513e-07
2.31185e-07
1.97246e-07
1.43633e-07
7.98259e-08
2.51685e-08
0
0
0
3.30641e-08
3.39934e-08
0
0
0
0
0
0
0
0
0
0
0
0
0
0
0
0
0
0
0
0
0
0
0
0
0
1.18777e-08
4.16787e-09
0
0
0
0
0
0
0
0
0
0
0
0
0
0
0
0
0
0
2.85146e-09
2.44856e-09
0
0
0
0
0
0
0
0
3.90626e-09
1.92507e-09
0
0
0
0
0
0
0
0
0
0
0
0
0
0
0
0
0
0
0
0
0
0
0
0
0
0
0
0
0
0
0
0
0
0
0
0
0
0
0
0
0
0
0
0
0
0
0
0
0
0
0
0
0
5.81775e-07
1.50828e-06
2.62146e-06
3.75221e-06
4.36899e-06
3.62539e-06
1.33021e-06
0
0
0
0
1.09436e-07
8.97367e-07
1.34292e-06
1.56758e-06
1.69372e-06
1.61512e-06
1.22644e-06
7.88092e-07
4.59388e-07
2.385e-07
9.89204e-08
2.78635e-08
3.07746e-08
1.1699e-07
2.35202e-07
2.93764e-07
2.82469e-07
2.3699e-07
1.82199e-07
1.37518e-07
1.06573e-07
7.9367e-08
4.7877e-08
1.46654e-08
0
0
0
0
0
0
0
0
0
0
0
0
0
0
0
0
0
0
0
0
0
1.73406e-07
1.76779e-07
1.77987e-07
2.03117e-07
1.95557e-07
1.67665e-07
1.50482e-07
1.1141e-07
2.17502e-08
0
0
0
0
0
1.94476e-08
1.30037e-07
1.27505e-07
8.12212e-08
3.03892e-08
0
0
0
0
0
0
0
0
0
0
0
3.84984e-08
0
0
0
0
0
0
2.06489e-08
5.37705e-08
5.45259e-08
3.95577e-08
2.24679e-08
8.47742e-09
7.4821e-10
1.55008e-09
6.38013e-09
7.16221e-09
6.00532e-09
6.76646e-09
6.33783e-09
1.50716e-09
0
0
0
0
0
0
0
0
0
3.87851e-09
4.32229e-09
2.06335e-10
0
0
0
0
0
0
0
3.12411e-09
2.36935e-09
0
0
0
0
0
0
0
0
0
0
0
0
0
0
0
0
0
0
0
0
0
0
0
0
0
0
0
0
0
0
0
0
0
0
0
0
0
0
0
0
0
0
0
0
0
0
0
0
0
0
0
0
0
0
2.5491e-07
7.67763e-07
1.1978e-06
1.16959e-06
4.76848e-07
0
0
0
3.461e-09
3.91833e-07
7.25448e-07
9.59885e-07
1.07149e-06
1.04151e-06
9.06694e-07
6.93355e-07
4.9726e-07
3.22079e-07
1.73476e-07
5.92306e-08
0
1.45259e-08
1.19427e-07
2.4e-07
3.02466e-07
3.09491e-07
2.80974e-07
2.35917e-07
1.94216e-07
1.66311e-07
1.44999e-07
1.21782e-07
9.92908e-08
8.35961e-08
6.88088e-08
1.70946e-08
0
0
0
0
0
0
0
0
0
0
0
0
0
0
0
0
0
1.32517e-07
2.86272e-07
1.92384e-07
1.36857e-07
1.55158e-07
1.41112e-07
9.2567e-08
8.64252e-08
1.28755e-07
8.89803e-08
0
0
0
0
0
0
0
9.12537e-08
8.13409e-08
1.12366e-08
0
0
0
0
0
0
0
0
0
0
0
7.14862e-09
5.64928e-08
3.97135e-08
1.06101e-08
0
0
7.39266e-09
5.97459e-08
7.94857e-08
7.88772e-08
6.88093e-08
5.30261e-08
3.92888e-08
2.74984e-08
1.74692e-08
1.05429e-08
7.80013e-09
8.15119e-09
1.03811e-08
1.29199e-08
1.18888e-08
5.59082e-09
0
0
0
0
0
0
0
0
0
3.20439e-09
2.01513e-09
0
0
0
0
0
0
0
0
5.01686e-09
3.74e-09
0
0
0
0
0
0
0
0
0
0
0
0
0
0
0
0
0
0
0
0
0
0
0
0
0
0
0
0
0
0
0
0
0
0
0
0
0
0
0
0
0
0
0
0
0
0
0
0
0
0
0
0
0
0
0
0
0
8.12668e-08
1.86887e-07
3.3158e-07
4.91007e-07
6.25403e-07
7.2116e-07
7.83152e-07
7.92487e-07
7.67594e-07
6.84191e-07
5.87872e-07
4.6056e-07
3.51114e-07
2.3467e-07
1.28695e-07
4.01868e-08
0
0
6.90355e-08
1.60223e-07
2.27309e-07
2.66813e-07
2.76291e-07
2.56728e-07
2.23662e-07
1.98427e-07
1.828e-07
1.71357e-07
1.66685e-07
1.73258e-07
1.8777e-07
1.79995e-07
9.9487e-08
0
0
0
0
0
0
0
0
0
0
0
0
0
0
0
9.25685e-08
2.64419e-07
3.17113e-07
1.73727e-07
6.58074e-08
8.81427e-08
9.79087e-08
2.96408e-08
0
1.4178e-08
9.30358e-08
0
0
0
0
0
0
0
0
4.656e-08
6.20117e-09
0
0
0
0
0
0
0
0
0
0
0
0
3.26367e-08
5.47904e-08
4.13233e-08
2.2246e-08
1.27424e-08
2.66314e-08
6.03909e-08
8.43839e-08
8.91367e-08
8.53423e-08
7.61742e-08
6.36629e-08
5.40287e-08
4.62697e-08
3.68657e-08
2.34148e-08
1.03669e-08
5.67114e-09
8.17803e-09
9.94539e-09
7.19918e-09
1.43295e-09
0
0
0
0
0
0
0
0
0
0
0
0
0
0
0
0
0
0
0
1.2024e-08
5.51561e-09
0
0
0
0
0
0
0
0
0
0
0
0
0
0
0
0
0
0
0
0
0
0
0
0
0
0
0
0
0
0
0
0
0
0
0
0
0
0
0
0
0
0
0
0
0
0
0
0
0
0
0
0
0
0
0
0
0
2.18461e-07
4.06746e-07
5.025e-07
5.37754e-07
5.389e-07
5.35873e-07
5.15296e-07
4.9027e-07
4.34676e-07
3.78693e-07
3.11297e-07
2.45581e-07
1.73432e-07
1.06042e-07
4.5118e-08
1.80063e-09
0
2.65897e-08
8.1103e-08
1.34635e-07
1.79381e-07
2.07322e-07
2.12826e-07
1.98243e-07
1.80749e-07
1.70637e-07
1.66578e-07
1.70419e-07
1.84631e-07
2.10376e-07
2.33681e-07
2.358e-07
1.77662e-07
0
0
0
0
0
0
0
0
0
0
0
0
0
1.99174e-07
2.08816e-07
2.72576e-07
3.56739e-07
2.37339e-07
6.76689e-08
4.47951e-08
8.17613e-08
3.04241e-08
0
0
0
0
0
0
0
0
0
0
0
0
0
0
0
0
0
0
0
0
0
0
0
0
0
4.40175e-08
5.99113e-08
4.98723e-08
3.5248e-08
2.99636e-08
4.82388e-08
7.8669e-08
9.73747e-08
1.02916e-07
9.87751e-08
9.09434e-08
8.11163e-08
7.01425e-08
6.44616e-08
6.2143e-08
5.70639e-08
4.43432e-08
2.7527e-08
1.58935e-08
1.09519e-08
6.62578e-09
1.1548e-09
0
0
0
1.36038e-09
1.25115e-09
0
0
0
0
0
0
0
0
0
0
0
0
0
0
0
2.546e-08
3.75515e-09
0
0
0
0
0
0
0
0
0
0
0
0
0
0
0
0
0
0
0
0
0
0
0
0
0
0
0
0
0
0
0
0
0
0
0
0
0
0
0
0
0
0
0
0
0
0
0
0
0
0
0
0
0
0
0
0
6.63008e-08
2.27843e-07
3.0871e-07
3.35768e-07
3.34863e-07
3.20895e-07
3.00775e-07
2.79955e-07
2.54664e-07
2.22599e-07
1.93406e-07
1.5975e-07
1.22382e-07
8.37e-08
4.24095e-08
7.19134e-09
0
9.88088e-10
2.5888e-08
5.74903e-08
9.01197e-08
1.18134e-07
1.34539e-07
1.34724e-07
1.26599e-07
1.20092e-07
1.16155e-07
1.17437e-07
1.22343e-07
1.32878e-07
1.46519e-07
1.61e-07
1.72599e-07
1.4915e-07
4.60369e-08
0
0
0
0
0
0
0
0
0
0
0
4.58302e-08
1.42464e-07
2.04582e-07
3.34255e-07
2.96392e-07
1.15708e-07
2.57403e-08
5.05188e-08
5.78312e-08
0
0
0
0
0
0
0
0
0
0
0
0
0
0
0
0
0
0
0
1.68086e-08
0
0
0
0
5.77242e-08
9.27298e-08
8.26271e-08
6.4439e-08
5.33355e-08
5.84441e-08
8.81468e-08
1.19308e-07
1.29045e-07
1.26954e-07
1.17774e-07
1.09367e-07
1.01814e-07
9.06518e-08
7.67557e-08
7.06379e-08
7.0498e-08
6.68891e-08
5.51426e-08
3.90578e-08
2.50239e-08
1.46165e-08
6.10692e-09
2.95747e-10
0
3.04878e-09
9.56258e-09
1.24895e-08
6.31478e-09
0
0
0
0
0
0
0
0
0
0
0
0
0
0
0
3.343e-08
0
0
0
0
0
0
0
0
0
0
0
0
0
0
0
0
0
0
0
0
0
0
0
0
0
0
0
0
0
0
0
0
0
0
0
0
0
0
0
0
0
0
0
0
0
0
0
0
0
0
0
0
0
0
0
0
0
3.41474e-08
1.22599e-07
1.56806e-07
1.62199e-07
1.56284e-07
1.45682e-07
1.31791e-07
1.197e-07
1.06546e-07
1.00006e-07
8.7988e-08
7.00266e-08
4.79998e-08
2.20228e-08
0
0
0
0
7.80298e-09
2.18951e-08
3.75092e-08
5.07811e-08
5.54425e-08
5.12589e-08
4.3973e-08
3.52342e-08
2.87504e-08
2.05998e-08
1.08454e-08
1.56493e-09
2.44138e-11
9.42044e-09
3.05492e-08
7.64102e-08
1.57864e-07
3.18835e-07
5.87042e-07
9.61623e-07
1.45212e-06
1.64044e-06
0
0
0
0
0
0
1.24648e-07
2.24448e-07
3.68932e-07
3.82333e-07
1.91416e-07
2.82727e-08
0
4.75832e-08
0
0
0
0
0
0
0
0
0
0
0
0
0
0
0
0
0
6.28472e-09
8.29595e-09
9.83277e-09
1.63758e-08
0
0
8.35026e-08
1.34682e-07
1.51895e-07
1.28139e-07
9.51782e-08
7.66238e-08
8.1565e-08
1.09824e-07
1.35961e-07
1.43449e-07
1.37748e-07
1.23344e-07
1.14991e-07
1.13829e-07
1.12518e-07
1.01074e-07
8.39001e-08
7.33333e-08
6.91501e-08
6.33673e-08
5.28637e-08
3.93984e-08
2.72529e-08
1.73608e-08
9.73298e-09
6.23992e-09
8.34675e-09
1.5265e-08
2.17692e-08
1.85055e-08
4.95569e-09
0
0
0
0
0
0
0
0
0
0
0
0
0
0
6.94288e-09
2.1424e-08
0
0
0
0
0
0
0
0
0
0
0
0
0
0
0
0
0
0
0
0
0
0
0
0
0
0
0
0
0
0
0
0
0
0
0
0
0
0
0
0
0
0
0
0
0
0
0
0
1.92641e-08
4.83087e-08
0
0
0
0
0
0
0
0
1.724e-08
2.44835e-08
2.21549e-08
2.03742e-08
2.22797e-08
2.47416e-08
2.53025e-08
2.64908e-08
2.35464e-08
1.53543e-08
5.37114e-09
0
0
0
0
0
0
0
0
0
0
0
0
0
0
0
0
0
0
0
0
0
8.2174e-08
3.92693e-07
9.29914e-07
1.75721e-06
3.10151e-06
5.03527e-06
6.08262e-06
0
0
0
0
0
1.78598e-07
2.75075e-07
3.79874e-07
4.08309e-07
2.38989e-07
2.50145e-08
0
0
0
0
0
0
0
0
0
0
0
0
0
0
0
0
2.36401e-08
4.88427e-08
6.71178e-08
7.98047e-08
6.79493e-08
5.00587e-08
3.55431e-08
1.78569e-08
4.76282e-08
1.24706e-07
1.65897e-07
1.79032e-07
1.70371e-07
1.39812e-07
1.12405e-07
1.0366e-07
1.14252e-07
1.3219e-07
1.43263e-07
1.39231e-07
1.18172e-07
1.04399e-07
1.05639e-07
1.13047e-07
1.14738e-07
1.01083e-07
8.29373e-08
7.00607e-08
6.24183e-08
5.56865e-08
4.7691e-08
3.83437e-08
2.96422e-08
2.23308e-08
1.72622e-08
1.66901e-08
2.11207e-08
2.77121e-08
2.79014e-08
1.63293e-08
7.82051e-11
0
0
0
0
0
0
0
0
0
0
0
0
0
0
1.49235e-08
0
0
0
0
0
0
0
0
0
0
0
0
0
0
0
0
0
0
0
0
0
0
0
0
0
0
0
0
0
0
0
0
0
0
0
0
0
0
0
0
0
0
0
0
0
0
0
2.09629e-08
9.21494e-08
1.39555e-07
1.42227e-07
5.26932e-08
0
0
0
0
0
0
0
0
0
0
0
0
0
0
0
0
0
0
0
0
0
0
0
0
0
0
0
0
0
0
0
0
0
0
0
0
0
0
0
1.81257e-07
6.65143e-07
1.41239e-06
2.57131e-06
3.93663e-06
3.53425e-06
0
0
0
0
0
2.62218e-07
3.40269e-07
4.12917e-07
4.44226e-07
2.82211e-07
3.12671e-09
0
0
0
0
0
0
0
0
0
0
0
0
0
0
0
0
2.32831e-08
8.40974e-08
9.82254e-08
1.03668e-07
9.25117e-08
6.70053e-08
4.47612e-08
3.84602e-08
8.20924e-08
1.46234e-07
1.88596e-07
2.00596e-07
1.92187e-07
1.73472e-07
1.43691e-07
1.27464e-07
1.28305e-07
1.37533e-07
1.45383e-07
1.43514e-07
1.21566e-07
9.91998e-08
9.37812e-08
1.01155e-07
1.10252e-07
1.07133e-07
9.02668e-08
7.36399e-08
6.24784e-08
5.59806e-08
5.13966e-08
4.64169e-08
4.0458e-08
3.45999e-08
2.9573e-08
2.70705e-08
2.86134e-08
3.2637e-08
3.33797e-08
2.52458e-08
9.46598e-09
0
0
0
0
0
0
0
0
0
0
0
0
0
0
0
0
0
0
0
0
0
0
0
0
0
0
0
0
0
0
0
0
0
0
0
0
0
0
0
0
0
0
0
0
0
0
0
0
0
0
0
0
0
0
0
1.54383e-08
6.59807e-08
5.16269e-08
1.72275e-08
0
0
0
2.54047e-08
8.8269e-08
1.49548e-07
2.0141e-07
1.91513e-07
4.22722e-08
0
1.85027e-07
1.39755e-07
1.48623e-09
0
0
0
0
0
0
0
0
0
0
0
0
0
0
0
0
0
0
0
0
0
0
0
0
0
0
0
0
0
0
0
0
0
0
0
2.69876e-07
7.74016e-07
1.43164e-06
1.87164e-06
1.11841e-06
0
0
0
0
3.95491e-08
3.15116e-07
3.37703e-07
3.78398e-07
4.2807e-07
2.96568e-07
0
0
0
1.83587e-08
0
0
0
0
0
0
0
0
0
0
0
0
0
1.01406e-07
1.3611e-07
1.2204e-07
1.04651e-07
8.62532e-08
6.56504e-08
5.13596e-08
6.50862e-08
1.25057e-07
1.70749e-07
2.04833e-07
2.19487e-07
2.12239e-07
1.94963e-07
1.66363e-07
1.42276e-07
1.35181e-07
1.37868e-07
1.42566e-07
1.43853e-07
1.28418e-07
1.03323e-07
8.90116e-08
9.02337e-08
9.98865e-08
1.04689e-07
9.39855e-08
7.73369e-08
6.45854e-08
5.75136e-08
5.44956e-08
5.23878e-08
4.91982e-08
4.51581e-08
4.10465e-08
3.78344e-08
3.71443e-08
3.80361e-08
3.68564e-08
3.00418e-08
1.74536e-08
2.70253e-09
0
0
0
0
0
0
0
0
0
0
0
0
0
0
0
0
0
0
0
0
0
0
0
0
0
0
0
0
0
0
0
0
0
0
0
0
0
0
0
0
0
0
0
0
0
0
0
0
0
0
0
0
0
1.18437e-09
4.66253e-08
5.13085e-08
8.06221e-09
0
0
2.6203e-08
3.58395e-08
2.83677e-08
5.97727e-08
1.32239e-07
2.05825e-07
1.90636e-07
4.56584e-08
0
6.42131e-08
6.12229e-08
0
0
0
0
0
0
0
0
0
0
0
0
0
0
0
0
0
0
0
0
0
0
0
0
0
0
0
0
0
0
0
0
0
0
0
0
0
2.53196e-07
6.103e-07
7.7528e-07
4.00187e-07
0
0
0
0
9.07552e-08
2.8118e-07
2.78718e-07
3.48686e-07
4.36284e-07
3.17356e-07
0
0
0
7.45347e-08
7.95622e-11
0
0
0
0
0
0
0
0
0
0
0
0
1.82989e-07
1.96488e-07
1.61837e-07
1.21293e-07
8.96834e-08
7.05546e-08
6.96452e-08
1.03205e-07
1.50876e-07
1.75972e-07
2.0365e-07
2.16895e-07
2.13025e-07
1.99808e-07
1.79134e-07
1.51413e-07
1.37575e-07
1.36083e-07
1.40701e-07
1.46309e-07
1.38038e-07
1.14437e-07
9.14916e-08
8.40504e-08
9.03254e-08
9.91793e-08
9.62621e-08
8.21366e-08
6.87565e-08
6.09023e-08
5.82126e-08
5.78183e-08
5.63049e-08
5.35307e-08
5.05393e-08
4.74706e-08
4.53588e-08
4.38857e-08
3.99988e-08
3.21646e-08
2.1805e-08
9.61182e-09
0
0
0
0
0
0
0
0
0
0
0
0
0
0
0
0
0
0
0
0
0
0
0
0
0
0
0
0
0
0
0
0
0
0
0
0
0
0
0
0
0
0
0
0
0
0
0
0
0
0
0
0
1.27907e-08
2.8309e-08
4.22789e-08
2.83125e-08
0
0
0
0
0
1.85911e-08
4.5646e-08
6.74482e-08
8.7957e-08
4.81228e-08
0
0
3.12519e-08
3.38943e-08
0
0
0
0
0
0
0
0
0
0
0
0
0
0
0
0
0
0
0
0
0
0
0
0
0
0
0
0
0
0
0
0
0
0
0
0
0
0
1.52571e-07
2.80238e-07
1.36503e-07
0
0
0
0
3.75685e-08
1.50972e-07
1.68771e-07
3.19771e-07
4.43014e-07
3.01691e-07
0
0
3.48664e-07
1.5711e-07
1.46678e-08
0
0
0
0
0
0
0
9.11287e-08
1.21212e-06
0
0
7.33915e-08
2.07989e-07
2.14457e-07
1.83037e-07
1.40543e-07
1.04817e-07
8.76999e-08
9.70385e-08
1.28785e-07
1.53141e-07
1.71424e-07
1.92616e-07
2.04243e-07
2.02422e-07
1.92526e-07
1.78361e-07
1.53847e-07
1.36114e-07
1.32974e-07
1.39237e-07
1.4995e-07
1.48225e-07
1.28578e-07
1.00415e-07
8.37038e-08
8.41185e-08
9.364e-08
9.6435e-08
8.65109e-08
7.34501e-08
6.47768e-08
6.16395e-08
6.19053e-08
6.15275e-08
5.91752e-08
5.65818e-08
5.41736e-08
5.16659e-08
4.88611e-08
4.27724e-08
3.26206e-08
2.23148e-08
1.33511e-08
3.07346e-09
0
0
0
0
0
0
0
0
0
0
0
0
0
0
0
0
0
0
0
0
0
0
0
0
0
0
0
0
0
0
0
0
0
0
0
0
0
0
0
0
0
0
0
0
0
0
0
0
0
0
0
0
6.2548e-09
3.61454e-08
3.99873e-08
1.61932e-08
0
0
0
0
0
0
9.92693e-09
1.57095e-08
0
0
0
4.65298e-08
6.04102e-08
4.09656e-08
1.23347e-08
0
0
0
0
0
0
0
0
0
0
0
0
0
0
0
0
0
0
0
0
0
0
0
0
0
0
0
0
0
0
0
0
0
0
0
0
0
7.82514e-08
5.94613e-08
0
0
0
0
0
0
7.02245e-08
3.28979e-07
4.44181e-07
2.67488e-07
0
7.89642e-07
7.23183e-07
2.83034e-07
4.66207e-08
0
0
0
1.67277e-08
5.55558e-08
6.46386e-08
7.63645e-08
2.27304e-07
7.508e-07
0
0
1.52594e-07
2.18233e-07
2.12921e-07
1.83566e-07
1.4668e-07
1.15287e-07
1.02931e-07
1.13699e-07
1.34699e-07
1.50861e-07
1.65233e-07
1.76323e-07
1.83366e-07
1.83123e-07
1.77419e-07
1.68205e-07
1.50558e-07
1.33133e-07
1.28674e-07
1.34749e-07
1.47626e-07
1.50921e-07
1.36109e-07
1.08219e-07
8.48263e-08
7.89051e-08
8.62908e-08
9.26413e-08
8.6758e-08
7.45901e-08
6.54344e-08
6.17546e-08
6.18943e-08
6.23535e-08
6.05377e-08
5.79506e-08
5.58413e-08
5.36867e-08
5.04932e-08
4.34597e-08
3.1123e-08
1.93126e-08
1.22154e-08
6.15425e-09
0
0
0
0
0
0
0
0
1.69673e-08
0
0
0
0
0
0
0
0
0
0
0
0
0
0
0
0
0
0
0
0
0
0
0
0
0
0
0
0
0
0
0
0
0
0
0
0
0
0
0
0
0
0
0
0
1.65705e-08
3.32866e-08
2.53349e-08
0
0
0
0
0
0
0
1.16606e-08
1.25018e-08
7.47502e-09
1.53918e-08
4.50738e-08
6.2215e-08
6.53686e-08
5.45597e-08
1.73876e-08
0
0
0
0
0
0
0
0
0
0
0
0
0
0
0
0
0
0
0
0
0
0
0
0
0
0
0
0
0
0
0
0
0
0
0
0
5.78299e-08
8.08916e-08
0
0
0
0
0
0
8.09762e-08
3.72914e-07
4.30707e-07
2.22996e-07
3.00072e-07
1.45405e-06
9.78363e-07
4.33152e-07
1.04951e-07
0
0
3.13927e-08
8.899e-08
1.02989e-07
9.82207e-08
1.17303e-07
1.81402e-07
3.57104e-07
5.79625e-08
8.62935e-08
2.01329e-07
2.31352e-07
2.21604e-07
1.90235e-07
1.53474e-07
1.25752e-07
1.14978e-07
1.21084e-07
1.34499e-07
1.47037e-07
1.58997e-07
1.6225e-07
1.6212e-07
1.62865e-07
1.62496e-07
1.58851e-07
1.49775e-07
1.35784e-07
1.31077e-07
1.35987e-07
1.4808e-07
1.54124e-07
1.43226e-07
1.17877e-07
9.09114e-08
7.88086e-08
8.16817e-08
8.91566e-08
8.69748e-08
7.57802e-08
6.58572e-08
6.16331e-08
6.14509e-08
6.28971e-08
6.24378e-08
6.00898e-08
5.78111e-08
5.56043e-08
5.22949e-08
4.49739e-08
3.09634e-08
1.6588e-08
9.06392e-09
6.43473e-09
1.55911e-09
0
0
0
0
0
0
0
2.39801e-08
2.39696e-08
0
0
0
0
0
0
0
0
0
0
0
0
0
0
0
0
0
0
0
0
0
0
0
0
0
0
0
0
0
0
0
0
0
0
0
0
0
0
0
0
0
0
0
2.73071e-09
8.7794e-09
7.61461e-09
0
0
0
0
0
0
0
9.90035e-09
4.7095e-08
5.41435e-08
5.70947e-08
5.89082e-08
6.10198e-08
5.67105e-08
4.61627e-08
2.21239e-08
0
0
0
0
0
0
0
0
0
0
0
0
0
0
0
0
0
0
0
0
0
0
0
0
0
0
0
0
0
0
0
0
0
0
0
0
1.06964e-07
1.50805e-07
0
0
0
0
0
0
2.29264e-07
4.23312e-07
3.98609e-07
2.32543e-07
1.19603e-06
1.63667e-06
1.12653e-06
5.57329e-07
1.75242e-07
2.79862e-08
2.78885e-08
1.32277e-07
1.32541e-07
8.03364e-08
6.15229e-08
6.6672e-08
9.15322e-08
1.98699e-07
1.18246e-07
1.76506e-07
2.20592e-07
2.23834e-07
2.09396e-07
1.84796e-07
1.51937e-07
1.29473e-07
1.19023e-07
1.19741e-07
1.26726e-07
1.34116e-07
1.41665e-07
1.42706e-07
1.42032e-07
1.43972e-07
1.45906e-07
1.45428e-07
1.42243e-07
1.34205e-07
1.2996e-07
1.32558e-07
1.41345e-07
1.48099e-07
1.41095e-07
1.20955e-07
9.51424e-08
7.88009e-08
7.60466e-08
8.07792e-08
8.09088e-08
7.149e-08
6.10627e-08
5.6517e-08
5.6313e-08
5.9071e-08
6.07834e-08
5.94801e-08
5.70917e-08
5.45437e-08
5.10563e-08
4.43419e-08
3.06781e-08
1.46264e-08
5.66045e-09
4.54854e-09
3.64617e-09
0
0
0
0
0
0
0
1.10488e-08
4.30914e-08
4.48668e-09
0
0
0
0
0
0
0
0
0
0
0
0
0
0
0
0
0
0
0
0
0
0
0
0
0
0
0
0
0
0
0
0
0
0
0
0
0
0
0
0
0
0
0
6.47679e-10
9.61067e-11
0
0
6.23949e-10
1.95395e-09
0
0
0
1.01696e-08
3.26512e-08
4.14811e-08
4.69614e-08
5.14861e-08
4.40593e-08
3.71206e-08
4.09334e-08
2.99075e-08
1.35945e-08
0
0
0
0
0
0
0
0
0
0
0
0
0
0
0
0
0
0
0
1.84728e-08
0
0
0
0
0
0
0
0
0
0
0
0
0
0
8.59703e-08
2.77095e-07
4.59942e-07
2.43746e-07
0
0
0
0
2.0319e-07
4.4109e-07
4.75952e-07
3.82739e-07
4.88229e-07
1.88317e-06
1.708e-06
1.2498e-06
6.03501e-07
1.86241e-07
7.68421e-08
9.18332e-08
1.27676e-07
1.14953e-07
4.47767e-08
0
0
0
7.92306e-08
1.76954e-07
2.01785e-07
2.15268e-07
2.05633e-07
1.88318e-07
1.66211e-07
1.42685e-07
1.27725e-07
1.18604e-07
1.15117e-07
1.16728e-07
1.20024e-07
1.25609e-07
1.30537e-07
1.33186e-07
1.36076e-07
1.37946e-07
1.38345e-07
1.37856e-07
1.34495e-07
1.311e-07
1.31067e-07
1.35055e-07
1.39779e-07
1.3546e-07
1.21199e-07
9.99838e-08
8.19772e-08
7.46301e-08
7.4729e-08
7.42105e-08
6.60819e-08
5.52655e-08
5.0315e-08
5.05315e-08
5.45483e-08
5.90801e-08
5.98473e-08
5.79147e-08
5.48659e-08
5.07227e-08
4.41238e-08
3.16108e-08
1.47615e-08
3.47996e-09
1.6222e-09
3.24861e-09
3.72302e-10
0
0
0
0
0
0
0
2.66167e-08
4.14378e-08
0
0
0
0
0
0
0
0
0
0
0
0
0
0
0
0
0
0
0
0
0
0
0
0
0
0
0
0
0
0
0
0
0
0
0
0
0
0
0
0
3.64276e-10
0
0
0
0
0
0
3.78972e-09
7.0758e-09
0
0
0
0
0
0
0
1.33697e-08
2.22854e-08
4.0872e-08
5.85746e-08
4.96695e-08
2.97213e-08
1.28082e-09
0
0
0
0
0
0
0
0
0
0
0
0
0
0
0
6.19328e-09
1.90801e-08
3.20508e-08
0
0
0
0
0
0
0
0
0
0
0
0
0
0
3.6952e-08
2.39056e-07
5.35221e-07
1.00895e-06
1.58137e-06
0
0
0
5.01385e-07
7.21924e-07
6.97684e-07
5.54687e-07
4.71273e-07
1.27596e-06
1.95417e-06
1.74856e-06
1.32433e-06
5.00298e-07
1.11502e-07
7.70439e-08
7.62294e-08
9.98857e-08
1.11396e-07
7.07761e-08
0
0
0
8.51258e-08
1.64045e-07
1.81699e-07
1.84742e-07
1.76752e-07
1.60974e-07
1.42747e-07
1.28356e-07
1.20162e-07
1.13725e-07
1.08839e-07
1.06942e-07
1.08169e-07
1.13041e-07
1.23852e-07
1.31427e-07
1.34784e-07
1.35594e-07
1.34719e-07
1.34137e-07
1.33735e-07
1.31872e-07
1.30192e-07
1.29937e-07
1.30192e-07
1.26553e-07
1.17589e-07
1.02874e-07
8.57638e-08
7.50127e-08
7.01901e-08
6.65394e-08
5.89748e-08
4.8782e-08
4.32678e-08
4.40762e-08
4.87263e-08
5.60219e-08
5.98201e-08
5.9258e-08
5.63758e-08
5.13095e-08
4.38406e-08
3.20943e-08
1.5798e-08
2.65683e-09
0
1.02436e-09
1.27831e-09
0
0
0
0
0
0
0
3.39804e-09
3.26311e-08
2.44406e-08
0
0
0
0
0
5.63684e-09
0
0
0
0
0
0
0
0
0
0
0
0
0
0
0
0
0
0
0
0
0
0
0
0
0
0
0
0
0
0
0
0
2.70927e-11
7.32958e-10
0
0
1.89899e-09
1.8349e-09
0
0
0
2.99764e-09
2.43207e-09
0
0
0
0
0
0
6.56107e-09
3.14708e-08
6.47026e-08
7.28653e-08
5.75567e-08
3.51851e-08
1.5957e-08
0
0
0
0
0
0
0
0
0
0
0
0
0
2.0617e-08
1.07257e-07
1.8986e-07
2.69187e-07
3.28197e-07
2.02234e-07
0
0
0
0
0
0
0
0
0
0
0
0
0
0
1.2405e-07
3.72855e-07
7.88613e-07
1.47977e-06
0
0
7.98984e-07
1.31454e-06
1.27375e-06
1.01457e-06
7.1538e-07
9.81987e-07
1.81916e-06
1.70871e-06
1.68568e-06
1.24165e-06
2.50757e-07
9.82367e-08
8.69869e-08
7.58101e-08
8.04807e-08
8.83854e-08
7.20966e-08
1.91143e-08
0
0
2.32178e-07
1.92043e-07
1.73663e-07
1.62359e-07
1.48274e-07
1.32957e-07
1.224e-07
1.1606e-07
1.10665e-07
1.06142e-07
1.02196e-07
9.99058e-08
1.00488e-07
1.04942e-07
1.16103e-07
1.27595e-07
1.3271e-07
1.33283e-07
1.32023e-07
1.31208e-07
1.31525e-07
1.30055e-07
1.28024e-07
1.256e-07
1.22296e-07
1.18508e-07
1.13189e-07
1.03814e-07
8.92937e-08
7.61517e-08
6.70814e-08
5.92412e-08
5.12866e-08
4.30091e-08
3.74956e-08
3.82047e-08
4.28752e-08
5.14919e-08
5.8696e-08
6.02593e-08
5.81321e-08
5.25702e-08
4.35321e-08
3.13685e-08
1.64566e-08
3.11963e-09
0
0
3.02346e-10
0
0
0
0
0
0
0
0
9.45267e-09
2.82185e-08
6.25174e-09
0
0
0
0
3.77014e-09
8.71546e-09
0
0
0
0
0
0
0
0
0
0
0
0
0
0
0
0
0
0
0
0
0
0
0
0
0
0
0
0
0
0
0
0
6.00243e-10
1.74523e-09
5.67198e-09
8.89851e-09
2.40159e-09
0
0
0
0
0
0
0
0
0
0
0
0
3.7071e-08
5.47064e-08
5.79332e-08
4.66468e-08
2.94173e-08
1.52762e-08
2.90066e-09
0
0
0
0
0
0
0
0
0
0
0
0
6.74279e-08
3.6574e-07
7.08978e-07
1.03156e-06
1.34687e-06
1.11101e-06
0
0
0
0
0
0
0
0
0
0
0
0
0
0
1.48577e-07
4.46655e-07
7.6664e-07
7.92722e-07
0
3.5353e-07
2.25563e-06
2.09109e-06
1.73149e-06
1.30211e-06
1.26183e-06
1.55593e-06
1.31934e-06
1.3491e-06
1.39611e-06
7.19158e-07
1.03903e-07
1.08649e-07
9.69887e-08
8.19631e-08
7.66926e-08
7.71493e-08
6.90827e-08
4.68223e-08
1.82003e-08
4.26325e-08
1.78883e-07
1.97e-07
1.67815e-07
1.39193e-07
1.191e-07
1.09799e-07
1.07226e-07
1.05575e-07
1.01499e-07
9.76618e-08
9.53886e-08
9.44383e-08
9.51031e-08
9.83435e-08
1.067e-07
1.18023e-07
1.24488e-07
1.2619e-07
1.26376e-07
1.26481e-07
1.27242e-07
1.26088e-07
1.24198e-07
1.21344e-07
1.16946e-07
1.13206e-07
1.10059e-07
1.03975e-07
9.16782e-08
7.68178e-08
6.45719e-08
5.34271e-08
4.46018e-08
3.87774e-08
3.47594e-08
3.45279e-08
3.85731e-08
4.64712e-08
5.59628e-08
6.01034e-08
5.9044e-08
5.36474e-08
4.30261e-08
2.92851e-08
1.54826e-08
4.25894e-09
0
0
0
0
0
0
0
0
0
0
0
0
1.14351e-08
1.88653e-08
0
0
0
0
0
1.11273e-08
1.2823e-09
0
0
0
0
0
0
0
0
0
0
0
0
0
0
0
0
0
0
0
0
0
0
0
0
0
0
0
0
0
0
2.25657e-08
2.50003e-08
2.59283e-08
2.68453e-08
2.46033e-08
1.27152e-08
0
0
0
0
0
0
8.49283e-10
2.74859e-09
0
0
0
0
1.79852e-08
3.5543e-08
4.00211e-08
3.24334e-08
1.87437e-08
7.68018e-09
3.10548e-10
0
0
0
0
0
0
0
0
0
0
0
0
1.28583e-07
1.19462e-06
1.81291e-06
1.66525e-06
8.03734e-07
1.51503e-07
4.43667e-08
0
0
0
0
0
0
0
0
0
0
0
0
0
0
0
0
0
0
1.60046e-07
4.7641e-07
6.5425e-07
1.09924e-06
1.33495e-06
1.06717e-06
7.74862e-07
7.79588e-07
8.75368e-07
8.96311e-07
1.39306e-07
1.03978e-07
1.09859e-07
9.74833e-08
8.40966e-08
7.48802e-08
7.17051e-08
6.97356e-08
6.06162e-08
4.34644e-08
4.84023e-08
9.05816e-08
1.15383e-07
1.14116e-07
1.04815e-07
9.79e-08
9.56142e-08
9.56803e-08
9.4949e-08
9.16651e-08
8.86287e-08
8.76719e-08
8.81885e-08
8.94312e-08
9.16991e-08
9.70387e-08
1.05458e-07
1.12326e-07
1.15862e-07
1.1781e-07
1.19691e-07
1.21422e-07
1.21017e-07
1.19384e-07
1.17661e-07
1.13941e-07
1.10597e-07
1.08253e-07
1.03482e-07
9.26154e-08
7.62479e-08
6.15445e-08
4.8909e-08
3.99782e-08
3.64946e-08
3.51868e-08
3.44987e-08
3.68956e-08
4.2705e-08
5.19189e-08
5.81732e-08
5.83221e-08
5.33416e-08
4.1693e-08
2.56294e-08
1.18209e-08
4.72723e-09
3.64185e-10
0
0
0
0
0
0
0
0
0
0
0
0
1.09673e-08
1.12382e-08
0
0
0
0
3.69437e-09
1.34904e-08
0
0
0
0
0
0
0
0
0
0
0
0
0
0
0
0
0
0
0
0
0
0
0
0
0
0
0
0
0
0
4.05821e-08
4.84744e-08
5.77412e-08
6.55995e-08
6.11781e-08
3.84099e-08
1.06038e-08
0
0
1.7984e-09
7.73712e-09
1.02456e-08
8.20686e-09
7.01164e-09
0
0
0
0
8.12811e-09
2.42347e-08
2.55948e-08
2.09452e-08
1.37055e-08
5.41225e-09
1.12638e-09
0
0
0
0
0
0
0
0
0
0
0
0
1.87738e-08
4.12916e-07
5.11811e-07
2.99735e-07
1.19185e-07
7.11791e-08
5.94083e-08
3.88126e-08
1.13271e-08
0
0
0
0
0
0
0
0
0
0
0
0
0
0
0
0
0
0
1.68568e-07
4.13202e-07
4.81017e-07
3.63449e-07
3.45224e-07
3.96887e-07
4.39028e-07
2.79536e-07
9.48926e-08
1.13427e-07
1.06206e-07
9.33422e-08
8.09926e-08
6.95279e-08
5.9659e-08
5.43225e-08
5.16921e-08
4.43389e-08
4.99882e-08
7.34271e-08
9.06593e-08
9.60888e-08
9.43094e-08
9.0111e-08
8.65137e-08
8.44354e-08
8.23117e-08
7.99225e-08
7.85639e-08
7.87485e-08
8.01781e-08
8.20074e-08
8.4226e-08
8.83305e-08
9.44033e-08
1.00813e-07
1.05537e-07
1.08852e-07
1.12089e-07
1.1503e-07
1.15742e-07
1.14972e-07
1.14495e-07
1.12249e-07
1.09209e-07
1.06609e-07
1.01393e-07
9.05563e-08
7.30729e-08
5.66407e-08
4.41636e-08
3.67527e-08
3.56132e-08
3.73467e-08
3.77109e-08
3.81254e-08
4.12421e-08
4.7694e-08
5.41556e-08
5.52027e-08
5.04648e-08
3.83855e-08
2.00904e-08
4.86726e-09
2.39162e-09
4.18704e-09
3.81447e-10
0
0
0
0
0
0
2.72161e-10
1.92704e-09
0
0
0
0
1.00745e-08
7.19165e-09
0
0
0
0
8.09884e-09
1.33264e-08
0
0
0
0
0
0
0
0
0
0
0
0
0
0
0
0
0
0
0
0
0
0
0
0
0
0
0
0
0
1.35483e-08
4.05643e-08
6.3671e-08
7.95905e-08
7.43431e-08
5.20566e-08
3.08375e-08
1.93957e-08
1.59906e-08
1.51914e-08
1.2991e-08
8.56587e-09
2.07145e-10
0
0
0
0
0
0
1.07493e-08
1.48628e-08
1.23237e-08
5.99128e-09
0
0
0
0
0
0
0
0
0
0
0
0
0
0
0
3.17345e-08
4.40482e-08
1.78658e-08
1.716e-08
3.76211e-08
5.22575e-08
4.93661e-08
3.29473e-08
1.26243e-08
0
0
0
0
0
0
0
0
0
0
0
0
0
0
0
0
0
1.10846e-08
7.27427e-08
1.13413e-07
1.2632e-07
1.55314e-07
1.76422e-07
1.64393e-07
8.75311e-08
1.10104e-07
1.0786e-07
9.5767e-08
8.35149e-08
7.28127e-08
6.3282e-08
5.47917e-08
4.8123e-08
4.30376e-08
4.02288e-08
4.87039e-08
6.7063e-08
8.14136e-08
8.64897e-08
8.449e-08
7.92587e-08
7.40756e-08
7.01852e-08
6.72077e-08
6.6471e-08
6.71526e-08
6.87433e-08
7.09536e-08
7.34681e-08
7.64677e-08
8.08816e-08
8.67287e-08
9.32594e-08
9.86994e-08
1.02589e-07
1.06187e-07
1.09696e-07
1.11413e-07
1.11502e-07
1.11682e-07
1.10228e-07
1.06758e-07
1.03299e-07
9.67105e-08
8.45361e-08
6.59247e-08
4.89472e-08
3.83174e-08
3.39647e-08
3.54305e-08
3.987e-08
4.23183e-08
4.18272e-08
4.21015e-08
4.48833e-08
4.90403e-08
4.9891e-08
4.50418e-08
3.26062e-08
1.2635e-08
0
0
6.71942e-09
5.39638e-09
0
0
0
0
0
0
6.88819e-10
5.53664e-09
2.69756e-09
0
0
0
2.28064e-09
9.11554e-09
4.64627e-09
0
0
0
0
1.43439e-08
1.57814e-08
0
0
0
0
0
0
0
0
0
0
0
0
0
0
0
0
0
0
2.97818e-10
3.70128e-10
2.81696e-10
1.58008e-10
4.32586e-11
0
0
0
0
0
0
0
0
0
1.73977e-08
3.12815e-08
2.57417e-08
1.66599e-08
1.0053e-08
5.20412e-09
0
0
0
0
0
0
0
0
0
5.49956e-09
1.02027e-08
6.97524e-09
8.56174e-10
0
0
0
0
0
0
0
0
0
0
0
0
0
0
0
0
0
0
0
2.4204e-08
4.28385e-08
4.25257e-08
2.9465e-08
1.37563e-08
2.41832e-09
0
0
0
0
0
0
0
0
0
0
0
0
0
0
0
0
1.2586e-08
1.95991e-08
2.1097e-08
2.5987e-08
2.46255e-08
0
6.0381e-08
9.64257e-08
9.90668e-08
9.24245e-08
8.23194e-08
7.21125e-08
6.37573e-08
5.79771e-08
5.41693e-08
5.1017e-08
4.78492e-08
4.58759e-08
4.88922e-08
5.83113e-08
6.85356e-08
7.22561e-08
6.92301e-08
6.29977e-08
5.79176e-08
5.47875e-08
5.30627e-08
5.36783e-08
5.59516e-08
5.89773e-08
6.22909e-08
6.58823e-08
7.00572e-08
7.53311e-08
8.21459e-08
8.96004e-08
9.58041e-08
9.98444e-08
1.03058e-07
1.06275e-07
1.0853e-07
1.09252e-07
1.09343e-07
1.06792e-07
1.01626e-07
9.72504e-08
8.92177e-08
7.48373e-08
5.48303e-08
3.85494e-08
3.16091e-08
3.14269e-08
3.57061e-08
4.23783e-08
4.70535e-08
4.7114e-08
4.5047e-08
4.4211e-08
4.44794e-08
4.33662e-08
3.78143e-08
2.49961e-08
4.11401e-09
0
0
3.70725e-09
9.88515e-09
2.79835e-10
0
0
0
0
0
4.24513e-10
5.09809e-09
7.22585e-09
1.67587e-09
0
0
0
3.64026e-09
7.42486e-09
1.91599e-09
0
0
0
3.71221e-09
2.53806e-08
2.40355e-08
0
0
0
0
0
0
0
0
0
0
0
0
0
0
0
5.81135e-12
1.24439e-09
1.44522e-09
1.23465e-09
9.20966e-10
6.39209e-10
4.34819e-10
2.79836e-10
0
0
0
0
0
0
0
0
0
0
0
0
0
0
0
0
0
0
0
0
0
0
0
0
0
0
0
0
0
0
0
0
0
0
0
0
0
0
0
0
0
0
0
0
0
0
1.11723e-08
2.53786e-08
2.36479e-08
1.28951e-08
2.17596e-09
0
0
0
0
0
0
0
0
0
0
0
0
0
0
0
3.36495e-08
7.88171e-08
5.34873e-08
1.11663e-08
0
0
0
2.87692e-08
7.22137e-08
8.076e-08
7.91121e-08
7.68298e-08
7.26607e-08
6.61764e-08
6.03605e-08
5.70558e-08
5.62716e-08
5.63661e-08
5.56655e-08
5.34518e-08
5.19309e-08
5.4371e-08
5.80665e-08
5.74657e-08
5.214e-08
4.63883e-08
4.34193e-08
4.24124e-08
4.28038e-08
4.45634e-08
4.75286e-08
5.15647e-08
5.63287e-08
6.1478e-08
6.70329e-08
7.29359e-08
7.94001e-08
8.72713e-08
9.48662e-08
9.97445e-08
1.0294e-07
1.05909e-07
1.08342e-07
1.09587e-07
1.08822e-07
1.03716e-07
9.52462e-08
8.99005e-08
8.06963e-08
6.32059e-08
4.13936e-08
2.66928e-08
2.49641e-08
2.95905e-08
3.65967e-08
4.50954e-08
5.17015e-08
5.33108e-08
5.01927e-08
4.60083e-08
4.21583e-08
3.75029e-08
3.03266e-08
1.72624e-08
0
0
0
0
9.77211e-09
1.81817e-09
0
0
0
0
0
0
2.92671e-09
5.98205e-09
6.11254e-09
1.21059e-09
0
0
0
2.72876e-09
5.29685e-09
2.90146e-10
0
0
0
1.60602e-08
4.16934e-08
3.46101e-08
0
0
0
0
0
0
0
0
0
0
0
0
0
4.44635e-10
3.1828e-09
3.76793e-09
3.35432e-09
2.63104e-09
1.93314e-09
1.37865e-09
9.67319e-10
4.2122e-10
0
0
0
0
0
0
0
0
0
0
0
0
0
0
0
0
0
0
0
0
0
0
0
0
0
0
0
0
0
0
0
0
0
0
0
0
0
0
0
0
0
0
0
0
0
0
0
0
3.19069e-09
0
0
0
0
0
1.75178e-09
0
0
0
0
0
0
0
0
3.59406e-09
9.59438e-09
1.73668e-08
3.36651e-08
6.57088e-08
8.99527e-08
4.95903e-08
0
0
1.85829e-08
4.51348e-08
5.60854e-08
5.94432e-08
6.27669e-08
6.6193e-08
6.58774e-08
6.1998e-08
5.70826e-08
5.28716e-08
5.01542e-08
4.92051e-08
4.93679e-08
4.84234e-08
4.63457e-08
4.4638e-08
4.18966e-08
3.70158e-08
3.1855e-08
2.91532e-08
2.86456e-08
2.95664e-08
3.1114e-08
3.3192e-08
3.6206e-08
4.06407e-08
4.633e-08
5.27578e-08
5.93039e-08
6.53942e-08
7.11561e-08
7.72085e-08
8.45102e-08
9.0438e-08
9.41893e-08
9.73387e-08
1.00375e-07
1.028e-07
1.01851e-07
9.57319e-08
8.45666e-08
7.86742e-08
6.93225e-08
4.8323e-08
2.52336e-08
1.3406e-08
1.75126e-08
2.63582e-08
3.48969e-08
4.40282e-08
5.16016e-08
5.45826e-08
5.20052e-08
4.59396e-08
3.92741e-08
3.15961e-08
2.26443e-08
1.03064e-08
0
0
0
0
2.80774e-09
1.4952e-09
0
0
0
0
0
0
9.9599e-10
1.991e-09
3.91394e-09
4.71619e-09
1.74452e-09
0
0
0
1.0142e-09
5.83343e-09
3.02194e-09
0
0
4.90382e-09
3.35356e-08
5.68986e-08
3.76012e-08
0
0
0
0
0
0
0
0
0
0
0
3.26069e-09
7.46979e-09
8.57173e-09
7.78805e-09
6.2761e-09
4.703e-09
3.39504e-09
2.39308e-09
1.61083e-09
6.47111e-10
0
0
0
0
5.33898e-08
4.11588e-08
1.65416e-08
0
0
0
0
0
0
0
0
0
0
0
0
0
7.78283e-08
7.35267e-08
4.44561e-08
2.29206e-08
7.90259e-09
0
0
0
0
0
0
0
0
0
0
1.66798e-10
4.7509e-09
8.30356e-09
9.32038e-09
5.84857e-09
0
0
0
0
0
0
0
1.68244e-08
6.0626e-08
8.13856e-08
8.91153e-08
9.42859e-08
8.39454e-08
3.97575e-08
2.01882e-08
1.76842e-08
1.2722e-08
7.54623e-09
4.26523e-09
3.52201e-09
5.48208e-09
9.41447e-09
1.37e-08
1.72458e-08
2.06741e-08
2.48285e-08
2.95376e-08
3.28272e-08
3.03077e-08
1.98461e-08
1.30307e-08
1.82607e-08
2.88532e-08
3.59634e-08
4.11705e-08
4.71526e-08
5.27516e-08
5.57322e-08
5.40691e-08
5.02846e-08
4.67509e-08
4.3702e-08
4.04075e-08
3.70384e-08
3.51183e-08
3.48772e-08
3.39e-08
3.00116e-08
2.33293e-08
1.64908e-08
1.22324e-08
1.13324e-08
1.24876e-08
1.40838e-08
1.55646e-08
1.71892e-08
1.97191e-08
2.37876e-08
2.96611e-08
3.7076e-08
4.48275e-08
5.18276e-08
5.79218e-08
6.35158e-08
6.94075e-08
7.47139e-08
7.84598e-08
8.18172e-08
8.59089e-08
8.85513e-08
8.8071e-08
8.26812e-08
7.03971e-08
6.49088e-08
5.7357e-08
3.28547e-08
8.64286e-09
7.66285e-10
1.00892e-08
2.20778e-08
3.12429e-08
3.99643e-08
4.74915e-08
5.11274e-08
4.92887e-08
4.25255e-08
3.42732e-08
2.59931e-08
1.64156e-08
5.15102e-09
0
0
0
0
0
0
0
0
0
0
0
0
0
0
0
1.78021e-09
4.20225e-09
1.61627e-09
0
0
0
3.4293e-09
1.18427e-08
8.74805e-09
6.89725e-10
1.35575e-09
2.08372e-08
5.09489e-08
6.06395e-08
2.28125e-08
0
0
0
0
0
0
0
1.29261e-08
1.53936e-08
1.76178e-08
1.94727e-08
1.92952e-08
1.71543e-08
1.39035e-08
1.05715e-08
7.65086e-09
5.41084e-09
3.70858e-09
2.40248e-09
1.1098e-09
1.82202e-10
0
0
0
0
0
0
0
0
0
0
0
0
0
0
0
0
0
0
0
0
1.26614e-08
1.75064e-08
9.17357e-09
0
0
0
0
0
0
0
7.40251e-09
1.53153e-08
2.23327e-08
2.82151e-08
3.30071e-08
3.70883e-08
4.08904e-08
4.43885e-08
4.75869e-08
5.05138e-08
5.32391e-08
5.28614e-08
4.78267e-08
4.13044e-08
3.73632e-08
3.71351e-08
3.70797e-08
3.41239e-08
2.90909e-08
2.36796e-08
1.74908e-08
1.08934e-08
1.26698e-08
2.22082e-08
2.73418e-08
2.69016e-08
2.43973e-08
2.29727e-08
2.3859e-08
2.59148e-08
2.70865e-08
2.64306e-08
2.49022e-08
2.30093e-08
2.07792e-08
1.78641e-08
1.44151e-08
1.24068e-08
1.30441e-08
1.57965e-08
1.8548e-08
1.98556e-08
2.08097e-08
2.26259e-08
2.48722e-08
2.59734e-08
2.4048e-08
1.89294e-08
1.44981e-08
1.38727e-08
1.62668e-08
1.81093e-08
1.71595e-08
1.48192e-08
1.34048e-08
1.16587e-08
6.99274e-09
3.41672e-10
0
0
0
0
0
0
0
0
0
2.96988e-09
1.03073e-08
1.88332e-08
2.70119e-08
3.40649e-08
4.02522e-08
4.57658e-08
5.05442e-08
5.43546e-08
5.81836e-08
6.1771e-08
6.33493e-08
6.21999e-08
5.68706e-08
4.38266e-08
3.96962e-08
4.08457e-08
1.7128e-08
0
0
1.87334e-09
1.45087e-08
2.3414e-08
3.1048e-08
3.78699e-08
4.16933e-08
4.05552e-08
3.39305e-08
2.47514e-08
1.79694e-08
1.09438e-08
2.06836e-09
0
0
0
0
0
0
0
0
0
0
0
0
0
0
0
0
5.69016e-10
3.37687e-09
0
0
0
0
1.19992e-08
1.8288e-08
1.2022e-08
6.06394e-09
1.49095e-08
3.81422e-08
5.46315e-08
4.30041e-08
0
0
0
0
0
0
1.77245e-08
5.43751e-08
6.12579e-08
5.45245e-08
4.6674e-08
3.85778e-08
3.05988e-08
2.3114e-08
1.68403e-08
1.18182e-08
8.18858e-09
5.43773e-09
3.45629e-09
1.70144e-09
5.84817e-10
7.704e-11
0
0
0
0
0
0
3.91583e-08
6.89214e-08
8.00707e-08
9.44854e-08
1.27893e-07
1.70229e-07
1.92197e-07
1.67663e-07
9.54629e-08
0
0
0
0
0
0
0
0
0
0
0
0
0
2.87994e-09
1.86842e-08
3.22317e-08
4.39717e-08
5.42236e-08
6.36548e-08
7.21825e-08
7.93658e-08
8.53446e-08
9.08033e-08
9.5898e-08
9.93192e-08
9.91462e-08
9.45139e-08
8.6153e-08
7.5167e-08
6.23691e-08
4.94396e-08
3.78647e-08
2.911e-08
2.46267e-08
2.52266e-08
2.90415e-08
3.21792e-08
3.43366e-08
3.64421e-08
3.75157e-08
3.72806e-08
3.64081e-08
3.51267e-08
3.2972e-08
2.96365e-08
2.54105e-08
2.03387e-08
1.39849e-08
7.35485e-09
2.33305e-09
2.38982e-10
3.73319e-10
8.3005e-10
4.16146e-10
0
0
0
0
0
0
0
0
0
0
0
0
0
0
0
0
0
0
0
0
0
0
0
0
0
0
0
0
0
0
0
1.53278e-09
8.36303e-09
1.53526e-08
2.19019e-08
2.72712e-08
3.25161e-08
3.75903e-08
3.9832e-08
3.86927e-08
3.33083e-08
1.8823e-08
1.20155e-08
3.24919e-08
1.52386e-08
0
0
0
4.72257e-09
1.2439e-08
1.87764e-08
2.46735e-08
2.87096e-08
2.87495e-08
2.33935e-08
1.42837e-08
9.3268e-09
7.0042e-09
1.66737e-09
0
0
0
0
0
0
0
0
0
0
0
0
0
0
0
0
0
0
1.67192e-09
0
0
0
8.17372e-09
1.91079e-08
1.90791e-08
1.42136e-08
1.75718e-08
3.17593e-08
4.20891e-08
3.71518e-08
6.56867e-10
0
0
0
0
0
5.48034e-08
1.14653e-07
1.33811e-07
1.15515e-07
9.20848e-08
7.04211e-08
5.23035e-08
3.75962e-08
2.64749e-08
1.80707e-08
1.22963e-08
7.92748e-09
5.01679e-09
2.52687e-09
1.11275e-09
2.87215e-10
1.21643e-11
0
0
0
0
0
5.51998e-08
1.31939e-07
1.90393e-07
2.41723e-07
2.97847e-07
3.59509e-07
4.06667e-07
4.0755e-07
3.4375e-07
2.27731e-07
9.69068e-08
0
0
0
0
0
0
0
0
0
0
1.15028e-08
3.20245e-08
5.04894e-08
6.73789e-08
8.32033e-08
9.82512e-08
1.1273e-07
1.27076e-07
1.40548e-07
1.51183e-07
1.58664e-07
1.6461e-07
1.68066e-07
1.66146e-07
1.58992e-07
1.47506e-07
1.32713e-07
1.16524e-07
1.0201e-07
9.11698e-08
8.52859e-08
8.42261e-08
8.50315e-08
8.30666e-08
7.68329e-08
6.90866e-08
6.27615e-08
5.85013e-08
5.54819e-08
5.31531e-08
5.11858e-08
4.89767e-08
4.56681e-08
4.04788e-08
3.32776e-08
2.47457e-08
1.57794e-08
7.35806e-09
3.8719e-10
0
0
0
0
0
0
0
0
0
0
0
0
0
0
0
0
0
0
0
0
0
0
0
0
0
0
0
0
0
0
0
0
0
0
0
0
0
0
0
0
0
0
1.82488e-09
1.39876e-09
0
0
2.81946e-08
2.25325e-08
2.319e-10
0
0
0
0
4.85048e-09
8.99875e-09
1.20095e-08
1.30659e-08
1.03547e-08
3.69853e-09
1.23393e-09
2.68327e-09
9.53063e-10
0
0
0
0
0
0
0
0
0
0
0
0
5.63096e-10
0
0
0
0
0
0
0
0
0
7.58897e-09
1.52397e-08
1.72497e-08
1.7462e-08
2.27276e-08
3.15246e-08
3.28384e-08
2.35096e-08
0
0
0
0
0
5.51405e-09
1.2282e-07
2.04357e-07
2.3747e-07
2.04786e-07
1.58057e-07
1.16154e-07
8.29079e-08
5.75547e-08
3.94838e-08
2.62942e-08
1.76309e-08
1.10383e-08
7.01765e-09
3.52499e-09
1.80754e-09
5.55424e-10
1.67262e-10
0
0
0
0
6.32858e-09
4.48916e-08
6.9756e-08
9.4698e-08
1.33036e-07
1.89455e-07
2.54732e-07
3.05441e-07
3.12706e-07
2.60657e-07
1.6292e-07
5.79856e-08
0
0
0
0
0
0
9.54325e-09
2.66321e-08
3.86018e-08
4.78111e-08
5.65229e-08
6.65575e-08
7.93466e-08
9.52973e-08
1.13831e-07
1.33969e-07
1.54891e-07
1.75815e-07
1.94986e-07
2.10342e-07
2.21808e-07
2.30675e-07
2.35968e-07
2.34625e-07
2.25757e-07
2.12004e-07
1.95739e-07
1.78995e-07
1.63495e-07
1.49396e-07
1.36779e-07
1.25166e-07
1.14488e-07
1.0538e-07
9.83194e-08
9.32188e-08
8.93638e-08
8.56109e-08
8.14007e-08
7.70376e-08
7.06591e-08
6.12259e-08
4.88357e-08
3.43306e-08
1.8875e-08
3.44495e-09
0
0
0
0
0
0
0
0
0
0
0
0
0
0
0
0
0
0
0
0
0
0
0
0
0
0
0
0
0
0
0
0
0
0
0
0
0
0
0
0
0
0
0
0
0
0
7.17974e-10
1.89789e-08
1.28291e-08
2.91745e-08
3.30983e-08
8.94307e-09
0
0
0
0
0
0
0
0
2.57155e-09
4.45201e-09
4.30721e-09
1.94487e-09
0
1.19413e-09
8.64449e-09
1.28872e-08
6.88898e-09
0
0
0
0
0
0
0
2.53514e-09
7.81494e-09
5.00653e-09
0
0
0
0
0
0
0
3.47288e-09
9.41939e-09
1.20538e-08
1.1335e-08
1.3693e-08
2.31511e-08
3.13843e-08
2.7371e-08
1.33665e-08
0
0
0
0
0
1.03469e-07
2.50182e-07
3.45792e-07
3.81785e-07
3.27928e-07
2.45577e-07
1.75779e-07
1.22351e-07
8.29871e-08
5.59003e-08
3.64887e-08
2.4212e-08
1.47404e-08
9.4896e-09
4.66419e-09
2.71268e-09
8.57791e-10
4.22734e-10
0
7.41476e-08
5.91777e-08
4.18619e-08
3.32826e-08
4.32001e-08
6.97052e-08
1.03911e-07
1.34274e-07
1.50322e-07
1.46448e-07
1.23203e-07
8.58659e-08
4.27408e-08
1.91263e-09
0
0
0
0
0
0
0
1.3801e-09
1.40053e-08
2.63995e-08
4.08445e-08
5.88467e-08
8.07748e-08
1.06035e-07
1.33462e-07
1.61856e-07
1.9054e-07
2.18867e-07
2.45497e-07
2.68903e-07
2.88833e-07
3.06434e-07
3.22341e-07
3.34839e-07
3.40716e-07
3.38238e-07
3.28959e-07
3.1691e-07
3.04681e-07
2.92173e-07
2.78088e-07
2.57559e-07
2.30586e-07
1.98835e-07
1.63952e-07
1.29221e-07
9.87676e-08
7.5628e-08
6.00685e-08
5.05335e-08
4.57274e-08
4.40327e-08
4.28815e-08
4.15157e-08
3.93739e-08
3.56431e-08
2.94882e-08
2.00333e-08
7.85534e-09
0
0
0
0
0
0
0
0
0
0
0
0
0
0
0
0
0
6.93197e-08
5.29797e-08
2.59278e-08
7.95063e-08
8.06476e-08
5.63381e-08
2.27957e-08
0
0
0
0
0
0
0
0
0
0
0
0
0
0
0
0
0
0
0
0
2.75596e-08
1.27616e-07
1.49709e-07
6.17392e-08
4.83069e-08
1.11261e-08
0
0
0
0
0
0
0
0
0
6.38897e-09
1.01584e-08
1.60689e-10
0
0
1.21304e-08
2.96955e-08
3.33043e-08
2.13102e-08
6.1462e-09
0
0
0
0
0
0
8.82383e-09
1.29331e-08
5.38645e-09
0
0
0
0
0
0
1.91022e-09
6.72121e-09
6.70565e-09
4.67912e-09
8.50327e-09
2.06575e-08
2.96668e-08
2.46815e-08
9.53767e-09
0
0
0
1.52498e-08
1.17138e-07
3.27768e-07
4.87965e-07
5.53367e-07
5.54786e-07
4.57841e-07
3.331e-07
2.34131e-07
1.60962e-07
1.0819e-07
7.24714e-08
4.68938e-08
3.10735e-08
1.85227e-08
1.21515e-08
5.74977e-09
3.76139e-09
1.09655e-09
8.05296e-10
0
1.45206e-07
1.77935e-07
1.86972e-07
1.80289e-07
1.57946e-07
1.23408e-07
8.52977e-08
5.66617e-08
4.90073e-08
6.57869e-08
9.90448e-08
1.32254e-07
1.49132e-07
1.42645e-07
1.17614e-07
8.5988e-08
5.92634e-08
4.40088e-08
4.22655e-08
5.29043e-08
7.267e-08
9.77211e-08
1.2522e-07
1.52907e-07
1.78849e-07
2.0144e-07
2.19497e-07
2.32754e-07
2.42024e-07
2.49096e-07
2.5626e-07
2.65512e-07
2.7797e-07
2.93209e-07
3.09737e-07
3.26115e-07
3.35698e-07
3.36722e-07
3.32385e-07
3.28452e-07
3.35264e-07
3.45884e-07
3.52088e-07
3.53028e-07
3.49359e-07
3.41337e-07
3.25614e-07
2.96658e-07
2.46548e-07
1.83559e-07
1.19303e-07
6.08013e-08
1.32882e-08
0
0
0
0
0
1.35035e-08
3.1277e-08
4.40917e-08
4.97862e-08
4.61605e-08
3.25409e-08
9.65999e-09
0
0
0
0
0
0
0
0
0
0
0
0
0
0
0
0
3.37255e-08
7.58225e-08
9.98287e-08
6.92404e-08
0
0
0
0
0
0
0
0
0
0
0
0
0
0
0
0
0
0
0
0
0
1.04117e-08
1.4048e-07
2.61364e-07
2.80639e-07
1.72656e-07
6.65609e-08
0
0
0
0
0
0
0
0
0
0
0
1.16331e-09
0
0
0
9.18878e-09
3.61725e-08
4.94743e-08
4.09914e-08
2.2869e-08
7.45296e-09
0
0
0
0
0
0
7.5404e-09
6.9511e-09
1.88661e-09
9.50298e-10
3.02502e-09
2.67249e-09
5.35816e-10
9.7226e-10
3.44732e-09
2.95726e-09
0
0
3.82473e-09
2.12733e-08
3.62381e-08
3.6447e-08
2.11376e-08
1.42474e-08
4.33302e-08
1.07231e-07
2.62185e-07
5.51398e-07
7.7545e-07
8.08736e-07
7.72651e-07
7.12938e-07
5.64261e-07
4.00954e-07
2.77697e-07
1.88924e-07
1.25877e-07
8.35942e-08
5.33491e-08
3.49493e-08
2.01061e-08
1.32001e-08
5.76232e-09
4.17856e-09
9.77828e-10
1.12585e-09
0
0
0
2.601e-08
7.95903e-08
1.23665e-07
1.54607e-07
1.70102e-07
1.68559e-07
1.48437e-07
1.10704e-07
6.19786e-08
1.41234e-08
0
0
0
2.58381e-08
6.87561e-08
1.07023e-07
1.3612e-07
1.58518e-07
1.7629e-07
1.89789e-07
2.00134e-07
2.0919e-07
2.17797e-07
2.25422e-07
2.30952e-07
2.33382e-07
2.32234e-07
2.27404e-07
2.194e-07
2.12694e-07
2.10742e-07
2.13835e-07
2.18655e-07
2.20005e-07
2.14849e-07
2.03628e-07
1.90051e-07
1.78714e-07
1.73458e-07
1.7648e-07
1.8947e-07
2.06322e-07
2.19037e-07
2.21821e-07
2.1112e-07
1.86417e-07
1.51772e-07
1.13565e-07
7.91913e-08
4.98889e-08
2.39944e-08
1.57142e-09
0
0
0
0
1.52315e-08
3.22122e-08
4.26038e-08
4.41663e-08
3.65039e-08
2.02921e-08
0
0
0
0
0
0
0
0
0
0
0
0
0
0
0
0
0
0
0
0
0
0
0
0
0
0
9.05201e-07
1.88983e-06
2.23531e-06
1.81392e-06
1.08741e-06
5.47872e-07
2.61774e-07
1.18002e-07
4.44962e-08
8.15765e-09
0
0
0
0
0
0
0
8.19048e-09
1.18502e-07
2.54941e-07
1.75726e-07
1.56733e-08
0
0
0
1.83728e-09
4.80754e-08
7.16067e-08
7.41304e-08
5.5767e-08
9.67061e-09
0
0
0
0
0
0
0
2.63496e-08
4.31039e-08
4.13294e-08
2.93821e-08
1.8213e-08
6.47777e-09
0
0
0
0
0
0
0
0
4.23332e-10
4.61952e-09
6.37623e-09
8.3959e-09
1.3922e-08
1.7003e-08
9.82673e-09
0
0
3.76913e-09
3.94177e-08
9.60186e-08
1.36543e-07
1.25399e-07
1.21464e-07
2.0576e-07
3.65744e-07
4.13523e-07
4.57397e-07
5.47288e-07
5.96349e-07
6.15396e-07
6.0555e-07
5.0094e-07
3.69256e-07
2.60558e-07
1.76754e-07
1.14187e-07
7.12849e-08
4.0888e-08
2.38562e-08
1.15662e-08
7.33799e-09
2.64546e-09
2.45575e-09
2.92018e-10
8.95591e-10
0
0
0
3.64508e-08
9.3458e-08
1.37366e-07
1.54935e-07
1.34386e-07
6.98906e-08
0
0
0
0
0
0
0
0
0
0
9.86555e-09
7.48356e-08
1.18327e-07
1.42064e-07
1.51591e-07
1.52963e-07
1.51043e-07
1.48939e-07
1.47512e-07
1.45592e-07
1.4134e-07
1.33992e-07
1.24466e-07
1.15224e-07
1.08369e-07
1.04235e-07
1.01287e-07
9.73141e-08
9.15299e-08
8.43298e-08
7.60669e-08
6.71405e-08
5.96485e-08
5.64781e-08
5.99672e-08
6.98962e-08
8.1524e-08
8.53665e-08
7.39821e-08
4.791e-08
1.48948e-08
0
0
0
0
3.07906e-08
7.73021e-08
1.20203e-07
1.50926e-07
1.65491e-07
1.64701e-07
1.51861e-07
1.30583e-07
1.03925e-07
7.40657e-08
4.22883e-08
1.18312e-08
0
0
0
0
0
0
0
0
0
0
0
4.16799e-08
5.83331e-08
0
0
0
0
0
0
0
0
0
0
0
0
0
0
4.39319e-07
9.07571e-07
1.1206e-06
1.11382e-06
9.75367e-07
7.6598e-07
5.49166e-07
3.7807e-07
2.48734e-07
1.44863e-07
9.0557e-08
7.07204e-08
2.07611e-08
0
0
0
0
5.53346e-08
0
0
0
0
0
2.93881e-07
4.53366e-07
4.82114e-07
4.51874e-07
4.11021e-07
3.42057e-07
1.73019e-07
0
0
0
0
0
0
2.21061e-08
4.99371e-08
7.2948e-08
8.89307e-08
8.98243e-08
6.63479e-08
3.016e-08
4.17778e-09
0
0
0
0
0
0
0
0
0
0
0
3.9599e-09
6.98449e-09
0
0
1.47099e-08
8.67496e-08
1.6111e-07
1.87758e-07
1.46543e-07
7.87565e-08
4.06814e-08
3.33935e-08
4.26556e-08
7.1533e-08
1.19223e-07
1.72477e-07
2.2167e-07
2.4647e-07
2.09735e-07
1.49064e-07
8.95653e-08
4.66716e-08
2.19012e-08
1.00513e-08
4.39702e-09
2.4449e-09
1.00029e-09
9.50704e-10
1.75542e-10
4.92219e-10
0
3.00015e-10
0
0
0
1.95969e-08
5.53654e-08
8.87282e-08
1.04922e-07
9.28306e-08
4.76702e-08
0
0
0
0
0
0
0
0
0
0
0
3.89599e-09
6.16868e-09
2.79397e-09
1.37239e-09
2.84929e-09
5.83611e-09
9.52799e-09
1.25748e-08
1.24607e-08
6.6901e-09
0
0
0
0
0
0
0
0
0
0
0
0
0
0
0
0
0
0
0
0
0
0
0
0
0
0
9.36599e-08
1.54667e-07
1.60743e-07
1.40808e-07
1.15484e-07
9.16068e-08
6.91736e-08
4.63132e-08
2.26478e-08
6.04769e-09
7.44864e-10
1.93696e-09
1.36789e-09
0
0
0
0
0
2.37357e-09
8.57051e-08
7.7231e-08
0
0
0
0
6.75949e-08
7.01766e-08
0
0
0
0
0
0
0
0
0
0
0
3.45358e-08
7.38499e-08
1.73116e-07
3.10864e-07
4.17421e-07
4.71743e-07
4.93965e-07
4.95576e-07
4.79135e-07
5.01021e-07
5.19994e-07
3.98891e-07
1.72572e-07
0
0
0
0
0
0
0
0
0
3.58928e-07
8.26178e-07
9.20902e-07
8.21333e-07
6.64709e-07
4.75814e-07
2.32396e-07
0
0
0
0
0
0
1.44942e-07
3.23115e-07
4.56586e-07
5.25938e-07
5.10996e-07
3.81525e-07
1.62789e-07
0
0
0
0
1.03549e-08
9.54738e-09
0
0
0
0
0
0
0
0
0
0
0
0
1.0232e-08
2.12678e-08
2.03561e-08
7.99883e-09
0
0
0
0
3.7428e-09
2.31114e-08
3.95269e-08
3.91975e-08
2.66083e-08
1.35789e-08
5.78894e-09
2.16981e-09
7.62904e-10
3.02551e-10
1.07449e-10
1.33291e-10
1.43404e-11
1.16879e-10
0
9.97194e-11
0
1.0075e-10
0
0
0
0
0
0
0
0
0
0
0
0
0
0
0
0
0
0
2.97205e-08
5.389e-08
5.42783e-08
4.00407e-08
2.1826e-08
6.8929e-09
0
0
0
5.85921e-09
1.10802e-08
1.30838e-08
1.10191e-08
5.08094e-09
0
0
0
0
0
0
0
0
0
0
0
0
0
0
0
0
4.86163e-09
1.23018e-08
1.44826e-08
1.23228e-08
8.16649e-09
5.02649e-09
9.02556e-09
4.36935e-08
9.1759e-08
5.9385e-08
5.0831e-08
5.39458e-08
5.67703e-08
5.3886e-08
4.0301e-08
7.74406e-09
0
0
0
0
1.28825e-08
0
0
0
0
0
0
4.43871e-08
0
0
0
1.24482e-08
1.63753e-07
2.36706e-07
1.74669e-07
0
0
0
0
0
0
0
0
1.51876e-07
5.21677e-07
4.92212e-07
2.36781e-07
1.68034e-08
0
0
0
5.60483e-08
1.45715e-07
1.96627e-07
2.33196e-07
2.73342e-07
2.7019e-07
1.6889e-07
0
0
0
0
0
0
0
0
0
0
0
5.86354e-08
2.91224e-07
3.26413e-07
2.53869e-07
1.46657e-07
3.69095e-08
0
0
0
0
0
0
0
2.37486e-08
4.44431e-08
5.86819e-08
6.21968e-08
4.93325e-08
2.58352e-08
2.55115e-10
0
0
0
0
0
0
0
0
0
0
0
0
0
0
0
0
0
1.99094e-09
2.91946e-09
0
0
0
0
0
0
0
2.43515e-09
8.01167e-09
6.39387e-09
3.28939e-09
1.30201e-09
4.50657e-10
1.11667e-10
3.38658e-11
3.74301e-12
5.73425e-12
1.27629e-11
0
2.14907e-11
0
2.77624e-11
0
5.27578e-11
0
0
0
0
0
0
0
0
0
0
0
0
0
0
0
0
0
2.16577e-08
6.11758e-08
8.5178e-08
8.92525e-08
7.37142e-08
4.3883e-08
9.75224e-09
0
0
0
0
0
8.4886e-09
1.75333e-08
2.08617e-08
1.86201e-08
1.13153e-08
0
0
0
0
0
0
0
0
0
4.92281e-09
6.90886e-10
0
0
0
0
7.29881e-11
1.74065e-09
0
0
0
0
5.77875e-08
3.18924e-07
2.5587e-07
1.80566e-07
1.28522e-07
8.05191e-08
4.36762e-08
3.63402e-08
0
0
4.24919e-08
0
2.48441e-08
5.17282e-08
2.50648e-08
0
0
3.3344e-08
0
0
0
0
0
0
0
2.21497e-07
3.08724e-07
2.31048e-07
0
0
0
0
0
0
3.35067e-07
5.72985e-07
6.17229e-07
5.07684e-07
2.83523e-07
6.99921e-09
0
0
0
0
0
0
0
0
0
0
0
0
0
0
0
0
0
0
0
0
0
0
0
2.3745e-08
2.05448e-08
0
0
0
0
1.56483e-08
5.50946e-09
0
0
0
0
0
6.95392e-09
1.45303e-08
1.85823e-08
1.5287e-08
6.41734e-09
0
0
0
0
0
6.92304e-11
0
0
0
0
0
0
0
0
0
0
0
0
0
0
0
0
0
0
0
0
2.86957e-09
5.05938e-09
3.42185e-09
1.59626e-09
6.47734e-10
2.4188e-10
1.08225e-10
4.14771e-11
3.03345e-11
1.02852e-11
1.26916e-11
4.54876e-12
4.94262e-12
5.49862e-12
0
1.06168e-11
0
5.16729e-11
0
0
0
0
0
0
0
0
0
0
0
0
0
0
0
0
0
0
0
0
0
0
0
0
0
0
0
0
0
0
0
0
0
3.9667e-09
7.36222e-10
0
0
0
0
0
0
0
0
0
0
0
0
0
0
0
0
0
0
0
0
0
1.10315e-09
2.8332e-09
6.42034e-10
0
0
1.4766e-09
3.12046e-08
0
0
2.06343e-08
0
7.86524e-08
8.1919e-08
3.47171e-08
5.8738e-10
0
0
0
0
0
0
0
0
0
0
0
0
0
0
0
0
3.85471e-07
6.55537e-07
4.30589e-07
9.79625e-08
0
0
0
0
0
0
0
0
0
0
0
0
0
0
0
0
0
0
1.04896e-07
4.56656e-07
3.64843e-07
0
0
0
0
0
1.58584e-08
0
0
0
0
0
1.57996e-09
0
0
0
0
0
0
0
3.62012e-09
6.03595e-09
5.97478e-09
3.42192e-09
0
0
0
0
3.777e-10
1.01664e-09
0
0
0
0
0
0
0
0
0
0
0
0
0
0
0
0
0
0
0
9.69183e-10
2.95739e-09
2.71284e-09
1.54995e-09
6.68621e-10
2.4884e-10
1.05135e-10
5.06469e-11
3.5816e-11
1.88043e-11
1.64432e-11
6.33229e-12
8.18676e-12
2.0372e-12
4.83933e-12
1.67586e-12
1.55747e-12
5.36138e-12
0
5.65419e-11
0
0
0
0
0
0
0
0
0
0
0
0
0
0
0
0
0
0
0
0
0
0
0
0
0
0
0
0
0
0
0
0
0
0
0
0
0
0
0
0
0
0
0
0
0
0
0
0
0
0
0
0
1.88798e-09
2.36568e-09
2.13333e-09
1.31619e-09
2.12138e-09
1.28957e-09
2.66953e-09
3.20644e-09
0
3.72971e-08
5.06778e-08
0
1.0005e-08
0
0
1.0468e-07
1.01185e-07
0
0
0
0
0
4.66466e-07
8.45871e-07
0
0
0
0
0
0
0
0
0
1.2804e-06
1.91445e-06
2.11054e-06
1.57003e-06
7.47706e-07
2.3422e-07
2.77899e-08
4.33821e-09
5.27266e-08
6.42769e-08
6.97503e-08
1.55615e-09
0
0
0
0
0
0
0
0
0
0
0
0
4.02253e-07
9.88987e-07
7.87563e-07
1.36191e-07
0
0
0
6.8003e-08
5.1262e-08
0
0
0
0
0
0
0
0
0
0
0
0
2.37135e-09
3.25271e-09
2.41021e-09
8.49929e-10
0
0
0
0
3.11456e-10
8.02511e-10
4.68256e-10
0
0
0
0
0
0
0
0
0
0
0
0
0
0
0
0
2.8937e-10
9.59248e-10
1.27927e-09
1.19952e-09
8.43164e-10
4.49969e-10
1.80092e-10
5.6874e-11
1.68975e-11
1.19484e-11
9.20184e-12
9.71617e-12
5.37954e-12
5.75001e-12
1.86371e-12
3.65938e-12
3.04556e-13
3.11686e-12
0
2.63307e-12
1.89886e-12
0
4.39745e-11
0
0
0
0
0
0
0
0
0
0
5.99768e-10
1.33203e-09
1.83324e-09
2.08558e-09
2.06659e-09
1.75451e-09
1.1684e-09
3.93867e-10
0
0
0
0
0
0
0
0
0
0
0
0
0
0
0
0
8.55218e-11
1.78613e-10
2.19142e-10
2.47955e-10
2.76267e-10
3.04826e-10
3.05511e-10
2.58413e-10
1.58668e-10
0
0
0
0
0
6.9736e-10
4.29399e-10
0
0
3.82475e-10
1.42112e-09
2.76997e-09
3.78201e-09
6.20137e-09
7.75167e-09
1.37007e-08
1.40831e-08
2.02932e-08
1.01214e-07
1.06447e-07
3.81838e-09
4.19954e-08
0
0
9.70125e-08
9.59472e-08
0
0
0
0
0
1.22301e-06
2.6226e-06
8.48664e-07
0
0
0
0
0
0
0
3.12947e-06
2.56622e-06
2.43284e-06
2.84855e-06
3.67009e-06
3.77803e-06
1.92199e-06
6.13688e-07
1.23994e-07
3.99247e-08
9.80003e-08
1.03039e-07
0
0
0
0
0
0
0
0
0
0
0
0
0
3.53267e-07
1.25604e-06
1.17008e-06
3.91189e-07
0
0
5.08484e-09
9.61246e-08
2.96271e-08
0
0
0
0
0
0
0
0
0
0
8.01361e-10
3.68355e-09
4.08676e-09
2.86091e-09
1.31314e-09
2.76551e-10
1.79012e-11
7.04741e-12
1.81269e-10
4.14699e-10
5.11189e-10
3.75873e-10
1.26367e-10
0
0
0
0
0
0
0
0
1.87079e-10
2.13597e-10
8.36263e-11
3.24847e-11
1.84189e-10
4.76429e-10
7.05568e-10
7.62574e-10
6.58928e-10
4.65377e-10
2.89862e-10
1.67629e-10
8.50795e-11
3.36922e-11
6.22483e-12
0
0
0
2.09044e-13
1.2944e-12
2.95355e-13
9.51657e-13
0
6.81036e-13
0
7.48526e-13
0
1.30888e-12
0
0
1.72781e-11
0
0
0
0
0
0
0
0
0
0
0
0
0
0
0
0
0
0
0
0
0
0
0
0
0
0
0
0
0
0
0
0
0
0
0
0
0
0
0
0
0
0
0
1.14479e-09
2.59108e-09
4.41766e-09
6.71852e-09
1.03222e-08
1.35904e-08
1.26618e-08
7.22272e-09
0
0
0
0
0
0
0
0
0
2.17576e-08
1.55827e-07
2.24687e-07
5.57518e-08
1.11099e-07
1.10122e-08
0
2.94012e-08
1.02965e-07
0
0
0
0
0
2.81668e-06
8.60505e-06
6.61304e-06
2.4875e-06
0
0
0
0
0
0
2.78381e-06
2.37341e-06
1.96144e-06
2.31245e-06
2.34143e-06
1.79188e-06
1.09776e-06
5.34655e-07
2.34006e-07
1.76566e-08
0
0
0
0
0
0
0
0
0
0
0
0
0
0
0
6.8464e-08
5.4125e-07
1.10768e-06
8.49114e-07
2.91795e-07
6.65998e-08
0
0
0
0
0
0
0
0
0
0
0
0
3.06585e-09
5.2625e-09
5.33513e-09
3.86453e-09
2.23673e-09
1.18329e-09
7.25478e-10
6.16181e-10
5.6113e-10
5.34591e-10
4.81243e-10
4.06075e-10
3.34559e-10
2.88783e-10
2.56377e-10
2.27818e-10
2.12417e-10
2.07466e-10
1.96454e-10
1.90696e-10
2.36754e-10
3.40458e-10
4.19812e-10
4.12375e-10
3.47894e-10
3.02337e-10
3.04358e-10
3.06035e-10
2.67156e-10
1.97691e-10
1.23537e-10
6.71583e-11
3.46973e-11
1.9815e-11
1.14356e-11
5.44152e-12
7.45156e-13
0
0
0
0
0
0
0
0
0
0
0
0
0
0
0
0
0
0
0
0
0
0
0
0
0
0
0
0
0
0
0
0
0
0
0
0
0
0
0
0
0
0
0
0
0
0
0
0
0
0
0
0
0
0
0
0
0
0
0
3.17065e-10
2.83837e-09
6.37336e-09
1.17589e-08
2.08293e-08
3.38339e-08
4.51586e-08
4.57039e-08
1.83571e-08
0
0
0
0
0
0
0
0
0
2.27199e-08
2.29724e-07
6.1143e-08
1.43948e-07
8.5094e-08
0
0
0
0
0
0
0
0
9.29567e-06
1.51427e-05
9.83165e-06
4.06213e-06
0
0
0
0
0
0
4.04894e-06
1.04045e-05
8.03103e-06
6.48824e-06
3.52819e-06
9.3289e-07
1.55007e-07
2.0887e-08
0
0
0
0
0
0
0
0
0
0
0
0
0
0
0
0
0
3.30038e-08
8.42249e-08
3.17393e-07
1.00095e-06
1.33855e-06
5.36369e-07
0
0
0
0
0
0
0
0
0
0
0
2.63677e-09
4.52704e-09
4.56822e-09
3.61237e-09
2.35619e-09
1.36202e-09
8.14339e-10
5.8374e-10
4.78251e-10
4.23661e-10
3.80094e-10
3.32949e-10
3.00416e-10
2.89434e-10
2.78757e-10
2.51557e-10
2.18355e-10
2.00256e-10
1.93235e-10
1.80204e-10
1.63904e-10
1.6569e-10
1.85847e-10
1.90534e-10
1.60039e-10
1.10046e-10
7.33971e-11
6.44714e-11
6.11607e-11
5.12054e-11
3.61172e-11
2.0782e-11
1.19306e-11
8.38181e-12
7.44572e-12
6.18754e-12
3.98012e-12
1.54786e-12
6.64224e-14
0
0
0
0
0
0
0
0
0
0
0
0
0
0
0
0
0
0
0
0
0
0
0
0
0
0
0
0
0
0
0
0
0
0
0
0
0
0
0
0
0
0
0
0
0
0
0
0
0
0
0
0
0
0
0
0
0
0
0
8.51382e-10
4.24521e-09
1.26686e-08
3.68889e-08
1.0242e-07
2.12766e-07
2.2234e-07
1.20782e-07
2.73264e-08
1.7761e-09
0
0
0
0
0
0
0
0
0
0
1.96695e-07
4.32559e-07
1.54049e-07
0
0
0
4.40234e-07
0
0
0
2.04932e-06
8.18611e-06
3.81372e-06
1.0179e-06
1.19952e-07
0
0
0
0
0
7.03838e-07
6.05283e-06
1.4489e-05
1.50527e-05
4.4978e-06
2.60126e-07
6.38913e-09
0
0
0
0
0
0
0
0
0
0
0
0
0
0
0
0
0
2.11262e-08
3.50746e-08
3.63055e-08
1.09592e-07
5.2993e-07
1.06899e-06
1.26193e-07
0
0
0
0
0
0
0
0
0
0
0
1.43648e-09
2.25207e-09
1.97435e-09
1.47935e-09
1.00168e-09
6.21496e-10
3.95538e-10
2.80364e-10
2.09464e-10
1.69882e-10
1.45145e-10
1.31423e-10
1.25772e-10
1.25854e-10
1.19402e-10
1.01462e-10
8.05341e-11
6.74622e-11
6.01331e-11
5.20297e-11
4.57294e-11
4.9026e-11
5.86895e-11
5.98783e-11
4.65037e-11
2.47256e-11
7.61236e-12
3.73347e-12
5.48459e-12
7.02275e-12
6.8218e-12
4.6661e-12
3.40193e-12
3.2218e-12
3.44309e-12
3.15292e-12
2.09222e-12
8.8526e-13
1.92413e-13
0
0
0
0
0
0
0
0
0
0
0
0
0
0
0
0
1.59417e-08
1.08079e-08
1.75435e-08
2.20945e-08
1.94093e-08
1.57837e-08
1.28146e-08
1.03277e-08
8.24078e-09
6.40732e-09
5.01193e-09
3.79335e-09
3.02949e-09
2.24378e-09
2.24269e-09
1.8289e-09
1.66371e-09
6.1681e-10
6.78168e-10
0
2.69724e-10
0
3.52739e-10
0
0
4.05095e-09
2.02708e-09
3.56035e-09
4.79531e-09
4.56518e-09
3.98446e-09
3.56225e-09
3.13977e-09
2.74015e-09
2.33316e-09
2.01277e-09
1.67485e-09
1.50329e-09
1.27043e-09
1.33784e-09
1.18148e-09
1.13022e-09
5.4605e-10
6.41156e-10
0
4.27723e-10
0
5.81625e-10
0
0
7.0035e-10
4.39243e-11
3.85331e-10
7.55898e-10
8.72151e-10
8.09508e-10
8.16996e-10
8.20013e-10
8.12637e-10
7.68312e-10
7.49576e-10
7.04727e-10
7.05676e-10
7.03837e-10
7.81328e-10
7.16047e-10
7.31704e-10
4.69803e-10
5.55506e-10
1.42689e-10
5.10302e-10
0
6.97011e-10
0
0
5.1879e-11
0
0
0
0
3.35694e-12
3.43715e-11
8.70106e-11
1.50311e-10
1.86886e-10
2.42316e-10
2.99535e-10
3.41962e-10
4.12053e-10
4.96433e-10
4.69437e-10
5.51612e-10
4.67982e-10
6.35648e-10
3.79832e-10
7.97943e-10
1.62719e-10
1.10397e-09
0
3.6716e-10
3.24107e-12
0
0
0
0
0
0
0
0
0
0
0
0
0
0
0
0
0
0
0
0
0
0
0
0
0
0
0
0
0
0
0
0
0
0
0
0
0
0
0
0
0
0
0
0
0
0
0
0
0
0
0
0
0
0
0
0
0
0
0
0
0
0
0
0
0
0
0
0
0
0
0
0
0
0
0
0
0
0
0
0
0
0
0
0
0
0
0
0
0
0
0
0
0
0
0
0
0
0
0
0
0
0
0
0
0
0
0
0
0
0
0
0
0
0
0
0
0
0
0
0
0
0
0
0
0
0
0
0
0
0
0
0
0
0
0
0
0
0
0
0
0
0
0
0
0
0
0
0
0
0
0
0
0
0
0
0
0
0
0
0
0
0
0
0
0
0
0
0
0
0
0
0
0
0
0
0
0
0
0
0
0
0
0
0
0
0
0
0
0
0
0
0
0
0
0
0
0
0
0
0
0
0
0
0
0
0
0
0
0
0
0
0
0
0
0
0
0
0
0
0
0
0
0
0
0
0
0
0
0
0
0
0
0
0
0
0
0
0
0
0
0
0
0
0
0
0
0
0
0
0
0
0
0
0
0
0
0
0
0
0
0
0
0
0
0
0
0
0
0
0
0
0
0
0
0
0
0
0
0
0
0
0
0
0
0
0
0
0
0
0
0
0
0
0
0
0
0
0
0
0
0
0
0
0
0
0
0
0
0
0
0
0
0
0
0
0
0
0
0
0
0
0
0
0
0
0
0
0
0
0
0
0
0
0
0
0
0
0
0
0
0
0
0
0
0
0
0
0
0
0
0
0
0
0
0
0
0
0
0
0
0
0
0
0
0
0
0
0
0
0
0
0
0
0
0
0
0
0
0
0
0
0
0
0
0
0
0
0
0
0
0
0
0
0
0
0
0
0
0
0
0
0
0
0
0
0
0
0
0
0
0
0
0
0
0
0
0
0
0
0
0
0
0
0
0
0
0
0
0
0
0
0
0
0
0
0
0
0
0
0
0
0
0
0
0
0
0
0
0
0
0
0
0
0
0
0
0
0
0
0
0
0
0
0
0
0
0
0
0
0
0
0
0
0
0
0
0
0
0
0
0
0
0
0
0
0
0
0
0
0
0
0
0
0
0
0
0
0
0
0
0
0
0
0
0
0
0
0
0
0
0
0
0
0
0
0
0
0
0
0
0
0
0
0
0
0
0
0
0
0
0
0
0
0
0
0
0
0
0
0
0
0
0
0
0
0
0
0
0
0
0
0
0
0
0
0
0
0
0
0
0
0
0
0
0
0
0
0
0
0
0
0
0
0
0
0
0
0
0
0
0
0
0
0
0
0
0
0
0
0
0
0
0
0
0
0
0
0
0
0
0
0
0
0
0
0
0
0
0
0
0
0
0
0
0
0
0
0
0
0
0
0
0
0
0
0
0
0
0
0
0
0
0
0
0
0
0
0
0
0
0
0
0
0
0
0
0
0
0
0
0
0
0
0
0
0
0
0
0
0
0
0
0
0
0
0
0
0
0
0
0
0
0
0
0
0
0
0
0
0
0
0
0
0
0
0
0
0
0
0
0
0
0
0
0
0
0
0
0
0
0
0
0
0
0
0
0
0
0
0
0
0
0
0
0
0
0
0
0
0
0
0
0
0
0
0
0
0
0
0
0
0
0
0
0
0
0
0
0
0
0
0
0
0
0
0
0
0
0
0
0
0
0
0
0
0
0
0
0
0
0
0
0
0
0
0
0
0
0
0
0
0
0
0
0
0
0
0
0
0
0
0
0
0
0
0
0
0
0
0
0
0
0
0
0
0
0
0
0
0
0
0
0
0
0
0
0
0
0
0
0
0
0
0
0
0
0
0
0
0
0
0
0
0
0
0
0
0
0
0
0
0
0
0
0
0
0
0
0
0
0
0
0
0
0
0
0
0
0
0
0
0
0
0
0
0
0
0
0
0
0
0
0
0
0
0
0
0
0
0
0
0
0
0
0
0
0
0
0
0
0
0
0
0
0
0
0
0
0
0
0
0
0
0
0
0
0
0
0
0
0
0
0
0
0
0
0
0
0
0
0
0
0
0
0
0
0
0
0
0
0
0
0
0
0
0
0
0
0
0
0
0
0
0
0
0
0
0
0
0
0
0
0
0
0
0
0
0
0
0
0
0
0
0
0
0
0
0
0
0
0
0
0
0
0
0
0
0
0
0
0
0
0
0
0
0
0
0
0
0
0
0
0
0
0
0
0
0
0
0
0
0
0
0
0
0
0
0
0
0
0
0
0
0
0
0
0
0
0
0
0
0
0
0
0
0
0
0
0
0
0
0
0
0
0
0
0
0
0
0
0
0
0
0
0
0
0
0
0
0
0
0
0
0
0
0
0
0
0
0
0
0
0
0
0
0
0
0
0
0
0
0
0
0
0
0
0
0
0
0
0
0
0
0
3.4973e-11
0
0
0
0
0
0
0
0
0
0
0
0
0
0
0
0
0
0
0
0
0
0
0
0
4.03801e-11
0
0
0
0
0
0
0
0
0
0
0
0
0
0
0
0
0
0
0
0
0
0
0
0
5.50701e-11
0
0
0
0
0
0
0
0
0
0
0
0
0
0
0
0
0
0
0
0
0
6.25873e-11
0
0
7.76532e-11
0
0
0
0
0
0
0
0
9.3212e-12
2.47321e-11
3.4705e-11
6.15023e-11
6.69193e-11
9.9167e-11
8.60549e-11
1.37927e-10
8.49105e-11
1.90464e-10
4.19828e-11
2.78201e-10
0
4.48669e-10
0
3.28742e-10
1.01989e-10
0
0
0
0
0
5.38388e-12
3.23889e-11
6.28256e-11
8.23289e-11
1.1135e-10
1.15663e-10
1.40174e-10
1.41618e-10
1.72595e-10
1.53769e-10
1.98999e-10
1.47178e-10
2.36467e-10
1.13325e-10
3.07472e-10
1.93854e-11
4.59181e-10
0
2.33182e-10
1.0535e-10
0
0
0
0
3.21055e-11
9.92586e-11
1.36704e-10
1.72991e-10
1.83867e-10
1.98512e-10
1.8764e-10
1.88763e-10
1.72093e-10
1.86193e-10
1.6109e-10
1.91663e-10
1.45105e-10
2.12621e-10
1.17096e-10
2.64446e-10
5.08367e-11
3.76787e-10
0
7.66882e-11
1.03883e-10
0
1.31709e-11
1.12429e-10
1.63938e-10
2.32884e-10
2.64305e-10
2.44808e-10
2.20604e-10
1.95724e-10
1.81542e-10
1.64291e-10
1.57521e-10
1.39475e-10
1.44986e-10
1.24548e-10
1.44957e-10
1.10702e-10
1.57889e-10
9.07126e-11
1.91795e-10
4.6479e-11
2.64498e-10
0
0
2.12861e-10
0
5.89577e-10
5.04106e-10
3.30043e-10
2.33477e-10
1.52468e-10
8.83282e-11
4.90912e-11
2.72203e-11
2.22764e-11
1.88246e-11
2.2765e-11
1.75309e-11
2.40837e-11
1.3492e-11
2.83563e-11
8.26268e-12
3.80784e-11
0
5.88247e-11
0
1.03502e-10
0
0
7.31283e-10
7.23248e-10
1.1568e-09
3.88953e-10
1.68846e-11
0
0
0
0
0
0
0
0
0
0
0
0
0
0
0
0
0
0
0
0
1.28248e-09
1.32645e-09
7.4251e-10
2.70003e-11
0
0
0
0
0
0
0
0
0
0
0
0
0
0
0
0
0
0
0
0
0
)
;

boundaryField
{
    inlet
    {
        type            zeroGradient;
    }
    outlet
    {
        type            zeroGradient;
    }
    upperWall
    {
        type            zeroGradient;
    }
    lowerWall
    {
        type            zeroGradient;
    }
    frontAndBack
    {
        type            empty;
    }
}


// ************************************************************************* //
