/*--------------------------------*- C++ -*----------------------------------*\
  =========                 |
  \\      /  F ield         | OpenFOAM: The Open Source CFD Toolbox
   \\    /   O peration     | Website:  https://openfoam.org
    \\  /    A nd           | Version:  7
     \\/     M anipulation  |
\*---------------------------------------------------------------------------*/
FoamFile
{
    version     2.0;
    format      ascii;
    class       volScalarField;
    location    "0.004";
    object      p;
}
// * * * * * * * * * * * * * * * * * * * * * * * * * * * * * * * * * * * * * //

dimensions      [0 2 -2 0 0 0 0];

internalField   nonuniform List<scalar> 
12225
(
293.49
293.147
291.249
288.778
286.17
283.539
280.943
278.444
276.064
273.762
271.508
269.278
267.051
264.78
262.473
260.036
257.45
254.241
294.538
293.195
291.264
288.797
286.181
283.548
280.955
278.458
276.075
273.772
271.515
269.287
267.059
264.801
262.492
260.11
257.547
254.737
294.669
293.195
291.281
288.822
286.198
283.566
280.983
278.492
276.109
273.799
271.538
269.308
267.088
264.845
262.567
260.224
257.776
255.17
294.48
293.319
291.346
288.877
286.242
283.603
281.02
278.532
276.143
273.831
271.568
269.342
267.133
264.914
262.669
260.388
258.047
255.646
294.367
293.461
291.445
288.939
286.282
283.633
281.05
278.566
276.183
273.871
271.61
269.391
267.198
265.007
262.806
260.593
258.364
256.138
294.929
293.734
291.587
289.031
286.356
283.691
281.103
278.617
276.23
273.92
271.664
269.456
267.284
265.127
262.977
260.838
258.716
256.639
295.602
294.141
291.793
289.141
286.423
283.74
281.146
278.659
276.28
273.977
271.731
269.538
267.392
265.276
263.182
261.118
259.099
257.149
296.89
294.683
292.044
289.281
286.52
283.813
281.206
278.718
276.339
274.044
271.812
269.64
267.526
265.454
263.419
261.431
259.506
257.665
297.575
295.327
292.361
289.443
286.613
283.879
281.265
278.778
276.405
274.121
271.907
269.762
267.681
265.656
263.682
261.768
259.931
258.187
300.475
296.134
292.699
289.617
286.72
283.96
281.333
278.843
276.476
274.206
272.015
269.898
267.856
265.881
263.969
262.128
260.373
258.716
302.388
296.841
293.051
289.798
286.82
284.027
281.393
278.908
276.553
274.301
272.135
270.053
268.054
266.131
264.28
262.509
260.828
259.248
302.314
297.308
293.315
289.937
286.9
284.088
281.45
278.969
276.625
274.391
272.253
270.206
268.249
266.374
264.579
262.867
261.249
259.731
302.802
297.64
293.533
290.054
286.962
284.125
281.487
279.021
276.696
274.487
272.379
270.369
268.453
266.626
264.882
263.226
261.666
260.207
302.306
297.889
293.687
290.125
287
284.159
281.526
279.073
276.771
274.593
272.523
270.556
268.688
266.915
265.23
263.636
262.139
260.741
304.615
298.091
293.695
290.095
286.956
284.117
281.509
279.096
276.84
274.708
272.687
270.773
268.965
267.254
265.634
264.107
262.674
261.337
301.843
297.445
293.381
289.881
286.798
284.011
281.457
279.097
276.892
274.817
272.858
271.012
269.274
267.634
266.084
264.625
263.257
261.98
299.432
296.483
292.739
289.394
286.411
283.714
281.255
278.992
276.885
274.898
273.022
271.254
269.591
268.024
266.547
265.157
263.855
262.639
304.063
296.326
291.731
288.397
285.605
283.125
280.863
278.763
276.788
274.92
273.151
271.484
269.917
268.441
267.045
265.727
264.489
263.329
293.671
290.943
288.575
286.349
284.249
282.211
280.243
278.361
276.567
274.849
273.207
271.65
270.18
268.79
267.47
266.222
265.046
263.941
284.025
285.808
285.525
284.399
282.921
281.281
279.603
277.944
276.314
274.726
273.191
271.724
270.33
269.007
267.748
266.554
265.428
264.368
281.368
283.837
284.158
283.443
282.238
280.788
279.248
277.693
276.151
274.638
273.168
271.757
270.415
269.137
267.919
266.761
265.666
264.632
282.873
284.057
283.931
283.115
281.913
280.509
279.033
277.54
276.053
274.585
273.155
271.782
270.473
269.224
268.033
266.899
265.826
264.812
285.008
284.936
284.272
283.178
281.863
280.425
278.945
277.465
275.998
274.554
273.149
271.797
270.507
269.276
268.101
266.984
265.928
264.93
286.526
286.025
284.812
283.396
281.925
280.426
278.924
277.439
275.979
274.547
273.154
271.815
270.537
269.316
268.151
267.046
266.002
265.015
289.376
287.195
285.315
283.614
282.007
280.453
278.931
277.432
275.968
274.542
273.159
271.827
270.551
269.334
268.177
267.081
266.048
265.072
291.181
288.324
285.89
283.889
282.158
280.527
278.96
277.443
275.974
274.551
273.171
271.841
270.567
269.354
268.202
267.114
266.088
265.118
292.894
288.888
286.096
283.988
282.205
280.563
278.974
277.446
275.978
274.559
273.182
271.85
270.573
269.356
268.205
267.122
266.102
265.138
293.477
289.488
286.399
284.145
282.298
280.604
278.991
277.455
275.99
274.574
273.197
271.861
270.579
269.36
268.211
267.131
266.116
265.155
294.42
289.664
286.44
284.204
282.338
280.62
278.994
277.459
276
274.591
273.213
271.869
270.572
269.343
268.192
267.119
266.112
265.158
295.59
289.811
286.493
284.261
282.37
280.632
278.999
277.464
276.009
274.605
273.23
271.884
270.581
269.344
268.187
267.111
266.103
265.15
239.229
239.228
239.224
239.217
239.208
239.196
239.18
239.161
239.138
239.11
239.078
239.04
238.996
238.945
238.887
238.821
238.746
238.661
238.566
238.46
238.343
238.214
238.071
237.916
237.747
237.563
237.365
237.153
236.925
236.682
236.425
236.152
235.864
235.56
235.242
234.91
234.562
234.201
233.825
233.435
233.032
232.616
232.187
231.745
231.291
230.824
230.346
229.856
229.355
228.844
228.321
227.788
227.244
226.691
226.128
225.555
224.972
224.381
223.78
223.17
222.552
221.925
221.289
220.645
219.993
219.332
218.663
217.986
217.302
216.609
215.909
215.201
214.485
213.761
213.03
212.292
211.545
210.792
210.031
209.262
208.486
207.703
206.912
206.114
205.309
204.496
203.675
202.848
202.013
201.171
200.321
199.464
198.599
197.727
196.848
195.961
195.067
194.165
193.255
192.338
191.413
190.481
189.541
188.593
187.638
186.675
185.703
184.724
183.737
182.742
181.739
180.728
179.709
178.682
177.647
176.603
175.551
174.49
173.422
172.344
171.259
170.164
169.061
167.95
166.829
165.7
164.562
163.415
162.259
161.094
159.919
158.736
157.543
156.341
155.13
153.909
152.678
151.438
150.189
148.929
147.66
146.381
145.092
143.793
142.483
141.164
139.834
138.494
137.144
135.783
134.412
133.03
131.637
130.233
128.819
127.393
125.957
124.509
123.05
121.58
120.099
118.607
117.103
115.587
114.061
112.523
110.974
109.413
107.842
106.26
104.668
103.066
101.456
99.8381
98.2146
96.5903
94.9664
93.3609
91.7751
90.2772
239.237
239.236
239.232
239.226
239.217
239.205
239.191
239.172
239.15
239.124
239.092
239.056
239.013
238.963
238.906
238.841
238.767
238.683
238.589
238.484
238.367
238.238
238.096
237.94
237.771
237.588
237.389
237.176
236.948
236.705
236.447
236.173
235.884
235.581
235.262
234.928
234.58
234.218
233.841
233.451
233.047
232.63
232.2
231.757
231.302
230.835
230.357
229.866
229.365
228.852
228.329
227.796
227.252
226.698
226.134
225.561
224.978
224.386
223.785
223.175
222.556
221.929
221.293
220.649
219.996
219.335
218.666
217.989
217.304
216.612
215.911
215.203
214.487
213.763
213.032
212.293
211.547
210.793
210.032
209.263
208.487
207.704
206.913
206.115
205.309
204.496
203.676
202.849
202.014
201.171
200.321
199.464
198.6
197.728
196.848
195.961
195.067
194.165
193.255
192.338
191.414
190.481
189.541
188.593
187.638
186.675
185.703
184.724
183.737
182.742
181.739
180.728
179.709
178.682
177.646
176.603
175.551
174.49
173.422
172.344
171.259
170.164
169.061
167.95
166.829
165.7
164.562
163.415
162.259
161.094
159.919
158.736
157.543
156.341
155.13
153.909
152.678
151.438
150.188
148.929
147.66
146.381
145.092
143.792
142.483
141.164
139.834
138.494
137.144
135.783
134.412
133.03
131.637
130.233
128.819
127.393
125.957
124.509
123.05
121.58
120.099
118.606
117.102
115.587
114.06
112.522
110.973
109.413
107.841
106.259
104.667
103.065
101.454
99.836
98.2121
96.5854
94.9603
93.3436
91.7431
90.1624
239.253
239.253
239.249
239.243
239.235
239.225
239.211
239.195
239.175
239.15
239.121
239.087
239.046
238.999
238.944
238.881
238.808
238.726
238.634
238.53
238.414
238.286
238.145
237.99
237.82
237.636
237.438
237.224
236.995
236.751
236.492
236.217
235.926
235.621
235.301
234.966
234.616
234.252
233.874
233.482
233.077
232.658
232.227
231.783
231.326
230.858
230.378
229.887
229.384
228.871
228.346
227.812
227.267
226.712
226.148
225.574
224.99
224.398
223.796
223.185
222.566
221.938
221.301
220.657
220.003
219.342
218.673
217.995
217.31
216.617
215.916
215.208
214.491
213.767
213.036
212.297
211.55
210.796
210.035
209.266
208.49
207.706
206.915
206.117
205.311
204.498
203.678
202.85
202.015
201.173
200.323
199.465
198.601
197.729
196.849
195.962
195.068
194.166
193.256
192.339
191.414
190.482
189.542
188.594
187.638
186.675
185.704
184.725
183.738
182.743
181.74
180.729
179.709
178.682
177.647
176.603
175.551
174.49
173.422
172.344
171.259
170.164
169.061
167.95
166.829
165.7
164.562
163.415
162.259
161.094
159.919
158.736
157.543
156.341
155.13
153.909
152.678
151.438
150.188
148.929
147.66
146.381
145.091
143.792
142.483
141.164
139.834
138.494
137.144
135.783
134.412
133.029
131.637
130.233
128.818
127.393
125.956
124.509
123.05
121.58
120.099
118.606
117.102
115.587
114.06
112.522
110.973
109.412
107.841
106.258
104.666
103.063
101.452
99.8327
98.2074
96.5783
94.9491
93.3229
91.7077
90.0971
239.277
239.276
239.272
239.268
239.262
239.253
239.242
239.228
239.211
239.189
239.164
239.132
239.095
239.052
239
238.94
238.871
238.792
238.702
238.6
238.486
238.359
238.218
238.063
237.894
237.71
237.511
237.296
237.066
236.82
236.559
236.282
235.99
235.682
235.359
235.022
234.67
234.304
233.923
233.529
233.122
232.701
232.267
231.821
231.363
230.893
230.411
229.918
229.413
228.898
228.372
227.836
227.29
226.734
226.168
225.593
225.009
224.415
223.812
223.201
222.58
221.952
221.314
220.669
220.015
219.353
218.683
218.005
217.319
216.625
215.924
215.215
214.498
213.774
213.042
212.303
211.556
210.801
210.04
209.271
208.494
207.71
206.919
206.12
205.314
204.501
203.681
202.853
202.017
201.175
200.325
199.467
198.603
197.73
196.851
195.964
195.069
194.167
193.257
192.34
191.415
190.483
189.542
188.595
187.639
186.675
185.704
184.725
183.738
182.743
181.74
180.729
179.71
178.682
177.647
176.603
175.551
174.49
173.422
172.344
171.259
170.164
169.061
167.95
166.829
165.7
164.562
163.415
162.259
161.093
159.919
158.736
157.543
156.341
155.129
153.908
152.678
151.438
150.188
148.929
147.66
146.38
145.091
143.792
142.483
141.164
139.834
138.494
137.144
135.783
134.411
133.029
131.637
130.233
128.818
127.393
125.956
124.509
123.05
121.58
120.098
118.606
117.102
115.586
114.06
112.521
110.972
109.411
107.839
106.257
104.664
103.061
101.448
99.8278
98.2006
96.5682
94.9338
93.2981
91.6659
90.0225
239.306
239.305
239.302
239.3
239.295
239.289
239.281
239.27
239.257
239.24
239.219
239.193
239.161
239.122
239.075
239.02
238.955
238.879
238.792
238.693
238.581
238.456
238.316
238.162
237.993
237.808
237.608
237.392
237.16
236.912
236.648
236.368
236.073
235.763
235.437
235.097
234.742
234.372
233.989
233.592
233.181
232.757
232.321
231.872
231.411
230.938
230.454
229.959
229.452
228.935
228.407
227.869
227.321
226.763
226.196
225.619
225.033
224.438
223.834
223.221
222.6
221.97
221.331
220.685
220.03
219.367
218.696
218.018
217.331
216.637
215.934
215.225
214.507
213.783
213.05
212.31
211.563
210.808
210.046
209.276
208.5
207.715
206.924
206.125
205.319
204.505
203.684
202.856
202.021
201.178
200.327
199.47
198.605
197.733
196.853
195.965
195.071
194.168
193.259
192.341
191.416
190.484
189.544
188.596
187.64
186.676
185.705
184.726
183.739
182.743
181.74
180.729
179.71
178.683
177.647
176.603
175.551
174.491
173.422
172.345
171.259
170.164
169.061
167.95
166.829
165.7
164.562
163.415
162.259
161.093
159.919
158.736
157.543
156.341
155.129
153.908
152.678
151.438
150.188
148.929
147.659
146.38
145.091
143.792
142.483
141.164
139.834
138.494
137.144
135.783
134.411
133.029
131.636
130.233
128.818
127.393
125.956
124.508
123.05
121.58
120.098
118.605
117.101
115.586
114.059
112.521
110.971
109.41
107.838
106.255
104.661
103.057
101.444
99.8217
98.1921
96.5559
94.9156
93.27
91.622
89.9564
239.339
239.338
239.335
239.337
239.334
239.331
239.326
239.32
239.312
239.301
239.286
239.266
239.241
239.208
239.168
239.118
239.059
238.988
238.905
238.81
238.701
238.578
238.439
238.286
238.116
237.931
237.729
237.511
237.277
237.026
236.759
236.476
236.178
235.864
235.534
235.19
234.831
234.457
234.07
233.669
233.255
232.827
232.388
231.935
231.471
230.995
230.508
230.01
229.5
228.98
228.45
227.91
227.36
226.8
226.23
225.652
225.064
224.467
223.861
223.247
222.624
221.993
221.353
220.705
220.049
219.385
218.713
218.033
217.346
216.651
215.948
215.237
214.519
213.793
213.06
212.32
211.572
210.817
210.054
209.284
208.506
207.722
206.93
206.131
205.324
204.51
203.689
202.86
202.025
201.181
200.331
199.473
198.608
197.735
196.855
195.968
195.073
194.17
193.261
192.343
191.418
190.485
189.545
188.597
187.641
186.677
185.706
184.727
183.739
182.744
181.741
180.73
179.71
178.683
177.647
176.604
175.551
174.491
173.422
172.345
171.259
170.164
169.061
167.95
166.829
165.7
164.562
163.415
162.259
161.093
159.919
158.736
157.543
156.341
155.129
153.908
152.678
151.438
150.188
148.929
147.659
146.38
145.091
143.792
142.483
141.164
139.834
138.494
137.144
135.783
134.411
133.029
131.636
130.233
128.818
127.392
125.956
124.508
123.049
121.579
120.098
118.605
117.101
115.585
114.058
112.52
110.97
109.408
107.836
106.252
104.658
103.053
101.438
99.8144
98.1821
96.5419
94.8953
93.2406
91.5783
89.8962
239.373
239.372
239.372
239.372
239.373
239.374
239.375
239.374
239.373
239.37
239.362
239.351
239.333
239.309
239.277
239.235
239.182
239.118
239.041
238.95
238.845
238.724
238.587
238.434
238.264
238.078
237.874
237.654
237.417
237.162
236.892
236.605
236.302
235.983
235.649
235.3
234.936
234.558
234.166
233.761
233.342
232.911
232.467
232.01
231.542
231.063
230.572
230.07
229.557
229.035
228.501
227.958
227.405
226.843
226.271
225.69
225.1
224.501
223.893
223.277
222.653
222.02
221.378
220.729
220.072
219.406
218.733
218.052
217.364
216.667
215.963
215.252
214.533
213.806
213.073
212.331
211.583
210.827
210.063
209.293
208.515
207.73
206.937
206.137
205.33
204.516
203.694
202.866
202.029
201.186
200.335
199.477
198.611
197.739
196.858
195.971
195.076
194.173
193.263
192.345
191.42
190.487
189.546
188.598
187.642
186.678
185.707
184.727
183.74
182.745
181.742
180.73
179.711
178.683
177.648
176.604
175.552
174.491
173.422
172.345
171.259
170.165
169.062
167.95
166.829
165.7
164.562
163.415
162.258
161.093
159.919
158.735
157.543
156.341
155.129
153.908
152.678
151.438
150.188
148.928
147.659
146.38
145.091
143.792
142.483
141.163
139.834
138.494
137.143
135.783
134.411
133.029
131.636
130.232
128.818
127.392
125.956
124.508
123.049
121.579
120.097
118.604
117.1
115.584
114.057
112.518
110.968
109.407
107.834
106.249
104.654
103.048
101.432
99.8061
98.1708
96.5264
94.8736
93.2104
91.5358
89.8396
239.403
239.403
239.404
239.406
239.41
239.416
239.423
239.43
239.436
239.441
239.443
239.443
239.436
239.423
239.4
239.368
239.325
239.268
239.198
239.113
239.011
238.894
238.759
238.607
238.437
238.249
238.043
237.82
237.579
237.32
237.045
236.753
236.445
236.121
235.782
235.427
235.058
234.675
234.277
233.867
233.443
233.006
232.557
232.097
231.624
231.14
230.645
230.14
229.623
229.097
228.56
228.014
227.458
226.893
226.318
225.734
225.142
224.541
223.931
223.312
222.686
222.051
221.408
220.757
220.098
219.431
218.757
218.074
217.384
216.687
215.982
215.269
214.549
213.822
213.087
212.345
211.595
210.838
210.074
209.303
208.524
207.739
206.946
206.145
205.338
204.523
203.701
202.872
202.035
201.191
200.34
199.481
198.616
197.742
196.862
195.974
195.079
194.176
193.265
192.347
191.422
190.489
189.548
188.6
187.644
186.68
185.708
184.729
183.741
182.746
181.742
180.731
179.712
178.684
177.648
176.604
175.552
174.491
173.423
172.345
171.259
170.165
169.062
167.95
166.829
165.7
164.562
163.415
162.258
161.093
159.919
158.735
157.542
156.34
155.129
153.908
152.677
151.437
150.188
148.928
147.659
146.38
145.091
143.792
142.483
141.163
139.834
138.494
137.143
135.782
134.411
133.029
131.636
130.232
128.818
127.392
125.955
124.508
123.049
121.578
120.097
118.604
117.099
115.584
114.056
112.517
110.967
109.405
107.831
106.246
104.65
103.043
101.425
99.7971
98.1587
96.5101
94.8513
93.1802
91.4949
89.7869
239.424
239.424
239.426
239.431
239.438
239.449
239.462
239.477
239.493
239.51
239.524
239.536
239.543
239.543
239.534
239.514
239.482
239.436
239.374
239.296
239.2
239.086
238.954
238.802
238.632
238.443
238.234
238.007
237.762
237.499
237.219
236.921
236.607
236.277
235.931
235.57
235.195
234.805
234.402
233.985
233.556
233.114
232.659
232.193
231.716
231.227
230.728
230.218
229.697
229.167
228.627
228.077
227.517
226.949
226.371
225.784
225.189
224.585
223.973
223.352
222.723
222.086
221.441
220.788
220.128
219.459
218.783
218.099
217.408
216.709
216.002
215.288
214.567
213.839
213.103
212.36
211.609
210.852
210.087
209.315
208.535
207.749
206.955
206.154
205.346
204.531
203.708
202.878
202.041
201.197
200.345
199.487
198.62
197.747
196.866
195.978
195.082
194.179
193.268
192.35
191.425
190.491
189.55
188.602
187.646
186.681
185.71
184.73
183.742
182.747
181.743
180.732
179.712
178.685
177.649
176.605
175.552
174.492
173.423
172.345
171.259
170.165
169.062
167.95
166.829
165.7
164.562
163.414
162.258
161.093
159.919
158.735
157.542
156.34
155.129
153.908
152.677
151.437
150.187
148.928
147.659
146.38
145.091
143.792
142.482
141.163
139.833
138.493
137.143
135.782
134.411
133.028
131.636
130.232
128.817
127.392
125.955
124.507
123.048
121.578
120.096
118.603
117.099
115.583
114.055
112.516
110.965
109.402
107.828
106.243
104.646
103.037
101.418
99.7874
98.146
96.4932
94.8287
93.1504
91.4558
89.7381
239.426
239.427
239.429
239.435
239.446
239.461
239.481
239.504
239.532
239.562
239.592
239.62
239.644
239.662
239.67
239.667
239.65
239.617
239.567
239.498
239.409
239.3
239.17
239.02
238.849
238.658
238.447
238.216
237.966
237.697
237.41
237.106
236.785
236.448
236.096
235.728
235.345
234.949
234.539
234.116
233.68
233.232
232.772
232.3
231.817
231.323
230.819
230.304
229.779
229.244
228.7
228.146
227.583
227.011
226.429
225.84
225.241
224.635
224.02
223.396
222.765
222.125
221.478
220.823
220.16
219.49
218.812
218.126
217.433
216.733
216.025
215.31
214.587
213.858
213.121
212.376
211.625
210.866
210.101
209.328
208.547
207.76
206.966
206.164
205.355
204.539
203.716
202.886
202.048
201.204
200.351
199.492
198.626
197.752
196.871
195.982
195.086
194.183
193.272
192.353
191.427
190.494
189.553
188.604
187.647
186.683
185.711
184.731
183.744
182.748
181.744
180.733
179.713
178.685
177.649
176.605
175.553
174.492
173.423
172.346
171.26
170.165
169.062
167.95
166.829
165.7
164.562
163.414
162.258
161.093
159.919
158.735
157.542
156.34
155.128
153.907
152.677
151.437
150.187
148.928
147.659
146.38
145.09
143.791
142.482
141.163
139.833
138.493
137.143
135.782
134.41
133.028
131.635
130.232
128.817
127.391
125.955
124.507
123.048
121.577
120.096
118.602
117.098
115.582
114.054
112.514
110.963
109.4
107.825
106.239
104.641
103.031
101.41
99.7774
98.1329
96.4761
94.8063
93.1214
91.4187
89.6927
239.39
239.392
239.396
239.406
239.417
239.43
239.454
239.488
239.528
239.575
239.625
239.675
239.723
239.765
239.797
239.816
239.819
239.804
239.769
239.712
239.633
239.531
239.405
239.257
239.086
238.893
238.678
238.443
238.187
237.912
237.619
237.308
236.979
236.635
236.274
235.899
235.509
235.105
234.688
234.258
233.815
233.36
232.894
232.416
231.927
231.427
230.918
230.398
229.868
229.328
228.779
228.221
227.654
227.078
226.493
225.9
225.298
224.688
224.07
223.444
222.81
222.168
221.519
220.861
220.196
219.524
218.844
218.156
217.462
216.76
216.05
215.333
214.61
213.878
213.14
212.395
211.642
210.882
210.116
209.342
208.561
207.773
206.977
206.175
205.365
204.549
203.725
202.894
202.056
201.211
200.358
199.498
198.631
197.757
196.876
195.987
195.09
194.186
193.275
192.357
191.43
190.497
189.555
188.606
187.65
186.685
185.713
184.733
183.745
182.749
181.746
180.734
179.714
178.686
177.65
176.606
175.553
174.493
173.424
172.346
171.26
170.165
169.062
167.95
166.829
165.7
164.562
163.414
162.258
161.093
159.918
158.735
157.542
156.34
155.128
153.907
152.677
151.437
150.187
148.928
147.658
146.379
145.09
143.791
142.482
141.163
139.833
138.493
137.143
135.782
134.41
133.028
131.635
130.231
128.817
127.391
125.954
124.506
123.047
121.577
120.095
118.602
117.097
115.58
114.052
112.513
110.961
109.398
107.822
106.235
104.636
103.025
101.402
99.7672
98.1196
96.459
94.7843
93.0934
91.3838
89.6506
239.293
239.294
239.297
239.303
239.314
239.33
239.341
239.387
239.443
239.508
239.583
239.664
239.745
239.822
239.889
239.941
239.973
239.984
239.971
239.931
239.866
239.773
239.654
239.509
239.339
239.144
238.926
238.686
238.424
238.143
237.842
237.523
237.187
236.834
236.465
236.082
235.684
235.272
234.847
234.409
233.959
233.497
233.024
232.54
232.044
231.539
231.023
230.498
229.963
229.418
228.865
228.302
227.731
227.15
226.562
225.965
225.36
224.746
224.125
223.496
222.859
222.214
221.562
220.902
220.235
219.56
218.878
218.189
217.492
216.788
216.077
215.359
214.634
213.901
213.161
212.415
211.661
210.9
210.132
209.357
208.575
207.786
206.99
206.187
205.376
204.559
203.735
202.903
202.064
201.218
200.365
199.505
198.638
197.763
196.881
195.992
195.095
194.191
193.279
192.36
191.434
190.5
189.558
188.609
187.652
186.687
185.715
184.735
183.747
182.751
181.747
180.735
179.715
178.687
177.651
176.607
175.554
174.493
173.424
172.346
171.26
170.165
169.062
167.95
166.829
165.7
164.562
163.414
162.258
161.093
159.918
158.735
157.542
156.34
155.128
153.907
152.677
151.436
150.187
148.927
147.658
146.379
145.09
143.791
142.482
141.162
139.833
138.493
137.142
135.781
134.41
133.028
131.635
130.231
128.816
127.391
125.954
124.506
123.047
121.576
120.094
118.601
117.096
115.579
114.051
112.511
110.959
109.395
107.819
106.231
104.631
103.019
101.394
99.7568
98.1064
96.4422
94.7629
93.0667
91.3509
89.6115
239.088
239.088
239.084
239.082
239.083
239.095
239.123
239.134
239.194
239.28
239.39
239.516
239.649
239.781
239.902
240.005
240.084
240.135
240.155
240.143
240.097
240.02
239.91
239.771
239.603
239.408
239.187
238.942
238.675
238.386
238.078
237.75
237.406
237.044
236.667
236.275
235.868
235.448
235.015
234.569
234.111
233.642
233.162
232.671
232.169
231.657
231.136
230.604
230.064
229.514
228.955
228.388
227.812
227.227
226.635
226.034
225.425
224.808
224.183
223.551
222.911
222.264
221.609
220.946
220.276
219.599
218.915
218.224
217.525
216.819
216.106
215.386
214.659
213.925
213.184
212.436
211.681
210.919
210.15
209.374
208.591
207.8
207.003
206.199
205.388
204.57
203.745
202.913
202.073
201.227
200.373
199.512
198.644
197.769
196.887
195.997
195.1
194.195
193.283
192.364
191.437
190.503
189.561
188.612
187.654
186.689
185.717
184.736
183.748
182.752
181.748
180.736
179.716
178.688
177.652
176.607
175.555
174.494
173.424
172.347
171.26
170.166
169.062
167.95
166.83
165.7
164.562
163.414
162.258
161.093
159.918
158.734
157.542
156.339
155.128
153.907
152.676
151.436
150.187
148.927
147.658
146.379
145.09
143.791
142.482
141.162
139.833
138.493
137.142
135.781
134.41
133.027
131.634
130.231
128.816
127.39
125.953
124.505
123.046
121.576
120.094
118.6
117.095
115.578
114.05
112.509
110.957
109.392
107.816
106.227
104.626
103.012
101.386
99.7466
98.0934
96.4258
94.7424
93.0414
91.3202
89.5753
238.717
238.709
238.685
238.651
238.614
238.586
238.58
238.608
238.642
238.736
238.885
239.079
239.301
239.532
239.752
239.948
240.108
240.226
240.3
240.329
240.315
240.26
240.166
240.036
239.872
239.678
239.456
239.207
238.934
238.638
238.322
237.987
237.633
237.263
236.877
236.476
236.06
235.632
235.19
234.736
234.271
233.794
233.306
232.808
232.3
231.781
231.253
230.716
230.17
229.615
229.051
228.478
227.898
227.309
226.712
226.107
225.494
224.873
224.245
223.609
222.966
222.316
221.658
220.993
220.32
219.641
218.954
218.26
217.559
216.852
216.137
215.415
214.686
213.951
213.208
212.458
211.702
210.939
210.168
209.391
208.607
207.816
207.018
206.213
205.401
204.582
203.756
202.923
202.083
201.236
200.381
199.52
198.652
197.776
196.893
196.003
195.105
194.2
193.288
192.368
191.441
190.506
189.564
188.614
187.657
186.692
185.719
184.738
183.75
182.754
181.749
180.737
179.717
178.689
177.653
176.608
175.555
174.494
173.425
172.347
171.261
170.166
169.062
167.95
166.83
165.7
164.561
163.414
162.258
161.092
159.918
158.734
157.541
156.339
155.128
153.907
152.676
151.436
150.186
148.927
147.658
146.379
145.09
143.79
142.481
141.162
139.832
138.492
137.142
135.781
134.409
133.027
131.634
130.23
128.815
127.39
125.953
124.505
123.046
121.575
120.093
118.599
117.094
115.577
114.048
112.507
110.955
109.39
107.813
106.223
104.621
103.006
101.378
99.7365
98.0808
96.41
94.7229
93.0175
91.2916
89.5418
238.091
238.058
237.973
237.849
237.692
237.525
237.377
237.29
237.298
237.39
237.637
238.003
238.44
238.894
239.319
239.686
239.985
240.212
240.371
240.464
240.498
240.478
240.409
240.294
240.14
239.95
239.728
239.476
239.198
238.897
238.573
238.23
237.868
237.488
237.093
236.683
236.259
235.822
235.372
234.91
234.436
233.951
233.456
232.951
232.435
231.91
231.376
230.833
230.28
229.72
229.15
228.573
227.987
227.394
226.792
226.183
225.566
224.942
224.31
223.67
223.024
222.37
221.709
221.041
220.366
219.684
218.995
218.299
217.596
216.886
216.169
215.445
214.715
213.977
213.233
212.482
211.724
210.96
210.188
209.409
208.624
207.832
207.033
206.227
205.414
204.594
203.767
202.934
202.093
201.245
200.39
199.528
198.659
197.783
196.899
196.009
195.111
194.206
193.293
192.373
191.445
190.51
189.568
188.617
187.66
186.694
185.721
184.74
183.752
182.755
181.751
180.739
179.718
178.69
177.653
176.609
175.556
174.495
173.425
172.347
171.261
170.166
169.063
167.95
166.83
165.7
164.561
163.414
162.258
161.092
159.918
158.734
157.541
156.339
155.127
153.906
152.676
151.436
150.186
148.927
147.657
146.378
145.089
143.79
142.481
141.162
139.832
138.492
137.141
135.781
134.409
133.027
131.634
130.23
128.815
127.389
125.952
124.504
123.045
121.574
120.092
118.598
117.093
115.576
114.047
112.506
110.953
109.387
107.809
106.219
104.616
103
101.37
99.7268
98.0687
96.395
94.7044
92.9951
91.265
89.5111
237.092
237.003
236.79
236.462
236.019
235.489
234.948
234.508
234.298
234.413
234.868
235.605
236.499
237.417
238.254
238.961
239.531
239.971
240.288
240.5
240.62
240.661
240.633
240.545
240.408
240.226
240.007
239.754
239.473
239.166
238.835
238.484
238.113
237.725
237.321
236.902
236.469
236.022
235.563
235.093
234.611
234.118
233.615
233.102
232.579
232.047
231.506
230.956
230.398
229.831
229.256
228.674
228.083
227.484
226.878
226.264
225.643
225.014
224.379
223.736
223.086
222.429
221.764
221.093
220.415
219.73
219.039
218.34
217.635
216.923
216.204
215.478
214.745
214.006
213.26
212.508
211.748
210.982
210.209
209.429
208.643
207.849
207.049
206.242
205.428
204.607
203.78
202.945
202.104
201.255
200.4
199.537
198.667
197.79
196.906
196.015
195.117
194.211
193.298
192.377
191.449
190.514
189.571
188.621
187.663
186.697
185.724
184.743
183.754
182.757
181.753
180.74
179.72
178.691
177.654
176.61
175.557
174.495
173.426
172.348
171.261
170.166
169.063
167.951
166.83
165.7
164.561
163.414
162.258
161.092
159.917
158.734
157.541
156.339
155.127
153.906
152.676
151.436
150.186
148.926
147.657
146.378
145.089
143.79
142.481
141.161
139.832
138.492
137.141
135.78
134.409
133.026
131.633
130.23
128.815
127.389
125.952
124.504
123.044
121.574
120.091
118.597
117.092
115.575
114.045
112.504
110.951
109.385
107.806
106.215
104.611
102.994
101.363
99.7176
98.0572
96.3808
94.6872
92.9745
91.2406
89.483
235.85
235.635
235.132
234.315
233.124
231.527
229.677
228.021
227.034
226.968
227.786
229.383
231.437
233.609
235.598
237.237
238.484
239.38
239.991
240.406
240.662
240.793
240.823
240.773
240.658
240.489
240.276
240.025
239.741
239.43
239.093
238.735
238.356
237.96
237.547
237.119
236.677
236.222
235.755
235.276
234.786
234.285
233.774
233.254
232.724
232.185
231.637
231.081
230.517
229.944
229.364
228.775
228.179
227.576
226.965
226.346
225.721
225.088
224.449
223.802
223.148
222.488
221.821
221.146
220.465
219.778
219.083
218.382
217.674
216.96
216.239
215.511
214.777
214.036
213.288
212.534
211.773
211.005
210.23
209.449
208.662
207.867
207.066
206.258
205.443
204.621
203.792
202.957
202.115
201.265
200.409
199.546
198.675
197.798
196.913
196.022
195.123
194.216
193.303
192.382
191.454
190.518
189.575
188.624
187.666
186.7
185.726
184.745
183.756
182.759
181.754
180.741
179.721
178.692
177.655
176.61
175.557
174.496
173.426
172.348
171.262
170.167
169.063
167.951
166.83
165.7
164.561
163.414
162.257
161.092
159.917
158.733
157.54
156.338
155.127
153.906
152.675
151.435
150.186
148.926
147.657
146.378
145.089
143.79
142.48
141.161
139.831
138.491
137.141
135.78
134.408
133.026
131.633
130.229
128.814
127.388
125.951
124.503
123.044
121.573
120.09
118.596
117.091
115.573
114.044
112.502
110.948
109.382
107.803
106.211
104.607
102.988
101.356
99.7086
98.0462
96.3674
94.671
92.9551
91.218
89.4572
234.836
234.459
233.564
231.988
229.488
225.969
221.775
217.908
215.442
214.908
216.387
219.543
223.631
227.94
231.842
234.953
237.172
238.642
239.63
240.274
240.674
240.896
240.984
240.971
240.879
240.723
240.517
240.268
239.983
239.668
239.327
238.962
238.577
238.174
237.753
237.318
236.868
236.405
235.93
235.444
234.947
234.439
233.921
233.394
232.858
232.313
231.759
231.197
230.627
230.049
229.463
228.87
228.269
227.661
227.046
226.423
225.794
225.158
224.514
223.864
223.207
222.544
221.873
221.196
220.512
219.822
219.125
218.422
217.712
216.995
216.272
215.542
214.806
214.063
213.314
212.558
211.796
211.027
210.251
209.468
208.68
207.884
207.081
206.272
205.457
204.634
203.804
202.968
202.125
201.275
200.418
199.554
198.683
197.805
196.92
196.028
195.128
194.222
193.308
192.386
191.458
190.522
189.578
188.627
187.668
186.702
185.728
184.747
183.758
182.76
181.756
180.743
179.722
178.693
177.656
176.611
175.558
174.496
173.427
172.348
171.262
170.167
169.063
167.951
166.829
165.7
164.561
163.413
162.257
161.091
159.917
158.733
157.54
156.338
155.126
153.905
152.675
151.435
150.185
148.926
147.657
146.377
145.088
143.789
142.48
141.161
139.831
138.491
137.14
135.779
134.408
133.025
131.632
130.228
128.814
127.388
125.951
124.503
123.043
121.572
120.09
118.596
117.09
115.572
114.042
112.5
110.946
109.38
107.8
106.208
104.602
102.983
101.349
99.7003
98.036
96.3551
94.6561
92.9376
91.1975
89.4338
234.64
233.997
232.64
230.215
226.278
220.733
214.137
207.885
203.688
202.536
204.928
210.196
216.61
223.049
228.76
233.142
236.159
238.128
239.399
240.213
240.72
241.01
241.143
241.157
241.082
240.937
240.736
240.488
240.202
239.884
239.539
239.169
238.778
238.368
237.941
237.499
237.042
236.573
236.091
235.598
235.094
234.58
234.056
233.523
232.981
232.43
231.871
231.304
230.729
230.146
229.555
228.958
228.353
227.74
227.121
226.495
225.862
225.222
224.575
223.922
223.262
222.596
221.922
221.243
220.557
219.864
219.165
218.459
217.747
217.028
216.303
215.572
214.834
214.09
213.339
212.581
211.818
211.047
210.27
209.487
208.697
207.9
207.096
206.286
205.47
204.646
203.816
202.979
202.135
201.284
200.427
199.562
198.691
197.812
196.927
196.034
195.134
194.227
193.312
192.391
191.462
190.525
189.581
188.63
187.671
186.705
185.731
184.749
183.759
182.762
181.757
180.744
179.723
178.694
177.657
176.612
175.559
174.497
173.427
172.349
171.262
170.167
169.063
167.951
166.829
165.7
164.561
163.413
162.257
161.091
159.917
158.733
157.54
156.338
155.126
153.905
152.675
151.435
150.185
148.925
147.656
146.377
145.088
143.789
142.48
141.16
139.83
138.49
137.14
135.779
134.407
133.025
131.632
130.228
128.813
127.387
125.95
124.502
123.042
121.571
120.089
118.595
117.089
115.571
114.041
112.499
110.944
109.377
107.797
106.204
104.598
102.977
101.343
99.6926
98.0267
96.3438
94.6427
92.9217
91.1792
89.4129
235.883
235.043
233.382
230.468
225.815
219.368
211.768
204.631
199.659
198.219
201.09
207.436
214.703
221.657
227.791
232.597
235.89
238.026
239.403
240.287
240.84
241.162
241.315
241.344
241.278
241.138
240.938
240.691
240.403
240.082
239.732
239.357
238.961
238.545
238.112
237.664
237.201
236.726
236.238
235.739
235.229
234.709
234.18
233.641
233.094
232.538
231.974
231.402
230.823
230.235
229.641
229.039
228.43
227.814
227.191
226.561
225.925
225.282
224.632
223.976
223.313
222.644
221.968
221.286
220.598
219.903
219.202
218.494
217.78
217.06
216.333
215.6
214.86
214.114
213.362
212.603
211.838
211.066
210.288
209.504
208.713
207.915
207.111
206.3
205.482
204.658
203.827
202.989
202.145
201.293
200.435
199.57
198.698
197.819
196.933
196.04
195.139
194.232
193.317
192.395
191.465
190.529
189.585
188.633
187.674
186.707
185.733
184.751
183.761
182.764
181.758
180.745
179.724
178.695
177.658
176.613
175.559
174.497
173.427
172.349
171.262
170.167
169.063
167.951
166.829
165.699
164.561
163.413
162.257
161.091
159.916
158.733
157.54
156.337
155.126
153.905
152.674
151.434
150.185
148.925
147.656
146.377
145.088
143.788
142.479
141.16
139.83
138.49
137.139
135.778
134.407
133.024
131.631
130.227
128.813
127.387
125.95
124.501
123.042
121.571
120.088
118.594
117.088
115.57
114.04
112.497
110.943
109.375
107.795
106.201
104.594
102.973
101.337
99.6858
98.0184
96.3338
94.6307
92.9076
91.1628
89.3944
238.301
237.399
235.693
232.807
228.311
222.159
214.971
208.281
203.566
201.955
204.383
210.266
216.943
223.153
228.667
233.129
236.248
238.281
239.615
240.484
241.032
241.354
241.509
241.539
241.473
241.332
241.131
240.88
240.589
240.264
239.909
239.529
239.128
238.706
238.268
237.814
237.346
236.865
236.372
235.867
235.352
234.827
234.293
233.75
233.198
232.637
232.069
231.493
230.909
230.318
229.719
229.114
228.501
227.882
227.256
226.623
225.983
225.337
224.685
224.026
223.361
222.689
222.011
221.327
220.636
219.939
219.236
218.527
217.811
217.089
216.36
215.626
214.885
214.137
213.384
212.624
211.857
211.085
210.305
209.52
208.728
207.929
207.124
206.312
205.494
204.669
203.837
202.999
202.154
201.302
200.443
199.577
198.705
197.825
196.939
196.045
195.144
194.236
193.321
192.399
191.469
190.532
189.588
188.636
187.676
186.709
185.735
184.753
183.763
182.765
181.76
180.746
179.725
178.696
177.659
176.613
175.56
174.498
173.428
172.349
171.262
170.167
169.063
167.951
166.829
165.699
164.561
163.413
162.256
161.091
159.916
158.732
157.539
156.337
155.126
153.905
152.674
151.434
150.184
148.925
147.656
146.376
145.087
143.788
142.479
141.159
139.83
138.49
137.139
135.778
134.406
133.024
131.631
130.227
128.812
127.386
125.949
124.501
123.041
121.57
120.087
118.593
117.087
115.569
114.039
112.496
110.941
109.373
107.793
106.199
104.591
102.969
101.332
99.6797
98.0111
96.325
94.6202
92.8953
91.1486
89.3782
241.346
240.459
238.906
236.442
232.684
227.579
221.61
215.975
211.834
210.073
211.568
215.971
221.139
226.052
230.549
234.295
236.982
238.768
239.967
240.768
241.278
241.577
241.719
241.74
241.668
241.521
241.315
241.059
240.762
240.432
240.072
239.687
239.28
238.854
238.411
237.951
237.478
236.992
236.494
235.985
235.465
234.936
234.397
233.849
233.293
232.728
232.156
231.576
230.988
230.393
229.791
229.183
228.567
227.944
227.315
226.68
226.037
225.389
224.734
224.073
223.405
222.731
222.051
221.364
220.672
219.973
219.268
218.557
217.839
217.116
216.386
215.65
214.908
214.159
213.404
212.643
211.876
211.102
210.322
209.535
208.742
207.943
207.137
206.324
205.505
204.679
203.847
203.008
202.162
201.31
200.45
199.584
198.711
197.831
196.944
196.05
195.149
194.241
193.325
192.403
191.473
190.535
189.591
188.638
187.679
186.712
185.737
184.755
183.765
182.767
181.761
180.748
179.726
178.697
177.66
176.614
175.56
174.498
173.428
172.35
171.263
170.167
169.063
167.951
166.829
165.699
164.561
163.413
162.256
161.091
159.916
158.732
157.539
156.337
155.125
153.904
152.674
151.434
150.184
148.925
147.655
146.376
145.087
143.788
142.479
141.159
139.829
138.489
137.139
135.778
134.406
133.024
131.631
130.227
128.812
127.386
125.949
124.5
123.041
121.569
120.087
118.592
117.086
115.568
114.038
112.495
110.94
109.372
107.791
106.196
104.588
102.965
101.328
99.6745
98.0047
96.3174
94.6112
92.8847
91.1364
89.3644
243.925
243.306
242.106
240.21
237.284
233.256
228.47
223.811
220.175
218.45
219.127
221.904
225.45
229.127
232.676
235.68
237.875
239.372
240.403
241.105
241.557
241.819
241.937
241.943
241.859
241.703
241.489
241.227
240.924
240.587
240.222
239.832
239.42
238.989
238.541
238.077
237.599
237.108
236.606
236.092
235.568
235.035
234.492
233.94
233.38
232.812
232.236
231.652
231.061
230.463
229.858
229.246
228.627
228.002
227.37
226.732
226.087
225.436
224.779
224.116
223.446
222.77
222.088
221.4
220.705
220.005
219.298
218.585
217.866
217.141
216.41
215.673
214.929
214.179
213.423
212.661
211.893
211.118
210.337
209.549
208.755
207.955
207.148
206.335
205.515
204.689
203.856
203.017
202.17
201.317
200.457
199.591
198.717
197.837
196.95
196.055
195.154
194.245
193.329
192.406
191.476
190.538
189.594
188.641
187.681
186.714
185.739
184.757
183.766
182.768
181.763
180.749
179.727
178.698
177.66
176.615
175.561
174.499
173.429
172.35
171.263
170.168
169.064
167.951
166.83
165.7
164.561
163.413
162.256
161.091
159.916
158.732
157.539
156.337
155.125
153.904
152.674
151.434
150.184
148.924
147.655
146.376
145.087
143.788
142.478
141.159
139.829
138.489
137.139
135.777
134.406
133.023
131.63
130.226
128.811
127.385
125.948
124.5
123.04
121.569
120.086
118.592
117.085
115.567
114.037
112.494
110.938
109.37
107.789
106.194
104.585
102.962
101.324
99.6701
97.9994
96.311
94.6037
92.8759
91.1263
89.3529
245.873
245.434
244.73
243.31
240.993
237.776
233.941
230.112
227.063
225.336
225.261
226.693
229.067
231.91
234.716
237.052
238.784
240.008
240.87
241.466
241.851
242.07
242.158
242.142
242.043
241.876
241.653
241.383
241.074
240.731
240.361
239.965
239.549
239.113
238.66
238.192
237.71
237.215
236.708
236.191
235.663
235.125
234.579
234.023
233.46
232.888
232.309
231.722
231.128
230.527
229.919
229.305
228.683
228.056
227.421
226.781
226.134
225.48
224.821
224.156
223.484
222.806
222.122
221.432
220.736
220.034
219.326
218.612
217.891
217.165
216.433
215.694
214.949
214.198
213.441
212.678
211.909
211.133
210.351
209.563
208.768
207.967
207.16
206.346
205.525
204.698
203.865
203.025
202.178
201.325
200.464
199.597
198.723
197.842
196.955
196.06
195.158
194.249
193.333
192.41
191.479
190.542
189.596
188.644
187.684
186.716
185.741
184.758
183.768
182.77
181.764
180.75
179.729
178.699
177.661
176.616
175.562
174.5
173.429
172.351
171.263
170.168
169.064
167.951
166.83
165.7
164.561
163.413
162.256
161.091
159.916
158.732
157.539
156.337
155.125
153.904
152.674
151.434
150.184
148.924
147.655
146.376
145.087
143.788
142.478
141.159
139.829
138.489
137.138
135.777
134.406
133.023
131.63
130.226
128.811
127.385
125.948
124.499
123.04
121.569
120.086
118.591
117.085
115.567
114.036
112.493
110.938
109.369
107.788
106.192
104.583
102.96
101.321
99.6665
97.9951
96.3059
94.5976
92.8689
91.1181
89.3438
246.656
246.984
246.687
245.559
243.616
240.949
237.762
234.52
231.861
230.138
229.573
230.286
232.101
234.395
236.545
238.291
239.628
240.618
241.333
241.828
242.146
242.319
242.375
242.337
242.22
242.04
241.806
241.528
241.212
240.864
240.488
240.088
239.667
239.226
238.769
238.297
237.811
237.312
236.802
236.281
235.749
235.208
234.658
234.1
233.533
232.959
232.376
231.787
231.19
230.586
229.976
229.359
228.735
228.105
227.468
226.826
226.177
225.521
224.86
224.193
223.519
222.84
222.154
221.463
220.765
220.061
219.352
218.636
217.915
217.187
216.454
215.714
214.968
214.216
213.458
212.694
211.924
211.147
210.365
209.576
208.78
207.979
207.17
206.356
205.535
204.707
203.873
203.033
202.185
201.331
200.471
199.603
198.729
197.848
196.96
196.065
195.162
194.253
193.337
192.413
191.483
190.544
189.599
188.646
187.686
186.718
185.743
184.76
183.77
182.771
181.765
180.752
179.73
178.7
177.662
176.616
175.562
174.5
173.43
172.351
171.264
170.168
169.064
167.951
166.83
165.7
164.561
163.413
162.257
161.091
159.916
158.732
157.539
156.337
155.125
153.904
152.674
151.434
150.184
148.924
147.655
146.376
145.087
143.787
142.478
141.159
139.829
138.489
137.138
135.777
134.405
133.023
131.63
130.226
128.811
127.385
125.948
124.499
123.039
121.568
120.085
118.591
117.084
115.566
114.035
112.492
110.937
109.368
107.787
106.191
104.582
102.958
101.319
99.6638
97.9919
96.3021
94.5931
92.8636
91.1121
89.3369
248.389
248.296
248.127
247.046
245.281
242.961
240.244
237.362
234.872
233.154
232.592
233.266
234.79
236.517
238.061
239.349
240.39
241.189
241.774
242.179
242.433
242.561
242.585
242.522
242.389
242.195
241.951
241.664
241.342
240.987
240.606
240.201
239.775
239.331
238.87
238.394
237.904
237.402
236.888
236.363
235.829
235.285
234.732
234.17
233.601
233.023
232.438
231.846
231.247
230.641
230.028
229.409
228.783
228.151
227.512
226.867
226.216
225.559
224.896
224.227
223.552
222.871
222.184
221.491
220.792
220.087
219.376
218.66
217.937
217.208
216.473
215.733
214.986
214.233
213.474
212.709
211.938
211.161
210.377
209.588
208.792
207.989
207.181
206.365
205.544
204.716
203.881
203.04
202.192
201.338
200.477
199.609
198.734
197.853
196.964
196.069
195.166
194.257
193.34
192.417
191.486
190.547
189.602
188.649
187.688
186.721
185.745
184.762
183.771
182.773
181.767
180.753
179.731
178.701
177.663
176.617
175.563
174.501
173.431
172.352
171.264
170.169
169.065
167.952
166.83
165.7
164.561
163.414
162.257
161.091
159.916
158.733
157.539
156.337
155.125
153.904
152.674
151.434
150.184
148.924
147.655
146.376
145.087
143.787
142.478
141.158
139.829
138.489
137.138
135.777
134.405
133.023
131.63
130.226
128.811
127.385
125.947
124.499
123.039
121.568
120.085
118.591
117.084
115.566
114.035
112.492
110.936
109.368
107.786
106.19
104.581
102.957
101.317
99.662
97.9897
96.2995
94.59
92.86
91.108
89.3323
248.989
249.39
248.998
247.84
246.088
243.849
241.3
238.875
236.858
235.61
235.35
235.971
237.027
238.175
239.266
240.246
241.068
241.711
242.184
242.508
242.705
242.791
242.784
242.699
242.549
242.342
242.087
241.792
241.462
241.102
240.715
240.306
239.875
239.427
238.962
238.482
237.989
237.484
236.967
236.439
235.902
235.355
234.799
234.235
233.663
233.083
232.496
231.901
231.3
230.691
230.077
229.455
228.827
228.193
227.553
226.906
226.253
225.595
224.93
224.259
223.583
222.9
222.212
221.517
220.817
220.111
219.399
218.681
217.957
217.228
216.492
215.75
215.003
214.249
213.489
212.724
211.952
211.174
210.389
209.599
208.802
207.999
207.19
206.374
205.552
204.724
203.889
203.047
202.199
201.344
200.483
199.615
198.74
197.858
196.969
196.073
195.17
194.261
193.344
192.42
191.489
190.55
189.604
188.651
187.691
186.723
185.747
184.764
183.773
182.775
181.768
180.754
179.732
178.702
177.664
176.618
175.564
174.502
173.431
172.352
171.265
170.169
169.065
167.952
166.831
165.701
164.562
163.414
162.257
161.091
159.917
158.733
157.54
156.337
155.126
153.904
152.674
151.434
150.184
148.924
147.655
146.376
145.087
143.787
142.478
141.158
139.829
138.488
137.138
135.777
134.405
133.023
131.63
130.225
128.81
127.384
125.947
124.499
123.039
121.568
120.085
118.59
117.084
115.565
114.035
112.492
110.936
109.367
107.785
106.19
104.58
102.956
101.317
99.661
97.9886
96.2981
94.5884
92.8582
91.1059
89.33
250.872
249.998
249.404
248.297
246.649
244.644
242.484
240.501
238.972
238.071
237.805
238.059
238.647
239.431
240.265
241.032
241.678
242.187
242.564
242.818
242.962
243.01
242.975
242.869
242.701
242.482
242.217
241.913
241.576
241.21
240.818
240.404
239.969
239.517
239.049
238.566
238.069
237.561
237.041
236.511
235.971
235.421
234.863
234.296
233.722
233.14
232.55
231.953
231.35
230.74
230.123
229.499
228.87
228.234
227.591
226.943
226.289
225.629
224.962
224.29
223.612
222.928
222.239
221.543
220.842
220.134
219.421
218.702
217.978
217.247
216.51
215.768
215.019
214.265
213.504
212.738
211.965
211.186
210.401
209.61
208.813
208.01
207.2
206.383
205.561
204.732
203.896
203.054
202.206
201.351
200.489
199.62
198.745
197.863
196.973
196.077
195.175
194.265
193.347
192.423
191.492
190.553
189.607
188.654
187.693
186.725
185.749
184.766
183.775
182.776
181.77
180.756
179.733
178.703
177.665
176.619
175.565
174.503
173.432
172.353
171.266
170.17
169.066
167.953
166.831
165.701
164.562
163.414
162.257
161.092
159.917
158.733
157.54
156.337
155.126
153.905
152.674
151.434
150.184
148.924
147.655
146.376
145.087
143.787
142.478
141.158
139.829
138.488
137.138
135.777
134.405
133.023
131.629
130.225
128.81
127.384
125.947
124.499
123.039
121.568
120.085
118.59
117.084
115.565
114.035
112.491
110.936
109.367
107.785
106.19
104.58
102.956
101.316
99.6609
97.9884
96.2979
94.5883
92.858
91.1058
89.3299
252.021
250.715
249.857
248.758
247.277
245.567
243.8
242.195
240.932
240.077
239.619
239.607
239.988
240.578
241.203
241.773
242.26
242.652
242.941
243.129
243.223
243.233
243.17
243.042
242.857
242.624
242.349
242.036
241.692
241.319
240.922
240.503
240.064
239.608
239.136
238.65
238.15
237.639
237.116
236.583
236.04
235.488
234.927
234.358
233.781
233.197
232.605
232.006
231.401
230.788
230.17
229.544
228.913
228.275
227.631
226.981
226.325
225.663
224.996
224.322
223.643
222.958
222.266
221.57
220.867
220.159
219.444
218.724
217.998
217.267
216.529
215.786
215.036
214.281
213.52
212.752
211.979
211.199
210.414
209.622
208.824
208.02
207.21
206.393
205.57
204.74
203.904
203.062
202.213
201.357
200.495
199.626
198.75
197.868
196.979
196.082
195.179
194.269
193.351
192.427
191.495
190.556
189.61
188.657
187.696
186.727
185.752
184.768
183.777
182.778
181.772
180.757
179.735
178.705
177.667
176.621
175.566
174.504
173.433
172.354
171.267
170.171
169.067
167.954
166.832
165.702
164.563
163.415
162.258
161.092
159.917
158.734
157.54
156.338
155.126
153.905
152.674
151.434
150.184
148.925
147.655
146.376
145.087
143.788
142.478
141.159
139.829
138.489
137.138
135.777
134.405
133.023
131.63
130.225
128.81
127.384
125.947
124.499
123.039
121.568
120.085
118.59
117.084
115.565
114.035
112.492
110.936
109.367
107.786
106.19
104.581
102.957
101.317
99.6621
97.9899
96.2997
94.5904
92.8606
91.1087
89.3333
252.924
251.534
250.458
249.338
248.009
246.532
245.031
243.635
242.469
241.633
241.185
241.118
241.342
241.706
242.109
242.5
242.851
243.136
243.339
243.46
243.503
243.474
243.38
243.229
243.026
242.778
242.49
242.168
241.815
241.436
241.032
240.608
240.165
239.704
239.228
238.738
238.235
237.72
237.194
236.658
236.113
235.558
234.994
234.423
233.844
233.257
232.663
232.062
231.454
230.839
230.218
229.591
228.958
228.318
227.672
227.021
226.363
225.7
225.03
224.355
223.674
222.988
222.295
221.597
220.893
220.184
219.468
218.747
218.02
217.287
216.549
215.804
215.054
214.298
213.536
212.767
211.993
211.213
210.427
209.634
208.836
208.031
207.22
206.403
205.579
204.749
203.913
203.07
202.22
201.364
200.502
199.632
198.756
197.873
196.984
196.087
195.184
194.273
193.355
192.431
191.499
190.56
189.613
188.66
187.699
186.73
185.754
184.77
183.779
182.78
181.774
180.759
179.737
178.707
177.668
176.622
175.568
174.505
173.434
172.355
171.268
170.172
169.068
167.955
166.833
165.703
164.564
163.416
162.259
161.093
159.918
158.734
157.541
156.338
155.127
153.905
152.675
151.435
150.185
148.925
147.656
146.376
145.087
143.788
142.478
141.159
139.829
138.489
137.138
135.777
134.405
133.023
131.63
130.226
128.811
127.385
125.947
124.499
123.039
121.568
120.085
118.591
117.084
115.566
114.035
112.492
110.937
109.368
107.787
106.191
104.582
102.958
101.319
99.6645
97.9928
96.3033
94.5946
92.8655
91.1145
89.34
253.68
252.303
251.121
249.984
248.762
247.449
246.129
244.906
243.881
243.144
242.717
242.54
242.558
242.72
242.963
243.223
243.455
243.637
243.756
243.811
243.802
243.732
243.607
243.43
243.207
242.943
242.642
242.309
241.947
241.56
241.15
240.72
240.271
239.806
239.325
238.831
238.324
237.806
237.277
236.737
236.189
235.631
235.065
234.49
233.908
233.319
232.722
232.119
231.509
230.892
230.269
229.64
229.004
228.363
227.715
227.062
226.402
225.737
225.066
224.389
223.707
223.019
222.325
221.626
220.92
220.209
219.493
218.77
218.042
217.308
216.569
215.823
215.072
214.315
213.552
212.783
212.008
211.227
210.44
209.647
208.848
208.042
207.231
206.413
205.589
204.758
203.921
203.078
202.228
201.372
200.508
199.639
198.762
197.879
196.989
196.092
195.188
194.278
193.36
192.435
191.503
190.563
189.617
188.663
187.702
186.733
185.757
184.773
183.782
182.783
181.776
180.761
179.739
178.708
177.67
176.624
175.569
174.507
173.436
172.357
171.269
170.173
169.069
167.956
166.834
165.704
164.565
163.417
162.26
161.094
159.919
158.735
157.542
156.339
155.127
153.906
152.675
151.435
150.185
148.925
147.656
146.377
145.088
143.788
142.479
141.159
139.829
138.489
137.139
135.777
134.406
133.023
131.63
130.226
128.811
127.385
125.948
124.499
123.04
121.568
120.086
118.591
117.085
115.566
114.036
112.493
110.938
109.369
107.788
106.193
104.584
102.961
101.322
99.6681
97.9972
96.3086
94.601
92.873
91.1232
89.3499
254.349
253.028
251.83
250.696
249.546
248.364
247.199
246.125
245.215
244.517
244.033
243.754
243.664
243.71
243.825
243.953
244.065
244.147
244.188
244.179
244.118
244.007
243.849
243.645
243.4
243.119
242.804
242.46
242.088
241.692
241.275
240.838
240.383
239.913
239.428
238.929
238.418
237.896
237.363
236.82
236.268
235.707
235.138
234.561
233.976
233.384
232.785
232.179
231.566
230.947
230.322
229.69
229.053
228.409
227.759
227.104
226.443
225.776
225.103
224.425
223.741
223.051
222.356
221.655
220.948
220.236
219.518
218.795
218.065
217.33
216.59
215.843
215.091
214.333
213.569
212.799
212.023
211.242
210.454
209.66
208.86
208.054
207.242
206.423
205.599
204.768
203.93
203.086
202.236
201.379
200.515
199.645
198.769
197.885
196.995
196.098
195.193
194.282
193.364
192.439
191.507
190.567
189.62
188.666
187.705
186.736
185.76
184.776
183.784
182.785
181.778
180.763
179.741
178.71
177.672
176.625
175.571
174.508
173.437
172.358
171.27
170.174
169.07
167.957
166.835
165.705
164.566
163.418
162.261
161.095
159.92
158.736
157.542
156.34
155.128
153.907
152.676
151.436
150.186
148.926
147.657
146.377
145.088
143.789
142.479
141.16
139.83
138.49
137.139
135.778
134.406
133.024
131.63
130.226
128.811
127.385
125.948
124.5
123.04
121.569
120.086
118.592
117.085
115.567
114.037
112.494
110.939
109.371
107.79
106.195
104.587
102.964
101.326
99.673
98.0031
96.3156
94.6094
92.883
91.1348
89.3631
254.981
253.728
252.555
251.443
250.352
249.269
248.219
247.251
246.413
245.734
245.236
244.917
244.744
244.667
244.646
244.654
244.667
244.665
244.633
244.564
244.452
244.299
244.106
243.875
243.608
243.308
242.978
242.62
242.238
241.833
241.407
240.963
240.502
240.026
239.536
239.032
238.517
237.991
237.454
236.907
236.352
235.787
235.215
234.635
234.047
233.452
232.85
232.241
231.626
231.005
230.377
229.743
229.103
228.457
227.806
227.148
226.485
225.816
225.142
224.462
223.776
223.085
222.388
221.685
220.977
220.264
219.545
218.82
218.089
217.353
216.611
215.864
215.11
214.351
213.587
212.816
212.039
211.257
210.468
209.674
208.873
208.066
207.253
206.434
205.609
204.777
203.939
203.095
202.244
201.387
200.523
199.652
198.775
197.891
197.001
196.103
195.199
194.287
193.369
192.443
191.511
190.571
189.624
188.67
187.708
186.739
185.763
184.778
183.787
182.787
181.78
180.766
179.743
178.712
177.674
176.627
175.573
174.51
173.439
172.36
171.272
170.176
169.071
167.958
166.837
165.706
164.567
163.419
162.262
161.096
159.921
158.737
157.543
156.341
155.129
153.908
152.677
151.436
150.186
148.927
147.657
146.378
145.089
143.789
142.48
141.16
139.83
138.49
137.14
135.778
134.407
133.024
131.631
130.227
128.812
127.386
125.949
124.5
123.041
121.57
120.087
118.592
117.086
115.568
114.038
112.495
110.94
109.373
107.792
106.198
104.59
102.968
101.331
99.6789
98.0104
96.3244
94.6199
92.8954
91.1492
89.3797
255.597
254.409
253.28
252.205
251.167
250.16
249.197
248.309
247.525
246.873
246.366
245.992
245.727
245.548
245.433
245.352
245.279
245.196
245.093
244.963
244.802
244.608
244.38
244.121
243.83
243.51
243.163
242.792
242.397
241.982
241.548
241.096
240.628
240.146
239.65
239.141
238.621
238.09
237.549
236.998
236.439
235.871
235.295
234.712
234.121
233.523
232.918
232.306
231.688
231.064
230.434
229.798
229.155
228.507
227.853
227.194
226.529
225.858
225.182
224.5
223.812
223.119
222.421
221.717
221.007
220.292
219.572
218.846
218.114
217.377
216.634
215.885
215.131
214.37
213.605
212.833
212.055
211.272
210.483
209.687
208.886
208.079
207.265
206.445
205.619
204.787
203.949
203.104
202.252
201.395
200.53
199.659
198.782
197.898
197.006
196.109
195.204
194.292
193.374
192.448
191.515
190.575
189.628
188.674
187.712
186.742
185.766
184.781
183.79
182.79
181.783
180.768
179.745
178.715
177.676
176.629
175.575
174.512
173.441
172.361
171.274
170.178
169.073
167.96
166.838
165.708
164.568
163.42
162.263
161.097
159.922
158.738
157.544
156.342
155.13
153.908
152.678
151.437
150.187
148.927
147.658
146.379
145.089
143.79
142.481
141.161
139.831
138.491
137.14
135.779
134.407
133.025
131.632
130.228
128.813
127.387
125.949
124.501
123.041
121.57
120.088
118.593
117.087
115.569
114.039
112.497
110.942
109.375
107.794
106.201
104.594
102.973
101.337
99.686
98.019
96.3349
94.6325
92.9103
91.1666
89.3996
256.203
255.078
254.001
252.97
251.981
251.033
250.134
249.304
248.562
247.927
247.4
246.979
246.653
246.405
246.209
246.041
245.884
245.726
245.559
245.374
245.166
244.932
244.67
244.381
244.066
243.725
243.361
242.975
242.567
242.141
241.697
241.237
240.761
240.272
239.77
239.256
238.73
238.194
237.649
237.094
236.53
235.959
235.379
234.792
234.198
233.596
232.988
232.374
231.753
231.126
230.493
229.854
229.21
228.559
227.903
227.241
226.574
225.901
225.223
224.539
223.85
223.155
222.455
221.749
221.038
220.322
219.6
218.872
218.139
217.401
216.657
215.907
215.151
214.39
213.623
212.851
212.072
211.288
210.498
209.702
208.899
208.091
207.277
206.457
205.63
204.797
203.958
203.113
202.261
201.403
200.538
199.667
198.789
197.904
197.013
196.115
195.21
194.298
193.379
192.453
191.52
190.58
189.632
188.677
187.715
186.746
185.769
184.785
183.793
182.793
181.786
180.771
179.748
178.717
177.678
176.632
175.577
174.514
173.443
172.363
171.276
170.179
169.075
167.961
166.84
165.709
164.57
163.421
162.264
161.098
159.923
158.739
157.545
156.343
155.131
153.909
152.679
151.438
150.188
148.928
147.659
146.379
145.09
143.791
142.481
141.162
139.832
138.491
137.141
135.78
134.408
133.025
131.632
130.228
128.813
127.387
125.95
124.502
123.042
121.571
120.089
118.594
117.088
115.57
114.041
112.498
110.944
109.377
107.797
106.204
104.598
102.978
101.344
99.6942
98.029
96.347
94.6471
92.9276
91.1869
89.4229
256.805
255.739
254.712
253.727
252.783
251.883
251.034
250.247
249.534
248.905
248.364
247.911
247.535
247.219
246.946
246.703
246.479
246.26
246.035
245.798
245.544
245.27
244.974
244.656
244.316
243.954
243.572
243.169
242.748
242.31
241.856
241.386
240.902
240.406
239.897
239.376
238.845
238.304
237.753
237.194
236.626
236.05
235.467
234.876
234.278
233.673
233.062
232.444
231.821
231.191
230.555
229.913
229.266
228.613
227.955
227.291
226.621
225.946
225.266
224.58
223.889
223.192
222.49
221.783
221.07
220.352
219.629
218.9
218.166
217.426
216.68
215.929
215.173
214.41
213.642
212.869
212.089
211.304
210.513
209.716
208.913
208.104
207.289
206.468
205.641
204.808
203.968
203.122
202.27
201.411
200.546
199.674
198.796
197.911
197.019
196.121
195.215
194.303
193.384
192.458
191.524
190.584
189.636
188.681
187.719
186.749
185.772
184.788
183.796
182.796
181.789
180.773
179.75
178.72
177.681
176.634
175.579
174.516
173.445
172.365
171.277
170.181
169.077
167.963
166.841
165.711
164.571
163.423
162.266
161.1
159.924
158.74
157.547
156.344
155.132
153.91
152.68
151.439
150.189
148.929
147.66
146.38
145.091
143.792
142.482
141.162
139.833
138.492
137.142
135.78
134.409
133.026
131.633
130.229
128.814
127.388
125.951
124.503
123.043
121.572
120.09
118.595
117.09
115.572
114.042
112.5
110.946
109.38
107.801
106.208
104.603
102.984
101.351
99.7033
98.0402
96.3607
94.6636
92.9473
91.2101
89.4497
257.404
256.391
255.412
254.471
253.569
252.709
251.896
251.14
250.446
249.822
249.269
248.785
248.362
247.99
247.66
247.359
247.075
246.796
246.515
246.228
245.93
245.618
245.289
244.943
244.578
244.195
243.793
243.375
242.94
242.489
242.023
241.543
241.051
240.546
240.03
239.503
238.966
238.419
237.863
237.299
236.726
236.146
235.558
234.963
234.361
233.753
233.138
232.518
231.891
231.258
230.619
229.974
229.324
228.669
228.008
227.341
226.67
225.992
225.31
224.622
223.929
223.231
222.527
221.818
221.103
220.384
219.659
218.928
218.193
217.451
216.705
215.952
215.195
214.431
213.662
212.887
212.107
211.321
210.529
209.731
208.928
208.118
207.302
206.48
205.653
204.818
203.978
203.132
202.279
201.42
200.554
199.682
198.803
197.918
197.026
196.127
195.221
194.309
193.389
192.463
191.529
190.588
189.641
188.685
187.723
186.753
185.776
184.791
183.799
182.799
181.792
180.776
179.753
178.722
177.683
176.636
175.581
174.518
173.447
172.367
171.28
170.183
169.078
167.965
166.843
165.712
164.573
163.424
162.267
161.101
159.926
158.741
157.548
156.345
155.133
153.912
152.681
151.44
150.19
148.93
147.661
146.381
145.092
143.792
142.483
141.163
139.833
138.493
137.142
135.781
134.41
133.027
131.634
130.23
128.815
127.389
125.952
124.504
123.044
121.573
120.091
118.597
117.091
115.573
114.044
112.502
110.949
109.383
107.804
106.213
104.608
102.991
101.359
99.7133
98.0525
96.3758
94.682
92.9694
91.2362
89.4799
257.998
257.032
256.098
255.197
254.331
253.505
252.722
251.988
251.308
250.684
250.118
249.608
249.149
248.734
248.352
247.996
247.655
247.324
246.997
246.666
246.328
245.979
245.618
245.243
244.852
244.447
244.026
243.591
243.141
242.677
242.199
241.709
241.207
240.694
240.17
239.636
239.092
238.539
237.978
237.408
236.83
236.245
235.653
235.054
234.448
233.836
233.218
232.593
231.963
231.327
230.685
230.038
229.385
228.727
228.063
227.394
226.72
226.04
225.356
224.666
223.97
223.27
222.564
221.854
221.137
220.416
219.689
218.958
218.22
217.478
216.73
215.976
215.217
214.453
213.682
212.907
212.125
211.338
210.545
209.747
208.942
208.132
207.315
206.493
205.664
204.83
203.989
203.142
202.288
201.429
200.562
199.69
198.811
197.925
197.032
196.133
195.227
194.314
193.395
192.468
191.534
190.593
189.645
188.69
187.727
186.757
185.78
184.795
183.802
182.802
181.795
180.779
179.756
178.725
177.686
176.639
175.584
174.521
173.449
172.37
171.282
170.185
169.08
167.967
166.845
165.714
164.575
163.426
162.269
161.103
159.927
158.743
157.549
156.346
155.134
153.913
152.682
151.441
150.191
148.931
147.662
146.382
145.093
143.793
142.484
141.164
139.834
138.494
137.143
135.782
134.41
133.028
131.635
130.231
128.816
127.39
125.953
124.505
123.045
121.574
120.092
118.598
117.092
115.575
114.046
112.505
110.951
109.386
107.808
106.217
104.614
102.998
101.368
99.7241
98.0659
96.3924
94.7023
92.9939
91.2653
89.5138
258.533
257.607
256.709
255.842
255.007
254.207
253.446
252.728
252.057
251.433
250.857
250.326
249.839
249.388
248.966
248.567
248.184
247.812
247.444
247.075
246.702
246.321
245.931
245.53
245.117
244.691
244.252
243.801
243.336
242.86
242.371
241.871
241.36
240.838
240.306
239.765
239.215
238.656
238.089
237.514
236.932
236.342
235.746
235.142
234.533
233.917
233.295
232.667
232.033
231.394
230.749
230.099
229.443
228.783
228.116
227.445
226.768
226.087
225.4
224.708
224.011
223.308
222.601
221.888
221.17
220.447
219.719
218.986
218.247
217.503
216.754
215.999
215.239
214.473
213.702
212.925
212.143
211.355
210.561
209.761
208.956
208.145
207.328
206.505
205.675
204.84
203.999
203.151
202.297
201.437
200.57
199.697
198.818
197.932
197.039
196.139
195.233
194.32
193.4
192.473
191.539
190.598
189.649
188.694
187.731
186.761
185.783
184.798
183.806
182.805
181.798
180.782
179.759
178.728
177.689
176.641
175.586
174.523
173.452
172.372
171.284
170.187
169.082
167.969
166.847
165.716
164.576
163.428
162.27
161.104
159.929
158.744
157.551
156.348
155.136
153.914
152.683
151.442
150.192
148.932
147.663
146.383
145.094
143.794
142.485
141.165
139.835
138.495
137.144
135.783
134.411
133.029
131.636
130.232
128.817
127.391
125.954
124.506
123.046
121.575
120.093
118.599
117.094
115.577
114.048
112.507
110.954
109.389
107.812
106.222
104.62
103.005
101.377
99.7354
98.0801
96.41
94.7241
93.0205
91.2973
89.5512
259.056
258.166
257.301
256.464
255.656
254.879
254.136
253.431
252.765
252.139
251.553
251.006
250.493
250.011
249.555
249.121
248.7
248.29
247.884
247.481
247.075
246.665
246.248
245.823
245.387
244.942
244.485
244.017
243.538
243.048
242.548
242.037
241.517
240.986
240.447
239.898
239.341
238.776
238.203
237.623
237.036
236.441
235.84
235.233
234.619
233.999
233.374
232.742
232.105
231.463
230.815
230.162
229.503
228.839
228.171
227.497
226.818
226.134
225.445
224.75
224.051
223.347
222.638
221.923
221.204
220.479
219.75
219.015
218.274
217.529
216.778
216.022
215.261
214.494
213.722
212.944
212.161
211.372
210.577
209.777
208.97
208.158
207.341
206.517
205.687
204.851
204.009
203.161
202.307
201.446
200.579
199.705
198.825
197.939
197.046
196.146
195.239
194.326
193.405
192.478
191.544
190.602
189.654
188.698
187.735
186.765
185.787
184.802
183.809
182.809
181.801
180.785
179.762
178.731
177.691
176.644
175.589
174.526
173.454
172.374
171.286
170.19
169.085
167.971
166.849
165.718
164.578
163.43
162.272
161.106
159.93
158.746
157.552
156.349
155.137
153.915
152.684
151.444
150.194
148.934
147.664
146.384
145.095
143.796
142.486
141.166
139.836
138.496
137.145
135.784
134.412
133.03
131.637
130.233
128.818
127.392
125.955
124.507
123.047
121.577
120.095
118.601
117.096
115.579
114.05
112.509
110.957
109.392
107.816
106.227
104.626
103.013
101.386
99.7475
98.0952
96.429
94.7477
93.0496
91.3325
89.5928
259.638
258.784
257.954
257.147
256.364
255.609
254.883
254.188
253.526
252.897
252.3
251.734
251.197
250.687
250.198
249.726
249.268
248.82
248.378
247.94
247.5
247.058
246.612
246.159
245.699
245.231
244.754
244.268
243.773
243.268
242.754
242.231
241.699
241.159
240.61
240.053
239.488
238.915
238.335
237.749
237.155
236.555
235.949
235.336
234.718
234.093
233.463
232.828
232.187
231.541
230.889
230.232
229.571
228.904
228.232
227.555
226.873
226.187
225.495
224.799
224.097
223.391
222.679
221.963
221.241
220.515
219.783
219.047
218.305
217.558
216.806
216.048
215.285
214.517
213.744
212.965
212.18
211.39
210.595
209.793
208.986
208.173
207.355
206.53
205.7
204.863
204.02
203.172
202.317
201.455
200.588
199.714
198.833
197.946
197.053
196.153
195.246
194.332
193.411
192.484
191.549
190.607
189.659
188.703
187.739
186.769
185.791
184.806
183.813
182.813
181.805
180.789
179.765
178.734
177.695
176.647
175.592
174.529
173.457
172.377
171.289
170.192
169.087
167.973
166.851
165.72
164.58
163.432
162.274
161.108
159.932
158.748
157.554
156.351
155.139
153.917
152.686
151.445
150.195
148.935
147.665
146.386
145.096
143.797
142.487
141.168
139.838
138.497
137.147
135.785
134.414
133.031
131.638
130.234
128.819
127.393
125.956
124.508
123.049
121.578
120.096
118.603
117.097
115.581
114.052
112.512
110.96
109.396
107.82
106.232
104.632
103.02
101.396
99.76
98.111
96.4489
94.7728
93.0808
91.3708
89.6384
260.282
259.463
258.664
257.885
257.127
256.391
255.679
254.992
254.332
253.698
253.091
252.508
251.948
251.409
250.887
250.381
249.888
249.403
248.925
248.449
247.975
247.5
247.023
246.542
246.056
245.564
245.065
244.558
244.045
243.523
242.993
242.456
241.911
241.358
240.798
240.231
239.657
239.076
238.488
237.893
237.293
236.686
236.073
235.455
234.83
234.201
233.566
232.925
232.28
231.629
230.973
230.313
229.647
228.977
228.301
227.621
226.936
226.246
225.552
224.853
224.148
223.439
222.725
222.007
221.283
220.554
219.821
219.082
218.339
217.59
216.836
216.077
215.313
214.543
213.768
212.988
212.202
211.411
210.614
209.812
209.004
208.19
207.37
206.545
205.713
204.876
204.033
203.183
202.328
201.466
200.598
199.723
198.842
197.955
197.061
196.16
195.253
194.339
193.418
192.49
191.555
190.613
189.664
188.708
187.744
186.774
185.796
184.81
183.817
182.817
181.808
180.793
179.769
178.737
177.698
176.651
175.595
174.532
173.46
172.38
171.292
170.195
169.09
167.976
166.853
165.722
164.582
163.434
162.276
161.11
159.934
158.749
157.556
156.353
155.14
153.919
152.688
151.447
150.197
148.937
147.667
146.387
145.098
143.798
142.489
141.169
139.839
138.499
137.148
135.787
134.415
133.033
131.639
130.235
128.821
127.395
125.958
124.51
123.05
121.58
120.098
118.604
117.099
115.583
114.055
112.515
110.963
109.4
107.825
106.238
104.639
103.029
101.406
99.7727
98.1272
96.4695
94.7991
93.114
91.4122
89.6885
260.97
260.185
259.415
258.662
257.926
257.207
256.508
255.828
255.169
254.531
253.912
253.313
252.731
252.166
251.616
251.078
250.55
250.029
249.515
249.005
248.498
247.992
247.484
246.973
246.458
245.94
245.416
244.888
244.353
243.812
243.266
242.712
242.153
241.586
241.014
240.435
239.85
239.258
238.661
238.058
237.449
236.834
236.214
235.588
234.958
234.322
233.681
233.035
232.384
231.728
231.068
230.403
229.733
229.058
228.379
227.695
227.006
226.313
225.615
224.912
224.205
223.493
222.777
222.055
221.329
220.598
219.862
219.121
218.376
217.625
216.869
216.108
215.342
214.571
213.795
213.013
212.226
211.433
210.635
209.832
209.022
208.208
207.387
206.561
205.728
204.89
204.046
203.196
202.34
201.477
200.608
199.733
198.852
197.964
197.069
196.168
195.26
194.346
193.425
192.496
191.561
190.619
189.67
188.713
187.75
186.779
185.8
184.815
183.822
182.821
181.813
180.797
179.773
178.741
177.702
176.654
175.599
174.535
173.463
172.383
171.295
170.198
169.092
167.978
166.856
165.725
164.585
163.436
162.278
161.112
159.936
158.752
157.558
156.355
155.142
153.921
152.689
151.449
150.198
148.938
147.669
146.389
145.099
143.8
142.49
141.171
139.841
138.5
137.15
135.788
134.417
133.034
131.641
130.237
128.822
127.396
125.959
124.511
123.052
121.581
120.1
118.606
117.101
115.585
114.057
112.518
110.966
109.403
107.829
106.243
104.645
103.036
101.416
99.7851
98.1431
96.4899
94.8254
93.1477
91.455
89.7409
261.675
260.921
260.181
259.453
258.738
258.036
257.349
256.676
256.018
255.375
254.748
254.134
253.534
252.946
252.369
251.802
251.243
250.692
250.146
249.603
249.062
248.522
247.982
247.442
246.9
246.356
245.808
245.256
244.7
244.139
243.573
243.001
242.425
241.843
241.256
240.664
240.066
239.463
238.855
238.242
237.623
237
236.371
235.738
235.1
234.457
233.809
233.157
232.5
231.838
231.172
230.502
229.827
229.147
228.464
227.775
227.083
226.385
225.684
224.978
224.267
223.552
222.832
222.108
221.379
220.645
219.907
219.164
218.416
217.663
216.905
216.142
215.374
214.601
213.823
213.04
212.251
211.457
210.658
209.853
209.042
208.226
207.405
206.577
205.744
204.905
204.06
203.209
202.352
201.489
200.62
199.744
198.862
197.973
197.078
196.177
195.268
194.353
193.432
192.503
191.568
190.625
189.675
188.719
187.755
186.784
185.805
184.819
183.826
182.825
181.817
180.801
179.777
178.745
177.705
176.658
175.602
174.538
173.466
172.386
171.298
170.201
169.095
167.981
166.858
165.727
164.587
163.438
162.281
161.114
159.938
158.754
157.56
156.357
155.144
153.922
152.691
151.45
150.2
148.94
147.67
146.391
145.101
143.802
142.492
141.172
139.842
138.502
137.151
135.79
134.418
133.036
131.642
130.238
128.824
127.398
125.961
124.513
123.054
121.583
120.101
118.608
117.103
115.587
114.059
112.52
110.969
109.407
107.833
106.248
104.651
103.044
101.425
99.7965
98.1576
96.5086
94.85
93.1796
91.4966
89.7928
262.405
261.679
260.962
260.254
259.555
258.866
258.187
257.518
256.861
256.214
255.578
254.952
254.336
253.729
253.129
252.538
251.952
251.371
250.795
250.222
249.652
249.083
248.515
247.947
247.377
246.806
246.232
245.656
245.077
244.495
243.909
243.319
242.725
242.127
241.524
240.917
240.306
239.69
239.07
238.445
237.816
237.182
236.544
235.902
235.255
234.604
233.949
233.289
232.626
231.958
231.286
230.61
229.929
229.244
228.556
227.863
227.165
226.464
225.758
225.048
224.334
223.615
222.892
222.165
221.433
220.696
219.955
219.209
218.459
217.703
216.943
216.178
215.408
214.633
213.853
213.068
212.278
211.482
210.682
209.875
209.064
208.246
207.424
206.595
205.761
204.921
204.075
203.223
202.365
201.501
200.631
199.755
198.872
197.983
197.088
196.185
195.277
194.361
193.439
192.51
191.574
190.631
189.681
188.724
187.76
186.789
185.81
184.824
183.831
182.83
181.821
180.805
179.781
178.749
177.709
176.661
175.605
174.542
173.469
172.389
171.3
170.203
169.098
167.984
166.861
165.73
164.59
163.441
162.283
161.116
159.94
158.756
157.562
156.359
155.146
153.924
152.693
151.452
150.202
148.942
147.672
146.392
145.103
143.803
142.493
141.174
139.844
138.503
137.152
135.791
134.419
133.037
131.644
130.24
128.825
127.399
125.962
124.514
123.055
121.585
120.103
118.61
117.105
115.589
114.062
112.523
110.972
109.41
107.837
106.252
104.657
103.05
101.433
99.8066
98.1707
96.5257
94.8725
93.2095
91.5364
89.8434
263.058
262.361
261.669
260.984
260.305
259.631
258.964
258.304
257.65
257.004
256.364
255.73
255.102
254.481
253.864
253.252
252.645
252.041
251.441
250.843
250.246
249.651
249.056
248.462
247.867
247.271
246.673
246.074
245.473
244.87
244.264
243.655
243.043
242.427
241.808
241.186
240.56
239.931
239.298
238.661
238.021
237.376
236.728
236.076
235.42
234.761
234.098
233.43
232.759
232.085
231.406
230.723
230.037
229.347
228.653
227.955
227.253
226.546
225.836
225.122
224.404
223.681
222.955
222.224
221.489
220.749
220.005
219.256
218.503
217.745
216.983
216.216
215.443
214.667
213.885
213.098
212.306
211.509
210.706
209.899
209.085
208.267
207.443
206.613
205.778
204.937
204.09
203.237
202.379
201.514
200.643
199.766
198.883
197.993
197.097
196.194
195.285
194.369
193.446
192.517
191.581
190.638
189.687
188.73
187.766
186.794
185.815
184.829
183.835
182.834
181.825
180.809
179.784
178.752
177.713
176.665
175.609
174.545
173.472
172.392
171.303
170.206
169.1
167.986
166.863
165.732
164.592
163.443
162.285
161.118
159.942
158.758
157.564
156.36
155.148
153.926
152.695
151.454
150.203
148.943
147.673
146.394
145.104
143.804
142.495
141.175
139.845
138.505
137.154
135.793
134.421
133.038
131.645
130.241
128.826
127.401
125.964
124.516
123.057
121.586
120.105
118.612
117.107
115.591
114.064
112.525
110.975
109.413
107.84
106.256
104.661
103.056
101.441
99.8158
98.1824
96.541
94.8931
93.237
91.5742
89.8925
263.517
262.843
262.171
261.502
260.837
260.176
259.518
258.864
258.214
257.568
256.927
256.289
255.655
255.024
254.398
253.774
253.153
252.534
251.918
251.303
250.689
250.076
249.464
248.852
248.24
247.626
247.012
246.397
245.78
245.161
244.54
243.917
243.291
242.663
242.032
241.398
240.761
240.121
239.478
238.832
238.182
237.53
236.873
236.214
235.551
234.885
234.215
233.542
232.865
232.185
231.501
230.813
230.122
229.428
228.729
228.027
227.321
226.612
225.898
225.181
224.459
223.734
223.004
222.27
221.533
220.791
220.044
219.293
218.538
217.778
217.014
216.245
215.471
214.693
213.909
213.121
212.328
211.529
210.726
209.917
209.103
208.283
207.458
206.628
205.791
204.95
204.102
203.249
202.389
201.524
200.652
199.775
198.891
198.001
197.104
196.201
195.291
194.375
193.452
192.522
191.586
190.642
189.692
188.734
187.77
186.798
185.819
184.832
183.838
182.837
181.828
180.811
179.787
178.755
177.715
176.667
175.611
174.547
173.474
172.394
171.305
170.208
169.102
167.988
166.865
165.733
164.593
163.444
162.286
161.12
159.944
158.759
157.565
156.362
155.149
153.927
152.696
151.455
150.204
148.944
147.674
146.394
145.105
143.805
142.495
141.176
139.846
138.505
137.154
135.793
134.421
133.039
131.646
130.242
128.827
127.401
125.964
124.516
123.057
121.587
120.105
118.612
117.108
115.592
114.065
112.526
110.976
109.415
107.842
106.258
104.664
103.06
101.445
99.822
98.1909
96.5526
94.9094
93.26
91.6075
89.9378
263.801
263.14
262.48
261.822
261.166
260.512
259.861
259.212
258.565
257.92
257.279
256.639
256.002
255.367
254.735
254.104
253.475
252.848
252.223
251.598
250.974
250.351
249.728
249.105
248.482
247.858
247.234
246.608
245.981
245.352
244.722
244.09
243.456
242.819
242.18
241.539
240.895
240.248
239.598
238.946
238.291
237.632
236.971
236.306
235.639
234.968
234.294
233.617
232.936
232.252
231.565
230.874
230.18
229.482
228.781
228.076
227.368
226.655
225.939
225.22
224.496
223.769
223.037
222.302
221.562
220.819
220.071
219.318
218.562
217.801
217.035
216.265
215.49
214.71
213.926
213.137
212.342
211.543
210.739
209.929
209.114
208.294
207.468
206.637
205.801
204.958
204.11
203.256
202.396
201.53
200.658
199.78
198.896
198.006
197.109
196.205
195.295
194.379
193.456
192.526
191.589
190.646
189.695
188.737
187.772
186.801
185.821
184.835
183.841
182.839
181.83
180.813
179.789
178.757
177.717
176.669
175.612
174.548
173.476
172.395
171.306
170.209
169.103
167.989
166.866
165.734
164.594
163.445
162.287
161.12
159.945
158.76
157.566
156.362
155.15
153.928
152.696
151.455
150.205
148.945
147.675
146.395
145.105
143.806
142.496
141.176
139.846
138.506
137.155
135.794
134.422
133.039
131.646
130.242
128.827
127.401
125.965
124.517
123.058
121.587
120.106
118.613
117.108
115.593
114.066
112.527
110.977
109.416
107.844
106.26
104.667
103.063
101.449
99.8273
98.198
96.5624
94.9234
93.2804
91.6381
89.9815
263.995
263.345
262.694
262.044
261.395
260.748
260.101
259.455
258.81
258.167
257.525
256.884
256.245
255.608
254.971
254.336
253.702
253.069
252.437
251.806
251.176
250.545
249.915
249.285
248.654
248.023
247.392
246.759
246.125
245.49
244.853
244.214
243.574
242.931
242.287
241.64
240.991
240.339
239.685
239.028
238.369
237.706
237.041
236.373
235.702
235.028
234.351
233.671
232.987
232.301
231.611
230.918
230.221
229.521
228.818
228.111
227.401
226.687
225.97
225.248
224.523
223.794
223.061
222.325
221.584
220.839
220.09
219.337
218.579
217.817
217.05
216.279
215.504
214.723
213.938
213.148
212.353
211.553
210.748
209.938
209.123
208.302
207.476
206.644
205.807
204.964
204.116
203.262
202.401
201.535
200.663
199.785
198.9
198.009
197.112
196.209
195.299
194.382
193.459
192.528
191.592
190.648
189.697
188.739
187.774
186.802
185.823
184.836
183.842
182.841
181.832
180.815
179.79
178.758
177.718
176.67
175.614
174.549
173.477
172.396
171.307
170.21
169.104
167.99
166.867
165.735
164.595
163.446
162.288
161.121
159.945
158.76
157.566
156.363
155.15
153.928
152.697
151.456
150.205
148.945
147.675
146.395
145.106
143.806
142.496
141.176
139.846
138.506
137.155
135.794
134.422
133.04
131.646
130.242
128.828
127.402
125.965
124.517
123.058
121.588
120.106
118.613
117.109
115.593
114.066
112.528
110.978
109.417
107.845
106.262
104.669
103.065
101.453
99.8315
98.2036
96.5704
94.9349
93.2978
91.6652
90.0227
264.125
263.482
262.84
262.197
261.554
260.911
260.268
259.624
258.981
258.339
257.697
257.055
256.415
255.775
255.136
254.498
253.86
253.223
252.587
251.952
251.316
250.681
250.046
249.411
248.775
248.139
247.503
246.865
246.226
245.586
244.945
244.302
243.657
243.011
242.362
241.712
241.059
240.404
239.747
239.087
238.424
237.759
237.091
236.421
235.747
235.071
234.391
233.709
233.024
232.335
231.644
230.949
230.251
229.549
228.845
228.137
227.425
226.71
225.991
225.269
224.542
223.812
223.079
222.341
221.599
220.854
220.104
219.35
218.591
217.828
217.061
216.29
215.513
214.732
213.947
213.156
212.361
211.561
210.755
209.945
209.129
208.308
207.481
206.649
205.812
204.969
204.12
203.265
202.405
201.539
200.666
199.788
198.903
198.012
197.115
196.211
195.301
194.384
193.461
192.53
191.593
190.649
189.699
188.741
187.776
186.804
185.824
184.838
183.843
182.842
181.833
180.816
179.791
178.759
177.719
176.67
175.614
174.55
173.478
172.397
171.308
170.21
169.105
167.99
166.867
165.736
164.595
163.446
162.288
161.122
159.946
158.761
157.567
156.363
155.151
153.929
152.697
151.456
150.206
148.946
147.676
146.396
145.106
143.806
142.497
141.177
139.847
138.506
137.155
135.794
134.422
133.04
131.647
130.243
128.828
127.402
125.965
124.517
123.058
121.588
120.106
118.613
117.109
115.594
114.067
112.528
110.978
109.418
107.846
106.263
104.67
103.067
101.455
99.8347
98.208
96.5767
94.9441
93.3126
91.689
90.0616
264.22
263.585
262.947
262.308
261.669
261.028
260.387
259.745
259.102
258.46
257.817
257.175
256.533
255.891
255.25
254.609
253.969
253.33
252.69
252.052
251.413
250.775
250.136
249.498
248.859
248.219
247.579
246.938
246.296
245.653
245.008
244.363
243.715
243.066
242.415
241.762
241.106
240.449
239.789
239.127
238.463
237.796
237.126
236.453
235.778
235.1
234.42
233.736
233.049
232.359
231.667
230.971
230.271
229.569
228.863
228.154
227.442
226.725
226.006
225.283
224.556
223.825
223.091
222.352
221.61
220.864
220.113
219.359
218.6
217.837
217.069
216.297
215.52
214.739
213.953
213.162
212.366
211.566
210.76
209.949
209.133
208.312
207.485
206.653
205.815
204.972
204.123
203.268
202.408
201.541
200.669
199.79
198.905
198.014
197.117
196.213
195.302
194.385
193.462
192.532
191.595
190.651
189.7
188.742
187.777
186.805
185.825
184.838
183.844
182.843
181.833
180.816
179.792
178.759
177.719
176.671
175.615
174.55
173.478
172.397
171.308
170.211
169.105
167.991
166.868
165.736
164.596
163.447
162.289
161.122
159.946
158.761
157.567
156.364
155.151
153.929
152.697
151.457
150.206
148.946
147.676
146.396
145.106
143.807
142.497
141.177
139.847
138.506
137.156
135.794
134.422
133.04
131.647
130.243
128.828
127.402
125.965
124.517
123.058
121.588
120.107
118.614
117.109
115.594
114.067
112.529
110.979
109.418
107.846
106.264
104.671
103.068
101.457
99.8371
98.2113
96.5817
94.9513
93.3249
91.709
90.0982
264.284
263.653
263.02
262.384
261.747
261.109
260.469
259.827
259.185
258.542
257.898
257.255
256.612
255.969
255.326
254.684
254.042
253.401
252.76
252.119
251.478
250.837
250.197
249.556
248.914
248.273
247.63
246.987
246.343
245.698
245.051
244.403
243.754
243.103
242.45
241.795
241.138
240.479
239.818
239.155
238.489
237.82
237.149
236.476
235.8
235.121
234.439
233.754
233.066
232.376
231.682
230.985
230.285
229.582
228.876
228.166
227.453
226.736
226.016
225.292
224.565
223.834
223.099
222.36
221.617
220.871
220.12
219.365
218.606
217.842
217.074
216.302
215.525
214.743
213.957
213.166
212.37
211.569
210.763
209.952
209.136
208.314
207.488
206.655
205.817
204.974
204.125
203.27
202.409
201.543
200.67
199.791
198.906
198.015
197.118
196.214
195.303
194.386
193.463
192.533
191.595
190.651
189.7
188.743
187.777
186.805
185.826
184.839
183.845
182.843
181.834
180.817
179.792
178.76
177.72
176.671
175.615
174.551
173.478
172.398
171.309
170.211
169.105
167.991
166.868
165.736
164.596
163.447
162.289
161.122
159.946
158.761
157.567
156.364
155.151
153.929
152.698
151.457
150.206
148.946
147.676
146.396
145.106
143.807
142.497
141.177
139.847
138.506
137.156
135.794
134.422
133.04
131.647
130.243
128.828
127.402
125.965
124.517
123.058
121.588
120.107
118.614
117.11
115.594
114.067
112.529
110.979
109.419
107.847
106.264
104.672
103.069
101.458
99.8389
98.2138
96.5854
94.9567
93.335
91.7256
90.1323
264.334
263.705
263.073
262.439
261.803
261.164
260.524
259.882
259.24
258.596
257.952
257.308
256.664
256.02
255.377
254.733
254.09
253.447
252.805
252.162
251.52
250.878
250.236
249.593
248.95
248.307
247.663
247.019
246.373
245.727
245.079
244.43
243.779
243.127
242.473
241.817
241.159
240.499
239.837
239.172
238.505
237.836
237.165
236.49
235.813
235.134
234.451
233.766
233.078
232.386
231.692
230.995
230.294
229.591
228.884
228.174
227.46
226.743
226.023
225.299
224.571
223.839
223.104
222.365
221.622
220.875
220.124
219.369
218.609
217.846
217.078
216.305
215.528
214.746
213.96
213.168
212.372
211.571
210.765
209.954
209.138
208.316
207.489
206.657
205.819
204.975
204.126
203.271
202.411
201.544
200.671
199.792
198.907
198.016
197.119
196.215
195.304
194.387
193.463
192.533
191.596
190.652
189.701
188.743
187.778
186.806
185.826
184.839
183.845
182.843
181.834
180.817
179.793
178.76
177.72
176.672
175.615
174.551
173.479
172.398
171.309
170.211
169.105
167.991
166.868
165.736
164.596
163.447
162.289
161.122
159.946
158.761
157.567
156.364
155.151
153.929
152.698
151.457
150.206
148.946
147.676
146.396
145.106
143.807
142.497
141.177
139.847
138.506
137.156
135.794
134.423
133.04
131.647
130.243
128.828
127.402
125.965
124.518
123.058
121.588
120.107
118.614
117.11
115.594
114.067
112.529
110.979
109.419
107.847
106.265
104.672
103.07
101.459
99.8402
98.2155
96.5883
94.9607
93.3431
91.7387
90.1643
264.358
263.733
263.103
262.471
261.836
261.198
260.558
259.916
259.273
258.63
257.985
257.341
256.696
256.052
255.407
254.763
254.119
253.476
252.832
252.189
251.546
250.902
250.259
249.616
248.972
248.328
247.683
247.038
246.391
245.744
245.095
244.445
243.794
243.141
242.486
241.83
241.171
240.511
239.848
239.183
238.516
237.846
237.174
236.499
235.822
235.141
234.459
233.773
233.084
232.393
231.698
231.001
230.3
229.596
228.889
228.178
227.465
226.747
226.027
225.302
224.574
223.843
223.107
222.368
221.625
220.878
220.127
219.371
218.612
217.848
217.08
216.307
215.53
214.748
213.961
213.17
212.374
211.573
210.767
209.955
209.139
208.317
207.49
206.658
205.82
204.976
204.127
203.272
202.411
201.544
200.672
199.793
198.908
198.017
197.119
196.215
195.305
194.388
193.464
192.533
191.596
190.652
189.701
188.743
187.778
186.806
185.826
184.84
183.845
182.844
181.834
180.817
179.793
178.76
177.72
176.672
175.616
174.551
173.479
172.398
171.309
170.211
169.105
167.991
166.868
165.737
164.596
163.447
162.289
161.122
159.946
158.761
157.567
156.364
155.151
153.929
152.698
151.457
150.206
148.946
147.676
146.396
145.106
143.807
142.497
141.177
139.847
138.506
137.156
135.794
134.423
133.04
131.647
130.243
128.828
127.402
125.965
124.518
123.058
121.588
120.107
118.614
117.11
115.594
114.067
112.529
110.979
109.419
107.847
106.265
104.673
103.07
101.459
99.8411
98.2167
96.5903
94.9635
93.3495
91.7484
90.1939
264.376
263.752
263.123
262.491
261.856
261.218
260.578
259.936
259.293
258.649
258.004
257.359
256.714
256.069
255.424
254.78
254.135
253.491
252.847
252.203
251.559
250.916
250.272
249.628
248.984
248.339
247.694
247.048
246.401
245.753
245.104
244.454
243.802
243.149
242.494
241.837
241.178
240.517
239.854
239.189
238.521
237.851
237.179
236.504
235.826
235.146
234.463
233.777
233.088
232.396
231.702
231.004
230.303
229.599
228.892
228.181
227.467
226.75
226.029
225.304
224.576
223.845
223.109
222.37
221.627
220.879
220.128
219.373
218.613
217.849
217.081
216.308
215.531
214.749
213.962
213.171
212.375
211.574
210.767
209.956
209.14
208.318
207.491
206.658
205.82
204.977
204.128
203.273
202.412
201.545
200.672
199.793
198.908
198.017
197.119
196.215
195.305
194.388
193.464
192.534
191.597
190.652
189.701
188.743
187.778
186.806
185.827
184.84
183.845
182.844
181.834
180.817
179.793
178.76
177.72
176.672
175.616
174.551
173.479
172.398
171.309
170.211
169.106
167.991
166.868
165.737
164.596
163.447
162.289
161.122
159.946
158.761
157.567
156.364
155.151
153.929
152.698
151.457
150.206
148.946
147.676
146.396
145.106
143.807
142.497
141.177
139.847
138.506
137.156
135.794
134.423
133.04
131.647
130.243
128.828
127.402
125.965
124.518
123.058
121.588
120.107
118.614
117.11
115.594
114.067
112.529
110.98
109.419
107.847
106.265
104.673
103.071
101.46
99.8416
98.2175
96.5917
94.9653
93.3544
91.755
90.2211
264.382
263.759
263.131
262.5
261.865
261.227
260.586
259.944
259.301
258.657
258.012
257.367
256.722
256.077
255.432
254.787
254.142
253.498
252.854
252.209
251.565
250.921
250.277
249.633
248.988
248.344
247.698
247.052
246.405
245.757
245.108
244.457
243.805
243.152
242.496
241.839
241.18
240.519
239.856
239.191
238.523
237.853
237.181
236.506
235.828
235.147
234.464
233.778
233.089
232.398
231.703
231.005
230.304
229.6
228.893
228.182
227.468
226.751
226.03
225.305
224.577
223.845
223.11
222.371
221.627
220.88
220.129
219.373
218.614
217.85
217.081
216.309
215.531
214.749
213.963
213.171
212.375
211.574
210.768
209.956
209.14
208.318
207.491
206.659
205.821
204.977
204.128
203.273
202.412
201.545
200.672
199.793
198.908
198.017
197.119
196.215
195.305
194.388
193.464
192.534
191.597
190.653
189.702
188.744
187.778
186.806
185.827
184.84
183.845
182.844
181.834
180.817
179.793
178.76
177.72
176.672
175.616
174.551
173.479
172.398
171.309
170.211
169.106
167.991
166.868
165.737
164.596
163.447
162.289
161.122
159.946
158.761
157.567
156.364
155.151
153.929
152.698
151.457
150.206
148.946
147.676
146.396
145.106
143.807
142.497
141.177
139.847
138.506
137.156
135.794
134.422
133.04
131.647
130.243
128.828
127.402
125.965
124.517
123.058
121.588
120.107
118.614
117.11
115.594
114.067
112.529
110.98
109.419
107.847
106.265
104.673
103.071
101.46
99.8419
98.2179
96.5925
94.9664
93.3577
91.7583
90.2465
264.376
263.755
263.129
262.499
261.865
261.228
260.588
259.946
259.303
258.659
258.014
257.369
256.724
256.079
255.434
254.789
254.144
253.499
252.855
252.21
251.566
250.922
250.278
249.633
248.989
248.344
247.699
247.053
246.405
245.757
245.108
244.457
243.805
243.152
242.497
241.84
241.181
240.52
239.856
239.191
238.523
237.853
237.181
236.506
235.828
235.148
234.464
233.778
233.09
232.398
231.703
231.005
230.304
229.6
228.893
228.182
227.468
226.751
226.03
225.305
224.577
223.846
223.11
222.371
221.627
220.88
220.129
219.373
218.614
217.85
217.081
216.309
215.531
214.749
213.963
213.171
212.375
211.574
210.768
209.957
209.14
208.318
207.491
206.659
205.821
204.977
204.128
203.273
202.412
201.545
200.672
199.793
198.908
198.017
197.12
196.216
195.305
194.388
193.464
192.534
191.597
190.653
189.702
188.744
187.778
186.806
185.827
184.84
183.846
182.844
181.834
180.818
179.793
178.76
177.72
176.672
175.616
174.551
173.479
172.398
171.309
170.211
169.106
167.991
166.868
165.737
164.596
163.447
162.289
161.122
159.946
158.761
157.567
156.364
155.151
153.929
152.698
151.457
150.206
148.946
147.676
146.396
145.106
143.807
142.497
141.177
139.847
138.506
137.156
135.794
134.422
133.04
131.647
130.243
128.828
127.402
125.965
124.517
123.058
121.588
120.107
118.614
117.11
115.594
114.067
112.529
110.98
109.419
107.847
106.265
104.673
103.071
101.46
99.842
98.2181
96.5927
94.9667
93.3589
91.7591
90.256
88.8706
86.8863
84.9619
83.0116
80.9612
78.8022
76.5416
74.1462
71.637
68.9956
66.2127
63.2789
60.1828
56.9116
53.4523
49.7904
45.911
41.7944
37.4233
32.7645
27.8021
22.4786
16.8066
10.6469
4.01908
88.6308
86.7872
84.8772
82.9236
80.8793
78.7234
76.45
74.0684
71.5601
68.9182
66.1351
63.2007
60.1041
56.8325
53.3728
49.7106
45.8306
41.7133
37.3415
32.6821
27.719
22.396
16.7228
10.5626
3.93265
88.5269
86.728
84.8178
82.8573
80.8122
78.6552
76.3801
73.9965
71.4881
68.8476
66.0644
63.1297
60.0324
56.7601
53.2999
49.6372
45.7567
41.6387
37.266
32.6058
27.6427
22.3203
16.6497
10.4873
3.86159
88.3899
86.6191
84.7285
82.7686
80.7229
78.5679
76.2966
73.9125
71.4048
68.7646
65.9824
63.0482
59.9517
56.6799
53.22
49.5573
45.6764
41.5576
37.1841
32.5222
27.5599
22.2342
16.5618
10.4098
3.78653
88.3007
86.5526
84.6732
82.7112
80.6639
78.5107
76.241
73.8565
71.3484
68.7077
65.9237
62.9873
59.889
56.6157
53.1546
49.491
45.6093
41.4899
37.1152
32.4542
27.4896
22.1705
16.5004
10.3422
3.73221
88.2168
86.4667
84.5941
82.6329
80.5836
78.43
76.1613
73.7761
71.2672
68.6258
65.8434
62.9092
59.8134
56.5417
53.0816
49.4183
45.5365
41.4165
37.0414
32.3779
27.4161
22.0897
16.4164
10.2769
3.67664
88.1441
86.3971
84.5359
82.578
80.5287
78.3765
76.1098
73.7254
71.2174
68.5769
65.794
62.8572
59.7571
56.4831
53.0213
49.357
45.4743
41.3537
36.9776
32.3155
27.3507
22.0325
16.3569
10.2177
3.63386
88.0803
86.3304
84.4708
82.5117
80.4594
78.3052
76.0379
73.6526
71.1432
68.5012
65.7177
62.7835
59.6864
56.415
52.9546
49.2909
45.4083
41.2872
36.9108
32.2464
27.2849
21.9612
16.2894
10.1618
3.59142
88.0223
86.269
84.4125
82.4573
80.4069
78.2545
75.9895
73.6058
71.0979
68.4574
65.6746
62.7394
59.638
56.3628
52.9004
49.2355
45.3519
41.2304
36.8531
32.1904
27.2256
21.9091
16.2363
10.1111
3.55798
87.9695
86.2129
84.3574
82.4021
80.3491
78.1939
75.927
73.5417
71.0318
68.3892
65.6048
62.6693
59.5714
56.2998
52.8395
49.1754
45.2922
41.1703
36.7927
32.1277
27.1667
21.8462
16.1786
10.0634
3.52534
87.9212
86.1612
84.3055
82.351
80.299
78.1454
75.8808
73.4977
70.9899
68.3494
65.5667
62.6317
59.5317
56.2549
52.7918
49.1262
45.2419
41.1196
36.7413
32.0781
27.1138
21.8001
16.131
10.0206
3.49901
87.8768
86.1137
84.2572
82.3032
80.2507
78.0952
75.8284
73.4432
70.933
68.2898
65.5046
62.5679
59.4693
56.1967
52.7365
49.0721
45.1883
41.0658
36.6872
32.0224
27.0615
21.7444
16.0815
9.97996
3.47396
87.836
86.0699
84.2125
82.2585
80.2057
78.0502
75.7847
73.4016
70.8938
68.2531
65.4705
62.5355
59.4364
56.1598
52.6955
49.0293
45.1443
41.0214
36.6422
31.979
27.0151
21.7048
16.04
9.94432
3.45313
87.7986
86.0299
84.1712
82.2169
80.1639
78.008
75.7416
73.3567
70.8464
68.2029
65.4172
62.4795
59.3797
56.1062
52.6455
48.9811
45.0968
40.9738
36.5946
31.93
26.9694
21.6556
15.9976
9.91002
3.43387
87.7643
85.9931
84.1332
82.1785
80.1252
77.9689
75.7023
73.3184
70.8099
68.169
65.3861
62.4511
59.3524
56.0769
52.6115
48.9447
45.0592
40.9358
36.5559
31.8928
26.9295
21.6229
15.9622
9.88079
3.41751
87.733
85.9596
84.0984
82.1431
80.0896
77.9329
75.6662
73.2817
70.7718
68.1283
65.3422
62.4038
59.303
56.0286
52.5669
48.9023
45.0178
40.8945
36.5147
31.8506
26.8901
21.5796
15.9265
9.85228
3.40262
87.7046
85.9293
84.0668
82.111
80.0571
77.9
75.633
73.2484
70.7391
68.0973
65.314
62.3787
59.2801
56.0056
52.5403
48.8726
44.9866
40.8627
36.4823
31.8194
26.8567
21.5538
15.8971
9.82872
3.38996
87.679
85.9019
84.0382
82.0818
80.0276
77.8702
75.6029
73.2183
70.7086
68.0654
65.2793
62.3406
59.239
55.9636
52.5011
48.8359
44.9512
40.8276
36.4475
31.7839
26.8235
21.516
15.8677
9.80559
3.37854
87.6562
85.8775
84.0127
82.0557
80.0011
77.8434
75.5759
73.1911
70.6813
68.0386
65.2544
62.3186
59.2198
55.9456
52.4815
48.8132
44.9265
40.8023
36.4215
31.759
26.7967
21.4972
15.8441
9.78706
3.36891
87.636
85.856
83.9902
82.0326
79.9777
77.8197
75.5519
73.167
70.6571
68.0141
65.2283
62.2895
59.1875
55.9113
52.4479
48.782
44.897
40.7734
36.3931
31.73
26.7697
21.4653
15.8208
9.769
3.36036
87.6184
85.8372
83.9706
82.0125
79.9573
77.799
75.531
73.1459
70.6359
67.9927
65.2076
62.271
59.1718
55.8977
52.4343
48.7666
44.8793
40.7547
36.3735
31.7113
26.7494
21.4522
15.8027
9.75499
3.35327
87.6034
85.8213
83.9539
81.9953
79.9398
77.7813
75.5131
73.1278
70.6177
67.9745
65.1889
62.2504
59.1483
55.8716
52.4076
48.741
44.8554
40.7317
36.3514
31.6887
26.7285
21.4274
15.7854
9.74171
3.34716
87.5909
85.808
83.94
81.9811
79.9253
77.7666
75.4982
73.1127
70.6026
67.9592
65.1735
62.2361
59.1364
55.8621
52.399
48.7319
44.8448
40.72
36.3383
31.6763
26.7148
21.4186
15.7726
9.73188
3.34227
87.581
85.7975
83.929
81.9698
79.9138
77.7548
75.4862
73.1007
70.5904
67.947
65.1612
62.223
59.1212
55.8444
52.3799
48.7129
44.8267
40.7028
36.3222
31.6601
26.6999
21.4019
15.761
9.72314
3.33829
87.5736
85.7897
83.9208
81.9613
79.9052
77.7461
75.4773
73.0917
70.5813
67.9377
65.1519
62.2139
59.1138
55.8391
52.376
48.7092
44.8225
40.6977
36.3161
31.6541
26.6929
21.397
15.7536
9.71732
3.33537
87.5688
85.7845
83.9154
81.9558
79.8995
77.7402
75.4714
73.0856
70.5751
67.9315
65.1456
62.2076
59.1061
55.8295
52.3649
48.6975
44.8111
40.6869
36.306
31.6443
26.6841
21.3878
15.7474
9.71285
3.33334
87.5664
85.782
83.9128
81.9531
79.8967
77.7374
75.4684
73.0826
70.572
67.9283
65.1424
62.2044
59.1039
55.8289
52.3657
48.699
44.8125
40.6879
36.3064
31.6444
26.6834
21.3876
15.7454
9.71096
3.33225
87.5665
85.7822
83.913
81.9533
79.8968
77.7375
75.4684
73.0825
70.5719
67.9281
65.1421
62.204
59.1028
55.8265
52.3619
48.6944
44.8078
40.6835
36.3025
31.6408
26.6807
21.3849
15.7445
9.71063
3.33201
87.5702
85.7862
83.9172
81.9576
79.9012
77.7418
75.4727
73.0868
70.5761
67.9323
65.1464
62.2087
59.1082
55.833
52.3696
48.703
44.8167
40.6923
36.311
31.649
26.6879
21.3916
15.7492
9.71358
3.33311
87.5776
85.7941
83.9255
81.966
79.9097
77.7504
75.4813
73.0953
70.5846
67.9409
65.1548
62.2167
59.1158
55.84
52.3758
48.7085
44.8219
40.6976
36.3166
31.6546
26.6943
21.3978
15.7561
9.71915
3.33549
87.5885
85.8058
83.9377
81.9786
79.9224
77.7632
75.4942
73.1082
70.5976
67.9539
65.1684
62.2309
59.1304
55.855
52.3915
48.7248
44.8387
40.7146
36.3335
31.6714
26.7102
21.4123
15.7683
9.72796
3.33927
87.6031
85.8213
83.954
81.9953
79.9394
77.7803
75.5114
73.1255
70.6149
67.9711
65.185
62.247
59.1465
55.8712
52.4075
48.7405
44.8541
40.7298
36.349
31.6865
26.726
21.4274
15.7833
9.73947
3.34442
87.6214
85.8408
83.9744
82.0162
79.9606
77.8017
75.533
73.1471
70.6365
67.9931
65.2081
62.271
59.1705
55.8951
52.4315
48.765
44.8791
40.7551
36.3743
31.712
26.7504
21.4502
15.8034
9.75452
3.35117
87.6434
85.8643
83.999
82.0413
79.986
77.8274
75.5588
73.1731
70.6626
68.0189
65.2328
62.295
59.1949
55.9202
52.4568
48.7902
44.9041
40.78
36.3995
31.7365
26.7756
21.474
15.8264
9.77229
3.35945
87.6692
85.8918
84.0277
82.0707
80.0157
77.8574
75.5891
73.2035
70.6931
68.0502
65.2658
62.3291
59.2286
55.9531
52.4897
48.8233
44.9377
40.814
36.4335
31.7708
26.8089
21.5054
15.8548
9.79404
3.36966
87.6989
85.9236
84.0608
82.1044
80.0497
77.8917
75.6237
73.2383
70.7279
68.0841
65.2981
62.3607
59.2613
55.9869
52.524
48.8576
44.972
40.8481
36.4681
31.8045
26.8434
21.538
15.8862
9.81866
3.38171
87.7325
85.9596
84.0983
82.1425
80.0881
77.9304
75.6627
73.2774
70.7675
68.1254
65.3414
62.4049
59.3042
56.0288
52.5657
48.8997
45.0145
40.891
36.5111
31.8479
26.8857
21.5786
15.9232
9.84773
3.39618
87.7704
86.0001
84.1403
82.1851
80.1309
77.9735
75.7061
73.321
70.8105
68.1665
65.3809
62.4446
59.3455
56.0715
52.6088
48.9429
45.0578
40.9343
36.5549
31.8907
26.9295
21.6187
15.9634
9.87997
3.41298
87.8125
86.0452
84.187
82.2321
80.1781
78.0211
75.754
73.3691
70.86
68.2184
65.4345
62.4979
59.3972
56.1222
52.6595
48.9939
45.1092
40.9861
36.607
31.9433
26.981
21.6723
16.0097
9.91723
3.43293
87.8593
86.0954
84.2385
82.2836
80.2297
78.0732
75.8064
73.421
70.9102
68.2665
65.4814
62.5454
59.4474
56.1737
52.7115
49.046
45.1615
41.0384
36.6599
31.9953
27.0341
21.719
16.0589
9.95806
3.45597
87.9111
86.151
84.2951
82.3397
80.2858
78.1297
75.8632
73.479
70.9705
68.329
65.5448
62.6071
59.5074
56.233
52.7709
49.1058
45.2218
41.0992
36.721
32.0571
27.0947
21.7825
16.115
10.0045
3.48324
87.9683
86.2124
84.3568
82.4004
80.3465
78.191
75.924
73.5381
71.0273
68.3842
65.6003
62.6646
59.567
56.2935
52.8318
49.1669
45.2831
41.1606
36.7832
32.1185
27.1574
21.8395
16.1737
10.0551
3.5147
88.0291
86.2774
84.4208
82.4628
80.4089
78.2539
75.9879
73.6039
71.0954
68.4535
65.6688
62.7312
59.6321
56.3583
52.8968
49.2322
45.349
41.2269
36.85
32.1862
27.2239
21.9073
16.2381
10.1095
3.55035
88.0903
86.3425
84.4832
82.5231
80.4696
78.3146
76.0467
73.6607
71.1507
68.5083
65.7245
62.7898
59.6919
56.4186
52.9575
49.293
45.4101
41.2883
36.912
32.2478
27.2865
21.9666
16.298
10.1628
3.58742
88.1516
86.4066
84.5428
82.5806
80.5275
78.3734
76.1068
73.7223
71.2135
68.5713
65.7855
62.8494
59.751
56.4776
53.0167
49.3525
45.4701
41.3486
36.9729
32.3094
27.3474
22.0277
16.3592
10.2154
3.62606
88.2133
86.4692
84.599
82.6352
80.5825
78.4271
76.1585
73.7728
71.2635
68.6217
65.8382
62.9032
59.8054
56.5323
53.0716
49.4076
45.5255
41.4042
37.0291
32.3655
27.4042
22.0827
16.4136
10.266
3.66517
88.2759
86.5298
84.6519
82.6866
80.6351
78.4805
76.2125
73.8275
71.3186
68.6754
65.8911
62.9555
59.8575
56.5844
53.1239
49.4601
45.5783
41.4574
37.0828
32.4199
27.4582
22.1364
16.4669
10.3146
3.70486
88.3391
86.5873
84.7014
82.735
80.6832
78.5269
76.2576
73.8724
71.3637
68.7216
65.9385
63.0033
59.9057
56.6328
53.1724
49.5088
45.6272
41.5067
37.1325
32.4697
27.5085
22.1857
16.5159
10.3609
3.74435
88.4035
86.6413
84.7472
82.7805
80.73
78.5736
76.3043
73.9194
71.4103
68.7675
65.9838
63.0486
59.9509
56.678
53.2177
49.5543
45.673
41.5529
37.179
32.5167
27.5556
22.2328
16.562
10.4047
3.78343
88.4687
86.6915
84.7898
82.8227
80.7712
78.6134
76.3439
73.959
71.4508
68.8086
66.0253
63.0903
59.9928
56.72
53.2598
49.5965
45.7154
41.5956
37.2221
32.5601
27.5993
22.2762
16.6051
10.4462
3.8218
88.5347
86.7375
84.8291
82.8629
80.8114
78.6531
76.3832
73.998
71.4895
68.8473
66.064
63.129
60.0315
56.7589
53.2987
49.6356
45.7547
41.6353
37.262
32.6003
27.6397
22.3161
16.645
10.4848
3.85902
88.6011
86.7797
84.8656
82.899
80.8462
78.6874
76.4178
74.0328
71.5246
68.8828
66.0997
63.1648
60.0674
56.7948
53.3347
49.6717
45.791
41.672
37.299
32.6379
27.6773
22.3533
16.6822
10.5212
3.89511
88.6676
86.8176
84.8995
82.934
80.8799
78.7205
76.4505
74.0653
71.557
68.9156
66.1326
63.1978
60.1004
56.8279
53.3678
49.705
45.8244
41.7057
37.333
32.6722
27.7118
22.3874
16.7163
10.5547
3.92962
88.734
86.8526
84.9301
82.9639
80.9091
78.7498
76.4801
74.095
71.5868
68.9457
66.1629
63.2282
60.1308
56.8584
53.3983
49.7356
45.8551
41.7369
37.3642
32.704
27.7436
22.4189
16.7478
10.5858
3.96241
88.7971
86.8832
84.9606
82.9934
80.9372
78.7777
76.5079
74.1227
71.6146
68.9738
66.1911
63.2565
60.1591
56.8868
53.4268
49.7642
45.8838
41.766
37.3936
32.7339
27.7737
22.4486
16.7778
10.6157
3.99536
88.859
86.9105
84.9864
83.0179
80.9613
78.8023
76.5327
74.1475
71.6394
68.999
66.2165
63.2819
60.1845
56.9123
53.4523
49.7898
45.9095
41.7921
37.4199
32.7607
27.8005
22.4751
16.8044
10.6423
4.02605
88.8951
86.9357
85.0106
83.0408
80.9836
78.8245
76.5548
74.1696
71.6615
69.0214
66.2389
63.3045
60.2071
56.935
53.475
49.8126
45.9325
41.8154
37.4433
32.7847
27.8247
22.4989
16.8286
10.6669
4.05454
)
;

boundaryField
{
    inlet
    {
        type            zeroGradient;
    }
    outlet
    {
        type            fixedValue;
        value           uniform 0;
    }
    upperWall
    {
        type            zeroGradient;
    }
    lowerWall
    {
        type            zeroGradient;
    }
    frontAndBack
    {
        type            empty;
    }
}


// ************************************************************************* //
