/*--------------------------------*- C++ -*----------------------------------*\
  =========                 |
  \\      /  F ield         | OpenFOAM: The Open Source CFD Toolbox
   \\    /   O peration     | Website:  https://openfoam.org
    \\  /    A nd           | Version:  7
     \\/     M anipulation  |
\*---------------------------------------------------------------------------*/
FoamFile
{
    version     2.0;
    format      ascii;
    class       volScalarField;
    location    "0.024";
    object      nut;
}
// * * * * * * * * * * * * * * * * * * * * * * * * * * * * * * * * * * * * * //

dimensions      [0 2 -1 0 0 0 0];

internalField   nonuniform List<scalar> 
12225
(
0
0
0
0
0
0
0
0
0
0
0
0
0
0
0
0
0
0
0
0
0
0
0
0
0
0
0
0
0
0
0
0
0
0
0
0
0
2.23273e-10
0
0
0
8.98313e-11
1.0993e-10
1.79477e-11
0
0
0
0
0
0
0
0
0
0
0
1.50992e-08
7.31697e-09
1.56833e-09
1.3528e-09
4.79163e-10
0
0
0
0
0
0
0
0
0
0
0
0
1.83738e-07
1.94171e-07
1.36909e-07
7.49133e-08
5.03796e-08
2.57349e-08
1.21168e-08
6.24577e-09
2.87144e-09
1.16217e-09
6.86973e-10
6.85761e-10
5.99419e-10
0
0
0
0
0
2.1308e-07
2.73326e-07
1.04664e-07
1.42083e-07
2.66104e-07
3.21806e-07
3.65826e-07
2.84517e-07
1.42582e-07
3.91593e-08
0
0
0
1.30837e-09
3.83044e-09
1.89048e-09
2.25309e-09
2.31608e-09
3.97317e-07
2.98936e-07
0
8.65876e-08
1.8104e-07
3.28733e-08
0
1.68574e-07
2.06051e-07
1.03516e-07
1.96267e-08
0
0
0
1.74986e-08
3.72599e-08
5.00933e-08
5.08956e-08
5.57477e-07
2.84866e-07
9.35332e-09
1.84165e-07
2.05375e-07
0
0
0
6.07031e-08
5.95473e-08
2.8551e-08
2.0493e-08
3.37604e-08
5.03857e-08
5.47361e-08
5.25935e-08
5.93764e-08
7.96879e-08
3.3832e-07
2.53808e-07
1.33378e-07
3.77766e-07
3.1862e-07
4.21236e-08
0
0
4.37066e-08
5.98526e-08
4.97908e-08
4.75273e-08
5.07074e-08
4.8383e-08
3.77037e-08
2.4061e-08
1.6752e-08
2.50643e-08
0
6.37212e-07
1.13601e-06
8.33832e-07
4.9055e-07
1.18762e-07
0
1.22793e-08
4.83076e-08
5.57393e-08
3.6949e-08
1.93918e-08
2.44718e-08
3.34082e-08
3.52943e-08
2.94969e-08
1.95442e-08
1.28477e-08
0
1.092e-06
2.37428e-06
1.26303e-06
6.70328e-07
3.46399e-07
1.14428e-07
1.91592e-08
2.24296e-08
8.5868e-08
1.21808e-07
6.69017e-08
4.0732e-08
4.74988e-08
5.19363e-08
4.36881e-08
2.11938e-08
0
5.68317e-08
1.68757e-06
2.6521e-06
1.50246e-06
9.06891e-07
7.41193e-07
4.30238e-07
0
0
0
7.45786e-07
5.46642e-07
3.24244e-07
1.46653e-07
0
0
0
0
1.72349e-07
4.07333e-07
2.97637e-07
1.1183e-06
6.92824e-07
5.44717e-07
4.49186e-07
0
0
0
1.22197e-07
2.34376e-07
1.97284e-07
1.07755e-07
2.84042e-09
0
0
0
1.02052e-07
1.02805e-07
0
4.11047e-08
2.28994e-07
4.20478e-07
5.77394e-07
0
0
0
0
0
4.96693e-08
9.46157e-08
7.28235e-08
8.76577e-09
0
0
0
0
0
0
0
1.85931e-07
3.01952e-08
0
0
0
0
0
0
1.07854e-07
1.72047e-07
1.52597e-07
1.02204e-07
7.90716e-08
0
0
0
0
8.83952e-08
0
0
0
0
0
0
0
1.6614e-07
2.46587e-07
2.89711e-07
2.79953e-07
2.43375e-07
2.29542e-07
6.57415e-08
4.3003e-08
9.92907e-08
4.36767e-07
3.37641e-07
1.0119e-08
0
0
0
0
6.34107e-08
3.79149e-07
6.36933e-07
8.17089e-07
7.92763e-07
4.02582e-07
9.00601e-08
9.78729e-08
2.04129e-07
3.96136e-07
4.2233e-07
2.59475e-07
1.37177e-07
0
0
0
0
0
1.07384e-07
3.20777e-07
5.40228e-07
6.04951e-07
4.17228e-07
9.42849e-08
0
0
0
2.477e-07
4.06772e-07
1.5326e-07
1.05624e-07
6.60511e-08
0
0
0
0
0
0
1.22543e-07
1.22749e-07
4.61716e-08
0
0
0
0
0
0
2.05571e-08
3.02578e-08
3.36816e-08
0
0
0
0
0
0
0
3.66918e-08
7.1175e-08
6.70886e-08
4.93366e-08
6.87949e-08
0
0
0
0
0
0
0
0
0
0
0
0
0
0
0
0
0
0
1.25787e-06
1.24232e-06
0
0
0
0
0
0
0
0
0
0
0
0
0
0
0
0
3.87511e-07
2.38047e-07
3.28756e-07
0
0
0
0
0
0
0
0
0
0
0
0
0
0
0
0
0
0
0
0
0
0
0
0
0
0
0
0
0
0
0
0
0
1.76942e-08
0
0
0
0
9.86224e-08
1.84853e-07
1.11532e-07
0
0
0
4.00379e-09
7.8907e-08
9.759e-08
7.13958e-08
3.45729e-08
1.04357e-09
0
3.62552e-07
0
0
0
0
9.57318e-08
2.00341e-07
1.89245e-07
5.4654e-08
0
0
0
0
0
0
0
0
0
6.41765e-08
0
0
0
0
5.31233e-09
0
0
0
0
0
0
0
0
0
0
0
0
7.6059e-09
0
0
0
0
0
0
0
0
0
0
0
0
0
0
0
0
0
8.16062e-09
0
0
0
0
0
0
0
0
0
0
0
0
0
0
0
0
0
6.45789e-08
0
0
0
0
0
0
0
0
0
0
0
0
0
0
0
0
0
0
0
0
0
0
0
3.03473e-07
1.22468e-06
1.63745e-06
1.65537e-06
1.47634e-06
1.21867e-06
9.44476e-07
6.88602e-07
4.68934e-07
2.9239e-07
1.58881e-07
6.4376e-08
2.88282e-09
0
0
0
0
0
6.91528e-09
2.58346e-08
4.19789e-08
5.41537e-08
6.17774e-08
6.42487e-08
6.32108e-08
5.97301e-08
5.20304e-08
4.37435e-08
3.68149e-08
2.66462e-08
1.99496e-08
1.3933e-08
8.7622e-09
5.14994e-09
2.22695e-09
0
0
0
0
0
0
0
0
0
0
0
0
0
0
0
0
0
0
0
0
0
0
0
0
0
0
0
0
0
0
0
0
0
0
0
0
0
0
0
0
0
0
0
0
0
0
0
0
0
0
0
0
0
0
0
0
0
0
0
0
0
0
0
0
0
0
0
0
0
0
0
0
0
0
0
0
0
0
0
0
0
0
0
0
0
0
0
0
0
0
0
0
0
0
0
0
0
0
0
0
0
0
0
0
0
0
0
0
0
0
0
0
0
0
0
0
0
0
0
0
0
0
0
0
0
0
0
0
0
0
0
0
0
0
0
0
0
0
0
0
0
0
9.00288e-08
2.08111e-07
3.02336e-07
3.69113e-07
4.12952e-07
4.40032e-07
4.53963e-07
4.56183e-07
4.48833e-07
4.3309e-07
4.10203e-07
3.82129e-07
3.49218e-07
3.09524e-07
2.63978e-07
2.13775e-07
1.62788e-07
1.16514e-07
7.91894e-08
5.34221e-08
3.90679e-08
3.35447e-08
3.34669e-08
3.57398e-08
3.83616e-08
3.99021e-08
3.98548e-08
3.92394e-08
3.78657e-08
3.53416e-08
3.27525e-08
2.97187e-08
2.63115e-08
2.25788e-08
1.86839e-08
1.42967e-08
9.65877e-09
4.63171e-09
0
0
0
0
0
0
0
0
0
0
0
0
0
0
0
0
0
0
0
0
0
0
0
0
0
0
1.3564e-08
2.89874e-08
1.46872e-08
0
0
0
0
0
0
0
0
0
0
0
0
0
0
0
0
0
0
0
0
0
0
0
0
0
0
0
0
0
0
0
0
0
0
0
0
0
0
0
0
0
0
0
0
0
0
0
0
0
0
0
0
0
0
0
0
0
0
0
0
0
0
0
0
0
0
0
0
0
0
0
0
0
0
0
0
0
0
0
0
0
0
0
0
0
0
0
0
0
0
0
0
0
0
0
0
0
0
0
0
0
0
0
0
0
0
0
0
0
0
0
0
0
0
0
0
3.10435e-08
8.58827e-08
1.33371e-07
1.71015e-07
1.9888e-07
2.17369e-07
2.27717e-07
2.30756e-07
2.26798e-07
2.16808e-07
2.01711e-07
1.83305e-07
1.62741e-07
1.40861e-07
1.16926e-07
9.24139e-08
6.89413e-08
4.80011e-08
3.06541e-08
1.78449e-08
9.90655e-09
6.66708e-09
7.54075e-09
1.15679e-08
1.76049e-08
2.45259e-08
3.09951e-08
3.61685e-08
3.88966e-08
3.87864e-08
3.58908e-08
3.04846e-08
2.34532e-08
1.55902e-08
7.477e-09
0
0
0
0
0
0
0
0
0
0
0
0
0
0
0
0
0
0
0
3.09296e-09
2.16268e-08
3.75499e-08
5.02551e-08
5.94261e-08
6.48752e-08
6.77297e-08
6.71839e-08
6.06827e-08
4.93957e-08
3.5554e-08
2.0259e-08
4.67712e-09
0
0
0
0
0
0
0
0
0
0
0
0
0
0
0
0
0
0
0
0
0
0
0
0
0
0
0
0
0
0
0
0
0
0
0
0
0
0
0
0
0
0
0
0
0
0
0
0
0
0
0
0
0
0
0
0
0
0
0
0
0
0
0
0
0
0
0
0
0
0
0
0
0
0
0
0
0
0
0
0
0
0
0
0
0
0
0
0
0
0
0
0
0
0
0
0
0
0
0
0
0
0
0
0
0
0
0
0
0
0
0
0
0
0
0
0
0
0
0
0
0
0
0
0
0
0
0
0
0
0
0
0
0
0
0
0
0
0
0
0
0
0
0
0
0
0
0
0
0
4.53213e-08
1.46784e-07
2.25545e-07
2.81955e-07
3.18526e-07
3.36544e-07
3.41614e-07
3.38286e-07
3.26916e-07
3.13898e-07
3.01035e-07
2.82237e-07
2.6655e-07
2.50463e-07
2.31761e-07
2.14004e-07
1.952e-07
1.76481e-07
1.58871e-07
1.42299e-07
1.27283e-07
1.13672e-07
1.01379e-07
9.08212e-08
8.30407e-08
7.65011e-08
6.84233e-08
5.98612e-08
5.24564e-08
4.61069e-08
4.04747e-08
3.53954e-08
3.07387e-08
2.6313e-08
2.2057e-08
1.79958e-08
1.41122e-08
1.04021e-08
6.849e-09
3.4336e-09
1.89384e-10
0
0
0
0
0
0
0
0
0
0
0
0
0
0
0
0
0
0
0
0
0
0
0
0
0
0
0
0
0
0
0
0
0
0
0
0
0
0
0
0
0
0
0
0
0
1.66639e-15
8.68495e-15
1.24243e-14
1.42449e-14
1.47387e-14
1.42236e-14
1.2984e-14
1.13275e-14
9.53795e-15
7.8273e-15
6.31811e-15
5.05856e-15
4.04693e-15
3.25662e-15
2.65079e-15
2.19155e-15
1.84483e-15
1.58349e-15
1.38633e-15
1.23717e-15
1.12394e-15
1.03784e-15
9.71845e-16
9.21119e-16
8.81125e-16
8.49763e-16
8.22917e-16
8.0174e-16
7.80515e-16
7.64721e-16
7.43264e-16
7.29702e-16
7.01821e-16
6.8922e-16
6.46475e-16
6.365e-16
5.6419e-16
5.6725e-16
4.40814e-16
4.78117e-16
2.58281e-16
3.36158e-16
0
3.92313e-17
0
0
0
0
8.29161e-15
0
1.12242e-13
0
0
0
0
0
0
0
0
0
0
0
0
0
0
0
0
0
0
0
0
0
0
0
0
0
0
0
0
0
0
0
0
0
0
0
0
0
0
0
0
0
0
0
9.34467e-09
9.27649e-08
1.68271e-07
2.30409e-07
2.76837e-07
3.1106e-07
3.35963e-07
3.50688e-07
3.5579e-07
3.52387e-07
3.39962e-07
3.20585e-07
2.99943e-07
2.75898e-07
2.53827e-07
2.32574e-07
2.09426e-07
1.88399e-07
1.67595e-07
1.47624e-07
1.29184e-07
1.13329e-07
9.96674e-08
8.89661e-08
8.13776e-08
7.45287e-08
6.6232e-08
5.78089e-08
5.06317e-08
4.44804e-08
3.90351e-08
3.42032e-08
2.99357e-08
2.63202e-08
2.32679e-08
2.05918e-08
1.81574e-08
1.58335e-08
1.35933e-08
1.15033e-08
9.58444e-09
7.84099e-09
6.27457e-09
4.88179e-09
3.65629e-09
2.58915e-09
1.67019e-09
8.8824e-10
2.31779e-10
0
0
0
0
0
0
0
0
0
0
0
0
0
0
0
0
0
0
0
0
0
0
0
0
0
0
0
0
0
0
0
0
0
4.73351e-13
2.56017e-12
3.23683e-12
3.18959e-12
2.81344e-12
2.33229e-12
1.86032e-12
1.44857e-12
1.1124e-12
8.49113e-13
6.48001e-13
4.96567e-13
3.83127e-13
2.98052e-13
2.338e-13
1.84794e-13
1.46971e-13
1.17456e-13
9.42257e-14
7.58478e-14
6.12762e-14
4.9718e-14
4.05486e-14
3.32717e-14
2.75013e-14
2.29291e-14
1.9297e-14
1.64061e-14
1.40977e-14
1.22462e-14
1.07323e-14
9.48628e-15
8.43206e-15
7.53637e-15
6.71653e-15
5.97254e-15
5.22752e-15
4.50323e-15
3.71856e-15
2.86985e-15
1.9375e-15
7.64433e-16
0
0
0
0
0
0
0
0
6.18273e-14
0
2.11525e-12
0
1.3238e-11
0
0
0
0
0
0
0
0
0
0
0
0
0
0
0
0
0
0
0
0
0
0
0
0
0
0
0
0
0
0
0
0
0
0
0
0
0
0
0
0
0
0
0
0
0
0
0
0
0
4.02085e-08
1.13301e-07
1.90808e-07
2.61975e-07
3.15077e-07
3.44265e-07
3.51941e-07
3.38964e-07
3.09752e-07
2.76412e-07
2.46133e-07
2.16261e-07
1.89894e-07
1.66587e-07
1.44561e-07
1.24239e-07
1.06958e-07
9.38947e-08
8.41643e-08
7.52107e-08
6.64865e-08
5.85522e-08
5.14856e-08
4.51528e-08
3.92966e-08
3.39983e-08
2.9327e-08
2.52297e-08
2.16572e-08
1.85578e-08
1.59352e-08
1.38201e-08
1.21088e-08
1.05976e-08
9.15299e-09
7.73398e-09
6.37292e-09
5.10906e-09
3.95745e-09
2.92504e-09
2.01448e-09
1.22281e-09
5.46092e-10
0
0
0
0
0
0
0
0
0
0
0
0
0
0
0
0
0
0
0
0
0
0
0
0
0
0
0
0
0
0
0
0
0
0
0
0
0
0
0
0
0
0
0
0
0
0
0
0
0
0
0
0
0
0
0
0
0
0
0
0
0
0
0
0
0
0
0
0
0
0
0
0
0
0
0
3.25973e-15
3.37233e-14
1.30061e-13
3.46711e-13
1.28056e-12
3.14106e-12
8.89343e-12
1.37004e-11
2.94904e-11
2.53827e-11
6.36872e-11
1.08765e-12
2.95373e-11
0
0
0
0
0
0
0
0
0
0
0
0
0
0
0
0
0
0
0
0
0
0
0
0
0
0
0
0
0
0
0
0
0
0
0
0
0
5.18725e-08
1.09915e-07
1.31718e-07
6.67404e-08
0
0
0
0
0
0
0
0
0
0
0
0
0
1.36547e-07
2.66162e-07
3.3292e-07
3.46231e-07
3.17199e-07
2.75231e-07
2.36084e-07
2.03944e-07
1.77567e-07
1.55783e-07
1.36586e-07
1.19636e-07
1.03694e-07
8.79067e-08
7.348e-08
6.20381e-08
5.40835e-08
4.88379e-08
4.46284e-08
4.0231e-08
3.53546e-08
3.058e-08
2.59125e-08
2.1686e-08
1.80677e-08
1.50535e-08
1.25357e-08
1.04243e-08
8.68169e-09
7.30554e-09
6.21926e-09
5.27287e-09
4.3614e-09
3.46577e-09
2.61399e-09
1.83107e-09
1.12737e-09
5.09659e-10
0
0
0
0
0
0
0
0
0
0
0
0
0
0
0
0
0
0
0
0
0
0
0
0
0
0
0
0
0
0
0
0
0
0
0
0
0
0
0
0
0
0
0
0
0
0
0
0
0
0
0
0
0
0
0
0
0
0
0
0
0
0
0
0
0
0
0
0
0
0
1.28688e-13
2.77886e-13
3.9427e-13
5.34377e-13
6.85208e-13
9.68739e-13
1.33464e-12
2.09711e-12
3.02932e-12
5.05584e-12
7.05898e-12
1.18221e-11
1.42407e-11
2.43368e-11
1.85707e-11
3.32327e-11
0
0
0
0
0
0
0
0
0
0
0
0
0
0
0
0
0
0
0
0
0
0
0
0
0
0
0
0
0
0
0
0
0
0
0
0
0
0
0
0
0
0
0
0
0
0
0
0
0
0
0
0
0
0
0
0
0
0
1.37972e-07
2.8381e-07
3.24653e-07
2.99046e-07
2.5019e-07
2.07577e-07
1.7695e-07
1.56967e-07
1.42375e-07
1.29316e-07
1.14499e-07
9.73242e-08
7.95918e-08
6.37132e-08
5.0915e-08
4.15623e-08
3.59508e-08
3.35572e-08
3.26735e-08
3.10928e-08
2.80878e-08
2.43089e-08
2.01634e-08
1.62866e-08
1.30227e-08
1.04272e-08
8.38637e-09
6.74661e-09
5.41058e-09
4.34818e-09
3.52096e-09
2.85394e-09
2.24992e-09
1.66574e-09
1.10173e-09
5.76655e-10
1.03827e-10
0
0
0
0
0
0
0
0
0
0
0
0
0
0
0
0
0
0
0
0
0
0
0
0
0
0
0
0
0
0
0
0
0
0
0
0
0
0
0
0
0
0
0
0
0
0
0
0
0
0
0
0
0
0
0
0
0
0
0
0
0
0
0
0
0
0
0
0
0
4.03522e-14
1.72902e-13
2.78497e-13
3.97395e-13
5.20375e-13
7.35235e-13
1.00737e-12
1.54863e-12
2.20577e-12
3.54398e-12
4.83546e-12
7.59814e-12
8.77596e-12
1.40256e-11
9.01715e-12
1.02758e-11
0
0
0
0
0
0
0
0
0
0
0
0
0
0
0
0
0
0
0
0
0
0
0
0
0
0
0
0
0
0
0
0
0
0
0
0
0
0
0
0
0
0
0
1.37117e-07
4.01145e-07
7.63126e-07
1.13502e-06
1.37599e-06
1.31148e-06
1.11015e-06
8.18843e-07
3.80902e-07
0
0
0
0
0
0
0
3.23738e-08
2.3277e-07
2.83049e-07
2.53993e-07
2.07795e-07
1.70483e-07
1.46684e-07
1.32313e-07
1.21459e-07
1.10613e-07
9.94145e-08
8.72335e-08
7.32792e-08
5.80217e-08
4.38307e-08
3.24397e-08
2.46965e-08
2.10048e-08
2.09916e-08
2.28363e-08
2.35615e-08
2.20332e-08
1.89537e-08
1.52636e-08
1.18281e-08
9.03527e-09
6.91169e-09
5.32476e-09
4.11021e-09
3.15089e-09
2.39055e-09
1.79675e-09
1.31872e-09
9.05891e-10
5.21498e-10
1.54857e-10
0
0
0
0
0
0
0
0
0
0
0
0
0
0
0
0
0
0
0
0
0
0
0
0
0
0
0
0
0
0
0
0
0
0
0
0
0
0
0
0
0
0
0
0
0
0
0
0
0
0
0
0
0
0
0
0
0
0
0
0
0
0
0
0
0
0
0
0
0
0
8.72622e-14
1.77013e-13
2.70756e-13
3.61707e-13
5.06371e-13
6.83415e-13
1.01623e-12
1.41213e-12
2.15853e-12
2.83585e-12
4.18452e-12
4.38152e-12
5.24522e-12
2.59182e-12
1.9979e-13
0
0
0
0
0
0
0
0
0
0
0
0
0
0
0
0
0
0
0
0
0
0
0
0
0
0
0
0
0
0
0
0
0
0
0
0
0
0
0
1.39414e-07
9.87088e-07
1.8406e-06
2.00315e-06
9.74022e-07
0
0
0
8.29563e-07
1.39624e-06
1.73616e-06
1.77289e-06
1.56881e-06
1.20371e-06
6.71076e-07
0
0
0
0
0
0
0
1.82485e-07
2.20911e-07
1.97252e-07
1.65391e-07
1.39359e-07
1.19063e-07
1.03463e-07
9.27641e-08
8.53765e-08
7.94447e-08
7.32095e-08
6.50321e-08
5.35354e-08
3.99303e-08
2.70663e-08
1.71438e-08
1.13103e-08
9.89199e-09
1.24487e-08
1.64882e-08
1.8386e-08
1.73053e-08
1.44226e-08
1.11072e-08
8.20422e-09
5.97383e-09
4.35944e-09
3.20335e-09
2.35261e-09
1.70011e-09
1.19209e-09
7.95214e-10
4.71223e-10
1.92451e-10
0
0
0
0
0
0
0
0
0
0
0
0
0
0
0
0
0
0
0
0
0
0
0
0
0
0
0
0
0
0
0
0
0
0
0
0
0
0
0
0
0
0
0
0
0
0
0
0
0
0
0
0
0
0
0
0
0
0
0
0
0
0
0
0
0
0
0
0
0
0
1.32928e-14
8.81972e-14
1.59578e-13
2.22672e-13
3.10539e-13
4.10113e-13
5.83694e-13
7.77355e-13
1.109e-12
1.35474e-12
1.86732e-12
1.5428e-12
1.32637e-12
0
0
0
0
0
0
0
0
0
0
0
0
0
0
0
0
0
0
0
0
0
0
0
0
0
0
0
0
0
0
0
0
0
0
0
0
0
0
0
0
8.13657e-07
2.79357e-06
6.05658e-06
1.03242e-05
1.20145e-05
1.49288e-06
0
0
0
0
0
7.83201e-08
6.87669e-07
9.21191e-07
1.02487e-06
1.0433e-06
8.73992e-07
3.58612e-07
0
0
0
0
0
0
1.32587e-07
1.53929e-07
1.39861e-07
1.22035e-07
1.05643e-07
9.18131e-08
8.11018e-08
7.22518e-08
6.47952e-08
5.91842e-08
5.57281e-08
5.28705e-08
4.72634e-08
3.71931e-08
2.43875e-08
1.25744e-08
4.61331e-09
1.34553e-09
2.8086e-09
8.03883e-09
1.31452e-08
1.46891e-08
1.31765e-08
1.03339e-08
7.50846e-09
5.25568e-09
3.6361e-09
2.52074e-09
1.75075e-09
1.19861e-09
7.84145e-10
4.67421e-10
2.18568e-10
1.4034e-11
0
0
0
0
0
0
0
0
0
0
0
0
0
0
0
0
0
0
0
0
0
0
0
0
0
0
0
0
0
0
0
0
0
0
0
0
0
0
0
0
0
0
0
0
0
0
0
0
0
0
0
0
0
0
0
0
0
0
0
0
0
0
0
0
0
0
0
0
0
0
7.77293e-15
6.20421e-14
1.03779e-13
1.50795e-13
1.94101e-13
2.62038e-13
3.19305e-13
4.07007e-13
4.09945e-13
4.05256e-13
8.76185e-14
0
0
0
0
0
0
0
0
0
0
0
0
0
0
0
0
0
0
0
0
0
0
0
0
0
0
0
0
0
0
0
0
0
0
0
0
0
0
0
0
7.35961e-07
2.88815e-06
7.07774e-06
1.43199e-05
2.49461e-05
3.2362e-05
0
0
0
0
0
0
0
1.21753e-07
3.89849e-07
3.02808e-07
3.44346e-07
5.73957e-07
6.78685e-07
3.85119e-07
0
0
0
0
0
3.91812e-08
1.05618e-07
1.02258e-07
8.80494e-08
7.80707e-08
7.25702e-08
6.91114e-08
6.52312e-08
5.95934e-08
5.20311e-08
4.44684e-08
3.98655e-08
3.90279e-08
3.85812e-08
3.38623e-08
2.33767e-08
1.06332e-08
6.60101e-10
0
0
5.2995e-10
7.48207e-09
1.15375e-08
1.1595e-08
9.44261e-09
6.846e-09
4.66162e-09
3.07981e-09
2.01366e-09
1.31155e-09
8.39752e-10
5.06067e-10
2.59745e-10
7.27556e-11
0
0
0
0
0
0
0
0
0
0
0
0
0
0
0
0
0
0
0
0
0
0
0
0
0
0
0
0
0
0
0
0
0
0
0
0
0
0
0
0
0
0
0
0
0
0
0
0
0
0
0
0
0
0
0
0
0
0
0
0
0
0
0
0
0
0
0
0
0
0
0
0
8.72507e-15
3.23806e-14
4.48861e-14
5.68885e-14
5.09101e-14
4.06002e-14
0
0
0
0
0
0
0
0
0
2.79915e-10
1.12343e-09
2.09412e-09
9.07405e-10
0
0
0
0
0
0
0
0
0
0
0
0
0
0
0
0
0
0
0
0
0
0
0
0
0
0
0
0
0
1.34939e-07
1.08811e-06
3.00992e-06
5.87483e-06
8.63196e-06
7.87335e-06
0
0
0
0
0
0
0
0
0
2.86442e-07
2.76341e-07
2.95697e-08
1.0475e-07
4.1971e-07
5.2889e-07
1.97823e-07
0
0
0
0
0
8.67772e-08
8.06825e-08
6.41346e-08
5.44632e-08
4.95465e-08
4.77749e-08
4.90524e-08
5.09771e-08
4.99382e-08
4.41778e-08
3.57044e-08
2.88906e-08
2.70846e-08
2.90518e-08
2.91564e-08
2.24789e-08
1.02654e-08
0
0
0
0
2.57359e-09
8.46207e-09
9.925e-09
8.48519e-09
6.18904e-09
4.13845e-09
2.63525e-09
1.63303e-09
9.94491e-10
5.88833e-10
3.2026e-10
1.31718e-10
0
0
0
0
0
0
0
0
0
0
0
0
0
0
0
0
0
0
0
0
0
0
0
0
0
0
0
0
0
0
0
0
0
0
0
0
0
0
0
0
0
0
0
0
0
0
0
0
0
0
0
0
0
0
0
0
0
0
0
0
0
0
0
0
0
0
0
0
0
0
0
0
0
0
0
0
0
0
0
0
0
0
0
0
0
0
0
1.70802e-08
1.33144e-08
9.82665e-09
8.7271e-09
9.78216e-09
1.15455e-08
1.14152e-08
1.19801e-08
1.35827e-08
1.59747e-08
1.95945e-08
2.43466e-08
2.98901e-08
3.57457e-08
4.08886e-08
4.34487e-08
4.27704e-08
3.92368e-08
3.47681e-08
3.03835e-08
2.71714e-08
2.8109e-08
3.19584e-08
2.93122e-08
9.86698e-09
0
0
0
0
0
0
0
0
0
0
0
0
0
0
0
0
0
0
0
0
0
0
0
0
2.18467e-08
0
0
1.41333e-07
3.82301e-07
3.00629e-07
0
0
0
0
6.17681e-09
9.09539e-08
7.63418e-08
5.34495e-08
4.12746e-08
3.57244e-08
3.25078e-08
3.11841e-08
3.27408e-08
3.67225e-08
3.97586e-08
3.78661e-08
3.06392e-08
2.26014e-08
1.90009e-08
2.09838e-08
2.39534e-08
2.10392e-08
1.04454e-08
0
0
0
0
0
5.94192e-09
8.48785e-09
7.65896e-09
5.65448e-09
3.75182e-09
2.33637e-09
1.39481e-09
8.05724e-10
4.46673e-10
2.23759e-10
7.70943e-11
0
0
0
0
0
0
0
0
0
0
0
0
0
0
0
0
0
0
0
0
0
0
0
0
0
0
0
0
0
0
0
0
0
0
0
0
0
0
0
0
0
0
0
0
0
0
0
0
0
0
0
0
0
0
0
0
0
0
0
0
0
0
0
0
0
0
0
0
0
0
0
0
0
0
0
0
0
0
0
0
0
0
0
0
0
0
3.11567e-07
1.31029e-07
3.8023e-08
1.66012e-08
1.46245e-08
1.81195e-08
2.27559e-08
2.96812e-08
3.78496e-08
4.95348e-08
6.27571e-08
7.78424e-08
9.49296e-08
1.12604e-07
1.27898e-07
1.38386e-07
1.44088e-07
1.48202e-07
1.51591e-07
1.54874e-07
1.59951e-07
1.67957e-07
1.73842e-07
1.64834e-07
1.27604e-07
6.24985e-08
0
0
0
5.68674e-08
1.64963e-07
2.11696e-07
2.77431e-08
0
0
0
0
0
0
0
0
0
0
0
0
0
0
0
0
0
0
0
0
1.86788e-07
2.3164e-07
4.90096e-08
0
0
0
5.84951e-08
9.71534e-08
7.00199e-08
4.55686e-08
3.31369e-08
2.76174e-08
2.45137e-08
2.20077e-08
2.01133e-08
2.00791e-08
2.34465e-08
2.91483e-08
3.2067e-08
2.77038e-08
1.91431e-08
1.39883e-08
1.55583e-08
2.01915e-08
1.99342e-08
1.05361e-08
0
0
0
0
0
4.58358e-09
7.79494e-09
7.2969e-09
5.43653e-09
3.60523e-09
2.23149e-09
1.31663e-09
7.47259e-10
4.07165e-10
2.05792e-10
8.21444e-11
1.68976e-12
0
0
0
0
0
0
0
0
0
0
0
0
0
0
0
0
0
0
0
0
0
0
0
0
0
0
0
0
0
0
0
0
0
0
0
0
0
0
0
0
0
0
0
0
0
0
0
0
0
0
0
0
0
0
0
0
0
0
0
0
0
0
0
0
0
0
0
0
0
0
0
0
0
0
0
0
0
0
0
0
0
0
0
0
2.23747e-06
5.55657e-07
1.28779e-07
3.93877e-08
1.91618e-08
1.73785e-08
2.69406e-08
3.88515e-08
5.64511e-08
7.50291e-08
9.64512e-08
1.22245e-07
1.4915e-07
1.76981e-07
2.06256e-07
2.2581e-07
2.4157e-07
2.55981e-07
2.65261e-07
2.74621e-07
2.87346e-07
3.02727e-07
3.14908e-07
3.0703e-07
2.62155e-07
1.81039e-07
8.41788e-08
2.31483e-08
5.8519e-08
2.16691e-07
4.81619e-07
7.40564e-07
7.12425e-07
1.84972e-07
0
0
0
0
0
0
0
0
0
1.06152e-05
9.626e-06
5.85254e-06
2.91289e-06
1.10766e-06
2.41041e-07
0
0
0
0
7.59714e-08
1.55955e-07
2.59549e-07
2.46261e-07
0
0
1.53525e-07
1.04704e-07
5.56676e-08
3.27624e-08
2.42445e-08
2.09999e-08
1.95172e-08
1.85696e-08
1.70258e-08
1.43677e-08
1.20525e-08
1.3567e-08
2.03434e-08
2.64658e-08
2.42063e-08
1.58298e-08
1.11151e-08
1.3878e-08
1.93752e-08
1.89966e-08
8.55909e-09
0
0
0
0
0
5.23046e-09
7.76951e-09
6.88049e-09
4.92024e-09
3.1466e-09
1.8769e-09
1.0594e-09
5.65588e-10
2.80821e-10
1.20845e-10
2.97255e-11
0
0
0
0
0
0
0
0
0
0
0
0
0
0
0
0
0
0
0
0
0
0
0
0
0
0
0
0
0
0
0
0
0
0
0
0
0
0
0
0
0
0
0
0
0
0
0
0
0
0
0
0
0
0
0
0
0
0
0
0
0
0
0
0
0
0
0
0
0
0
0
0
0
0
0
0
0
0
0
0
0
0
0
0
3.83819e-06
1.035e-06
3.18186e-07
1.0325e-07
3.46521e-08
1.19089e-08
2.18227e-08
4.03633e-08
5.53643e-08
7.63996e-08
1.03738e-07
1.28669e-07
1.60944e-07
1.95474e-07
2.28316e-07
2.57531e-07
2.80295e-07
2.98646e-07
3.17954e-07
3.36559e-07
3.53603e-07
3.69268e-07
3.85619e-07
3.87859e-07
3.58644e-07
2.88474e-07
1.92205e-07
1.09989e-07
1.05924e-07
2.35756e-07
5.04333e-07
8.87465e-07
1.20569e-06
1.12877e-06
5.67635e-07
0
0
0
0
0
0
0
2.82194e-05
2.51976e-05
1.38181e-05
6.64532e-06
2.68682e-06
8.55244e-07
1.18958e-07
0
0
0
0
4.11431e-08
1.64238e-07
6.34757e-07
4.08105e-07
0
6.03512e-08
2.19183e-07
9.3249e-08
3.33681e-08
1.44543e-08
1.09953e-08
1.11774e-08
1.18115e-08
1.31065e-08
1.41562e-08
1.33208e-08
1.01165e-08
6.45755e-09
6.11335e-09
1.12869e-08
1.70785e-08
1.57309e-08
9.80198e-09
8.31976e-09
1.2755e-08
1.71581e-08
1.42761e-08
3.00158e-09
0
0
0
0
0
3.88791e-09
4.80778e-09
3.69352e-09
2.24556e-09
1.15927e-09
4.94604e-10
1.33129e-10
0
0
0
0
0
0
0
0
0
0
0
0
0
0
0
0
0
0
0
0
0
0
0
0
0
0
0
0
0
0
0
0
0
0
0
0
0
0
0
0
0
0
0
0
0
0
0
0
0
0
0
0
0
0
0
0
0
0
0
0
0
0
0
0
0
0
0
0
0
0
0
0
0
0
0
0
0
0
0
0
0
0
0
0
0
0
0
4.17961e-06
2.34163e-06
1.01729e-06
3.1378e-07
8.61961e-08
2.01739e-08
1.85266e-08
5.11245e-08
5.81116e-08
6.61719e-08
8.42103e-08
1.11722e-07
1.43485e-07
1.71603e-07
2.08622e-07
2.42172e-07
2.70477e-07
2.90008e-07
3.11407e-07
3.32589e-07
3.5461e-07
3.75764e-07
3.95402e-07
4.11597e-07
3.99369e-07
3.53855e-07
2.83229e-07
1.97114e-07
1.40434e-07
1.69924e-07
3.19168e-07
5.81037e-07
9.60653e-07
1.14804e-06
1.17841e-06
8.445e-07
0
0
0
0
0
0
6.17078e-06
7.04351e-06
4.48025e-06
2.12445e-06
7.61064e-07
1.24719e-07
0
0
0
0
0
8.27211e-08
3.67836e-07
1.08501e-06
2.00433e-07
0
2.88803e-07
2.23941e-07
7.34233e-08
2.0031e-08
5.91594e-09
5.06825e-09
6.67608e-09
7.88895e-09
9.6864e-09
1.19478e-08
1.30933e-08
1.17537e-08
8.21028e-09
4.62384e-09
3.27748e-09
5.83097e-09
9.61946e-09
8.84365e-09
6.12557e-09
7.43333e-09
1.15015e-08
1.33319e-08
8.14263e-09
0
0
0
0
0
0
0
0
0
0
0
0
0
0
0
0
0
0
0
0
0
0
0
0
0
0
0
0
0
0
0
0
0
0
0
0
0
0
0
0
0
0
0
0
0
0
0
0
0
0
0
0
0
0
0
0
0
0
0
0
0
0
0
0
0
0
0
0
0
0
0
0
0
0
0
0
0
0
0
0
0
0
0
0
0
0
0
0
0
0
0
0
0
0
0
0
0
0
0
1.2079e-06
3.45378e-06
1.72893e-06
7.25179e-07
2.14362e-07
7.24267e-08
6.54271e-08
6.36849e-08
3.6325e-08
5.09396e-08
6.00898e-08
7.49658e-08
1.01496e-07
1.31597e-07
1.52019e-07
1.86859e-07
2.19363e-07
2.39119e-07
2.59205e-07
2.79757e-07
2.99382e-07
3.1861e-07
3.36789e-07
3.56328e-07
3.65686e-07
3.50225e-07
3.0613e-07
2.42983e-07
1.71643e-07
1.25454e-07
1.42486e-07
2.38802e-07
4.29449e-07
6.05556e-07
7.6885e-07
8.40839e-07
6.55481e-07
3.50773e-07
0
0
0
1.99564e-07
9.64654e-07
1.14894e-06
7.6569e-07
2.91776e-07
6.03027e-09
0
0
0
0
5.12348e-08
1.09212e-07
2.51759e-07
9.15694e-07
6.44664e-07
1.70619e-07
1.80175e-07
3.82881e-07
1.62271e-07
5.22191e-08
1.94985e-08
1.16995e-08
1.20678e-08
1.32499e-08
1.324e-08
1.3367e-08
1.42399e-08
1.51325e-08
1.48838e-08
1.283e-08
1.01172e-08
8.1498e-09
6.54773e-09
7.02793e-09
8.38912e-09
7.09047e-09
6.41709e-09
8.31608e-09
1.01527e-08
9.29141e-09
3.18736e-09
0
0
0
0
0
0
0
0
0
0
0
0
0
0
0
0
0
0
0
0
0
0
0
0
0
0
0
0
0
0
0
0
0
0
0
0
0
0
0
0
0
0
0
0
0
0
0
0
0
0
0
0
0
0
0
0
0
0
0
0
0
0
0
0
0
0
0
0
0
0
0
0
0
0
0
0
0
0
0
0
0
0
0
0
0
0
0
0
0
0
0
0
0
0
0
0
0
0
5.57163e-07
2.20768e-06
1.67843e-06
6.32069e-07
2.59286e-07
8.24489e-08
4.63682e-08
0
0
2.83165e-08
3.98308e-08
4.72424e-08
5.9444e-08
8.1089e-08
1.00945e-07
1.16797e-07
1.43162e-07
1.6541e-07
1.81959e-07
1.99029e-07
2.14059e-07
2.29364e-07
2.42965e-07
2.59451e-07
2.7239e-07
2.70809e-07
2.55164e-07
2.1887e-07
1.6761e-07
1.11066e-07
6.81712e-08
5.91301e-08
9.60697e-08
1.61708e-07
2.43291e-07
3.17915e-07
3.13776e-07
2.74167e-07
1.76091e-07
5.37408e-08
0
0
1.36147e-08
2.19826e-08
0
0
0
0
2.03611e-08
5.45376e-08
1.07505e-07
1.65196e-07
2.56019e-07
6.92527e-07
9.43803e-07
3.7637e-07
2.33515e-07
3.6528e-07
3.10161e-07
1.08066e-07
4.80726e-08
3.00982e-08
2.56288e-08
2.54949e-08
2.48481e-08
2.26056e-08
2.04093e-08
1.91858e-08
1.87148e-08
1.83608e-08
1.73892e-08
1.58958e-08
1.54313e-08
1.49645e-08
1.26316e-08
1.14289e-08
1.02759e-08
8.5575e-09
8.7794e-09
8.92851e-09
8.30277e-09
5.90385e-09
9.28351e-10
0
1.69091e-09
3.92751e-09
2.47563e-09
0
0
0
0
0
0
0
0
0
0
0
0
0
0
0
0
0
0
0
0
0
0
0
0
0
0
0
0
0
0
0
0
0
0
0
0
0
0
0
0
0
0
0
0
0
0
0
0
0
0
0
0
0
0
0
0
0
0
0
0
0
0
0
0
0
0
0
0
0
0
0
0
0
0
0
0
0
0
0
0
0
0
0
0
0
0
0
0
0
0
0
0
0
1.21801e-07
8.151e-07
9.34138e-07
0
0
0
0
0
0
1.05201e-08
1.93759e-08
2.54224e-08
3.05928e-08
3.85157e-08
5.15383e-08
6.16e-08
7.42017e-08
8.55281e-08
9.65187e-08
1.10097e-07
1.19629e-07
1.29295e-07
1.37123e-07
1.47775e-07
1.57531e-07
1.6061e-07
1.55643e-07
1.3887e-07
1.11006e-07
7.43453e-08
3.35363e-08
0
0
0
0
0
1.31689e-09
0
0
0
0
0
0
0
0
0
6.23026e-08
1.23752e-07
1.45991e-07
1.65589e-07
2.17771e-07
3.03221e-07
5.90749e-07
9.4521e-07
4.98219e-07
3.24098e-07
3.29537e-07
4.48251e-07
1.84133e-07
8.61927e-08
5.73768e-08
4.72113e-08
4.37049e-08
4.19579e-08
3.89468e-08
3.44164e-08
3.0177e-08
2.72885e-08
2.53751e-08
2.3921e-08
2.27916e-08
2.18498e-08
2.19332e-08
2.34235e-08
2.22967e-08
1.86655e-08
1.5823e-08
1.30213e-08
1.17734e-08
1.09854e-08
8.5688e-09
7.0914e-09
4.74142e-09
3.01964e-09
5.89964e-09
9.69184e-09
9.41851e-09
4.12836e-09
0
0
0
0
0
0
0
0
0
0
0
0
0
0
0
0
0
0
0
0
0
0
0
0
0
0
0
0
0
0
0
0
0
0
0
0
0
0
0
0
0
0
0
0
0
0
0
0
0
0
0
0
0
0
0
0
0
0
0
0
0
0
0
0
0
0
0
0
0
0
0
0
0
0
0
0
0
0
0
0
0
0
0
0
0
0
0
0
0
0
0
0
0
0
0
0
0
0
0
0
0
3.01707e-09
7.37626e-09
9.42101e-09
1.11749e-08
1.29568e-08
1.56921e-08
1.99335e-08
2.38294e-08
2.76101e-08
2.93065e-08
3.14879e-08
3.37491e-08
3.65111e-08
3.90988e-08
4.17704e-08
4.44865e-08
4.54903e-08
4.24359e-08
3.37136e-08
1.87754e-08
0
0
0
0
0
0
0
0
0
0
0
0
0
0
0
3.72508e-08
1.25583e-07
2.00045e-07
2.32221e-07
2.31886e-07
2.49444e-07
3.38452e-07
5.9571e-07
8.66881e-07
5.2234e-07
3.91456e-07
3.6444e-07
4.74128e-07
2.78065e-07
1.23811e-07
8.44111e-08
7.11853e-08
6.47168e-08
6.10868e-08
5.74613e-08
5.2252e-08
4.62487e-08
4.14111e-08
3.83625e-08
3.59576e-08
3.32632e-08
3.06874e-08
2.88885e-08
2.8381e-08
3.01379e-08
3.11405e-08
2.78436e-08
2.33541e-08
1.9114e-08
1.62899e-08
1.50453e-08
1.16551e-08
8.8524e-09
7.9226e-09
7.24784e-09
1.01152e-08
1.51492e-08
1.64934e-08
1.18343e-08
2.37665e-09
0
0
0
0
0
0
0
0
0
0
0
0
0
0
0
0
0
0
0
0
0
0
0
0
0
0
0
0
0
0
0
0
0
0
0
0
0
0
0
0
0
0
0
0
0
0
0
0
0
0
0
0
0
0
0
0
0
0
0
0
0
0
0
0
0
0
0
0
0
0
0
0
0
0
0
0
0
0
0
0
0
0
0
0
0
0
0
0
0
0
0
0
0
0
0
0
6.83476e-08
2.94819e-08
0
0
0
0
0
0
0
0
0
0
0
0
0
0
0
0
0
0
0
0
0
0
0
0
0
0
0
0
0
0
0
0
0
0
0
0
6.57337e-08
1.448e-07
2.18823e-07
2.66275e-07
2.77784e-07
2.74637e-07
3.48918e-07
5.93691e-07
6.96515e-07
4.50762e-07
3.75134e-07
3.62615e-07
4.06282e-07
3.77817e-07
1.70002e-07
1.141e-07
9.65123e-08
8.93857e-08
8.30292e-08
7.64707e-08
7.05473e-08
6.3808e-08
5.67124e-08
5.19363e-08
5.0131e-08
4.85448e-08
4.52195e-08
4.09239e-08
3.71752e-08
3.49597e-08
3.55463e-08
3.75778e-08
3.58513e-08
3.10872e-08
2.59728e-08
2.15441e-08
1.95956e-08
1.65264e-08
1.24639e-08
1.14343e-08
1.17461e-08
1.46473e-08
2.03767e-08
2.30518e-08
1.96343e-08
9.75331e-09
0
0
0
0
0
0
0
0
0
0
0
0
0
0
0
0
0
0
0
0
0
0
0
0
0
0
0
0
0
0
0
0
0
0
0
0
0
0
0
0
0
0
0
0
0
0
0
0
0
0
0
0
0
0
0
0
0
0
0
0
0
0
0
0
0
0
0
0
0
0
0
0
0
0
0
0
0
0
0
0
0
0
0
0
0
0
0
0
0
0
0
0
0
0
0
6.84377e-08
8.95446e-08
0
0
0
0
0
0
0
0
0
0
0
0
0
0
0
0
0
0
0
0
0
0
0
0
0
0
0
0
0
0
0
0
0
0
0
0
5.93125e-08
1.32039e-07
2.00453e-07
2.56277e-07
2.84184e-07
2.92719e-07
3.39689e-07
5.22998e-07
4.35894e-07
3.25563e-07
3.10709e-07
3.19679e-07
3.45797e-07
4.57179e-07
2.35617e-07
1.4807e-07
1.18444e-07
1.09189e-07
1.04414e-07
9.55632e-08
8.53861e-08
7.73874e-08
7.09485e-08
6.52757e-08
6.21735e-08
6.21864e-08
6.1975e-08
5.86157e-08
5.24683e-08
4.60996e-08
4.11634e-08
3.96223e-08
4.15039e-08
4.16394e-08
3.75452e-08
3.23762e-08
2.71029e-08
2.41732e-08
2.17994e-08
1.75686e-08
1.58409e-08
1.65931e-08
1.95699e-08
2.55688e-08
2.90002e-08
2.65009e-08
1.75112e-08
3.41218e-09
0
0
0
0
0
0
0
0
0
0
0
0
0
0
0
0
0
0
0
0
0
0
0
0
0
0
0
0
0
0
0
0
0
0
0
0
0
0
0
0
0
0
0
0
0
0
0
0
0
0
0
0
0
0
0
0
0
0
0
0
0
0
0
0
0
0
0
0
0
0
0
0
0
0
0
0
0
0
0
0
0
0
0
0
0
0
0
0
0
0
0
5.7288e-08
9.21085e-08
0
0
0
0
0
0
0
0
0
0
0
0
0
0
0
0
0
0
0
0
0
0
0
0
0
0
0
0
0
0
0
0
0
0
0
0
0
0
0
7.81871e-08
1.51509e-07
2.10782e-07
2.46424e-07
2.5711e-07
3.01096e-07
2.84928e-07
2.12647e-07
2.04321e-07
2.30403e-07
2.53345e-07
2.64722e-07
4.11746e-07
2.85318e-07
1.77403e-07
1.3845e-07
1.26472e-07
1.23861e-07
1.18409e-07
1.06785e-07
9.42656e-08
8.53863e-08
7.84338e-08
7.34443e-08
7.21205e-08
7.39214e-08
7.49284e-08
7.22601e-08
6.48193e-08
5.5313e-08
4.68266e-08
4.2253e-08
4.3052e-08
4.49157e-08
4.24507e-08
3.76651e-08
3.25066e-08
2.87811e-08
2.69391e-08
2.34086e-08
2.11307e-08
2.18453e-08
2.47911e-08
3.07803e-08
3.44418e-08
3.20711e-08
2.42456e-08
1.01043e-08
0
0
0
0
0
0
0
0
0
0
0
0
0
0
0
0
0
0
0
0
0
0
0
0
0
0
0
0
0
0
0
0
0
0
0
0
0
0
0
0
0
0
0
0
0
0
0
0
0
0
0
0
0
0
0
0
0
0
0
0
0
0
0
0
0
0
0
0
0
0
0
0
0
0
0
0
0
0
0
0
0
0
0
0
0
0
0
0
0
0
1.65776e-07
1.30292e-07
4.60752e-08
0
0
0
0
0
0
0
0
0
0
0
0
0
0
0
0
0
0
0
0
0
0
0
0
0
0
0
0
0
0
0
0
0
0
0
0
0
0
1.65894e-08
8.86053e-08
1.45035e-07
1.77397e-07
2.24048e-07
2.3581e-07
1.56973e-07
1.23234e-07
1.30364e-07
1.58727e-07
1.85042e-07
1.94564e-07
3.14018e-07
3.11341e-07
2.12107e-07
1.6237e-07
1.40661e-07
1.35559e-07
1.32552e-07
1.23706e-07
1.08219e-07
9.68785e-08
9.0254e-08
8.54994e-08
8.2195e-08
8.19444e-08
8.45222e-08
8.59361e-08
8.34675e-08
7.58272e-08
6.37073e-08
5.15512e-08
4.34168e-08
4.23923e-08
4.54231e-08
4.5277e-08
4.1517e-08
3.69599e-08
3.29488e-08
3.13862e-08
2.89207e-08
2.65263e-08
2.69809e-08
2.97566e-08
3.5339e-08
3.88053e-08
3.573e-08
2.84032e-08
1.59725e-08
0
0
0
0
0
0
0
0
0
0
0
0
0
0
0
0
0
0
0
0
0
0
0
0
0
0
0
0
0
0
0
0
0
0
0
0
0
0
0
0
0
0
0
0
0
0
0
0
0
0
0
0
0
0
0
0
0
0
0
0
0
0
0
0
0
0
0
0
0
0
0
0
0
0
0
0
0
0
0
0
0
0
0
0
0
0
0
0
0
0
7.51305e-08
7.42009e-08
3.08299e-08
0
0
0
0
0
0
0
0
0
0
0
0
0
0
0
0
0
0
0
0
0
0
0
0
0
0
0
0
0
0
0
0
0
0
0
0
0
0
0
3.32352e-08
1.20094e-07
1.88083e-07
1.69852e-07
1.36179e-07
1.09978e-07
1.01742e-07
1.11121e-07
1.28309e-07
1.37658e-07
2.32946e-07
2.86687e-07
2.07607e-07
1.71194e-07
1.44101e-07
1.3528e-07
1.34871e-07
1.32019e-07
1.22638e-07
1.0868e-07
9.94577e-08
9.40876e-08
8.94161e-08
8.67376e-08
8.71957e-08
9.02266e-08
9.18245e-08
8.97643e-08
8.23798e-08
6.88442e-08
5.39327e-08
4.26007e-08
3.95263e-08
4.26802e-08
4.48833e-08
4.27762e-08
3.91721e-08
3.54468e-08
3.39027e-08
3.24909e-08
3.04587e-08
3.07061e-08
3.30534e-08
3.75626e-08
4.02532e-08
3.59749e-08
2.81822e-08
1.82096e-08
3.53115e-09
0
0
0
0
0
0
0
0
0
0
0
0
0
0
0
0
0
0
0
0
0
0
0
0
0
0
0
0
0
0
0
0
0
0
0
0
0
0
0
0
0
0
0
0
0
0
0
0
0
0
0
0
0
0
0
0
0
0
0
0
0
0
0
0
0
0
0
0
0
0
0
0
0
0
0
0
0
0
0
0
0
0
0
0
0
0
0
0
0
7.67898e-09
2.03053e-08
1.61945e-08
4.31147e-09
0
0
0
0
0
0
0
0
0
0
0
0
0
0
0
0
0
0
0
0
0
0
0
0
0
0
0
0
0
0
0
0
0
0
0
0
0
0
2.16416e-08
7.73613e-08
1.04039e-07
1.0944e-07
1.0393e-07
9.4469e-08
8.93249e-08
8.58793e-08
1.03651e-07
1.93674e-07
2.41789e-07
1.87924e-07
1.65195e-07
1.42147e-07
1.3204e-07
1.31843e-07
1.32932e-07
1.28706e-07
1.16814e-07
1.04928e-07
9.91566e-08
9.58012e-08
9.22641e-08
8.96249e-08
8.96439e-08
9.1918e-08
9.33679e-08
9.17301e-08
8.48261e-08
7.09779e-08
5.46589e-08
4.11734e-08
3.63278e-08
3.88534e-08
4.28568e-08
4.28513e-08
4.04273e-08
3.72925e-08
3.56667e-08
3.5127e-08
3.37725e-08
3.40308e-08
3.58495e-08
3.86993e-08
4.01261e-08
3.46099e-08
2.55418e-08
1.69117e-08
5.32128e-09
0
0
0
0
0
0
0
0
0
0
0
0
0
0
0
0
0
0
0
0
0
0
0
0
0
0
0
0
0
0
0
0
0
0
0
0
0
0
0
0
0
0
0
0
0
0
0
0
0
0
0
0
0
0
0
0
0
0
0
0
0
0
0
0
0
0
0
0
0
0
0
0
0
0
0
0
0
0
0
0
0
0
0
0
0
0
0
0
0
1.35204e-09
1.78958e-09
1.95897e-09
3.26673e-09
4.74059e-09
2.23771e-09
0
0
0
0
0
0
0
0
0
0
0
0
0
0
0
0
0
0
0
0
0
0
0
0
0
0
0
0
0
0
0
0
0
0
0
0
9.35335e-09
4.12054e-08
6.21215e-08
7.29657e-08
7.50937e-08
6.85345e-08
7.17916e-08
1.02296e-07
2.04703e-07
2.0001e-07
1.6159e-07
1.46867e-07
1.33285e-07
1.22851e-07
1.19559e-07
1.22047e-07
1.21792e-07
1.15897e-07
1.04827e-07
9.75825e-08
9.49246e-08
9.30094e-08
8.98665e-08
8.69106e-08
8.6341e-08
8.81223e-08
8.94885e-08
8.8291e-08
8.17732e-08
6.81987e-08
5.20833e-08
3.82546e-08
3.24373e-08
3.39656e-08
3.87405e-08
4.07974e-08
3.97605e-08
3.74341e-08
3.59338e-08
3.61387e-08
3.55285e-08
3.58019e-08
3.71235e-08
3.82673e-08
3.79908e-08
3.13703e-08
2.09793e-08
1.27483e-08
5.03909e-09
0
0
0
0
0
0
0
0
0
0
0
0
0
0
0
0
0
0
0
0
0
0
0
0
0
0
0
0
0
0
6.89384e-13
1.33397e-12
1.71193e-12
1.8904e-12
1.93586e-12
1.88755e-12
1.77013e-12
1.62254e-12
1.47451e-12
1.32382e-12
1.16906e-12
1.01859e-12
8.83681e-13
7.64478e-13
6.4525e-13
5.36671e-13
4.47157e-13
3.69643e-13
2.98471e-13
2.31613e-13
1.70653e-13
1.14536e-13
6.07291e-14
5.64498e-15
0
0
0
0
0
0
0
0
0
0
0
0
0
0
0
0
0
0
0
0
0
0
0
0
0
0
0
0
0
0
0
0
0
0
0
9.06779e-10
0
0
0
0
0
0
0
0
0
0
0
0
0
0
0
0
0
0
0
0
0
0
0
0
0
0
0
0
0
0
0
0
0
0
0
0
0
0
0
0
0
0
1.64549e-08
3.3854e-08
4.46347e-08
5.5481e-08
8.1754e-08
1.55128e-07
2.22308e-07
1.69005e-07
1.36991e-07
1.24434e-07
1.17518e-07
1.1054e-07
1.06842e-07
1.09122e-07
1.11933e-07
1.09923e-07
1.0276e-07
9.45793e-08
9.10732e-08
9.0536e-08
8.93948e-08
8.6609e-08
8.31373e-08
8.15154e-08
8.1827e-08
8.26102e-08
8.1687e-08
7.58465e-08
6.32384e-08
4.83375e-08
3.56062e-08
2.96673e-08
3.01902e-08
3.46914e-08
3.82311e-08
3.85588e-08
3.71157e-08
3.59393e-08
3.673e-08
3.67659e-08
3.69596e-08
3.79303e-08
3.78609e-08
3.56697e-08
2.79002e-08
1.60678e-08
7.10516e-09
2.35427e-09
0
0
0
0
0
0
0
0
0
0
0
0
0
0
0
0
0
0
0
0
0
0
0
0
0
2.74771e-12
5.08106e-12
6.73488e-12
7.80151e-12
8.38322e-12
8.57683e-12
8.46298e-12
8.11802e-12
7.62046e-12
7.03025e-12
6.39316e-12
5.75331e-12
5.14393e-12
4.57231e-12
4.03015e-12
3.5272e-12
3.07617e-12
2.67295e-12
2.31069e-12
1.98501e-12
1.70202e-12
1.45522e-12
1.23379e-12
1.03745e-12
8.65493e-13
7.16083e-13
5.84107e-13
4.66884e-13
3.63468e-13
2.7025e-13
1.84389e-13
1.03858e-13
2.64511e-14
0
0
0
0
0
0
0
0
0
0
0
0
0
0
0
0
0
0
0
0
0
0
0
0
0
0
0
0
0
0
0
7.6133e-10
0
0
0
0
0
0
0
0
0
0
0
0
0
0
0
0
0
0
0
0
0
0
0
0
0
0
0
0
0
0
0
0
0
0
0
0
0
0
0
0
0
2.21629e-09
1.4009e-08
2.80338e-08
5.61355e-08
1.31796e-07
2.05073e-07
1.71013e-07
1.35104e-07
1.14007e-07
1.05641e-07
1.00488e-07
9.7208e-08
9.59989e-08
9.75946e-08
9.8912e-08
9.81826e-08
9.48292e-08
8.89776e-08
8.47286e-08
8.39862e-08
8.46289e-08
8.37031e-08
8.08977e-08
7.70586e-08
7.48308e-08
7.44711e-08
7.47647e-08
7.36997e-08
6.75778e-08
5.61951e-08
4.37273e-08
3.3541e-08
2.83272e-08
2.80997e-08
3.16467e-08
3.57155e-08
3.70943e-08
3.6412e-08
3.57026e-08
3.7006e-08
3.76162e-08
3.7609e-08
3.82492e-08
3.73692e-08
3.32859e-08
2.42392e-08
1.10347e-08
7.04399e-10
0
0
0
0
0
0
0
0
0
0
0
0
0
0
0
0
0
0
0
0
0
0
6.97309e-13
5.76167e-12
9.86064e-12
1.30568e-11
1.5412e-11
1.69977e-11
1.7899e-11
1.82139e-11
1.80417e-11
1.74807e-11
1.66231e-11
1.55579e-11
1.43627e-11
1.31088e-11
1.1864e-11
1.06711e-11
9.54023e-12
8.47641e-12
7.49039e-12
6.59374e-12
5.78521e-12
5.05244e-12
4.39195e-12
3.80455e-12
3.28789e-12
2.83147e-12
2.42677e-12
2.07171e-12
1.76126e-12
1.48904e-12
1.24954e-12
1.03994e-12
8.56612e-13
6.93048e-13
5.46644e-13
4.15525e-13
2.95466e-13
1.82405e-13
7.30525e-14
0
0
0
0
0
0
0
0
0
0
0
0
0
0
0
0
0
0
0
0
0
0
0
0
0
0
0
0
0
1.5928e-09
1.04365e-09
0
0
0
7.27953e-11
1.58408e-09
1.09504e-09
0
0
0
0
0
0
0
0
0
2.05602e-10
2.3292e-09
2.05429e-09
0
0
0
0
0
0
0
0
0
0
0
0
0
0
0
0
0
0
0
0
0
2.5303e-09
1.04325e-08
2.67882e-08
8.13372e-08
1.30018e-07
1.18207e-07
1.02877e-07
9.18516e-08
8.62996e-08
8.3738e-08
8.47024e-08
8.75641e-08
9.00453e-08
8.9449e-08
8.70445e-08
8.57333e-08
8.50643e-08
8.30271e-08
7.98898e-08
7.78372e-08
7.83042e-08
7.91761e-08
7.82101e-08
7.54334e-08
7.11947e-08
6.80842e-08
6.67255e-08
6.62175e-08
6.46231e-08
5.87745e-08
4.89598e-08
3.9255e-08
3.22177e-08
2.82834e-08
2.75425e-08
2.98461e-08
3.35171e-08
3.54002e-08
3.52102e-08
3.49386e-08
3.67908e-08
3.80155e-08
3.7746e-08
3.79749e-08
3.65969e-08
3.08812e-08
2.04171e-08
6.06299e-09
0
0
0
0
0
0
0
0
0
0
0
0
0
0
0
0
0
0
0
0
0
4.53675e-12
1.11732e-11
1.6613e-11
2.09433e-11
2.4272e-11
2.66917e-11
2.82855e-11
2.91354e-11
2.93256e-11
2.89442e-11
2.80765e-11
2.68147e-11
2.52561e-11
2.34954e-11
2.16234e-11
1.97319e-11
1.78893e-11
1.61244e-11
1.44494e-11
1.28858e-11
1.14473e-11
1.01287e-11
8.92181e-12
7.82414e-12
6.83723e-12
5.95695e-12
5.17459e-12
4.4802e-12
3.86486e-12
3.32235e-12
2.84502e-12
2.42527e-12
2.05718e-12
1.73573e-12
1.4547e-12
1.20692e-12
9.87753e-13
7.93282e-13
6.18553e-13
4.58745e-13
3.09953e-13
1.67964e-13
2.76078e-14
0
0
0
0
0
0
0
0
0
0
0
0
0
0
0
0
0
0
0
0
0
0
0
0
0
0
0
8.72518e-09
8.27684e-09
2.05732e-09
0
0
4.84391e-10
8.28665e-10
0
0
0
0
0
1.12073e-10
1.13793e-12
0
0
0
0
0
0
0
0
0
0
0
0
0
0
0
0
0
0
0
0
0
0
0
0
0
4.11362e-09
1.17523e-08
2.26363e-08
3.49506e-08
4.37918e-08
4.98921e-08
5.32325e-08
5.62091e-08
6.03537e-08
6.62015e-08
7.29828e-08
7.89548e-08
8.43485e-08
8.48571e-08
8.15978e-08
7.65194e-08
7.39169e-08
7.49185e-08
7.59745e-08
7.49325e-08
7.22992e-08
7.08021e-08
7.13846e-08
7.19161e-08
7.0764e-08
6.78665e-08
6.35768e-08
6.04919e-08
5.90013e-08
5.80342e-08
5.58856e-08
5.00894e-08
4.19104e-08
3.53627e-08
3.16184e-08
2.92466e-08
2.81819e-08
2.91395e-08
3.17444e-08
3.3494e-08
3.34337e-08
3.34783e-08
3.59097e-08
3.78872e-08
3.74143e-08
3.71001e-08
3.54235e-08
2.85431e-08
1.64869e-08
1.30333e-09
0
0
0
0
0
0
0
0
0
0
0
0
0
0
0
0
0
0
0
4.41653e-12
1.33563e-11
2.10513e-11
2.73504e-11
3.22536e-11
3.59022e-11
3.84588e-11
4.00824e-11
4.09084e-11
4.10296e-11
4.05236e-11
3.94716e-11
3.79658e-11
3.60852e-11
3.39103e-11
3.15374e-11
2.90732e-11
2.66057e-11
2.41941e-11
2.18768e-11
1.96861e-11
1.76417e-11
1.57426e-11
1.39822e-11
1.23644e-11
1.08952e-11
9.57071e-12
8.38022e-12
7.31523e-12
6.36696e-12
5.5231e-12
4.77338e-12
4.10979e-12
3.52528e-12
3.01287e-12
2.56507e-12
2.17375e-12
1.8307e-12
1.52929e-12
1.26416e-12
1.0293e-12
8.18617e-13
6.26653e-13
4.47641e-13
2.75832e-13
1.04757e-13
0
0
0
0
0
0
0
0
0
0
0
0
0
0
0
0
0
0
0
0
0
0
0
0
0
0
5.21298e-08
4.27291e-08
2.51239e-08
6.77135e-09
0
0
0
0
0
0
0
0
0
0
0
0
0
0
0
0
0
0
0
0
0
0
0
0
0
0
0
0
0
2.65986e-11
2.40861e-10
3.69529e-09
7.25873e-09
1.22031e-08
1.4838e-08
1.14896e-08
1.26147e-08
2.10188e-08
2.9585e-08
3.53144e-08
3.87578e-08
4.17099e-08
4.60619e-08
5.23991e-08
5.93092e-08
6.52072e-08
6.91083e-08
6.97448e-08
6.82455e-08
6.51386e-08
6.38108e-08
6.617e-08
6.90784e-08
6.95474e-08
6.74777e-08
6.44085e-08
6.32414e-08
6.40395e-08
6.44559e-08
6.31318e-08
6.0268e-08
5.6273e-08
5.33384e-08
5.16988e-08
5.01001e-08
4.67485e-08
4.11722e-08
3.50112e-08
3.1768e-08
3.10089e-08
3.02562e-08
2.92248e-08
2.90719e-08
3.03874e-08
3.14727e-08
3.10594e-08
3.11936e-08
3.41223e-08
3.70349e-08
3.66201e-08
3.5657e-08
3.37799e-08
2.6228e-08
1.25873e-08
0
0
0
0
0
0
0
0
0
0
0
0
0
0
0
0
0
0
0
9.33186e-12
1.923e-11
2.80392e-11
3.55739e-11
4.16919e-11
4.63676e-11
4.96512e-11
5.16976e-11
5.26966e-11
5.28411e-11
5.22753e-11
5.10918e-11
4.93669e-11
4.71981e-11
4.47005e-11
4.19701e-11
3.90868e-11
3.6147e-11
3.32323e-11
3.0393e-11
2.76516e-11
2.5023e-11
2.25259e-11
2.01775e-11
1.79912e-11
1.59775e-11
1.41377e-11
1.24641e-11
1.09493e-11
9.58818e-12
8.37156e-12
7.28458e-12
6.31615e-12
5.45864e-12
4.70327e-12
4.03995e-12
3.45876e-12
2.95012e-12
2.50458e-12
2.1139e-12
1.77126e-12
1.46987e-12
1.20292e-12
9.63817e-13
7.46392e-13
5.43817e-13
3.48871e-13
1.53093e-13
0
0
0
0
0
0
0
0
0
0
0
0
0
0
0
0
0
0
0
0
0
0
0
0
0
9.14594e-08
9.37638e-08
8.24218e-08
6.42686e-08
4.38252e-08
2.50562e-08
9.64189e-09
0
0
0
0
0
0
0
0
0
0
0
0
0
0
0
0
0
0
0
0
0
0
0
0
0
0
0
0
0
0
1.18404e-09
6.14211e-09
1.26237e-08
1.96459e-08
2.59236e-08
3.04526e-08
3.3176e-08
3.49111e-08
3.6768e-08
3.92209e-08
4.18574e-08
4.43502e-08
4.67535e-08
4.93242e-08
5.18021e-08
5.42758e-08
5.75944e-08
6.13903e-08
6.37266e-08
6.36939e-08
6.18396e-08
5.80035e-08
5.51545e-08
5.45483e-08
5.54251e-08
5.52888e-08
5.37658e-08
5.08737e-08
4.76723e-08
4.55177e-08
4.41405e-08
4.22357e-08
3.85584e-08
3.3394e-08
2.91556e-08
2.87712e-08
3.01819e-08
3.06711e-08
2.98126e-08
2.89673e-08
2.91e-08
2.92146e-08
2.8254e-08
2.81874e-08
3.13033e-08
3.52339e-08
3.53153e-08
3.37354e-08
3.16537e-08
2.38844e-08
8.84923e-09
0
0
0
0
0
0
0
0
0
0
0
0
0
0
0
0
0
0
1.14344e-11
2.16017e-11
3.08811e-11
3.94463e-11
4.68779e-11
5.28668e-11
5.73295e-11
6.03602e-11
6.21199e-11
6.27788e-11
6.25087e-11
6.14868e-11
5.98713e-11
5.77738e-11
5.52518e-11
5.23548e-11
4.91739e-11
4.58318e-11
4.24435e-11
3.91015e-11
3.58633e-11
3.27582e-11
2.97953e-11
2.69792e-11
2.43262e-11
2.18457e-11
1.95393e-11
1.74063e-11
1.54455e-11
1.36538e-11
1.20254e-11
1.05522e-11
9.22561e-12
8.03685e-12
6.97713e-12
6.03684e-12
5.20632e-12
4.47607e-12
3.83599e-12
3.27553e-12
2.78531e-12
2.35736e-12
1.98398e-12
1.65706e-12
1.36878e-12
1.1113e-12
8.77327e-13
6.59408e-13
4.49031e-13
2.35406e-13
1.89436e-15
0
0
0
0
0
0
0
0
0
0
0
0
0
0
0
0
0
0
0
0
0
0
0
3.9864e-08
6.41165e-08
8.05102e-08
8.0705e-08
6.29353e-08
3.34943e-08
1.3918e-09
0
0
0
0
0
0
0
0
0
0
0
0
0
0
0
0
0
0
0
0
0
0
0
0
0
0
0
3.05141e-09
5.01691e-09
6.67101e-09
8.58863e-09
1.11086e-08
1.42673e-08
1.77072e-08
2.08655e-08
2.3433e-08
2.55606e-08
2.76611e-08
2.98455e-08
3.17095e-08
3.32874e-08
3.48257e-08
3.68725e-08
3.9991e-08
4.43419e-08
4.92699e-08
5.31765e-08
5.50451e-08
5.4973e-08
5.37066e-08
5.04707e-08
4.69374e-08
4.51279e-08
4.53239e-08
4.60901e-08
4.56981e-08
4.42621e-08
4.20704e-08
4.00317e-08
3.86423e-08
3.74843e-08
3.53059e-08
3.11053e-08
2.61799e-08
2.37962e-08
2.57149e-08
2.85034e-08
2.97483e-08
2.93362e-08
2.82936e-08
2.75302e-08
2.6641e-08
2.49037e-08
2.44979e-08
2.74822e-08
3.21964e-08
3.33191e-08
3.14708e-08
2.91922e-08
2.16715e-08
5.55552e-09
0
0
0
0
0
0
0
0
0
0
0
0
0
0
0
0
0
1.21261e-11
2.32825e-11
3.07809e-11
3.84801e-11
4.62916e-11
5.33948e-11
5.92659e-11
6.36942e-11
6.66624e-11
6.82782e-11
6.8734e-11
6.82456e-11
6.69982e-11
6.51321e-11
6.27671e-11
6.00165e-11
5.69873e-11
5.37749e-11
5.04579e-11
4.70937e-11
4.37182e-11
4.03565e-11
3.7041e-11
3.38172e-11
3.07272e-11
2.77971e-11
2.5041e-11
2.24685e-11
2.00885e-11
1.79044e-11
1.59104e-11
1.40964e-11
1.24507e-11
1.09594e-11
9.61223e-12
8.40179e-12
7.32079e-12
6.36074e-12
5.5115e-12
4.76176e-12
4.10054e-12
3.51867e-12
3.00855e-12
2.56277e-12
2.17311e-12
1.83132e-12
1.5294e-12
1.26031e-12
1.01706e-12
7.92958e-13
5.78942e-13
3.63171e-13
1.28571e-13
0
0
0
0
0
0
0
0
0
0
0
0
0
0
0
0
0
0
0
0
0
0
9.05043e-09
8.74603e-09
7.24932e-09
1.95612e-09
0
0
0
0
0
0
0
0
0
0
0
0
0
0
0
0
0
0
0
0
0
0
0
0
0
0
0
0
0
0
0
4.47307e-10
4.12587e-09
7.388e-09
1.03767e-08
1.32947e-08
1.60727e-08
1.86895e-08
2.11258e-08
2.32859e-08
2.50121e-08
2.62515e-08
2.71993e-08
2.82102e-08
2.94661e-08
3.11484e-08
3.36188e-08
3.68048e-08
3.99716e-08
4.23418e-08
4.36917e-08
4.39323e-08
4.21009e-08
3.89872e-08
3.64868e-08
3.59585e-08
3.66674e-08
3.69934e-08
3.65143e-08
3.55851e-08
3.4489e-08
3.33929e-08
3.24764e-08
3.13595e-08
2.89064e-08
2.44628e-08
2.00805e-08
1.94327e-08
2.29231e-08
2.6364e-08
2.79621e-08
2.80694e-08
2.72356e-08
2.59676e-08
2.40821e-08
2.13576e-08
2.05964e-08
2.33173e-08
2.8318e-08
3.09059e-08
2.94429e-08
2.69809e-08
2.01491e-08
3.36169e-09
0
0
0
0
0
0
0
0
0
0
0
0
0
0
0
0
8.45748e-12
3.04751e-11
3.6492e-11
3.90679e-11
4.32996e-11
4.91821e-11
5.53263e-11
6.07216e-11
6.49203e-11
6.78002e-11
6.93984e-11
6.9844e-11
6.93176e-11
6.80009e-11
6.60524e-11
6.36074e-11
6.07919e-11
5.77274e-11
5.45324e-11
5.13035e-11
4.81003e-11
4.49427e-11
4.18312e-11
3.87669e-11
3.57581e-11
3.28197e-11
2.99709e-11
2.72323e-11
2.46248e-11
2.21671e-11
1.98718e-11
1.77437e-11
1.57832e-11
1.39891e-11
1.23565e-11
1.0878e-11
9.54604e-12
8.35308e-12
7.28991e-12
6.34577e-12
5.50922e-12
4.76964e-12
4.11821e-12
3.54751e-12
3.05005e-12
2.61717e-12
2.23994e-12
1.90973e-12
1.61963e-12
1.36345e-12
1.13656e-12
9.33558e-13
7.49084e-13
5.76705e-13
4.33053e-13
0
0
0
0
0
0
0
0
0
0
0
0
0
0
0
0
0
0
0
0
0
0
0
0
0
0
0
0
0
0
0
0
0
0
0
0
0
0
0
0
0
0
0
0
0
0
0
0
0
0
0
0
0
0
0
0
3.01698e-09
8.33986e-09
1.24519e-08
1.53553e-08
1.73232e-08
1.87675e-08
2.00202e-08
2.11934e-08
2.22251e-08
2.30677e-08
2.37128e-08
2.42627e-08
2.48263e-08
2.56022e-08
2.69669e-08
2.9275e-08
3.21221e-08
3.46435e-08
3.65046e-08
3.73395e-08
3.61531e-08
3.34257e-08
3.06988e-08
2.98867e-08
3.04132e-08
3.11351e-08
3.12505e-08
3.09413e-08
3.06374e-08
3.03731e-08
2.97199e-08
2.8826e-08
2.75343e-08
2.48409e-08
2.02297e-08
1.65808e-08
1.73354e-08
2.15864e-08
2.51572e-08
2.68157e-08
2.7358e-08
2.69529e-08
2.56064e-08
2.30015e-08
1.9136e-08
1.78009e-08
2.04188e-08
2.51444e-08
2.9059e-08
2.87224e-08
2.61773e-08
2.03084e-08
3.46976e-09
0
0
0
0
0
0
0
0
0
0
0
0
0
0
0
0
4.44729e-11
5.79902e-11
5.53414e-11
4.98143e-11
4.76796e-11
4.96375e-11
5.35392e-11
5.76303e-11
6.10751e-11
6.35418e-11
6.49534e-11
6.53679e-11
6.49022e-11
6.36791e-11
6.18217e-11
5.94628e-11
5.67422e-11
5.37996e-11
5.07608e-11
4.77186e-11
4.4724e-11
4.17958e-11
3.89434e-11
3.61819e-11
3.35264e-11
3.09791e-11
2.85367e-11
2.61943e-11
2.39501e-11
2.18069e-11
1.97693e-11
1.78446e-11
1.60417e-11
1.4364e-11
1.28116e-11
1.1383e-11
1.00769e-11
8.89112e-12
7.82184e-12
6.86232e-12
6.00416e-12
5.23913e-12
4.56057e-12
3.96285e-12
3.43998e-12
2.98427e-12
2.58756e-12
2.24184e-12
1.94148e-12
1.68163e-12
1.46051e-12
1.27589e-12
1.12841e-12
1.01347e-12
8.79144e-13
0
0
0
0
0
0
0
0
0
0
0
0
0
0
0
0
0
0
0
0
0
0
0
0
0
0
0
0
0
0
0
0
0
0
0
0
0
0
0
0
0
0
0
0
0
0
0
0
0
0
0
0
0
3.71271e-09
9.24571e-09
1.32386e-08
1.54254e-08
1.6194e-08
1.62836e-08
1.63535e-08
1.67278e-08
1.7406e-08
1.81915e-08
1.88236e-08
1.90768e-08
1.88983e-08
1.84604e-08
1.79765e-08
1.7715e-08
1.83748e-08
2.03569e-08
2.3152e-08
2.58564e-08
2.79496e-08
2.88642e-08
2.77329e-08
2.49125e-08
2.18562e-08
2.08736e-08
2.16675e-08
2.27687e-08
2.35023e-08
2.35922e-08
2.3407e-08
2.33694e-08
2.34505e-08
2.32133e-08
2.26081e-08
2.14764e-08
1.88992e-08
1.47531e-08
1.20765e-08
1.31419e-08
1.67391e-08
1.98555e-08
2.13333e-08
2.19949e-08
2.18706e-08
2.05859e-08
1.77701e-08
1.34594e-08
1.18407e-08
1.48099e-08
1.89299e-08
2.31851e-08
2.44831e-08
2.28805e-08
1.93135e-08
5.44326e-09
0
0
0
0
0
0
0
0
0
0
0
0
0
0
0
1.41857e-11
6.75557e-11
7.61882e-11
6.72384e-11
5.47528e-11
4.5029e-11
4.06097e-11
4.0706e-11
4.2932e-11
4.54251e-11
4.73986e-11
4.86369e-11
4.9142e-11
4.90206e-11
4.83611e-11
4.7231e-11
4.56965e-11
4.38323e-11
4.173e-11
3.94801e-11
3.71558e-11
3.48122e-11
3.24956e-11
3.02416e-11
2.80625e-11
2.59585e-11
2.39394e-11
2.2017e-11
2.02017e-11
1.85008e-11
1.69175e-11
1.54489e-11
1.40813e-11
1.27968e-11
1.15888e-11
1.04559e-11
9.39934e-12
8.42146e-12
7.5227e-12
6.70175e-12
5.95489e-12
5.27721e-12
4.66446e-12
4.11406e-12
3.62413e-12
3.19198e-12
2.8126e-12
2.48014e-12
2.18865e-12
1.93494e-12
1.71651e-12
1.53495e-12
1.39077e-12
1.28712e-12
1.21273e-12
1.08516e-12
5.37952e-13
1.66432e-13
5.52896e-14
0
0
0
0
0
0
0
0
0
0
0
0
0
0
0
0
0
0
0
0
0
0
0
0
0
0
0
0
0
0
0
0
0
0
0
0
0
4.46564e-09
3.98956e-09
4.67591e-10
0
0
0
0
9.55056e-10
6.09063e-09
1.07674e-08
1.47132e-08
1.79353e-08
2.02106e-08
2.15211e-08
2.19214e-08
2.13652e-08
1.98583e-08
1.76845e-08
1.53503e-08
1.32786e-08
1.16088e-08
1.02898e-08
9.24034e-09
8.30809e-09
7.23634e-09
5.82616e-09
4.1015e-09
2.43786e-09
1.54869e-09
1.95081e-09
3.53907e-09
5.77571e-09
8.06183e-09
9.69792e-09
9.67104e-09
7.36748e-09
3.78199e-09
1.68241e-09
2.10976e-09
3.72071e-09
5.21891e-09
6.05156e-09
6.17937e-09
6.10738e-09
6.42686e-09
7.1971e-09
8.02338e-09
8.54835e-09
8.38059e-09
6.82068e-09
4.09419e-09
2.16222e-09
2.1072e-09
4.14627e-09
6.87908e-09
8.46869e-09
9.03623e-09
8.9511e-09
7.97471e-09
5.46558e-09
1.1164e-09
0
2.43691e-09
6.36843e-09
9.72183e-09
1.21225e-08
1.25213e-08
1.26155e-08
5.41584e-09
0
0
0
0
0
0
0
0
0
0
0
0
0
0
0
0
2.24239e-11
5.34826e-11
5.49282e-11
4.61318e-11
3.62426e-11
2.89188e-11
2.56286e-11
2.55154e-11
2.68662e-11
2.84688e-11
2.9842e-11
3.08678e-11
3.14572e-11
3.16142e-11
3.13905e-11
3.08476e-11
3.00517e-11
2.90789e-11
2.79865e-11
2.67979e-11
2.55211e-11
2.41698e-11
2.27651e-11
2.13296e-11
1.98844e-11
1.845e-11
1.70444e-11
1.56842e-11
1.43837e-11
1.3149e-11
1.19862e-11
1.0898e-11
9.88376e-12
8.94208e-12
8.07077e-12
7.2659e-12
6.52358e-12
5.84241e-12
5.22074e-12
4.65561e-12
4.14359e-12
3.68202e-12
3.26941e-12
2.90437e-12
2.58439e-12
2.30515e-12
2.0621e-12
1.85059e-12
1.66871e-12
1.51529e-12
1.3921e-12
1.29909e-12
1.24026e-12
1.1983e-12
1.12075e-12
8.61387e-13
5.62848e-13
3.64269e-13
2.46559e-13
1.70378e-13
1.31014e-13
9.93614e-14
8.68693e-14
6.82724e-14
6.08725e-14
3.83731e-14
2.37917e-14
0
0
0
0
0
0
0
0
0
1.9332e-08
9.88916e-08
1.01578e-07
0
0
0
0
0
0
0
0
0
0
0
0
0
5.03024e-09
2.79774e-08
4.00572e-08
4.1858e-08
3.6076e-08
2.63015e-08
1.59013e-08
7.71439e-09
4.04714e-09
6.25873e-09
1.38477e-08
2.3875e-08
3.25286e-08
3.75542e-08
3.88943e-08
3.74812e-08
3.43096e-08
2.99766e-08
2.47643e-08
1.88846e-08
1.27189e-08
6.78225e-09
1.38198e-09
0
0
0
0
0
0
0
0
0
0
0
0
0
0
0
0
0
0
0
0
0
0
0
0
0
0
0
0
0
0
0
0
0
0
0
0
0
0
0
0
0
0
0
0
0
0
0
0
8.38332e-10
0
0
0
0
0
0
0
0
0
0
0
0
0
0
0
0
0
0
1.37392e-12
1.49943e-11
1.6476e-11
1.41414e-11
1.144e-11
9.88555e-12
9.80001e-12
1.06046e-11
1.16833e-11
1.278e-11
1.37197e-11
1.44412e-11
1.49302e-11
1.51989e-11
1.52926e-11
1.52534e-11
1.5104e-11
1.48493e-11
1.44925e-11
1.40449e-11
1.35222e-11
1.29422e-11
1.23212e-11
1.16741e-11
1.10126e-11
1.03449e-11
9.67902e-12
9.02763e-12
8.39449e-12
7.77869e-12
7.18012e-12
6.60082e-12
6.04442e-12
5.51489e-12
5.01575e-12
4.54954e-12
4.1173e-12
3.71855e-12
3.35239e-12
3.0185e-12
2.71744e-12
2.44959e-12
2.21403e-12
2.00837e-12
1.82994e-12
1.67579e-12
1.54563e-12
1.43902e-12
1.35768e-12
1.30126e-12
1.27253e-12
1.25032e-12
1.2036e-12
1.04346e-12
8.20275e-13
6.14178e-13
4.78725e-13
3.80231e-13
3.38424e-13
3.04357e-13
3.03121e-13
3.01291e-13
3.42712e-13
3.68038e-13
4.61825e-13
4.72587e-13
5.86498e-13
3.63666e-13
1.5615e-13
0
0
0
0
0
6.92962e-08
7.12634e-08
6.07773e-08
2.70978e-08
0
0
0
0
0
0
0
0
0
0
0
0
0
0
0
0
7.81679e-09
1.81067e-08
2.50973e-08
2.93892e-08
3.21296e-08
3.40951e-08
3.5728e-08
3.76089e-08
4.02585e-08
4.36682e-08
4.71772e-08
4.91523e-08
4.78604e-08
4.27297e-08
3.46621e-08
2.53548e-08
1.63008e-08
8.30824e-09
1.19209e-09
0
0
0
0
0
0
0
0
0
0
0
0
0
0
0
0
0
0
0
0
0
0
0
0
0
0
0
0
0
0
0
0
0
0
0
0
0
0
0
0
0
0
0
0
0
0
0
0
0
0
0
0
0
0
0
0
0
0
0
0
0
0
0
0
0
0
0
0
0
0
0
4.89313e-13
1.65297e-12
1.79929e-12
1.85195e-12
2.14895e-12
2.6349e-12
3.26262e-12
3.9797e-12
4.6075e-12
5.1347e-12
5.6278e-12
6.06671e-12
6.42137e-12
6.70015e-12
6.8958e-12
7.00898e-12
7.04864e-12
7.0246e-12
6.94356e-12
6.81421e-12
6.64328e-12
6.43748e-12
6.20408e-12
5.95015e-12
5.68032e-12
5.397e-12
5.10211e-12
4.79887e-12
4.49186e-12
4.18599e-12
3.88587e-12
3.59549e-12
3.31786e-12
3.05474e-12
2.80716e-12
2.57614e-12
2.36319e-12
2.17005e-12
1.99696e-12
1.8432e-12
1.70787e-12
1.59055e-12
1.49284e-12
1.41426e-12
1.3588e-12
1.32464e-12
1.30998e-12
1.29923e-12
1.26786e-12
1.14876e-12
9.88999e-13
8.08422e-13
6.76381e-13
5.91491e-13
5.57766e-13
5.36132e-13
5.76661e-13
6.30823e-13
7.89762e-13
9.61241e-13
1.33553e-12
1.6471e-12
2.3473e-12
2.45648e-12
3.27681e-12
1.74271e-12
4.97648e-13
0
0
0
2.11798e-07
2.09554e-07
1.83404e-07
1.29336e-07
5.07988e-08
0
0
0
0
3.27662e-08
7.07847e-08
9.3532e-08
9.96917e-08
9.0949e-08
7.01236e-08
4.0805e-08
8.19343e-09
0
0
0
0
0
4.90835e-09
3.6497e-08
5.33476e-08
5.53831e-08
4.86198e-08
3.97116e-08
3.35281e-08
3.19485e-08
3.30705e-08
3.26149e-08
2.79828e-08
2.06066e-08
1.3304e-08
7.11266e-09
1.25606e-09
0
0
0
0
0
0
0
0
0
0
0
0
0
0
0
0
0
0
0
0
0
0
0
0
0
0
0
0
0
0
0
0
0
0
0
0
0
0
0
0
0
0
0
0
0
0
0
0
0
0
0
0
0
0
0
0
0
0
0
0
0
0
0
0
0
0
0
0
0
0
0
0
0
0
0
0
0
0
2.25949e-14
1.73448e-13
3.38006e-13
5.70043e-13
8.68485e-13
1.18415e-12
1.52195e-12
1.87219e-12
2.21929e-12
2.53439e-12
2.81687e-12
3.08133e-12
3.30964e-12
3.49124e-12
3.63014e-12
3.73299e-12
3.80399e-12
3.84493e-12
3.8576e-12
3.84279e-12
3.8004e-12
3.73124e-12
3.63751e-12
3.52254e-12
3.38989e-12
3.24316e-12
3.08634e-12
2.9237e-12
2.75918e-12
2.596e-12
2.43693e-12
2.28492e-12
2.141e-12
2.00698e-12
1.88363e-12
1.77175e-12
1.67296e-12
1.58989e-12
1.52262e-12
1.47682e-12
1.44793e-12
1.43376e-12
1.42276e-12
1.38621e-12
1.28595e-12
1.16148e-12
9.89623e-13
8.89373e-13
8.12107e-13
7.99349e-13
8.03136e-13
9.11198e-13
1.04933e-12
1.39523e-12
1.786e-12
2.6467e-12
3.45485e-12
5.27434e-12
6.23491e-12
9.67924e-12
7.83562e-12
1.01053e-11
0
0
0
2.22777e-07
3.00963e-07
3.20344e-07
2.91796e-07
2.27757e-07
1.44679e-07
6.06893e-08
0
0
0
5.47511e-08
1.54718e-07
2.57456e-07
3.33713e-07
3.64004e-07
3.37995e-07
2.54079e-07
1.33521e-07
3.47588e-08
2.13954e-08
7.758e-08
1.36849e-07
1.71431e-07
1.82334e-07
1.76148e-07
1.59376e-07
1.36762e-07
1.12206e-07
9.05669e-08
7.60208e-08
6.50861e-08
4.81674e-08
2.3083e-08
0
0
0
0
0
0
0
0
0
0
0
0
0
0
0
0
0
0
0
0
0
0
0
0
0
0
0
0
0
0
0
0
0
0
0
0
0
0
0
0
0
0
0
0
0
0
0
0
0
0
0
0
0
0
0
0
0
0
0
0
0
0
0
0
0
0
0
0
0
0
0
0
0
0
0
0
0
0
0
0
0
0
0
0
0
0
0
0
1.22418e-13
2.89665e-13
4.76018e-13
6.88612e-13
9.22462e-13
1.18474e-12
1.44947e-12
1.70847e-12
1.94866e-12
2.17516e-12
2.39244e-12
2.59252e-12
2.76204e-12
2.90166e-12
3.0081e-12
3.08091e-12
3.12094e-12
3.1296e-12
3.1083e-12
3.05893e-12
2.98491e-12
2.89136e-12
2.78387e-12
2.66741e-12
2.54634e-12
2.42458e-12
2.30516e-12
2.19038e-12
2.08111e-12
1.9787e-12
1.88613e-12
1.80512e-12
1.73781e-12
1.68961e-12
1.65055e-12
1.62639e-12
1.59728e-12
1.5407e-12
1.44757e-12
1.33288e-12
1.17915e-12
1.11043e-12
1.04389e-12
1.06112e-12
1.09997e-12
1.29657e-12
1.54006e-12
2.12962e-12
2.79382e-12
4.31963e-12
5.76432e-12
9.35504e-12
1.14575e-11
1.90614e-11
1.74925e-11
2.86136e-11
8.13839e-12
3.58246e-12
0
0
5.01027e-08
1.15245e-07
1.6906e-07
2.08088e-07
2.27662e-07
2.21822e-07
1.84909e-07
1.2036e-07
5.48851e-08
3.81675e-08
9.8202e-08
2.21429e-07
3.83885e-07
5.33155e-07
5.15706e-07
3.02741e-07
1.26756e-07
6.41761e-08
6.86856e-08
9.96783e-08
1.36953e-07
1.70995e-07
1.9612e-07
2.09713e-07
2.10901e-07
1.99882e-07
1.78641e-07
1.5269e-07
1.30471e-07
1.12506e-07
8.99677e-08
5.61264e-08
1.35162e-08
0
0
0
0
0
0
0
0
0
0
0
0
0
0
0
0
0
0
0
0
0
0
0
0
0
0
0
0
0
0
0
0
0
0
0
0
0
0
0
0
0
0
0
0
0
0
0
0
0
0
0
0
0
0
0
0
0
0
0
0
0
0
0
0
0
0
0
0
0
0
0
0
0
0
0
0
0
0
0
0
0
0
0
0
0
0
0
0
0
0
0
3.87039e-13
7.61322e-13
1.12972e-12
1.4918e-12
1.84426e-12
2.18325e-12
2.50434e-12
2.79441e-12
3.04277e-12
3.24978e-12
3.42036e-12
3.55759e-12
3.66179e-12
3.73149e-12
3.76396e-12
3.75674e-12
3.71077e-12
3.63107e-12
3.52483e-12
3.39926e-12
3.26123e-12
3.11697e-12
2.97094e-12
2.82652e-12
2.68475e-12
2.54841e-12
2.42013e-12
2.30229e-12
2.19834e-12
2.11097e-12
2.03059e-12
1.96475e-12
1.89062e-12
1.79558e-12
1.68166e-12
1.55702e-12
1.40541e-12
1.35409e-12
1.30064e-12
1.35087e-12
1.43029e-12
1.72516e-12
2.08866e-12
2.95863e-12
3.93506e-12
6.25317e-12
8.41363e-12
1.42441e-11
1.7577e-11
3.06038e-11
2.94394e-11
6.20645e-11
2.2277e-11
3.65972e-11
0
0
1.01622e-07
2.3297e-07
3.13951e-07
3.37173e-07
3.19666e-07
2.81269e-07
2.34939e-07
1.85524e-07
8.20485e-08
0
0
0
0
0
4.39202e-08
1.01392e-07
1.19856e-07
1.17465e-07
1.08699e-07
1.03314e-07
1.06242e-07
1.17649e-07
1.3361e-07
1.48377e-07
1.57064e-07
1.5753e-07
1.50764e-07
1.39909e-07
1.27754e-07
1.09123e-07
6.74075e-08
4.15029e-09
0
0
0
0
0
0
0
0
0
0
0
0
0
0
0
0
0
0
0
0
0
0
0
0
0
0
0
0
0
0
0
0
0
0
0
0
0
0
0
0
0
0
0
0
0
0
0
0
0
0
0
0
1.00425e-09
6.63722e-09
0
0
0
0
0
0
0
2.83631e-09
0
0
0
0
0
0
0
0
0
0
0
0
0
0
0
0
0
0
0
0
0
0
0
0
0
0
0
0
1.86627e-13
1.71059e-12
3.05051e-12
4.24401e-12
5.30874e-12
6.25143e-12
7.07244e-12
7.76953e-12
8.33944e-12
8.78068e-12
9.09668e-12
9.29626e-12
9.39008e-12
9.38814e-12
9.29994e-12
9.134e-12
8.89777e-12
8.59673e-12
8.24281e-12
7.84752e-12
7.42558e-12
6.98822e-12
6.54552e-12
6.1081e-12
5.68495e-12
5.28074e-12
4.89736e-12
4.53751e-12
4.20393e-12
3.89935e-12
3.62443e-12
3.38117e-12
3.15521e-12
2.95558e-12
2.76257e-12
2.55447e-12
2.33759e-12
2.14674e-12
1.91984e-12
1.83546e-12
1.77674e-12
1.84528e-12
1.95756e-12
2.36101e-12
2.87022e-12
4.07839e-12
5.43745e-12
8.69316e-12
1.16566e-11
2.00508e-11
2.44143e-11
4.44282e-11
4.18078e-11
9.95788e-11
3.66739e-11
1.11252e-10
0
1.69086e-07
2.80345e-07
3.58375e-07
3.96319e-07
3.98016e-07
3.71614e-07
3.1975e-07
2.46065e-07
1.57995e-07
6.41181e-08
0
0
0
0
0
0
0
0
0
0
0
0
0
0
0
0
0
0
0
0
1.27515e-07
2.26349e-07
1.96432e-07
7.51302e-08
1.90833e-08
0
0
0
0
0
0
0
0
0
0
0
0
0
0
0
0
0
0
0
0
0
0
0
0
0
0
0
0
0
0
0
0
0
0
0
0
0
0
0
0
0
0
0
0
0
0
0
0
0
0
1.72355e-08
1.91934e-08
0
0
0
0
0
0
0
0
0
0
0
0
0
0
0
0
0
0
0
0
0
0
0
0
0
0
0
0
4.28744e-12
1.22186e-11
1.87337e-11
2.41336e-11
2.86062e-11
3.22678e-11
3.51971e-11
3.7458e-11
3.91212e-11
4.02517e-11
4.08942e-11
4.11142e-11
4.0969e-11
4.05043e-11
3.97577e-11
3.87613e-11
3.75462e-11
3.61409e-11
3.45766e-11
3.28877e-11
3.11047e-11
2.92566e-11
2.73746e-11
2.54877e-11
2.36217e-11
2.17822e-11
2.00058e-11
1.82744e-11
1.66719e-11
1.51804e-11
1.37864e-11
1.24881e-11
1.12961e-11
1.01846e-11
9.15682e-12
8.21581e-12
7.36456e-12
6.60177e-12
5.92128e-12
5.3184e-12
4.77952e-12
4.29556e-12
3.84919e-12
3.42435e-12
3.02145e-12
2.71153e-12
2.39571e-12
2.22572e-12
2.15935e-12
2.22768e-12
2.34763e-12
2.80633e-12
3.39438e-12
4.82629e-12
6.42251e-12
1.03333e-11
1.37075e-11
2.38766e-11
2.81228e-11
5.28667e-11
4.57238e-11
1.23825e-10
3.71787e-11
2.08435e-10
0
0
0
0
0
0
2.09952e-08
3.05517e-08
1.87962e-08
0
0
0
0
0
0
0
0
0
0
0
0
0
0
0
0
0
0
0
0
0
0
0
0
0
0
5.81284e-08
1.07372e-07
6.3873e-08
4.97574e-09
0
0
0
4.42777e-09
2.31057e-08
2.76574e-08
1.51106e-08
0
0
0
0
0
0
0
0
0
0
0
0
0
0
0
0
0
0
0
0
0
0
0
0
0
0
0
0
0
0
0
0
0
0
0
0
0
0
0
0
0
0
0
0
0
0
8.0647e-10
7.97663e-10
0
2.3363e-09
6.68406e-09
1.07965e-08
1.3657e-08
1.33861e-08
9.60235e-09
5.7361e-09
3.59197e-09
2.55466e-09
1.98423e-09
1.5636e-09
1.20518e-09
9.06947e-10
6.79023e-10
5.22403e-10
4.26884e-10
3.74945e-10
3.48266e-10
3.33506e-10
3.23304e-10
3.143e-10
3.05144e-10
2.95372e-10
2.849e-10
2.73805e-10
2.62191e-10
2.50137e-10
2.3774e-10
2.25113e-10
2.12372e-10
1.99721e-10
1.87006e-10
1.74908e-10
1.63302e-10
1.52121e-10
1.41325e-10
1.30923e-10
1.20854e-10
1.11059e-10
1.01619e-10
9.26017e-11
8.40447e-11
7.59723e-11
6.84e-11
6.13494e-11
5.48131e-11
4.87876e-11
4.32433e-11
3.82122e-11
3.36026e-11
2.93973e-11
2.55797e-11
2.21216e-11
1.89507e-11
1.60289e-11
1.32678e-11
1.0596e-11
8.01622e-12
5.62484e-12
3.62047e-12
2.17414e-12
1.26872e-12
7.6185e-13
5.06093e-13
3.83987e-13
3.3831e-13
3.36243e-13
3.66627e-13
4.22031e-13
5.36257e-13
6.9943e-13
9.48619e-13
1.3607e-12
2.03262e-12
3.30263e-12
5.16015e-12
8.9608e-12
1.30678e-11
2.32752e-11
2.81121e-11
5.23757e-11
4.1907e-11
1.20836e-10
2.16751e-11
2.41276e-10
0
0
0
0
0
0
0
0
0
0
0
0
0
0
0
0
0
0
0
0
0
0
0
0
0
0
0
1.29905e-07
1.93466e-07
1.49996e-07
7.39564e-08
8.79659e-09
0
0
2.43373e-08
6.4007e-08
1.03374e-07
1.4005e-07
1.71665e-07
1.95251e-07
2.08161e-07
2.05847e-07
1.8333e-07
1.41506e-07
8.80349e-08
3.44331e-08
0
0
0
0
0
0
0
0
0
0
0
0
0
0
0
0
0
0
0
0
0
0
0
0
0
0
0
0
0
0
0
1.51553e-08
2.00132e-08
6.52393e-09
0
0
0
7.40093e-09
3.67085e-08
6.06813e-08
7.23239e-08
7.4387e-08
7.368e-08
7.63601e-08
8.31726e-08
8.98881e-08
9.31281e-08
9.30327e-08
9.54056e-08
1.07559e-07
1.24377e-07
1.29385e-07
1.22831e-07
1.09897e-07
8.62113e-08
5.80356e-08
3.84157e-08
2.53525e-08
1.67256e-08
1.10429e-08
7.33823e-09
4.9787e-09
3.52721e-09
2.66659e-09
2.16315e-09
1.85897e-09
1.65478e-09
1.49884e-09
1.36917e-09
1.25568e-09
1.15348e-09
1.05994e-09
9.73563e-10
8.93427e-10
8.1886e-10
7.49361e-10
6.84503e-10
6.24028e-10
5.67706e-10
5.15244e-10
4.66655e-10
4.21195e-10
3.78824e-10
3.39436e-10
3.02846e-10
2.68765e-10
2.36967e-10
2.07184e-10
1.78914e-10
1.51694e-10
1.25166e-10
9.93024e-11
7.46265e-11
5.22879e-11
3.36526e-11
1.96346e-11
1.02083e-11
4.54012e-12
1.482e-12
1.98563e-14
0
0
0
0
0
0
0
0
0
0
0
0
0
0
0
0
0
0
0
0
0
0
2.05169e-14
4.56405e-14
1.17774e-13
2.20015e-13
4.4369e-13
9.88829e-13
2.05934e-12
5.94266e-12
7.76306e-12
3.78962e-11
1.93649e-12
1.24322e-10
0
0
0
0
0
0
1.60939e-08
3.1516e-08
6.32408e-09
0
0
0
0
0
0
0
0
0
0
0
0
0
0
0
0
0
0
0
4.30049e-08
6.08046e-08
6.32295e-08
6.09149e-08
5.73535e-08
5.30798e-08
4.89979e-08
4.68299e-08
4.84407e-08
5.52146e-08
6.80465e-08
8.73061e-08
1.11392e-07
1.32632e-07
1.33452e-07
9.86841e-08
4.03138e-08
0
0
0
0
0
0
0
0
0
0
0
0
0
0
0
8.4244e-10
1.47901e-08
3.02745e-08
4.25229e-08
4.75287e-08
4.32724e-08
2.99742e-08
1.37173e-08
2.43683e-09
9.22666e-10
7.02072e-09
1.45677e-08
1.98547e-08
2.47037e-08
3.56201e-08
5.96029e-08
9.3623e-08
1.20741e-07
1.17871e-07
8.09194e-08
4.05868e-08
2.60495e-08
4.04305e-08
8.07514e-08
1.44432e-07
2.11106e-07
2.47675e-07
2.56492e-07
2.69973e-07
3.06692e-07
3.56108e-07
3.99285e-07
4.39025e-07
4.79491e-07
4.92e-07
4.55327e-07
4.15386e-07
3.66655e-07
3.13711e-07
2.61447e-07
1.91085e-07
1.28387e-07
8.56364e-08
5.70073e-08
3.80156e-08
2.5503e-08
1.73658e-08
1.21735e-08
8.9099e-09
6.84909e-09
5.50223e-09
4.56385e-09
3.86932e-09
3.32734e-09
2.88258e-09
2.50258e-09
2.16726e-09
1.86393e-09
1.58456e-09
1.32486e-09
1.08334e-09
8.61223e-10
6.61578e-10
4.8838e-10
3.44711e-10
2.31624e-10
1.474e-10
8.81626e-11
4.8753e-11
2.39969e-11
9.34925e-12
1.30858e-12
0
0
0
0
0
0
0
0
0
0
0
0
0
0
0
0
0
0
0
0
0
0
0
0
0
0
0
0
0
0
0
0
0
0
0
0
0
0
0
0
0
0
1.57558e-14
1.45933e-13
0
1.4674e-12
0
1.44911e-11
0
0
0
0
4.43769e-09
2.57143e-08
4.95881e-08
6.89633e-08
7.2258e-08
4.65164e-08
0
0
0
0
0
0
0
0
0
0
0
0
0
0
0
2.72335e-09
2.6546e-09
5.80854e-10
0
8.51196e-10
5.62521e-09
1.27925e-08
2.13495e-08
3.04238e-08
3.9558e-08
4.89544e-08
5.95141e-08
7.25568e-08
8.89388e-08
1.08798e-07
1.31736e-07
1.54989e-07
1.67909e-07
1.54931e-07
1.13758e-07
6.26783e-08
2.42124e-08
9.7739e-09
1.70063e-08
3.5353e-08
5.40165e-08
6.87183e-08
7.93737e-08
8.48992e-08
9.08592e-08
1.03231e-07
1.22855e-07
1.44359e-07
1.6148e-07
1.72927e-07
1.80064e-07
1.83577e-07
1.81819e-07
1.75117e-07
1.6639e-07
1.57259e-07
1.47827e-07
1.40024e-07
1.38453e-07
1.43982e-07
1.55639e-07
1.68439e-07
1.80401e-07
1.89008e-07
1.93881e-07
1.94994e-07
1.91735e-07
1.81954e-07
1.62508e-07
1.36349e-07
1.13745e-07
1.06939e-07
1.14525e-07
1.24796e-07
1.37536e-07
1.53493e-07
1.649e-07
1.70147e-07
1.7793e-07
1.9291e-07
2.06762e-07
2.01891e-07
1.69263e-07
1.24925e-07
9.37851e-08
8.76422e-08
1.04292e-07
1.30591e-07
1.52478e-07
1.5455e-07
1.26016e-07
9.2429e-08
6.27074e-08
4.00059e-08
2.44076e-08
1.45087e-08
8.56671e-09
5.10175e-09
3.09157e-09
1.9072e-09
1.18996e-09
7.43989e-10
4.61485e-10
2.81029e-10
1.65882e-10
9.30698e-11
4.771e-11
2.01754e-11
4.07966e-12
0
0
0
0
0
0
0
0
0
0
0
0
0
0
0
0
0
0
0
0
0
0
0
0
0
0
0
0
0
0
1.24084e-15
2.21627e-15
2.96447e-15
3.60072e-15
4.15078e-15
4.65287e-15
5.05107e-15
5.54094e-15
5.77453e-15
6.17881e-15
6.13027e-15
6.34238e-15
5.8093e-15
5.8082e-15
4.40487e-15
4.37774e-15
1.26456e-15
1.95272e-15
0
0
0
0
0
0
0
0
0
0
2.17793e-13
0
7.86192e-12
0
0
0
0
0
0
0
0
0
0
0
0
0
0
0
0
0
0
0
1.08245e-08
1.58315e-08
1.28647e-08
7.35822e-09
0
0
0
0
0
0
0
0
0
1.30404e-09
3.23875e-08
5.41511e-08
6.13434e-08
5.67563e-08
4.71579e-08
3.84284e-08
3.48178e-08
3.5385e-08
3.68766e-08
3.75307e-08
3.67852e-08
3.47145e-08
3.19919e-08
2.90518e-08
2.63832e-08
2.45382e-08
2.32011e-08
2.14129e-08
1.93738e-08
1.66894e-08
1.32862e-08
1.06315e-08
9.35779e-09
9.2395e-09
9.67649e-09
1.05536e-08
1.21436e-08
1.44091e-08
1.73508e-08
2.0341e-08
2.26412e-08
2.33752e-08
2.21401e-08
1.95747e-08
1.6983e-08
1.50473e-08
1.39218e-08
1.40138e-08
1.55849e-08
1.75886e-08
1.86287e-08
1.82362e-08
1.81271e-08
1.9774e-08
2.16153e-08
2.11393e-08
1.80595e-08
1.42978e-08
1.0524e-08
5.94701e-09
1.97147e-09
1.97172e-09
6.23916e-09
1.08421e-08
1.25425e-08
1.26075e-08
1.44659e-08
1.82309e-08
1.96439e-08
1.3664e-08
2.05199e-09
0
0
0
6.67664e-10
9.98968e-09
1.39041e-08
1.23215e-08
8.34123e-09
4.83149e-09
2.58824e-09
1.34799e-09
7.00248e-10
3.65939e-10
1.92774e-10
1.01989e-10
5.34314e-11
2.69938e-11
1.2553e-11
4.73827e-12
6.29459e-13
0
0
0
0
0
0
0
0
0
0
0
0
0
0
0
0
0
0
0
0
0
0
0
1.44342e-15
3.43567e-15
4.51862e-15
5.04637e-15
5.20958e-15
5.18805e-15
5.07626e-15
4.95874e-15
4.85721e-15
4.80583e-15
4.7991e-15
4.83776e-15
4.88904e-15
4.95245e-15
5.01645e-15
5.18393e-15
5.24878e-15
5.44233e-15
5.46246e-15
5.6352e-15
5.58378e-15
5.70982e-15
5.52214e-15
5.57238e-15
5.13391e-15
5.15645e-15
4.21952e-15
4.45794e-15
2.40118e-15
3.64222e-15
0
3.40698e-15
0
6.00806e-15
0
1.81337e-14
0
6.82316e-14
0
2.31442e-13
0
0
7.34573e-12
0
0
0
0
0
0
0
0
0
0
0
0
0
0
0
0
0
1.94266e-09
5.9544e-09
6.52331e-09
4.30769e-09
6.78854e-10
0
0
0
0
0
0
0
0
0
1.36606e-09
3.51941e-09
4.33469e-09
4.22757e-09
3.64009e-09
2.86946e-09
1.5857e-09
1.67826e-11
0
0
0
1.05745e-09
2.1872e-09
3.00385e-09
3.10196e-09
2.33281e-09
1.29442e-09
6.77778e-10
1.09704e-09
2.43054e-09
4.26544e-09
5.79055e-09
6.24186e-09
4.99121e-09
2.25428e-09
0
0
0
0
0
6.64665e-10
3.21857e-09
5.53878e-09
7.04583e-09
7.27499e-09
6.31457e-09
4.93404e-09
3.69976e-09
2.64957e-09
2.04574e-09
1.99608e-09
2.07177e-09
1.8975e-09
1.52088e-09
1.64006e-09
2.5943e-09
4.07205e-09
5.05827e-09
4.99989e-09
3.86335e-09
1.40011e-09
0
0
0
0
0
0
0
0
0
0
0
0
0
0
0
1.61231e-09
4.29639e-09
4.03453e-09
2.72272e-09
1.5843e-09
8.9699e-10
5.28392e-10
3.27945e-10
2.13539e-10
1.44394e-10
1.0034e-10
7.09228e-11
5.06632e-11
3.64532e-11
2.64107e-11
1.9245e-11
1.41007e-11
1.04016e-11
7.71428e-12
5.75723e-12
4.31612e-12
3.25307e-12
2.4587e-12
1.86582e-12
1.418e-12
1.08068e-12
8.23138e-13
6.27925e-13
4.77527e-13
3.63034e-13
2.74834e-13
2.08069e-13
1.56743e-13
1.17719e-13
8.75375e-14
6.52637e-14
4.85556e-14
3.59611e-14
2.64161e-14
1.94155e-14
1.41796e-14
1.04049e-14
7.66872e-15
5.77831e-15
4.43034e-15
3.4916e-15
2.79074e-15
2.28291e-15
1.87105e-15
1.55207e-15
1.27161e-15
1.04045e-15
8.1918e-16
6.30445e-16
4.44703e-16
2.86732e-16
1.18327e-16
0
0
0
0
0
0
0
0
0
0
0
0
0
0
0
0
4.50436e-15
0
2.6689e-14
0
1.77158e-13
0
1.38015e-12
0
0
5.42817e-12
0
0
0
0
3.44997e-10
9.63913e-10
1.33211e-09
1.39924e-09
1.20249e-09
8.25315e-10
3.85842e-10
0
0
0
0
1.44447e-10
6.0887e-10
1.18162e-09
1.8664e-09
2.51054e-09
2.82117e-09
2.62365e-09
1.74785e-09
3.92637e-10
0
0
0
0
0
9.28117e-11
1.85691e-09
3.61482e-09
4.86325e-09
5.45013e-09
5.70276e-09
5.93206e-09
6.04361e-09
5.83678e-09
4.64164e-09
2.18118e-09
0
0
0
0
0
0
0
0
0
0
0
0
0
1.66494e-09
1.96721e-09
3.30256e-10
0
0
0
0
0
0
0
2.93947e-10
1.58927e-09
2.10622e-09
1.72619e-09
9.82791e-10
2.39953e-10
0
0
0
0
0
0
0
0
6.08536e-11
1.12583e-09
1.46157e-09
5.6941e-10
0
0
0
0
0
0
0
0
0
0
0
0
0
1.0239e-09
2.75751e-09
3.6704e-09
3.32341e-09
2.3132e-09
1.38091e-09
7.98684e-10
5.02915e-10
3.48774e-10
2.59835e-10
2.00608e-10
1.56417e-10
1.21692e-10
9.45172e-11
7.3058e-11
5.62269e-11
4.31751e-11
3.31446e-11
2.54506e-11
1.9557e-11
1.50491e-11
1.15879e-11
8.9297e-12
6.87956e-12
5.29808e-12
4.0722e-12
3.12307e-12
2.38565e-12
1.81403e-12
1.3702e-12
1.02807e-12
7.64188e-13
5.63157e-13
4.10632e-13
2.96414e-13
2.10837e-13
1.47552e-13
1.00693e-13
6.67416e-14
4.26956e-14
2.64621e-14
1.57013e-14
8.76869e-15
4.32575e-15
1.62223e-15
4.71413e-17
0
0
0
0
0
0
0
0
0
0
0
0
0
0
0
0
0
0
0
0
0
0
0
0
0
0
0
0
0
0
0
0
6.482e-15
0
1.61981e-13
0
2.37981e-12
0
7.49461e-12
0
0
0
0
0
0
0
0
0
0
0
0
0
0
0
0
0
0
0
0
0
0
0
4.15275e-10
4.12406e-10
1.18516e-10
4.64057e-10
9.79382e-10
4.14867e-10
0
0
0
0
0
0
0
0
0
0
0
0
0
0
0
0
0
0
0
0
0
0
0
0
0
0
4.78807e-10
7.39411e-10
8.41657e-11
0
0
0
0
0
0
0
0
0
0
0
0
0
0
0
0
0
0
0
0
3.63168e-10
8.92389e-10
8.12055e-10
3.35627e-11
0
0
0
0
2.47753e-11
0
0
1.06392e-10
9.10056e-10
1.87406e-09
2.73701e-09
3.28696e-09
3.33153e-09
2.91803e-09
2.25055e-09
1.55977e-09
9.90519e-10
5.98162e-10
3.66789e-10
2.49885e-10
2.00681e-10
1.72239e-10
1.48546e-10
1.26174e-10
1.05023e-10
8.59581e-11
6.98092e-11
5.62024e-11
4.49184e-11
3.57215e-11
2.83118e-11
2.23725e-11
1.76273e-11
1.38482e-11
1.08422e-11
8.45481e-12
6.56283e-12
5.06645e-12
3.8849e-12
2.95553e-12
2.22788e-12
1.66177e-12
1.22478e-12
8.9091e-13
6.38299e-13
4.49839e-13
3.11039e-13
2.10074e-13
1.37267e-13
8.56799e-14
5.00372e-14
2.65847e-14
1.2163e-14
4.14736e-15
2.63336e-16
0
0
0
0
0
0
0
0
0
0
0
0
0
0
0
0
0
0
0
0
0
0
0
0
0
0
0
0
0
0
0
0
0
0
0
0
0
0
0
0
9.00905e-13
0
1.25039e-11
0
0
0
0
0
0
0
0
0
0
0
0
0
0
0
0
0
0
0
0
0
0
0
0
1.3664e-10
1.53835e-09
3.61597e-09
5.63119e-09
5.6254e-09
2.42978e-09
0
0
0
0
0
0
0
0
0
0
0
0
0
0
0
0
0
0
0
0
0
0
4.45378e-10
3.23561e-09
7.01045e-09
1.07115e-08
1.35395e-08
1.50986e-08
1.49454e-08
1.32057e-08
9.78678e-09
5.4436e-09
1.10453e-09
0
0
0
0
0
0
0
0
0
0
0
0
0
0
4.0117e-10
1.23881e-09
1.44964e-09
1.31744e-09
1.16038e-09
1.29774e-09
1.70435e-09
2.03978e-09
2.08253e-09
1.79854e-09
1.36066e-09
1.03249e-09
9.7161e-10
1.05072e-09
1.12006e-09
1.15855e-09
1.13972e-09
1.01268e-09
7.82657e-10
5.38136e-10
3.59882e-10
2.43091e-10
1.69462e-10
1.24387e-10
9.90769e-11
8.70828e-11
7.84212e-11
6.94466e-11
6.02083e-11
5.11225e-11
4.27075e-11
3.5354e-11
2.89656e-11
2.35236e-11
1.89676e-11
1.51995e-11
1.2109e-11
9.58576e-12
7.53747e-12
5.88514e-12
4.55768e-12
3.4975e-12
2.65494e-12
1.99025e-12
1.46985e-12
1.067e-12
7.58729e-13
5.27253e-13
3.56724e-13
2.3413e-13
1.48209e-13
8.98956e-14
5.13543e-14
2.70289e-14
1.24786e-14
4.51166e-15
6.94447e-16
0
0
0
0
0
0
0
0
0
0
0
0
0
0
0
0
0
0
0
0
0
0
0
0
0
0
0
0
0
0
0
0
0
0
0
0
0
0
0
0
0
0
0
0
0
4.64349e-12
0
0
0
0
0
0
0
0
0
0
0
0
0
0
0
0
0
0
0
0
0
0
0
0
0
2.90139e-09
7.94754e-09
1.70902e-08
2.96711e-08
2.95196e-08
1.44354e-08
0
0
0
0
0
0
0
0
0
0
0
0
0
0
0
0
0
0
0
0
3.97917e-09
1.05848e-08
1.71723e-08
2.3319e-08
2.85957e-08
3.33113e-08
3.68093e-08
3.78548e-08
3.49281e-08
2.68985e-08
1.42739e-08
0
0
0
0
0
0
0
0
0
0
0
0
0
0
0
0
0
0
1.95584e-11
5.63428e-10
9.65506e-10
1.22223e-09
1.28211e-09
1.14344e-09
8.46904e-10
4.62218e-10
7.7417e-11
0
0
0
0
0
2.14565e-11
1.07887e-10
1.27081e-10
1.1826e-10
9.54889e-11
7.1559e-11
5.28971e-11
4.03589e-11
3.25023e-11
2.74873e-11
2.34804e-11
2.00046e-11
1.68738e-11
1.40712e-11
1.16027e-11
9.46047e-12
7.65251e-12
6.14349e-12
4.89499e-12
3.87097e-12
3.03388e-12
2.3551e-12
1.81029e-12
1.37526e-12
1.0312e-12
7.61195e-13
5.52077e-13
3.92117e-13
2.72018e-13
1.83378e-13
1.19644e-13
7.48705e-14
4.45448e-14
2.47752e-14
1.25938e-14
5.50036e-15
1.8516e-15
2.01219e-16
0
0
0
0
0
0
0
0
0
0
0
0
0
0
0
0
0
0
0
0
0
0
0
0
0
0
0
0
0
0
0
0
0
0
0
0
0
0
0
0
0
0
0
0
0
0
0
0
0
0
1.17964e-08
2.98393e-09
4.29169e-09
4.7691e-09
2.74365e-09
1.38528e-09
7.50777e-10
3.63529e-10
1.02853e-10
0
0
0
0
0
0
0
0
0
0
0
0
0
0
0
0
1.98281e-09
3.68709e-10
7.07166e-10
9.09229e-10
5.57668e-10
2.83729e-10
1.61121e-10
8.02312e-11
1.35672e-11
0
0
0
0
0
0
0
0
0
0
0
0
0
0
0
0
3.37599e-10
1.71752e-11
7.30044e-11
1.54113e-10
1.08149e-10
4.15531e-11
1.54162e-11
9.08397e-13
0
0
0
0
0
0
0
0
0
0
0
0
0
0
0
0
0
1.1185e-10
0
0
9.83516e-12
1.46815e-11
0
0
0
3.14443e-12
1.43421e-11
1.86138e-11
1.44548e-11
5.04178e-12
0
0
0
0
0
0
0
3.56239e-11
0
2.0237e-10
0
6.13502e-11
9.04848e-11
0
0
0
0
0
0
0
0
0
0
0
0
0
0
0
0
0
0
0
0
0
0
0
0
0
0
0
0
0
0
0
0
0
0
0
0
0
0
0
0
0
0
0
0
0
0
0
0
0
0
0
0
0
0
0
0
0
0
0
0
0
0
0
0
0
0
0
0
0
0
0
0
0
0
0
0
0
0
0
0
0
0
0
0
0
0
0
0
0
0
0
0
0
0
0
0
0
0
0
0
0
0
0
0
0
0
0
0
0
0
0
0
0
0
0
0
0
0
0
0
0
0
0
0
0
0
0
0
0
0
0
0
0
0
0
0
0
0
0
0
0
0
0
0
0
0
0
0
0
0
0
0
0
0
0
0
0
0
0
0
0
0
0
0
0
0
0
0
0
0
0
0
0
0
0
0
0
0
0
0
0
0
0
0
0
0
0
0
0
0
0
0
0
0
0
0
0
0
0
0
0
0
0
0
0
0
0
0
0
0
0
0
0
0
0
0
0
0
0
0
0
0
0
0
0
0
0
0
0
0
0
0
0
0
0
0
0
0
0
0
0
0
0
0
0
0
0
0
0
0
0
0
0
0
0
0
0
0
0
0
0
0
0
0
0
0
0
0
0
0
0
0
0
0
0
0
0
0
0
0
0
0
0
0
0
0
0
0
0
0
0
0
0
0
0
0
0
0
0
0
0
0
0
0
0
0
0
0
0
0
0
0
0
0
0
0
0
0
0
0
0
0
0
0
0
0
0
0
0
0
0
0
0
0
0
0
0
0
0
0
0
0
0
0
0
0
0
0
0
0
0
0
0
0
0
0
0
0
0
0
0
0
0
0
0
0
0
0
0
0
0
0
0
0
0
0
0
0
0
0
0
0
0
0
0
0
0
0
0
0
0
0
0
0
0
0
0
0
0
0
0
0
0
0
0
0
0
0
0
0
0
0
0
0
0
0
0
0
0
0
0
0
0
0
0
0
0
0
0
0
0
0
0
0
0
0
0
0
0
0
0
0
0
0
0
0
0
0
0
0
0
0
0
0
0
0
0
0
0
0
0
0
0
0
0
0
0
0
0
0
0
0
0
0
0
0
0
0
0
0
0
0
0
0
0
0
0
0
0
0
0
0
0
0
0
0
0
0
0
0
0
0
0
0
0
0
0
0
0
0
0
0
0
0
0
0
0
0
0
0
0
0
0
0
0
0
0
0
0
0
0
0
0
0
0
0
0
0
0
0
0
0
0
0
0
0
0
0
0
0
0
0
0
0
0
0
0
0
0
0
0
0
0
0
0
0
0
0
0
0
0
0
0
0
0
0
0
0
0
0
0
0
0
0
0
0
0
0
0
0
0
0
0
0
0
0
0
0
0
0
0
0
0
0
0
0
0
0
0
0
0
0
0
0
0
0
0
0
0
0
0
0
0
0
0
0
0
0
0
0
0
0
0
0
0
0
0
0
0
0
0
0
0
0
0
0
0
0
0
0
0
0
0
0
0
0
0
0
0
0
0
0
0
0
0
0
0
0
0
0
0
0
0
0
0
0
0
0
0
0
0
0
0
0
0
0
0
0
0
0
0
0
0
0
0
0
0
0
0
0
0
0
0
0
0
0
0
0
0
0
0
0
0
0
0
0
0
0
0
0
0
0
0
0
0
0
0
0
0
0
0
0
0
0
0
0
0
0
0
0
0
0
0
0
0
0
0
0
0
0
0
0
0
0
0
0
0
0
0
0
0
0
0
0
0
0
0
0
0
0
0
0
0
0
0
0
0
0
0
0
0
0
0
0
0
0
0
0
0
0
0
0
0
0
0
0
0
0
0
0
0
0
0
0
0
0
0
0
0
0
0
0
0
0
0
0
0
0
0
0
0
0
0
0
0
0
0
0
0
0
0
0
0
0
0
0
0
0
0
0
0
0
0
0
0
0
0
0
0
0
0
0
0
0
0
0
0
0
0
0
0
0
0
0
0
0
0
0
0
0
0
0
0
0
0
0
0
0
0
0
0
0
0
0
0
0
0
0
0
0
0
0
0
0
0
0
0
0
0
0
0
0
0
0
0
0
0
0
0
0
0
0
0
0
0
0
0
0
0
0
0
0
0
0
0
0
0
0
0
0
0
0
0
0
0
0
0
0
0
0
0
0
0
0
0
0
0
0
0
0
0
0
0
0
0
0
0
0
0
0
0
0
0
0
0
0
0
0
0
0
0
0
0
0
0
0
0
0
0
0
0
0
0
0
0
0
0
0
0
0
0
0
0
0
0
0
0
0
0
0
0
0
0
0
0
0
0
0
0
0
0
0
0
0
0
0
0
0
0
0
0
0
0
0
0
0
0
0
0
0
0
0
0
0
0
0
0
0
0
0
0
0
0
0
0
0
0
0
0
0
0
0
0
0
0
0
0
0
0
0
0
0
0
0
0
0
0
0
0
0
0
0
0
0
9.76775e-11
0
0
0
0
0
0
0
0
0
0
0
0
0
0
0
0
0
0
0
0
0
0
0
0
2.55442e-10
0
0
0
0
0
0
0
0
0
0
0
0
0
0
0
0
0
0
0
0
0
0
0
0
1.48937e-10
0
0
0
0
0
0
0
0
0
0
0
0
0
0
0
0
0
0
0
0
0
0
0
0
7.21509e-11
0
0
0
0
0
0
0
0
0
2.05244e-11
3.79313e-11
7.59744e-11
7.73616e-11
1.15469e-10
6.33756e-11
1.21715e-10
1.96509e-11
1.24332e-10
0
9.49638e-11
0
7.14657e-11
0
1.95066e-11
7.11453e-11
0
0
0
0
1.10504e-11
4.66404e-11
8.60919e-11
1.15005e-10
1.24917e-10
1.42287e-10
1.60774e-10
1.87491e-10
1.84185e-10
1.97397e-10
1.58595e-10
1.86591e-10
1.11003e-10
1.48557e-10
4.43006e-11
1.03742e-10
0
8.07759e-11
0
2.36534e-11
9.60105e-11
0
0
0
4.51773e-11
1.18475e-10
1.56014e-10
1.65034e-10
1.51544e-10
1.34804e-10
1.31759e-10
1.26674e-10
1.34205e-10
1.22956e-10
1.38545e-10
1.14307e-10
1.33605e-10
7.64388e-11
1.02721e-10
3.43665e-11
7.55752e-11
3.66761e-12
6.74709e-11
0
2.17987e-12
1.96655e-10
0
1.5144e-10
2.82053e-10
2.2336e-10
1.96533e-10
1.71694e-10
1.3206e-10
1.01526e-10
8.32529e-11
8.27862e-11
8.05195e-11
9.30249e-11
8.93111e-11
1.11742e-10
8.85854e-11
9.80663e-11
5.59751e-11
7.19128e-11
2.59809e-11
5.49595e-11
6.01403e-12
5.77268e-11
0
0
7.10693e-10
2.48541e-12
8.88593e-10
5.46643e-10
1.4893e-10
0
0
0
0
0
0
0
0
0
5.74224e-12
2.52954e-12
1.72599e-11
2.24732e-12
1.7061e-11
0
1.80619e-11
0
2.86212e-11
0
0
2.3633e-09
1.28762e-09
1.44806e-09
2.37816e-10
0
0
0
0
0
0
0
0
0
0
0
0
0
0
0
0
0
0
0
0
0
4.07592e-09
2.02985e-09
9.93898e-10
0
0
0
0
0
0
0
0
0
0
0
0
0
0
0
0
0
0
0
0
0
0
)
;

boundaryField
{
    inlet
    {
        type            zeroGradient;
    }
    outlet
    {
        type            zeroGradient;
    }
    upperWall
    {
        type            zeroGradient;
    }
    lowerWall
    {
        type            zeroGradient;
    }
    frontAndBack
    {
        type            empty;
    }
}


// ************************************************************************* //
