/*--------------------------------*- C++ -*----------------------------------*\
  =========                 |
  \\      /  F ield         | OpenFOAM: The Open Source CFD Toolbox
   \\    /   O peration     | Website:  https://openfoam.org
    \\  /    A nd           | Version:  7
     \\/     M anipulation  |
\*---------------------------------------------------------------------------*/
FoamFile
{
    version     2.0;
    format      ascii;
    class       volScalarField;
    location    "0.035";
    object      nut;
}
// * * * * * * * * * * * * * * * * * * * * * * * * * * * * * * * * * * * * * //

dimensions      [0 2 -1 0 0 0 0];

internalField   nonuniform List<scalar> 
12225
(
0
0
0
0
0
0
0
0
0
0
0
0
0
0
0
0
4.52993e-11
0
0
0
0
0
0
0
0
0
0
0
0
0
0
0
0
0
7.5802e-11
0
0
5.16525e-10
4.98654e-10
3.75066e-10
4.253e-10
1.17169e-10
0
0
0
0
0
0
0
0
0
0
3.61706e-12
0
0
1.32112e-08
9.58987e-09
3.72595e-09
1.57946e-09
7.4468e-10
0
0
0
0
0
0
0
0
0
0
0
0
4.41471e-07
4.02948e-07
3.29944e-07
1.68706e-08
0
0
1.5979e-09
4.32925e-09
4.3993e-09
2.69284e-09
0
0
0
0
0
0
0
0
3.37661e-07
3.96631e-07
5.57939e-07
6.68525e-07
4.70328e-07
1.50527e-07
1.0956e-07
8.71954e-08
6.40646e-08
3.90439e-08
2.1821e-08
1.41054e-08
9.62272e-09
3.69755e-09
0
0
0
0
8.78707e-08
1.9776e-07
5.61922e-07
6.0941e-07
3.96571e-07
1.28625e-07
5.16136e-08
9.39989e-08
7.34846e-08
3.29844e-08
1.60581e-08
1.29302e-08
1.35677e-08
1.14982e-08
7.66857e-09
4.5796e-09
6.34966e-09
8.45322e-09
0
6.39691e-08
5.16601e-07
4.41431e-07
2.007e-07
2.15834e-09
0
4.45428e-08
4.89646e-08
9.62429e-09
4.92113e-10
1.30665e-08
2.18088e-08
1.13242e-08
0
0
0
4.37977e-09
1.96968e-07
4.85195e-07
4.14501e-07
3.17911e-07
6.91798e-08
0
0
6.64459e-08
1.0794e-07
3.67913e-08
4.08422e-09
2.20033e-08
3.03602e-08
8.55824e-10
0
0
0
6.87911e-10
1.46737e-06
8.48551e-07
4.73466e-07
2.14142e-07
0
0
1.27358e-08
1.74956e-07
3.38632e-07
3.41254e-07
2.14443e-07
9.1109e-08
9.05313e-10
0
0
0
0
2.68121e-09
6.11186e-07
5.35597e-07
3.25739e-07
2.07066e-08
0
2.90408e-07
6.102e-07
7.03582e-07
5.3993e-07
3.66934e-07
2.05485e-07
7.67744e-08
1.75331e-10
0
0
0
4.15698e-09
3.86347e-08
1.21808e-07
5.49486e-07
6.87408e-07
2.70267e-07
1.96587e-07
7.09198e-07
1.16633e-06
1.1216e-06
6.63772e-07
3.0719e-07
1.50737e-07
8.11381e-08
3.44069e-08
0
0
0
1.74654e-08
3.53519e-08
1.03596e-06
1.20226e-06
1.61962e-06
1.22566e-06
5.95749e-07
8.02357e-07
8.57719e-07
6.5172e-07
3.83649e-07
1.94114e-07
1.154e-07
8.44671e-08
3.91974e-08
0
0
0
1.14442e-08
2.75784e-08
6.79097e-07
6.01459e-07
9.65353e-07
5.10093e-07
0
9.81324e-08
3.47249e-07
3.19094e-07
1.79202e-07
4.1179e-08
0
0
0
0
0
2.10809e-09
5.13658e-08
8.47371e-08
3.10239e-07
8.08403e-08
2.13613e-07
0
0
0
0
4.9879e-07
2.75274e-07
0
0
0
0
0
0
1.71896e-08
1.92253e-07
3.18308e-07
0
4.15226e-07
3.53414e-07
1.79799e-07
5.05166e-09
0
0
0
0
0
0
0
0
0
0
0
9.50286e-08
1.9849e-07
0
1.21922e-06
7.90646e-07
2.51181e-07
0
0
0
0
0
0
0
0
0
0
0
0
1.11707e-07
1.91631e-07
0
5.90122e-07
1.07896e-06
6.63452e-07
2.80595e-07
1.5298e-07
0
0
0
0
0
1.87754e-08
1.21618e-07
1.31177e-07
7.6344e-08
2.66636e-08
4.70719e-08
1.29334e-07
0
0
0
0
1.43247e-07
2.34903e-07
0
0
0
0
0
2.34215e-07
3.83376e-07
3.99425e-07
3.09831e-07
1.77714e-07
7.92704e-08
4.28751e-08
0
0
6.5785e-08
1.77088e-07
1.29438e-07
3.65414e-08
0
0
0
0
0
6.76006e-08
1.76326e-07
2.29846e-07
2.42843e-07
2.25152e-07
1.80886e-07
1.28329e-07
5.08022e-07
6.15879e-07
2.4752e-07
0
0
0
0
0
0
0
0
0
0
0
0
0
0
0
8.75255e-07
1.37919e-06
0
0
0
0
0
0
0
0
0
0
0
0
0
0
0
0
3.69312e-07
3.01137e-07
0
0
0
0
0
0
0
0
0
0
0
0
0
0
0
0
0
0
0
0
0
0
0
0
0
0
0
0
0
0
0
0
0
1.37085e-08
0
0
0
0
0
0
0
0
0
0
0
0
0
0
0
0
0
0
0
0
0
2.55261e-08
0
0
0
0
0
0
0
0
0
0
0
0
0
0
0
0
0
0
0
0
0
0
0
0
0
0
0
0
0
0
0
0
6.91452e-09
0
0
0
0
0
0
0
0
0
0
0
0
0
0
0
0
0
1.01595e-08
0
0
0
0
0
0
0
0
0
0
0
0
0
0
0
0
0
7.64959e-08
0
0
0
0
0
0
0
0
0
0
0
0
0
0
0
0
0
1.77176e-08
8.70755e-09
0
0
0
0
0
0
0
0
0
0
0
0
0
0
0
0
0
2.35471e-07
7.48499e-07
2.05199e-06
5.59498e-06
1.08417e-05
1.59248e-05
1.96881e-05
2.26098e-05
1.98451e-05
1.20635e-05
3.95281e-06
9.85613e-07
2.16438e-07
5.67298e-09
0
0
3.84605e-09
3.20875e-08
5.1545e-08
6.15197e-08
6.31583e-08
5.77257e-08
5.09006e-08
4.06158e-08
3.15258e-08
2.30654e-08
1.54109e-08
1.00919e-08
5.6487e-09
2.37164e-09
0
0
0
0
0
0
0
0
0
0
0
0
0
0
0
0
0
0
0
0
0
0
0
0
0
0
0
0
0
0
0
0
0
0
0
0
0
0
0
0
0
0
0
0
0
0
0
0
0
0
0
0
0
0
0
0
0
0
0
0
0
0
0
0
0
0
0
0
0
0
0
0
0
0
0
0
0
0
0
0
0
0
0
0
0
0
0
0
0
0
0
0
0
0
0
0
0
0
0
0
0
0
0
0
0
0
0
0
0
0
0
0
0
0
0
0
0
0
0
0
0
0
0
0
0
0
0
0
0
0
0
9.62151e-09
5.37621e-08
1.36806e-08
0
0
0
0
0
0
0
0
0
0
0
0
0
0
3.41678e-07
1.52957e-06
2.89036e-06
3.82732e-06
4.09473e-06
3.86861e-06
3.42334e-06
2.82072e-06
2.13342e-06
1.57673e-06
1.30197e-06
1.08309e-06
7.1115e-07
3.88895e-07
1.77768e-07
5.82048e-08
5.51201e-09
0
8.54691e-09
2.33856e-08
3.36852e-08
3.88006e-08
4.01931e-08
3.86253e-08
3.64341e-08
3.32776e-08
2.96048e-08
2.53701e-08
2.07856e-08
1.57191e-08
1.04395e-08
4.87883e-09
0
0
0
0
0
0
0
0
0
0
0
0
0
0
0
0
0
0
0
0
0
0
0
0
0
0
0
0
0
0
0
0
0
5.05303e-09
0
0
0
0
0
0
0
0
0
0
0
0
0
0
0
0
0
0
0
0
0
0
0
0
0
0
0
0
0
0
0
0
0
0
0
0
0
0
0
0
0
0
0
0
0
0
0
0
0
0
0
0
0
0
0
0
0
0
0
0
0
0
0
0
0
0
0
0
0
0
0
0
0
0
0
0
0
0
0
0
0
0
0
0
0
0
0
0
0
0
0
0
0
0
0
0
0
0
3.89094e-09
3.58866e-08
0
0
0
0
0
0
0
0
0
0
0
1.16798e-07
2.8443e-07
4.64241e-07
6.23692e-07
7.4085e-07
7.98116e-07
7.45474e-07
5.70733e-07
3.76281e-07
2.95021e-07
3.25371e-07
3.25253e-07
2.10597e-07
1.6919e-07
1.95391e-07
1.85781e-07
1.1884e-07
5.68895e-08
2.06886e-08
2.70944e-09
0
4.13261e-09
1.62194e-08
3.0476e-08
4.37733e-08
5.39304e-08
5.99568e-08
6.17278e-08
6.01179e-08
5.5101e-08
4.76143e-08
3.85069e-08
2.86136e-08
1.86475e-08
8.88172e-09
0
0
0
0
0
0
0
0
0
0
0
0
0
0
0
0
0
0
0
0
0
0
0
0
0
0
0
0
0
0
1.05264e-08
2.06698e-08
2.49287e-08
2.07293e-08
1.06349e-08
0
0
0
0
0
0
0
0
0
0
0
0
0
0
0
0
0
0
0
0
0
0
0
0
0
0
0
0
0
0
0
0
0
0
0
0
0
0
0
0
0
0
0
0
0
0
0
0
0
0
0
0
0
0
0
0
0
0
0
0
0
0
0
0
0
0
0
0
0
0
0
0
0
0
0
0
0
0
0
0
0
0
0
0
0
0
0
0
0
0
0
0
0
0
0
0
0
0
0
0
0
0
1.63506e-09
3.60835e-08
7.7483e-08
1.28144e-07
1.91131e-07
2.70012e-07
3.65792e-07
4.73175e-07
5.83636e-07
6.92712e-07
7.89501e-07
8.56634e-07
8.84597e-07
8.88105e-07
8.19506e-07
6.9023e-07
4.97378e-07
3.28834e-07
2.34381e-07
1.8062e-07
1.12224e-07
6.25092e-08
5.1204e-08
2.1508e-08
0
0
0
0
0
0
0
0
0
0
0
0
0
1.00632e-07
2.56784e-07
4.91812e-07
8.56999e-07
1.40166e-06
8.90768e-07
0
0
0
0
0
0
0
0
0
0
0
0
0
3.16418e-08
1.1588e-07
1.81787e-07
2.18535e-07
2.30332e-07
2.1976e-07
1.99656e-07
1.74109e-07
1.53984e-07
1.37217e-07
1.23268e-07
1.14294e-07
1.0449e-07
9.47985e-08
8.44273e-08
7.35982e-08
6.27451e-08
5.35854e-08
4.69211e-08
4.00699e-08
3.1233e-08
2.21628e-08
1.43935e-08
7.89325e-09
2.49028e-09
0
0
0
0
0
0
0
0
0
0
0
0
0
0
0
0
0
0
0
0
0
0
0
0
0
0
0
0
0
0
0
0
0
0
0
0
0
0
0
0
0
0
0
0
0
0
0
0
0
0
0
0
0
0
0
0
0
0
0
0
0
0
0
0
0
0
0
0
0
1.82302e-16
5.65254e-16
7.3386e-16
8.33842e-16
8.45305e-16
8.96198e-16
8.7097e-16
9.59393e-16
9.17042e-16
1.08095e-15
9.9372e-16
1.27288e-15
1.09741e-15
1.56524e-15
1.30528e-15
1.85405e-15
2.22524e-15
1.54986e-15
6.91574e-15
0
5.83708e-14
0
5.92627e-13
0
0
0
0
0
0
0
0
0
0
6.25425e-09
7.64121e-08
1.56296e-07
2.47594e-07
3.51843e-07
4.68217e-07
5.89734e-07
6.98458e-07
7.84759e-07
8.41009e-07
8.58761e-07
8.35374e-07
7.67657e-07
6.51682e-07
5.16644e-07
3.87575e-07
2.69142e-07
1.3591e-07
0
0
0
0
0
0
0
0
0
0
0
5.54308e-08
1.41285e-07
2.28815e-07
3.28486e-07
4.54707e-07
6.27052e-07
8.90613e-07
1.31415e-06
2.03789e-06
2.93852e-06
0
0
0
0
0
0
0
0
0
0
0
0
0
0
0
0
0
0
5.94233e-08
1.53871e-07
1.91701e-07
1.89638e-07
1.73456e-07
1.52921e-07
1.34536e-07
1.23459e-07
1.12622e-07
1.01577e-07
8.96463e-08
7.74203e-08
6.67902e-08
5.93939e-08
5.36685e-08
4.62922e-08
3.77455e-08
2.94453e-08
2.1641e-08
1.40916e-08
6.79856e-09
3.17207e-11
0
0
0
0
0
0
0
0
0
0
0
0
0
0
0
0
0
0
0
0
0
0
0
0
0
0
0
0
0
0
0
0
0
0
0
0
0
0
0
0
0
0
0
0
0
0
0
0
0
3.80157e-12
8.18707e-12
9.27878e-12
8.7171e-12
7.46592e-12
6.04131e-12
4.70187e-12
3.55714e-12
2.63644e-12
1.92666e-12
1.3956e-12
1.0059e-12
7.23084e-13
5.18829e-13
3.71737e-13
2.66075e-13
1.90573e-13
1.36838e-13
9.8804e-14
7.18023e-14
5.26148e-14
3.87441e-14
2.86759e-14
2.11451e-14
1.55047e-14
1.11379e-14
7.71291e-15
5.04088e-15
2.65503e-15
1.03054e-15
0
0
0
0
0
0
0
6.68815e-15
0
3.74471e-13
0
2.20023e-12
0
0
0
0
0
0
0
0
0
0
0
0
0
0
0
0
2.76213e-08
1.02023e-07
1.69822e-07
2.1847e-07
2.40363e-07
2.2312e-07
1.64385e-07
7.16039e-08
0
0
0
0
0
0
0
0
0
0
0
1.04182e-07
2.00823e-07
2.72035e-07
3.12975e-07
3.25606e-07
3.2551e-07
3.34612e-07
3.73152e-07
4.60779e-07
6.28513e-07
9.14536e-07
1.33822e-06
1.78948e-06
1.38502e-06
0
0
0
0
0
0
0
0
0
0
0
0
0
0
0
0
0
0
0
0
0
9.41985e-08
1.50193e-07
1.59214e-07
1.48971e-07
1.34533e-07
1.21756e-07
1.06925e-07
9.13838e-08
7.64456e-08
6.56224e-08
5.92679e-08
5.31204e-08
4.56932e-08
3.8961e-08
3.32169e-08
2.77167e-08
2.19075e-08
1.55785e-08
8.75119e-09
1.67416e-09
0
0
0
0
0
0
0
0
0
0
0
0
0
0
0
0
0
0
0
0
0
0
0
0
0
0
0
0
0
0
0
0
0
0
0
0
0
0
0
0
0
0
0
0
0
0
0
0
0
0
0
0
0
0
0
0
0
0
0
0
0
0
0
0
0
0
5.58316e-15
3.19748e-14
3.49745e-14
2.94775e-14
2.10814e-14
1.27813e-14
4.40079e-15
0
0
0
0
0
0
0
0
4.99801e-14
7.9e-14
6.3038e-13
1.06926e-12
6.43021e-12
4.78216e-12
3.50445e-11
0
2.35085e-11
0
0
0
0
0
0
0
0
0
0
0
0
0
0
0
0
0
0
0
0
0
0
0
0
0
0
0
0
0
0
0
0
2.25283e-08
1.40801e-07
2.30064e-07
2.72585e-07
2.74176e-07
2.4985e-07
2.1354e-07
1.74186e-07
1.35677e-07
1.02318e-07
8.50324e-08
9.79107e-08
1.55749e-07
2.62818e-07
3.92121e-07
4.69418e-07
4.00363e-07
2.03164e-07
7.81561e-08
1.20161e-07
2.16748e-07
2.66356e-07
2.49331e-07
1.5946e-07
2.25803e-08
0
0
0
0
0
0
0
0
0
0
0
0
0
0
0
7.27165e-08
1.32354e-07
1.42968e-07
1.34556e-07
1.15923e-07
9.44789e-08
7.58427e-08
6.34521e-08
5.51988e-08
4.64932e-08
3.80309e-08
3.20208e-08
2.7976e-08
2.48087e-08
2.18549e-08
1.8594e-08
1.45681e-08
9.40454e-09
3.08759e-09
0
0
0
0
0
0
0
0
0
0
0
0
0
0
0
0
0
0
0
0
0
0
0
0
0
0
0
0
0
0
0
0
0
0
0
0
0
0
0
0
0
0
0
0
0
0
0
0
0
0
0
0
0
0
0
0
0
0
0
0
0
0
0
0
0
0
0
0
0
0
0
0
0
0
0
4.13938e-14
2.28582e-13
4.32357e-13
8.92535e-13
1.48244e-12
2.88757e-12
4.2048e-12
7.6491e-12
8.92591e-12
1.6982e-11
1.0952e-11
2.06328e-11
0
0
0
0
0
0
0
0
0
0
0
0
0
0
0
0
0
0
0
0
0
0
0
0
0
0
0
0
0
0
0
0
0
5.66994e-08
1.34657e-07
1.81522e-07
2.00341e-07
1.9546e-07
1.58481e-07
7.82065e-08
0
0
0
0
0
0
0
3.32197e-08
3.87857e-07
6.45503e-07
5.30471e-07
3.17832e-08
0
0
1.70264e-07
4.76432e-07
6.81619e-07
7.08607e-07
6.89081e-07
6.35337e-07
5.28062e-07
4.04892e-07
1.98274e-07
0
0
0
0
0
0
0
0
0
0
0
0
0
1.09773e-07
1.41599e-07
1.29266e-07
1.02976e-07
8.00626e-08
6.44093e-08
5.27261e-08
4.23946e-08
3.39554e-08
2.7908e-08
2.37318e-08
2.08285e-08
1.85083e-08
1.62784e-08
1.40419e-08
1.17124e-08
8.80701e-09
4.49241e-09
0
0
0
0
0
0
0
0
0
0
0
0
0
0
0
0
0
0
0
0
0
0
0
0
0
0
0
0
0
0
0
0
0
0
0
0
0
0
0
0
0
0
0
0
0
0
0
0
0
0
0
0
0
0
0
0
0
0
0
0
0
0
0
0
0
0
0
0
0
0
0
0
0
0
0
1.14634e-13
2.66882e-13
5.7027e-13
9.74356e-13
1.84404e-12
2.68718e-12
4.55596e-12
5.15472e-12
8.73145e-12
4.53413e-12
4.49493e-12
0
0
0
0
0
0
0
0
0
0
0
0
0
0
0
0
0
0
0
0
0
0
0
0
0
0
0
0
0
0
0
0
4.43959e-08
9.56397e-08
1.23911e-07
1.36714e-07
1.26086e-07
6.31524e-08
0
0
0
0
0
0
0
0
2.62414e-07
1.17655e-06
2.39908e-06
3.24707e-06
1.64595e-06
0
0
0
0
0
4.09715e-07
6.42717e-07
6.1432e-07
4.86506e-07
3.02175e-07
1.93769e-07
1.73441e-07
2.08262e-07
2.01038e-07
5.62553e-08
0
0
0
0
0
0
0
0
0
0
0
9.36982e-08
1.28279e-07
1.10808e-07
8.50045e-08
6.45389e-08
5.01882e-08
4.02881e-08
3.31046e-08
2.72019e-08
2.24512e-08
1.91094e-08
1.69524e-08
1.5152e-08
1.28812e-08
1.01018e-08
7.45203e-09
5.3642e-09
3.21229e-09
0
0
0
0
0
0
0
0
0
0
0
0
0
0
0
0
0
0
0
0
0
0
0
0
0
0
0
0
0
0
0
0
0
0
0
0
0
0
0
0
0
0
0
0
0
0
0
0
0
0
0
0
0
0
0
0
0
0
0
0
0
0
0
0
0
0
0
0
0
0
0
0
0
0
2.13443e-14
1.17086e-13
2.7793e-13
4.86264e-13
9.11346e-13
1.29901e-12
2.13074e-12
2.09175e-12
2.69379e-12
3.40704e-13
0
0
0
0
0
0
0
0
0
0
0
0
0
0
0
0
0
0
0
0
0
0
0
0
0
0
0
0
0
0
0
0
2.0536e-08
4.67251e-08
6.02844e-08
6.8879e-08
5.4947e-08
0
0
0
0
0
0
0
0
0
7.59754e-07
2.30589e-06
5.02449e-06
9.48993e-06
1.5382e-05
8.90214e-06
0
0
0
0
0
3.23151e-07
1.05399e-06
1.19323e-06
1.00612e-06
6.52799e-07
3.17234e-07
9.90561e-08
2.95098e-08
4.23073e-08
6.43747e-08
7.17226e-08
0
0
0
0
0
0
0
0
0
0
0
6.56482e-08
9.89491e-08
8.25589e-08
6.05792e-08
4.59189e-08
3.83379e-08
3.41847e-08
3.0163e-08
2.49868e-08
1.98827e-08
1.64788e-08
1.49186e-08
1.39406e-08
1.20503e-08
8.90358e-09
5.38056e-09
2.62492e-09
1.02766e-09
0
0
0
0
0
0
0
0
0
0
0
0
0
0
0
0
0
0
0
0
0
0
0
0
0
0
0
0
0
0
0
0
0
0
0
0
0
0
0
0
0
0
0
0
0
0
0
0
0
0
0
0
0
0
0
0
0
0
0
0
0
0
0
0
0
0
0
0
0
0
0
0
0
0
1.44685e-14
8.83124e-14
1.64052e-13
3.0743e-13
4.05065e-13
5.75751e-13
3.95615e-13
7.30367e-14
0
0
0
0
0
0
0
0
0
0
0
0
0
0
0
0
0
0
0
0
0
0
0
0
0
0
0
0
0
0
0
0
5.56861e-09
1.7618e-08
1.83366e-08
2.09653e-08
1.72693e-08
0
0
0
0
0
0
0
0
2.79686e-08
7.7864e-07
2.23957e-06
4.92711e-06
9.18086e-06
1.50742e-05
1.87648e-05
0
0
0
0
0
0
0
0
7.52378e-07
9.76376e-07
8.57532e-07
5.89731e-07
3.10589e-07
1.27329e-07
6.83465e-08
2.92707e-08
0
0
0
0
0
0
0
0
0
0
0
0
0
5.15158e-08
6.63549e-08
5.06968e-08
3.81324e-08
3.26493e-08
3.17371e-08
3.15713e-08
2.89257e-08
2.35574e-08
1.78991e-08
1.43846e-08
1.32209e-08
1.29034e-08
1.15397e-08
8.5385e-09
4.73021e-09
1.24952e-09
0
0
0
0
0
0
0
0
0
0
0
0
0
0
0
0
0
0
0
0
0
0
0
0
0
0
0
0
0
0
0
0
0
0
0
0
0
0
0
0
0
0
0
0
0
0
0
0
0
0
0
0
0
0
0
0
0
0
0
0
0
0
0
0
0
0
0
0
0
0
0
0
0
0
0
0
4.04052e-15
2.22768e-14
9.39862e-15
0
0
0
0
0
0
0
0
2.18748e-11
0
0
0
0
0
0
0
0
0
0
0
0
0
0
0
0
0
0
0
0
0
0
0
0
0
0
1.30813e-09
0
0
0
0
0
0
0
0
0
0
0
0
1.77806e-07
8.28206e-07
2.08026e-06
3.88317e-06
5.74252e-06
5.82341e-06
5.14883e-07
0
0
0
0
0
0
0
0
0
3.27287e-07
4.46786e-07
3.8799e-07
2.28181e-07
2.86772e-08
0
3.94822e-08
3.99521e-08
0
0
0
0
0
0
0
0
0
0
0
0
2.71828e-08
5.49056e-08
4.62651e-08
3.43338e-08
2.80367e-08
2.64389e-08
2.7672e-08
2.87154e-08
2.63886e-08
2.10181e-08
1.57867e-08
1.31176e-08
1.26252e-08
1.25389e-08
1.12215e-08
8.41192e-09
4.89858e-09
1.29183e-09
0
0
0
0
0
0
0
0
0
0
0
0
0
0
0
0
0
0
0
0
0
0
0
0
0
0
0
0
0
0
0
0
0
0
0
0
0
0
0
0
0
0
0
0
0
0
0
0
0
0
0
0
0
0
0
0
0
0
0
0
0
0
0
0
0
0
0
0
0
0
0
0
0
0
0
0
0
0
0
0
0
0
0
0
0
0
4.50306e-09
1.76558e-09
0
0
0
0
0
0
0
0
0
0
0
0
0
0
0
0
0
0
2.5578e-09
9.77434e-09
1.38748e-08
1.3324e-08
6.8182e-09
0
0
0
0
0
0
5.23531e-09
0
0
0
0
0
0
0
0
0
0
5.60866e-08
0
0
0
0
0
0
0
0
0
0
0
0
0
0
1.30827e-07
1.54323e-07
1.27615e-07
0
0
0
1.84456e-08
0
0
0
0
0
3.19942e-07
5.54372e-07
2.22182e-07
0
0
0
0
7.45087e-08
8.4474e-08
6.40588e-08
4.35611e-08
3.10009e-08
2.39327e-08
2.11816e-08
2.19904e-08
2.34993e-08
2.19837e-08
1.76169e-08
1.37766e-08
1.23925e-08
1.24632e-08
1.22684e-08
1.07326e-08
8.12571e-09
5.18642e-09
1.86053e-09
0
0
0
0
0
0
0
0
0
0
0
0
0
0
0
0
0
0
0
0
0
0
0
0
0
0
0
0
0
0
0
0
0
0
0
0
0
0
0
0
0
0
0
0
0
0
0
0
0
0
0
0
0
0
0
0
0
0
0
0
0
0
0
0
0
0
0
0
0
0
0
0
0
0
0
0
0
0
0
0
0
0
0
0
0
5.1477e-08
1.38972e-08
3.55143e-09
0
0
0
0
0
0
0
0
0
0
2.16792e-09
8.8624e-09
1.47414e-08
2.16879e-08
3.07914e-08
4.27877e-08
5.77776e-08
7.44031e-08
8.88719e-08
9.5803e-08
8.74539e-08
5.94777e-08
1.65502e-08
0
0
0
0
0
4.38994e-08
7.05113e-08
7.97032e-08
8.24772e-08
8.51395e-08
8.82064e-08
7.87064e-08
1.29833e-08
0
0
0
0
0
0
0
0
0
0
0
0
0
0
0
0
0
0
1.08004e-09
0
1.84722e-08
1.51773e-08
0
0
0
1.10635e-07
0
0
0
0
0
7.78912e-08
1.11145e-07
7.25917e-08
4.45797e-08
9.35291e-08
1.76813e-07
1.68125e-07
1.26144e-07
8.32173e-08
5.16698e-08
3.2737e-08
2.19756e-08
1.56646e-08
1.34576e-08
1.50112e-08
1.73851e-08
1.70359e-08
1.42222e-08
1.1967e-08
1.14803e-08
1.17358e-08
1.13649e-08
9.76825e-09
7.66874e-09
5.60462e-09
2.77131e-09
0
0
0
0
0
0
0
0
0
0
0
0
0
0
0
0
0
0
0
0
0
0
0
0
0
0
0
0
0
0
0
0
0
0
0
0
0
0
0
0
0
0
0
0
0
0
0
0
0
0
0
0
0
0
0
0
0
0
0
0
0
0
0
0
0
0
0
0
0
0
0
0
0
0
0
0
0
0
0
0
0
0
0
0
1.33136e-07
6.27223e-09
9.20656e-09
1.12611e-08
2.00203e-09
0
0
0
0
8.58972e-09
2.16209e-08
3.79968e-08
5.43797e-08
6.75166e-08
7.62953e-08
8.21721e-08
8.84676e-08
9.79455e-08
1.11837e-07
1.29413e-07
1.51807e-07
1.75379e-07
1.94449e-07
1.96874e-07
1.67289e-07
9.80571e-08
3.00205e-10
0
0
0
0
2.25246e-08
1.48519e-07
2.42037e-07
3.0048e-07
3.39264e-07
3.74394e-07
3.96682e-07
3.49377e-07
1.40979e-07
0
0
0
0
0
0
0
0
0
0
0
5.82975e-07
1.43022e-06
1.04543e-06
4.783e-07
1.16616e-07
0
0
0
0
3.64417e-09
0
0
0
1.64575e-07
1.33659e-07
0
0
0
0
0
0
4.6605e-10
9.12658e-08
3.11994e-07
3.67868e-07
1.80142e-07
9.12725e-08
4.86039e-08
2.85583e-08
1.88425e-08
1.45517e-08
1.16826e-08
9.12714e-09
8.42868e-09
1.03003e-08
1.26701e-08
1.28918e-08
1.1392e-08
1.03616e-08
1.04212e-08
1.07623e-08
1.00405e-08
8.26413e-09
6.93825e-09
6.31394e-09
4.1246e-09
0
0
0
0
1.26547e-09
1.52823e-09
0
0
0
0
0
0
0
0
0
0
0
0
0
0
0
0
0
0
0
0
0
0
0
0
0
0
0
0
0
0
0
0
0
0
0
0
0
0
0
0
0
0
0
0
0
0
0
0
0
0
0
0
0
0
0
0
0
0
0
0
0
0
0
0
0
0
0
0
0
0
0
0
0
0
0
0
0
0
1.40836e-08
8.59822e-08
7.97843e-08
4.33539e-08
0
0
0
1.68815e-08
3.55592e-08
5.86573e-08
8.29049e-08
1.07711e-07
1.2881e-07
1.43433e-07
1.5225e-07
1.58428e-07
1.67714e-07
1.82066e-07
2.04329e-07
2.30403e-07
2.58693e-07
2.88662e-07
3.08773e-07
3.00402e-07
2.42688e-07
1.27258e-07
0
0
0
0
0
3.06257e-08
2.66815e-07
4.73353e-07
6.12192e-07
7.01811e-07
7.38558e-07
7.20409e-07
5.68175e-07
1.78998e-07
0
0
0
0
0
0
0
0
0
1.20589e-05
1.08178e-05
6.48979e-06
3.16218e-06
1.22281e-06
2.99054e-07
0
0
0
0
0
2.29916e-08
0
0
1.06297e-07
1.91801e-07
0
0
0
0
0
0
0
1.33669e-07
3.08472e-07
1.34019e-07
6.15951e-08
3.23239e-08
1.48052e-08
6.30265e-09
4.35604e-09
7.23484e-09
1.09111e-08
1.14423e-08
9.78142e-09
9.14588e-09
1.01446e-08
1.1084e-08
1.07577e-08
1.01768e-08
1.04311e-08
1.11485e-08
1.07783e-08
8.46664e-09
6.04565e-09
5.87476e-09
7.01734e-09
4.68587e-09
0
0
0
0
4.35522e-09
6.46561e-09
0
0
0
0
0
0
0
0
0
0
0
0
0
0
0
0
0
0
0
0
0
0
0
0
0
0
0
0
0
0
0
0
0
0
0
0
0
0
0
0
0
0
0
0
0
0
0
0
0
0
0
0
0
0
0
0
0
0
0
0
0
0
0
0
0
0
0
0
0
0
0
0
0
0
0
0
1.27648e-06
7.86873e-07
6.54739e-07
4.24298e-07
2.09336e-07
7.10917e-08
0
0
2.61026e-08
5.02275e-08
7.07962e-08
9.89612e-08
1.30838e-07
1.56722e-07
1.75869e-07
1.88097e-07
1.95796e-07
2.0366e-07
2.15501e-07
2.34124e-07
2.58117e-07
2.88387e-07
3.19987e-07
3.47447e-07
3.62347e-07
3.45625e-07
2.77976e-07
1.52748e-07
0
0
0
0
0
0
2.78715e-07
5.75743e-07
8.19319e-07
9.80229e-07
1.01023e-06
9.54257e-07
7.05948e-07
1.89745e-07
0
0
0
0
0
0
0
1.38089e-05
1.83108e-05
1.03857e-05
5.08902e-06
2.16454e-06
7.18675e-07
9.37624e-08
0
0
0
0
1.1424e-08
7.15098e-08
4.49951e-09
0
0
1.27952e-07
6.9107e-08
0
0
0
0
0
0
1.44732e-07
8.8977e-08
6.27382e-08
5.48185e-08
3.97285e-08
2.4046e-08
1.45445e-08
1.07899e-08
1.05117e-08
1.28331e-08
1.5089e-08
1.45417e-08
1.26394e-08
1.16828e-08
1.12518e-08
1.03163e-08
9.49397e-09
9.6748e-09
1.05679e-08
1.0814e-08
8.62685e-09
4.9502e-09
2.76388e-09
3.49212e-09
5.02637e-09
1.30701e-09
0
0
0
0
5.65993e-09
6.14616e-09
0
0
0
0
0
0
0
0
0
0
0
0
0
0
0
0
0
0
0
0
0
0
0
0
0
0
0
0
0
0
0
0
0
0
0
0
0
0
0
0
0
0
0
0
0
0
0
0
0
0
0
0
0
0
0
0
0
0
0
0
0
0
0
0
0
0
0
0
0
0
0
0
0
0
0
3.45937e-06
2.7638e-06
1.49122e-06
8.26825e-07
4.8879e-07
1.93984e-07
5.09199e-08
0
0
4.41336e-08
6.22639e-08
7.98029e-08
1.06351e-07
1.44512e-07
1.7003e-07
1.86268e-07
1.96582e-07
2.05205e-07
2.1309e-07
2.26193e-07
2.43488e-07
2.66043e-07
2.92168e-07
3.20918e-07
3.4689e-07
3.59927e-07
3.46357e-07
2.88263e-07
1.86565e-07
4.49016e-08
0
0
0
0
0
1.4642e-07
4.39373e-07
7.15451e-07
9.66363e-07
1.0547e-06
1.06752e-06
8.3038e-07
4.16265e-07
0
0
0
0
0
0
3.16569e-06
4.792e-06
3.54383e-06
1.85376e-06
6.84494e-07
1.19219e-07
0
0
0
0
0
7.12374e-08
1.12695e-07
4.85376e-09
0
0
0
9.74561e-08
1.99239e-07
7.59868e-07
1.0294e-06
7.29533e-07
8.5077e-07
3.22015e-07
1.62075e-07
1.14133e-07
9.47136e-08
8.36666e-08
7.26032e-08
6.18343e-08
5.27751e-08
4.41092e-08
3.47539e-08
2.67411e-08
2.23266e-08
2.01073e-08
1.7753e-08
1.58032e-08
1.46898e-08
1.3448e-08
1.17897e-08
1.06211e-08
1.00152e-08
9.97303e-09
8.78292e-09
5.35679e-09
2.18242e-09
7.5206e-10
6.58394e-10
9.69723e-10
0
0
0
0
0
6.3113e-09
4.33739e-09
0
0
0
0
0
0
0
0
0
0
0
0
0
0
0
0
0
0
0
0
0
0
0
0
0
0
0
0
0
0
0
0
0
0
0
0
0
0
0
0
0
0
0
0
0
0
0
0
0
0
0
0
0
0
0
0
0
0
0
0
0
0
0
0
0
0
0
0
0
0
0
0
0
0
1.19404e-06
2.35414e-06
2.08209e-06
1.15342e-06
8.56843e-07
7.17113e-07
4.36383e-07
2.23529e-07
1.28238e-07
2.91256e-08
3.69227e-08
6.32372e-08
7.73291e-08
9.66469e-08
1.2795e-07
1.52294e-07
1.6645e-07
1.76657e-07
1.83506e-07
1.91642e-07
2.01161e-07
2.15944e-07
2.32109e-07
2.52531e-07
2.7429e-07
2.93249e-07
3.01796e-07
2.9501e-07
2.56943e-07
1.88824e-07
9.27346e-08
0
0
0
0
0
0
1.58116e-07
3.84776e-07
5.75445e-07
7.63031e-07
7.91013e-07
7.57615e-07
5.48831e-07
2.6884e-07
0
0
0
1.70569e-07
6.76477e-07
9.13231e-07
7.07904e-07
3.02558e-07
2.79219e-08
0
0
0
2.2255e-08
2.72355e-08
5.67102e-08
1.45697e-07
1.336e-07
0
0
0
0
9.05025e-08
6.08154e-07
9.82317e-07
7.70324e-07
6.60764e-07
8.17766e-07
3.78791e-07
2.12583e-07
1.58901e-07
1.37922e-07
1.28059e-07
1.18122e-07
1.0445e-07
8.85401e-08
7.15304e-08
5.4838e-08
4.07497e-08
3.09127e-08
2.5391e-08
2.23814e-08
2.03116e-08
1.92957e-08
1.88198e-08
1.79991e-08
1.62653e-08
1.35749e-08
1.09667e-08
9.4576e-09
6.82554e-09
3.59806e-09
2.11686e-09
1.8277e-10
0
0
0
0
0
0
4.46839e-09
7.31937e-09
2.91966e-09
0
0
0
0
0
0
0
0
0
0
0
0
0
0
0
0
0
0
0
0
0
0
0
0
0
0
0
0
0
0
0
0
0
0
0
0
0
0
0
0
0
0
0
0
0
0
0
0
0
0
0
0
0
0
0
0
0
0
0
0
0
0
0
0
0
0
0
0
0
0
0
0
0
2.3998e-07
8.33991e-07
1.7359e-06
4.86132e-07
3.04382e-07
3.35166e-07
9.82836e-08
0
0
0
0
3.53926e-08
5.18489e-08
5.97735e-08
7.17352e-08
9.27174e-08
1.12329e-07
1.23638e-07
1.31461e-07
1.36819e-07
1.42558e-07
1.49513e-07
1.56892e-07
1.69674e-07
1.82573e-07
1.96474e-07
2.07297e-07
2.12986e-07
2.06003e-07
1.85212e-07
1.46282e-07
8.88263e-08
1.73436e-08
0
0
0
0
0
0
5.37339e-08
1.71266e-07
2.80191e-07
3.65726e-07
3.81451e-07
3.34187e-07
2.45774e-07
1.46839e-07
6.70818e-08
4.13442e-08
4.70227e-08
3.3354e-08
0
0
0
0
1.1014e-08
6.47641e-08
1.03729e-07
1.02445e-07
1.3763e-07
2.08164e-07
1.62843e-07
0
0
0
0
1.91465e-08
1.98058e-07
3.13049e-07
3.44669e-07
4.15035e-07
5.80807e-07
3.82055e-07
2.33624e-07
1.71774e-07
1.39314e-07
1.23138e-07
1.09701e-07
9.24887e-08
7.28381e-08
5.63665e-08
4.53075e-08
3.86216e-08
3.34653e-08
2.84086e-08
2.47134e-08
2.26411e-08
2.19022e-08
2.24562e-08
2.35561e-08
2.39705e-08
2.14385e-08
1.64445e-08
1.24864e-08
9.6755e-09
6.28988e-09
4.51311e-09
3.46909e-09
0
0
0
0
0
0
3.5048e-09
8.74932e-09
8.11331e-09
1.75313e-09
0
0
0
0
0
0
0
0
0
0
0
0
0
0
0
0
0
0
0
0
0
0
0
0
0
0
0
0
0
0
0
0
0
0
0
0
0
0
0
0
0
0
0
0
0
0
0
0
0
0
0
0
0
0
0
0
0
0
0
0
0
0
0
0
0
0
0
0
0
0
0
0
0
1.38022e-07
3.7415e-07
0
0
0
0
0
0
0
0
1.50179e-08
2.76775e-08
3.5095e-08
3.9714e-08
4.66069e-08
5.8833e-08
6.99607e-08
7.97349e-08
8.42041e-08
8.72126e-08
8.95507e-08
8.73285e-08
8.76911e-08
8.83902e-08
9.30293e-08
9.79695e-08
1.0236e-07
1.02891e-07
9.80106e-08
8.70281e-08
6.79046e-08
3.9098e-08
3.22686e-10
0
0
0
0
0
0
0
0
0
2.76681e-08
3.6752e-08
1.41532e-08
0
0
0
0
0
0
0
6.75152e-10
7.08106e-08
1.22872e-07
1.72409e-07
1.92147e-07
1.76634e-07
2.14087e-07
2.69051e-07
2.26943e-07
9.4457e-09
0
0
0
0
3.29658e-09
4.45691e-08
9.33148e-08
1.66001e-07
3.88202e-07
3.73181e-07
2.39094e-07
1.67335e-07
1.23775e-07
1.00867e-07
8.61191e-08
7.12562e-08
5.56984e-08
4.38874e-08
3.8179e-08
3.69015e-08
3.6796e-08
3.43136e-08
2.92085e-08
2.53881e-08
2.37854e-08
2.43239e-08
2.66881e-08
2.97936e-08
3.02069e-08
2.5099e-08
1.85427e-08
1.41214e-08
1.03843e-08
7.44763e-09
6.65657e-09
2.97665e-09
0
0
0
0
0
3.21034e-09
9.32901e-09
1.16339e-08
8.02637e-09
0
0
0
0
0
0
0
0
0
0
0
0
0
0
0
0
0
0
0
0
0
0
0
0
0
0
0
0
0
0
0
0
0
0
0
0
0
0
0
0
0
0
0
0
0
0
0
0
0
0
0
0
0
0
0
0
0
0
0
0
0
0
0
0
0
0
0
0
0
0
0
0
0
0
0
0
0
0
0
0
0
0
0
3.44569e-10
7.70031e-09
1.18381e-08
1.40889e-08
1.53097e-08
1.69737e-08
1.93694e-08
2.31651e-08
2.49819e-08
2.56809e-08
2.564e-08
2.29268e-08
1.97035e-08
1.59484e-08
1.26462e-08
1.0138e-08
7.65025e-09
4.18071e-09
0
0
0
0
0
0
0
0
0
0
0
0
0
0
0
0
0
0
0
0
0
0
0
4.46945e-08
1.37116e-07
2.08742e-07
2.5067e-07
2.70262e-07
2.55579e-07
2.36445e-07
2.89178e-07
3.34022e-07
3.05317e-07
1.15159e-07
0
9.74379e-08
4.9628e-08
4.71994e-09
0
0
1.22835e-08
8.45425e-08
4.84285e-07
3.76862e-07
2.51411e-07
1.84401e-07
1.42203e-07
1.20384e-07
1.05725e-07
9.03233e-08
7.43856e-08
6.11952e-08
5.27835e-08
4.86947e-08
4.72038e-08
4.5126e-08
3.95609e-08
3.29431e-08
2.87103e-08
2.7568e-08
2.94852e-08
3.38639e-08
3.74459e-08
3.44031e-08
2.65959e-08
2.00062e-08
1.54183e-08
1.14539e-08
9.4797e-09
7.07789e-09
1.47743e-10
0
0
0
0
3.61605e-09
9.44553e-09
1.32132e-08
1.25893e-08
5.69852e-09
0
0
0
0
0
0
0
0
0
0
0
0
0
0
0
0
0
0
0
0
0
0
0
0
0
0
0
0
0
0
0
0
0
0
0
0
0
0
0
0
0
0
0
0
0
0
0
0
0
0
0
0
0
0
0
0
0
0
0
0
0
0
0
0
0
0
0
0
0
0
0
0
0
0
0
0
0
0
0
0
0
0
0
0
0
0
0
0
0
0
0
0
0
0
0
0
0
0
0
0
0
0
0
0
0
0
0
0
0
0
0
0
0
0
0
0
0
0
0
0
0
0
6.6939e-08
1.47685e-07
2.2611e-07
2.83739e-07
3.15673e-07
3.1535e-07
2.82595e-07
2.86731e-07
3.56897e-07
3.95268e-07
4.23983e-07
5.50439e-07
5.56967e-07
3.65624e-07
1.56489e-07
3.14672e-08
0
0
7.20429e-09
2.40931e-07
4.72403e-07
3.26715e-07
2.40022e-07
1.77169e-07
1.40079e-07
1.23024e-07
1.12037e-07
1.01835e-07
9.13639e-08
8.02757e-08
7.06826e-08
6.40436e-08
6.04779e-08
5.78122e-08
5.20777e-08
4.36335e-08
3.6515e-08
3.29437e-08
3.33646e-08
3.76661e-08
4.30899e-08
4.25484e-08
3.50914e-08
2.6895e-08
2.10422e-08
1.64648e-08
1.30033e-08
1.04801e-08
5.27625e-09
0
0
0
0
4.98851e-09
9.52849e-09
1.29722e-08
1.45852e-08
1.05994e-08
0
0
0
0
0
0
0
0
0
0
0
0
0
0
0
0
0
0
0
0
0
0
0
0
0
0
0
0
0
0
0
0
0
0
0
0
0
0
0
0
0
0
0
0
0
0
0
0
0
0
0
0
0
0
0
0
0
0
0
0
0
0
0
0
0
0
0
0
0
0
0
0
0
1.47505e-07
2.94917e-07
0
0
0
0
0
0
0
0
0
0
0
0
0
0
0
0
0
0
0
0
0
0
0
0
0
0
0
0
0
0
0
0
0
0
0
0
0
0
0
0
0
0
0
0
0
6.4991e-09
5.61222e-08
1.13909e-07
1.74615e-07
2.30329e-07
2.78426e-07
3.10041e-07
3.04776e-07
2.6898e-07
3.22341e-07
3.99636e-07
4.7148e-07
7.15262e-07
7.11879e-07
5.40955e-07
4.48423e-07
2.6512e-07
8.41503e-08
1.68872e-08
1.05784e-08
1.17212e-07
3.94452e-07
3.09837e-07
2.46446e-07
1.90531e-07
1.50471e-07
1.29524e-07
1.20897e-07
1.14679e-07
1.04591e-07
9.35035e-08
8.47711e-08
7.72843e-08
7.17878e-08
6.93267e-08
6.83402e-08
6.40712e-08
5.48098e-08
4.50587e-08
3.88592e-08
3.74456e-08
4.10221e-08
4.74263e-08
4.92661e-08
4.27559e-08
3.37307e-08
2.69131e-08
2.20544e-08
1.76289e-08
1.39223e-08
9.76092e-09
5.85837e-09
3.79782e-09
2.8199e-09
3.58936e-09
7.85714e-09
1.01385e-08
1.13661e-08
1.37449e-08
1.29471e-08
3.12373e-09
0
0
0
0
0
0
0
0
0
0
0
0
0
0
0
0
0
0
0
0
0
0
0
0
0
0
0
0
0
0
0
0
0
0
0
0
0
0
0
0
0
0
0
0
0
0
0
0
0
0
0
0
0
0
0
0
0
0
0
0
0
0
0
0
0
0
0
0
0
0
0
1.79122e-07
2.99759e-07
1.99053e-07
0
0
0
0
0
0
0
0
0
0
0
0
0
0
0
0
0
0
0
0
0
0
0
0
0
0
0
0
0
0
0
0
0
0
0
0
0
0
0
0
0
0
0
0
6.03385e-09
3.75342e-08
7.33451e-08
1.12493e-07
1.52177e-07
1.95684e-07
2.44285e-07
2.6934e-07
2.40588e-07
2.30291e-07
3.4346e-07
4.43027e-07
6.37046e-07
6.70183e-07
4.84299e-07
4.6592e-07
4.47831e-07
3.08965e-07
1.37154e-07
8.54168e-08
1.87269e-07
3.8116e-07
2.94361e-07
2.47681e-07
2.05204e-07
1.69066e-07
1.41092e-07
1.33509e-07
1.31756e-07
1.27815e-07
1.16713e-07
1.00537e-07
8.74218e-08
7.8647e-08
7.37981e-08
7.29939e-08
7.4977e-08
7.43534e-08
6.65133e-08
5.47766e-08
4.56373e-08
4.1772e-08
4.39087e-08
5.07558e-08
5.48767e-08
4.95098e-08
4.00471e-08
3.25907e-08
2.76341e-08
2.29846e-08
1.79743e-08
1.377e-08
1.21676e-08
1.2399e-08
1.18549e-08
1.11928e-08
1.28063e-08
1.20267e-08
9.22518e-09
1.05505e-08
1.21282e-08
6.09268e-09
0
0
0
0
0
0
0
0
0
0
0
0
0
0
0
0
0
0
0
0
0
0
0
0
0
0
0
0
0
0
0
0
0
0
0
0
0
0
0
0
0
0
0
0
0
0
0
0
0
0
0
0
0
0
0
0
0
0
0
0
0
0
0
0
0
0
0
0
0
0
0
2.65108e-08
4.22916e-08
3.78327e-09
0
0
0
0
0
0
0
0
0
0
0
0
0
0
0
0
0
0
0
0
0
0
0
0
0
0
0
0
0
0
0
0
0
0
0
0
0
0
0
0
0
0
0
0
1.88583e-08
3.6853e-08
5.17521e-08
6.77198e-08
9.53794e-08
1.51504e-07
2.18613e-07
1.99726e-07
1.39092e-07
2.49275e-07
3.66082e-07
4.76347e-07
4.74329e-07
3.63724e-07
3.82559e-07
4.17868e-07
4.04539e-07
2.67983e-07
2.00717e-07
2.683e-07
2.94775e-07
2.93943e-07
2.6763e-07
2.31638e-07
1.83135e-07
1.44874e-07
1.39252e-07
1.43072e-07
1.43833e-07
1.40307e-07
1.2968e-07
1.11559e-07
9.49677e-08
8.25827e-08
7.5578e-08
7.43706e-08
7.76421e-08
7.996e-08
7.53369e-08
6.43039e-08
5.30272e-08
4.65708e-08
4.64718e-08
5.2557e-08
5.84742e-08
5.47321e-08
4.51441e-08
3.73339e-08
3.23521e-08
2.79882e-08
2.22682e-08
1.73639e-08
1.71721e-08
2.02207e-08
2.13785e-08
2.01841e-08
1.94067e-08
1.55741e-08
7.55382e-09
5.98963e-09
8.45402e-09
6.14714e-09
0
0
0
0
0
0
0
0
0
0
0
0
0
0
0
0
0
0
0
0
0
0
0
0
0
0
0
0
0
0
0
0
0
0
0
0
0
0
0
0
0
0
0
0
0
0
0
0
0
0
0
0
0
0
0
0
0
0
0
0
0
0
0
0
0
0
0
0
0
0
0
2.83046e-09
2.96525e-08
2.043e-08
0
0
0
0
0
0
0
0
0
0
0
0
0
0
0
0
0
0
0
0
0
0
0
0
0
0
0
0
0
0
0
0
0
0
0
0
0
0
0
0
1.34855e-08
3.51189e-08
4.17474e-08
4.03846e-08
2.93796e-08
7.69769e-09
0
0
7.97848e-08
1.03007e-07
7.05875e-08
4.41574e-08
5.25601e-08
1.12658e-07
1.81533e-07
2.04196e-07
2.03404e-07
2.54112e-07
3.1064e-07
3.5743e-07
3.17091e-07
2.68996e-07
2.54881e-07
2.12848e-07
1.83818e-07
1.90774e-07
1.82661e-07
1.52542e-07
1.33683e-07
1.3727e-07
1.47167e-07
1.50557e-07
1.48356e-07
1.42056e-07
1.28521e-07
1.11016e-07
9.47453e-08
8.18683e-08
7.43101e-08
7.28565e-08
7.62836e-08
8.02127e-08
7.81392e-08
6.93489e-08
5.79829e-08
4.98328e-08
4.76704e-08
5.20874e-08
5.84726e-08
5.62951e-08
4.70442e-08
3.93399e-08
3.46745e-08
3.09757e-08
2.53536e-08
1.98365e-08
2.00699e-08
2.49743e-08
2.82126e-08
2.75809e-08
2.52453e-08
1.94875e-08
6.87901e-09
1.26069e-09
2.93899e-09
2.42226e-09
0
0
0
0
0
0
0
0
0
0
0
0
0
0
0
0
0
0
0
0
0
0
0
0
0
0
0
0
0
0
0
0
0
0
0
0
0
0
0
0
0
0
0
0
0
0
0
0
0
0
0
0
0
0
0
0
0
0
0
0
0
0
0
0
0
0
0
0
0
0
0
0
1.28943e-08
2.01358e-08
1.52898e-08
2.9917e-09
0
0
0
0
0
0
0
0
0
0
0
0
0
0
0
0
0
0
0
0
0
0
0
0
0
0
0
0
0
0
0
0
0
0
0
0
0
1.49444e-08
3.22219e-08
5.33887e-08
4.53004e-08
0
0
0
2.59153e-08
7.58589e-08
5.97859e-08
4.04807e-08
2.9214e-08
2.25571e-08
2.65724e-08
4.44904e-08
6.25984e-08
8.05641e-08
1.3137e-07
1.91366e-07
2.47876e-07
2.623e-07
2.87141e-07
2.52107e-07
2.16923e-07
1.71433e-07
1.38935e-07
1.27748e-07
1.24425e-07
1.28439e-07
1.38844e-07
1.5112e-07
1.55384e-07
1.53206e-07
1.47993e-07
1.38094e-07
1.21049e-07
1.03827e-07
8.91838e-08
7.84563e-08
7.25583e-08
7.17104e-08
7.51338e-08
7.98367e-08
7.98093e-08
7.31207e-08
6.27595e-08
5.37055e-08
4.97986e-08
5.20925e-08
5.78309e-08
5.68623e-08
4.80378e-08
4.04255e-08
3.59709e-08
3.26397e-08
2.75017e-08
2.20082e-08
2.24322e-08
2.83667e-08
3.33647e-08
3.39501e-08
3.0803e-08
2.38445e-08
8.04332e-09
0
0
0
0
0
0
0
0
0
0
0
0
0
0
0
0
0
0
0
0
0
0
0
0
0
0
0
0
0
0
0
0
0
0
0
0
0
0
0
0
0
0
0
0
0
0
0
0
0
0
0
0
0
0
0
0
0
0
0
0
0
0
0
0
0
0
0
0
0
0
0
0
0
1.22662e-09
1.48511e-10
1.15683e-09
3.44258e-09
5.09159e-09
3.79818e-09
2.36724e-10
0
0
0
0
0
0
0
0
0
0
0
0
0
0
0
0
0
0
0
0
0
0
0
0
0
0
0
0
0
0
0
0
0
0
0
0
0
7.33043e-08
3.2293e-08
0
0
0
1.95904e-09
3.63067e-08
3.70021e-08
2.72837e-08
1.98308e-08
1.54841e-08
1.24184e-08
1.36189e-08
1.95027e-08
2.70135e-08
4.89837e-08
8.70018e-08
1.32133e-07
1.67681e-07
2.34673e-07
2.61296e-07
2.17422e-07
1.82511e-07
1.43603e-07
1.17705e-07
1.12499e-07
1.26044e-07
1.39106e-07
1.48339e-07
1.5122e-07
1.47811e-07
1.42488e-07
1.35506e-07
1.23019e-07
1.0671e-07
9.24195e-08
8.15043e-08
7.44786e-08
7.1063e-08
7.0733e-08
7.31725e-08
7.72073e-08
7.82386e-08
7.37101e-08
6.55161e-08
5.66206e-08
5.11355e-08
5.08539e-08
5.46812e-08
5.42728e-08
4.60961e-08
3.87408e-08
3.46025e-08
3.15863e-08
2.72878e-08
2.27879e-08
2.37323e-08
3.01099e-08
3.59043e-08
3.74078e-08
3.42857e-08
2.71899e-08
1.12633e-08
0
0
0
0
0
0
0
0
0
0
0
0
0
0
0
0
0
0
0
0
0
0
0
0
0
0
0
0
0
0
0
0
0
0
0
0
0
0
0
0
0
0
0
0
0
0
0
0
0
0
0
0
0
0
0
0
0
0
0
0
0
0
0
0
0
0
0
0
0
0
0
0
0
1.82199e-09
0
0
0
0
0
0
9.14796e-10
7.55632e-10
0
0
0
0
0
0
0
0
0
0
0
0
0
0
0
0
0
0
0
0
0
0
0
0
0
0
0
0
0
0
0
0
0
8.576e-08
1.34906e-07
6.02657e-09
0
0
0
0
1.08164e-08
1.13226e-08
7.73334e-09
4.5435e-09
3.76814e-09
3.81057e-09
3.26353e-09
3.70639e-09
5.66809e-09
1.07342e-08
2.45758e-08
5.04507e-08
8.57894e-08
1.70708e-07
2.67187e-07
2.06877e-07
1.80294e-07
1.47851e-07
1.22009e-07
1.10449e-07
1.17053e-07
1.2788e-07
1.35267e-07
1.38809e-07
1.35083e-07
1.29403e-07
1.23912e-07
1.16933e-07
1.04767e-07
9.14403e-08
8.23182e-08
7.67648e-08
7.37456e-08
7.25401e-08
7.24202e-08
7.35901e-08
7.58257e-08
7.66386e-08
7.33163e-08
6.69267e-08
5.95344e-08
5.36103e-08
5.11818e-08
5.23278e-08
5.1246e-08
4.33013e-08
3.59873e-08
3.20272e-08
2.93453e-08
2.59596e-08
2.27653e-08
2.47738e-08
3.15686e-08
3.75199e-08
3.94047e-08
3.63908e-08
2.95231e-08
1.58505e-08
0
0
0
0
0
0
0
0
0
0
0
0
0
0
0
0
0
0
0
0
0
0
0
0
0
0
0
0
0
0
0
0
0
0
0
0
0
0
1.42556e-12
2.3846e-12
2.8585e-12
2.97527e-12
2.84258e-12
2.5626e-12
2.16688e-12
1.70552e-12
1.22735e-12
7.24704e-13
2.01825e-13
0
0
0
0
0
0
0
0
0
0
0
0
0
0
0
0
0
0
0
0
0
0
0
0
2.56891e-09
0
0
0
0
0
0
2.24411e-09
3.16959e-09
2.70292e-09
1.10665e-09
0
0
0
0
0
0
0
0
0
0
0
0
0
0
5.5331e-09
1.6475e-08
1.89892e-08
0
0
0
0
0
0
0
0
0
0
0
0
0
7.81417e-07
4.32264e-07
9.18266e-08
0
1.54134e-08
6.43397e-08
7.17489e-08
5.81033e-08
3.8234e-08
2.00879e-08
8.47262e-09
3.63719e-09
4.45009e-09
6.49413e-09
6.47292e-09
4.98965e-09
3.59853e-09
5.18323e-09
1.55128e-08
4.11811e-08
1.25168e-07
2.46616e-07
1.92447e-07
1.65597e-07
1.39683e-07
1.18944e-07
1.08075e-07
1.09612e-07
1.1539e-07
1.20543e-07
1.24278e-07
1.21142e-07
1.13883e-07
1.08044e-07
1.03752e-07
9.86749e-08
9.01541e-08
8.1223e-08
7.60879e-08
7.42434e-08
7.41764e-08
7.46332e-08
7.43672e-08
7.42546e-08
7.48896e-08
7.49309e-08
7.21145e-08
6.68606e-08
6.10783e-08
5.58348e-08
5.22598e-08
5.09442e-08
4.83714e-08
4.01602e-08
3.25224e-08
2.85105e-08
2.57696e-08
2.30115e-08
2.11485e-08
2.45982e-08
3.21999e-08
3.80952e-08
4.00157e-08
3.71045e-08
3.0453e-08
1.97484e-08
1.4961e-10
0
0
0
0
0
0
0
0
0
0
0
0
0
0
0
0
0
0
0
0
0
0
0
0
0
0
0
0
0
0
0
0
0
2.00288e-12
6.00912e-12
8.57584e-12
1.0003e-11
1.05654e-11
1.05095e-11
1.00286e-11
9.26246e-12
8.32457e-12
7.3096e-12
6.2557e-12
5.20105e-12
4.17908e-12
3.18634e-12
2.228e-12
1.30264e-12
3.89819e-13
0
0
0
0
0
0
0
0
0
0
0
0
0
0
0
0
0
0
0
0
0
0
3.9343e-09
2.11703e-09
0
0
0
4.2517e-11
1.71068e-09
2.23954e-09
1.11914e-09
1.89829e-10
0
2.97002e-10
1.59298e-09
1.59053e-09
0
0
0
0
0
0
0
0
0
0
1.78298e-11
7.13664e-09
1.04112e-08
1.06024e-08
6.45964e-09
0
0
0
0
0
0
0
0
0
0
0
1.40043e-08
4.04827e-07
2.42789e-07
8.12023e-08
7.75807e-08
1.1031e-07
1.33328e-07
1.32387e-07
1.15566e-07
8.32136e-08
5.30126e-08
3.3096e-08
2.58793e-08
2.87105e-08
3.43914e-08
3.41704e-08
2.57988e-08
1.43847e-08
1.01444e-08
2.87735e-08
1.20608e-07
1.89088e-07
1.613e-07
1.41632e-07
1.23593e-07
1.08381e-07
1.00688e-07
1.02807e-07
1.06202e-07
1.08424e-07
1.09729e-07
1.07152e-07
1.00772e-07
9.5054e-08
9.24584e-08
9.06005e-08
8.76187e-08
8.18241e-08
7.6433e-08
7.42324e-08
7.42417e-08
7.49003e-08
7.52435e-08
7.42689e-08
7.30565e-08
7.2535e-08
7.19474e-08
6.97704e-08
6.60483e-08
6.16012e-08
5.69745e-08
5.28643e-08
4.97225e-08
4.54841e-08
3.67497e-08
2.86571e-08
2.44379e-08
2.13292e-08
1.86512e-08
1.7908e-08
2.26889e-08
3.16404e-08
3.76922e-08
3.94835e-08
3.6706e-08
3.02347e-08
2.19017e-08
6.93286e-09
0
0
0
0
0
0
0
0
0
0
0
0
0
0
0
0
0
0
0
0
0
0
0
0
0
0
0
0
0
0
0
7.03837e-12
1.37804e-11
1.8314e-11
2.10071e-11
2.22224e-11
2.23227e-11
2.16236e-11
2.03713e-11
1.87663e-11
1.69635e-11
1.50722e-11
1.31794e-11
1.13365e-11
9.57798e-12
7.92668e-12
6.38138e-12
4.93655e-12
3.57887e-12
2.28312e-12
1.02202e-12
0
0
0
0
0
0
0
0
0
0
0
0
0
0
0
0
0
0
0
0
0
6.18687e-09
9.16178e-09
1.01942e-08
9.90583e-09
7.4043e-09
3.56983e-09
0
0
0
0
0
0
2.62483e-10
0
0
0
0
0
0
0
0
0
0
0
1.81839e-09
2.19653e-09
0
0
4.90186e-10
3.81013e-09
0
0
0
0
0
0
0
0
0
0
0
2.04092e-08
3.43234e-08
5.8223e-08
9.35007e-08
1.18419e-07
1.31296e-07
1.2417e-07
9.36572e-08
7.26933e-08
6.71318e-08
8.43051e-08
1.25576e-07
1.83695e-07
2.53209e-07
3.11654e-07
3.31604e-07
2.99832e-07
2.66344e-07
2.32117e-07
1.90522e-07
1.51665e-07
1.2978e-07
1.12274e-07
9.64023e-08
9.07713e-08
9.40468e-08
9.6826e-08
9.67403e-08
9.45439e-08
9.09356e-08
8.69724e-08
8.39446e-08
8.39857e-08
8.49614e-08
8.46363e-08
8.25018e-08
7.78989e-08
7.43055e-08
7.35747e-08
7.41544e-08
7.45606e-08
7.35995e-08
7.16004e-08
6.94165e-08
6.7683e-08
6.66235e-08
6.51756e-08
6.29328e-08
6.02624e-08
5.66997e-08
5.24853e-08
4.81283e-08
4.247e-08
3.3243e-08
2.46795e-08
2.02096e-08
1.65849e-08
1.34978e-08
1.36275e-08
1.92342e-08
2.96003e-08
3.63719e-08
3.80292e-08
3.5459e-08
2.93001e-08
2.24831e-08
1.30075e-08
0
0
0
0
0
0
0
0
0
0
0
0
0
0
0
0
0
0
0
0
0
0
0
0
0
0
0
0
0
9.30622e-12
2.03417e-11
2.82917e-11
3.35615e-11
3.65761e-11
3.77503e-11
3.74918e-11
3.61786e-11
3.41224e-11
3.15707e-11
2.8737e-11
2.57879e-11
2.28376e-11
1.99786e-11
1.72714e-11
1.47436e-11
1.24082e-11
1.02594e-11
8.28192e-12
6.45833e-12
4.75958e-12
3.14662e-12
1.57171e-12
0
0
0
0
0
0
0
0
0
0
0
0
0
0
0
0
0
0
0
0
1.1538e-08
1.1149e-08
8.40721e-09
3.87036e-09
0
0
0
5.43014e-09
8.18709e-09
6.37922e-09
1.75715e-09
0
0
0
0
0
0
0
0
0
0
0
1.30634e-09
5.42423e-09
2.52991e-09
0
0
0
0
0
0
0
0
0
0
0
0
0
0
0
0
0
0
3.25981e-08
6.81516e-08
9.46775e-08
1.01461e-07
9.01012e-08
8.13218e-08
9.23355e-08
1.11922e-07
9.31985e-08
8.98946e-08
1.24658e-07
1.78371e-07
2.29433e-07
2.83438e-07
3.34638e-07
3.16735e-07
2.42808e-07
1.80344e-07
1.37726e-07
1.06962e-07
8.82491e-08
8.4738e-08
8.70734e-08
8.77787e-08
8.60364e-08
8.14442e-08
7.73477e-08
7.49612e-08
7.45994e-08
7.64319e-08
7.94737e-08
8.07614e-08
8.04167e-08
7.82228e-08
7.4137e-08
7.1358e-08
7.11462e-08
7.18405e-08
7.14962e-08
6.99534e-08
6.72757e-08
6.41533e-08
6.17684e-08
6.03713e-08
5.92504e-08
5.79259e-08
5.63547e-08
5.40487e-08
5.03108e-08
4.55922e-08
3.93118e-08
3.00599e-08
2.12167e-08
1.64875e-08
1.24096e-08
8.36545e-09
9.0082e-09
1.50833e-08
2.60678e-08
3.40879e-08
3.57981e-08
3.34437e-08
2.7852e-08
2.21023e-08
1.67615e-08
6.48843e-09
0
0
0
0
0
0
0
0
0
0
0
0
0
0
0
0
0
0
0
0
0
0
0
0
0
0
4.44415e-12
2.15572e-11
3.46593e-11
4.41065e-11
5.03329e-11
5.38194e-11
5.5067e-11
5.45592e-11
5.27328e-11
4.99602e-11
4.65495e-11
4.27571e-11
3.8795e-11
3.48195e-11
3.0934e-11
2.72142e-11
2.37077e-11
2.0439e-11
1.74222e-11
1.46605e-11
1.2144e-11
9.85392e-12
7.75935e-12
5.81616e-12
3.97019e-12
2.14015e-12
2.07574e-13
0
0
0
0
0
0
0
0
0
0
0
0
0
0
0
0
0
0
8.64606e-09
1.01101e-08
1.05883e-08
1.08148e-08
1.17068e-08
1.59282e-08
2.17916e-08
2.41336e-08
2.13586e-08
1.50235e-08
7.45013e-09
4.64722e-10
0
0
0
0
0
0
0
0
0
0
0
1.38686e-08
0
0
0
0
0
0
0
0
0
0
0
0
0
0
0
0
0
0
0
1.6532e-08
4.4333e-08
6.30751e-08
7.56434e-08
1.04543e-07
1.33648e-07
9.43852e-08
6.71861e-08
5.70825e-08
5.68712e-08
6.48428e-08
7.94108e-08
9.63504e-08
1.17187e-07
1.36052e-07
1.41386e-07
1.31607e-07
1.1127e-07
9.26826e-08
8.33387e-08
8.18833e-08
8.13992e-08
7.96687e-08
7.64305e-08
7.10766e-08
6.69092e-08
6.44996e-08
6.4408e-08
6.64269e-08
6.94553e-08
7.14491e-08
7.2146e-08
7.19983e-08
7.02186e-08
6.72254e-08
6.52457e-08
6.54573e-08
6.60869e-08
6.57944e-08
6.43399e-08
6.15421e-08
5.84046e-08
5.56879e-08
5.37322e-08
5.25614e-08
5.17979e-08
5.09191e-08
4.92562e-08
4.6061e-08
4.15159e-08
3.54851e-08
2.70912e-08
1.85004e-08
1.3691e-08
9.56817e-09
4.33505e-09
4.87391e-09
1.14205e-08
2.18089e-08
3.09376e-08
3.30275e-08
3.07149e-08
2.58842e-08
2.11494e-08
1.83591e-08
1.36545e-08
4.6072e-09
0
0
0
0
0
0
0
0
0
0
0
0
0
0
0
0
0
0
0
0
0
0
0
0
1.26937e-11
3.28019e-11
4.83252e-11
5.98223e-11
6.75571e-11
7.19531e-11
7.3568e-11
7.29844e-11
7.07324e-11
6.72651e-11
6.29677e-11
5.81644e-11
5.31151e-11
4.8021e-11
4.30321e-11
3.82499e-11
3.37414e-11
2.95454e-11
2.56738e-11
2.21304e-11
1.89094e-11
1.59934e-11
1.33609e-11
1.09811e-11
8.81497e-12
6.81335e-12
4.90969e-12
3.01045e-12
1.00385e-12
0
0
0
0
0
0
0
0
0
0
0
0
0
0
0
0
0
5.85248e-09
6.16967e-09
4.90021e-09
2.36728e-09
0
4.15863e-09
1.58516e-08
2.53241e-08
2.78132e-08
2.40879e-08
1.67356e-08
8.35698e-09
5.90805e-10
0
0
0
0
0
0
0
0
0
0
0
0
0
0
0
0
0
0
0
0
0
0
0
0
0
0
0
0
0
0
0
5.61131e-09
1.91768e-08
6.1806e-08
7.51935e-08
6.10034e-08
4.86019e-08
4.22188e-08
4.01849e-08
4.00603e-08
3.99179e-08
4.01111e-08
4.34507e-08
5.35258e-08
6.67081e-08
7.17889e-08
6.74036e-08
6.27931e-08
6.3618e-08
6.69516e-08
6.84321e-08
6.78264e-08
6.52721e-08
6.0947e-08
5.74499e-08
5.56999e-08
5.54231e-08
5.64706e-08
5.82943e-08
5.96062e-08
6.03059e-08
6.07306e-08
6.05066e-08
5.93745e-08
5.76693e-08
5.65019e-08
5.7234e-08
5.80521e-08
5.82027e-08
5.72843e-08
5.50546e-08
5.23616e-08
4.94966e-08
4.68382e-08
4.5227e-08
4.46993e-08
4.4361e-08
4.33874e-08
4.08531e-08
3.66292e-08
3.1273e-08
2.43692e-08
1.67144e-08
1.19711e-08
8.38501e-09
2.42433e-09
1.96559e-09
9.00927e-09
1.80877e-08
2.73512e-08
3.01484e-08
2.76588e-08
2.34917e-08
1.98281e-08
1.85352e-08
1.75207e-08
1.26692e-08
6.42392e-09
1.04501e-09
0
0
0
0
0
0
0
0
0
0
0
0
0
0
0
0
0
0
0
0
0
2.08272e-11
4.35702e-11
5.95883e-11
7.19219e-11
8.07411e-11
8.61207e-11
8.84485e-11
8.82818e-11
8.61911e-11
8.26766e-11
7.81509e-11
7.29498e-11
6.73439e-11
6.15481e-11
5.57384e-11
5.00578e-11
4.46106e-11
3.94694e-11
3.46842e-11
3.02839e-11
2.62757e-11
2.2654e-11
1.94028e-11
1.65022e-11
1.39241e-11
1.16367e-11
9.60154e-12
7.78118e-12
6.13582e-12
4.70308e-12
3.9447e-12
0
0
0
0
0
0
0
0
0
0
0
0
0
0
0
0
2.13568e-08
2.73925e-08
2.23314e-08
7.77701e-09
0
0
0
1.74472e-09
5.40635e-09
5.06047e-09
2.11031e-09
0
0
0
0
0
0
0
0
0
0
0
0
0
0
2.24622e-09
0
0
0
0
0
0
0
0
0
0
0
0
0
0
0
0
0
0
0
1.31925e-08
3.32898e-08
3.32838e-08
3.10649e-08
3.11642e-08
3.24808e-08
3.4501e-08
3.60688e-08
3.55294e-08
3.39484e-08
3.42262e-08
3.72005e-08
4.06145e-08
4.10555e-08
3.98972e-08
4.20754e-08
4.71438e-08
5.13902e-08
5.33793e-08
5.29717e-08
5.05073e-08
4.81307e-08
4.76348e-08
4.83627e-08
4.94218e-08
5.04212e-08
5.08885e-08
5.12638e-08
5.15724e-08
5.13656e-08
5.05785e-08
4.97552e-08
4.85433e-08
4.81758e-08
4.94007e-08
5.0298e-08
5.08069e-08
5.03481e-08
4.87563e-08
4.66808e-08
4.39582e-08
4.06159e-08
3.82658e-08
3.762e-08
3.75011e-08
3.68952e-08
3.50382e-08
3.1679e-08
2.74178e-08
2.23561e-08
1.6296e-08
1.17654e-08
8.9317e-09
3.38422e-09
1.29599e-09
8.32905e-09
1.61349e-08
2.42444e-08
2.77116e-08
2.50433e-08
2.1056e-08
1.8466e-08
1.82615e-08
1.90429e-08
1.73554e-08
1.2956e-08
1.01556e-08
0
0
0
0
0
0
0
0
0
0
0
0
0
0
0
0
0
0
0
0
3.41448e-11
6.52701e-11
7.7289e-11
8.53728e-11
9.24487e-11
9.75845e-11
1.00095e-10
9.99834e-11
9.76713e-11
9.37136e-11
8.86414e-11
8.28916e-11
7.67928e-11
7.05781e-11
6.44098e-11
5.84021e-11
5.26362e-11
4.7165e-11
4.20234e-11
3.7235e-11
3.28144e-11
2.8767e-11
2.50948e-11
2.17908e-11
1.88468e-11
1.6245e-11
1.3972e-11
1.20073e-11
1.03478e-11
8.99285e-12
7.97285e-12
6.59313e-12
0
0
0
0
0
0
0
0
0
0
0
0
0
0
0
0
5.15498e-08
4.70327e-08
3.80432e-08
2.93439e-08
2.18884e-08
1.71265e-08
1.51621e-08
1.42541e-08
1.17762e-08
6.37726e-09
0
0
0
0
0
0
0
0
0
0
0
0
0
0
0
0
0
0
0
0
0
0
0
0
0
0
0
0
0
0
0
0
0
0
5.71572e-09
1.65277e-08
2.03167e-08
2.25368e-08
2.52699e-08
2.76656e-08
2.89596e-08
2.92227e-08
2.8765e-08
2.77733e-08
2.69965e-08
2.72942e-08
2.84498e-08
3.03677e-08
3.3607e-08
3.74536e-08
4.12406e-08
4.40936e-08
4.53998e-08
4.5075e-08
4.36609e-08
4.26342e-08
4.35688e-08
4.53855e-08
4.66995e-08
4.72239e-08
4.6908e-08
4.65952e-08
4.66536e-08
4.66823e-08
4.59987e-08
4.49189e-08
4.36662e-08
4.25777e-08
4.29857e-08
4.45746e-08
4.56185e-08
4.64046e-08
4.64304e-08
4.5115e-08
4.29511e-08
3.99019e-08
3.58349e-08
3.26799e-08
3.17348e-08
3.16292e-08
3.14542e-08
3.04722e-08
2.81867e-08
2.51918e-08
2.19068e-08
1.76896e-08
1.36207e-08
1.12277e-08
7.08761e-09
3.7713e-09
9.75891e-09
1.65928e-08
2.27559e-08
2.63033e-08
2.35397e-08
1.90146e-08
1.71592e-08
1.81387e-08
1.9798e-08
1.92014e-08
1.59515e-08
1.34585e-08
1.19453e-08
0
0
0
0
0
0
0
0
0
0
0
0
0
0
0
0
0
0
4.95255e-11
1.17116e-10
1.2606e-10
1.18857e-10
1.12627e-10
1.10562e-10
1.10152e-10
1.09042e-10
1.0634e-10
1.02018e-10
9.64159e-11
8.99612e-11
8.3048e-11
7.59952e-11
6.90425e-11
6.23583e-11
5.60507e-11
5.01804e-11
4.4769e-11
3.98138e-11
3.53005e-11
3.12122e-11
2.75241e-11
2.42149e-11
2.12614e-11
1.86491e-11
1.63561e-11
1.43762e-11
1.26968e-11
1.13332e-11
1.02693e-11
9.38148e-12
6.99341e-12
2.31268e-13
0
0
0
0
0
0
0
0
0
0
0
0
0
0
0
3.93238e-08
3.88293e-08
3.50104e-08
3.00046e-08
2.3481e-08
1.63302e-08
1.02401e-08
6.79617e-09
5.88965e-09
5.53291e-09
3.51123e-09
0
0
0
0
0
0
0
0
0
0
0
0
0
0
0
0
0
0
0
0
0
0
0
0
0
0
0
0
0
1.38465e-09
3.32943e-09
5.01593e-09
6.96236e-09
8.77453e-09
1.19341e-08
1.56105e-08
1.85933e-08
2.06169e-08
2.18745e-08
2.26697e-08
2.33323e-08
2.38218e-08
2.35806e-08
2.24539e-08
2.16257e-08
2.28143e-08
2.63624e-08
3.07215e-08
3.43244e-08
3.6914e-08
3.77275e-08
3.66649e-08
3.46403e-08
3.3577e-08
3.47067e-08
3.71722e-08
3.91506e-08
3.99258e-08
3.94285e-08
3.8292e-08
3.75376e-08
3.75466e-08
3.75688e-08
3.70589e-08
3.58299e-08
3.43058e-08
3.32975e-08
3.42066e-08
3.60968e-08
3.74436e-08
3.85748e-08
3.91156e-08
3.82213e-08
3.61715e-08
3.30179e-08
2.86508e-08
2.51218e-08
2.41162e-08
2.39595e-08
2.39281e-08
2.38189e-08
2.29947e-08
2.14832e-08
1.95969e-08
1.68836e-08
1.365e-08
1.16757e-08
9.61962e-09
6.71625e-09
1.05287e-08
1.58599e-08
1.98113e-08
2.29521e-08
2.05434e-08
1.53993e-08
1.39958e-08
1.65577e-08
1.8825e-08
1.75047e-08
1.33222e-08
9.58634e-09
1.11774e-08
7.6589e-09
0
0
0
0
0
0
0
0
0
0
0
0
0
0
0
0
1.58796e-12
1.85121e-10
2.18867e-10
1.96547e-10
1.63202e-10
1.36967e-10
1.21269e-10
1.13262e-10
1.08185e-10
1.03409e-10
9.79761e-11
9.17771e-11
8.50215e-11
7.79863e-11
7.09225e-11
6.40281e-11
5.74471e-11
5.1275e-11
4.55679e-11
4.03491e-11
3.5619e-11
3.13583e-11
2.75415e-11
2.41432e-11
2.11418e-11
1.851e-11
1.62292e-11
1.42692e-11
1.26136e-11
1.12358e-11
1.01453e-11
9.27088e-12
8.43215e-12
6.58792e-12
3.32964e-12
1.41335e-12
5.11479e-13
1.97697e-14
0
0
0
0
0
0
0
0
0
0
0
0
3.41315e-08
4.54883e-08
5.6594e-08
6.471e-08
6.42114e-08
5.11836e-08
2.71102e-08
1.4661e-09
0
0
0
5.71045e-09
4.20737e-09
0
0
0
0
0
0
0
3.40033e-09
3.38937e-09
0
0
0
0
0
0
0
0
0
0
0
0
0
3.64961e-09
7.2616e-09
9.55851e-09
1.13981e-08
1.37747e-08
1.61814e-08
1.67563e-08
1.46908e-08
1.23489e-08
1.16777e-08
1.28567e-08
1.48007e-08
1.7049e-08
1.91217e-08
2.0138e-08
1.9667e-08
1.80906e-08
1.60101e-08
1.3673e-08
1.10858e-08
8.72797e-09
7.67836e-09
8.71233e-09
1.15223e-08
1.50141e-08
1.80215e-08
1.90254e-08
1.76585e-08
1.59172e-08
1.60616e-08
1.80351e-08
2.06175e-08
2.25539e-08
2.29582e-08
2.17013e-08
2.00827e-08
1.97581e-08
2.05845e-08
2.1297e-08
2.10838e-08
1.99079e-08
1.81714e-08
1.69231e-08
1.80282e-08
2.05083e-08
2.255e-08
2.41419e-08
2.52088e-08
2.48796e-08
2.32575e-08
2.03239e-08
1.61639e-08
1.30345e-08
1.26718e-08
1.26652e-08
1.23116e-08
1.28974e-08
1.41909e-08
1.48414e-08
1.40713e-08
1.19324e-08
9.15122e-09
7.40794e-09
6.88458e-09
5.56849e-09
7.19792e-09
1.06552e-08
1.29839e-08
1.59901e-08
1.48083e-08
9.37701e-09
8.03116e-09
1.26126e-08
1.62734e-08
1.36837e-08
7.20028e-09
1.45051e-09
2.64559e-09
1.2266e-08
3.62371e-09
0
0
0
0
0
0
0
0
0
0
0
0
0
0
0
1.70515e-10
3.29463e-10
3.2837e-10
2.72546e-10
2.10952e-10
1.62451e-10
1.30823e-10
1.12671e-10
1.02982e-10
9.65717e-11
9.08199e-11
8.48807e-11
7.86444e-11
7.22309e-11
6.58018e-11
5.95049e-11
5.34608e-11
4.77601e-11
4.24624e-11
3.75974e-11
3.31721e-11
2.91768e-11
2.55971e-11
2.24117e-11
1.96034e-11
1.71459e-11
1.50217e-11
1.32065e-11
1.17033e-11
1.04663e-11
9.49128e-12
8.6592e-12
7.82366e-12
6.38608e-12
4.35767e-12
2.59078e-12
1.55514e-12
8.85568e-13
5.3263e-13
2.59188e-13
1.08633e-13
0
0
0
0
0
0
0
0
0
8.99213e-08
9.03438e-08
9.15089e-08
9.77647e-08
1.02109e-07
9.93088e-08
9.30711e-08
8.85609e-08
7.93209e-08
5.79456e-08
2.73373e-08
0
0
0
0
0
0
0
0
2.35604e-08
3.98571e-08
2.54e-08
0
0
0
0
4.22749e-09
2.66539e-08
2.66101e-08
1.08002e-08
0
0
0
0
1.01891e-08
2.01102e-08
2.62318e-08
2.96894e-08
3.21715e-08
3.37597e-08
3.34181e-08
3.05426e-08
2.60138e-08
2.14097e-08
1.7509e-08
1.4945e-08
1.38706e-08
1.36206e-08
1.29723e-08
1.08603e-08
7.07307e-09
2.4225e-09
0
0
0
0
0
0
0
0
0
0
0
0
0
0
0
0
0
0
0
0
0
0
0
0
0
0
0
0
0
0
1.36581e-09
2.02527e-09
1.48813e-09
0
0
0
0
0
0
0
0
2.54113e-09
3.59496e-09
2.11393e-09
0
0
0
0
0
4.81912e-10
1.69912e-09
4.96979e-09
6.17249e-09
1.79847e-09
0
5.03973e-09
1.10542e-08
8.86516e-09
3.35159e-10
0
0
5.45163e-09
1.91296e-08
1.29098e-09
0
0
0
0
0
0
0
0
0
0
0
0
0
0
3.42371e-10
4.76546e-10
4.39349e-10
3.48879e-10
2.58578e-10
1.87668e-10
1.39365e-10
1.09853e-10
9.27318e-11
8.27869e-11
7.60917e-11
7.04877e-11
6.51657e-11
5.99121e-11
5.47327e-11
4.9697e-11
4.48812e-11
4.03469e-11
3.61357e-11
3.22663e-11
2.87407e-11
2.55476e-11
2.2673e-11
2.00989e-11
1.78141e-11
1.57971e-11
1.40415e-11
1.25247e-11
1.12466e-11
1.01702e-11
9.30145e-12
8.5057e-12
7.70873e-12
6.49673e-12
4.98594e-12
3.45814e-12
2.46061e-12
1.68747e-12
1.33044e-12
1.03672e-12
9.06337e-13
6.99155e-13
5.98301e-13
2.64957e-13
0
0
0
0
0
0
3.14804e-07
2.59202e-07
1.63555e-07
7.16233e-08
4.94488e-09
0
0
2.26882e-08
6.22759e-08
8.40896e-08
7.6291e-08
4.58535e-08
1.33965e-08
0
3.34197e-09
2.81276e-08
6.1469e-08
9.17945e-08
1.09427e-07
1.09343e-07
9.18516e-08
6.0799e-08
2.2372e-08
0
0
0
0
2.56019e-09
8.96346e-09
2.84752e-09
5.78412e-09
2.12705e-08
4.18358e-08
6.01189e-08
7.15331e-08
7.46537e-08
7.09904e-08
6.35869e-08
5.56499e-08
4.89955e-08
4.38577e-08
3.91535e-08
3.37159e-08
2.6966e-08
1.91265e-08
1.11187e-08
3.55747e-09
0
0
0
0
0
0
0
0
0
0
0
0
0
0
0
0
0
0
0
0
0
0
0
0
0
0
0
0
0
0
0
0
0
0
0
0
0
0
0
0
0
0
0
0
0
0
0
0
0
0
0
0
0
0
0
0
0
0
0
0
0
3.7595e-09
5.57151e-09
0
0
0
0
1.73161e-08
2.26256e-08
0
0
0
0
0
0
0
0
0
0
0
0
0
3.58745e-11
5.75414e-10
6.74868e-10
5.88916e-10
4.52707e-10
3.25716e-10
2.27449e-10
1.59485e-10
1.16756e-10
9.21152e-11
7.82928e-11
7.00156e-11
6.42078e-11
5.93274e-11
5.47719e-11
5.03647e-11
4.60905e-11
4.19845e-11
3.80876e-11
3.44331e-11
3.10397e-11
2.79152e-11
2.50572e-11
2.2461e-11
2.01143e-11
1.80091e-11
1.61288e-11
1.44751e-11
1.30277e-11
1.17909e-11
1.07288e-11
9.84862e-12
8.99741e-12
8.19178e-12
7.01492e-12
5.75252e-12
4.41164e-12
3.41291e-12
2.67537e-12
2.41093e-12
2.12223e-12
2.18936e-12
2.11896e-12
2.57193e-12
2.24837e-12
2.42655e-12
9.5229e-13
0
0
0
0
2.27193e-07
2.60006e-07
2.51996e-07
2.04094e-07
1.22998e-07
3.18307e-08
0
0
2.80661e-09
6.89337e-08
1.23954e-07
1.48948e-07
1.47778e-07
1.38952e-07
1.36701e-07
1.41896e-07
1.49691e-07
1.54831e-07
1.54323e-07
1.47096e-07
1.32349e-07
1.11603e-07
8.75309e-08
6.44905e-08
5.14227e-08
4.87427e-08
2.16596e-08
0
0
0
0
1.77346e-08
6.06539e-08
9.64914e-08
1.23746e-07
1.40469e-07
1.45317e-07
1.37989e-07
1.22287e-07
1.03463e-07
8.52408e-08
6.84362e-08
5.30347e-08
3.93359e-08
2.63555e-08
1.42486e-08
2.98673e-09
0
0
0
0
0
0
0
0
0
0
0
0
0
0
0
0
0
0
0
0
0
0
0
0
0
0
0
0
0
0
0
0
0
0
0
0
0
0
0
0
0
0
0
0
0
0
0
0
0
0
0
0
0
0
0
0
0
0
0
0
0
0
1.06599e-09
0
0
0
0
8.09685e-09
2.54891e-08
1.79416e-08
0
0
0
0
0
0
0
0
0
0
0
0
3.28868e-10
8.81441e-10
9.35757e-10
7.86136e-10
5.90417e-10
4.1628e-10
2.83735e-10
1.91977e-10
1.33312e-10
9.88935e-11
8.02543e-11
7.01863e-11
6.39313e-11
5.91381e-11
5.48581e-11
5.07717e-11
4.68036e-11
4.29628e-11
3.92798e-11
3.57867e-11
3.25057e-11
2.94509e-11
2.66274e-11
2.40369e-11
2.1675e-11
1.95428e-11
1.76227e-11
1.59252e-11
1.44204e-11
1.31217e-11
1.19892e-11
1.10203e-11
1.00742e-11
9.20655e-12
7.98227e-12
6.87599e-12
5.5526e-12
4.61108e-12
3.93145e-12
3.77845e-12
3.53272e-12
3.98848e-12
4.19762e-12
5.60614e-12
5.75345e-12
8.45565e-12
5.92957e-12
6.94347e-12
0
0
0
2.1032e-07
2.36957e-07
2.33473e-07
2.02046e-07
1.48605e-07
8.7398e-08
3.58278e-08
4.87129e-09
0
3.46618e-09
2.14879e-08
4.45389e-08
6.93979e-08
9.48069e-08
1.19726e-07
1.42474e-07
1.60751e-07
1.72466e-07
1.77265e-07
1.7762e-07
1.79372e-07
1.91074e-07
2.17764e-07
2.49423e-07
2.59143e-07
2.28047e-07
1.62002e-07
8.62839e-08
3.11932e-08
1.2089e-08
2.39849e-08
5.32538e-08
8.78677e-08
1.20555e-07
1.48186e-07
1.68562e-07
1.78182e-07
1.73857e-07
1.56455e-07
1.33545e-07
1.11754e-07
9.27786e-08
7.59826e-08
5.91124e-08
4.01171e-08
1.89441e-08
0
0
0
0
0
0
0
0
0
0
0
0
0
0
0
0
0
0
0
0
0
0
0
0
0
0
0
0
0
0
0
0
0
0
0
0
0
0
0
0
0
0
0
0
0
0
0
0
0
0
0
0
0
0
0
0
0
0
0
2.31627e-09
0
0
0
0
1.8274e-09
7.73247e-10
0
0
0
1.74273e-08
2.5631e-08
9.10402e-09
0
0
0
0
0
0
0
0
0
0
0
4.0421e-10
1.08968e-09
1.16296e-09
9.79526e-10
7.3602e-10
5.18065e-10
3.51444e-10
2.35535e-10
1.60835e-10
1.16423e-10
9.21152e-11
7.92525e-11
7.18008e-11
6.65277e-11
6.20456e-11
5.78502e-11
5.37908e-11
4.9842e-11
4.60175e-11
4.23422e-11
3.88381e-11
3.55253e-11
3.24175e-11
2.95263e-11
2.68555e-11
2.44125e-11
2.21827e-11
2.01816e-11
1.83756e-11
1.67853e-11
1.53589e-11
1.41064e-11
1.28569e-11
1.17372e-11
1.02455e-11
9.02551e-12
7.51699e-12
6.51078e-12
5.72946e-12
5.71657e-12
5.46509e-12
6.46992e-12
6.97816e-12
9.83062e-12
1.06491e-11
1.73285e-11
1.40936e-11
2.32542e-11
3.88682e-12
6.8483e-13
0
1.88449e-07
2.21198e-07
2.22451e-07
2.04448e-07
1.73113e-07
1.34349e-07
9.3786e-08
5.6122e-08
2.36186e-08
0
0
0
0
0
0
0
0
5.48888e-09
5.74624e-08
1.14592e-07
1.72194e-07
2.24662e-07
2.62758e-07
2.81793e-07
2.80554e-07
2.60031e-07
2.2117e-07
1.67996e-07
1.13201e-07
7.13603e-08
5.99718e-08
8.74385e-08
1.39514e-07
1.90574e-07
2.24993e-07
2.3975e-07
2.38885e-07
2.25543e-07
2.03979e-07
1.78051e-07
1.50349e-07
1.2174e-07
9.13946e-08
5.78715e-08
2.1049e-08
0
0
0
0
0
0
0
0
0
0
0
0
0
0
0
0
0
0
0
0
0
0
0
0
0
0
0
0
0
0
0
0
0
0
0
0
0
0
0
0
0
0
0
0
0
0
0
0
0
0
0
0
0
0
0
0
0
0
0
4.51681e-10
5.99043e-09
0
0
0
0
0
1.37573e-08
1.05062e-08
0
0
3.63637e-09
1.76585e-08
1.84259e-08
0
0
0
0
0
0
0
0
0
0
0
8.44183e-10
1.52219e-09
1.54229e-09
1.28196e-09
9.61617e-10
6.79538e-10
4.65313e-10
3.17525e-10
2.23792e-10
1.69201e-10
1.39363e-10
1.22715e-10
1.12036e-10
1.03794e-10
9.65437e-11
8.97647e-11
8.32892e-11
7.70736e-11
7.11142e-11
6.54236e-11
6.00161e-11
5.49062e-11
5.01055e-11
4.56258e-11
4.1473e-11
3.76549e-11
3.4157e-11
3.09891e-11
2.81128e-11
2.55454e-11
2.32112e-11
2.11406e-11
1.90689e-11
1.72503e-11
1.50365e-11
1.32317e-11
1.12011e-11
9.79689e-12
8.59837e-12
8.72754e-12
8.33007e-12
9.99411e-12
1.06861e-11
1.56103e-11
1.68719e-11
2.92232e-11
2.46225e-11
5.24139e-11
1.47434e-11
2.70534e-11
0
4.41746e-08
8.45929e-08
1.34765e-07
1.74006e-07
1.90053e-07
1.73709e-07
1.22719e-07
4.08853e-08
0
0
0
0
0
0
0
0
0
0
0
0
5.93497e-08
1.55788e-07
2.18328e-07
2.51576e-07
2.60562e-07
2.50241e-07
2.24723e-07
1.8726e-07
1.44423e-07
1.09973e-07
1.01016e-07
1.33839e-07
1.99437e-07
2.41354e-07
2.15291e-07
1.63481e-07
1.31797e-07
1.19658e-07
1.15741e-07
1.14214e-07
1.1312e-07
1.09311e-07
9.82348e-08
7.44747e-08
3.52179e-08
0
0
0
0
0
0
0
0
0
0
0
0
0
0
0
2.30924e-09
7.24332e-10
0
0
0
0
0
0
0
0
0
0
0
0
0
0
0
0
0
0
0
0
0
0
0
0
0
0
0
0
0
0
0
0
0
0
0
0
0
0
0
0
0
0
2.45414e-09
6.2946e-09
1.96855e-10
0
0
0
0
1.76572e-08
3.04266e-08
1.54053e-08
0
0
0
0
0
0
0
0
1.51219e-09
1.51022e-08
2.20365e-08
2.07777e-08
1.55681e-08
1.18151e-08
9.39478e-09
7.52207e-09
5.83229e-09
4.31936e-09
3.06495e-09
2.1047e-09
1.41778e-09
9.54753e-10
6.60424e-10
4.84207e-10
3.83139e-10
3.24155e-10
2.86072e-10
2.57732e-10
2.34158e-10
2.13301e-10
1.94321e-10
1.76851e-10
1.607e-10
1.4576e-10
1.31954e-10
1.19213e-10
1.07475e-10
9.66832e-11
8.67898e-11
7.77607e-11
6.95491e-11
6.21362e-11
5.5433e-11
4.94906e-11
4.42726e-11
3.95847e-11
3.54382e-11
3.14233e-11
2.7852e-11
2.3988e-11
2.07145e-11
1.7417e-11
1.52279e-11
1.28289e-11
1.29596e-11
1.21045e-11
1.4313e-11
1.48432e-11
2.18925e-11
2.29161e-11
4.16007e-11
3.34857e-11
8.57836e-11
2.37188e-11
8.94081e-11
0
7.62863e-08
4.13321e-08
1.82522e-08
2.90535e-09
0
0
0
0
0
0
0
0
0
0
0
0
0
0
0
0
0
0
5.41657e-10
5.61892e-08
1.02457e-07
1.27719e-07
1.31124e-07
1.21434e-07
1.12488e-07
1.17116e-07
1.39632e-07
1.73932e-07
2.04847e-07
2.122e-07
1.78405e-07
9.82706e-08
0
0
0
0
0
0
4.40479e-08
6.76936e-08
3.89273e-08
2.70549e-09
0
0
0
0
0
0
0
1.61223e-08
6.03987e-08
1.07364e-07
1.55494e-07
1.98519e-07
2.19817e-07
2.00875e-07
1.42744e-07
6.60691e-08
0
0
0
0
0
0
0
0
0
0
0
0
0
0
0
0
0
0
0
0
0
0
0
0
0
0
0
0
0
0
0
0
0
0
0
0
0
0
0
0
8.66422e-09
1.40245e-08
1.38153e-08
9.46827e-09
8.91501e-10
0
0
0
0
1.3769e-08
2.72417e-08
1.49905e-08
0
0
0
0
1.85143e-08
4.79244e-08
5.93638e-08
7.2707e-08
9.73612e-08
1.1832e-07
1.26454e-07
1.15575e-07
8.5774e-08
6.02035e-08
4.12865e-08
2.79501e-08
1.87046e-08
1.2366e-08
8.08839e-09
5.26268e-09
3.44424e-09
2.31129e-09
1.62931e-09
1.22739e-09
9.85778e-10
8.28904e-10
7.15762e-10
6.26561e-10
5.52681e-10
4.89388e-10
4.34101e-10
3.85234e-10
3.41704e-10
3.02843e-10
2.67843e-10
2.36335e-10
2.08047e-10
1.82693e-10
1.60039e-10
1.39836e-10
1.21897e-10
1.05962e-10
9.18853e-11
7.92874e-11
6.79439e-11
5.7543e-11
4.80585e-11
3.92504e-11
3.1718e-11
2.53142e-11
2.06414e-11
1.69298e-11
1.48027e-11
1.24292e-11
1.27295e-11
1.21307e-11
1.4664e-11
1.51439e-11
2.32506e-11
2.33929e-11
4.56905e-11
3.21135e-11
1.02347e-10
1.73614e-11
1.63949e-10
0
0
0
0
0
0
0
0
0
0
0
0
0
0
0
2.61201e-08
4.04583e-08
4.32995e-08
3.67523e-08
2.13654e-08
0
0
0
0
0
0
0
0
0
1.60231e-09
7.82161e-08
1.36879e-07
1.73581e-07
1.88942e-07
1.83363e-07
1.53598e-07
9.12547e-08
0
0
0
0
0
0
0
2.20822e-08
0
0
0
1.00281e-08
5.40809e-08
1.03044e-07
1.5681e-07
2.19012e-07
2.92086e-07
3.70916e-07
4.46259e-07
5.09208e-07
5.46224e-07
5.33146e-07
4.53915e-07
3.29918e-07
1.97427e-07
7.73587e-08
0
0
0
0
0
0
0
0
0
0
0
0
0
0
0
0
0
0
0
0
0
0
0
0
0
0
0
0
0
0
7.47111e-09
2.07519e-08
1.47588e-08
1.39163e-09
0
0
0
0
0
0
3.27961e-09
1.7303e-08
2.63472e-08
2.38905e-08
1.48135e-08
7.01088e-09
5.07751e-09
9.29015e-09
1.74998e-08
2.45078e-08
2.14506e-08
6.89257e-09
0
0
5.18272e-09
3.93466e-08
1.04634e-07
2.15439e-07
3.52031e-07
4.20783e-07
4.07808e-07
3.70146e-07
3.30957e-07
2.71237e-07
1.92852e-07
1.3295e-07
8.99979e-08
6.01388e-08
3.97546e-08
2.60274e-08
1.69285e-08
1.10249e-08
7.29414e-09
4.99854e-09
3.61122e-09
2.76577e-09
2.22423e-09
1.84811e-09
1.56436e-09
1.33663e-09
1.14623e-09
9.83658e-10
8.43096e-10
7.20391e-10
6.12215e-10
5.15416e-10
4.27708e-10
3.46589e-10
2.70452e-10
1.99469e-10
1.36223e-10
8.46959e-11
4.75504e-11
2.41128e-11
1.10371e-11
4.50645e-12
1.55081e-12
3.87173e-13
7.45938e-15
0
3.96509e-14
1.51992e-13
2.45299e-13
3.42436e-13
4.40706e-13
5.34235e-13
6.8195e-13
7.93196e-13
1.25188e-12
1.58224e-12
3.30609e-12
4.23864e-12
1.25002e-11
8.96343e-12
5.79361e-11
0
1.49963e-10
0
0
0
0
0
0
0
0
0
0
0
0
3.94708e-08
9.15535e-08
1.34291e-07
1.63205e-07
1.7765e-07
1.78823e-07
1.6792e-07
1.44814e-07
1.09147e-07
6.56032e-08
2.5007e-08
2.1993e-09
2.22601e-09
1.05677e-08
4.66183e-09
0
0
0
0
0
2.48797e-08
3.35293e-08
2.65417e-08
3.28499e-09
0
0
0
0
0
0
0
1.24124e-07
2.63334e-07
2.19365e-07
1.16063e-07
6.06792e-08
6.25489e-08
9.43278e-08
1.36498e-07
1.82335e-07
2.32457e-07
2.87098e-07
3.42428e-07
3.91798e-07
4.32565e-07
4.66339e-07
4.74546e-07
4.12349e-07
2.88963e-07
1.61099e-07
4.91358e-08
0
0
0
0
0
0
0
0
0
0
0
0
0
0
0
0
0
1.85452e-09
2.79161e-08
4.54594e-08
4.51562e-08
3.86339e-08
3.38002e-08
3.24509e-08
3.48976e-08
4.04589e-08
4.7842e-08
5.77552e-08
7.39841e-08
9.46452e-08
1.08912e-07
1.09124e-07
9.22063e-08
6.44964e-08
4.77616e-08
4.68387e-08
4.96202e-08
4.51515e-08
3.40853e-08
2.99511e-08
4.97957e-08
9.11462e-08
1.24253e-07
1.28378e-07
1.16162e-07
1.07648e-07
1.14806e-07
1.27845e-07
1.2895e-07
1.16191e-07
9.00033e-08
6.33903e-08
5.52636e-08
7.10116e-08
1.21701e-07
2.41025e-07
4.74786e-07
7.50277e-07
7.96286e-07
6.82996e-07
5.7792e-07
5.08956e-07
4.54665e-07
3.68821e-07
2.65774e-07
1.86074e-07
1.27428e-07
8.57644e-08
5.68633e-08
3.72042e-08
2.41173e-08
1.56118e-08
1.02113e-08
6.83822e-09
4.72607e-09
3.35556e-09
2.40544e-09
1.70139e-09
1.16231e-09
7.54585e-10
4.60416e-10
2.6182e-10
1.37248e-10
6.46667e-11
2.5429e-11
5.93038e-12
0
0
0
0
0
0
0
0
0
0
0
0
0
0
0
0
0
0
0
0
0
0
1.74833e-14
1.38705e-14
1.33415e-13
3.86482e-14
6.60873e-13
0
4.82592e-12
0
3.78158e-11
0
0
0
0
0
0
0
0
0
0
0
0
0
0
0
2.87187e-08
8.59057e-08
1.42712e-07
1.92632e-07
2.30486e-07
2.54261e-07
2.66853e-07
2.77584e-07
2.9439e-07
2.99845e-07
2.58334e-07
1.67456e-07
6.21287e-08
0
0
0
0
0
0
0
0
0
0
0
0
0
0
0
0
7.79811e-09
1.44846e-08
0
0
2.2293e-08
7.17828e-08
1.31313e-07
1.94705e-07
2.62959e-07
3.41148e-07
4.34478e-07
5.43823e-07
6.53234e-07
7.17916e-07
6.25945e-07
3.59778e-07
1.41407e-07
1.22015e-08
0
0
0
0
0
0
0
0
4.21799e-08
1.16568e-07
1.58936e-07
1.66873e-07
1.52983e-07
1.38734e-07
1.35051e-07
1.4764e-07
1.78385e-07
2.26988e-07
2.85559e-07
3.18762e-07
3.04008e-07
2.68375e-07
2.44701e-07
2.4141e-07
2.54349e-07
2.78276e-07
3.08739e-07
3.43002e-07
3.70487e-07
3.84056e-07
3.85261e-07
3.66781e-07
3.29622e-07
2.70174e-07
1.92053e-07
1.36044e-07
1.20098e-07
1.275e-07
1.32065e-07
1.24771e-07
1.19154e-07
1.3277e-07
1.70489e-07
2.17861e-07
2.51494e-07
2.573e-07
2.31274e-07
1.93588e-07
1.63804e-07
1.38422e-07
1.17888e-07
9.99195e-08
7.67641e-08
5.42515e-08
4.82731e-08
6.2559e-08
8.70452e-08
1.09198e-07
1.22329e-07
1.29946e-07
1.40303e-07
1.5911e-07
1.8463e-07
2.03556e-07
1.86435e-07
1.45659e-07
1.0218e-07
6.43593e-08
3.68555e-08
1.95188e-08
9.69122e-09
4.55422e-09
2.04079e-09
8.77853e-10
3.62921e-10
1.40678e-10
4.56964e-11
5.66704e-12
0
0
0
0
0
0
0
0
0
0
0
0
0
0
0
0
0
0
0
0
0
0
0
0
0
0
0
0
0
0
0
0
0
0
0
9.92027e-14
0
1.23671e-12
0
1.28697e-11
0
2.56446e-08
5.71047e-09
0
0
0
0
0
0
0
0
0
0
0
0
0
0
2.72265e-08
8.1679e-08
1.46691e-07
2.12596e-07
2.63736e-07
2.80608e-07
2.5344e-07
1.98596e-07
1.43275e-07
9.87401e-08
6.4997e-08
3.91533e-08
1.89499e-08
3.14197e-09
0
0
0
0
0
0
0
0
0
0
0
0
0
0
0
0
5.7073e-08
1.18115e-07
1.66869e-07
1.93989e-07
2.00108e-07
1.85464e-07
1.54768e-07
1.15844e-07
7.99561e-08
4.34961e-08
2.05213e-08
2.10833e-08
2.1683e-08
4.79943e-09
0
3.21663e-09
0
0
0
3.12378e-09
7.25595e-10
0
0
0
5.42017e-08
1.44866e-07
1.78877e-07
1.70544e-07
1.44349e-07
1.16567e-07
9.53442e-08
7.88143e-08
6.52569e-08
5.67005e-08
4.96346e-08
4.00107e-08
2.85219e-08
1.86472e-08
1.35122e-08
1.38207e-08
1.73014e-08
2.1848e-08
2.31921e-08
2.17198e-08
2.21072e-08
2.71686e-08
3.27576e-08
3.39755e-08
2.88187e-08
1.89665e-08
9.20988e-09
2.98306e-09
6.99015e-10
5.94241e-10
1.015e-09
1.70695e-09
2.96617e-09
5.43929e-09
9.94565e-09
1.53058e-08
1.7316e-08
1.51434e-08
1.30305e-08
1.40487e-08
1.60413e-08
1.54593e-08
1.1106e-08
4.32144e-09
0
0
0
0
0
0
0
0
5.70206e-09
1.72739e-08
2.40127e-08
2.17641e-08
1.46304e-08
7.90746e-09
3.69666e-09
1.55586e-09
5.91214e-10
1.94603e-10
4.64805e-11
0
0
0
0
0
0
0
0
0
0
0
0
0
0
0
0
0
0
0
0
0
0
0
0
1.39124e-15
1.77839e-15
2.1268e-15
1.50085e-15
1.67081e-15
3.78848e-16
9.40541e-16
0
2.00819e-16
0
0
0
1.07577e-15
0
5.65985e-15
0
6.62903e-15
0
0
7.35332e-13
0
1.45779e-11
0
0
0
0
0
0
0
0
0
0
0
0
0
0
0
0
1.68167e-08
7.26663e-08
1.37567e-07
1.82204e-07
1.85766e-07
1.51126e-07
9.58408e-08
3.7078e-08
0
0
0
0
0
0
0
0
0
0
0
0
0
0
0
0
0
0
0
0
8.74967e-10
3.98136e-09
5.45984e-09
6.89177e-09
8.08155e-09
8.09744e-09
6.91164e-09
5.75536e-09
5.13849e-09
5.47472e-09
1.02373e-08
1.89806e-08
1.49003e-08
3.02148e-09
3.32491e-09
5.53267e-09
2.64381e-09
1.95815e-08
3.51679e-08
1.24739e-08
0
0
0
0
0
0
0
0
2.12451e-08
5.90453e-08
6.9951e-08
6.40234e-08
4.98744e-08
3.81125e-08
3.00902e-08
2.54424e-08
2.34242e-08
2.06524e-08
1.57974e-08
9.95166e-09
4.9513e-09
1.59701e-09
0
0
0
0
0
1.88032e-09
5.54364e-09
8.59402e-09
9.12599e-09
7.02727e-09
3.71751e-09
4.25291e-10
0
0
0
0
0
3.36283e-10
2.22367e-09
2.83278e-09
2.05153e-09
3.00667e-10
0
0
1.12627e-09
3.57405e-09
3.2188e-09
0
0
0
0
0
0
0
0
0
0
0
4.56611e-09
5.75816e-09
3.96982e-09
2.12078e-09
1.01919e-09
4.80538e-10
2.32155e-10
1.1623e-10
6.02613e-11
3.22681e-11
1.78544e-11
1.03003e-11
6.23751e-12
3.96385e-12
2.62516e-12
1.79734e-12
1.2621e-12
9.03757e-13
6.5618e-13
4.81407e-13
3.55867e-13
2.64564e-13
1.96968e-13
1.46882e-13
1.09263e-13
8.08696e-14
5.97514e-14
4.41888e-14
3.25802e-14
2.39115e-14
1.75283e-14
1.28473e-14
9.51568e-15
7.03303e-15
5.36471e-15
4.00156e-15
3.26764e-15
2.36969e-15
2.20359e-15
1.21435e-15
1.66055e-15
0
1.69311e-15
0
3.06752e-15
0
8.54512e-15
0
3.06264e-14
0
1.35766e-13
0
2.33297e-13
1.69961e-13
0
1.69865e-11
0
0
0
0
0
0
0
0
0
0
0
0
0
0
0
5.34008e-10
5.40477e-09
6.2446e-09
2.97204e-09
0
0
0
0
0
0
0
0
0
0
0
0
0
0
0
0
0
0
0
0
0
0
0
0
0
0
0
3.46921e-10
1.07111e-09
2.29628e-09
3.74907e-09
4.63884e-09
5.72746e-09
5.83749e-09
7.16751e-09
1.95908e-08
2.95385e-08
1.71164e-08
4.12129e-09
0
0
0
1.63882e-08
1.94625e-08
0
0
0
0
0
0
0
0
0
0
8.82422e-09
3.06255e-08
3.42059e-08
2.83166e-08
2.37397e-08
2.0152e-08
1.62167e-08
1.20321e-08
7.8035e-09
3.93032e-09
8.78734e-10
0
0
0
0
0
0
0
1.57188e-09
3.31331e-09
3.72809e-09
2.92032e-09
1.66004e-09
3.98554e-10
0
0
0
0
0
0
1.0291e-09
1.49666e-09
6.65141e-10
0
0
0
0
0
0
0
0
0
0
0
0
0
0
0
0
3.15742e-09
4.20502e-09
3.22682e-09
1.86143e-09
9.33598e-10
4.75514e-10
2.64164e-10
1.61097e-10
1.03406e-10
6.77338e-11
4.48672e-11
3.01357e-11
2.06079e-11
1.43392e-11
1.01247e-11
7.2278e-12
5.19851e-12
3.75452e-12
2.71679e-12
1.96461e-12
1.41775e-12
1.018e-12
7.26898e-13
5.14375e-13
3.60239e-13
2.49043e-13
1.69846e-13
1.13698e-13
7.48579e-14
4.79362e-14
3.01275e-14
1.85362e-14
1.12148e-14
6.58089e-15
3.77522e-15
2.01077e-15
1.01684e-15
3.03269e-16
0
0
0
0
0
0
0
0
1.51438e-15
0
8.8685e-15
0
5.11253e-14
0
3.58192e-13
0
1.74394e-12
0
0
1.15984e-11
0
0
0
0
0
0
0
0
0
0
0
0
0
0
0
0
0
0
4.69714e-10
1.19239e-09
1.5894e-09
1.59687e-09
1.35148e-09
1.0538e-09
8.62206e-10
8.42673e-10
9.96804e-10
1.23082e-09
1.48608e-09
1.64323e-09
1.68783e-09
1.49295e-09
1.13191e-09
7.55871e-10
2.82767e-10
0
0
0
5.79944e-10
1.17968e-09
1.05747e-09
3.81507e-10
0
0
2.28094e-11
8.06303e-10
1.65617e-09
2.69912e-09
4.15835e-09
6.07635e-09
8.52028e-09
1.17927e-08
1.38546e-08
1.99003e-08
4.25966e-08
5.14955e-08
2.7533e-08
1.00621e-08
0
0
0
0
0
0
0
9.743e-08
2.48739e-07
1.45691e-07
0
0
0
0
0
0
1.46092e-08
1.69607e-08
1.21074e-08
9.44571e-09
6.43711e-09
1.77578e-09
0
0
0
0
0
0
0
0
0
0
0
0
0
0
0
0
0
0
0
0
0
0
0
0
0
0
0
0
0
0
0
0
0
0
0
0
0
0
8.94386e-10
2.17514e-09
2.71339e-09
2.51859e-09
1.86748e-09
1.12923e-09
5.75398e-10
2.75863e-10
1.43746e-10
9.42804e-11
7.21048e-11
5.81461e-11
4.62331e-11
3.58848e-11
2.7331e-11
2.05664e-11
1.53688e-11
1.14311e-11
8.46929e-12
6.24776e-12
4.58681e-12
3.34619e-12
2.42431e-12
1.74052e-12
1.23731e-12
8.67931e-13
5.99976e-13
4.06673e-13
2.69677e-13
1.74028e-13
1.08908e-13
6.5226e-14
3.71868e-14
1.95624e-14
9.31138e-15
3.68372e-15
8.83902e-16
0
0
0
0
0
0
0
0
0
0
0
0
0
0
0
0
0
1.64921e-14
0
2.78901e-13
0
2.45268e-12
0
0
1.42175e-12
0
0
0
0
0
0
0
0
0
0
0
0
0
0
0
0
0
0
0
0
0
0
0
0
0
0
0
0
0
0
1.19636e-09
2.6461e-09
4.11869e-09
5.3518e-09
5.26375e-09
2.95113e-09
0
0
0
0
0
0
0
0
0
0
0
0
0
0
7.02722e-10
3.74849e-09
7.47121e-09
2.00663e-08
5.216e-08
7.29106e-08
4.53318e-08
1.96261e-08
0
0
0
0
0
0
0
3.28455e-07
6.59896e-07
4.48585e-07
2.07138e-07
6.2396e-08
0
0
0
0
0
0
0
0
0
0
0
0
0
0
0
0
0
0
0
0
0
0
0
0
0
0
0
2.25013e-10
5.88839e-10
7.59904e-10
7.25344e-10
5.31375e-10
3.16896e-10
2.36371e-10
3.45002e-10
5.60946e-10
7.7416e-10
9.47103e-10
1.06074e-09
1.18963e-09
1.35728e-09
1.51901e-09
1.58818e-09
1.48659e-09
1.37738e-09
1.38028e-09
1.46415e-09
1.53854e-09
1.44755e-09
1.17324e-09
8.18836e-10
4.98258e-10
2.74449e-10
1.39272e-10
6.74465e-11
3.6579e-11
2.63667e-11
2.40663e-11
2.3732e-11
2.27308e-11
2.01493e-11
1.68313e-11
1.35157e-11
1.05741e-11
8.12559e-12
6.15903e-12
4.61453e-12
3.41951e-12
2.50662e-12
1.81539e-12
1.29756e-12
9.12872e-13
6.30628e-13
4.2533e-13
2.78691e-13
1.75881e-13
1.06054e-13
6.02263e-14
3.16451e-14
1.48903e-14
5.99285e-15
1.63273e-15
0
0
0
0
0
0
0
0
0
0
0
0
0
0
0
0
0
0
0
0
0
0
0
0
4.64206e-13
0
0
0
0
0
0
0
0
0
0
0
0
0
0
0
0
0
0
0
0
0
0
0
0
0
0
0
0
0
0
0
0
0
1.11173e-10
3.10924e-09
6.52721e-09
9.8947e-09
1.15776e-08
9.75267e-09
3.39402e-09
0
0
0
0
0
0
0
0
0
0
0
0
0
0
0
0
0
1.04818e-08
7.28478e-08
5.14955e-08
2.16282e-08
4.74082e-11
0
0
0
0
0
0
1.00285e-06
2.43114e-06
1.82974e-06
7.13629e-07
2.07847e-07
0
0
0
0
0
0
0
0
0
0
0
0
1.21769e-09
5.2904e-09
6.28996e-09
4.99407e-09
2.49702e-09
0
0
0
0
0
0
0
0
0
0
0
0
2.96492e-10
6.0674e-10
8.00096e-10
9.04042e-10
9.92841e-10
1.10202e-09
1.22374e-09
1.3297e-09
1.37976e-09
1.33173e-09
1.23593e-09
1.14174e-09
1.05767e-09
9.6121e-10
8.50106e-10
7.64619e-10
7.1101e-10
6.33928e-10
5.16359e-10
3.66201e-10
2.25144e-10
1.28443e-10
7.3956e-11
4.57633e-11
2.96963e-11
1.96229e-11
1.35375e-11
1.05867e-11
8.66816e-12
8.0582e-12
7.62529e-12
6.77318e-12
5.6904e-12
4.59176e-12
3.60199e-12
2.7671e-12
2.08995e-12
1.55434e-12
1.13896e-12
8.2195e-13
5.83034e-13
4.05323e-13
2.75233e-13
1.81777e-13
1.15877e-13
7.05918e-14
4.05852e-14
2.17058e-14
1.05299e-14
4.41596e-15
1.37271e-15
5.8708e-17
0
0
0
0
0
0
0
0
0
0
0
0
0
0
0
0
0
0
0
0
0
0
0
0
0
0
0
0
0
0
0
0
0
0
0
0
0
0
0
0
0
0
0
0
0
0
0
0
0
0
0
0
0
0
0
0
0
0
0
0
2.3973e-09
6.86935e-09
1.38629e-08
2.41841e-08
3.60494e-08
2.94196e-08
1.07549e-08
0
0
0
0
0
0
0
0
0
0
0
0
0
0
0
0
0
0
2.07991e-08
1.28833e-08
1.96114e-08
0
0
0
0
0
1.28608e-06
4.72826e-06
2.34196e-06
8.63016e-07
2.48139e-07
4.49858e-08
0
0
0
0
0
0
0
0
0
0
0
2.12832e-09
1.27622e-08
1.79096e-08
1.75708e-08
1.193e-08
2.43052e-09
0
0
0
0
0
0
0
0
0
0
0
0
0
0
0
1.53991e-10
2.49821e-10
2.97483e-10
3.08466e-10
2.93434e-10
2.5498e-10
1.96796e-10
1.43685e-10
1.15471e-10
1.05462e-10
9.63629e-11
9.58055e-11
1.18926e-10
1.63112e-10
1.85219e-10
1.67983e-10
1.19592e-10
6.78585e-11
3.56719e-11
2.18924e-11
1.62048e-11
1.2553e-11
9.31802e-12
6.50133e-12
4.6527e-12
3.10532e-12
2.46624e-12
2.12018e-12
1.80139e-12
1.48645e-12
1.18863e-12
9.27091e-13
7.08576e-13
5.32302e-13
3.93075e-13
2.85615e-13
2.03909e-13
1.42694e-13
9.73756e-14
6.46184e-14
4.14553e-14
2.54973e-14
1.47773e-14
8.0081e-15
3.97667e-15
1.73781e-15
6.00433e-16
8.53906e-17
0
0
0
0
0
0
0
0
0
0
0
0
0
0
0
0
0
0
0
0
0
0
0
0
0
0
0
0
0
0
0
1.59549e-08
8.27222e-09
1.12888e-08
1.27905e-08
9.89114e-09
6.67709e-09
4.81346e-09
3.51862e-09
2.51235e-09
1.78272e-09
1.32883e-09
1.00457e-09
7.41239e-10
3.33146e-10
1.13052e-10
0
0
0
0
0
0
0
0
0
0
3.13514e-09
1.39804e-09
2.21229e-09
2.67794e-09
2.26843e-09
1.73838e-09
1.39313e-09
1.13802e-09
9.28507e-10
7.40476e-10
6.20781e-10
5.28845e-10
4.5011e-10
2.66059e-10
1.43663e-10
0
0
0
0
0
0
0
1.07769e-11
0
0
5.50367e-10
1.16621e-10
3.18809e-10
5.31104e-10
4.93352e-10
4.27485e-10
3.91918e-10
3.64808e-10
3.33546e-10
3.06861e-10
2.93743e-10
2.75839e-10
2.58117e-10
1.9337e-10
1.44539e-10
6.89981e-11
5.72742e-11
0
8.95269e-12
0
1.33787e-11
0
1.31427e-10
0
0
8.1442e-11
0
0
3.38968e-11
5.20924e-11
4.46565e-11
6.54603e-11
9.21602e-11
1.03586e-10
1.2049e-10
1.45767e-10
1.53036e-10
1.59465e-10
1.53741e-10
1.63569e-10
1.3727e-10
1.45092e-10
9.90492e-11
1.61853e-10
6.67078e-11
2.19597e-10
0
3.46261e-10
0
1.61522e-10
1.47906e-11
0
0
0
0
0
0
0
0
0
0
0
0
0
0
0
0
0
0
0
0
0
0
0
0
0
0
0
0
0
0
0
0
0
0
0
0
0
0
0
0
0
0
0
0
0
0
0
0
0
0
0
0
0
0
0
0
0
0
0
0
0
0
0
0
0
0
0
0
0
0
0
0
0
0
0
0
0
0
0
0
0
0
0
0
0
0
0
0
0
0
0
0
0
0
0
0
0
0
0
0
0
0
0
0
0
0
0
0
0
0
0
0
0
0
0
0
0
0
0
0
0
0
0
0
0
0
0
0
0
0
0
0
0
0
0
0
0
0
0
0
0
0
0
0
0
0
0
0
0
0
0
0
0
0
0
0
0
0
0
0
0
0
0
0
0
0
0
0
0
0
0
0
0
0
0
0
0
0
0
0
0
0
0
0
0
0
0
0
0
0
0
0
0
0
0
0
0
0
0
0
0
0
0
0
0
0
0
0
0
0
0
0
0
0
0
0
0
0
0
0
0
0
0
0
0
0
0
0
0
0
0
0
0
0
0
0
0
0
0
0
0
0
0
0
0
0
0
0
0
0
0
0
0
0
0
0
0
0
0
0
0
0
0
0
0
0
0
0
0
0
0
0
0
0
0
0
0
0
0
0
0
0
0
0
0
0
0
0
0
0
0
0
0
0
0
0
0
0
0
0
0
0
0
0
0
0
0
0
0
0
0
0
0
0
0
0
0
0
0
0
0
0
0
0
0
0
0
0
0
0
0
0
0
0
0
0
0
0
0
0
0
0
0
0
0
0
0
0
0
0
0
0
0
0
0
0
0
0
0
0
0
0
0
0
0
0
0
0
0
0
0
0
0
0
0
0
0
0
0
0
0
0
0
0
0
0
0
0
0
0
0
0
0
0
0
0
0
0
0
0
0
0
0
0
0
0
0
0
0
0
0
0
0
0
0
0
0
0
0
0
0
0
0
0
0
0
0
0
0
0
0
0
0
0
0
0
0
0
0
0
0
0
0
0
0
0
0
0
0
0
0
0
0
0
0
0
0
0
0
0
0
0
0
0
0
0
0
0
0
0
0
0
0
0
0
0
0
0
0
0
0
0
0
0
0
0
0
0
0
0
0
0
0
0
0
0
0
0
0
0
0
0
0
0
0
0
0
0
0
0
0
0
0
0
0
0
0
0
0
0
0
0
0
0
0
0
0
0
0
0
0
0
0
0
0
0
0
0
0
0
0
0
0
0
0
0
0
0
0
0
0
0
0
0
0
0
0
0
0
0
0
0
0
0
0
0
0
0
0
0
0
0
0
0
0
0
0
0
0
0
0
0
0
0
0
0
0
0
0
0
0
0
0
0
0
0
0
0
0
0
0
0
0
0
0
0
0
0
0
0
0
0
0
0
0
0
0
0
0
0
0
0
0
0
0
0
0
0
0
0
0
0
0
0
0
0
0
0
0
0
0
0
0
0
0
0
0
0
0
0
0
0
0
0
0
0
0
0
0
0
0
0
0
0
0
0
0
0
0
0
0
0
0
0
0
0
0
0
0
0
0
0
0
0
0
0
0
0
0
0
0
0
0
0
0
0
0
0
0
0
0
0
0
0
0
0
0
0
0
0
0
0
0
0
0
0
0
0
0
0
0
0
0
0
0
0
0
0
0
0
0
0
0
0
0
0
0
0
0
0
0
0
0
0
0
0
0
0
0
0
0
0
0
0
0
0
0
0
0
0
0
0
0
0
0
0
0
0
0
0
0
0
0
0
0
0
0
0
0
0
0
0
0
0
0
0
0
0
0
0
0
0
0
0
0
0
0
0
0
0
0
0
0
0
0
0
0
0
0
0
0
0
0
0
0
0
0
0
0
0
0
0
0
0
0
0
0
0
0
0
0
0
0
0
0
0
0
0
0
0
0
0
0
0
0
0
0
0
0
0
0
0
0
0
0
0
0
0
0
0
0
0
0
0
0
0
0
0
0
0
0
0
0
0
0
0
0
0
0
0
0
0
0
0
0
0
0
0
0
0
0
0
0
0
0
0
0
0
0
0
0
0
0
0
0
0
0
0
0
0
0
0
0
0
0
0
0
0
0
0
0
0
0
0
0
0
0
0
0
0
0
0
0
0
0
0
0
0
0
0
0
0
0
0
0
0
0
0
0
0
0
0
0
0
0
0
0
0
0
0
0
0
0
0
0
0
0
0
0
0
0
0
0
0
0
0
0
0
0
0
0
0
0
0
0
0
0
0
0
0
0
0
0
0
0
0
0
0
0
0
0
0
0
0
0
0
0
0
0
0
0
0
0
0
0
0
0
0
0
0
0
0
0
0
0
0
0
0
0
0
0
0
0
0
0
0
0
0
0
0
0
0
0
0
0
0
0
0
0
0
0
0
0
0
0
0
0
0
0
0
0
0
0
0
0
0
0
0
0
0
0
0
0
0
2.76985e-11
0
0
0
0
0
0
0
0
0
0
0
0
0
0
0
0
0
0
0
0
0
0
0
0
4.33059e-11
0
0
0
0
0
0
0
0
0
0
0
0
0
0
0
0
0
0
0
0
0
0
0
0
3.86778e-11
0
0
0
0
0
0
0
0
0
0
0
0
0
0
0
0
0
0
0
0
0
0
0
0
4.32509e-11
0
0
0
0
0
0
0
1.21385e-12
1.7772e-11
4.23628e-11
5.63754e-11
7.9779e-11
8.41196e-11
1.25962e-10
1.01447e-10
1.57622e-10
8.34015e-11
2.27954e-10
1.96281e-11
3.62029e-10
0
5.07192e-10
0
2.08146e-10
5.8189e-11
0
0
0
0
0
3.65953e-11
6.19438e-11
8.40644e-11
1.10382e-10
1.36761e-10
1.45289e-10
1.67478e-10
1.66203e-10
1.98675e-10
1.75861e-10
2.27031e-10
1.74462e-10
2.94474e-10
1.48014e-10
3.93083e-10
2.72983e-11
5.2003e-10
0
1.48937e-10
7.44215e-11
0
0
0
0
6.41813e-11
1.27763e-10
1.4225e-10
1.43081e-10
1.36719e-10
1.31085e-10
1.1874e-10
1.23884e-10
1.1073e-10
1.3139e-10
1.11475e-10
1.57983e-10
1.12682e-10
2.06341e-10
9.11845e-11
2.70591e-10
2.2684e-11
3.71046e-10
0
0
1.19958e-10
0
7.51233e-11
1.9437e-10
1.96869e-10
2.13796e-10
2.03267e-10
1.6689e-10
1.36181e-10
1.06747e-10
9.12637e-11
7.72735e-11
8.15444e-11
7.2837e-11
9.18914e-11
7.81329e-11
1.16699e-10
7.80904e-11
1.4317e-10
5.78882e-11
1.77271e-10
1.64688e-11
2.27406e-10
0
0
3.93409e-10
0
8.47175e-10
6.40748e-10
3.65555e-10
2.10547e-10
1.17502e-10
6.49951e-11
4.42781e-11
3.12033e-11
3.1427e-11
3.11783e-11
4.11598e-11
4.07201e-11
5.62432e-11
4.7785e-11
7.20501e-11
4.50363e-11
8.35906e-11
2.79042e-11
9.33777e-11
4.0232e-12
1.11052e-10
0
0
1.43146e-09
1.18177e-09
1.64801e-09
5.85412e-10
1.14533e-10
0
0
0
0
0
0
0
0
0
0
0
7.84999e-12
0
1.3443e-11
0
1.90103e-11
0
2.77721e-11
0
0
2.50835e-09
2.02843e-09
1.18084e-09
1.44758e-10
0
0
0
0
0
0
0
0
0
0
0
0
0
0
0
0
0
0
0
0
0
)
;

boundaryField
{
    inlet
    {
        type            zeroGradient;
    }
    outlet
    {
        type            zeroGradient;
    }
    upperWall
    {
        type            zeroGradient;
    }
    lowerWall
    {
        type            zeroGradient;
    }
    frontAndBack
    {
        type            empty;
    }
}


// ************************************************************************* //
