/*--------------------------------*- C++ -*----------------------------------*\
  =========                 |
  \\      /  F ield         | OpenFOAM: The Open Source CFD Toolbox
   \\    /   O peration     | Website:  https://openfoam.org
    \\  /    A nd           | Version:  7
     \\/     M anipulation  |
\*---------------------------------------------------------------------------*/
FoamFile
{
    version     2.0;
    format      ascii;
    class       volScalarField;
    location    "0.106";
    object      p;
}
// * * * * * * * * * * * * * * * * * * * * * * * * * * * * * * * * * * * * * //

dimensions      [0 2 -2 0 0 0 0];

internalField   nonuniform List<scalar> 
12225
(
180.19
175.329
170.748
166.701
163.246
160.266
157.65
155.306
153.168
151.204
149.405
147.753
146.223
144.78
143.394
142.039
140.664
139.165
180.336
175.305
170.71
166.677
163.224
160.244
157.631
155.289
153.154
151.194
149.398
147.75
146.223
144.783
143.4
142.051
140.696
139.264
180.363
175.195
170.608
166.618
163.175
160.2
157.589
155.254
153.127
151.177
149.389
147.747
146.222
144.784
143.407
142.068
140.739
139.38
181.085
175.114
170.489
166.532
163.106
160.137
157.534
155.207
153.09
151.151
149.373
147.736
146.215
144.782
143.414
142.09
140.79
139.5
181.463
174.924
170.299
166.394
163
160.047
157.454
155.138
153.036
151.11
149.343
147.715
146.202
144.777
143.421
142.115
140.848
139.62
180.861
174.595
170.051
166.206
162.854
159.926
157.35
155.05
152.964
151.054
149.301
147.685
146.182
144.77
143.429
142.146
140.915
139.74
179.066
174.117
169.727
165.96
162.666
159.774
157.219
154.937
152.87
150.98
149.245
147.643
146.154
144.756
143.435
142.178
140.983
139.855
178.508
173.611
169.337
165.656
162.426
159.574
157.048
154.79
152.748
150.883
149.168
147.585
146.114
144.737
143.438
142.21
141.05
139.964
177.503
172.959
168.852
165.274
162.122
159.329
156.842
154.614
152.6
150.761
149.072
147.511
146.061
144.706
143.433
142.236
141.111
140.062
177.232
172.252
168.279
164.822
161.755
159.021
156.581
154.392
152.413
150.608
148.948
147.415
145.992
144.664
143.42
142.254
141.163
140.148
175.945
171.374
167.617
164.284
161.312
158.654
156.272
154.13
152.191
150.423
148.797
147.295
145.902
144.603
143.39
142.257
141.2
140.218
173.785
170.388
166.912
163.709
160.832
158.249
155.925
153.833
151.939
150.212
148.624
147.157
145.797
144.53
143.348
142.246
141.219
140.266
171.888
169.37
166.145
163.067
160.287
157.785
155.53
153.498
151.656
149.974
148.426
146.997
145.67
144.437
143.287
142.216
141.219
140.294
171.206
168.429
165.227
162.252
159.58
157.174
155.003
153.044
151.267
149.644
148.151
146.771
145.491
144.301
143.191
142.157
141.195
140.3
171.273
167.257
164.039
161.168
158.62
156.339
154.285
152.432
150.749
149.206
147.783
146.467
145.244
144.106
143.044
142.054
141.131
140.271
169.483
165.679
162.502
159.75
157.354
155.233
153.33
151.61
150.041
148.599
147.269
146.035
144.887
143.815
142.814
141.878
141.003
140.186
165.514
163.141
160.316
157.79
155.618
153.714
152.023
150.494
149.091
147.794
146.588
145.462
144.406
143.415
142.485
141.61
140.787
140.011
168.044
160.88
157.381
155.061
153.227
151.667
150.284
149.009
147.818
146.706
145.659
144.67
143.733
142.846
142.006
141.211
140.459
139.748
152.484
152.868
151.91
150.887
149.89
148.938
148.011
147.1
146.209
145.342
144.498
143.678
142.884
142.119
141.382
140.674
139.993
139.34
147.829
146.705
146.864
146.896
146.717
146.364
145.884
145.319
144.705
144.061
143.399
142.732
142.069
141.416
140.777
140.154
139.548
138.96
135.63
140.829
143.052
144.058
144.474
144.536
144.376
144.065
143.651
143.165
142.633
142.072
141.498
140.918
140.339
139.767
139.202
138.648
135.209
138.325
140.757
142.19
142.939
143.255
143.29
143.134
142.847
142.471
142.034
141.555
141.05
140.53
140.004
139.475
138.951
138.434
130.375
136.438
139.398
141.015
141.911
142.366
142.523
142.473
142.277
141.978
141.605
141.181
140.722
140.241
139.747
139.247
138.746
138.249
131.053
136.109
138.909
140.462
141.353
141.834
142.035
142.032
141.881
141.625
141.295
140.911
140.487
140.037
139.569
139.09
138.608
138.127
132.142
136.769
138.892
140.143
140.956
141.447
141.678
141.711
141.597
141.378
141.078
140.721
140.32
139.888
139.436
138.971
138.502
138.032
135.692
137.899
139.234
140.159
140.85
141.297
141.507
141.533
141.425
141.218
140.936
140.595
140.21
139.791
139.35
138.895
138.433
137.972
139.265
139.042
139.451
140.104
140.716
141.146
141.355
141.396
141.304
141.111
140.84
140.51
140.134
139.724
139.29
138.84
138.383
137.926
141.472
140.025
139.761
140.206
140.737
141.104
141.292
141.328
141.24
141.052
140.786
140.462
140.091
139.685
139.255
138.809
138.356
137.903
144.177
140.5
139.846
140.195
140.706
141.059
141.244
141.287
141.206
141.021
140.757
140.434
140.066
139.664
139.234
138.787
138.332
137.879
145.709
140.794
139.912
140.239
140.717
141.056
141.237
141.277
141.195
141.009
140.744
140.422
140.056
139.655
139.227
138.781
138.328
137.878
125.137
125.091
125.024
124.977
124.978
125.03
125.102
125.152
125.153
125.095
124.986
124.848
124.694
124.526
124.352
124.178
123.994
123.793
123.57
123.318
123.045
122.772
122.503
122.254
122.038
121.85
121.647
121.421
121.226
121.093
120.97
120.806
120.53
120.101
119.539
118.882
118.148
117.354
116.519
115.657
114.787
113.921
113.076
112.264
111.5
110.797
110.165
109.615
109.153
108.786
108.52
108.356
108.293
108.326
108.449
108.654
108.935
109.281
109.685
110.136
110.624
111.134
111.649
112.143
112.58
112.91
113.085
113.108
113.045
113.018
113.18
113.513
113.692
113.723
113.702
113.626
113.469
113.232
112.939
112.577
112.13
111.637
111.167
110.817
110.691
110.496
110.074
109.346
108.695
108.459
108.212
107.622
107.222
106.857
106.221
105.588
105.021
104.135
102.81
101.225
99.5205
97.7832
96.0612
94.3793
92.7516
91.1883
89.7016
88.3078
87.0265
85.8788
84.8845
84.0599
83.4187
82.9672
82.7029
82.6157
82.6899
82.9052
83.239
83.6678
84.1687
84.7194
85.2984
85.8831
86.4484
86.9665
87.4075
87.7436
87.9537
88.0255
87.9574
87.7583
87.4457
87.0484
86.5887
86.0874
85.5617
85.0243
84.4833
83.9421
83.3984
82.8456
82.2738
81.6727
81.0353
80.3591
79.6451
78.8951
78.1098
77.2912
76.4368
75.5492
74.6301
73.6759
72.6745
71.6129
70.4991
69.3714
68.2736
67.2282
66.2351
65.2816
64.3572
63.4556
62.5733
61.7073
60.8547
60.0112
59.1732
58.3372
57.5002
56.6605
55.8166
54.9679
54.1134
53.2537
52.389
51.5196
50.6543
49.773
125.003
124.94
124.839
124.759
124.751
124.823
124.937
125.04
125.082
125.058
124.974
124.843
124.689
124.53
124.37
124.198
124.007
123.793
123.538
123.231
122.899
122.597
122.337
122.123
121.974
121.847
121.652
121.412
121.198
120.978
120.744
120.511
120.193
119.732
119.153
118.486
117.749
116.958
116.128
115.275
114.414
113.558
112.723
111.922
111.169
110.477
109.858
109.322
108.877
108.529
108.281
108.131
108.077
108.116
108.244
108.453
108.735
109.08
109.479
109.922
110.396
110.889
111.384
111.858
112.281
112.608
112.799
112.859
112.837
112.833
113.036
113.46
113.678
113.743
113.754
113.687
113.54
113.306
113.014
112.638
112.146
111.552
110.938
110.436
110.19
110.009
109.614
108.899
108.144
107.856
107.815
107.583
107.288
106.926
106.364
105.629
104.836
103.774
102.393
100.818
99.1546
97.471
95.8018
94.1653
92.5713
91.0294
89.5538
88.1637
86.882
85.7327
84.7384
83.9177
83.282
82.8348
82.575
82.4937
82.5748
82.7975
83.1384
83.5734
84.0792
84.6341
85.2171
85.8064
86.378
86.9043
87.3552
87.7016
87.9207
87.9997
87.9362
87.7355
87.4242
87.0256
86.5642
86.0614
85.5348
84.9973
84.4574
83.9184
83.3782
82.8294
82.2617
81.6643
81.0296
80.3556
79.6431
78.8927
78.1035
77.2734
76.4154
75.5238
74.6011
73.6421
72.6373
71.577
70.4705
69.3522
68.2627
67.223
66.2323
65.2788
64.3535
63.4512
62.5688
61.7034
60.8513
60.0087
59.1716
58.3363
57.4996
56.66
55.816
54.967
54.1124
53.2523
52.3873
51.5168
50.6492
49.7666
124.895
124.835
124.739
124.643
124.614
124.678
124.796
124.897
124.943
124.926
124.859
124.758
124.643
124.526
124.41
124.284
124.12
123.901
123.62
123.304
122.987
122.673
122.344
122.075
121.887
121.717
121.509
121.259
120.985
120.681
120.341
119.962
119.52
119.003
118.414
117.757
117.044
116.283
115.487
114.666
113.834
113.003
112.189
111.404
110.663
109.98
109.369
108.84
108.4
108.054
107.817
107.682
107.643
107.698
107.839
108.059
108.349
108.699
109.097
109.534
109.996
110.47
110.943
111.399
111.821
112.186
112.472
112.67
112.819
113.032
113.408
113.833
114.036
114.04
113.984
113.868
113.689
113.441
113.119
112.699
112.146
111.512
110.861
110.262
109.836
109.52
109.021
108.241
107.438
107.209
107.566
107.73
107.483
106.96
106.206
105.289
104.226
102.994
101.618
100.14
98.6018
97.0333
95.4556
93.8831
92.3291
90.8085
89.3392
87.9447
86.6519
85.4891
84.4822
83.6523
83.0128
82.5678
82.3154
82.2453
82.3401
82.5774
82.9322
83.3793
83.8947
84.4572
85.0468
85.6438
86.2261
86.7675
87.2375
87.6044
87.842
87.9351
87.8792
87.6823
87.3709
86.9699
86.5054
86.0002
85.4723
84.9352
84.3979
83.8639
83.3308
82.7901
82.2298
81.6384
81.0082
80.3373
79.6275
78.8799
78.0935
77.266
76.3958
75.4918
74.5545
73.5842
72.5747
71.5211
70.4321
69.3368
68.264
67.2305
66.2385
65.2812
64.352
63.447
62.5632
61.6976
60.8459
60.004
59.1673
58.3325
57.4964
56.6571
55.8133
54.9639
54.109
53.2475
52.3812
51.5077
50.6356
49.7492
125.137
125.127
125.079
124.978
124.877
124.824
124.811
124.798
124.764
124.705
124.635
124.569
124.518
124.486
124.475
124.449
124.344
124.147
123.883
123.551
123.228
122.921
122.618
122.315
122.016
121.714
121.397
121.06
120.697
120.304
119.879
119.414
118.9
118.334
117.717
117.048
116.333
115.575
114.784
113.969
113.142
112.315
111.501
110.717
109.976
109.293
108.683
108.159
107.734
107.413
107.184
107.059
107.035
107.107
107.269
107.511
107.822
108.192
108.607
109.056
109.526
110.003
110.477
110.936
111.372
111.777
112.143
112.469
112.779
113.128
113.533
113.909
114.086
114.093
114.026
113.897
113.719
113.495
113.2
112.75
112.108
111.44
110.855
110.332
109.842
109.328
108.664
107.833
107.045
106.826
107.244
107.364
107.109
106.565
105.7
104.643
103.478
102.223
100.891
99.494
98.0475
96.5659
95.0611
93.5432
92.0232
90.5165
89.0446
87.6354
86.3215
85.1361
84.1093
83.2646
82.618
82.1744
81.9319
81.8782
81.9933
82.2524
82.6278
83.0923
83.6212
84.1934
84.7909
85.3969
85.9928
86.5547
87.0521
87.4499
87.7164
87.8324
87.7874
87.5985
87.2876
86.8833
86.4143
85.905
85.3745
84.8372
84.3026
83.7753
83.2522
82.7234
82.1745
81.592
80.9679
80.3014
79.5943
78.8472
78.0585
77.229
76.3592
75.4527
74.5073
73.525
72.5081
71.458
70.3841
69.307
68.2481
67.2218
66.2316
65.2732
64.3423
63.4363
62.5526
61.6879
60.8378
59.9976
59.1625
58.3288
57.494
56.6548
55.8107
54.9608
54.1048
53.2419
52.3737
51.4972
50.6192
49.7271
125.379
125.405
125.375
125.267
125.104
124.943
124.804
124.686
124.584
124.498
124.435
124.403
124.402
124.43
124.482
124.506
124.432
124.265
124.042
123.765
123.451
123.12
122.779
122.427
122.058
121.671
121.265
120.84
120.394
119.926
119.43
118.9
118.33
117.716
117.056
116.353
115.607
114.824
114.009
113.172
112.323
111.474
110.64
109.837
109.079
108.384
107.765
107.237
106.81
106.491
106.279
106.175
106.177
106.279
106.474
106.752
107.1
107.506
107.957
108.44
108.942
109.451
109.956
110.449
110.922
111.37
111.794
112.201
112.606
113.018
113.412
113.721
113.881
113.921
113.883
113.779
113.624
113.418
113.143
112.66
111.917
111.227
110.771
110.415
109.952
109.32
108.575
107.827
107.242
106.96
107.066
106.973
106.623
105.948
104.996
103.905
102.738
101.51
100.227
98.8928
97.5155
96.1007
94.6532
93.1773
91.6803
90.1765
88.6894
87.2523
85.9043
84.685
83.6294
82.764
82.1064
81.6655
81.4369
81.4054
81.5479
81.836
82.2386
82.7258
83.2711
83.8536
84.4577
85.0712
85.6804
86.2653
86.7966
87.2351
87.5413
87.692
87.6576
87.4836
87.1751
86.7672
86.2924
85.7776
85.2429
84.7037
84.171
83.6506
83.1392
82.6247
82.0896
81.5179
80.9014
80.2403
79.5376
78.7931
78.0027
77.165
76.2839
75.3667
74.4186
73.4401
72.4283
71.384
70.3202
69.2563
68.2108
67.1946
66.2098
65.2534
64.3232
63.4181
62.5363
61.674
60.8266
59.9889
59.1559
58.3238
57.4895
56.6511
55.8072
54.9569
54.1001
53.2358
52.3651
51.4856
50.6012
49.7033
125.462
125.496
125.45
125.309
125.12
124.935
124.773
124.641
124.541
124.471
124.428
124.413
124.43
124.469
124.521
124.525
124.447
124.305
124.102
123.842
123.537
123.196
122.825
122.429
122.009
121.564
121.097
120.607
120.096
119.56
118.996
118.401
117.768
117.096
116.382
115.627
114.833
114.003
113.144
112.265
111.376
110.49
109.622
108.788
108.006
107.291
106.658
106.12
105.686
105.364
105.158
105.07
105.098
105.236
105.473
105.796
106.193
106.647
107.145
107.673
108.219
108.772
109.324
109.869
110.4
110.913
111.406
111.881
112.343
112.785
113.174
113.463
113.626
113.68
113.651
113.556
113.407
113.197
112.914
112.443
111.713
111.034
110.696
110.471
110.023
109.278
108.476
107.857
107.387
107.085
106.912
106.637
106.11
105.303
104.306
103.218
102.071
100.874
99.6325
98.3509
97.0311
95.6719
94.2701
92.8235
91.3351
89.8181
88.2991
86.8177
85.421
84.1561
83.063
82.1717
81.5021
81.0654
80.8542
80.8508
81.0278
81.3523
81.789
82.304
82.8684
83.4606
84.0677
84.6832
85.3007
85.9064
86.4741
86.9607
87.315
87.5022
87.502
87.3402
87.0354
86.624
86.1429
85.6215
85.081
84.538
84.0058
83.4918
82.9933
82.4954
81.9761
81.416
80.8067
80.1513
79.4548
78.7158
77.9266
77.0802
76.1793
75.2408
74.2803
73.3034
72.3037
71.2768
70.2313
69.1846
68.1535
67.1476
66.1692
65.2169
64.2902
63.3891
62.5117
61.6542
60.8114
59.9777
59.148
58.3182
57.4855
56.6479
55.804
54.9533
54.0954
53.2296
52.3564
51.4738
50.5835
49.6795
125.601
125.577
125.47
125.298
125.111
124.932
124.776
124.652
124.563
124.511
124.492
124.493
124.513
124.544
124.563
124.53
124.442
124.297
124.093
123.834
123.527
123.177
122.788
122.364
121.907
121.421
120.906
120.363
119.792
119.191
118.56
117.895
117.196
116.459
115.683
114.87
114.02
113.139
112.232
111.309
110.379
109.457
108.557
107.696
106.889
106.153
105.502
104.947
104.496
104.159
103.953
103.879
103.931
104.1
104.374
104.74
105.183
105.686
106.234
106.811
107.403
108.001
108.597
109.19
109.776
110.353
110.919
111.47
111.995
112.476
112.883
113.187
113.376
113.457
113.445
113.357
113.198
112.967
112.657
112.24
111.613
110.986
110.71
110.512
110.025
109.202
108.342
107.721
107.335
107.046
106.76
106.323
105.643
104.747
103.729
102.643
101.508
100.333
99.1265
97.8903
96.6194
95.3042
93.9344
92.5016
91.0049
89.4569
87.888
86.3452
84.8845
83.5612
82.4219
81.5002
80.8186
80.3876
80.1997
80.2326
80.4538
80.8245
81.3042
81.854
82.4415
83.0435
83.6491
84.2583
84.8746
85.4933
86.0941
86.6326
87.0429
87.275
87.3113
87.1679
86.8693
86.4554
85.9682
85.4396
84.8919
84.3428
83.8085
83.2996
82.8141
82.3339
81.8314
81.2825
80.679
80.0284
79.3389
78.6078
77.822
76.9697
76.0517
75.0823
74.0934
73.1041
72.1161
71.1183
70.1045
69.0837
68.071
67.0778
66.1087
65.1643
64.2447
63.3504
62.48
61.6294
60.793
59.9647
59.1391
58.3123
57.4813
56.6444
55.8007
54.9495
54.0907
53.2235
52.3478
51.462
50.5664
49.6566
125.759
125.674
125.502
125.323
125.149
124.984
124.838
124.721
124.639
124.593
124.581
124.59
124.61
124.625
124.612
124.553
124.447
124.287
124.072
123.805
123.49
123.129
122.724
122.277
121.791
121.265
120.702
120.104
119.471
118.806
118.11
117.382
116.622
115.828
115.001
114.14
113.249
112.33
111.39
110.437
109.479
108.529
107.599
106.705
105.863
105.09
104.402
103.815
103.343
102.997
102.787
102.716
102.781
102.975
103.286
103.697
104.19
104.745
105.34
105.959
106.587
107.215
107.841
108.464
109.086
109.709
110.334
110.952
111.545
112.082
112.533
112.876
113.106
113.228
113.251
113.189
113.049
112.837
112.536
112.182
111.658
111.156
110.84
110.585
110.064
109.256
108.396
107.763
107.363
107.034
106.658
106.089
105.294
104.338
103.296
102.199
101.064
99.9034
98.7254
97.5271
96.2952
95.0113
93.6582
92.2227
90.6997
89.1012
87.4626
85.8395
84.298
82.9025
81.7062
80.7479
80.0535
79.6311
79.4732
79.553
79.8311
80.2619
80.7982
81.3948
82.0142
82.6304
83.2321
83.8261
84.4282
85.0465
85.6704
86.2605
86.7326
87.0143
87.0887
86.9675
86.6774
86.2624
85.7701
85.2351
84.6793
84.1215
83.5818
83.0758
82.6024
82.1401
81.6537
81.1132
80.5117
79.8631
79.1806
78.4601
77.6804
76.8218
75.8839
74.8838
73.8639
72.8526
71.8658
70.8946
69.922
68.9409
67.9577
66.9846
66.0304
65.098
64.1887
63.3037
62.4421
61.6002
60.7716
59.9499
59.1294
58.306
57.4771
56.6412
55.7977
54.9461
54.0863
53.2175
52.3394
51.4506
50.5503
49.6352
125.833
125.728
125.564
125.412
125.264
125.119
124.991
124.891
124.821
124.784
124.774
124.771
124.768
124.752
124.705
124.619
124.489
124.308
124.077
123.798
123.471
123.095
122.672
122.199
121.677
121.107
120.49
119.833
119.14
118.419
117.671
116.899
116.1
115.274
114.418
113.532
112.616
111.673
110.708
109.726
108.735
107.743
106.763
105.807
104.895
104.045
103.281
102.627
102.107
101.738
101.522
101.46
101.555
101.798
102.173
102.657
103.225
103.85
104.51
105.185
105.858
106.515
107.152
107.774
108.395
109.03
109.686
110.356
111.015
111.623
112.141
112.543
112.826
112.996
113.065
113.044
112.942
112.771
112.506
112.225
111.813
111.44
111.073
110.781
110.281
109.569
108.776
108.144
107.685
107.266
106.741
106.019
105.113
104.095
103.013
101.89
100.745
99.5925
98.4362
97.2666
96.0621
94.7961
93.4442
91.9885
90.4195
88.7487
87.0193
85.2982
83.6601
82.1774
80.9112
79.9063
79.1938
78.7822
78.6615
78.7998
79.1497
79.6568
80.2669
80.9279
81.5957
82.239
82.8422
83.4165
83.9921
84.5934
85.2246
85.8596
86.3935
86.7255
86.8384
86.7417
86.4621
86.0474
85.5516
85.0115
84.4469
83.8772
83.3277
82.8203
82.3567
81.911
81.4389
80.9026
80.2968
79.6449
78.9672
78.2583
77.4872
76.6218
75.6602
74.6302
73.582
72.5494
71.5569
70.6058
69.6769
68.7471
67.8077
66.8667
65.9353
65.0199
64.124
63.2505
62.3997
61.5678
60.7483
59.9342
59.1195
58.3001
57.4735
56.6386
55.7951
54.943
54.0822
53.2119
52.3316
51.4397
50.5354
49.6154
125.925
125.836
125.712
125.594
125.471
125.351
125.245
125.162
125.1
125.062
125.041
125.022
124.991
124.939
124.859
124.745
124.589
124.383
124.133
123.838
123.494
123.099
122.651
122.145
121.581
120.96
120.288
119.575
118.833
118.07
117.293
116.498
115.684
114.844
113.974
113.072
112.135
111.163
110.157
109.12
108.058
106.978
105.895
104.825
103.79
102.818
101.939
101.185
100.587
100.167
99.9386
99.9069
100.066
100.399
100.883
101.486
102.174
102.917
103.684
104.452
105.201
105.914
106.583
107.207
107.802
108.401
109.035
109.718
110.43
111.117
111.719
112.201
112.552
112.781
112.901
112.927
112.874
112.752
112.559
112.328
112.044
111.72
111.415
111.102
110.691
110.135
109.482
108.91
108.38
107.798
107.063
106.148
105.112
104.014
102.875
101.714
100.551
99.3977
98.2543
97.1023
95.9127
94.6512
93.2857
91.7934
90.1604
88.3987
86.5615
84.7277
82.9776
81.3895
80.0347
78.9681
78.2288
77.8237
77.7444
77.952
78.3882
78.988
79.69
80.4361
81.1742
81.8658
82.4878
83.0486
83.5929
84.1662
84.7879
85.4547
86.0351
86.4151
86.5649
86.4937
86.2268
85.8143
85.3173
84.774
84.2002
83.6144
83.0482
82.5322
82.0724
81.6391
81.1777
80.64
80.0232
79.3621
78.685
77.9856
77.2221
76.348
75.3589
74.2963
73.2235
72.1791
71.1895
70.2592
69.3722
68.4989
67.6163
66.7214
65.8229
64.9304
64.0518
63.1927
62.3546
61.5341
60.7245
59.9185
59.11
58.2948
57.4707
56.6368
55.7934
54.9406
54.0786
53.2068
52.3244
51.4296
50.5216
49.5974
126.122
126.056
125.969
125.881
125.78
125.681
125.591
125.518
125.461
125.418
125.382
125.34
125.279
125.193
125.082
124.942
124.758
124.527
124.255
123.94
123.575
123.156
122.677
122.134
121.523
120.85
120.125
119.365
118.585
117.797
117.005
116.203
115.384
114.537
113.655
112.731
111.76
110.741
109.67
108.55
107.385
106.184
104.963
103.743
102.554
101.428
100.408
99.5356
98.8493
98.379
98.142
98.1435
98.376
98.8179
99.4357
100.188
101.029
101.918
102.817
103.7
104.549
105.35
106.088
106.752
107.347
107.906
108.483
109.127
109.847
110.593
111.284
111.857
112.29
112.588
112.767
112.847
112.846
112.777
112.654
112.489
112.292
112.023
111.824
111.506
111.218
110.839
110.382
109.863
109.252
108.485
107.521
106.416
105.252
104.064
102.86
101.653
100.465
99.3037
98.164
97.0194
95.8326
94.5636
93.1733
91.6319
89.9221
88.057
86.1014
84.1435
82.2627
80.5444
79.0777
77.9312
77.1534
76.7537
76.7225
77.011
77.5469
78.2506
79.0542
79.8984
80.7265
81.4906
82.1544
82.7191
83.238
83.783
84.387
85.0609
85.6745
86.0919
86.2728
86.2263
85.9741
85.5664
85.0712
84.5273
83.9439
83.3367
82.7442
82.2096
81.7441
81.3147
80.8567
80.3108
79.678
79.0048
78.3238
77.6254
76.8601
75.9699
74.9458
73.8467
72.7554
71.7176
70.7527
69.8567
69.0147
68.2003
67.3831
66.5465
65.6921
64.8303
63.9734
63.1316
62.3084
61.5006
60.7015
59.9039
59.1016
58.2907
57.4691
56.6362
55.7927
54.9391
54.0759
53.2025
52.3179
51.4205
50.509
49.5811
126.444
126.402
126.341
126.269
126.184
126.099
126.021
125.952
125.892
125.84
125.788
125.722
125.631
125.514
125.377
125.214
125.005
124.749
124.454
124.116
123.727
123.281
122.769
122.186
121.531
120.809
120.036
119.235
118.426
117.621
116.822
116.019
115.198
114.345
113.448
112.498
111.487
110.412
109.268
108.055
106.777
105.442
104.069
102.68
101.31
100.005
98.8149
97.7975
97.0049
96.4746
96.2271
96.263
96.5773
97.1442
97.9196
98.8478
99.8693
100.928
101.977
102.984
103.929
104.808
105.619
106.351
106.988
107.54
108.066
108.65
109.337
110.108
110.87
111.532
112.048
112.418
112.661
112.797
112.851
112.838
112.773
112.669
112.534
112.36
112.178
111.968
111.749
111.51
111.194
110.733
110.064
109.139
107.997
106.736
105.472
104.203
102.936
101.685
100.467
99.2908
98.1464
97.0003
95.807
94.5206
93.0974
91.501
89.71
87.7384
85.6574
83.564
81.5327
79.6619
78.0652
76.8283
76.0058
75.614
75.6375
76.0167
76.6627
77.4766
78.382
79.3235
80.2465
81.098
81.8229
82.4063
82.921
83.4455
84.028
84.6943
85.3242
85.7646
85.9674
85.9425
85.7066
85.3069
84.817
84.2754
83.682
83.0458
82.415
81.849
81.3662
80.93
80.4668
79.91
79.2637
78.5798
77.8885
77.1756
76.3833
75.4536
74.3797
73.2395
72.1353
71.1296
70.2232
69.3906
68.6097
67.8596
67.1122
66.3428
65.5431
64.7206
63.8909
63.0693
62.2629
61.4691
60.6811
59.8916
59.0953
58.2883
57.469
56.6371
55.7934
54.939
54.0744
53.1991
52.3123
51.4123
50.4977
49.5664
126.881
126.852
126.804
126.741
126.666
126.587
126.512
126.442
126.376
126.312
126.245
126.159
126.045
125.903
125.744
125.564
125.334
125.055
124.738
124.378
123.964
123.49
122.945
122.325
121.629
120.865
120.051
119.214
118.378
117.557
116.751
115.947
115.128
114.272
113.362
112.388
111.341
110.213
108.998
107.694
106.302
104.829
103.291
101.716
100.147
98.6394
97.26
96.0791
95.1607
94.5513
94.2771
94.3485
94.7533
95.456
96.4024
97.5233
98.7444
99.9947
101.216
102.364
103.412
104.355
105.21
105.992
106.682
107.262
107.762
108.286
108.927
109.695
110.505
111.241
111.833
112.27
112.574
112.769
112.877
112.916
112.902
112.848
112.765
112.654
112.506
112.387
112.214
112.043
111.814
111.4
110.699
109.671
108.413
107.072
105.73
104.397
103.077
101.783
100.533
99.3373
98.1813
97.0267
95.8217
94.5142
93.055
91.4028
89.5343
87.464
85.2526
83.0183
80.8281
78.7955
77.0602
75.7252
74.8571
74.4595
74.5323
75.0059
75.7751
76.7107
77.7174
78.7471
79.7552
80.6956
81.4848
82.1049
82.627
83.1428
83.71
84.3622
84.9926
85.4411
85.6549
85.6466
85.428
85.0399
84.5591
84.0225
83.4179
82.7427
82.0599
81.4483
80.9339
80.4808
80.0124
79.4565
78.8092
78.1117
77.3894
76.6381
75.7952
74.7901
73.6325
72.4266
71.3135
70.3737
69.5715
68.8458
68.1562
67.4843
66.8114
66.1142
65.3776
64.6032
63.8071
63.0089
62.2204
61.4412
60.6643
59.8829
59.0919
58.2883
57.4709
56.6396
55.7957
54.9403
54.0742
53.197
52.3079
51.4052
50.4877
49.5533
127.408
127.382
127.339
127.28
127.208
127.13
127.052
126.976
126.902
126.827
126.746
126.646
126.516
126.357
126.183
125.991
125.749
125.451
125.114
124.732
124.295
123.794
123.22
122.568
121.838
121.039
120.191
119.321
118.457
117.616
116.798
115.991
115.173
114.317
113.403
112.414
111.339
110.17
108.897
107.515
106.023
104.426
102.74
100.998
99.2507
97.5667
96.0246
94.7051
93.6816
93.0053
92.7039
92.7871
93.2458
94.0452
95.1244
96.4031
97.7928
99.2087
100.584
101.869
103.025
104.029
104.903
105.703
106.435
107.05
107.547
108.025
108.619
109.367
110.202
110.989
111.644
112.144
112.505
112.752
112.91
112.996
113.024
113.009
112.961
112.893
112.792
112.676
112.568
112.412
112.212
111.82
111.118
110.065
108.766
107.383
105.996
104.62
103.259
101.929
100.648
99.4275
98.2534
97.0845
95.865
94.5369
93.046
91.3462
89.4087
87.2447
84.9223
82.5466
80.2064
78.0113
76.1277
74.677
73.747
73.3225
73.4372
74.0025
74.9054
75.9767
77.0905
78.2045
79.2884
80.2962
81.1522
81.8153
82.3524
82.8697
83.4309
84.0685
84.6876
85.1311
85.3453
85.3474
85.1455
84.7724
84.3035
83.7734
83.1548
82.43
81.6811
81.0056
80.4414
79.963
79.5018
78.9741
78.3423
77.6157
76.8242
75.9964
75.0797
73.971
72.6967
71.3874
70.2476
69.4044
68.7658
68.2032
67.647
67.0773
66.4885
65.8674
65.1989
64.4801
63.7246
62.9537
62.1838
61.4185
60.6523
59.8784
59.0922
58.2913
57.4751
56.6441
55.7997
54.9432
54.0755
53.1962
52.3047
51.3993
50.479
49.5418
128.011
127.985
127.941
127.878
127.802
127.719
127.634
127.55
127.466
127.382
127.291
127.185
127.048
126.881
126.697
126.497
126.253
125.942
125.586
125.184
124.727
124.201
123.601
122.922
122.165
121.34
120.464
119.566
118.674
117.807
116.969
116.152
115.332
114.481
113.57
112.58
111.494
110.303
108.997
107.567
106.011
104.333
102.549
100.695
98.828
97.0265
95.377
93.9623
92.8582
92.1231
91.7851
91.8625
92.3468
93.2008
94.3584
95.7297
97.2187
98.7293
100.187
101.55
102.779
103.837
104.726
105.518
106.257
106.904
107.419
107.871
108.418
109.133
109.971
110.79
111.493
112.045
112.454
112.745
112.941
113.063
113.125
113.138
113.113
113.063
112.987
112.877
112.767
112.62
112.405
112.027
111.351
110.328
109.046
107.659
106.254
104.855
103.468
102.109
100.799
99.5502
98.352
97.1641
95.9286
94.5833
93.07
91.337
89.3503
87.1139
84.6942
82.1951
79.7163
77.3823
75.3565
73.7735
72.7107
72.3038
72.4494
73.0837
74.1108
75.3105
76.5302
77.7172
78.8613
79.9279
80.8415
81.5468
82.1022
82.6284
83.1928
83.8189
84.4195
84.8487
85.0545
85.0599
84.872
84.5147
84.0578
83.5336
82.8969
82.1148
81.2822
80.514
79.874
79.3668
78.931
78.4504
77.8401
77.0727
76.1799
75.2257
74.1856
72.9366
71.5215
70.1056
68.9218
68.1875
67.7748
67.4429
67.0719
66.6378
66.1491
65.6091
65.0114
64.3532
63.6445
62.9054
62.1552
61.4027
60.6459
59.8787
59.0965
58.2977
57.4821
56.6508
55.8054
54.9476
54.0781
53.1968
52.3027
51.3947
50.4716
49.5317
128.71
128.681
128.629
128.558
128.47
128.375
128.277
128.181
128.087
127.995
127.901
127.795
127.66
127.493
127.306
127.102
126.858
126.547
126.176
125.753
125.272
124.723
124.1
123.397
122.618
121.771
120.876
119.956
119.038
118.143
117.279
116.442
115.614
114.765
113.866
112.889
111.816
110.631
109.323
107.886
106.314
104.613
102.799
100.909
99.0021
97.1586
95.4677
94.0137
92.8716
92.0998
91.7309
91.7851
92.2516
93.0945
94.2478
95.62
97.1142
98.6364
100.103
101.467
102.706
103.782
104.67
105.437
106.161
106.829
107.373
107.817
108.322
108.991
109.813
110.649
111.388
111.98
112.424
112.745
112.969
113.113
113.195
113.224
113.211
113.162
113.088
112.98
112.833
112.668
112.431
112.056
111.429
110.482
109.262
107.905
106.504
105.097
103.697
102.319
100.982
99.7023
98.4739
97.2616
96.0086
94.6505
93.1257
91.3783
89.3686
87.0905
84.6043
82.0129
79.4228
76.9721
74.8294
73.144
72.0208
71.5402
71.6742
72.3497
73.4454
74.7475
76.061
77.309
78.4951
79.6066
80.5658
81.3071
81.8818
82.4217
82.9973
83.617
84.1969
84.6071
84.7988
84.8007
84.6208
84.276
83.8278
83.3066
82.6489
81.8051
80.8642
79.9611
79.2129
78.6773
78.2824
77.852
77.2508
76.4374
75.429
74.2985
73.0493
71.5864
69.9938
68.4911
67.2991
66.6932
66.5657
66.5418
66.4178
66.1599
65.7936
65.3432
64.8184
64.2229
63.5654
62.8629
62.1348
61.3948
60.6458
59.884
59.1051
58.3077
57.4922
56.66
55.8131
54.9536
54.0822
53.1987
52.3022
51.3915
50.4657
49.5233
129.483
129.446
129.382
129.294
129.187
129.071
128.954
128.843
128.739
128.641
128.548
128.449
128.327
128.168
127.982
127.777
127.54
127.237
126.859
126.413
125.907
125.334
124.686
123.962
123.163
122.299
121.388
120.452
119.514
118.596
117.708
116.851
116.012
115.165
114.282
113.332
112.292
111.142
109.871
108.472
106.942
105.287
103.523
101.687
99.8321
98.0335
96.3768
94.9436
93.8061
93.0188
92.6162
92.6216
93.0269
93.7931
94.8574
96.1333
97.5295
98.9643
100.357
101.653
102.839
103.886
104.746
105.466
106.154
106.828
107.401
107.849
108.318
108.938
109.729
110.568
111.328
111.946
112.412
112.75
112.985
113.139
113.225
113.256
113.241
113.184
113.093
112.97
112.795
112.575
112.31
111.933
111.361
110.516
109.397
108.102
106.729
105.33
103.931
102.544
101.187
99.8761
98.6138
97.3726
96.1006
94.7342
93.2099
91.4696
89.4686
87.1908
84.6849
82.0495
79.3967
76.8712
74.6445
72.8747
71.6786
71.1281
71.2239
71.8936
73.0113
74.3684
75.7418
77.025
78.2288
79.3633
80.3504
81.1164
81.708
82.2637
82.8557
83.474
84.0357
84.4268
84.602
84.5947
84.415
84.074
83.6275
83.1057
82.4293
81.5245
80.4524
79.3737
78.4849
77.9139
77.5647
77.1832
76.5715
75.6986
74.5654
73.2155
71.6813
69.9329
68.1068
66.5033
65.3591
64.9313
65.1448
65.5026
65.6886
65.6484
65.4283
65.0774
64.6266
64.0926
63.4874
62.8248
62.1219
61.3948
60.6523
59.8944
59.1178
58.3211
57.5052
56.6716
55.8229
54.9612
54.0877
53.2019
52.3029
51.3895
50.4611
49.5162
130.26
130.214
130.134
130.024
129.89
129.746
129.604
129.474
129.36
129.259
129.172
129.087
128.986
128.844
128.661
128.453
128.216
127.927
127.55
127.089
126.553
125.949
125.274
124.526
123.707
122.828
121.904
120.958
120.009
119.079
118.178
117.309
116.463
115.62
114.753
113.833
112.835
111.738
110.526
109.194
107.742
106.178
104.517
102.793
101.052
99.3593
97.7894
96.4173
95.311
94.5238
94.0909
94.0356
94.3529
95.0034
95.9283
97.0506
98.2897
99.5779
100.842
102.022
103.109
104.089
104.906
105.58
106.225
106.889
107.478
107.932
108.373
108.949
109.706
110.533
111.297
111.924
112.398
112.743
112.98
113.133
113.216
113.238
113.212
113.142
113.029
112.879
112.683
112.418
112.099
111.715
111.186
110.441
109.441
108.236
106.912
105.538
104.149
102.762
101.394
100.059
98.7635
97.4914
96.1992
94.8273
93.3124
91.5957
89.6298
87.3903
84.9112
82.2835
79.6216
77.0703
74.8012
72.9755
71.7148
71.0984
71.1392
71.7656
72.8549
74.2111
75.5975
76.8827
78.0788
79.2137
80.2093
80.9864
81.5905
82.1613
82.7704
83.3896
83.9362
84.3099
84.4683
84.4487
84.2635
83.9171
83.4645
82.9399
82.2524
81.2946
80.0877
78.8207
77.7734
77.1466
76.8286
76.4881
75.8493
74.8896
73.6205
72.0244
70.1518
68.0724
65.9915
64.2633
63.1734
62.9657
63.5646
64.3595
64.9064
65.1183
65.064
64.8207
64.4439
63.968
63.4126
62.7907
62.1152
61.4022
60.6654
59.9099
59.1344
58.3377
57.5208
56.6856
55.8347
54.9707
54.0947
53.2065
52.305
51.389
50.458
49.5108
131.036
130.98
130.88
130.743
130.576
130.397
130.222
130.07
129.943
129.841
129.763
129.7
129.625
129.508
129.336
129.122
128.876
128.585
128.215
127.747
127.186
126.545
125.832
125.052
124.209
123.314
122.381
121.43
120.48
119.549
118.647
117.777
116.931
116.094
115.243
114.352
113.395
112.35
111.203
109.946
108.582
107.12
105.576
103.982
102.377
100.815
99.3606
98.079
97.031
96.2657
95.8149
95.6971
95.9141
96.4313
97.1954
98.1424
99.2037
100.323
101.438
102.49
103.466
104.36
105.117
105.743
106.351
106.998
107.591
108.045
108.464
109.004
109.727
110.534
111.286
111.906
112.376
112.717
112.951
113.097
113.172
113.184
113.141
113.054
112.921
112.742
112.52
112.234
111.869
111.445
110.939
110.273
109.393
108.298
107.049
105.716
104.347
102.97
101.599
100.247
98.9242
97.6214
96.3072
94.9297
93.4283
91.7453
89.8323
87.6593
85.246
82.6718
80.0478
77.5157
75.2434
73.3899
72.0806
71.4018
71.3781
71.9353
72.9568
74.2634
75.6173
76.8713
78.0369
79.1522
80.1388
80.9144
81.526
82.1103
82.7342
83.3535
83.8853
84.2417
84.3825
84.3488
84.1556
83.7984
83.3331
82.8047
82.1149
81.1225
79.8023
78.3609
77.1577
76.4595
76.1377
75.801
75.1146
74.0431
72.6132
70.7537
68.508
66.0561
63.7167
61.8696
60.8237
60.8496
61.8624
63.1344
64.0836
64.5766
64.7049
64.5766
64.2738
63.8521
63.3428
62.7605
62.1138
61.416
60.6846
59.9302
59.1545
58.3571
57.5389
56.7018
55.8486
54.982
54.1034
53.2127
52.3086
51.39
50.4565
49.5071
131.808
131.739
131.616
131.448
131.242
131.02
130.805
130.621
130.476
130.373
130.307
130.27
130.23
130.15
129.998
129.78
129.516
129.205
128.829
128.356
127.777
127.101
126.344
125.522
124.647
123.732
122.791
121.842
120.901
119.982
119.092
118.231
117.394
116.566
115.729
114.86
113.936
112.937
111.848
110.663
109.382
108.016
106.584
105.112
103.637
102.207
100.872
99.6898
98.7105
97.9768
97.5163
97.3455
97.4686
97.8587
98.4713
99.253
100.147
101.104
102.071
102.991
103.856
104.661
105.356
105.939
106.516
107.144
107.728
108.174
108.574
109.088
109.781
110.562
111.294
111.895
112.35
112.678
112.902
113.038
113.1
113.1
113.043
112.937
112.786
112.584
112.333
112.028
111.643
111.178
110.654
110.037
109.257
108.281
107.128
105.857
104.523
103.164
101.799
100.44
99.0962
97.7659
96.4286
95.0431
93.5552
91.9094
90.0583
87.9691
85.6494
83.1645
80.6176
78.1437
75.9029
74.0501
72.7117
71.9786
71.8832
72.3529
73.2781
74.4972
75.78
76.974
78.0902
79.1697
80.1321
80.8952
81.5093
82.1042
82.7389
83.3548
83.8693
84.2065
84.3289
84.2798
84.0788
83.7095
83.2273
82.6931
82.0106
81.0108
79.6182
78.0425
76.7091
75.9341
75.5643
75.1694
74.399
73.1988
71.5789
69.4312
66.8005
63.9617
61.3587
59.4024
58.399
58.6555
60.09
61.8588
63.2367
64.0321
64.3555
64.3476
64.1185
63.7469
63.2791
62.7339
62.1159
61.4344
60.7087
59.9547
59.178
58.3791
57.5591
56.7201
55.8644
54.9951
54.1137
53.2203
52.3137
51.3926
50.4566
49.5051
132.568
132.485
132.337
132.134
131.886
131.615
131.349
131.122
130.951
130.839
130.785
130.777
130.781
130.748
130.631
130.422
130.138
129.795
129.389
128.899
128.302
127.597
126.798
125.929
125.013
124.071
123.119
122.176
121.254
120.362
119.5
118.664
117.846
117.032
116.207
115.352
114.45
113.483
112.44
111.314
110.106
108.827
107.493
106.131
104.773
103.458
102.233
101.142
100.228
99.5277
99.0657
98.8557
98.9018
99.1838
99.6659
100.304
101.048
101.859
102.687
103.487
104.252
104.976
105.611
106.155
106.708
107.317
107.881
108.31
108.694
109.189
109.859
110.613
111.317
111.891
112.323
112.633
112.841
112.964
113.012
112.998
112.926
112.803
112.634
112.415
112.141
111.814
111.419
110.938
110.386
109.772
109.058
108.187
107.142
105.953
104.671
103.341
101.99
100.633
99.2779
97.9262
96.5669
95.1709
93.693
92.0827
90.295
88.2964
86.0858
83.7141
81.2729
78.8878
76.7087
74.8833
73.5363
72.7601
72.5912
72.9631
73.7737
74.8777
76.0595
77.171
78.2237
79.255
80.1811
80.9225
81.5341
82.1362
82.7761
83.3836
83.8765
84.192
84.2948
84.2293
84.0216
83.6424
83.142
82.5989
81.9317
80.9514
79.5408
77.8962
76.473
75.6118
75.1523
74.6394
73.7414
72.3924
70.5586
68.0949
65.0722
61.8539
58.9964
56.9425
55.9837
56.4592
58.3059
60.5709
62.3862
63.4944
64.0196
64.1352
63.9788
63.6528
63.2212
62.7094
62.1192
61.4549
60.7359
59.9826
59.2043
58.4034
57.5813
56.74
55.882
55.0099
54.1257
53.2295
52.3202
51.3967
50.4583
49.5047
133.308
133.209
133.032
132.791
132.499
132.176
131.852
131.569
131.356
131.226
131.181
131.206
131.259
131.282
131.218
131.033
130.741
130.364
129.914
129.386
128.761
128.027
127.19
126.274
125.313
124.335
123.367
122.428
121.53
120.677
119.861
119.069
118.286
117.494
116.682
115.835
114.942
113.992
112.977
111.894
110.745
109.538
108.29
107.023
105.766
104.552
103.421
102.41
101.555
100.887
100.428
100.19
100.175
100.369
100.742
101.257
101.874
102.556
103.265
103.962
104.641
105.293
105.873
106.386
106.921
107.508
108.043
108.448
108.817
109.302
109.953
110.678
111.349
111.89
112.295
112.584
112.774
112.881
112.915
112.885
112.799
112.661
112.476
112.241
111.951
111.604
111.198
110.713
110.147
109.518
108.829
108.035
107.091
105.996
104.783
103.497
102.171
100.824
99.4666
98.1016
96.7242
95.3161
93.8435
92.2635
90.5349
88.6258
86.5291
84.2829
81.9659
79.6911
77.5972
75.8225
74.4868
73.6814
73.4391
73.7083
74.3945
75.3663
76.4276
77.4419
78.4222
79.3965
80.2768
80.9894
81.5941
82.1993
82.8383
83.4314
83.8981
84.1892
84.272
84.1891
83.9752
83.5906
83.0738
82.5189
81.8701
80.9302
79.5557
77.9179
76.4575
75.5058
74.9175
74.2384
73.1747
71.6577
69.5887
66.7851
63.3658
59.7788
56.6814
54.5486
53.647
54.3315
56.5696
59.3119
61.5548
62.9742
63.7012
63.9399
63.8539
63.5693
63.1683
62.6854
62.1214
61.4752
60.7646
60.0127
59.2329
58.4296
57.6051
56.7615
55.901
55.0262
54.1391
53.2401
52.3282
51.4022
50.4616
49.506
134.016
133.898
133.69
133.411
133.076
132.701
132.312
131.956
131.684
131.52
131.476
131.536
131.647
131.737
131.734
131.593
131.312
130.911
130.414
129.833
129.164
128.393
127.517
126.556
125.547
124.528
123.535
122.593
121.717
120.909
120.153
119.424
118.695
117.941
117.149
116.311
115.421
114.476
113.474
112.417
111.309
110.158
108.979
107.791
106.619
105.492
104.441
103.5
102.697
102.06
101.606
101.347
101.285
101.407
101.69
102.103
102.613
103.189
103.798
104.409
105.017
105.609
106.141
106.628
107.148
107.708
108.204
108.581
108.942
109.422
110.058
110.754
111.386
111.891
112.266
112.531
112.703
112.793
112.812
112.768
112.668
112.517
112.316
112.068
111.766
111.404
110.985
110.499
109.932
109.293
108.602
107.848
106.987
105.986
104.854
103.626
102.336
101.009
99.6589
98.2896
96.9003
95.4812
94.0098
92.4529
90.7756
88.9488
86.9626
84.8448
82.6609
80.5101
78.5171
76.8103
75.5014
74.6808
74.3676
74.5356
75.0952
75.9275
76.8582
77.7682
78.6718
79.5831
80.4103
81.0891
81.683
82.2871
82.9185
83.4918
83.9285
84.1928
84.2557
84.1555
83.935
83.5504
83.0216
82.4533
81.8204
80.9328
79.6339
78.0691
76.6275
75.5943
74.8487
73.9741
72.7176
71.0183
68.6973
65.5355
61.722
57.7805
54.458
52.2632
51.4362
52.3296
54.9353
58.1224
60.7669
62.4835
63.4049
63.7624
63.7433
63.4957
63.1201
62.6616
62.1215
61.494
60.7933
60.0442
59.2631
58.4573
57.6303
56.7843
55.9214
55.0439
54.1539
53.252
52.3374
51.409
50.4663
49.5089
134.687
134.543
134.298
133.982
133.608
133.184
132.728
132.283
131.921
131.701
131.645
131.744
131.924
132.091
132.161
132.077
131.826
131.418
130.882
130.245
129.522
128.706
127.788
126.781
125.721
124.657
123.631
122.679
121.821
121.059
120.37
119.715
119.052
118.349
117.587
116.764
115.879
114.937
113.942
112.9
111.819
110.707
109.58
108.454
107.351
106.295
105.312
104.429
103.673
103.063
102.615
102.341
102.242
102.307
102.518
102.848
103.271
103.762
104.291
104.833
105.382
105.92
106.412
106.878
107.381
107.908
108.359
108.71
109.067
109.549
110.171
110.834
111.425
111.892
112.236
112.476
112.629
112.703
112.707
112.649
112.536
112.373
112.16
111.899
111.587
111.215
110.784
110.294
109.732
109.094
108.399
107.657
106.847
105.928
104.881
103.723
102.482
101.186
99.8517
98.4867
97.0929
95.6663
94.1941
92.6537
91.0181
89.263
87.3783
85.3839
83.3334
81.3124
79.4296
77.8008
76.5295
75.6952
75.3273
75.4013
75.8377
76.5307
77.329
78.1341
78.9601
79.8047
80.5739
81.2152
81.7952
82.3935
83.0112
83.5598
83.9641
84.1999
84.2441
84.1275
83.8997
83.5193
82.9852
82.4049
81.7821
80.9487
79.7487
78.3061
76.9292
75.8315
74.9165
73.8366
72.3779
70.4892
67.9062
64.3765
60.1766
55.8965
52.3623
50.122
49.3896
50.5
53.4498
57.0397
60.0468
62.0352
63.1363
63.6041
63.6465
63.4317
63.0772
62.6387
62.12
61.511
60.8215
60.0762
59.2944
58.4863
57.6566
56.8082
55.9428
55.0627
54.1699
53.2651
52.3478
51.4171
50.4723
49.5132
135.334
135.152
134.857
134.499
134.09
133.624
133.099
132.54
132.049
131.733
131.646
131.805
132.077
132.338
132.488
132.469
132.263
131.866
131.305
130.621
129.844
128.98
128.021
126.967
125.855
124.737
123.667
122.69
121.835
121.109
120.489
119.917
119.334
118.692
117.971
117.17
116.297
115.362
114.376
113.348
112.287
111.206
110.119
109.04
107.99
106.989
106.06
105.226
104.507
103.922
103.482
103.198
103.07
103.091
103.244
103.509
103.865
104.288
104.753
105.238
105.736
106.226
106.683
107.13
107.613
108.098
108.504
108.833
109.192
109.679
110.287
110.914
111.461
111.889
112.202
112.419
112.553
112.611
112.602
112.531
112.406
112.231
112.008
111.736
111.415
111.036
110.597
110.102
109.544
108.913
108.219
107.479
106.694
105.835
104.867
103.783
102.604
101.35
100.041
98.6893
97.2987
95.8699
94.3975
92.8687
91.2655
89.5702
87.7743
85.8927
83.9694
82.0762
80.306
78.7618
77.5366
76.6983
76.2838
76.2714
76.5919
77.1517
77.8227
78.5272
79.277
80.0528
80.7606
81.3622
81.9253
82.5133
83.1115
83.6315
84.0024
84.2097
84.2366
84.1057
83.87
83.496
82.964
82.3764
81.7587
80.9726
79.8784
78.5844
77.3041
76.1643
75.0872
73.8085
72.1522
70.0761
67.2288
63.3332
58.7624
54.1618
50.4285
48.1561
47.5398
48.88
52.1522
56.0963
59.4168
61.6417
62.9012
63.4673
63.5643
63.3778
63.0407
62.6185
62.1184
61.5268
60.8489
60.1081
59.3262
58.516
57.6838
56.833
55.9651
55.0824
54.1868
53.2792
52.3594
51.4264
50.4798
49.519
135.959
135.7
135.334
134.938
134.511
134.013
133.416
132.731
132.068
131.614
131.509
131.682
132.058
132.436
132.685
132.754
132.607
132.238
131.67
130.952
130.129
129.222
128.224
127.128
125.96
124.776
123.64
122.613
121.743
121.05
120.502
120.023
119.528
118.955
118.281
117.508
116.653
115.734
114.763
113.753
112.715
111.663
110.61
109.571
108.564
107.607
106.721
105.924
105.235
104.669
104.239
103.948
103.798
103.783
103.893
104.108
104.409
104.778
105.189
105.625
106.077
106.524
106.95
107.379
107.835
108.275
108.638
108.953
109.32
109.813
110.404
110.991
111.494
111.884
112.167
112.36
112.476
112.519
112.497
112.414
112.278
112.093
111.86
111.58
111.25
110.867
110.423
109.922
109.366
108.745
108.058
107.321
106.545
105.722
104.817
103.808
102.696
101.495
100.223
98.8928
97.5135
96.0888
94.6189
93.0994
91.5212
89.874
88.1531
86.3708
84.5632
82.7901
81.13
79.6724
78.4974
77.6647
77.2117
77.1218
77.3368
77.7741
78.3274
78.9386
79.6148
80.3204
80.9649
81.5255
82.0689
82.6419
83.2155
83.7039
84.0418
84.2217
84.2334
84.0912
83.8479
83.4808
82.9576
82.369
81.7539
81.0043
80.0095
78.8668
77.6998
76.5408
75.3248
73.8704
72.0322
69.7776
66.6715
62.4233
57.5069
52.6095
48.694
46.401
45.9183
47.5024
51.0748
55.3192
58.8952
61.3133
62.7051
63.3546
63.4977
63.3344
63.0112
62.6023
62.1178
61.542
60.8754
60.1396
59.3581
58.546
57.7115
56.8583
55.9881
55.1028
54.2045
53.2943
52.3721
51.437
50.4885
49.5262
136.653
136.236
135.777
135.328
134.866
134.33
133.668
132.859
131.998
131.345
131.092
131.345
131.888
132.409
132.755
132.904
132.837
132.521
131.965
131.226
130.37
129.427
128.394
127.261
126.04
124.784
123.571
122.478
121.574
120.897
120.414
120.03
119.633
119.14
118.519
117.779
116.945
116.043
115.092
114.107
113.097
112.077
111.058
110.056
109.087
108.168
107.317
106.551
105.887
105.338
104.914
104.618
104.451
104.41
104.484
104.658
104.915
105.236
105.601
105.993
106.404
106.812
107.21
107.618
108.042
108.435
108.764
109.073
109.452
109.948
110.517
111.063
111.522
111.874
112.129
112.301
112.399
112.428
112.393
112.3
112.154
111.959
111.719
111.43
111.094
110.705
110.259
109.755
109.199
108.587
107.911
107.179
106.409
105.604
104.744
103.8
102.757
101.618
100.392
99.093
97.7326
96.3187
94.8557
93.3456
91.7875
90.1787
88.5195
86.8217
85.1159
83.4516
81.8949
80.5209
79.3972
78.5773
78.0949
77.9382
78.0595
78.3875
78.8356
79.3621
79.967
80.6014
81.1822
81.7013
82.2224
82.7753
83.3198
83.775
84.0813
84.2359
84.2348
84.0847
83.8349
83.4743
82.9654
82.3827
81.7705
81.0462
80.1374
79.1328
78.0813
76.9224
75.5991
74.002
72.0086
69.5892
66.2399
61.6632
56.4363
51.2756
47.1975
44.8967
44.5607
46.397
50.2439
54.7287
58.4965
61.0584
62.552
63.2673
63.4469
63.3015
62.989
62.5907
62.1194
61.5574
60.9011
60.1704
59.3897
58.5762
57.7395
56.884
56.0115
55.1237
54.2229
53.3102
52.3858
51.4488
50.4987
49.535
137.441
136.717
136.151
135.648
135.149
134.572
133.855
132.968
132.006
131.257
130.975
131.261
131.883
132.471
132.822
132.98
132.967
132.716
132.191
131.44
130.563
129.594
128.534
127.368
126.099
124.774
123.469
122.275
121.281
120.566
120.129
119.851
119.581
119.198
118.657
117.972
117.175
116.301
115.374
114.415
113.437
112.451
111.47
110.507
109.576
108.694
107.876
107.139
106.497
105.963
105.545
105.246
105.066
105.003
105.047
105.185
105.402
105.681
106.003
106.354
106.724
107.097
107.468
107.851
108.236
108.586
108.889
109.2
109.593
110.089
110.628
111.13
111.545
111.861
112.089
112.239
112.319
112.334
112.287
112.183
112.028
111.824
111.575
111.28
110.937
110.544
110.096
109.592
109.035
108.429
107.766
107.045
106.281
105.485
104.654
103.763
102.788
101.718
100.55
99.295
97.964
96.569
95.119
93.6217
92.0831
90.5079
88.9027
87.2803
85.6675
84.1056
82.6486
81.3574
80.2887
79.4876
78.9827
78.7671
78.8026
79.0291
79.3791
79.8243
80.3551
80.9123
81.425
81.8997
82.3939
82.9203
83.4297
83.8484
84.1233
84.254
84.2415
84.0867
83.8323
83.478
82.988
82.4187
81.8126
81.1072
80.274
79.3961
78.4576
77.3137
75.9108
74.1986
72.0737
69.4987
65.916
61.0254
55.5101
50.1113
45.8809
43.5837
43.4153
45.5239
49.632
54.3038
58.2047
60.8654
62.4339
63.2003
63.408
63.2763
62.9724
62.5833
62.1238
61.5746
60.9284
60.2031
59.4235
58.6089
57.7703
56.9124
56.0374
55.1471
54.2437
53.3286
52.402
51.4631
50.5114
49.5463
137.925
137.156
136.528
135.968
135.415
134.79
134.032
133.12
132.159
131.413
131.123
131.399
132.004
132.581
132.965
133.135
133.089
132.852
132.353
131.614
130.722
129.732
128.648
127.453
126.141
124.739
123.305
121.928
120.747
119.939
119.567
119.461
119.389
119.162
118.719
118.093
117.341
116.507
115.619
114.696
113.754
112.807
111.866
110.945
110.056
109.213
108.431
107.724
107.105
106.586
106.174
105.872
105.681
105.597
105.613
105.717
105.895
106.132
106.411
106.722
107.052
107.389
107.732
108.082
108.426
108.736
109.023
109.344
109.75
110.237
110.741
111.194
111.563
111.843
112.043
112.172
112.234
112.234
112.174
112.06
111.895
111.683
111.426
111.124
110.775
110.378
109.929
109.425
108.869
108.267
107.615
106.909
106.155
105.368
104.554
103.702
102.787
101.789
100.692
99.4957
98.2085
96.844
95.4159
93.9375
92.4209
90.8781
89.3212
87.7662
86.2375
84.7698
83.4067
82.1962
81.1841
80.4065
79.8859
79.6193
79.5776
79.7115
79.9707
80.3361
80.7872
81.2591
81.698
82.1238
82.5845
83.0761
83.5437
83.9228
84.1672
84.2766
84.2555
84.1001
83.8448
83.4972
83.0293
82.4812
81.8868
81.1975
80.4254
79.6547
78.8132
77.6958
76.2484
74.46
72.2411
69.5367
65.7523
60.596
54.8485
49.2655
44.9114
42.6387
42.6517
45.0301
49.3592
54.1321
58.0756
60.7667
62.3691
63.162
63.3838
63.2601
62.9634
62.5824
62.133
61.5949
60.9578
60.2376
59.4596
58.6443
57.8037
56.9434
56.0659
55.1731
54.2672
53.3499
52.4212
51.4806
50.5273
49.561
138.233
137.464
136.795
136.183
135.583
134.933
134.187
133.337
132.468
131.796
131.542
131.775
132.315
132.816
133.049
133.101
133.16
133.06
132.53
131.781
130.889
129.882
128.771
127.546
126.186
124.68
123.032
121.34
119.878
118.991
118.782
118.95
119.13
119.07
118.734
118.183
117.481
116.681
115.828
114.947
114.051
113.15
112.255
111.378
110.532
109.731
108.986
108.313
107.72
107.217
106.811
106.507
106.304
106.201
106.188
106.257
106.396
106.591
106.828
107.097
107.386
107.688
107.997
108.31
108.611
108.891
109.175
109.51
109.925
110.391
110.849
111.25
111.575
111.82
111.993
112.099
112.144
112.128
112.056
111.931
111.757
111.537
111.272
110.964
110.61
110.209
109.759
109.256
108.703
108.105
107.463
106.773
106.034
105.256
104.453
103.624
102.756
101.824
100.803
99.6783
98.4496
97.1283
95.7322
94.28
92.7899
91.2795
89.7665
88.2701
86.8139
85.4279
84.1473
83.0094
82.0501
81.2979
80.7685
80.4603
80.3531
80.4072
80.586
80.8744
81.2413
81.623
81.9863
82.3602
82.7807
83.23
83.6517
83.991
84.2084
84.3016
84.2759
84.1247
83.8733
83.5339
83.0885
82.5656
81.9876
81.3149
80.5882
79.8958
79.1245
78.0382
76.5804
74.7603
72.4936
69.7018
65.7776
60.4467
54.5666
48.8969
44.4786
42.2534
42.4387
45.0348
49.5023
54.26
58.1386
60.7825
62.3696
63.1576
63.3768
63.2548
62.9636
62.5895
62.148
61.6181
60.988
60.2718
59.4951
58.6792
57.837
56.9744
56.0945
55.1994
54.2915
53.3722
52.4418
51.4998
50.5453
49.5778
138.459
137.711
137.033
136.395
135.767
135.113
134.41
133.671
132.963
132.422
132.168
132.28
132.611
132.914
133.11
133.2
133.169
132.966
132.585
131.936
131.087
130.099
128.986
127.739
126.312
124.634
122.653
120.545
118.777
117.865
117.899
118.397
118.844
118.957
118.721
118.23
117.576
116.83
116.023
115.18
114.323
113.468
112.624
111.798
110.999
110.24
109.533
108.89
108.322
107.837
107.44
107.134
106.921
106.798
106.758
106.793
106.894
107.048
107.244
107.472
107.722
107.986
108.258
108.532
108.798
109.061
109.352
109.701
110.112
110.544
110.95
111.299
111.58
111.792
111.938
112.023
112.049
112.018
111.933
111.797
111.614
111.386
111.115
110.8
110.442
110.038
109.587
109.087
108.538
107.944
107.31
106.635
105.913
105.149
104.356
103.541
102.703
101.824
100.875
99.8294
98.6729
97.4096
96.0577
94.6412
93.1842
91.71
90.2408
88.7984
87.4064
86.0915
84.8825
83.8084
82.8968
82.1699
81.6367
81.2963
81.1343
81.1195
81.2253
81.4362
81.7129
82.0005
82.2867
82.6045
82.9767
83.3759
83.7486
84.0493
84.2438
84.3265
84.3013
84.159
83.9169
83.5888
83.1656
82.6691
82.1108
81.4573
80.7659
80.1264
79.4003
78.3459
76.9035
75.0903
72.8176
69.9853
65.9944
60.5923
54.6926
49.0598
44.6565
42.5057
42.8394
45.5763
50.0737
54.6833
58.3888
60.9128
62.4367
63.1887
63.3889
63.2627
62.9749
62.6063
62.1704
61.6459
61.0198
60.3061
59.5302
58.7137
57.8699
57.0053
56.123
55.2259
54.3163
53.3955
52.4638
51.5206
50.5651
49.5967
138.648
137.924
137.247
136.6
135.966
135.329
134.684
134.044
133.452
132.986
132.727
132.711
132.871
133.075
133.185
133.154
133.094
132.941
132.59
132.058
131.356
130.436
129.346
128.083
126.558
124.632
122.249
119.715
117.689
116.825
117.145
117.947
118.6
118.828
118.672
118.25
117.656
116.953
116.193
115.399
114.589
113.775
112.971
112.19
111.44
110.729
110.062
109.453
108.91
108.442
108.053
107.747
107.525
107.382
107.316
107.319
107.383
107.498
107.654
107.841
108.051
108.277
108.512
108.752
108.996
109.257
109.559
109.913
110.303
110.689
111.04
111.339
111.579
111.758
111.878
111.942
111.95
111.904
111.806
111.66
111.468
111.232
110.954
110.634
110.272
109.866
109.414
108.917
108.373
107.785
107.158
106.495
105.791
105.045
104.263
103.459
102.638
101.795
100.906
99.9374
98.862
97.6711
96.3777
95.0085
93.594
92.163
90.7415
89.3536
88.0224
86.7721
85.6266
84.6086
83.7397
83.0361
82.5026
82.1374
81.9288
81.8524
81.8883
82.0176
82.1974
82.3879
82.5954
82.8513
83.1657
83.5072
83.8285
84.0926
84.2689
84.3473
84.3284
84.2004
83.9733
83.6607
83.2598
82.789
82.2524
81.6207
80.9581
80.3516
79.6513
78.627
77.2183
75.4427
73.201
70.3778
66.3987
61.033
55.2355
49.774
45.4738
43.4329
43.8778
46.6503
51.0544
55.38
58.8128
61.154
62.5716
63.2584
63.424
63.2869
62.9998
62.6348
62.2021
61.6794
61.0544
60.3412
59.5652
58.7479
57.9025
57.0358
56.1515
55.2526
54.3415
53.4196
52.4869
51.5429
50.5868
49.6177
138.817
138.116
137.448
136.806
136.182
135.57
134.971
134.397
133.878
133.461
133.189
133.086
133.123
133.189
133.2
133.153
133.045
132.842
132.513
132.065
131.509
130.782
129.798
128.524
126.877
124.706
121.991
119.169
117.028
116.243
116.803
117.778
118.51
118.776
118.653
118.271
117.727
117.08
116.37
115.62
114.85
114.078
113.315
112.571
111.857
111.181
110.549
109.973
109.456
109.006
108.629
108.325
108.095
107.937
107.848
107.822
107.852
107.931
108.048
108.197
108.37
108.561
108.767
108.986
109.222
109.488
109.795
110.136
110.486
110.819
111.116
111.369
111.571
111.72
111.815
111.857
111.848
111.787
111.676
111.519
111.319
111.076
110.792
110.467
110.101
109.693
109.242
108.747
108.208
107.628
107.009
106.356
105.668
104.94
104.175
103.381
102.571
101.749
100.901
99.9979
99.0036
97.8948
96.6737
95.3653
94.0047
92.6264
91.2604
89.9318
88.6631
87.476
86.3902
85.4241
84.5942
83.9118
83.3794
82.9933
82.7422
82.6072
82.5721
82.6132
82.6902
82.7821
82.908
83.0939
83.3401
83.6166
83.8847
84.1147
84.2778
84.3586
84.3528
84.2453
84.0391
83.7469
83.3693
82.9232
82.409
81.8005
81.1625
80.575
79.8872
78.8903
77.5278
75.811
73.633
70.8655
66.9783
61.7584
56.1881
51.0248
46.9156
45.0133
45.5332
48.199
52.3964
56.3076
59.3885
61.4984
62.7729
63.3686
63.4853
63.3306
63.0406
62.6769
62.2444
61.7197
61.0923
60.3776
59.6005
58.782
57.9349
57.0661
56.1798
55.2794
54.3672
53.4444
52.511
51.5666
50.61
49.6406
138.971
138.293
137.64
137.012
136.404
135.815
135.251
134.721
134.246
133.85
133.563
133.394
133.318
133.283
133.233
133.122
132.957
132.729
132.41
131.993
131.498
130.894
130.062
128.858
127.157
124.863
122.04
119.2
117.147
116.352
117.106
118.032
118.652
118.841
118.697
118.333
117.823
117.218
116.551
115.847
115.123
114.391
113.662
112.95
112.266
111.618
111.015
110.459
109.959
109.521
109.149
108.845
108.61
108.441
108.334
108.286
108.289
108.337
108.423
108.541
108.685
108.853
109.042
109.252
109.488
109.753
110.046
110.352
110.652
110.931
111.18
111.391
111.559
111.678
111.748
111.769
111.742
111.667
111.544
111.377
111.168
110.918
110.628
110.299
109.93
109.521
109.07
108.578
108.045
107.472
106.862
106.218
105.543
104.834
104.088
103.309
102.508
101.696
100.872
100.016
99.0923
98.0667
96.9274
95.6924
94.3979
93.0838
91.7834
90.5228
89.3229
88.202
87.1767
86.2618
85.4687
84.8059
84.2745
83.8682
83.5753
83.3815
83.2711
83.2168
83.1873
83.1799
83.2194
83.3246
83.4915
83.6961
83.9096
84.1082
84.2633
84.3536
84.3688
84.2889
84.1104
83.8437
83.4911
83.0695
82.5777
81.9924
81.3758
80.7985
80.1152
79.1428
77.8338
76.1897
74.1017
71.4277
67.7078
62.7369
57.5012
52.7368
48.9044
47.1547
47.7093
50.1075
54.0261
57.4059
60.0855
61.9312
63.0334
63.517
63.5736
63.3953
63.099
62.7341
62.2984
61.7675
61.1342
60.4158
59.6366
58.8162
57.9671
57.0962
56.2081
55.3064
54.3933
53.4699
52.5362
51.5916
50.6349
49.6654
139.113
138.456
137.82
137.208
136.617
136.051
135.512
135.011
134.56
134.174
133.868
133.644
133.488
133.37
133.242
133.076
132.872
132.618
132.289
131.871
131.371
130.774
129.993
128.876
127.265
125.095
122.5
119.994
118.3
117.935
118.126
118.666
118.999
119.025
118.817
118.442
117.949
117.374
116.744
116.079
115.396
114.706
114.019
113.345
112.69
112.07
111.49
110.954
110.469
110.039
109.669
109.362
109.119
108.937
108.814
108.745
108.726
108.751
108.813
108.908
109.033
109.184
109.361
109.562
109.786
110.031
110.288
110.546
110.794
111.025
111.232
111.406
111.541
111.631
111.677
111.678
111.634
111.544
111.409
111.232
111.015
110.759
110.464
110.13
109.759
109.349
108.9
108.411
107.883
107.318
106.717
106.084
105.42
104.727
104
103.239
102.451
101.647
100.834
100.006
99.1343
98.1825
97.126
95.9723
94.7546
93.5157
92.2922
91.1104
89.9886
88.9413
87.9811
87.1189
86.363
85.7197
85.1877
84.7595
84.4239
84.1692
83.9776
83.8223
83.6854
83.5777
83.5234
83.5354
83.6112
83.737
83.8941
84.0636
84.2164
84.3245
84.3699
84.3261
84.1828
83.9471
83.6222
83.2255
82.7557
82.1921
81.5947
81.0224
80.339
79.3892
78.1365
76.5735
74.5933
72.0406
68.5495
63.9063
59.0691
54.7605
51.3137
49.7098
50.2634
52.4459
55.666
58.5996
60.865
62.4296
63.3396
63.6964
63.6864
63.4809
63.1762
62.8074
62.3641
61.8226
61.1803
60.4561
59.6735
58.8507
57.9992
57.1261
56.2365
55.3337
54.4199
53.4962
52.5623
51.6178
50.6613
49.6921
139.241
138.606
137.989
137.394
136.821
136.273
135.753
135.269
134.829
134.442
134.115
133.845
133.624
133.429
133.234
133.017
132.767
132.475
132.122
131.692
131.176
130.557
129.771
128.713
127.281
125.449
123.349
121.366
119.976
119.424
119.322
119.432
119.444
119.292
119.001
118.598
118.107
117.552
116.952
116.322
115.677
115.027
114.38
113.744
113.129
112.538
111.983
111.468
111
110.581
110.217
109.91
109.66
109.469
109.331
109.244
109.204
109.207
109.247
109.321
109.426
109.557
109.712
109.889
110.083
110.289
110.501
110.712
110.917
111.107
111.276
111.415
111.518
111.581
111.604
111.585
111.524
111.421
111.274
111.087
110.862
110.6
110.3
109.963
109.589
109.179
108.731
108.246
107.724
107.167
106.576
105.953
105.3
104.62
103.911
103.17
102.399
101.606
100.801
99.9856
99.146
98.2521
97.2687
96.1961
95.0608
93.905
92.7678
91.6755
90.6423
89.6774
88.789
87.9838
87.2672
86.643
86.1086
85.657
85.2782
84.9598
84.6824
84.4243
84.1816
83.9713
83.8134
83.7183
83.6906
83.7296
83.8271
83.9693
84.126
84.2617
84.3484
84.3513
84.2518
84.0527
83.7585
83.3881
82.9394
82.3955
81.8153
81.2455
80.5602
79.6314
78.4347
76.9565
75.093
72.6843
69.4612
65.1928
60.7671
56.931
53.9747
52.637
53.0223
54.8513
57.4365
59.8236
61.6868
62.9668
63.6727
63.8964
63.8193
63.5868
63.2728
62.897
62.4411
61.8845
61.2303
60.4988
59.7117
58.8856
58.0313
57.1561
56.2649
55.3612
54.4469
53.523
52.5893
51.6452
50.6893
49.7207
139.354
138.737
138.138
137.56
137.004
136.471
135.966
135.492
135.056
134.663
134.313
134.004
133.728
133.472
133.217
132.946
132.647
132.311
131.925
131.474
130.943
130.313
129.543
128.57
127.345
125.873
124.248
122.701
121.499
120.77
120.375
120.143
119.911
119.613
119.243
118.804
118.305
117.76
117.182
116.582
115.969
115.353
114.74
114.139
113.557
112.997
112.468
111.977
111.527
111.124
110.77
110.467
110.215
110.015
109.865
109.761
109.701
109.681
109.698
109.746
109.824
109.926
110.051
110.194
110.35
110.516
110.688
110.86
111.026
111.18
111.313
111.418
111.49
111.527
111.527
111.49
111.413
111.296
111.138
110.942
110.709
110.441
110.137
109.797
109.421
109.011
108.566
108.085
107.569
107.018
106.437
105.825
105.184
104.516
103.823
103.101
102.35
101.572
100.777
99.9711
99.1511
98.292
97.3692
96.3697
95.3136
94.242
93.1954
92.1992
91.2631
90.3899
89.5809
88.8377
88.1631
87.5589
87.0222
86.5482
86.1259
85.7409
85.3759
85.0182
84.6727
84.3557
84.0825
83.866
83.7216
83.663
83.6947
83.8098
83.9774
84.1526
84.2947
84.3574
84.3119
84.156
83.8957
83.5528
83.1245
82.5983
82.0337
81.4653
80.7779
79.8686
78.7252
77.3312
75.5869
73.3416
70.4021
66.5454
62.4876
59.1351
56.6626
55.5035
55.756
57.1864
59.1768
61.0401
62.5143
63.5134
64.0111
64.1062
63.9687
63.7127
63.3892
63.0019
62.5277
61.9522
61.284
60.5438
59.7512
58.9211
58.0637
57.1862
56.2935
55.3889
54.4742
53.5504
52.6171
51.6738
50.7188
49.7512
139.45
138.853
138.271
137.708
137.166
136.645
136.149
135.681
135.243
134.837
134.464
134.121
133.801
133.494
133.188
132.87
132.529
132.155
131.738
131.263
130.718
130.086
129.344
128.458
127.407
126.203
124.909
123.647
122.573
121.778
121.21
120.77
120.373
119.964
119.525
119.049
118.539
117.999
117.437
116.86
116.274
115.687
115.105
114.534
113.98
113.449
112.946
112.477
112.046
111.657
111.311
111.01
110.756
110.547
110.384
110.264
110.184
110.141
110.131
110.153
110.201
110.272
110.364
110.472
110.593
110.724
110.86
110.997
111.127
111.244
111.342
111.414
111.457
111.47
111.449
111.393
111.301
111.17
111.001
110.796
110.557
110.283
109.975
109.632
109.256
108.846
108.403
107.927
107.417
106.874
106.302
105.701
105.072
104.417
103.737
103.032
102.301
101.544
100.765
99.9697
99.1617
98.329
97.4514
96.5119
95.5265
94.5322
93.5716
92.6697
91.8329
91.056
90.3314
89.6558
89.029
88.4477
87.9107
87.4144
86.9475
86.4961
86.0484
85.5993
85.1548
84.7259
84.325
83.9716
83.6946
83.5237
83.4789
83.5643
83.7499
83.9799
84.1958
84.335
84.3564
84.2513
84.0287
83.7144
83.3055
82.7951
82.2452
81.6786
80.9894
80.098
79.0037
77.6892
76.062
73.9901
71.334
67.8584
64.2167
61.2597
59.1907
58.1812
58.2844
59.3244
60.787
62.1903
63.3118
64.0385
64.3355
64.3195
64.1337
63.8592
63.5247
63.1199
62.6218
62.0244
61.3409
60.5909
59.7919
58.9572
58.0964
57.2165
56.3222
55.4167
54.5017
53.5781
52.6456
51.7033
50.7497
49.7835
139.518
138.936
138.369
137.82
137.289
136.778
136.288
135.821
135.38
134.964
134.572
134.202
133.848
133.504
133.159
132.804
132.428
132.023
131.579
131.086
130.53
129.9
129.182
128.357
127.419
126.382
125.289
124.216
123.256
122.465
121.823
121.278
120.784
120.303
119.814
119.309
118.787
118.248
117.696
117.136
116.57
116.006
115.448
114.902
114.372
113.864
113.383
112.933
112.517
112.138
111.799
111.5
111.243
111.027
110.852
110.716
110.617
110.553
110.52
110.516
110.537
110.581
110.642
110.72
110.809
110.908
111.011
111.114
111.211
111.296
111.362
111.406
111.424
111.413
111.373
111.3
111.193
111.05
110.871
110.658
110.412
110.134
109.823
109.478
109.101
108.692
108.252
107.779
107.275
106.74
106.177
105.586
104.969
104.327
103.66
102.97
102.257
101.52
100.761
99.9807
99.1862
98.3723
97.5278
96.6387
95.7114
94.7834
93.8952
93.0749
92.3258
91.6371
90.9941
90.386
89.8057
89.2487
88.7144
88.1997
87.6951
87.1893
86.6746
86.1479
85.6116
85.0694
84.5321
84.0285
83.6018
83.3001
83.1638
83.2131
83.4231
83.7252
84.0371
84.273
84.3759
84.3297
84.1484
83.8637
83.4728
82.9766
82.4408
81.8769
81.1868
80.3112
79.2596
78.016
76.4978
74.5971
72.2122
69.1138
65.8098
63.1934
61.4057
60.4879
60.4638
61.1655
62.202
63.23
64.0385
64.5083
64.6328
64.533
64.3135
64.0252
63.6756
63.2458
62.7196
62.0992
61.3999
60.6395
59.8334
58.9936
58.1291
57.2466
56.3506
55.4443
54.5292
53.606
52.6743
51.7335
50.7817
49.8174
139.568
139.003
138.45
137.912
137.39
136.886
136.401
135.934
135.487
135.06
134.651
134.258
133.876
133.5
133.122
132.734
132.329
131.896
131.43
130.919
130.356
129.731
129.037
128.265
127.415
126.502
125.557
124.626
123.759
122.99
122.318
121.718
121.163
120.631
120.107
119.581
119.05
118.512
117.968
117.421
116.873
116.329
115.792
115.267
114.759
114.271
113.808
113.373
112.969
112.599
112.264
111.966
111.706
111.482
111.296
111.146
111.029
110.945
110.89
110.861
110.856
110.871
110.904
110.951
111.01
111.077
111.149
111.22
111.285
111.339
111.376
111.393
111.387
111.356
111.297
111.208
111.086
110.931
110.743
110.522
110.271
109.988
109.674
109.328
108.951
108.543
108.105
107.638
107.139
106.612
106.057
105.477
104.871
104.242
103.589
102.914
102.217
101.5
100.761
100.002
99.2251
98.4315
97.6154
96.7692
95.8969
95.0254
94.1988
93.444
92.7675
92.1541
91.5827
91.0356
90.4996
89.9689
89.4404
88.9147
88.3827
87.8353
87.2682
86.6766
86.0547
85.3973
84.7134
84.0401
83.4363
82.9725
82.7183
82.7183
82.9585
83.3566
83.7961
84.1576
84.3624
84.3864
84.2515
83.998
83.6246
83.1415
82.6197
82.0599
81.37
80.508
79.4931
78.3122
76.8939
75.1556
73.0337
70.2774
67.2848
64.9216
63.3193
62.4875
62.3351
62.7525
63.4456
64.1496
64.6695
64.9121
64.9078
64.7532
64.5128
64.21
63.8369
63.3755
62.8189
62.1755
61.4604
60.6894
59.8757
59.0304
58.1619
57.2767
56.379
55.4718
54.5565
53.6339
52.7034
51.7644
50.8148
49.853
139.596
139.047
138.509
137.984
137.473
136.976
136.494
136.027
135.575
135.137
134.711
134.296
133.887
133.481
133.071
132.651
132.216
131.757
131.269
130.745
130.18
129.567
128.902
128.185
127.419
126.613
125.785
124.963
124.174
123.44
122.764
122.142
121.556
120.995
120.447
119.906
119.366
118.828
118.289
117.753
117.22
116.693
116.176
115.672
115.183
114.714
114.268
113.847
113.454
113.092
112.76
112.462
112.196
111.964
111.765
111.598
111.463
111.356
111.276
111.22
111.185
111.17
111.171
111.186
111.213
111.248
111.287
111.324
111.356
111.378
111.385
111.375
111.345
111.292
111.214
111.107
110.97
110.803
110.605
110.377
110.119
109.833
109.516
109.169
108.793
108.387
107.953
107.49
106.998
106.48
105.935
105.365
104.772
104.156
103.518
102.859
102.18
101.482
100.766
100.031
99.2779
98.5101
97.7263
96.9238
96.1063
95.2934
94.519
93.8165
93.1937
92.6378
92.1247
91.6293
91.1353
90.6369
90.115
89.5824
89.0303
88.4567
87.8561
87.2136
86.5112
85.7325
84.8818
84.0021
83.1675
82.4793
82.0537
81.9774
82.2565
82.7924
83.4167
83.9549
84.2984
84.4128
84.3338
84.1154
83.7599
83.2894
82.7824
82.229
81.5402
80.6896
79.7061
78.5815
77.2563
75.6669
73.7681
71.3765
68.6999
66.477
64.9604
64.1785
63.9282
64.1143
64.513
64.925
65.1917
65.2667
65.1819
64.9944
64.736
64.4101
64.0035
63.5058
62.9187
62.2529
61.5222
60.7401
59.9185
59.0674
58.1947
57.3065
56.4071
55.499
54.5837
53.6617
52.7327
51.7958
50.849
49.8904
139.589
139.055
138.53
138.018
137.519
137.031
136.552
136.084
135.625
135.177
134.736
134.302
133.871
133.439
133.002
132.557
132.097
131.619
131.118
130.588
130.027
129.431
128.8
128.132
127.431
126.706
125.968
125.232
124.515
123.826
123.172
122.55
121.954
121.378
120.818
120.267
119.724
119.188
118.657
118.131
117.613
117.103
116.604
116.118
115.647
115.194
114.763
114.354
113.97
113.612
113.282
112.981
112.709
112.467
112.254
112.07
111.913
111.782
111.675
111.59
111.525
111.477
111.445
111.427
111.42
111.42
111.423
111.425
111.422
111.411
111.389
111.351
111.296
111.221
111.122
110.997
110.845
110.664
110.456
110.221
109.958
109.668
109.349
109.002
108.627
108.224
107.794
107.337
106.853
106.344
105.81
105.253
104.673
104.072
103.45
102.808
102.148
101.471
100.778
100.069
99.3445
98.6072
97.8593
97.1028
96.3421
95.5904
94.8711
94.2099
93.6218
93.0995
92.6212
92.1583
91.6926
91.2042
90.7014
90.1745
89.6266
89.0559
88.4458
87.7687
86.9937
86.0867
85.0398
83.8949
82.7384
81.7174
81.0282
80.8328
81.1726
81.9163
82.82
83.6211
84.1576
84.3907
84.3825
84.2062
83.8695
83.4117
82.9214
82.3779
81.6915
80.8495
79.8922
78.8184
77.5793
76.125
74.4202
72.3627
70.0367
67.9313
66.3931
65.494
65.1528
65.1617
65.332
65.5353
65.6316
65.6052
65.4723
65.2599
64.9763
64.6152
64.168
63.6332
63.0169
62.3298
61.5838
60.7907
59.961
59.1039
58.227
57.3359
56.4346
55.5256
54.6104
53.6893
52.7619
51.8277
50.8842
49.9296
139.538
139.027
138.522
138.024
137.535
137.057
136.578
136.108
135.646
135.189
134.737
134.287
133.838
133.386
132.929
132.464
131.988
131.497
130.988
130.459
129.908
129.333
128.734
128.111
127.469
126.81
126.143
125.474
124.814
124.168
123.542
122.935
122.345
121.771
121.21
120.662
120.122
119.591
119.069
118.554
118.048
117.553
117.068
116.597
116.142
115.703
115.283
114.883
114.505
114.15
113.82
113.515
113.235
112.982
112.753
112.55
112.371
112.214
112.079
111.964
111.867
111.787
111.721
111.668
111.624
111.587
111.553
111.518
111.48
111.436
111.383
111.318
111.239
111.141
111.022
110.879
110.712
110.519
110.301
110.058
109.79
109.497
109.177
108.83
108.457
108.058
107.633
107.182
106.707
106.208
105.686
105.142
104.577
103.992
103.387
102.764
102.125
101.47
100.801
100.119
99.4252
98.7219
98.012
97.3
96.5922
95.8986
95.2338
94.6146
94.0513
93.5423
93.0757
92.6175
92.1609
91.6913
91.2091
90.7045
90.1802
89.6328
89.0348
88.3467
87.516
86.4729
85.1812
83.6702
82.0385
80.5134
79.4266
79.0597
79.5144
80.5861
81.9121
83.0977
83.9112
84.3043
84.3842
84.2568
83.9394
83.4948
83.0242
82.4949
81.8124
80.976
80.04
79.012
77.85
76.5137
74.9753
73.1864
71.1913
69.2684
67.726
66.6889
66.1619
65.9891
65.9934
66.0443
66.0353
65.9474
65.7789
65.5339
65.2111
64.8066
64.3186
63.75
63.1078
62.4016
61.6416
60.8381
60.0008
59.1381
58.257
57.3631
56.4601
55.5504
54.6353
53.7152
52.7898
51.8584
50.919
49.969
139.391
138.899
138.412
137.93
137.452
136.977
136.514
136.054
135.596
135.139
134.683
134.226
133.767
133.305
132.838
132.364
131.88
131.386
130.878
130.357
129.821
129.269
128.702
128.119
127.524
126.92
126.309
125.697
125.088
124.485
123.892
123.309
122.738
122.177
121.626
121.085
120.554
120.032
119.518
119.014
118.52
118.037
117.565
117.107
116.663
116.234
115.823
115.43
115.057
114.704
114.371
114.061
113.772
113.505
113.26
113.037
112.834
112.65
112.486
112.339
112.209
112.094
111.991
111.9
111.817
111.741
111.668
111.596
111.524
111.447
111.365
111.273
111.169
111.05
110.912
110.752
110.571
110.367
110.14
109.891
109.619
109.323
109.003
108.657
108.287
107.892
107.473
107.03
106.564
106.076
105.566
105.037
104.487
103.919
103.333
102.73
102.112
101.48
100.836
100.182
99.5197
98.8511
98.1798
97.5104
96.8488
96.2033
95.5836
94.9994
94.4568
93.9544
93.4799
93.0314
92.5832
92.128
91.6614
91.1806
90.6913
90.1884
89.6334
88.973
88.1134
86.9213
85.3127
83.2845
80.964
78.7273
77.1094
76.5342
77.2022
78.7258
80.6643
82.3744
83.5492
84.1415
84.3295
84.2587
83.9611
83.5304
83.082
82.571
81.895
81.0625
80.1452
79.1602
78.0674
76.8309
75.4307
73.8418
72.1122
70.3986
68.9267
67.8236
67.1325
66.7765
66.6196
66.5393
66.4436
66.2951
66.0777
65.7864
65.4183
64.9719
64.4483
63.8512
63.1873
62.4647
61.6926
60.8801
60.036
59.1682
58.2834
57.3869
56.4824
55.5722
54.6574
53.7383
52.815
51.8865
50.9515
50.0065
139.175
138.717
138.258
137.799
137.341
136.884
136.429
135.976
135.521
135.064
134.607
134.149
133.689
133.225
132.758
132.284
131.803
131.313
130.815
130.306
129.787
129.258
128.718
128.169
127.612
127.049
126.482
125.912
125.343
124.778
124.216
123.662
123.114
122.574
122.042
121.517
121.001
120.492
119.992
119.501
119.019
118.548
118.088
117.64
117.205
116.784
116.379
115.989
115.617
115.262
114.925
114.606
114.306
114.024
113.761
113.515
113.287
113.076
112.881
112.702
112.538
112.387
112.248
112.119
111.998
111.883
111.771
111.662
111.554
111.446
111.334
111.216
111.089
110.949
110.793
110.618
110.424
110.211
109.977
109.724
109.449
109.151
108.831
108.488
108.121
107.731
107.318
106.884
106.428
105.951
105.455
104.94
104.407
103.856
103.289
102.707
102.112
101.505
100.888
100.262
99.6316
98.9975
98.3634
97.7332
97.112
96.5055
95.9205
95.3633
94.8372
94.3416
93.8718
93.4195
92.9708
92.5217
92.0701
91.6185
91.181
90.7514
90.2869
89.7201
88.8754
87.5266
85.5181
82.7769
79.5055
76.3386
74.0813
73.2889
74.1705
76.4539
79.1423
81.4836
83.0942
83.9171
84.2259
84.2111
83.9288
83.513
83.0869
82.5969
81.9322
81.1069
80.2114
79.2705
78.2433
77.0931
75.8053
74.3649
72.8243
71.2917
69.9204
68.8177
68.0426
67.5413
67.2371
67.0301
66.8393
66.6191
66.3442
66.0042
65.5939
65.1116
64.5584
63.9379
63.2559
62.5196
61.7371
60.9168
60.0667
59.1942
58.3061
57.4074
56.5017
55.591
54.6767
53.7586
52.8375
51.9118
50.9816
50.0417
138.806
138.377
137.948
137.518
137.087
136.653
136.217
135.779
135.34
134.901
134.458
134.011
133.561
133.106
132.647
132.182
131.712
131.236
130.753
130.264
129.767
129.264
128.754
128.237
127.715
127.188
126.658
126.125
125.592
125.06
124.53
124.002
123.478
122.96
122.447
121.941
121.44
120.947
120.461
119.983
119.514
119.055
118.605
118.167
117.74
117.326
116.925
116.538
116.166
115.809
115.467
115.14
114.828
114.531
114.249
113.982
113.728
113.487
113.26
113.044
112.841
112.649
112.467
112.294
112.129
111.972
111.822
111.678
111.541
111.407
111.273
111.136
110.991
110.834
110.664
110.478
110.276
110.057
109.82
109.564
109.287
108.99
108.67
108.329
107.965
107.58
107.175
106.749
106.304
105.841
105.359
104.858
104.341
103.807
103.259
102.699
102.126
101.544
100.955
100.359
99.76
99.1598
98.5612
97.9673
97.3816
96.8077
96.2504
95.7128
95.1983
94.7101
94.2436
93.7878
93.3369
92.8925
92.4505
92.024
91.6519
91.3363
91.0489
90.7077
90.0031
88.5601
86.0939
82.4543
78.0338
73.8137
70.9147
70.037
71.3873
74.3332
77.714
80.6353
82.635
83.6584
84.0775
84.1092
83.8423
83.4424
83.0337
82.5575
81.9044
81.1009
80.2437
79.3538
78.3904
77.3166
76.1189
74.7849
73.3763
71.9724
70.6899
69.6098
68.7828
68.1871
67.7717
67.4606
67.1846
66.8974
66.5693
66.1864
65.7405
65.2288
64.6515
64.0117
63.3146
62.5668
61.7757
60.9486
60.0932
59.2166
58.3255
57.4249
56.5182
55.6073
54.6935
53.7765
52.8576
51.9346
51.0095
50.0748
138.475
138.082
137.684
137.28
136.871
136.46
136.044
135.625
135.202
134.775
134.345
133.91
133.471
133.028
132.58
132.127
131.669
131.206
130.738
130.264
129.785
129.3
128.812
128.318
127.82
127.318
126.813
126.305
125.797
125.287
124.779
124.272
123.768
123.266
122.768
122.275
121.786
121.303
120.827
120.357
119.895
119.442
118.998
118.564
118.141
117.73
117.331
116.945
116.573
116.214
115.868
115.535
115.216
114.909
114.614
114.33
114.056
113.792
113.537
113.289
113.05
112.82
112.597
112.383
112.18
111.987
111.807
111.639
111.483
111.335
111.191
111.045
110.893
110.73
110.554
110.365
110.162
109.942
109.705
109.448
109.172
108.874
108.555
108.215
107.854
107.473
107.073
106.656
106.221
105.768
105.297
104.809
104.304
103.785
103.252
102.708
102.154
101.592
101.023
100.451
99.8767
99.3037
98.7333
98.1679
97.6086
97.0582
96.5198
95.9938
95.4884
95.0084
94.544
94.087
93.6323
93.1789
92.7235
92.2951
91.9724
91.7813
91.7638
91.8142
91.3977
89.9376
87.0304
82.6912
77.5041
72.6409
69.4106
68.5245
70.1409
73.4078
77.1209
80.2814
82.4124
83.5029
83.9632
84.0039
83.7414
83.3457
82.9322
82.4426
81.7893
81.0298
80.2478
79.4188
78.5062
77.4859
76.3496
75.0837
73.7538
72.4247
71.1954
70.1328
69.2784
68.6317
68.1493
67.7702
67.4351
67.1003
66.7342
66.3206
65.8495
65.3165
64.7218
64.0679
63.3598
62.6034
61.8056
60.9732
60.1135
59.2336
58.3402
57.438
56.5308
55.6199
54.7069
53.7909
52.8743
51.9535
51.034
50.1041
138.188
137.815
137.437
137.054
136.667
136.274
135.877
135.475
135.068
134.656
134.238
133.816
133.388
132.955
132.517
132.073
131.625
131.172
130.714
130.252
129.785
129.314
128.838
128.359
127.877
127.391
126.903
126.413
125.921
125.429
124.936
124.444
123.953
123.464
122.978
122.494
122.014
121.538
121.067
120.602
120.144
119.694
119.253
118.821
118.399
117.99
117.592
117.207
116.836
116.477
116.131
115.798
115.476
115.164
114.862
114.567
114.279
113.997
113.72
113.446
113.178
112.915
112.659
112.412
112.177
111.956
111.75
111.562
111.391
111.234
111.086
110.94
110.792
110.635
110.467
110.285
110.087
109.871
109.635
109.379
109.102
108.805
108.486
108.146
107.785
107.407
107.012
106.601
106.173
105.728
105.265
104.784
104.288
103.777
103.255
102.723
102.182
101.634
101.08
100.523
99.9668
99.4128
98.8631
98.3192
97.7791
97.2451
96.7173
96.1949
95.6988
95.2321
94.7695
94.3106
93.8561
93.3858
92.8882
92.4241
92.095
91.9934
92.3003
92.7817
92.5811
91.0316
87.8526
83.3115
77.9634
72.9482
69.6419
68.7378
70.3744
73.6082
77.291
80.3747
82.4216
83.4716
83.9064
83.9248
83.6593
83.2626
82.8332
82.3111
81.6398
80.9285
80.2482
79.4852
78.6027
77.6086
76.5019
75.286
73.9999
72.7155
71.518
70.4672
69.5998
68.9211
68.3975
67.9766
67.6042
67.2385
66.8478
66.4138
65.9258
65.3787
64.7721
64.1087
63.3929
62.6306
61.8279
60.9915
60.1286
59.2462
58.3512
57.4481
56.5407
55.6301
54.718
53.8031
52.8887
51.9702
51.0564
50.1308
138.002
137.648
137.287
136.918
136.544
136.163
135.776
135.384
134.986
134.582
134.173
133.758
133.339
132.914
132.484
132.049
131.61
131.165
130.717
130.263
129.806
129.345
128.879
128.411
127.939
127.464
126.987
126.508
126.027
125.545
125.063
124.581
124.099
123.618
123.138
122.661
122.186
121.714
121.247
120.784
120.327
119.877
119.436
119.004
118.582
118.173
117.777
117.394
117.025
116.67
116.327
115.995
115.674
115.361
115.055
114.753
114.455
114.158
113.862
113.566
113.27
112.976
112.686
112.404
112.133
111.88
111.65
111.446
111.267
111.111
110.971
110.837
110.701
110.556
110.399
110.226
110.034
109.822
109.588
109.333
109.057
108.759
108.44
108.099
107.74
107.365
106.975
106.569
106.145
105.705
105.248
104.774
104.285
103.782
103.267
102.743
102.212
101.673
101.131
100.587
100.044
99.5058
98.9731
98.4466
97.9216
97.4009
96.8745
96.3483
95.865
95.4138
94.959
94.5023
94.0445
93.5596
92.9887
92.4218
92.0231
91.9664
92.5942
93.3726
93.2572
91.6195
88.4638
84.1249
79.0355
74.1832
70.9329
70.0346
71.4838
74.4419
77.8818
80.7062
82.5572
83.5094
83.885
83.8739
83.6048
83.2058
82.76
82.1995
81.4947
80.8384
80.2679
79.5693
78.6976
77.7078
76.6135
75.4235
74.1666
72.9125
71.737
70.6948
69.8204
69.1219
68.5712
68.1222
67.7243
67.3372
66.9293
66.4811
65.9812
65.4241
64.8092
64.139
63.4177
62.6509
61.8445
61.0051
60.1396
59.2554
58.3592
57.4557
56.5483
55.6382
54.727
53.8133
52.901
51.9846
51.0765
50.1542
137.831
137.49
137.141
136.785
136.422
136.051
135.674
135.291
134.901
134.505
134.103
133.695
133.282
132.864
132.44
132.012
131.579
131.142
130.701
130.255
129.807
129.354
128.898
128.439
127.977
127.512
127.045
126.575
126.104
125.631
125.157
124.683
124.208
123.734
123.26
122.787
122.316
121.846
121.379
120.916
120.458
120.006
119.562
119.128
118.705
118.296
117.9
117.521
117.156
116.806
116.469
116.142
115.824
115.513
115.207
114.902
114.598
114.291
113.98
113.663
113.342
113.016
112.691
112.369
112.06
111.771
111.512
111.291
111.109
110.963
110.841
110.73
110.618
110.494
110.352
110.189
110.002
109.791
109.557
109.301
109.024
108.726
108.408
108.07
107.714
107.342
106.955
106.552
106.132
105.695
105.242
104.773
104.29
103.793
103.284
102.766
102.24
101.708
101.173
100.639
100.109
99.584
99.0676
98.5577
98.0467
97.5358
97.0005
96.4676
96.0043
95.5618
95.1179
94.6901
94.2235
93.7173
93.0636
92.2824
91.727
91.6788
92.4507
93.3622
93.2853
91.6381
88.8192
84.9584
80.3027
75.7464
72.665
71.7233
72.915
75.5266
78.5661
81.0895
82.7274
83.5695
83.8831
83.847
83.5744
83.1746
82.7216
82.1437
81.4248
80.8165
80.3231
79.6676
78.7923
77.7921
76.6969
75.5184
74.2794
73.0457
71.8858
70.8508
69.9728
69.2615
68.693
68.225
67.8096
67.4076
66.9877
66.5295
66.0212
65.4571
64.8363
64.1611
63.4357
62.6655
61.8564
61.0147
60.1473
59.2617
58.3647
57.4611
56.554
55.6446
54.7343
53.8219
52.9112
51.997
51.0938
50.174
137.722
137.39
137.051
136.703
136.348
135.986
135.617
135.24
134.856
134.466
134.07
133.667
133.259
132.845
132.426
132.002
131.574
131.141
130.705
130.264
129.821
129.373
128.923
128.47
128.014
127.556
127.095
126.633
126.169
125.703
125.236
124.769
124.3
123.832
123.363
122.893
122.423
121.954
121.485
121.019
120.557
120.1
119.651
119.212
118.786
118.375
117.982
117.605
117.246
116.903
116.573
116.254
115.943
115.638
115.335
115.032
114.725
114.411
114.087
113.751
113.402
113.043
112.678
112.314
111.962
111.633
111.343
111.104
110.924
110.798
110.707
110.63
110.548
110.447
110.321
110.168
109.986
109.778
109.544
109.287
109.008
108.708
108.39
108.052
107.699
107.33
106.946
106.545
106.128
105.695
105.245
104.78
104.3
103.808
103.304
102.79
102.267
101.74
101.21
100.682
100.161
99.6498
99.15
98.6567
98.1619
97.655
97.0935
96.558
96.1279
95.6846
95.2428
94.8683
94.4328
93.8878
93.1347
92.1282
91.1436
90.9305
91.9094
92.8191
92.6317
91.2643
89.0529
85.7539
81.5119
77.2837
74.3494
73.3358
74.2775
76.5444
79.198
81.4277
82.8785
83.6206
83.8865
83.834
83.5587
83.1603
82.7112
82.1433
81.4426
80.8561
80.4023
79.7647
78.8792
77.8634
76.7612
75.586
74.3573
73.1367
71.9875
70.9578
70.0775
69.3584
68.7781
68.2974
67.8699
67.4575
67.0293
66.5641
66.0499
65.4807
64.8555
64.1766
63.4482
62.6756
61.8645
61.0211
60.1523
59.2658
58.3683
57.4648
56.5582
55.6496
54.7401
53.8289
52.9195
52.0071
51.108
50.1901
137.637
137.313
136.98
136.638
136.288
135.931
135.566
135.194
134.814
134.428
134.035
133.635
133.23
132.82
132.404
131.984
131.559
131.13
130.698
130.263
129.824
129.382
128.937
128.489
128.039
127.586
127.132
126.675
126.216
125.756
125.295
124.833
124.371
123.907
123.442
122.976
122.507
122.037
121.566
121.096
120.628
120.165
119.708
119.261
118.829
118.416
118.023
117.653
117.302
116.969
116.648
116.338
116.036
115.739
115.445
115.147
114.843
114.527
114.195
113.842
113.466
113.068
112.656
112.24
111.836
111.46
111.134
110.879
110.707
110.612
110.565
110.533
110.488
110.413
110.303
110.158
109.981
109.773
109.539
109.28
109
108.701
108.383
108.048
107.696
107.328
106.945
106.545
106.13
105.699
105.252
104.79
104.314
103.825
103.325
102.813
102.292
101.767
101.24
100.716
100.203
99.7027
99.2212
98.7493
98.2748
97.7641
97.1554
96.6177
96.2372
95.7887
95.3452
95.0053
94.6502
94.1087
93.212
92.106
91.0374
90.5641
91.4771
92.183
91.7202
90.8512
89.2802
86.4752
82.5847
78.6005
75.76
74.667
75.3868
77.3584
79.698
81.6798
82.9903
83.6509
83.8889
83.83
83.5529
83.1573
82.7186
82.1748
81.497
80.9234
80.4769
79.8418
78.9488
77.9202
76.81
75.6348
74.4122
73.1999
72.0578
71.0317
70.1503
69.426
68.8377
68.348
67.9122
67.4927
67.0586
66.5883
66.0698
65.497
64.8686
64.187
63.4564
62.6821
61.8696
61.025
60.1552
59.2681
58.3704
57.4671
56.561
55.6532
54.7444
53.8342
52.9255
52.0145
51.1185
50.2025
137.582
137.262
136.934
136.598
136.253
135.9
135.538
135.169
134.792
134.407
134.016
133.618
133.214
132.806
132.393
131.976
131.555
131.13
130.702
130.27
129.835
129.397
128.956
128.512
128.066
127.617
127.166
126.713
126.259
125.803
125.347
124.889
124.432
123.973
123.512
123.048
122.58
122.109
121.634
121.158
120.682
120.21
119.743
119.288
118.848
118.43
118.037
117.672
117.332
117.012
116.705
116.407
116.116
115.829
115.544
115.255
114.957
114.643
114.306
113.94
113.54
113.104
112.64
112.162
111.692
111.256
110.888
110.622
110.473
110.421
110.427
110.447
110.442
110.396
110.303
110.167
109.991
109.783
109.545
109.283
109
108.699
108.381
108.047
107.696
107.33
106.948
106.55
106.136
105.707
105.263
104.804
104.331
103.843
103.345
102.835
102.315
101.79
101.263
100.741
100.235
99.7427
99.2783
98.8363
98.3886
97.8608
97.1953
96.6611
96.3074
95.8664
95.4567
95.0852
94.7019
94.3704
93.4625
92.2176
91.224
91.0085
91.6732
91.9168
91.2725
90.6466
89.5417
87.1156
83.4671
79.6279
76.8295
75.6599
76.207
77.9509
80.0553
81.8483
83.0499
83.6584
83.8881
83.8309
83.5521
83.1599
82.7323
82.2098
81.5492
80.9763
80.5231
79.8886
78.9953
77.9612
76.8453
75.6689
74.45
73.2431
72.1059
71.0824
70.2008
69.4727
68.8786
68.3828
67.9412
67.5167
67.0784
66.6045
66.083
65.5075
64.8768
64.1934
63.4613
62.6859
61.8725
61.0271
60.1566
59.269
58.3713
57.4684
56.5628
55.6555
54.7472
53.8376
52.9294
52.0193
51.1255
50.2116
137.541
137.225
136.9
136.567
136.224
135.874
135.515
135.149
134.773
134.39
134
133.604
133.202
132.794
132.382
131.966
131.547
131.124
130.698
130.269
129.837
129.402
128.965
128.525
128.083
127.638
127.191
126.742
126.292
125.841
125.39
124.937
124.485
124.03
123.573
123.112
122.645
122.172
121.694
121.211
120.724
120.238
119.758
119.291
118.843
118.422
118.032
117.673
117.343
117.035
116.74
116.455
116.176
115.902
115.628
115.351
115.062
114.755
114.417
114.04
113.62
113.154
112.647
112.114
111.574
111.06
110.63
110.342
110.22
110.232
110.306
110.378
110.411
110.389
110.311
110.181
110.008
109.798
109.558
109.293
109.008
108.705
108.387
108.052
107.701
107.335
106.954
106.557
106.145
105.717
105.275
104.819
104.348
103.864
103.365
102.855
102.334
101.808
101.279
100.758
100.253
99.7691
99.3205
98.9116
98.4967
97.9298
97.2043
96.7118
96.3607
95.7989
95.462
95.2513
94.7028
94.096
93.3909
92.4078
91.6058
91.4515
91.9592
91.8669
91.1446
90.6224
89.7985
87.6414
84.1593
80.3815
77.5845
76.3433
76.7662
78.351
80.2886
81.9449
83.0694
83.6515
83.8851
83.8348
83.5554
83.1664
82.7478
82.2386
81.5863
81.0063
80.5398
79.905
79.0182
77.9865
76.8689
75.6917
74.4749
73.2713
72.1375
71.1159
70.2342
69.5035
68.9057
68.4057
67.9601
67.5322
67.091
66.6146
66.091
65.5135
64.8814
64.1967
63.4638
62.6877
61.8737
61.0278
60.157
59.2692
58.3717
57.4691
56.5638
55.6569
54.7488
53.8395
52.9315
52.0219
51.1297
50.2179
137.521
137.208
136.886
136.555
136.216
135.867
135.508
135.141
134.764
134.38
133.988
133.591
133.189
132.782
132.372
131.959
131.543
131.123
130.701
130.275
129.846
129.414
128.98
128.543
128.103
127.66
127.215
126.768
126.32
125.871
125.424
124.977
124.53
124.081
123.629
123.17
122.703
122.229
121.747
121.258
120.762
120.261
119.762
119.277
118.817
118.391
118.006
117.66
117.344
117.05
116.767
116.491
116.221
115.956
115.692
115.423
115.142
114.841
114.505
114.12
113.68
113.191
112.66
112.099
111.528
110.98
110.52
110.217
110.103
110.137
110.238
110.339
110.395
110.389
110.321
110.195
110.023
109.811
109.569
109.301
109.014
108.71
108.391
108.057
107.707
107.341
106.96
106.564
106.152
105.726
105.285
104.83
104.36
103.877
103.379
102.868
102.348
101.82
101.289
100.768
100.261
99.7785
99.3515
98.9795
98.5815
97.9745
97.1632
96.7004
96.4541
95.8986
95.3992
95.0896
94.6782
94.1335
93.3719
92.4731
91.7928
91.7161
92.128
91.9019
91.1606
90.6608
89.9589
88.015
84.6619
80.9002
78.0785
76.7841
77.1193
78.5969
80.421
81.984
83.0613
83.6369
83.8803
83.8382
83.5596
83.1749
82.7638
82.26
81.6096
81.0187
80.5364
79.9002
79.0232
77.9976
76.8821
75.7055
74.4904
73.2889
72.1571
71.1366
70.2547
69.5224
68.9221
68.4194
67.9712
67.5413
67.0981
66.6201
66.095
65.5164
64.8832
64.1979
63.4645
62.688
61.8739
61.0277
60.1567
59.2691
58.3717
57.4694
56.5643
55.6575
54.7495
53.8403
52.9325
52.023
51.1319
50.2218
137.499
137.189
136.871
136.544
136.208
135.862
135.507
135.141
134.764
134.379
133.985
133.586
133.182
132.775
132.364
131.951
131.535
131.117
130.695
130.271
129.845
129.416
128.984
128.55
128.114
127.675
127.233
126.789
126.343
125.896
125.452
125.009
124.567
124.125
123.677
123.22
122.753
122.276
121.79
121.294
120.789
120.277
119.764
119.262
118.785
118.351
117.967
117.629
117.326
117.044
116.771
116.503
116.238
115.977
115.718
115.455
115.182
114.891
114.566
114.187
113.737
113.224
112.672
112.099
111.52
110.97
110.513
110.213
110.099
110.132
110.233
110.335
110.394
110.393
110.327
110.203
110.03
109.818
109.575
109.306
109.019
108.715
108.396
108.061
107.711
107.346
106.964
106.568
106.156
105.73
105.29
104.835
104.367
103.884
103.387
102.875
102.353
101.824
101.29
100.766
100.26
99.7746
99.348
99.0045
98.6266
98.0124
97.1969
96.6907
96.3627
95.8547
95.4696
95.1496
94.6626
94.0626
93.3656
92.5212
91.8952
91.8335
92.1886
91.9167
91.1893
90.6859
90.0091
88.1929
84.964
81.2267
78.371
77.0281
77.3114
78.724
80.4795
81.9887
83.0437
83.6237
83.8747
83.8394
83.5632
83.185
82.7763
82.2689
81.6129
81.0197
80.5296
79.891
79.0199
77.9991
76.8866
75.7116
74.4984
73.2984
72.1682
71.1485
70.2664
69.5325
68.9309
68.4266
67.9768
67.5458
67.1013
66.6223
66.0964
65.5171
64.8835
64.1978
63.4641
62.6874
61.873
61.027
60.1563
59.2689
58.3717
57.4694
56.5644
55.6576
54.7497
53.8405
52.9327
52.0234
51.1327
50.224
137.499
137.189
136.871
136.544
136.207
135.861
135.505
135.137
134.76
134.373
133.98
133.581
133.177
132.771
132.362
131.95
131.536
131.119
130.699
130.276
129.85
129.421
128.989
128.556
128.119
127.681
127.239
126.794
126.349
125.903
125.459
125.017
124.577
124.135
123.689
123.235
122.769
122.292
121.805
121.307
120.799
120.284
119.77
119.266
118.79
118.355
117.969
117.629
117.323
117.039
116.766
116.498
116.233
115.971
115.707
115.438
115.16
114.862
114.53
114.147
113.71
113.216
112.68
112.118
111.548
111.007
110.556
110.253
110.132
110.15
110.24
110.336
110.393
110.39
110.325
110.201
110.029
109.818
109.575
109.307
109.02
108.716
108.397
108.062
107.712
107.346
106.965
106.568
106.157
105.731
105.29
104.836
104.367
103.884
103.387
102.876
102.355
101.826
101.292
100.768
100.259
99.7769
99.3534
98.9958
98.5984
97.9929
97.1947
96.7133
96.4054
95.8837
95.4467
95.1116
94.6563
94.0858
93.3654
92.5269
91.8855
91.8504
92.1879
91.9137
91.2017
90.6816
89.9639
88.1743
85.0607
81.368
78.5089
77.136
77.3879
78.7716
80.4957
81.982
83.0304
83.6166
83.8716
83.8392
83.5644
83.19
82.7817
82.2711
81.6143
81.0188
80.5264
79.8856
79.0139
77.9942
76.8833
75.7092
74.499
73.3007
72.1725
71.1536
70.2716
69.5373
68.9349
68.4297
67.9792
67.5476
67.1025
66.6231
66.0968
65.5172
64.8834
64.1975
63.4637
62.6871
61.8727
61.0267
60.156
59.2686
58.3715
57.4693
56.5643
55.6575
54.7495
53.8403
52.9326
52.0233
51.1327
50.2246
49.0003
48.0972
47.1274
46.086
44.9757
43.8011
42.5621
41.2564
39.8805
38.4301
36.9003
35.2854
33.5795
31.7747
29.864
27.8382
25.689
23.404
20.9741
18.3802
15.6126
12.6348
9.4482
5.95141
2.15767
48.9624
48.0514
47.077
46.0369
44.9285
43.7548
42.5167
41.2117
39.8364
38.3864
36.8567
35.2418
33.5357
31.7308
29.82
27.7941
25.6447
23.3595
20.9292
18.3348
15.5669
12.5895
9.40302
5.90881
2.12413
48.9081
48.0002
47.0239
45.9846
44.8794
43.7083
42.472
41.1687
39.7947
38.3455
36.8164
35.2017
33.4956
31.6907
29.7799
27.7539
25.6046
23.3192
20.8888
18.2941
15.5264
12.5494
9.36373
5.87293
2.10162
48.8605
47.9526
46.9749
45.9353
44.8319
43.6629
42.428
41.1256
39.7521
38.3033
36.7743
35.1597
33.4534
31.6483
29.7373
27.7111
25.5616
23.276
20.8453
18.2503
15.4823
12.5057
9.32071
5.83445
2.07661
48.8188
47.9071
46.9289
45.8887
44.7862
43.6191
42.3857
41.0844
39.7118
38.2638
36.7354
35.1212
33.4151
31.6101
29.6991
27.673
25.5234
23.2377
20.807
18.2119
15.444
12.4681
9.28424
5.80276
2.05921
48.7829
47.8661
46.8869
45.8462
44.744
43.578
42.3458
41.0453
39.6734
38.2258
36.6977
35.0834
33.3772
31.572
29.6608
27.6344
25.4846
23.1988
20.7677
18.1724
15.4046
12.4292
9.24656
5.77031
2.04101
48.7514
47.8292
46.8483
45.8069
44.7045
43.539
42.3078
41.0081
39.6367
38.1894
36.6616
35.0474
33.3412
31.536
29.6248
27.5984
25.4485
23.1625
20.7314
18.1361
15.3683
12.3938
9.21261
5.74188
2.02644
48.7235
47.7962
46.8129
45.7705
44.6678
43.5026
42.272
40.9729
39.6019
38.155
36.6273
35.0132
33.307
31.5016
29.5902
27.5635
25.4134
23.1272
20.6959
18.1004
15.3328
12.3591
9.17947
5.71428
2.01216
48.6984
47.7665
46.7806
45.7371
44.6338
43.4686
42.2383
40.9397
39.5691
38.1224
36.5948
34.9807
33.2743
31.4688
29.5572
27.5303
25.38
23.0936
20.6621
18.0667
15.2993
12.3265
9.1486
5.68911
1.99976
48.6759
47.7399
46.7513
45.7063
44.6024
43.4369
42.2068
40.9085
39.5382
38.0917
36.5642
34.9501
33.2435
31.4378
29.5259
27.4988
25.3482
23.0616
20.6299
18.0345
15.2672
12.2954
9.11929
5.66535
1.98797
48.6556
47.716
46.7247
45.6782
44.5734
43.4075
42.1773
40.8792
39.5092
38.0629
36.5354
34.9212
33.2145
31.4085
29.4963
27.4689
25.3181
23.0312
20.5993
18.0038
15.2369
12.2661
9.09174
5.64329
1.97728
48.6375
47.6945
46.7008
45.6526
44.5468
43.3803
42.1499
40.8519
39.4821
38.036
36.5086
34.8943
33.1874
31.3811
29.4685
27.4408
25.2896
23.0025
20.5703
17.9749
15.2081
12.2384
9.06586
5.6228
1.96735
48.6213
47.6754
46.6793
45.6294
44.5225
43.3553
42.1246
40.8266
39.4569
38.0108
36.4835
34.8692
33.1621
31.3555
29.4426
27.4145
25.2629
22.9754
20.543
17.9475
15.181
12.2123
9.04162
5.60379
1.95821
48.607
47.6583
46.66
45.6086
44.5006
43.3326
42.1014
40.8031
39.4334
37.9875
36.4603
34.846
33.1387
31.3318
29.4185
27.39
25.238
22.9501
20.5174
17.9218
15.1555
12.1879
9.01898
5.5862
1.94979
48.5944
47.6432
46.6429
45.59
44.4808
43.3121
42.0803
40.7817
39.4119
37.966
36.4388
34.8245
33.1171
31.31
29.3963
27.3673
25.2149
22.9266
20.4935
17.8979
15.1318
12.1651
8.99792
5.56999
1.94204
48.5834
47.6301
46.6279
45.5735
44.4632
43.2937
42.0613
40.7623
39.3923
37.9463
36.4191
34.8048
33.0974
31.29
29.376
27.3466
25.1937
22.9049
20.4715
17.8757
15.1097
12.144
8.97843
5.55511
1.9349
48.5742
47.6189
46.615
45.5591
44.4478
43.2774
42.0444
40.7449
39.3746
37.9285
36.4012
34.7869
33.0794
31.2718
29.3575
27.3277
25.1743
22.8852
20.4512
17.8552
15.0893
12.1246
8.9605
5.54153
1.92836
48.5668
47.6096
46.604
45.5468
44.4344
43.2632
42.0296
40.7296
39.3588
37.9125
36.3851
34.7708
33.0631
31.2555
29.3409
27.3107
25.1569
22.8673
20.4329
17.8367
15.0708
12.1068
8.94412
5.52923
1.92239
48.5611
47.6022
46.5951
45.5366
44.4231
43.251
42.0167
40.7162
39.345
37.8984
36.3709
34.7564
33.0487
31.2409
29.326
27.2955
25.1413
22.8512
20.4165
17.82
15.0541
12.0908
8.92933
5.5182
1.91695
48.5573
47.5967
46.5881
45.5283
44.4138
43.2409
42.0059
40.7047
39.3331
37.8861
36.3584
34.7438
33.0361
31.2281
29.313
27.2821
25.1275
22.8371
20.4019
17.8052
15.0392
12.0765
8.91612
5.50842
1.91206
48.5553
47.5931
46.5831
45.5221
44.4065
43.2327
41.997
40.6952
39.323
37.8756
36.3477
34.733
33.0252
31.217
29.3017
27.2705
25.1155
22.8247
20.3893
17.7923
15.0262
12.0641
8.90453
5.49989
1.90769
48.555
47.5913
46.58
45.5178
44.4012
43.2265
41.99
40.6876
39.3148
37.8669
36.3387
34.7239
33.016
31.2078
29.2922
27.2607
25.1053
22.8142
20.3784
17.7813
15.0151
12.0534
8.89458
5.49262
1.90386
48.5564
47.5913
46.5787
45.5153
44.3977
43.2222
41.985
40.6818
39.3084
37.86
36.3314
34.7165
33.0086
31.2003
29.2846
27.2527
25.0969
22.8055
20.3694
17.7721
15.0058
12.0445
8.88628
5.48661
1.90058
48.5594
47.593
46.5792
45.5147
44.3961
43.2198
41.9818
40.678
39.3039
37.8549
36.3259
34.7107
33.0028
31.1946
29.2787
27.2465
25.0903
22.7985
20.3621
17.7647
14.9984
12.0374
8.87964
5.48185
1.89788
48.564
47.5964
46.5814
45.5159
44.3964
43.2192
41.9804
40.676
39.3013
37.8517
36.3221
34.7067
32.9987
31.1905
29.2746
27.2422
25.0856
22.7933
20.3566
17.7591
14.9927
12.0321
8.87466
5.47832
1.89578
48.5701
47.6014
46.5854
45.5189
44.3985
43.2204
41.9809
40.6758
39.3005
37.8503
36.3202
34.7044
32.9963
31.1881
29.2722
27.2396
25.0826
22.79
20.3529
17.7552
14.9888
12.0285
8.87133
5.47602
1.89431
48.5778
47.608
46.5911
45.5237
44.4024
43.2236
41.9833
40.6774
39.3015
37.8508
36.3202
34.7039
32.9956
31.1874
29.2715
27.2388
25.0815
22.7884
20.3509
17.753
14.9866
12.0266
8.86961
5.47493
1.8935
48.588
47.6172
46.5992
45.531
44.4088
43.2291
41.9879
40.6812
39.3047
37.8534
36.3222
34.7055
32.9968
31.1885
29.2726
27.2398
25.0822
22.7887
20.3507
17.7525
14.986
12.0262
8.86946
5.47501
1.89337
48.6015
47.6295
46.6106
45.5415
44.4185
43.2378
41.9957
40.6881
39.3107
37.8588
36.3271
34.7098
33.0007
31.1922
29.2762
27.2433
25.0856
22.7917
20.3531
17.7544
14.9878
12.0282
8.8715
5.47672
1.89425
48.6172
47.6442
46.6244
45.5545
44.4308
43.2493
42.0062
40.6976
39.3194
37.8667
36.3346
34.7169
33.0074
31.1985
29.2823
27.2493
25.0914
22.7972
20.3581
17.7589
14.992
12.0323
8.8757
5.48001
1.89611
48.6352
47.6613
46.6407
45.5701
44.4457
43.2634
42.0194
40.7098
39.3306
37.8773
36.3446
34.7265
33.0166
31.2074
29.291
27.2579
25.0998
22.8052
20.3657
17.7659
14.9987
12.0388
8.88201
5.48485
1.89889
48.6554
47.6807
46.6594
45.5883
44.4633
43.2804
42.0354
40.7248
39.3446
37.8905
36.3572
34.7387
33.0285
31.219
29.3023
27.2689
25.1106
22.8157
20.3758
17.7755
15.0078
12.0475
8.89042
5.49126
1.90248
48.6777
47.7025
46.6807
45.6091
44.4837
43.3001
42.0543
40.7425
39.3612
37.9062
36.3723
34.7534
33.0429
31.2332
29.3162
27.2825
25.124
22.8288
20.3885
17.7877
15.0195
12.0586
8.90098
5.49927
1.90674
48.7021
47.7266
46.7045
45.6325
44.5067
43.3226
42.076
40.7632
39.3807
37.9246
36.3899
34.7706
33.0599
31.2499
29.3326
27.2987
25.1399
22.8444
20.4037
17.8024
15.0337
12.0721
8.91372
5.50896
1.91157
48.7286
47.753
46.7308
45.6586
44.5325
43.348
42.1007
40.7869
39.4031
37.9457
36.4101
34.7903
33.0792
31.2691
29.3516
27.3175
25.1584
22.8625
20.4215
17.8195
15.0505
12.088
8.92871
5.52041
1.91692
48.7574
47.7819
46.7597
45.6874
44.5611
43.3762
42.1283
40.8135
39.4284
37.9697
36.433
34.8124
33.101
31.2907
29.3732
27.3388
25.1794
22.8832
20.4418
17.8392
15.0697
12.1062
8.94595
5.53371
1.9228
48.7884
47.8134
46.7913
45.7189
44.5923
43.4071
42.1588
40.8431
39.4568
37.9966
36.4585
34.8371
33.1253
31.3148
29.3972
27.3627
25.203
22.9065
20.4646
17.8614
15.0914
12.1268
8.96548
5.54891
1.92929
48.8217
47.8475
46.8258
45.7534
44.6265
43.4409
42.192
40.8756
39.4881
38.0264
36.4869
34.8643
33.1519
31.3413
29.4236
27.389
25.2292
22.9323
20.49
17.8861
15.1155
12.1498
8.98729
5.56606
1.93647
48.8572
47.8843
46.8633
45.791
44.6638
43.4776
42.2282
40.911
39.5223
38.0591
36.518
34.8942
33.181
31.3701
29.4524
27.4178
25.2578
22.9606
20.518
17.9133
15.1422
12.175
9.01139
5.58522
1.94443
48.8948
47.9237
46.9039
45.8317
44.7041
43.5174
42.2672
40.9491
39.5593
38.0947
36.552
34.9267
33.2127
31.4013
29.4836
27.449
25.289
22.9914
20.5485
17.943
15.1714
12.2026
9.03779
5.60646
1.95327
48.9347
47.9662
46.9477
45.8758
44.7478
43.5603
42.3093
40.9901
39.599
38.1329
36.5887
34.962
33.2468
31.4348
29.517
27.4825
25.3225
23.0247
20.5815
17.9753
15.2031
12.2326
9.06654
5.62987
1.96306
48.9774
48.012
46.9952
45.9234
44.7947
43.6064
42.3543
41.0339
39.6415
38.1739
36.6281
34.9999
33.2836
31.4708
29.5528
27.5182
25.3585
23.0605
20.6172
18.0101
15.2374
12.2649
9.09764
5.65553
1.97394
49.0213
48.0599
47.0447
45.9726
44.843
43.6536
42.4002
41.0785
39.6847
38.2156
36.6683
35.0387
33.3212
31.5076
29.5894
27.5547
25.3951
23.097
20.6536
18.0459
15.2727
12.2981
9.1297
5.68237
1.98559
49.0642
48.1073
47.0935
46.0208
44.89
43.6992
42.4444
41.1212
39.7262
38.2557
36.7069
35.0759
33.3575
31.543
29.6245
27.5897
25.4303
23.1321
20.6888
18.0804
15.3068
12.3303
9.16077
5.70875
1.99747
49.106
48.154
47.141
46.0674
44.9355
43.7429
42.4863
41.1616
39.7654
38.2937
36.7436
35.1114
33.392
31.5767
29.658
27.6229
25.4637
23.1655
20.7222
18.1132
15.3393
12.3611
9.19045
5.73428
2.00955
49.1469
48.1997
47.1865
46.1123
44.9792
43.7846
42.5258
41.1996
39.8022
38.3294
36.7781
35.1448
33.4246
31.6085
29.6896
27.6543
25.4952
23.1969
20.7538
18.1444
15.37
12.3903
9.21858
5.75879
2.02178
49.1877
48.2439
47.2299
46.1553
45.0209
43.824
42.5629
41.2351
39.8365
38.3627
36.8104
35.176
33.4552
31.6385
29.7193
27.6839
25.5248
23.2265
20.7834
18.1737
15.3989
12.418
9.24507
5.78213
2.03432
49.2289
48.2863
47.271
46.1964
45.0605
43.8609
42.5977
41.2683
39.8685
38.3936
36.8404
35.2052
33.4837
31.6665
29.7471
27.7115
25.5525
23.2541
20.811
18.2011
15.4259
12.444
9.26987
5.8042
2.04688
49.2706
48.326
47.3099
46.2355
45.0977
43.8954
42.63
41.2991
39.8982
38.4223
36.8682
35.2322
33.5102
31.6925
29.7731
27.7373
25.5782
23.2799
20.8367
18.2268
15.4511
12.4685
9.29303
5.82502
2.06005
49.3114
48.362
47.3464
46.2722
45.132
43.9271
42.6599
41.3276
39.9255
38.4487
36.8938
35.2572
33.5348
31.7165
29.7967
27.7609
25.602
23.3038
20.8605
18.2506
15.4744
12.4914
9.31451
5.84412
2.07306
49.3483
48.3934
47.3798
46.3056
45.1629
43.9558
42.687
41.3534
39.9503
38.4728
36.9173
35.2802
33.5575
31.7391
29.8191
27.7833
25.624
23.326
20.8826
18.2729
15.4962
12.5128
9.33452
5.8623
2.08657
49.3786
48.4202
47.4098
46.3349
45.1899
43.9813
42.7112
41.3766
39.9727
38.4947
36.9387
35.3012
33.5781
31.7593
29.8389
27.8029
25.644
23.3462
20.9027
18.2933
15.516
12.5326
9.35246
5.87812
2.09997
49.4022
48.443
47.4357
46.3596
45.2132
44.0036
42.7327
41.3973
39.9929
38.5147
36.9584
35.3207
33.5974
31.7786
29.8578
27.8218
25.6627
23.3652
20.9216
18.3127
15.5347
12.5513
9.36959
5.89365
2.11411
49.4206
48.4626
47.4576
46.3804
45.2332
44.0231
42.7515
41.4156
40.0106
38.5322
36.9757
35.3379
33.6142
31.7954
29.8741
27.838
25.6792
23.3822
20.9384
18.33
15.5512
12.5681
9.3841
5.90516
2.12764
49.436
48.4799
47.4761
46.3981
45.2508
44.0405
42.7684
41.4323
40.0271
38.5487
36.9922
35.3542
33.6301
31.8114
29.8885
27.8541
25.6951
23.3985
20.9545
18.3467
15.5672
12.5843
9.39831
5.90936
2.14189
49.4498
48.4951
47.4914
46.4129
45.2656
44.0552
42.7828
41.4467
40.0416
38.5633
37.0068
35.3689
33.6419
31.8253
29.9027
27.8686
25.7093
23.4131
20.969
18.3618
15.5816
12.599
9.40474
5.91142
2.15535
49.4631
48.5091
47.5051
46.4265
45.2793
44.0687
42.7962
41.46
40.0548
38.5738
37.0196
35.3812
33.6529
31.8365
29.9145
27.8812
25.7217
23.4262
20.9818
18.3756
15.5941
12.6118
9.41022
5.91407
2.16835
)
;

boundaryField
{
    inlet
    {
        type            zeroGradient;
    }
    outlet
    {
        type            fixedValue;
        value           uniform 0;
    }
    upperWall
    {
        type            zeroGradient;
    }
    lowerWall
    {
        type            zeroGradient;
    }
    frontAndBack
    {
        type            empty;
    }
}


// ************************************************************************* //
