/*--------------------------------*- C++ -*----------------------------------*\
  =========                 |
  \\      /  F ield         | OpenFOAM: The Open Source CFD Toolbox
   \\    /   O peration     | Website:  https://openfoam.org
    \\  /    A nd           | Version:  7
     \\/     M anipulation  |
\*---------------------------------------------------------------------------*/
FoamFile
{
    version     2.0;
    format      ascii;
    class       volScalarField;
    location    "0.076";
    object      nut;
}
// * * * * * * * * * * * * * * * * * * * * * * * * * * * * * * * * * * * * * //

dimensions      [0 2 -1 0 0 0 0];

internalField   nonuniform List<scalar> 
12225
(
0
0
0
0
0
0
0
0
0
0
0
0
0
0
0
0
1.36583e-09
0
0
0
0
0
0
0
0
0
0
0
0
0
0
0
0
0
9.69205e-10
0
0
3.35502e-10
0
0
0
0
0
0
0
0
0
0
0
0
0
0
5.37529e-10
0
0
6.3599e-09
1.10112e-08
2.03947e-09
0
0
0
0
0
0
0
0
0
0
0
0
0
0
7.29786e-07
3.44894e-07
2.23386e-07
9.31071e-08
1.13132e-08
7.61439e-10
0
0
0
0
0
8.70754e-11
1.22921e-09
7.68737e-10
5.46937e-10
0
0
0
6.05703e-07
5.48333e-07
4.37936e-07
3.0267e-07
1.26525e-07
2.57534e-08
0
0
0
0
0
4.95774e-11
2.18165e-08
2.30847e-08
1.87468e-08
8.91168e-09
2.56898e-09
0
2.79182e-07
3.10404e-07
4.06646e-07
2.46781e-07
7.74027e-08
0
0
0
0
0
0
1.3881e-09
3.43333e-08
3.59558e-08
2.37e-08
7.84015e-09
0
0
8.53586e-08
2.25354e-07
3.98952e-07
2.35144e-07
4.20789e-08
0
0
0
0
0
0
0
4.0366e-09
4.58536e-09
0
0
0
0
0
7.14463e-08
5.84598e-07
3.23399e-07
0
0
0
0
0
0
0
0
0
0
0
0
0
0
0
3.34516e-07
5.93148e-07
4.13201e-07
0
0
0
0
0
5.83424e-08
5.44204e-08
1.44681e-08
0
0
0
0
0
0
0
3.90711e-07
4.77315e-07
1.95024e-07
0
0
0
0
0
8.04438e-07
8.71819e-07
3.08503e-07
0
0
0
0
0
0
0
7.555e-07
6.55679e-07
1.51091e-07
0
0
0
0
0
2.29395e-07
4.23854e-07
3.59518e-07
1.39749e-07
0
0
0
0
0
0
9.35313e-08
4.66642e-08
0
0
0
2.79871e-08
9.2946e-08
1.62056e-07
1.70549e-07
1.63422e-07
1.79473e-07
1.29893e-07
0
0
0
0
0
0
0
0
0
0
3.73514e-08
4.12333e-08
7.39727e-08
4.51173e-08
0
0
0
0
0
0
0
0
0
0
0
0
0
0
0
0
0
0
0
0
0
0
0
0
0
0
0
0
0
0
0
3.31242e-07
4.93854e-07
0
0
0
0
0
0
0
0
0
0
0
0
0
0
0
0
0
1.91092e-06
0
0
0
0
0
0
0
0
9.05799e-09
2.24172e-07
2.72831e-07
2.4273e-07
7.29268e-08
2.64544e-07
3.15562e-08
0
0
0
0
0
0
0
0
0
0
0
0
1.54479e-07
2.83756e-07
3.5697e-07
0
0
0
0
0
0
0
6.38303e-09
1.93101e-07
5.50292e-07
5.95917e-07
2.25346e-07
0
0
0
0
1.06901e-07
2.281e-07
0
8.56475e-08
0
0
0
0
0
0
0
2.34516e-07
2.12208e-07
1.2064e-09
0
0
0
0
0
0
0
0
0
0
0
0
0
0
0
0
0
0
0
0
0
0
0
0
0
0
0
0
0
0
0
0
0
0
0
0
0
0
0
0
0
0
4.9472e-07
1.17105e-07
0
0
0
0
0
0
0
0
0
0
0
0
0
0
0
0
3.68178e-07
4.50927e-07
0
0
0
0
0
0
1.54044e-07
1.70392e-07
7.10767e-08
0
0
0
0
0
0
0
0
5.74961e-08
0
0
0
0
0
1.49693e-08
2.07335e-07
2.11615e-07
0
0
0
0
0
0
0
0
1.31619e-07
9.21868e-08
0
0
0
0
0
0
1.61058e-08
2.66109e-08
0
0
0
0
0
0
0
0
1.15236e-07
2.795e-08
0
0
0
0
0
6.31326e-10
5.07626e-09
3.96497e-09
3.94262e-10
0
0
0
0
0
0
0
6.58156e-09
0
0
0
0
0
0
0
0
0
0
0
0
0
0
0
0
0
7.72943e-09
0
0
0
0
0
0
0
0
0
0
0
0
0
0
0
0
0
6.11161e-08
0
0
0
0
0
0
0
0
0
0
0
0
0
0
0
0
0
0
2.28601e-06
5.16823e-06
1.96562e-06
0
0
0
0
0
0
6.28671e-07
7.44038e-07
4.48724e-07
8.39412e-08
0
0
0
0
0
0
0
0
0
0
0
0
0
0
0
1.92498e-08
3.91682e-08
3.88548e-08
9.33159e-09
0
0
0
3.04386e-07
3.71532e-07
0
0
0
0
2.43155e-06
4.88385e-06
6.82377e-06
5.0512e-06
0
0
0
0
0
0
2.74149e-06
4.06043e-06
2.41219e-06
3.66563e-07
2.02746e-06
8.26878e-06
2.14279e-05
3.40735e-05
4.28018e-05
5.00135e-05
4.13297e-05
1.41302e-05
1.95451e-06
2.97092e-07
2.71741e-08
6.00163e-09
2.92059e-08
4.69827e-08
5.16056e-08
4.66387e-08
3.85131e-08
3.09538e-08
2.18665e-08
1.56806e-08
1.04478e-08
6.2838e-09
2.77915e-09
0
0
0
0
0
0
0
0
0
0
0
0
0
0
0
0
0
0
0
0
0
0
0
0
0
0
0
0
0
0
0
0
0
0
0
0
0
0
0
0
0
0
0
0
0
0
0
0
0
0
0
0
0
0
0
0
0
0
0
0
0
0
0
0
0
0
0
0
0
0
0
0
0
0
0
0
0
0
0
0
0
0
0
0
0
0
0
0
0
0
0
0
0
0
0
0
4.70159e-14
0
3.21169e-11
1.13376e-09
0
0
0
8.06195e-07
0
0
0
0
0
0
1.9285e-07
7.89302e-07
9.51556e-07
7.07995e-07
2.61e-07
0
0
0
0
0
0
0
0
0
0
0
0
0
0
0
2.82267e-08
5.91504e-08
7.10474e-08
4.65618e-08
7.90417e-09
0
5.16748e-08
5.95349e-07
4.1654e-07
0
0
0
0
0
0
2.91805e-07
4.68555e-07
6.21217e-08
0
0
0
0
0
9.06161e-07
1.46935e-06
1.71936e-06
1.82663e-06
9.24589e-07
8.07518e-07
1.08434e-06
2.47734e-06
4.088e-06
4.0189e-06
3.96976e-06
2.43574e-06
8.77723e-07
2.69511e-07
5.95887e-08
2.63189e-08
3.69457e-08
4.49491e-08
4.57561e-08
4.24127e-08
3.73697e-08
3.17509e-08
2.59397e-08
2.03234e-08
1.49334e-08
9.76762e-09
4.76944e-09
0
0
0
0
0
0
0
0
0
0
0
0
0
0
0
0
0
0
0
0
0
0
0
0
0
0
0
0
0
0
0
0
0
0
0
0
0
0
0
0
0
0
0
0
0
0
0
0
0
0
0
0
0
0
0
0
0
0
0
0
0
0
0
0
0
0
0
0
0
0
0
0
0
0
0
0
0
0
0
0
0
0
0
0
0
0
0
0
0
0
0
0
0
0
0
0
0
1.06193e-12
7.63284e-12
4.88787e-10
0
9.6786e-07
2.1676e-06
1.20858e-06
8.35958e-08
0
0
0
0
0
0
0
0
0
0
0
0
0
0
0
0
0
0
0
0
0
0
0
0
0
4.87424e-08
4.41724e-07
7.32076e-07
8.02983e-07
7.05783e-07
4.8994e-07
2.65405e-07
8.59096e-07
7.27754e-07
0
0
0
0
0
0
1.10703e-07
3.54434e-07
1.75181e-07
0
0
0
0
0
5.34499e-07
1.56014e-06
1.77085e-06
0
0
0
0
0
3.77182e-07
4.7317e-07
5.00624e-07
5.08108e-07
3.05664e-07
1.45579e-07
9.31152e-08
1.10986e-07
1.47688e-07
1.68041e-07
1.66883e-07
1.51451e-07
1.29882e-07
1.08342e-07
8.6965e-08
6.77493e-08
5.0055e-08
3.40811e-08
1.91368e-08
5.11171e-09
0
0
0
0
0
0
0
0
0
0
0
0
0
0
0
0
0
0
0
0
0
0
0
0
0
0
0
0
0
0
0
0
0
0
0
0
0
0
0
0
0
0
7.81945e-09
1.26955e-08
1.34924e-08
1.22352e-08
1.0181e-08
8.07053e-09
6.23726e-09
4.69042e-09
3.39111e-09
2.35095e-09
1.4664e-09
6.1688e-10
0
0
0
0
0
0
0
0
0
0
0
0
0
0
0
0
0
0
0
0
0
0
0
0
0
0
0
0
0
0
0
0
0
0
0
0
0
0
0
0
0
0
3.95304e-12
0
2.20268e-10
0
2.06011e-06
1.73393e-06
1.28781e-06
1.31507e-06
1.18923e-06
9.16748e-07
3.01985e-07
0
0
0
0
0
0
0
0
0
0
0
0
0
0
0
0
0
0
0
0
0
0
0
0
0
0
0
0
0
2.85924e-07
8.423e-07
2.12368e-07
4.91607e-07
5.9843e-07
0
0
7.54493e-07
1.5313e-06
1.89954e-06
1.73118e-06
1.34189e-06
1.03241e-06
2.77945e-07
0
9.40229e-07
2.4135e-06
9.33775e-07
1.20272e-08
0
0
0
0
0
2.2181e-07
9.98547e-08
2.14146e-08
8.81318e-08
6.87955e-08
9.27771e-08
1.97933e-07
3.30938e-07
4.13827e-07
4.35263e-07
4.23001e-07
4.07371e-07
3.96323e-07
3.85907e-07
3.64035e-07
3.23343e-07
2.64496e-07
1.94365e-07
1.16536e-07
3.2792e-08
0
0
0
0
0
0
0
0
0
0
0
0
0
0
0
0
0
0
0
0
0
0
0
0
0
0
0
0
0
0
0
0
0
0
0
0
0
0
0
0
0
0
0
0
0
0
0
0
1.26422e-08
3.04737e-08
3.67059e-08
3.47937e-08
2.89884e-08
2.2057e-08
1.53605e-08
9.43779e-09
4.49627e-09
7.14948e-10
0
0
0
0
0
0
0
0
0
0
0
0
0
0
0
0
5.90742e-12
5.59562e-11
9.19275e-11
1.06868e-10
9.70506e-11
6.41553e-11
1.06895e-11
0
0
0
0
0
0
0
0
0
0
0
0
0
0
0
0
0
3.18254e-10
0
2.81156e-07
5.59494e-07
7.04967e-07
6.47802e-07
3.48286e-07
0
0
0
0
0
0
0
0
1.02871e-08
0
0
0
0
0
0
0
0
0
0
0
0
0
0
0
0
0
0
0
0
0
0
0
0
0
7.40972e-08
7.10345e-07
1.58587e-06
2.62837e-06
3.60727e-06
3.96486e-06
3.94746e-06
3.32606e-06
3.12897e-06
3.5492e-06
5.75885e-07
0
0
1.17393e-07
4.35357e-08
0
0
0
0
0
3.25038e-10
1.62804e-08
0
0
1.30601e-07
2.78139e-07
3.6327e-07
3.73315e-07
3.41378e-07
2.92081e-07
2.52865e-07
2.30976e-07
2.28298e-07
2.41277e-07
2.61142e-07
2.72682e-07
2.58806e-07
2.19249e-07
1.63708e-07
9.26947e-08
0
0
0
0
0
0
0
0
0
0
0
0
0
0
0
0
0
0
0
0
0
0
0
0
0
0
0
0
0
0
0
0
0
0
0
0
0
0
0
0
0
0
0
0
0
0
0
0
0
0
0
0
0
0
0
0
0
0
0
0
2.99835e-09
8.98884e-09
9.02902e-09
5.33945e-09
0
0
0
0
0
0
0
0
0
0
0
1.06991e-09
1.5137e-09
1.53e-09
1.41669e-09
1.30393e-09
1.21974e-09
1.14203e-09
1.04462e-09
9.07211e-10
7.29797e-10
5.21999e-10
2.94993e-10
9.32093e-11
0
0
0
0
0
0
0
0
0
0
0
4.94542e-10
0
0
0
0
0
0
0
0
0
0
1.39377e-08
0
0
0
0
0
0
0
0
0
0
0
0
0
0
0
0
0
0
0
0
0
0
0
0
0
0
0
0
0
0
1.73067e-07
3.76147e-07
5.8427e-07
6.94275e-07
7.56463e-07
6.74601e-07
8.4476e-08
0
0
0
0
0
0
0
0
0
0
0
0
0
0
4.33764e-08
3.27669e-07
5.46743e-07
6.61458e-07
6.78433e-07
5.94389e-07
4.86209e-07
3.93301e-07
3.36067e-07
3.15437e-07
3.3168e-07
3.84427e-07
4.32953e-07
4.61643e-07
4.63365e-07
4.30904e-07
3.57884e-07
2.8118e-07
1.57926e-07
0
0
0
0
0
0
0
0
0
0
0
0
0
0
0
0
0
0
0
0
0
0
0
0
0
0
0
0
0
0
0
0
0
0
0
0
0
0
0
0
0
0
0
0
0
0
0
0
0
0
0
0
0
0
0
0
0
0
0
0
0
0
0
0
0
0
0
0
0
0
0
0
0
0
0
0
0
0
0
0
1.46797e-09
1.41103e-08
7.15137e-09
0
0
0
0
0
0
0
0
0
0
0
0
0
0
0
0
0
0
0
0
0
0
0
0
0
0
0
0
0
0
0
0
0
0
0
0
0
0
0
0
0
0
0
0
0
0
0
0
0
0
0
0
0
0
0
0
0
3.3386e-08
1.8352e-07
2.80452e-07
3.19595e-07
2.41159e-07
0
0
0
0
0
0
0
0
8.52081e-08
1.37093e-07
6.03778e-09
0
0
0
0
2.84078e-07
6.16729e-07
8.29243e-07
9.4579e-07
9.22656e-07
7.64906e-07
5.88521e-07
4.60468e-07
3.79742e-07
3.39654e-07
3.37997e-07
3.72731e-07
4.11423e-07
4.69302e-07
5.21667e-07
5.06118e-07
4.36516e-07
3.9765e-07
3.69881e-07
3.11239e-07
1.45096e-07
0
0
0
0
0
0
0
0
0
0
0
0
0
0
0
0
0
0
0
0
0
0
0
0
0
0
0
0
0
0
0
0
0
0
0
0
0
0
0
0
0
0
0
0
0
0
0
0
0
0
0
0
0
0
0
0
0
0
0
0
0
0
0
0
0
0
0
9.14591e-10
0
0
0
0
0
0
0
0
0
0
0
0
0
0
0
0
0
0
0
0
0
0
0
0
0
0
0
0
0
0
0
0
0
0
0
0
0
0
0
0
0
0
0
0
0
0
0
0
0
0
0
0
0
0
0
0
0
0
0
0
0
0
0
0
0
0
0
0
0
0
0
0
0
1.06771e-07
1.27356e-07
0
0
0
0
0
0
0
2.93567e-08
2.31396e-07
3.67551e-07
3.4396e-07
1.24847e-07
0
0
4.37231e-07
7.37314e-07
7.6745e-07
7.75304e-07
7.84608e-07
7.45574e-07
6.422e-07
5.36541e-07
4.4963e-07
3.77727e-07
3.32299e-07
3.16995e-07
3.31608e-07
3.42346e-07
3.67044e-07
4.06193e-07
3.9945e-07
3.081e-07
2.05205e-07
1.08215e-07
2.76156e-08
0
0
3.99151e-08
2.34427e-07
2.01879e-07
1.86943e-07
1.70046e-07
1.55218e-07
1.41285e-07
1.22914e-07
1.04925e-07
8.72527e-08
6.85364e-08
4.87441e-08
2.59085e-08
0
0
0
0
0
0
0
0
0
0
0
0
0
0
0
0
0
0
0
0
0
0
0
0
0
0
0
0
0
0
0
0
0
0
0
0
0
0
0
0
0
0
0
0
0
0
0
0
2.24864e-09
0
0
0
0
0
0
0
9.15598e-09
3.20971e-10
0
0
0
0
0
0
0
0
0
0
0
0
0
0
0
0
0
0
0
0
0
0
0
0
0
0
0
0
0
0
0
0
0
0
0
0
0
0
0
0
0
0
0
0
0
0
0
0
0
2.25949e-08
8.01816e-08
1.17047e-07
1.35218e-07
1.39881e-07
1.37768e-07
1.34763e-07
1.33023e-07
1.29929e-07
1.17443e-07
8.70049e-08
3.3894e-08
0
0
0
0
0
0
0
0
0
0
0
0
0
0
0
0
0
5.61245e-08
1.71298e-07
2.5307e-07
3.42578e-07
4.02428e-07
6.44274e-07
1.17754e-06
7.7262e-07
2.99074e-07
1.13912e-07
3.52868e-08
0
0
5.45087e-08
1.74907e-07
2.44049e-07
2.51528e-07
2.42329e-07
2.51769e-07
2.84953e-07
3.13532e-07
3.14443e-07
3.1435e-07
3.0592e-07
2.52882e-07
1.59968e-07
6.93461e-08
0
0
0
0
4.25773e-07
4.1468e-07
2.53245e-07
1.83371e-07
1.27808e-07
8.97171e-08
6.54388e-08
4.63384e-08
3.38555e-08
2.54966e-08
1.92236e-08
1.41334e-08
8.86415e-09
3.02192e-09
0
0
0
0
0
0
0
0
0
0
0
0
0
0
0
0
0
0
0
0
0
0
0
0
0
0
0
0
0
0
0
0
0
0
0
0
0
0
0
0
0
0
0
0
0
3.56595e-10
6.88721e-09
6.03566e-09
1.89917e-09
0
0
0
0
0
0
0
2.05102e-09
1.77768e-08
0
0
0
0
0
0
0
0
0
0
0
0
0
0
0
0
0
0
0
0
0
0
0
0
0
0
0
0
0
0
0
0
0
0
0
0
0
0
0
0
0
0
0
0
0
0
0
0
1.09333e-07
2.35219e-07
3.40838e-07
4.21909e-07
4.76259e-07
5.04576e-07
5.09558e-07
4.93119e-07
4.55732e-07
3.96002e-07
3.09736e-07
1.95288e-07
5.64349e-08
0
0
0
0
0
0
0
0
0
0
0
0
0
0
0
4.1328e-08
2.60477e-08
2.45455e-11
6.39991e-08
3.43572e-07
9.3758e-07
9.69778e-07
2.81145e-07
1.66895e-09
0
0
0
0
0
0
0
6.86547e-08
1.18575e-07
1.44609e-07
1.83911e-07
2.37016e-07
2.56862e-07
2.32676e-07
2.12853e-07
2.15586e-07
2.39822e-07
2.65646e-07
3.10343e-07
3.7738e-07
4.83009e-07
5.70242e-07
4.91161e-07
1.52012e-07
3.98827e-08
1.10659e-07
1.36649e-07
9.34141e-08
2.22952e-08
0
0
0
0
0
0
0
0
0
0
0
0
0
0
0
0
0
0
0
0
0
0
0
0
0
0
0
0
0
0
0
0
0
0
0
0
0
0
0
0
0
0
0
0
0
3.95366e-09
3.3643e-09
4.93406e-09
8.57975e-09
1.04157e-08
8.22116e-09
5.18527e-09
6.76803e-09
1.55137e-08
2.6227e-08
2.66545e-08
1.60063e-08
3.56089e-09
0
0
0
0
0
0
0
0
1.94031e-08
1.27928e-08
0
0
0
0
0
0
0
0
0
0
0
0
0
0
0
0
0
0
0
0
0
0
0
0
0
0
0
0
0
0
0
0
0
0
0
0
0
0
0
0
0
0
0
0
0
1.41761e-07
3.67073e-07
5.80764e-07
7.72093e-07
9.30245e-07
1.05071e-06
1.13366e-06
1.1814e-06
1.20126e-06
1.19546e-06
1.15655e-06
1.07648e-06
9.50848e-07
7.80343e-07
5.80245e-07
3.55821e-07
1.17838e-07
0
0
0
0
0
3.57609e-07
8.02372e-07
8.99138e-07
2.52489e-07
2.43556e-07
1.86555e-07
8.8781e-08
0
0
0
2.38313e-07
7.24679e-07
5.37613e-07
1.24314e-07
0
0
0
0
0
0
0
0
0
0
2.58508e-08
6.47375e-08
1.14382e-07
1.56344e-07
1.43548e-07
1.02716e-07
1.15294e-07
2.21879e-07
4.20347e-07
6.23026e-07
7.88376e-07
9.03942e-07
9.12243e-07
6.47696e-07
1.29333e-07
0
0
0
4.77054e-09
1.73744e-07
1.734e-07
6.04162e-08
0
0
0
0
0
0
0
0
0
0
0
0
0
0
0
0
0
0
0
0
0
0
0
0
0
0
0
0
0
0
0
0
0
0
0
0
0
0
0
0
0
0
0
0
9.67605e-09
1.86849e-08
2.57733e-08
3.50172e-08
4.34984e-08
4.70139e-08
4.40344e-08
3.63098e-08
3.1225e-08
3.34013e-08
4.03749e-08
3.79691e-08
2.11963e-08
2.23144e-09
0
0
0
0
0
0
0
0
1.54449e-08
2.33154e-08
4.02822e-09
0
0
0
0
0
0
0
0
0
0
0
0
0
0
0
0
0
0
0
0
0
0
0
0
0
0
0
0
0
0
0
0
0
0
0
0
0
0
0
0
0
2.56513e-08
1.04481e-07
1.46911e-07
1.88843e-07
2.71559e-07
4.1959e-07
6.31869e-07
8.90152e-07
1.15318e-06
1.38573e-06
1.5569e-06
1.65246e-06
1.69774e-06
1.71385e-06
1.69191e-06
1.63584e-06
1.51347e-06
1.33004e-06
1.10426e-06
8.71427e-07
6.87124e-07
6.14746e-07
7.43905e-07
1.07752e-06
1.69611e-06
2.39213e-06
9.7574e-07
6.35656e-07
4.4107e-07
2.25679e-07
5.50501e-08
0
0
2.5399e-07
5.64314e-07
3.72224e-07
9.00805e-08
0
0
0
0
0
0
0
0
0
0
0
0
1.53223e-08
4.59173e-08
4.75418e-08
0
0
0
7.04885e-08
4.09614e-07
7.5962e-07
9.18787e-07
7.9527e-07
4.25854e-07
0
0
0
0
0
0
0
3.03448e-07
4.70809e-07
3.80296e-07
1.37571e-07
0
0
0
0
0
0
0
0
0
0
0
0
0
0
0
0
0
0
0
0
0
0
0
0
0
0
0
0
3.31343e-09
4.14312e-09
0
0
0
0
0
0
0
0
0
0
0
0
1.20832e-08
3.58698e-08
5.00054e-08
6.31486e-08
7.51544e-08
8.18592e-08
8.05434e-08
7.05334e-08
5.49752e-08
4.36309e-08
4.21444e-08
4.79703e-08
4.44302e-08
2.33161e-08
0
0
0
0
0
0
0
0
0
1.43719e-08
2.5213e-08
1.03829e-08
0
0
0
0
0
0
0
0
0
0
0
0
0
0
0
0
0
0
0
0
0
0
0
0
0
0
0
0
0
0
0
0
0
0
0
2.10403e-07
5.72631e-07
8.61311e-07
1.02701e-06
9.87404e-07
6.26893e-07
0
0
0
0
0
0
0
0
0
4.56399e-07
9.5209e-07
1.31187e-06
1.55442e-06
1.67523e-06
1.69514e-06
1.65626e-06
1.54677e-06
1.39523e-06
1.20487e-06
1.03694e-06
9.96335e-07
1.13148e-06
1.65633e-06
2.33964e-06
1.19881e-06
7.56173e-07
5.70445e-07
3.43708e-07
1.52178e-07
3.8367e-08
7.27816e-08
3.00459e-07
4.88475e-07
3.3057e-07
1.11621e-07
0
0
0
0
0
0
0
0
0
0
0
0
1.40022e-08
3.05648e-08
2.71318e-08
0
0
0
0
0
0
2.97944e-07
4.38521e-07
2.00489e-07
0
0
0
0
0
0
0
0
0
0
4.1482e-07
6.20326e-07
5.16334e-07
1.9652e-07
0
0
0
0
0
0
0
0
0
0
0
0
0
0
0
0
0
0
0
0
0
0
0
0
0
0
0
6.164e-09
1.76795e-08
2.56578e-08
2.60964e-08
2.11698e-08
1.27896e-08
0
0
0
0
0
0
0
2.07931e-08
7.00183e-08
9.8361e-08
1.14142e-07
1.24824e-07
1.28797e-07
1.23079e-07
1.08041e-07
8.67138e-08
6.44133e-08
5.03067e-08
4.87338e-08
5.48217e-08
4.78126e-08
1.98161e-08
0
0
0
0
0
0
0
0
2.26606e-09
1.49661e-08
2.14498e-08
7.43655e-09
0
0
0
0
0
0
0
0
0
0
0
0
0
0
0
0
0
0
0
0
0
0
0
0
0
0
0
0
0
0
0
0
5.44962e-07
1.12751e-06
1.67116e-06
2.18803e-06
2.7065e-06
3.20927e-06
3.29109e-06
1.64487e-06
0
0
0
0
0
0
0
0
0
0
0
4.74251e-08
4.58135e-07
7.03064e-07
8.8965e-07
1.03589e-06
1.05887e-06
9.38248e-07
7.09249e-07
4.24437e-07
1.33421e-07
0
7.67543e-07
1.39242e-06
9.97151e-07
7.32117e-07
4.69399e-07
2.57382e-07
1.41169e-07
1.62274e-07
3.26996e-07
4.54346e-07
3.32895e-07
1.52643e-07
3.79687e-08
0
0
0
0
0
0
0
0
0
0
0
0
4.03071e-08
9.61384e-08
1.12559e-07
6.19288e-08
0
0
0
0
0
0
0
0
0
0
0
0
0
0
0
0
0
0
0
0
3.37781e-07
5.50458e-07
4.75725e-07
1.3922e-07
0
0
0
0
0
0
0
0
0
0
0
0
0
0
0
0
0
0
0
0
0
0
0
0
0
0
8.48283e-09
2.78729e-08
4.73367e-08
5.74346e-08
6.38916e-08
6.33975e-08
4.75311e-08
2.57856e-08
2.98218e-09
0
0
0
3.88972e-08
1.18699e-07
1.89218e-07
2.23102e-07
2.27797e-07
2.14827e-07
1.92859e-07
1.63854e-07
1.31259e-07
1.00591e-07
7.57541e-08
6.2007e-08
6.10347e-08
6.48133e-08
4.75954e-08
8.1509e-09
0
0
0
0
0
0
0
8.39266e-10
7.82327e-09
1.35203e-08
1.27875e-08
0
0
0
0
0
0
0
0
0
0
0
0
0
0
0
0
0
0
0
0
0
0
0
0
0
0
0
0
0
0
2.40205e-07
8.43094e-07
1.39784e-06
1.90634e-06
2.48436e-06
3.18177e-06
4.12978e-06
5.39761e-06
6.80631e-06
4.90615e-06
0
0
0
0
0
1.90537e-07
8.20209e-08
0
0
0
0
0
0
1.78564e-07
2.03069e-07
7.2071e-08
0
0
0
0
0
0
0
8.52825e-07
8.92371e-07
5.57721e-07
2.96332e-07
1.91425e-07
2.25399e-07
3.45277e-07
4.36716e-07
3.64053e-07
2.11311e-07
9.20619e-08
2.01965e-08
0
0
0
0
0
0
0
0
0
0
0
0
0
8.66517e-08
1.90222e-07
2.47886e-07
1.87838e-07
0
0
0
0
0
0
0
0
0
0
0
0
0
0
0
0
0
0
0
0
0
1.13038e-07
3.34535e-07
2.99136e-07
0
0
0
0
0
0
0
0
0
0
0
0
0
0
0
0
0
0
0
0
0
0
0
0
0
0
1.16388e-08
4.28681e-08
7.11844e-08
8.75589e-08
1.01089e-07
1.03587e-07
8.86864e-08
7.21281e-08
5.86782e-08
4.97437e-08
5.25153e-08
7.85854e-08
1.31587e-07
1.99048e-07
2.65552e-07
3.26734e-07
3.4893e-07
3.14259e-07
2.57443e-07
2.02282e-07
1.55897e-07
1.2226e-07
9.90946e-08
8.54311e-08
8.04809e-08
7.36052e-08
3.54762e-08
0
0
0
0
0
0
0
2.31579e-09
6.87691e-09
8.18926e-09
6.65735e-09
0
0
0
0
0
0
0
0
0
0
0
0
0
0
0
0
0
0
0
0
0
0
0
0
0
0
0
0
0
2.15163e-07
7.33233e-07
1.22498e-06
1.66578e-06
2.09557e-06
2.628e-06
3.2975e-06
4.27624e-06
5.5476e-06
7.06586e-06
5.59017e-06
0
0
0
0
0
4.95752e-08
8.41078e-07
8.60984e-07
0
0
0
0
0
8.62123e-08
3.05366e-07
1.53898e-07
0
0
0
0
0
0
0
1.37518e-07
3.91089e-07
2.61169e-07
1.69688e-07
2.31367e-07
3.46286e-07
4.15847e-07
3.92806e-07
2.82371e-07
1.64327e-07
7.59878e-08
2.15861e-08
0
0
0
0
0
0
0
0
0
0
0
0
0
0
1.15251e-07
2.65492e-07
3.75675e-07
3.38998e-07
0
0
0
0
0
0
0
0
0
0
0
0
0
0
0
0
0
0
0
0
0
0
0
0
0
0
0
0
0
0
0
0
0
0
0
0
0
0
0
0
0
0
0
0
0
0
0
0
0
0
2.2796e-08
7.55208e-08
1.14272e-07
1.36547e-07
1.52471e-07
1.49676e-07
1.36371e-07
1.28577e-07
1.26988e-07
1.31993e-07
1.47071e-07
1.74599e-07
2.11599e-07
2.51977e-07
2.94968e-07
3.47922e-07
3.9432e-07
3.71138e-07
2.99001e-07
2.33922e-07
1.86853e-07
1.54967e-07
1.29435e-07
1.06087e-07
8.37237e-08
5.63868e-08
0
0
0
0
0
0
0
1.76039e-09
7.81649e-09
6.20851e-09
1.26274e-09
0
0
0
0
0
0
0
0
0
0
0
0
0
0
0
0
0
0
0
0
0
0
0
0
0
0
0
0
0
0
1.46429e-07
2.9924e-07
4.36311e-07
5.75992e-07
7.54406e-07
9.56563e-07
1.10356e-06
1.06276e-06
6.77557e-07
0
0
0
0
0
0
0
0
1.47067e-07
4.31307e-07
0
0
0
0
0
1.46883e-07
1.89879e-07
5.78947e-08
0
0
0
0
0
0
2.52377e-08
2.45629e-07
3.27039e-07
3.77085e-07
4.22083e-07
4.32547e-07
4.03433e-07
3.30993e-07
2.26756e-07
1.32403e-07
6.56655e-08
2.57251e-08
3.83083e-09
0
0
0
0
0
0
0
0
0
0
0
0
0
0
1.14039e-07
2.58003e-07
3.91867e-07
3.94179e-07
1.56234e-07
0
0
0
0
0
0
0
0
0
0
0
0
0
0
0
0
0
0
0
0
0
0
0
0
0
0
0
0
0
0
0
0
0
0
0
0
0
0
0
0
0
0
0
1.63059e-10
0
0
0
0
0
6.62163e-08
1.42882e-07
1.85843e-07
2.06872e-07
2.13835e-07
1.98452e-07
1.90057e-07
1.9136e-07
1.978e-07
2.06715e-07
2.18871e-07
2.33447e-07
2.49956e-07
2.70547e-07
2.99976e-07
3.41948e-07
3.6897e-07
3.22342e-07
2.66029e-07
2.23013e-07
1.85083e-07
1.46931e-07
1.02239e-07
4.50043e-08
0
0
0
0
0
0
0
0
0
7.66772e-09
4.90753e-09
0
0
0
0
0
0
0
0
0
0
0
0
0
0
0
0
0
0
0
0
0
0
0
0
0
5.98461e-08
3.9713e-08
0
0
0
0
0
0
0
0
0
0
0
0
0
0
0
0
0
0
0
0
0
0
1.41178e-07
2.07948e-07
0
0
0
0
0
1.01495e-07
5.96631e-08
0
0
0
0
0
0
8.05091e-08
2.80767e-07
4.22512e-07
4.96603e-07
4.9055e-07
4.41946e-07
3.66799e-07
2.7598e-07
1.83686e-07
1.08365e-07
5.73816e-08
2.75073e-08
1.12678e-08
1.71233e-09
0
0
0
0
0
0
0
0
0
0
0
0
0
5.85887e-09
8.81029e-08
2.00954e-07
3.07697e-07
3.34722e-07
2.70394e-07
3.99852e-08
0
0
0
0
0
0
0
0
0
0
0
0
0
0
0
0
0
0
0
0
0
0
0
0
0
0
0
0
0
0
0
0
0
0
0
0
0
0
0
0
8.35435e-09
1.94623e-08
2.97761e-08
3.49494e-08
2.21089e-08
0
0
5.27907e-08
1.6781e-07
2.45659e-07
2.78515e-07
2.89916e-07
2.73706e-07
2.52629e-07
2.47967e-07
2.51399e-07
2.55277e-07
2.56838e-07
2.53549e-07
2.44433e-07
2.32867e-07
2.23548e-07
2.19555e-07
2.20498e-07
2.3095e-07
2.428e-07
2.1399e-07
1.73979e-07
1.24022e-07
5.93966e-08
0
0
0
0
0
0
0
0
0
0
4.43217e-09
2.24627e-09
0
0
0
0
0
0
0
0
0
0
0
0
0
0
0
0
0
0
0
0
0
0
0
0
1.20271e-07
4.61292e-07
4.82459e-07
3.63467e-07
1.40015e-07
0
0
0
0
0
0
0
0
0
0
0
0
0
3.72543e-07
6.10184e-07
5.07084e-07
3.03642e-07
9.95595e-08
0
0
1.02584e-07
2.66354e-07
8.04858e-08
0
0
0
4.05709e-08
8.22878e-08
4.71254e-08
1.70556e-09
0
0
0
0
0
3.59948e-08
2.52062e-07
3.80227e-07
4.23568e-07
3.97912e-07
3.46332e-07
2.79152e-07
2.0442e-07
1.34043e-07
7.94843e-08
4.35681e-08
2.26763e-08
1.15664e-08
5.7284e-09
1.63497e-09
0
0
0
0
0
0
0
0
0
0
0
0
0
1.39615e-08
5.82643e-08
1.23351e-07
1.82466e-07
2.30743e-07
2.66138e-07
2.46683e-07
2.08894e-07
1.4094e-07
7.9392e-08
0
0
0
0
0
0
0
0
0
0
0
0
0
0
0
0
0
0
0
0
0
0
0
0
0
0
3.57491e-08
4.05148e-08
5.12589e-09
0
0
0
0
0
0
0
1.20536e-08
2.80079e-08
4.42402e-08
6.0955e-08
7.33356e-08
6.20579e-08
4.12026e-08
6.04561e-08
1.74234e-07
2.95948e-07
3.51295e-07
3.69144e-07
3.59707e-07
3.24576e-07
3.06786e-07
3.00533e-07
2.96674e-07
2.88839e-07
2.71695e-07
2.42541e-07
2.05968e-07
1.71203e-07
1.44897e-07
1.3077e-07
1.36553e-07
1.6928e-07
1.71337e-07
1.26694e-07
6.61527e-08
0
0
0
0
0
3.04853e-08
1.49885e-08
0
0
0
0
0
0
0
0
0
0
0
0
0
0
0
0
0
0
0
0
0
0
0
0
0
0
0
0
0
1.58475e-08
2.52371e-07
5.65651e-07
6.48466e-07
5.82856e-07
3.96598e-07
1.37257e-07
0
0
0
0
0
0
0
0
0
0
0
0
1.03763e-06
9.57176e-07
6.4559e-07
3.83475e-07
2.08948e-07
1.29454e-07
1.41956e-07
2.05858e-07
2.8454e-07
3.33916e-07
1.38157e-07
0
1.28427e-07
1.2125e-07
7.79129e-08
2.76326e-08
0
0
0
0
0
0
0
1.47888e-07
2.63588e-07
2.83037e-07
2.49917e-07
2.12448e-07
1.65404e-07
1.15836e-07
7.34956e-08
4.25936e-08
2.26031e-08
1.13658e-08
6.18369e-09
4.63845e-09
4.53038e-09
4.23219e-09
2.82715e-09
7.6549e-11
0
0
0
0
0
0
0
0
1.25943e-08
2.22817e-08
2.70962e-08
3.2359e-08
4.63449e-08
6.85359e-08
9.83742e-08
1.45797e-07
2.04697e-07
2.75277e-07
3.77157e-07
5.68286e-07
8.42195e-07
1.15109e-06
1.12013e-06
0
0
0
0
0
0
0
0
0
0
0
0
0
0
0
0
0
0
0
0
0
0
6.68022e-09
2.96895e-08
2.90263e-08
1.55907e-08
4.57063e-09
1.21978e-09
2.55681e-09
4.74867e-09
6.59332e-09
8.00912e-09
1.13864e-08
2.0522e-08
3.53758e-08
5.25796e-08
7.24091e-08
9.98294e-08
1.16253e-07
1.08761e-07
1.0718e-07
1.75953e-07
3.23504e-07
4.10096e-07
4.38673e-07
4.39808e-07
4.0053e-07
3.66987e-07
3.48675e-07
3.367e-07
3.21393e-07
2.93922e-07
2.49629e-07
1.9449e-07
1.43351e-07
1.08044e-07
9.31463e-08
1.00206e-07
1.26895e-07
1.37277e-07
9.13208e-08
1.73459e-08
0
0
0
0
0
0
1.3322e-08
0
0
0
0
0
0
0
0
0
0
0
0
0
0
0
0
0
0
0
0
0
0
0
0
0
0
0
0
0
5.90902e-08
2.66647e-07
4.36816e-07
5.49746e-07
5.67872e-07
4.60252e-07
2.82166e-07
7.78859e-08
0
0
0
0
0
0
0
0
0
0
0
1.49268e-06
1.048e-06
6.8922e-07
4.39561e-07
2.93794e-07
2.51986e-07
2.83481e-07
3.18457e-07
4.57993e-07
1.07001e-06
1.56588e-06
8.28575e-07
3.39228e-07
1.77287e-07
9.86659e-08
3.87532e-08
6.71005e-09
0
2.20994e-09
6.31117e-09
1.17667e-09
0
0
1.2673e-08
1.12701e-07
1.29752e-07
1.02926e-07
7.52733e-08
4.89582e-08
2.47137e-08
8.49438e-09
0
0
0
0
5.53318e-10
4.77962e-09
9.04734e-09
1.28371e-08
1.59248e-08
1.7995e-08
1.8822e-08
1.82121e-08
1.60657e-08
1.4102e-08
1.44567e-08
2.00349e-08
3.23432e-08
4.97411e-08
6.67803e-08
7.92344e-08
8.39758e-08
8.34025e-08
7.92703e-08
7.91984e-08
9.49236e-08
1.32827e-07
1.88543e-07
2.64055e-07
3.70478e-07
5.36943e-07
6.67822e-07
5.89496e-07
1.78295e-08
0
0
0
0
0
0
0
0
0
0
0
0
0
3.28577e-08
1.15092e-07
0
0
0
0
0
0
1.4317e-08
2.07506e-08
2.66523e-08
2.98708e-08
2.7686e-08
2.32129e-08
1.89455e-08
1.60583e-08
1.75555e-08
2.25901e-08
2.95987e-08
4.04671e-08
5.52373e-08
6.90663e-08
8.43048e-08
1.09416e-07
1.48098e-07
1.64582e-07
1.66472e-07
2.0019e-07
3.30638e-07
4.48876e-07
4.95732e-07
5.05983e-07
4.71856e-07
4.22608e-07
3.91942e-07
3.72828e-07
3.53711e-07
3.20941e-07
2.66249e-07
1.97004e-07
1.33227e-07
9.06832e-08
7.42836e-08
8.20419e-08
1.06209e-07
1.1903e-07
7.92342e-08
0
0
0
0
0
0
0
0
0
0
0
0
0
0
0
0
0
0
0
0
0
0
0
0
0
0
0
0
0
0
0
0
0
0
0
0
0
7.10468e-08
1.74034e-07
2.26972e-07
3.12966e-07
3.6094e-07
3.41585e-07
2.45393e-07
1.15386e-07
0
0
0
0
0
0
0
0
0
0
0
8.11125e-07
6.28627e-07
4.50273e-07
3.38314e-07
3.37669e-07
4.18708e-07
4.75059e-07
5.31404e-07
9.70598e-07
1.84216e-06
1.04453e-06
7.13159e-07
3.47902e-07
1.87955e-07
1.11748e-07
5.65494e-08
2.42837e-08
1.51694e-08
1.54455e-08
1.82004e-08
1.77151e-08
1.07386e-08
0
0
0
0
0
0
0
0
0
0
0
0
0
0
3.41099e-09
1.20749e-08
2.05037e-08
2.86803e-08
3.64092e-08
4.33847e-08
4.96214e-08
5.31373e-08
5.45722e-08
5.55403e-08
5.90777e-08
7.01638e-08
8.97552e-08
1.13533e-07
1.39517e-07
1.63541e-07
1.83928e-07
1.90178e-07
1.85349e-07
1.85103e-07
2.04113e-07
2.43139e-07
2.9672e-07
3.71589e-07
4.87845e-07
5.8872e-07
5.2174e-07
3.11235e-08
0
0
0
0
0
0
0
0
0
0
0
0
0
0
9.30746e-08
6.9085e-08
0
0
0
0
5.46715e-09
4.98696e-09
1.13901e-08
3.32619e-08
5.45678e-08
5.96116e-08
5.1886e-08
4.02175e-08
2.96951e-08
2.66081e-08
3.31042e-08
4.54368e-08
6.41069e-08
8.86969e-08
1.09725e-07
1.15739e-07
1.29999e-07
1.63389e-07
2.04039e-07
2.20167e-07
2.41853e-07
3.36835e-07
4.66692e-07
5.35663e-07
5.56451e-07
5.32552e-07
4.73496e-07
4.32091e-07
4.0481e-07
3.82705e-07
3.49519e-07
2.89553e-07
2.09589e-07
1.36064e-07
8.69855e-08
6.59785e-08
7.01311e-08
9.19042e-08
1.07491e-07
7.56534e-08
0
0
0
0
0
0
0
0
0
0
0
0
0
0
0
0
0
0
0
0
0
0
0
3.15961e-09
0
0
0
0
0
0
0
0
0
0
0
0
0
5.98844e-08
5.85179e-08
4.47918e-08
7.22454e-08
1.09606e-07
1.17405e-07
8.13472e-08
1.34979e-08
0
0
0
0
0
0
0
0
0
0
0
1.29764e-07
3.00945e-07
3.74864e-07
4.40484e-07
5.38603e-07
6.11334e-07
6.62044e-07
9.45261e-07
1.72973e-06
1.09648e-06
6.46556e-07
5.67943e-07
2.98821e-07
1.81199e-07
1.1815e-07
6.33569e-08
3.63362e-08
2.9612e-08
2.98626e-08
2.99765e-08
2.86915e-08
2.44027e-08
1.78342e-08
0
0
0
0
0
0
0
0
0
0
0
0
0
5.93176e-10
1.36089e-08
2.61859e-08
3.87585e-08
5.14676e-08
6.41716e-08
7.70314e-08
8.82186e-08
9.59714e-08
1.01153e-07
1.05175e-07
1.15081e-07
1.35399e-07
1.62042e-07
1.94946e-07
2.36776e-07
2.88635e-07
3.31403e-07
3.61457e-07
3.81471e-07
4.11379e-07
4.72677e-07
5.38499e-07
6.41323e-07
7.88784e-07
9.38249e-07
9.27269e-07
3.63945e-07
0
0
0
0
0
0
0
0
0
0
0
0
0
0
1.47328e-08
2.06571e-07
3.3467e-07
2.64999e-07
1.67185e-07
9.80454e-08
4.72691e-08
1.55204e-08
1.90237e-08
5.67324e-08
9.30644e-08
9.97368e-08
8.34091e-08
6.01052e-08
3.98073e-08
3.30737e-08
4.27567e-08
6.22984e-08
9.60717e-08
1.35568e-07
1.73152e-07
1.84776e-07
1.76429e-07
1.94783e-07
2.32779e-07
2.653e-07
2.89937e-07
3.59594e-07
4.75867e-07
5.5897e-07
5.9107e-07
5.80108e-07
5.1781e-07
4.69626e-07
4.35382e-07
4.0756e-07
3.73751e-07
3.14514e-07
2.28664e-07
1.47466e-07
9.29423e-08
6.60664e-08
6.21411e-08
7.72731e-08
9.59772e-08
7.43704e-08
0
0
0
0
0
0
0
0
0
0
0
0
0
0
0
0
0
0
0
0
0
0
0
0
3.07269e-08
0
0
0
0
0
0
0
0
0
0
0
0
3.78435e-08
0
0
0
0
0
0
0
0
0
0
0
0
0
0
0
0
0
0
9.5231e-08
3.37338e-07
5.03657e-07
6.23104e-07
7.05544e-07
8.10258e-07
1.10755e-06
1.65453e-06
1.00257e-06
5.61925e-07
4.97652e-07
4.16016e-07
2.35404e-07
1.67582e-07
1.17832e-07
6.86815e-08
4.33452e-08
3.90815e-08
4.03259e-08
4.09553e-08
3.86153e-08
3.17284e-08
2.61181e-08
1.60805e-08
0
0
0
0
0
0
0
0
0
0
0
0
0
1.35919e-08
3.01477e-08
4.65547e-08
6.33722e-08
8.08956e-08
9.9261e-08
1.18277e-07
1.34285e-07
1.46514e-07
1.54213e-07
1.64215e-07
1.85085e-07
2.12488e-07
2.45503e-07
2.89048e-07
3.51654e-07
4.31084e-07
5.0715e-07
5.79893e-07
6.6182e-07
7.62576e-07
9.192e-07
1.10611e-06
1.39459e-06
1.72985e-06
2.10002e-06
1.99106e-06
0
0
0
0
0
0
0
0
0
0
2.43786e-08
0
0
0
0
2.34717e-07
4.71419e-07
4.75706e-07
3.56359e-07
2.21673e-07
1.08193e-07
4.20838e-08
4.50809e-08
9.82832e-08
1.39558e-07
1.37923e-07
1.08923e-07
7.2612e-08
4.38337e-08
3.39037e-08
4.62506e-08
7.56414e-08
1.36883e-07
2.10417e-07
2.68726e-07
3.01462e-07
2.69709e-07
2.51247e-07
2.75204e-07
3.06228e-07
3.35665e-07
3.98441e-07
4.91799e-07
5.7336e-07
6.14656e-07
6.14857e-07
5.55311e-07
5.01045e-07
4.6213e-07
4.29207e-07
3.92096e-07
3.34627e-07
2.48495e-07
1.61651e-07
1.01822e-07
6.88902e-08
5.51121e-08
5.81375e-08
7.59668e-08
7.06895e-08
0
0
0
0
0
0
0
0
0
0
0
0
0
0
0
0
0
0
0
0
0
0
0
0
2.84466e-08
2.26829e-08
0
0
0
0
0
0
0
0
0
0
0
0
0
0
0
0
0
0
0
0
0
0
0
0
0
0
0
0
0
2.17327e-08
2.69428e-07
5.09331e-07
6.67843e-07
7.86903e-07
9.68882e-07
1.36747e-06
1.56563e-06
8.33072e-07
4.95147e-07
3.96015e-07
4.56407e-07
2.82185e-07
1.92945e-07
1.48045e-07
1.02147e-07
7.03966e-08
5.3921e-08
4.81057e-08
4.57425e-08
4.48133e-08
4.42071e-08
3.64766e-08
2.7227e-08
1.93711e-08
0
0
0
0
0
0
0
0
0
0
0
0
0
1.16855e-08
3.2469e-08
5.24944e-08
7.2744e-08
9.38677e-08
1.16468e-07
1.40959e-07
1.65177e-07
1.85773e-07
2.00063e-07
2.12857e-07
2.33451e-07
2.62269e-07
2.93612e-07
3.31557e-07
3.81836e-07
4.59447e-07
5.61159e-07
6.72353e-07
7.93495e-07
9.45281e-07
1.1448e-06
1.42479e-06
1.86993e-06
2.51843e-06
3.58037e-06
5.02524e-06
7.48755e-07
0
0
0
0
0
0
0
0
0
5.65595e-08
2.18881e-08
0
0
2.26396e-08
2.81842e-07
4.80549e-07
5.01453e-07
4.18932e-07
2.91954e-07
1.56339e-07
7.79649e-08
9.14034e-08
1.4794e-07
1.72967e-07
1.54684e-07
1.13583e-07
6.81013e-08
3.57169e-08
2.83936e-08
4.47258e-08
8.2842e-08
1.7367e-07
3.14093e-07
4.09435e-07
4.71424e-07
4.41773e-07
3.59124e-07
3.38514e-07
3.60736e-07
3.85485e-07
4.38868e-07
5.17244e-07
5.86084e-07
6.30767e-07
6.38624e-07
5.84059e-07
5.23947e-07
4.81976e-07
4.45459e-07
4.02751e-07
3.43566e-07
2.60877e-07
1.72402e-07
1.071e-07
6.72113e-08
4.35386e-08
3.29327e-08
4.17933e-08
5.56393e-08
5.66214e-09
0
0
0
0
0
0
0
0
0
0
0
0
0
0
0
0
0
0
0
0
0
0
0
0
3.47687e-08
3.27838e-09
0
0
0
0
0
0
0
0
0
0
0
0
0
0
0
0
0
0
0
0
0
0
0
0
0
0
0
0
1.158e-07
3.66056e-07
5.94986e-07
8.16821e-07
1.16114e-06
1.61387e-06
1.15896e-06
5.90891e-07
3.89417e-07
3.14684e-07
3.90501e-07
3.26758e-07
2.15661e-07
1.69971e-07
1.27892e-07
1.0025e-07
8.17482e-08
6.85375e-08
5.92984e-08
5.14107e-08
4.51892e-08
4.33164e-08
3.83406e-08
2.63919e-08
1.4612e-08
0
0
0
0
0
0
0
0
0
0
0
0
0
7.65941e-09
3.30644e-08
5.65304e-08
7.96765e-08
1.03427e-07
1.28501e-07
1.55592e-07
1.8559e-07
2.1403e-07
2.36162e-07
2.54019e-07
2.75916e-07
3.0445e-07
3.35809e-07
3.69786e-07
4.09545e-07
4.66335e-07
5.4847e-07
6.53021e-07
7.81994e-07
9.42602e-07
1.15037e-06
1.42316e-06
1.81059e-06
2.38524e-06
3.17034e-06
3.31465e-06
8.74739e-07
0
0
0
0
0
0
0
0
0
5.63526e-08
3.57376e-08
0
0
1.37496e-07
3.70557e-07
4.9669e-07
4.82126e-07
3.93013e-07
2.70644e-07
1.57167e-07
1.2201e-07
1.53147e-07
1.77185e-07
1.68615e-07
1.3845e-07
9.37791e-08
4.30324e-08
1.38638e-08
1.66051e-08
3.98282e-08
8.49323e-08
1.95062e-07
4.28295e-07
5.90969e-07
6.90161e-07
6.92606e-07
5.4302e-07
4.43501e-07
4.25712e-07
4.44065e-07
4.768e-07
5.40741e-07
5.93572e-07
6.34901e-07
6.46199e-07
5.96543e-07
5.32544e-07
4.88508e-07
4.49513e-07
4.00493e-07
3.35663e-07
2.55323e-07
1.69241e-07
9.9661e-08
5.28608e-08
2.10151e-08
1.17842e-09
5.62081e-10
2.13099e-08
8.97011e-09
0
0
0
0
0
0
0
0
0
0
0
0
0
0
0
0
0
0
0
0
0
0
0
0
1.255e-08
1.98426e-08
0
0
0
0
0
0
0
0
0
0
0
0
0
0
0
0
0
0
0
0
0
0
0
0
0
0
0
0
7.60691e-08
3.48633e-07
7.71473e-07
1.32487e-06
1.12594e-06
5.87331e-07
3.49095e-07
2.5711e-07
2.23672e-07
2.90527e-07
3.34352e-07
2.28311e-07
1.78647e-07
1.38164e-07
1.15113e-07
1.03089e-07
9.30336e-08
8.11044e-08
6.80555e-08
5.55207e-08
4.46161e-08
3.8013e-08
3.48023e-08
2.48037e-08
9.28384e-09
0
0
0
0
0
0
0
0
0
0
0
0
0
8.27629e-10
3.08687e-08
5.7411e-08
8.25684e-08
1.07693e-07
1.33795e-07
1.61505e-07
1.91924e-07
2.25711e-07
2.54304e-07
2.78557e-07
3.03841e-07
3.31063e-07
3.6159e-07
3.94139e-07
4.30876e-07
4.78174e-07
5.39465e-07
6.2268e-07
7.39429e-07
8.89652e-07
1.08137e-06
1.32267e-06
1.62649e-06
2.02231e-06
2.37235e-06
1.99401e-06
6.55233e-07
0
0
0
0
0
0
0
0
0
3.51342e-08
1.90916e-08
1.10011e-08
8.18237e-08
2.71255e-07
4.62556e-07
5.23187e-07
4.58527e-07
3.22407e-07
1.8205e-07
1.38465e-07
1.79555e-07
1.90262e-07
1.63212e-07
1.34027e-07
1.02623e-07
5.63144e-08
2.1458e-09
0
2.44148e-09
3.36784e-08
8.26889e-08
1.99079e-07
5.06583e-07
7.73511e-07
9.19276e-07
9.69521e-07
7.99979e-07
5.97858e-07
5.02985e-07
4.90035e-07
5.04918e-07
5.40566e-07
5.76504e-07
6.09049e-07
6.20631e-07
5.76219e-07
5.12542e-07
4.69462e-07
4.30798e-07
3.76185e-07
3.03398e-07
2.22497e-07
1.40688e-07
6.967e-08
1.85754e-08
0
0
0
0
0
0
0
0
0
0
0
0
5.35629e-09
0
0
0
0
0
0
0
0
0
0
0
0
0
0
0
0
0
1.495e-08
8.77213e-09
0
0
0
0
0
0
0
0
3.65211e-10
0
0
0
0
0
0
0
0
0
0
0
0
0
0
0
0
0
0
0
0
3.46866e-07
3.68523e-07
2.56627e-07
1.87591e-07
1.52021e-07
1.47989e-07
2.1505e-07
2.98907e-07
2.22889e-07
1.77339e-07
1.38488e-07
1.16232e-07
1.08362e-07
1.03975e-07
9.59625e-08
8.40429e-08
6.84723e-08
5.36275e-08
4.06983e-08
3.14172e-08
2.67731e-08
2.07147e-08
6.28895e-09
0
0
0
0
0
0
0
0
0
0
0
0
0
0
2.55076e-08
5.48796e-08
8.19188e-08
1.08163e-07
1.34787e-07
1.62724e-07
1.92667e-07
2.27202e-07
2.61847e-07
2.92741e-07
3.23366e-07
3.52961e-07
3.83471e-07
4.17201e-07
4.56461e-07
5.04138e-07
5.64816e-07
6.43622e-07
7.49273e-07
8.95769e-07
1.08559e-06
1.31289e-06
1.57401e-06
1.83045e-06
1.88992e-06
1.40524e-06
5.95559e-07
3.83608e-10
0
0
0
0
0
0
0
2.54419e-08
9.36625e-09
0
3.97814e-08
1.72795e-07
3.83427e-07
5.43097e-07
5.62681e-07
4.38052e-07
2.34427e-07
1.32819e-07
2.04091e-07
2.37017e-07
1.85267e-07
1.34854e-07
1.03775e-07
7.13376e-08
9.54375e-09
0
0
0
3.14973e-08
8.60119e-08
2.05602e-07
5.64468e-07
9.90383e-07
1.22466e-06
1.33842e-06
1.20105e-06
8.754e-07
6.61641e-07
5.75857e-07
5.63605e-07
5.71655e-07
5.86985e-07
6.0837e-07
6.1537e-07
5.70405e-07
5.05266e-07
4.60191e-07
4.21428e-07
3.61728e-07
2.76844e-07
1.85983e-07
9.89841e-08
2.06819e-08
0
0
0
0
0
0
0
0
0
0
0
0
0
1.44458e-08
0
0
0
0
0
0
0
0
0
0
0
4.69523e-08
0
0
0
0
0
0
1.43363e-08
0
0
0
0
0
0
0
0
1.39454e-09
0
0
0
0
0
0
0
0
0
0
0
0
0
0
0
0
0
0
0
0
2.10399e-08
6.71902e-08
7.66354e-08
8.27647e-08
1.01037e-07
1.93119e-07
2.65703e-07
2.06867e-07
1.66444e-07
1.31753e-07
1.09592e-07
1.01704e-07
1.03371e-07
1.00405e-07
9.17816e-08
7.90518e-08
6.40915e-08
4.92242e-08
3.56112e-08
2.49791e-08
1.82502e-08
1.36607e-08
3.9097e-09
0
0
0
0
0
0
0
0
0
0
0
0
0
0
1.74937e-08
4.93513e-08
7.74202e-08
1.04192e-07
1.30828e-07
1.58405e-07
1.87735e-07
2.19943e-07
2.56589e-07
2.92347e-07
3.27725e-07
3.62583e-07
3.96982e-07
4.32724e-07
4.74093e-07
5.2569e-07
5.90274e-07
6.71505e-07
7.74724e-07
9.06206e-07
1.06737e-06
1.25128e-06
1.41287e-06
1.48268e-06
1.35837e-06
9.86786e-07
5.36131e-07
1.63608e-07
0
0
0
0
0
3.95661e-08
8.52673e-08
4.34591e-08
0
0
7.45246e-08
2.34594e-07
4.36048e-07
5.68801e-07
5.46841e-07
3.4135e-07
1.45305e-07
2.33743e-07
3.0213e-07
2.54412e-07
1.6565e-07
1.13684e-07
8.53029e-08
3.67997e-08
0
0
0
0
3.05001e-08
8.88469e-08
2.02914e-07
5.50621e-07
1.15097e-06
1.52353e-06
1.72151e-06
1.6822e-06
1.25695e-06
8.97346e-07
6.89657e-07
6.07524e-07
5.84945e-07
5.83126e-07
5.88512e-07
5.80921e-07
5.29557e-07
4.69136e-07
4.23918e-07
3.86108e-07
3.26368e-07
2.33374e-07
1.33759e-07
4.22819e-08
0
0
0
0
0
0
0
0
0
0
0
0
0
0
1.51917e-08
5.85207e-09
0
0
0
0
0
0
0
0
0
0
3.96614e-08
8.65412e-08
0
0
0
0
0
5.26983e-09
8.92838e-09
0
0
0
0
0
0
0
1.2707e-09
0
0
0
0
0
0
0
0
0
0
0
0
0
0
0
0
0
0
0
0
0
2.46767e-08
4.87253e-08
9.49703e-08
2.12349e-07
2.35449e-07
1.78148e-07
1.4207e-07
1.13161e-07
9.41747e-08
8.62062e-08
9.08184e-08
9.39873e-08
8.95258e-08
7.98716e-08
6.53901e-08
5.18028e-08
4.04582e-08
2.95497e-08
1.93593e-08
1.15988e-08
6.5143e-09
5.21046e-10
0
0
0
0
0
0
0
0
0
0
0
0
0
0
4.62958e-09
4.20199e-08
7.26349e-08
1.00154e-07
1.26985e-07
1.54246e-07
1.82924e-07
2.14021e-07
2.4896e-07
2.85583e-07
3.24013e-07
3.63534e-07
4.0325e-07
4.43524e-07
4.86765e-07
5.37914e-07
6.00883e-07
6.75398e-07
7.60317e-07
8.55526e-07
9.52085e-07
1.03707e-06
1.08183e-06
1.05133e-06
9.29141e-07
7.13642e-07
4.45268e-07
1.82299e-07
0
0
0
0
4.44218e-08
1.31212e-07
1.20461e-07
3.99008e-08
0
1.72494e-08
1.1826e-07
2.77409e-07
4.52874e-07
5.46154e-07
4.2854e-07
1.55096e-07
2.39142e-07
3.84807e-07
3.52882e-07
2.51736e-07
1.48689e-07
1.05029e-07
7.03521e-08
0
0
0
0
0
2.86001e-08
9.03769e-08
1.95116e-07
4.95413e-07
1.22154e-06
1.7983e-06
2.11824e-06
2.23711e-06
1.82115e-06
1.27756e-06
8.98518e-07
6.98666e-07
6.23124e-07
6.01028e-07
5.85703e-07
5.52637e-07
4.99621e-07
4.43628e-07
3.97853e-07
3.59063e-07
2.99805e-07
1.98236e-07
8.64282e-08
0
0
0
0
0
0
0
0
0
0
0
0
0
0
1.13095e-08
1.31499e-08
6.0354e-09
0
0
0
0
0
0
4.52975e-09
1.45526e-12
0
0
1.81145e-08
7.26524e-08
8.82403e-08
7.64663e-09
0
0
0
0
4.2926e-09
3.4103e-09
0
0
0
0
0
0
7.34307e-10
0
0
0
0
0
0
0
0
0
0
0
0
0
0
0
0
0
0
0
0
1.40404e-08
5.23327e-08
1.37292e-07
1.91613e-07
1.69453e-07
1.30429e-07
1.07417e-07
9.0401e-08
7.6536e-08
7.01876e-08
7.57884e-08
8.20962e-08
8.09933e-08
7.46303e-08
6.38618e-08
5.06915e-08
4.09981e-08
3.35466e-08
2.55564e-08
1.6466e-08
7.8852e-09
1.34011e-09
0
0
0
0
0
0
0
0
0
0
0
0
0
0
0
0
2.53081e-08
6.29252e-08
9.48257e-08
1.24081e-07
1.52747e-07
1.81931e-07
2.12674e-07
2.45943e-07
2.82078e-07
3.19158e-07
3.57472e-07
3.97144e-07
4.36898e-07
4.76226e-07
5.17686e-07
5.62539e-07
6.10994e-07
6.6019e-07
7.06608e-07
7.45964e-07
7.74103e-07
7.75186e-07
7.43333e-07
6.68902e-07
5.32035e-07
3.37071e-07
1.34683e-07
0
0
0
4.45368e-08
1.29217e-07
1.55279e-07
1.08093e-07
2.69066e-08
1.831e-09
5.96917e-08
1.65935e-07
3.06294e-07
4.4083e-07
4.35733e-07
1.71676e-07
2.15637e-07
4.07402e-07
4.169e-07
3.58687e-07
2.28571e-07
1.26655e-07
9.29337e-08
3.52832e-08
0
0
0
0
0
3.09652e-09
7.1895e-08
1.66882e-07
4.11599e-07
1.12536e-06
1.91361e-06
2.42205e-06
2.76459e-06
2.54848e-06
1.82078e-06
1.22168e-06
8.57409e-07
6.90352e-07
6.24317e-07
5.83349e-07
5.36534e-07
4.80889e-07
4.24715e-07
3.76434e-07
3.34259e-07
2.75176e-07
1.68058e-07
4.27973e-08
0
0
0
0
0
0
0
0
0
0
0
0
0
1.86347e-08
4.22808e-08
1.36105e-08
0
0
0
0
0
0
0
0
1.2127e-08
5.92442e-09
0
8.06311e-09
3.95581e-08
7.89951e-08
7.05863e-08
9.84602e-09
0
0
0
0
3.71094e-09
0
0
0
0
0
0
3.44417e-10
0
0
0
0
0
0
0
0
0
0
0
0
0
0
0
0
0
0
0
2.72809e-08
8.53982e-08
1.04977e-07
1.00367e-07
9.10167e-08
8.10718e-08
7.46314e-08
6.8224e-08
6.10823e-08
5.87781e-08
6.37418e-08
6.90125e-08
6.8293e-08
6.41107e-08
5.65896e-08
4.62536e-08
3.81202e-08
3.20262e-08
2.66737e-08
2.08669e-08
1.3666e-08
5.21153e-09
0
0
0
0
0
0
0
0
0
0
0
0
0
0
0
0
0
0
3.59647e-08
7.56962e-08
1.10501e-07
1.42997e-07
1.7459e-07
2.06221e-07
2.38403e-07
2.7172e-07
3.05045e-07
3.37019e-07
3.68169e-07
3.98295e-07
4.25487e-07
4.5036e-07
4.74389e-07
4.99366e-07
5.25e-07
5.505e-07
5.74555e-07
5.89153e-07
5.88388e-07
5.66507e-07
5.096e-07
3.98231e-07
2.38227e-07
9.20277e-08
2.25734e-08
3.06164e-08
8.34452e-08
1.40601e-07
1.65117e-07
1.41493e-07
7.75725e-08
1.93339e-08
3.07647e-08
1.061e-07
2.02962e-07
3.16155e-07
3.82172e-07
2.63237e-07
2.98083e-07
4.01899e-07
3.99138e-07
3.71683e-07
3.25515e-07
1.83719e-07
1.07425e-07
7.48315e-08
0
0
0
0
0
0
0
0
8.38564e-08
3.03697e-07
8.84143e-07
1.79748e-06
2.56992e-06
3.20349e-06
3.34883e-06
2.52353e-06
1.68115e-06
1.10269e-06
7.94423e-07
6.56202e-07
5.83038e-07
5.23015e-07
4.63291e-07
4.06393e-07
3.56119e-07
3.10086e-07
2.49923e-07
1.42797e-07
6.15141e-09
0
0
0
0
0
0
0
0
0
0
0
0
0
7.1222e-08
7.68711e-08
1.81277e-08
0
0
0
0
0
0
0
0
8.24521e-09
1.89454e-08
1.35482e-08
1.1e-08
2.22371e-08
4.75045e-08
6.6971e-08
4.7601e-08
6.21156e-09
0
0
0
0
3.62799e-09
8.39385e-11
0
0
0
0
0
0
0
0
0
0
0
0
0
0
0
0
0
0
0
0
0
0
1.85458e-09
1.64912e-08
2.90851e-08
3.78462e-08
4.28466e-08
4.65955e-08
4.977e-08
5.17329e-08
5.16831e-08
4.99626e-08
4.91266e-08
5.12208e-08
5.37728e-08
5.29573e-08
5.07587e-08
4.67717e-08
4.07415e-08
3.49962e-08
3.02245e-08
2.59625e-08
2.14155e-08
1.62156e-08
1.01816e-08
2.80418e-09
0
0
0
0
0
0
0
0
0
0
0
0
0
0
0
0
0
0
0
3.35649e-08
7.52714e-08
1.1196e-07
1.46259e-07
1.79005e-07
2.10751e-07
2.41137e-07
2.69608e-07
2.95154e-07
3.17711e-07
3.37704e-07
3.55573e-07
3.71952e-07
3.88937e-07
4.09171e-07
4.32285e-07
4.5688e-07
4.77719e-07
4.91708e-07
4.91659e-07
4.66889e-07
4.08219e-07
3.06561e-07
1.81695e-07
9.68611e-08
8.67298e-08
1.24982e-07
1.70456e-07
1.91408e-07
1.71068e-07
1.1631e-07
5.22501e-08
1.99033e-08
5.46853e-08
1.28671e-07
2.03758e-07
2.77988e-07
3.32947e-07
4.26168e-07
4.08207e-07
3.62815e-07
3.3812e-07
3.2028e-07
2.69193e-07
1.36865e-07
1.16232e-07
2.73443e-08
0
0
0
0
0
0
0
0
0
1.96821e-07
6.80478e-07
1.61922e-06
2.66742e-06
3.57544e-06
4.11933e-06
3.38266e-06
2.27348e-06
1.44106e-06
9.48187e-07
7.05483e-07
5.87344e-07
5.11069e-07
4.45873e-07
3.87537e-07
3.36008e-07
2.86941e-07
2.2505e-07
1.23086e-07
0
0
0
0
0
0
0
0
0
0
0
0
0
0
5.60324e-08
1.01665e-07
2.49239e-08
0
0
0
0
0
0
0
0
0
1.8547e-08
2.52556e-08
2.19802e-08
2.11251e-08
2.9175e-08
4.35033e-08
4.79317e-08
2.8189e-08
9.19603e-10
0
0
0
0
9.03669e-09
5.40905e-09
0
0
0
0
0
0
0
0
0
0
0
0
0
0
0
0
0
0
0
0
1.76634e-09
6.76194e-09
1.205e-08
1.74939e-08
2.27323e-08
2.74674e-08
3.19519e-08
3.54847e-08
3.6874e-08
3.61963e-08
3.53426e-08
3.6041e-08
3.78765e-08
3.85544e-08
3.84342e-08
3.72564e-08
3.45529e-08
3.11128e-08
2.75486e-08
2.37961e-08
1.99109e-08
1.58047e-08
1.12966e-08
6.36527e-09
7.018e-10
0
0
0
0
0
0
0
0
0
0
0
0
0
0
0
0
0
0
0
0
2.05288e-08
6.52752e-08
1.02905e-07
1.36823e-07
1.68578e-07
1.98334e-07
2.25802e-07
2.50527e-07
2.7244e-07
2.92069e-07
3.10562e-07
3.28981e-07
3.49123e-07
3.73667e-07
4.0015e-07
4.23958e-07
4.45534e-07
4.5855e-07
4.51541e-07
4.17569e-07
3.54359e-07
2.67348e-07
1.85137e-07
1.47331e-07
1.60197e-07
1.95083e-07
2.21275e-07
2.13102e-07
1.61661e-07
9.15056e-08
3.33996e-08
1.29066e-08
4.85146e-08
1.11999e-07
1.91122e-07
3.44093e-07
4.24685e-07
3.78027e-07
3.263e-07
2.96469e-07
2.84664e-07
2.61023e-07
1.97035e-07
1.51012e-07
1.44799e-07
0
0
0
0
0
0
0
0
0
0
1.25672e-07
6.95262e-07
1.56436e-06
2.80698e-06
3.89109e-06
4.65724e-06
4.37447e-06
3.02855e-06
1.89176e-06
1.16491e-06
7.81565e-07
5.99301e-07
4.9961e-07
4.27207e-07
3.65929e-07
3.12765e-07
2.61944e-07
1.99659e-07
1.06456e-07
0
0
0
0
0
0
0
0
0
0
0
0
0
0
0
1.04884e-07
3.10738e-08
0
0
0
0
0
0
0
0
0
1.00941e-08
2.59282e-08
3.07965e-08
2.86583e-08
2.60798e-08
2.80281e-08
3.27897e-08
3.02092e-08
1.44871e-08
0
0
0
0
2.49275e-09
2.17542e-08
3.19223e-08
1.77668e-08
0
0
0
0
0
0
0
0
0
0
0
0
0
0
0
0
0
0
1.03204e-09
6.97238e-09
1.24237e-08
1.67469e-08
1.98056e-08
2.16894e-08
2.24934e-08
2.23492e-08
2.21418e-08
2.29475e-08
2.49608e-08
2.75353e-08
2.91561e-08
2.95365e-08
2.87821e-08
2.69042e-08
2.43291e-08
2.16181e-08
1.86694e-08
1.55737e-08
1.24653e-08
9.31737e-09
5.99958e-09
2.4662e-09
0
0
0
0
0
0
0
0
0
0
0
0
0
0
0
0
0
0
0
0
0
0
0
5.30493e-08
9.64419e-08
1.33143e-07
1.66124e-07
1.96675e-07
2.25171e-07
2.52381e-07
2.78887e-07
3.04836e-07
3.31365e-07
3.59687e-07
3.90409e-07
4.21452e-07
4.50053e-07
4.73543e-07
4.83291e-07
4.69645e-07
4.29211e-07
3.67662e-07
3.00637e-07
2.49439e-07
2.30044e-07
2.39089e-07
2.54693e-07
2.51542e-07
2.06347e-07
1.24338e-07
4.64938e-08
0
9.09222e-10
9.17479e-08
2.67905e-07
3.88209e-07
3.52671e-07
3.1138e-07
2.79883e-07
2.57986e-07
2.48244e-07
2.33638e-07
1.87888e-07
1.5538e-07
1.7973e-07
0
0
0
0
0
0
0
0
0
0
0
1.26929e-07
9.00906e-07
1.83325e-06
3.20412e-06
4.39721e-06
5.1498e-06
5.22041e-06
3.81885e-06
2.41289e-06
1.43878e-06
8.89368e-07
6.21866e-07
4.90786e-07
4.08368e-07
3.42619e-07
2.86244e-07
2.3326e-07
1.71429e-07
8.80677e-08
0
0
0
0
0
0
0
0
0
0
0
0
0
0
0
8.06047e-08
3.29287e-08
0
0
0
0
0
0
0
0
0
8.28943e-09
2.07101e-08
2.97933e-08
3.3344e-08
3.0301e-08
2.43819e-08
2.1208e-08
2.08519e-08
1.68317e-08
6.37754e-09
0
0
0
0
1.36759e-08
6.16993e-08
1.04206e-07
7.84674e-08
0
0
0
0
0
0
0
0
0
0
0
0
0
0
0
0
3.08761e-09
9.41449e-09
1.35496e-08
1.53037e-08
1.54435e-08
1.48295e-08
1.37795e-08
1.26297e-08
1.23669e-08
1.35949e-08
1.57083e-08
1.77686e-08
1.89485e-08
1.90654e-08
1.8315e-08
1.68281e-08
1.50037e-08
1.32055e-08
1.1346e-08
9.29379e-09
7.03479e-09
4.66543e-09
2.25372e-09
0
0
0
0
0
0
0
0
0
0
0
0
0
0
0
0
0
0
0
0
0
0
0
0
0
0
2.20239e-08
8.68003e-08
1.39808e-07
1.83513e-07
2.22583e-07
2.60023e-07
2.96232e-07
3.33491e-07
3.72856e-07
4.13833e-07
4.5419e-07
4.93955e-07
5.31839e-07
5.62913e-07
5.77668e-07
5.68298e-07
5.32092e-07
4.76932e-07
4.20394e-07
3.73865e-07
3.46757e-07
3.29879e-07
2.98123e-07
2.27788e-07
1.04665e-07
0
0
9.58552e-08
2.61641e-07
3.66154e-07
3.56287e-07
2.9441e-07
2.52575e-07
2.34765e-07
2.23088e-07
2.16849e-07
2.12115e-07
1.82464e-07
1.44074e-07
1.64064e-07
5.52535e-08
0
0
0
0
0
0
0
0
0
0
0
2.77578e-07
1.35024e-06
2.53724e-06
4.01043e-06
5.29306e-06
5.87134e-06
5.94402e-06
4.67173e-06
2.94355e-06
1.71828e-06
1.00237e-06
6.4607e-07
4.79739e-07
3.859e-07
3.15109e-07
2.54554e-07
1.98725e-07
1.37852e-07
6.37476e-08
0
0
0
0
0
0
0
0
0
0
0
0
0
0
0
4.22501e-08
2.62844e-08
0
0
0
0
0
0
1.15194e-09
1.27824e-08
2.05901e-08
2.26396e-08
2.27305e-08
2.4994e-08
2.93535e-08
3.10176e-08
2.61438e-08
1.80619e-08
1.26922e-08
1.07192e-08
8.4213e-09
1.81324e-09
0
0
0
0
4.82887e-08
1.39691e-07
1.95057e-07
0
0
0
0
0
0
0
0
0
0
0
0
1.58118e-10
2.81344e-09
4.39952e-09
5.33678e-09
5.93921e-09
6.34003e-09
6.53718e-09
6.43843e-09
5.9094e-09
4.88129e-09
3.80801e-09
3.55762e-09
4.46432e-09
5.95461e-09
7.38387e-09
8.45824e-09
9.02266e-09
9.0241e-09
8.44406e-09
7.42985e-09
6.27963e-09
5.10731e-09
3.83689e-09
2.33646e-09
5.35233e-10
0
0
0
0
0
0
0
0
0
0
0
0
0
0
0
0
0
0
0
0
0
0
0
0
0
0
0
0
0
0
8.11239e-09
8.68391e-08
1.63835e-07
2.36963e-07
3.05936e-07
3.71698e-07
4.37967e-07
5.05246e-07
5.67195e-07
6.27192e-07
6.88176e-07
7.47032e-07
7.94863e-07
8.22481e-07
8.15767e-07
7.65978e-07
6.85986e-07
5.92693e-07
4.96955e-07
3.77469e-07
1.82397e-07
0
0
1.0084e-07
2.51454e-07
3.23619e-07
3.04026e-07
2.63127e-07
2.31856e-07
2.08253e-07
1.97226e-07
1.9352e-07
1.89697e-07
1.90747e-07
1.80575e-07
1.4805e-07
1.48906e-07
1.51017e-07
0
0
0
0
0
0
0
0
0
0
0
0
5.2168e-07
1.94995e-06
3.5217e-06
5.17994e-06
6.57698e-06
6.91684e-06
6.71414e-06
5.45564e-06
3.42556e-06
1.97001e-06
1.11193e-06
6.75939e-07
4.71646e-07
3.62801e-07
2.84792e-07
2.19115e-07
1.59845e-07
1.00088e-07
3.45146e-08
0
0
0
0
0
0
0
0
0
0
0
0
0
0
0
2.0486e-08
1.22502e-08
0
0
0
0
0
0
0
1.81254e-08
4.287e-08
4.8968e-08
3.87119e-08
2.76934e-08
2.36213e-08
2.46855e-08
2.438e-08
1.87359e-08
1.05482e-08
4.92383e-09
3.71432e-09
3.38459e-09
2.18056e-09
0
0
0
2.41335e-08
1.15485e-07
2.16601e-07
0
0
0
0
0
0
0
0
0
2.59177e-09
8.11442e-09
1.14597e-08
1.26357e-08
1.21586e-08
1.06976e-08
8.86321e-09
7.35679e-09
6.76615e-09
7.25472e-09
8.36791e-09
9.21131e-09
9.13084e-09
8.15105e-09
6.73781e-09
5.3651e-09
4.32745e-09
3.7117e-09
3.41131e-09
3.16002e-09
2.64371e-09
1.76538e-09
7.61785e-10
0
0
0
0
0
0
0
0
0
0
0
0
0
0
0
0
0
0
0
0
0
0
0
0
0
0
0
0
0
0
0
0
0
0
0
0
0
0
0
5.05576e-08
1.18761e-07
1.88466e-07
2.53822e-07
3.08606e-07
3.60737e-07
4.12006e-07
4.55698e-07
4.88031e-07
5.00519e-07
4.7433e-07
3.80591e-07
2.27576e-07
7.61936e-08
0
9.96644e-09
8.39016e-08
1.5916e-07
2.10835e-07
2.29985e-07
2.20629e-07
2.06355e-07
1.90095e-07
1.78815e-07
1.73384e-07
1.6895e-07
1.69157e-07
1.69182e-07
1.70866e-07
1.75642e-07
1.58787e-07
1.43669e-07
1.60994e-07
1.08857e-07
0
0
0
0
0
0
0
0
0
0
0
0
3.45926e-07
1.64706e-06
3.73146e-06
5.98967e-06
7.80874e-06
8.04429e-06
7.50376e-06
6.17301e-06
3.86175e-06
2.18105e-06
1.18857e-06
6.83224e-07
4.48197e-07
3.2883e-07
2.46805e-07
1.78047e-07
1.16112e-07
5.71618e-08
2.80922e-10
0
0
0
0
0
0
0
0
0
0
3.59476e-07
8.13483e-07
7.98624e-07
4.12624e-07
1.31514e-07
3.49349e-08
1.64488e-09
0
0
0
0
0
0
0
2.51876e-09
3.34594e-08
5.94353e-08
5.85648e-08
4.0619e-08
2.50454e-08
1.83777e-08
1.75071e-08
1.64679e-08
1.1169e-08
3.64143e-09
0
0
4.13535e-09
4.03623e-09
2.79707e-09
0
1.33955e-08
8.52365e-08
1.76322e-07
0
0
0
0
0
0
0
3.9991e-09
1.40605e-08
1.94699e-08
2.13501e-08
2.13426e-08
2.05907e-08
1.95588e-08
1.84469e-08
1.73426e-08
1.62073e-08
1.48564e-08
1.30899e-08
1.09293e-08
8.66865e-09
6.56248e-09
4.5716e-09
2.55759e-09
5.22228e-10
0
0
0
0
0
0
0
0
0
0
0
0
0
0
0
0
0
0
0
0
0
0
0
0
0
0
0
0
0
0
0
0
0
0
0
0
0
0
0
0
0
0
0
0
0
0
0
0
0
0
0
0
0
0
0
0
0
0
1.45108e-08
5.12968e-08
9.08295e-08
1.28777e-07
1.47398e-07
1.48418e-07
1.4447e-07
1.38834e-07
1.35625e-07
1.36029e-07
1.36526e-07
1.37888e-07
1.38531e-07
1.37518e-07
1.40474e-07
1.42123e-07
1.482e-07
1.49781e-07
1.32682e-07
1.38087e-07
1.41796e-07
6.25627e-08
0
0
0
0
0
0
0
0
0
1.19058e-06
2.2828e-06
1.12971e-07
0
0
9.98478e-07
4.90976e-06
7.688e-06
8.23688e-06
7.5188e-06
6.22333e-06
3.87527e-06
2.14697e-06
1.1374e-06
6.31283e-07
3.97664e-07
2.79252e-07
1.98318e-07
1.30937e-07
7.00182e-08
1.30537e-08
0
0
0
0
0
0
0
0
0
0
9.98247e-08
6.21919e-07
8.90412e-07
8.52437e-07
6.35691e-07
2.92867e-07
7.96682e-08
3.86865e-09
0
0
0
0
0
0
0
0
1.11761e-08
3.95518e-08
5.69779e-08
5.05412e-08
3.26774e-08
1.84384e-08
1.1995e-08
1.09974e-08
9.69483e-09
4.49572e-09
0
0
6.46374e-10
6.45944e-09
1.18178e-08
7.17714e-09
1.92296e-08
7.81246e-08
1.36958e-07
0
0
0
0
0
0
0
2.24977e-08
3.67262e-08
3.19393e-08
2.16411e-08
1.37129e-08
9.52485e-09
8.09169e-09
7.96943e-09
7.71583e-09
6.14913e-09
2.67784e-09
0
0
0
0
0
0
0
0
0
0
0
0
0
0
0
0
0
0
0
0
0
0
0
0
0
0
0
0
0
0
0
0
0
0
0
0
0
0
0
0
0
0
0
0
0
0
0
0
0
0
0
0
0
0
0
0
0
0
0
8.54226e-09
2.22434e-08
3.49014e-08
4.90143e-08
6.45514e-08
7.68266e-08
8.38801e-08
8.74689e-08
9.01006e-08
9.24761e-08
9.28078e-08
9.1039e-08
9.12748e-08
9.30414e-08
9.73241e-08
1.03791e-07
1.08246e-07
1.11796e-07
1.1096e-07
1.08083e-07
1.09177e-07
1.08553e-07
1.11382e-07
1.06784e-07
1.01072e-07
1.1616e-07
1.0066e-07
3.78546e-08
5.36472e-09
0
0
0
0
0
0
0
1.82414e-06
6.29722e-06
6.56595e-06
0
0
0
0
2.09404e-06
6.09081e-06
7.4604e-06
6.87119e-06
5.6773e-06
3.51948e-06
1.92041e-06
1.0077e-06
5.51906e-07
3.37842e-07
2.26454e-07
1.49249e-07
8.5369e-08
2.78522e-08
0
0
0
0
0
0
0
0
0
0
0
3.29266e-07
5.71638e-07
6.84197e-07
6.56859e-07
5.41397e-07
3.37898e-07
1.25272e-07
1.6706e-08
0
0
0
0
0
0
0
0
1.58141e-09
1.79141e-08
3.67185e-08
4.31041e-08
3.46965e-08
2.16951e-08
1.18954e-08
7.85038e-09
6.82898e-09
4.46432e-09
0
0
0
4.5046e-09
1.4313e-08
1.68966e-08
3.56505e-08
9.39565e-08
1.2035e-07
0
0
0
0
0
2.74353e-08
5.13681e-08
6.25169e-08
5.80653e-08
4.40314e-08
2.88117e-08
1.76073e-08
1.14417e-08
9.10389e-09
8.74229e-09
8.51834e-09
7.0137e-09
3.47409e-09
0
0
0
0
0
0
0
0
0
0
0
0
0
0
0
0
0
0
0
0
0
0
0
0
0
0
0
0
0
0
0
0
0
2.82146e-09
6.72522e-09
1.05855e-08
1.36478e-08
1.55287e-08
1.63251e-08
1.65609e-08
1.68432e-08
1.75692e-08
1.87068e-08
2.01609e-08
2.17452e-08
2.34317e-08
2.63543e-08
2.87302e-08
3.12352e-08
3.61838e-08
3.97107e-08
4.31431e-08
4.70515e-08
4.98403e-08
5.09069e-08
5.29837e-08
5.63307e-08
6.06332e-08
6.40277e-08
6.49962e-08
6.38552e-08
6.22239e-08
6.1286e-08
6.0738e-08
5.92879e-08
5.67051e-08
5.41653e-08
5.26004e-08
5.22683e-08
5.25719e-08
5.3175e-08
5.56614e-08
5.9131e-08
6.36536e-08
6.9471e-08
7.31726e-08
7.6355e-08
7.28778e-08
6.6323e-08
6.04344e-08
5.44205e-08
5.12065e-08
4.4586e-08
5.63302e-08
6.92516e-08
4.81634e-08
2.06243e-08
0
0
0
0
0
0
0
0
1.30003e-07
0
0
0
0
0
0
0
3.59042e-06
5.6041e-06
5.38148e-06
4.40782e-06
2.68191e-06
1.44808e-06
7.54969e-07
4.08723e-07
2.43561e-07
1.54089e-07
9.04497e-08
3.91343e-08
0
0
0
0
0
0
0
0
0
0
0
7.93657e-08
3.98081e-07
4.40545e-07
5.30932e-07
5.39044e-07
4.53517e-07
3.04372e-07
1.38132e-07
2.82721e-08
0
0
0
0
0
0
9.06837e-10
8.28491e-09
7.86452e-09
1.20462e-08
2.17923e-08
2.8198e-08
2.57578e-08
1.86472e-08
1.19509e-08
8.06324e-09
5.9438e-09
4.16335e-09
0
0
0
4.10286e-09
1.19446e-08
2.07417e-08
5.25056e-08
1.17922e-07
1.21319e-07
0
0
0
4.63922e-09
8.08041e-08
1.15573e-07
1.19475e-07
1.07528e-07
8.91191e-08
6.99077e-08
5.4665e-08
4.70015e-08
4.77271e-08
5.47271e-08
6.45497e-08
7.39431e-08
7.91743e-08
7.67816e-08
6.47939e-08
4.42476e-08
1.89944e-08
0
0
0
0
0
0
0
0
0
0
0
0
0
0
0
0
0
0
0
0
0
0
0
0
1.48302e-10
7.74398e-09
1.50048e-08
2.07874e-08
2.49846e-08
2.84867e-08
3.24906e-08
3.76595e-08
4.37869e-08
4.99526e-08
5.51067e-08
5.84378e-08
5.95802e-08
5.94148e-08
5.91267e-08
5.93534e-08
6.03613e-08
6.16565e-08
6.32554e-08
6.51361e-08
6.54918e-08
6.58822e-08
6.63832e-08
6.54814e-08
6.48918e-08
6.34864e-08
6.0546e-08
5.72534e-08
5.47098e-08
5.30011e-08
5.10921e-08
4.86138e-08
4.57437e-08
4.29284e-08
4.06995e-08
3.94609e-08
3.89068e-08
3.82094e-08
3.71497e-08
3.62769e-08
3.56373e-08
3.50071e-08
3.42873e-08
3.33202e-08
3.29518e-08
3.20283e-08
3.16568e-08
3.16109e-08
3.0482e-08
2.98235e-08
2.06402e-08
1.0603e-08
1.6625e-09
0
0
0
3.71538e-09
7.71622e-09
0
0
0
0
0
0
0
0
0
0
0
0
0
0
0
0
0
0
1.65128e-06
3.50657e-06
3.53835e-06
2.84453e-06
1.67382e-06
8.93584e-07
4.64936e-07
2.52372e-07
1.49315e-07
8.89332e-08
4.28733e-08
5.14848e-09
0
0
0
0
0
0
0
0
0
0
4.2455e-08
4.77813e-07
3.19503e-07
3.33327e-07
4.3318e-07
4.85884e-07
4.21352e-07
2.82093e-07
1.31154e-07
2.94425e-08
0
0
0
0
0
0
2.80972e-09
2.13843e-08
2.56229e-08
2.36949e-08
2.37948e-08
2.28883e-08
1.73414e-08
1.04553e-08
6.37404e-09
5.98952e-09
5.68307e-09
4.63229e-09
1.11538e-09
1.2222e-09
3.27899e-09
8.55027e-09
1.03406e-08
2.39992e-08
6.76982e-08
1.38829e-07
1.30993e-07
0
0
5.1863e-08
1.3734e-07
1.76875e-07
1.85928e-07
1.77998e-07
1.62638e-07
1.45802e-07
1.31127e-07
1.20688e-07
1.14999e-07
1.13266e-07
1.14198e-07
1.15932e-07
1.14709e-07
1.05183e-07
8.1333e-08
4.44928e-08
2.66703e-09
0
0
0
0
0
0
0
0
0
0
0
0
0
0
0
0
0
0
0
0
0
0
0
0
0
4.22936e-09
1.4576e-08
2.35932e-08
3.17334e-08
3.94216e-08
4.70987e-08
5.56876e-08
6.58435e-08
7.69671e-08
8.78128e-08
9.72773e-08
1.04075e-07
1.07841e-07
1.09137e-07
1.09013e-07
1.08783e-07
1.08913e-07
1.09663e-07
1.11608e-07
1.14563e-07
1.1685e-07
1.18644e-07
1.18712e-07
1.17032e-07
1.13909e-07
1.08795e-07
1.02297e-07
9.46162e-08
8.59133e-08
7.73387e-08
6.98226e-08
6.38423e-08
5.9522e-08
5.70391e-08
5.63994e-08
5.70037e-08
5.79854e-08
5.8623e-08
5.84149e-08
5.73006e-08
5.48974e-08
5.04966e-08
4.35292e-08
3.43349e-08
2.44884e-08
1.41736e-08
5.96501e-09
0
0
0
0
0
0
0
0
0
0
0
0
0
0
0
0
0
0
0
0
0
0
0
0
0
0
0
0
0
4.72838e-07
1.76662e-06
1.78721e-06
1.33097e-06
7.46846e-07
4.06283e-07
2.22385e-07
1.26255e-07
7.29997e-08
3.56454e-08
5.91685e-09
0
0
0
0
0
0
0
1.88498e-08
1.79049e-08
0
0
2.49479e-07
2.87833e-07
2.04505e-07
2.34431e-07
3.42744e-07
4.31072e-07
4.0262e-07
2.72242e-07
1.21985e-07
2.0108e-08
0
0
0
0
0
0
0
2.07333e-08
3.86234e-08
4.30711e-08
4.03142e-08
3.19113e-08
1.84201e-08
5.71277e-09
0
0
1.05219e-09
2.38007e-09
8.94092e-10
6.24209e-09
1.09547e-08
1.73994e-08
1.20833e-08
3.40032e-08
8.49424e-08
1.56468e-07
1.48125e-07
1.6108e-07
1.94324e-07
2.54702e-07
3.04857e-07
3.26503e-07
3.2099e-07
3.00278e-07
2.76257e-07
2.54329e-07
2.31963e-07
2.04945e-07
1.69068e-07
1.21832e-07
6.52535e-08
9.24472e-09
0
0
0
0
0
0
0
0
0
0
0
0
0
0
0
0
0
0
0
0
0
0
0
0
0
0
0
0
0
1.29875e-08
2.11269e-08
2.35621e-08
2.1344e-08
1.72524e-08
1.53356e-08
1.98862e-08
3.3151e-08
5.35974e-08
7.71484e-08
1.00367e-07
1.21067e-07
1.3758e-07
1.49099e-07
1.55923e-07
1.59119e-07
1.59983e-07
1.60264e-07
1.61839e-07
1.66015e-07
1.7205e-07
1.7902e-07
1.85994e-07
1.90899e-07
1.91697e-07
1.87729e-07
1.79829e-07
1.69142e-07
1.56553e-07
1.42676e-07
1.29608e-07
1.19053e-07
1.11121e-07
1.05275e-07
1.01606e-07
1.00129e-07
9.84586e-08
9.53717e-08
9.045e-08
8.32388e-08
7.30779e-08
5.91283e-08
4.098e-08
1.91718e-08
0
0
0
0
0
0
0
0
0
0
0
0
0
0
0
0
0
0
0
0
0
0
0
0
0
0
0
0
0
0
0
0
0
0
6.19863e-07
6.41451e-07
4.0083e-07
2.21943e-07
1.2635e-07
7.09819e-08
3.93553e-08
1.97262e-08
4.6162e-09
0
0
0
0
0
0
0
0
3.10594e-08
2.36264e-08
0
0
2.43849e-07
1.76673e-07
1.09097e-07
1.4174e-07
2.54478e-07
3.65672e-07
3.73269e-07
2.63468e-07
1.15664e-07
8.54177e-09
0
0
0
0
0
0
0
8.48526e-09
3.09889e-08
4.62207e-08
5.14968e-08
4.55237e-08
2.85324e-08
9.74504e-09
0
0
0
0
0
7.10526e-09
1.51935e-08
2.47776e-08
1.65815e-08
5.3353e-08
1.09771e-07
1.83821e-07
1.82126e-07
3.32057e-07
2.95151e-07
1.53953e-07
0
0
0
9.9115e-08
2.23789e-07
2.90364e-07
3.10078e-07
2.9412e-07
2.53125e-07
1.99091e-07
1.44691e-07
9.88104e-08
6.37081e-08
3.76829e-08
1.82257e-08
2.98562e-09
0
0
0
0
0
0
0
0
0
0
0
0
0
0
0
0
0
0
0
0
0
0
1.01919e-08
2.65701e-08
4.04872e-08
4.98077e-08
5.3615e-08
5.31905e-08
5.08049e-08
4.8375e-08
4.79587e-08
5.21438e-08
6.27792e-08
7.93562e-08
9.96488e-08
1.21396e-07
1.42385e-07
1.60383e-07
1.73709e-07
1.81694e-07
1.84736e-07
1.84281e-07
1.82715e-07
1.82625e-07
1.85895e-07
1.93757e-07
2.08429e-07
2.25775e-07
2.38883e-07
2.43504e-07
2.38212e-07
2.24153e-07
2.03877e-07
1.79911e-07
1.55064e-07
1.33891e-07
1.17823e-07
1.06464e-07
9.89543e-08
9.45355e-08
9.41192e-08
9.80881e-08
1.00587e-07
1.0028e-07
9.46485e-08
8.02513e-08
5.48159e-08
1.63113e-08
0
0
0
0
1.32111e-08
1.15248e-07
1.00178e-07
7.28117e-09
0
0
0
0
0
0
0
0
0
0
0
0
0
0
0
0
0
0
0
0
0
0
0
0
0
0
0
1.16443e-07
1.8342e-07
6.68388e-08
1.2264e-08
0
0
0
0
0
0
0
0
0
0
0
0
0
5.33567e-08
1.26287e-08
0
0
3.07433e-07
1.40098e-07
3.98033e-08
5.91546e-08
1.80062e-07
3.19144e-07
3.52759e-07
2.51058e-07
1.02344e-07
0
0
0
0
0
0
0
0
0
1.44174e-08
3.09975e-08
4.05537e-08
4.18824e-08
3.23565e-08
1.73126e-08
4.75214e-09
0
0
0
0
3.99674e-09
1.22259e-08
2.38847e-08
1.96666e-08
7.16725e-08
1.31318e-07
2.11306e-07
1.4862e-07
2.58009e-07
2.81293e-07
2.56406e-07
1.71044e-07
0
0
2.35008e-07
2.60542e-07
1.6785e-07
1.00627e-07
6.57094e-08
5.80559e-08
7.24984e-08
1.02605e-07
1.3733e-07
1.60553e-07
1.59271e-07
1.30107e-07
7.89283e-08
1.6893e-08
0
0
0
0
0
0
0
0
0
0
0
0
0
0
0
0
0
0
0
0
8.41714e-09
3.13631e-08
5.25346e-08
7.04275e-08
8.37291e-08
9.11194e-08
9.25528e-08
8.97915e-08
8.57785e-08
8.33589e-08
8.37654e-08
8.68127e-08
9.25268e-08
1.01642e-07
1.14744e-07
1.31104e-07
1.48494e-07
1.64761e-07
1.78259e-07
1.87861e-07
1.92829e-07
1.93128e-07
1.89959e-07
1.85725e-07
1.83597e-07
1.8676e-07
1.96917e-07
2.16349e-07
2.37966e-07
2.46888e-07
2.39435e-07
2.1885e-07
1.92235e-07
1.65209e-07
1.39142e-07
1.14927e-07
9.61675e-08
8.2287e-08
7.23603e-08
6.70838e-08
6.86146e-08
7.64164e-08
8.67624e-08
9.4618e-08
9.47554e-08
8.67275e-08
6.80696e-08
2.89762e-08
0
0
0
2.0366e-07
6.95064e-08
4.72788e-08
1.01804e-07
1.57741e-07
2.67174e-07
2.36962e-07
0
0
0
0
0
0
0
0
0
0
0
3.39294e-07
6.00025e-07
1.00877e-06
1.74108e-06
2.34103e-06
2.39373e-06
1.40207e-06
0
0
0
0
0
0
6.25844e-08
4.44829e-09
0
0
0
0
0
0
0
0
0
0
0
0
0
0
1.81367e-07
2.43066e-07
9.19618e-08
0
0
3.99712e-07
1.29758e-07
0
0
1.01313e-07
2.97293e-07
3.64403e-07
2.40606e-07
6.54809e-08
0
0
0
0
1.16567e-08
7.95756e-09
0
0
0
1.44468e-09
1.76679e-08
2.61748e-08
2.85573e-08
2.68996e-08
2.288e-08
1.80398e-08
1.50543e-08
7.47678e-09
0
0
0
2.85404e-09
1.36047e-08
0
2.40285e-08
0
0
0
0
0
0
1.23856e-07
3.35097e-07
6.04637e-07
9.46264e-07
8.62733e-07
3.58322e-08
3.54392e-09
1.25065e-07
2.36053e-07
3.10615e-07
3.26e-07
2.76188e-07
1.87888e-07
9.69758e-08
2.2983e-08
0
0
0
0
0
0
0
0
0
0
0
0
0
0
0
0
0
0
0
0
0
0
0
0
0
0
1.51778e-08
3.6567e-08
5.87879e-08
7.80308e-08
9.10331e-08
9.64196e-08
9.52111e-08
9.00419e-08
8.45356e-08
8.26246e-08
8.70946e-08
9.84569e-08
1.15385e-07
1.35313e-07
1.55848e-07
1.747e-07
1.89228e-07
1.97091e-07
1.97305e-07
1.90694e-07
1.79087e-07
1.65625e-07
1.55608e-07
1.52113e-07
1.55132e-07
1.61889e-07
1.68953e-07
1.69428e-07
1.61065e-07
1.45411e-07
1.25608e-07
1.05034e-07
8.6863e-08
7.31545e-08
6.03442e-08
5.07635e-08
5.12783e-08
6.2932e-08
7.80135e-08
8.99242e-08
9.34956e-08
9.27836e-08
8.39279e-08
3.63273e-08
0
0
0
0
0
0
0
0
7.05364e-08
3.26002e-07
4.28126e-07
8.35778e-08
2.94711e-09
1.1718e-07
0
0
0
0
0
0
1.73081e-07
6.04098e-07
1.0419e-06
1.73914e-06
2.68427e-06
3.56726e-06
4.3746e-06
5.41165e-06
3.323e-06
0
0
0
0
0
0
0
0
0
0
0
0
0
0
0
0
0
0
0
0
3.93224e-07
1.1277e-06
1.13402e-06
7.51893e-07
2.68842e-07
0
4.62811e-08
0
0
0
0
1.14649e-07
2.65015e-07
1.61921e-07
0
0
0
0
0
0
0
0
0
0
0
0
0
2.73332e-08
6.90843e-08
1.01178e-07
1.07575e-07
9.3065e-08
5.92336e-08
2.14352e-08
0
0
0
0
0
0
0
2.06248e-08
0
4.19564e-07
4.44018e-07
3.02445e-07
1.02168e-07
0
0
0
0
0
0
0
3.3139e-07
5.34553e-07
5.25357e-07
3.77493e-07
2.2472e-07
1.21039e-07
6.09715e-08
2.92188e-08
1.55083e-08
1.41395e-08
2.12619e-08
3.29427e-08
4.45352e-08
5.13721e-08
5.01717e-08
4.03404e-08
2.45109e-08
7.09058e-09
0
0
0
0
9.64995e-09
3.1962e-08
5.28209e-08
6.55846e-08
6.68592e-08
5.75504e-08
4e-08
1.63527e-08
0
0
0
0
0
3.11189e-09
2.89967e-08
5.13652e-08
6.57154e-08
7.04762e-08
6.59772e-08
5.33848e-08
3.60695e-08
1.89375e-08
6.92165e-09
3.22415e-09
8.03218e-09
1.95329e-08
3.58447e-08
5.52304e-08
7.56915e-08
9.43696e-08
1.08219e-07
1.14886e-07
1.13535e-07
1.05464e-07
9.43929e-08
8.46082e-08
7.82913e-08
7.44925e-08
7.08038e-08
6.63655e-08
6.14162e-08
5.61824e-08
5.11111e-08
4.63425e-08
4.13617e-08
3.50128e-08
3.25238e-08
4.14356e-08
5.3703e-08
6.02966e-08
6.16109e-08
4.75176e-08
0
0
0
0
0
6.33303e-09
0
0
0
0
0
0
2.15772e-08
0
0
0
4.44039e-07
3.98511e-07
7.42894e-08
6.9998e-08
2.44438e-07
0
0
4.47832e-07
8.65643e-07
1.25397e-06
1.85288e-06
2.45398e-06
2.80082e-06
2.8976e-06
2.81407e-06
1.59686e-06
0
0
0
0
0
0
0
0
0
0
0
0
0
0
0
0
0
0
0
0
1.371e-07
1.18919e-06
1.44217e-06
1.10528e-06
5.78417e-07
0
0
0
0
0
0
0
0
0
0
0
0
0
0
0
0
0
0
0
0
0
0
1.17266e-08
7.08069e-08
7.86471e-08
5.3662e-08
2.61357e-08
9.50829e-09
2.59093e-09
0
0
0
5.07709e-09
0
5.32539e-09
0
2.18385e-08
0
0
0
0
0
0
0
0
0
0
0
0
0
0
0
7.19394e-08
1.27574e-07
1.52026e-07
1.45667e-07
1.18951e-07
8.67507e-08
6.10062e-08
4.63365e-08
3.96458e-08
3.36519e-08
2.20492e-08
3.35607e-09
0
0
0
0
0
0
0
0
1.65908e-08
2.63597e-08
2.80307e-08
2.32164e-08
1.51665e-08
6.42628e-09
0
0
0
0
0
0
0
0
1.00133e-08
3.3161e-08
5.50298e-08
6.80047e-08
6.40407e-08
3.81298e-08
0
0
0
0
0
0
0
0
0
1.09323e-11
2.60528e-08
4.14279e-08
4.68551e-08
4.78483e-08
4.81222e-08
4.9103e-08
4.59232e-08
3.40214e-08
2.37252e-08
2.20355e-08
2.50222e-08
2.94107e-08
3.1873e-08
2.56736e-08
8.69431e-09
6.23769e-09
2.18485e-08
2.01896e-08
0
0
0
0
0
0
0
0
0
0
0
0
0
0
0
0
0
0
0
0
0
0
0
0
0
0
6.7063e-07
1.22152e-06
1.43063e-06
1.62836e-06
1.80995e-06
1.85657e-06
1.54137e-06
9.04517e-07
5.4263e-08
0
0
0
0
0
0
0
0
0
0
0
0
0
0
0
0
0
0
0
0
0
7.55669e-08
3.86186e-07
3.5485e-07
1.03577e-07
0
0
0
0
0
0
0
0
0
1.50821e-08
0
0
0
0
0
0
0
0
0
0
0
0
0
5.04405e-09
1.0283e-08
8.85535e-09
5.10529e-09
2.34147e-09
1.2701e-09
0
1.14285e-09
0
3.31387e-09
0
5.94513e-09
0
1.66154e-08
0
0
0
0
0
0
0
0
0
0
0
0
0
0
0
2.14142e-09
3.64272e-08
5.28969e-08
5.43325e-08
4.64112e-08
3.5209e-08
2.47557e-08
1.6128e-08
8.79712e-09
2.81714e-09
0
0
0
0
0
0
0
0
0
0
0
0
0
0
0
0
0
0
0
2.8701e-08
3.95625e-08
1.18637e-08
0
0
0
0
2.67148e-08
6.4508e-08
8.10083e-08
6.46777e-08
1.74064e-08
0
0
0
0
0
0
0
0
0
0
0
0
0
0
0
0
0
0
8.1045e-09
1.71e-08
3.05855e-08
4.1277e-08
2.55067e-08
0
0
0
0
0
0
0
0
0
0
0
0
0
0
0
0
2.22203e-08
3.34493e-07
2.19953e-07
0
0
0
0
0
0
0
0
0
0
0
8.76532e-07
1.5498e-06
1.63266e-06
1.58556e-06
1.45921e-06
1.27998e-06
9.4043e-07
3.91886e-07
0
0
0
0
0
0
0
0
0
0
0
0
0
0
0
0
0
0
0
0
0
0
0
0
0
0
0
0
0
0
0
0
0
0
4.65363e-09
1.99283e-08
1.20624e-08
0
0
0
0
0
2.91791e-09
4.18386e-10
0
0
0
0
0
2.04794e-09
3.65436e-09
2.76866e-09
1.58395e-09
1.19133e-09
9.26333e-10
3.52587e-10
4.67871e-10
0
6.69991e-10
0
3.16501e-09
0
1.04133e-08
0
0
0
0
0
0
0
0
0
0
0
0
0
0
0
0
0
1.29091e-10
8.11278e-09
1.209e-08
9.95094e-09
1.88295e-09
0
0
0
0
0
2.86426e-09
3.79075e-09
0
0
0
0
0
0
0
0
0
0
0
0
0
0
0
0
0
0
0
0
0
0
2.04764e-08
5.21684e-08
6.8031e-08
5.48888e-08
8.3121e-09
0
0
0
0
0
0
0
0
0
0
0
0
0
0
0
0
1.92108e-07
1.32384e-07
1.88774e-08
2.15971e-08
3.36536e-08
5.3844e-08
2.67414e-08
0
1.1107e-08
6.2095e-08
0
3.73653e-08
4.84648e-08
0
0
0
0
0
0
0
0
0
0
2.93116e-08
3.74742e-07
1.48001e-07
0
0
0
0
0
0
0
0
0
0
3.70047e-08
1.83625e-06
1.83227e-06
1.83642e-06
1.70181e-06
1.45017e-06
1.15922e-06
7.93311e-07
3.0986e-07
0
0
0
0
0
0
0
0
0
0
0
0
0
0
0
0
0
0
0
0
3.73804e-08
8.7664e-08
3.23521e-08
0
0
0
0
0
0
0
1.38113e-08
0
0
0
0
1.60809e-09
0
0
0
0
0
8.93797e-10
7.08977e-10
0
0
0
0
0
1.16673e-10
1.63012e-09
1.24358e-09
4.53187e-10
1.34099e-10
3.86561e-10
1.37033e-10
0
0
0
0
0
9.64283e-10
0
6.81035e-09
0
0
0
0
0
0
0
0
0
0
0
0
0
0
7.26228e-09
2.68345e-08
4.0688e-08
4.58996e-08
4.12393e-08
2.81958e-08
1.15473e-08
0
0
0
1.19217e-10
6.09759e-09
9.00369e-09
7.31456e-09
9.4497e-10
0
0
0
0
0
0
0
0
1.10169e-09
8.613e-09
1.08693e-08
1.00486e-08
8.24471e-09
4.55929e-09
0
0
0
0
0
0
0
0
0
0
0
0
0
0
0
0
0
0
0
0
0
0
0
0
0
0
0
0
7.8974e-09
7.09019e-09
1.40338e-08
0
0
1.00045e-08
4.5575e-08
2.8012e-09
0
8.83946e-08
1.20152e-07
1.78541e-08
9.22292e-08
2.02985e-07
0
0
1.01568e-08
0
0
0
0
0
0
0
3.97905e-07
3.7592e-07
0
0
0
0
0
0
0
0
0
0
0
9.00591e-07
1.42071e-06
2.06718e-06
2.0361e-06
1.89123e-06
1.6225e-06
1.30812e-06
9.14036e-07
3.8767e-07
0
0
0
0
0
0
0
0
0
0
0
0
0
0
0
3.23417e-07
3.24652e-07
0
0
0
1.12985e-07
1.64052e-07
3.44115e-08
0
0
0
0
0
0
0
0
0
0
0
0
0
0
0
0
0
0
0
0
0
0
0
0
0
4.36261e-10
4.32207e-10
0
0
0
0
0
0
0
0
0
0
4.74978e-10
0
5.05772e-09
0
0
0
0
0
0
0
0
3.74313e-09
1.18932e-08
2.1677e-08
3.20741e-08
4.13865e-08
4.78055e-08
5.01542e-08
4.80539e-08
4.18237e-08
3.24164e-08
2.1412e-08
1.07903e-08
2.56941e-09
0
0
0
3.81068e-09
7.6629e-09
1.06915e-08
1.24433e-08
1.26326e-08
1.16146e-08
1.01009e-08
8.7893e-09
8.35137e-09
9.26564e-09
1.10544e-08
1.32477e-08
1.52274e-08
1.6714e-08
1.71412e-08
1.55728e-08
1.17628e-08
6.73899e-09
1.08534e-09
0
0
0
0
0
0
0
0
0
0
0
0
0
0
0
0
0
0
0
0
0
0
0
0
0
0
0
1.35525e-09
1.79263e-09
8.9857e-09
6.59556e-09
0
0
3.38137e-08
6.42816e-08
6.79708e-09
0
1.40135e-07
1.71214e-07
0
1.91983e-07
8.20117e-07
4.36067e-07
2.90546e-07
9.1814e-07
5.66249e-07
0
0
0
0
0
7.60548e-07
8.29634e-07
4.9204e-07
3.79552e-08
0
0
0
1.15571e-06
0
0
0
0
4.26223e-06
1.5424e-06
4.07757e-06
2.03214e-06
1.82806e-06
2.11115e-06
2.05327e-06
1.82303e-06
1.54335e-06
1.16815e-06
5.74134e-07
0
0
0
0
0
0
0
0
0
0
0
0
0
0
2.71652e-07
9.61294e-07
7.42019e-07
1.5254e-07
0
0
1.58769e-07
1.69768e-07
0
0
0
0
0
0
0
0
0
0
0
0
0
0
0
0
0
0
0
0
0
0
0
0
0
0
0
0
0
0
0
0
0
0
0
0
0
0
7.00306e-10
0
2.95365e-09
0
0
0
0
0
0
0
0
4.67995e-10
1.1205e-09
1.78897e-09
2.36418e-09
2.70902e-09
2.7358e-09
2.48156e-09
2.09865e-09
1.77419e-09
1.58769e-09
1.51789e-09
1.37406e-09
1.07987e-09
8.99743e-10
1.16735e-09
1.98424e-09
3.13954e-09
4.31126e-09
5.23793e-09
5.6705e-09
5.34633e-09
4.41055e-09
3.19333e-09
2.10036e-09
1.55994e-09
1.87299e-09
2.72018e-09
3.66626e-09
4.64106e-09
5.20518e-09
5.26841e-09
4.69881e-09
3.3455e-09
1.48651e-09
0
0
0
0
0
0
1.09027e-09
1.89804e-09
2.03152e-09
1.45199e-09
3.32864e-10
0
0
0
0
0
0
0
0
0
0
0
0
0
0
0
0
0
1.39944e-09
3.1278e-10
1.25535e-08
3.75418e-09
0
1.93729e-08
8.8739e-08
1.55726e-07
3.2913e-08
0
9.29129e-08
1.73168e-07
0
7.08014e-09
1.53339e-06
9.6481e-07
7.1507e-07
2.58276e-06
3.01116e-06
2.39599e-06
1.84738e-06
0
0
2.27855e-06
3.28146e-06
2.94518e-06
2.15688e-06
1.18305e-06
0
0
1.49007e-08
0
0
0
0
0
0
8.40094e-06
7.88763e-06
4.16859e-06
1.90649e-06
1.72935e-06
1.70233e-06
1.62436e-06
1.44927e-06
1.17438e-06
6.65577e-07
0
0
0
0
0
0
0
0
0
0
0
0
0
0
3.40364e-07
1.13809e-06
1.12111e-06
4.87572e-07
0
0
1.71787e-07
8.90986e-08
0
0
0
0
0
0
0
0
0
0
0
1.91415e-09
2.36702e-09
1.08412e-09
0
0
0
0
0
0
0
0
0
0
0
0
0
0
0
0
0
0
0
0
0
4.81978e-12
5.28139e-11
1.05657e-10
3.95181e-10
0
1.13411e-09
0
0
0
0
0
0
0
0
0
0
0
0
0
0
0
0
0
0
0
0
0
0
0
0
0
0
0
0
0
0
0
0
0
0
0
0
0
0
0
0
0
0
0
0
0
0
0
0
6.6936e-10
1.13192e-09
1.16342e-09
8.9275e-10
4.99327e-10
1.15622e-10
0
0
8.00767e-11
9.21453e-10
1.80005e-09
2.5128e-09
3.10622e-09
4.45003e-09
7.58877e-09
1.16453e-08
1.25559e-08
6.98043e-09
0
0
0
0
0
0
0
0
0
0
9.71033e-08
3.20028e-07
7.04745e-08
0
0
0
0
0
1.49406e-06
2.26229e-06
2.96832e-06
9.69737e-06
9.47586e-06
7.96392e-06
9.77285e-06
7.6317e-06
4.95276e-06
3.13154e-06
3.80153e-06
3.72273e-06
2.32549e-06
1.12452e-06
3.76688e-07
0
0
0
0
0
0
0
0
5.25644e-06
1.12719e-05
1.0495e-05
5.74333e-06
2.5724e-06
1.22563e-06
4.25942e-07
8.4799e-08
6.56127e-09
0
0
0
0
0
0
0
0
0
0
0
0
0
0
0
1.08855e-07
5.61025e-07
1.3312e-06
1.26071e-06
5.92287e-07
1.44602e-07
0
0
0
0
0
0
0
0
0
0
0
0
2.31178e-09
3.07924e-09
1.83426e-09
4.50837e-10
0
0
0
0
0
5.40162e-11
7.4466e-11
4.31274e-11
0
0
0
0
0
0
0
0
0
0
0
0
0
0
0
0
4.35318e-11
0
2.86418e-10
0
0
0
0
0
0
0
0
0
0
0
0
0
0
0
0
0
0
0
0
0
0
0
0
0
0
0
0
0
0
0
0
0
0
0
0
0
0
0
0
0
0
0
0
0
0
0
0
0
0
0
0
1.26416e-10
3.48165e-10
5.43102e-10
6.88446e-10
1.30143e-09
2.1309e-09
3.04936e-09
3.98089e-09
5.1918e-09
7.72695e-09
1.3152e-08
2.24131e-08
3.15589e-08
3.03434e-08
1.68612e-09
0
0
0
0
0
0
0
0
0
0
2.26856e-07
8.99768e-08
0
0
0
0
0
0
6.54532e-07
1.23208e-06
9.17873e-07
2.47871e-06
7.39924e-06
9.47024e-06
5.04638e-06
2.83047e-06
2.08816e-06
2.18573e-06
9.56781e-07
2.21047e-07
5.05878e-08
0
0
0
0
0
0
0
0
0
5.83769e-07
2.72748e-06
5.72508e-06
8.99465e-06
6.65397e-06
1.48545e-06
1.53849e-07
0
0
0
0
0
0
0
0
0
0
0
0
0
0
0
0
0
4.0594e-08
8.05482e-08
4.60182e-07
1.98069e-06
1.19483e-06
1.35872e-07
0
0
0
0
0
0
0
0
0
0
0
9.44904e-10
2.00828e-09
1.65824e-09
7.90769e-10
8.63637e-11
0
0
0
0
5.05276e-11
7.26154e-11
5.30076e-11
1.53572e-11
0
0
0
0
0
0
0
0
0
0
0
0
0
0
0
0
0
0
3.88806e-11
0
0
0
0
0
0
0
0
0
0
0
0
0
0
0
0
0
0
0
0
0
0
0
0
0
0
0
0
0
0
0
0
0
0
0
0
0
0
0
0
0
0
0
0
0
0
0
0
0
0
0
0
0
2.49883e-10
5.34691e-10
6.92826e-10
9.94469e-10
1.37807e-09
1.82904e-09
2.33818e-09
3.26284e-09
5.84506e-09
1.44764e-08
4.7839e-08
9.28873e-08
8.70734e-08
3.10488e-08
0
0
0
0
0
0
0
0
0
0
2.44636e-08
1.63487e-07
0
0
1.9761e-07
0
0
0
4.06313e-07
7.31873e-07
2.96625e-07
3.83835e-07
4.33007e-06
1.16817e-05
6.62296e-06
4.868e-06
4.5424e-06
1.78011e-06
1.69121e-07
0
0
0
0
0
0
0
0
0
0
0
1.5657e-07
1.20668e-06
2.48747e-06
4.02152e-06
5.15582e-06
1.09613e-06
3.8307e-08
0
0
0
0
0
0
0
0
0
0
0
0
0
0
0
0
6.4827e-09
2.58865e-08
2.55019e-08
1.37074e-07
1.10947e-06
2.71657e-07
1.51207e-08
0
0
0
0
0
0
0
0
0
0
0
3.90048e-10
8.86739e-10
7.27845e-10
3.8091e-10
7.18634e-11
0
0
0
0
2.04396e-11
2.76422e-11
1.75603e-11
7.0411e-13
0
0
0
0
0
0
0
0
0
0
0
0
0
0
0
0
0
0
0
0
7.56244e-09
6.15935e-09
1.43504e-08
1.95895e-08
1.93293e-08
1.73778e-08
1.52733e-08
1.28578e-08
1.0606e-08
8.51823e-09
6.80424e-09
5.189e-09
4.06629e-09
2.92265e-09
2.35445e-09
1.49827e-09
1.50265e-09
8.08317e-10
1.41413e-09
5.57864e-10
1.81574e-09
1.41731e-10
2.17333e-09
0
0
2.01487e-09
8.94464e-10
3.01191e-09
4.1184e-09
4.69837e-09
4.28184e-09
4.37195e-09
3.9242e-09
3.68175e-09
3.18987e-09
2.88787e-09
2.4068e-09
2.17669e-09
1.76287e-09
1.64487e-09
1.28282e-09
1.38126e-09
1.00187e-09
1.44356e-09
8.6601e-10
1.8046e-09
5.37136e-10
2.2028e-09
0
0
4.09929e-10
0
2.76834e-10
6.19521e-10
8.34708e-10
8.13278e-10
1.0257e-09
9.84353e-10
1.12693e-09
1.06072e-09
1.13702e-09
1.04804e-09
1.10683e-09
1.01434e-09
1.07762e-09
1.00059e-09
1.13522e-09
1.01742e-09
1.30057e-09
1.03089e-09
1.62112e-09
8.6418e-10
2.05298e-09
3.60782e-10
0
4.82641e-11
0
0
0
0
0
0
3.86516e-11
1.02719e-10
1.861e-10
2.41395e-10
3.41952e-10
4.28168e-10
4.94017e-10
6.30582e-10
6.71814e-10
8.63778e-10
8.46035e-10
1.14153e-09
9.15388e-10
1.55033e-09
7.92027e-10
2.19588e-09
4.08212e-10
1.16235e-09
0
0
0
0
0
0
0
0
0
0
0
0
0
0
0
0
0
0
0
0
0
0
0
0
0
0
0
0
0
0
0
0
0
0
0
0
0
0
0
0
0
0
0
0
0
0
0
0
0
0
0
0
0
0
0
0
0
0
0
0
0
0
0
0
0
0
0
0
0
0
0
0
0
0
0
0
0
0
0
0
0
0
0
0
0
0
0
0
0
0
0
0
0
0
0
0
0
0
0
0
0
0
0
0
0
0
0
0
0
0
0
0
0
0
0
0
0
0
0
0
0
0
0
0
0
0
0
0
0
0
0
0
0
0
0
0
0
0
0
0
0
0
0
0
0
0
0
0
0
0
0
0
0
0
0
0
0
0
0
0
0
0
0
0
0
0
0
0
0
0
0
0
0
0
0
0
0
0
0
0
0
0
0
0
0
0
0
0
0
0
0
0
0
0
0
0
0
0
0
0
0
0
0
0
0
0
0
0
0
0
0
0
0
0
0
0
0
0
0
0
0
0
0
0
0
0
0
0
0
0
0
0
0
0
0
0
0
0
0
0
0
0
0
0
0
0
0
0
0
0
0
0
0
0
0
0
0
0
0
0
0
0
0
0
0
0
0
0
0
0
0
0
0
0
0
0
0
0
0
0
0
0
0
0
0
0
0
0
0
0
0
0
0
0
0
0
0
0
0
0
0
0
0
0
0
0
0
0
0
0
0
0
0
0
0
0
0
0
0
0
0
0
0
0
0
0
0
0
0
0
0
0
0
0
0
0
0
0
0
0
0
0
0
0
0
0
0
0
0
0
0
0
0
0
0
0
0
0
0
0
0
0
0
0
0
0
0
0
0
0
0
0
0
0
0
0
0
0
0
0
0
0
0
0
0
0
0
0
0
0
0
0
0
0
0
0
0
0
0
0
0
0
0
0
0
0
0
0
0
0
0
0
0
0
0
0
0
0
0
0
0
0
0
0
0
0
0
0
0
0
0
0
0
0
0
0
0
0
0
0
0
0
0
0
0
0
0
0
0
0
0
0
0
0
0
0
0
0
0
0
0
0
0
0
0
0
0
0
0
0
0
0
0
0
0
0
0
0
0
0
0
0
0
0
0
0
0
0
0
0
0
0
0
0
0
0
0
0
0
0
0
0
0
0
0
0
0
0
0
0
0
0
0
0
0
0
0
0
0
0
0
0
0
0
0
0
0
0
0
0
0
0
0
0
0
0
0
0
0
0
0
0
0
0
0
0
0
0
0
0
0
0
0
0
0
0
0
0
0
0
0
0
0
0
0
0
0
0
0
0
0
0
0
0
0
0
2.35063e-08
0
0
0
0
0
0
0
0
0
0
0
0
0
0
0
0
0
0
0
0
0
0
0
0
0
6.00057e-08
0
0
0
0
0
0
0
0
0
0
0
0
0
0
0
0
0
0
0
0
0
0
0
0
8.72093e-09
4.59164e-08
0
0
0
0
0
0
0
0
0
0
0
0
0
0
0
0
0
0
0
0
0
0
0
0
7.0176e-08
0
0
0
0
0
0
0
0
0
0
0
0
0
0
0
0
0
0
0
0
0
0
0
0
0
6.7305e-08
0
0
0
0
0
0
0
0
0
0
0
0
0
0
0
0
0
0
0
0
0
0
0
0
0
1.40176e-08
0
0
0
0
0
0
0
0
0
0
0
0
0
0
0
0
0
0
0
0
0
0
0
0
0
0
0
0
0
0
0
0
0
0
0
0
0
0
0
0
0
0
0
0
0
0
0
0
0
0
0
0
0
0
0
0
0
0
0
0
0
0
0
0
0
0
0
0
0
9.77829e-08
0
0
0
0
0
0
0
0
0
0
0
0
0
0
0
0
0
0
0
0
0
0
0
0
1.99953e-07
1.22787e-07
0
0
0
0
0
0
0
0
0
0
0
0
0
0
0
0
0
0
0
0
0
0
0
1.84749e-07
1.93395e-07
9.18385e-08
0
0
0
0
0
0
0
0
0
0
0
0
0
0
0
0
0
0
0
0
0
0
1.22376e-07
1.54466e-07
1.56525e-07
1.98102e-08
0
0
0
0
0
0
0
0
0
0
0
0
0
0
0
0
0
0
0
0
0
6.30044e-08
8.67021e-08
1.23629e-07
1.16692e-07
0
0
0
0
5.18978e-08
6.83723e-08
0
0
0
0
0
0
0
0
0
0
0
0
0
0
0
2.40689e-08
2.81293e-08
7.20639e-08
1.21227e-07
1.01291e-07
0
0
0
1.6132e-07
2.52809e-07
1.53932e-07
0
0
0
0
0
0
0
0
0
0
0
0
0
0
7.68492e-09
0
3.50194e-08
1.02051e-07
1.29637e-07
4.01283e-08
0
9.78079e-08
3.79046e-07
5.31229e-07
4.35065e-07
7.7051e-08
0
0
0
0
0
0
0
0
0
0
0
0
0
8.72441e-09
0
1.77746e-08
8.71224e-08
1.29816e-07
7.26347e-08
6.75063e-08
4.36388e-07
7.93924e-07
9.26411e-07
7.85114e-07
3.0625e-07
0
0
0
0
0
0
0
0
0
0
0
0
0
2.48279e-08
0
1.70339e-08
8.1571e-08
1.302e-07
1.81623e-07
5.81697e-07
1.00293e-06
1.15722e-06
1.20487e-06
1.06829e-06
6.0563e-07
0
0
0
0
0
0
0
0
0
0
0
0
0
0
0
0
0
3.23736e-08
1.44223e-07
2.52652e-07
3.98202e-07
5.33813e-07
6.29634e-07
5.74895e-07
3.36661e-07
0
0
0
0
0
0
0
0
0
0
0
0
0
6.38558e-09
0
0
0
8.97304e-10
2.19215e-08
4.34596e-08
7.69133e-08
1.15759e-07
1.33561e-07
8.38343e-08
1.98756e-08
0
0
0
0
0
0
0
0
0
0
0
0
0
1.7673e-08
0
0
0
0
0
0
6.79167e-09
1.48726e-08
1.49378e-08
5.91678e-09
4.00015e-09
0
0
0
0
0
0
0
0
0
0
0
0
0
1.7839e-08
0
0
0
0
0
0
0
0
0
1.49405e-09
2.18912e-09
1.42663e-09
0
0
0
0
0
0
0
0
0
0
0
0
1.36486e-08
0
0
0
0
0
0
0
0
3.89429e-10
1.15183e-09
9.64639e-10
8.61508e-10
2.71162e-10
2.48311e-11
0
0
0
0
0
0
0
0
0
0
9.1699e-09
0
0
0
0
0
0
2.02623e-10
6.02871e-10
5.43459e-10
6.51754e-10
5.84996e-10
5.38335e-10
3.29885e-10
2.42613e-10
9.38594e-11
9.86183e-11
6.81097e-13
7.88122e-11
0
1.17835e-10
0
1.97981e-10
0
0
6.94445e-09
0
0
0
0
0
9.5868e-11
3.79336e-10
2.44178e-10
2.63124e-10
3.35517e-10
3.2857e-10
2.85325e-10
1.9921e-10
1.78498e-10
1.32664e-10
1.66138e-10
1.08889e-10
2.08225e-10
6.41633e-11
2.94859e-10
0
4.58363e-10
0
2.70817e-10
5.06431e-09
0
0
0
0
0
2.76167e-10
3.97291e-10
3.63217e-10
3.14692e-10
2.75238e-10
2.29203e-10
2.08097e-10
1.84922e-10
1.97246e-10
1.72862e-10
2.16438e-10
1.62555e-10
2.50545e-10
1.24494e-10
3.18978e-10
3.24579e-11
4.62516e-10
0
1.96198e-10
2.4341e-09
0
0
0
0
1.24009e-10
3.6344e-10
3.55945e-10
3.00712e-10
2.51075e-10
2.2492e-10
2.0585e-10
2.03979e-10
1.87117e-10
1.98893e-10
1.70585e-10
1.98704e-10
1.48445e-10
2.13466e-10
1.1492e-10
2.56986e-10
4.61316e-11
3.66527e-10
0
2.90168e-11
8.51895e-10
0
0
2.95091e-10
3.8532e-10
4.27699e-10
3.81484e-10
2.9739e-10
2.40154e-10
2.05777e-10
1.91546e-10
1.78046e-10
1.75153e-10
1.57975e-10
1.64613e-10
1.43019e-10
1.60723e-10
1.24791e-10
1.70819e-10
1.0181e-10
1.98946e-10
5.78045e-11
2.77651e-10
0
0
4.30014e-10
0
9.32612e-10
8.28206e-10
6.08542e-10
4.37388e-10
3.12322e-10
2.12374e-10
1.56404e-10
1.26997e-10
1.24779e-10
1.20567e-10
1.22342e-10
1.15684e-10
1.25103e-10
1.13881e-10
1.26581e-10
1.047e-10
1.34318e-10
8.96056e-11
1.49295e-10
6.36775e-11
2.02072e-10
6.99567e-12
0
6.06473e-10
8.39945e-10
1.53881e-09
8.08661e-10
3.81249e-10
1.54034e-10
6.36624e-11
2.47935e-11
1.44794e-11
1.64251e-11
3.22899e-11
4.08031e-11
4.95925e-11
5.14133e-11
5.95021e-11
5.5089e-11
6.36788e-11
5.24994e-11
6.9442e-11
4.45873e-11
7.36138e-11
3.04329e-11
1.06369e-10
0
0
9.52231e-10
1.53084e-09
1.15387e-09
3.45923e-10
4.67887e-11
0
0
0
0
0
0
0
5.71342e-12
8.87883e-12
1.30642e-11
1.1658e-11
1.60917e-11
1.16582e-11
1.95475e-11
8.95606e-12
1.97975e-11
2.76294e-12
3.56556e-11
0
0
)
;

boundaryField
{
    inlet
    {
        type            zeroGradient;
    }
    outlet
    {
        type            zeroGradient;
    }
    upperWall
    {
        type            zeroGradient;
    }
    lowerWall
    {
        type            zeroGradient;
    }
    frontAndBack
    {
        type            empty;
    }
}


// ************************************************************************* //
