/*--------------------------------*- C++ -*----------------------------------*\
  =========                 |
  \\      /  F ield         | OpenFOAM: The Open Source CFD Toolbox
   \\    /   O peration     | Website:  https://openfoam.org
    \\  /    A nd           | Version:  7
     \\/     M anipulation  |
\*---------------------------------------------------------------------------*/
FoamFile
{
    version     2.0;
    format      ascii;
    class       volScalarField;
    location    "0.03";
    object      nut;
}
// * * * * * * * * * * * * * * * * * * * * * * * * * * * * * * * * * * * * * //

dimensions      [0 2 -1 0 0 0 0];

internalField   nonuniform List<scalar> 
12225
(
0
0
0
0
0
0
0
0
0
0
0
0
0
0
0
0
0
0
0
0
0
0
0
0
0
0
0
0
0
0
0
0
0
0
0
0
0
1.11557e-09
1.72918e-10
0
0
0
0
0
0
0
0
0
0
0
0
0
0
0
0
2.32319e-08
1.00842e-08
8.86053e-10
0
0
0
0
0
0
0
0
0
0
0
0
0
0
0
1.52364e-07
3.02434e-07
5.66704e-08
0
0
1.22219e-09
4.58946e-10
0
0
0
0
0
0
0
0
2.62668e-10
0
1.41272e-07
3.28634e-07
4.58869e-07
4.71683e-07
2.63513e-07
1.13348e-07
1.42339e-07
8.45274e-08
0
0
0
0
0
0
0
0
4.78968e-09
8.76149e-09
1.31559e-07
3.75503e-07
5.1249e-07
3.6931e-07
1.19259e-07
0
1.42886e-09
2.50025e-09
0
0
2.12837e-08
1.75463e-08
0
0
0
3.1192e-08
7.31926e-08
9.79101e-08
2.21402e-07
3.80704e-07
5.93697e-07
2.5813e-07
2.96163e-08
0
0
0
0
0
2.72462e-08
4.9537e-08
3.36876e-08
0
7.45568e-09
7.95638e-08
1.25124e-07
1.14935e-07
4.31245e-07
4.94567e-07
8.2681e-07
3.07463e-07
8.60239e-08
0
1.42015e-08
4.82396e-09
0
0
2.56738e-08
7.37121e-08
1.25388e-07
1.33204e-07
9.63394e-08
5.3482e-08
3.70948e-08
3.33636e-08
3.67804e-07
4.67413e-07
1.35386e-06
7.24036e-07
4.07244e-07
2.04541e-07
9.27478e-08
2.04473e-08
0
7.41293e-09
5.2418e-08
1.11969e-07
1.49024e-07
1.40298e-07
9.5246e-08
4.28951e-08
1.34391e-08
5.87829e-09
0
0
6.18093e-07
9.70489e-07
6.22944e-07
3.43863e-07
2.57824e-07
1.30528e-07
0
0
0
5.78799e-08
1.05745e-07
1.14534e-07
8.77495e-08
4.5883e-08
1.3232e-08
0
0
0
3.22621e-07
9.1373e-07
6.56112e-07
4.36577e-07
4.94938e-07
2.06256e-07
0
0
0
0
2.15047e-08
5.51498e-08
5.94268e-08
3.73005e-08
8.65837e-09
0
0
0
0
8.49739e-07
5.13396e-07
3.23076e-07
5.67332e-07
3.08217e-07
0
0
0
0
0
0
0
0
0
0
0
0
0
0
2.50389e-07
3.34078e-07
8.67472e-07
5.95634e-07
3.23049e-08
0
0
0
0
0
0
0
0
0
0
0
0
0
0
0
5.38206e-07
1.26414e-06
1.09284e-06
9.01924e-07
0
0
0
0
0
0
0
0
0
0
0
0
0
0
1.63976e-07
7.77891e-07
8.81302e-07
1.23596e-06
0
0
0
0
0
0
0
0
0
0
0
0
0
0
1.09165e-07
2.03733e-07
4.01258e-07
3.59413e-07
1.54054e-09
0
0
0
0
0
0
0
7.12521e-07
7.75308e-07
6.52511e-07
0
0
0
1.06711e-07
8.4741e-08
0
0
0
0
0
0
0
0
0
0
0
0
8.30452e-08
0
0
0
9.36801e-08
8.80858e-08
0
0
0
0
0
0
0
0
0
0
0
0
0
0
0
0
0
1.81337e-08
0
2.93031e-09
5.54006e-08
4.33896e-08
0
0
0
0
0
0
5.57847e-08
0
0
0
0
0
0
0
3.04006e-08
9.24333e-08
8.25256e-08
2.91659e-08
0
0
0
0
0
3.55113e-08
0
0
0
0
0
0
0
0
0
0
0
0
0
0
0
0
0
4.07334e-08
7.36555e-07
0
0
0
0
3.67955e-08
0
0
0
0
0
0
0
0
0
0
0
0
1.02375e-06
3.17543e-07
0
0
5.65171e-08
1.09981e-07
1.83252e-08
0
0
0
0
0
0
0
0
0
0
0
4.64877e-07
0
0
0
2.25979e-07
6.87021e-08
0
0
0
0
0
0
0
0
0
0
0
0
4.85988e-09
0
0
0
2.1988e-07
1.76159e-07
3.00185e-08
0
0
0
0
0
0
0
0
0
0
0
0
0
0
0
0
0
0
0
0
0
0
0
0
0
0
0
0
0
6.19288e-09
0
0
0
0
0
0
0
0
0
0
0
0
0
0
0
0
0
7.77437e-09
0
0
0
0
0
0
0
0
0
0
0
0
0
0
0
0
0
6.0604e-08
0
0
0
0
0
0
0
0
0
0
0
0
0
0
0
0
0
5.46131e-09
0
0
0
0
0
0
0
0
0
0
0
0
1.24773e-07
8.6012e-07
2.12768e-06
4.11107e-06
6.88563e-06
1.01036e-05
1.23655e-05
1.20955e-05
9.55266e-06
6.30626e-06
3.43314e-06
1.62448e-06
6.86836e-07
2.46761e-07
4.83287e-08
0
0
0
0
2.26037e-08
4.27779e-08
5.45591e-08
5.87352e-08
5.68298e-08
5.21589e-08
4.26527e-08
3.4554e-08
2.59974e-08
1.76761e-08
1.20997e-08
7.1661e-09
3.67124e-09
7.19782e-10
0
0
0
0
0
0
0
0
0
0
0
0
0
0
0
0
0
0
0
0
0
0
0
0
0
0
0
0
0
0
0
0
0
0
0
0
0
0
0
0
0
0
0
0
0
0
0
0
0
0
0
0
0
0
0
0
0
0
0
0
0
0
0
0
0
0
0
0
0
0
0
0
0
0
0
0
0
0
0
0
0
0
0
0
0
0
0
0
0
0
0
0
0
0
0
0
0
0
0
0
0
0
0
0
0
0
0
0
0
0
0
0
0
0
0
0
0
0
0
0
0
0
0
0
0
0
0
0
0
0
0
0
0
0
2.3571e-09
1.2556e-10
0
0
0
0
0
0
0
0
0
5.24965e-08
4.09967e-07
7.7414e-07
1.09083e-06
1.31195e-06
1.41632e-06
1.41574e-06
1.34993e-06
1.25349e-06
1.15555e-06
1.02577e-06
8.81055e-07
7.20727e-07
5.59939e-07
4.13039e-07
2.83427e-07
1.72388e-07
8.85018e-08
3.68096e-08
1.5471e-08
1.42904e-08
2.17481e-08
2.99171e-08
3.49873e-08
3.76146e-08
3.76641e-08
3.65698e-08
3.41803e-08
3.11022e-08
2.72928e-08
2.29142e-08
1.81599e-08
1.29038e-08
7.40179e-09
1.63614e-09
0
0
0
0
0
0
0
0
0
0
0
0
0
0
0
0
0
0
0
0
0
0
0
0
0
0
0
0
0
0
1.4884e-08
2.32329e-09
0
0
0
0
0
0
0
0
0
0
0
0
0
0
0
0
0
0
0
0
0
0
0
0
0
0
0
0
0
0
0
0
0
0
0
0
0
0
0
0
0
0
0
0
0
0
0
0
0
0
0
0
0
0
0
0
0
0
0
0
0
0
0
0
0
0
0
0
0
0
0
0
0
0
0
0
0
0
0
0
0
0
0
0
0
0
0
0
0
0
0
0
0
0
0
0
0
0
0
0
0
0
0
0
0
0
6.70638e-08
1.26135e-07
1.78468e-07
2.2707e-07
2.73601e-07
3.18119e-07
3.62056e-07
4.08199e-07
4.57752e-07
5.08545e-07
5.52089e-07
5.78676e-07
5.89073e-07
5.76341e-07
5.44805e-07
4.97364e-07
4.374e-07
4.02294e-07
3.62783e-07
3.22322e-07
2.77042e-07
2.29479e-07
1.83312e-07
1.41868e-07
1.0463e-07
7.38517e-08
4.99038e-08
3.38284e-08
2.62802e-08
2.64401e-08
3.21794e-08
4.05817e-08
4.90188e-08
5.56739e-08
5.85614e-08
5.77737e-08
5.2795e-08
4.47139e-08
3.46287e-08
2.40749e-08
1.36684e-08
3.59224e-09
0
0
0
0
0
0
0
0
0
0
0
0
0
0
0
0
0
0
0
0
0
0
0
0
0
7.59304e-09
2.18555e-08
3.19165e-08
3.87575e-08
4.1728e-08
3.78277e-08
2.80099e-08
1.51328e-08
8.10224e-10
0
0
0
0
0
0
0
0
0
0
0
0
0
0
0
0
0
0
0
0
0
0
0
0
0
0
0
0
0
0
0
0
0
0
0
0
0
0
0
0
0
0
0
0
0
0
0
0
0
0
0
0
0
0
0
0
0
0
0
0
0
0
0
0
0
0
0
0
0
0
0
0
0
0
0
0
0
0
0
0
0
0
0
0
0
0
0
0
0
0
0
0
0
0
0
0
0
0
0
0
0
0
0
0
0
0
0
0
3.90935e-08
9.75624e-08
1.5477e-07
2.07173e-07
2.54712e-07
2.94972e-07
3.25961e-07
3.44394e-07
3.48209e-07
3.39134e-07
3.19784e-07
2.91495e-07
2.5783e-07
2.23272e-07
1.85216e-07
1.43279e-07
9.7599e-08
4.47427e-08
0
0
0
0
0
0
0
0
0
0
0
0
0
0
0
0
0
2.84488e-08
6.77459e-08
0
0
0
0
0
0
7.20935e-08
1.26615e-07
1.69629e-07
2.04557e-07
2.32254e-07
2.53731e-07
2.6856e-07
2.74746e-07
2.70463e-07
2.59094e-07
2.42404e-07
2.24253e-07
2.07251e-07
1.93391e-07
1.80094e-07
1.67068e-07
1.53573e-07
1.38723e-07
1.23522e-07
1.08183e-07
9.28984e-08
7.84898e-08
6.63213e-08
5.79353e-08
5.18805e-08
4.47699e-08
3.74126e-08
3.11892e-08
2.60009e-08
2.15035e-08
1.74787e-08
1.37709e-08
1.02843e-08
6.9594e-09
3.74322e-09
6.2478e-10
0
0
0
0
0
0
0
0
0
0
0
0
0
0
0
0
0
0
0
0
0
0
0
0
0
0
0
0
0
0
0
0
0
0
0
0
0
0
0
0
0
0
0
0
0
0
0
0
0
0
0
0
0
0
0
0
0
0
0
9.04026e-16
1.48521e-15
1.65736e-15
1.63068e-15
1.51778e-15
1.37988e-15
1.24401e-15
1.12635e-15
1.02652e-15
9.50349e-16
8.87223e-16
8.46139e-16
8.07748e-16
7.92636e-16
7.65074e-16
7.70812e-16
7.40496e-16
7.71377e-16
7.24153e-16
7.95183e-16
7.03915e-16
8.38301e-16
6.43417e-16
8.72187e-16
5.47899e-16
7.98964e-16
6.22861e-16
1.3678e-16
2.15388e-15
0
2.57605e-14
0
2.97977e-13
0
0
0
0
0
0
0
0
0
0
0
0
0
0
0
0
0
0
0
0
0
0
0
0
0
0
0
0
0
0
0
0
0
0
0
0
0
0
0
0
1.22674e-07
2.68983e-07
4.4897e-07
6.84605e-07
9.57827e-07
9.87088e-07
0
0
0
0
0
0
0
0
0
0
0
0
3.04588e-09
7.98105e-08
1.5268e-07
2.06379e-07
2.3423e-07
2.38499e-07
2.28293e-07
2.13829e-07
1.99414e-07
1.84489e-07
1.6938e-07
1.52728e-07
1.35769e-07
1.19325e-07
1.03824e-07
8.9777e-08
7.83433e-08
6.90412e-08
5.90433e-08
4.79452e-08
3.78694e-08
2.98979e-08
2.37391e-08
1.90357e-08
1.55329e-08
1.29344e-08
1.08921e-08
9.07449e-09
7.35037e-09
5.69051e-09
4.1168e-09
2.66727e-09
1.3591e-09
1.94278e-10
0
0
0
0
0
0
0
0
0
0
0
0
0
0
0
0
0
0
0
0
0
0
0
0
0
0
0
0
0
0
0
0
0
0
0
0
0
0
0
0
2.94224e-12
6.15626e-12
6.94045e-12
6.52162e-12
5.59029e-12
4.52901e-12
3.53017e-12
2.67671e-12
1.99162e-12
1.46442e-12
1.07027e-12
7.80696e-13
5.69955e-13
4.17266e-13
3.06876e-13
2.27138e-13
1.69499e-13
1.2768e-13
9.71266e-14
7.45723e-14
5.7737e-14
4.50167e-14
3.53253e-14
2.78689e-14
2.21144e-14
1.76215e-14
1.41232e-14
1.13432e-14
9.1465e-15
7.33826e-15
5.84906e-15
4.5487e-15
3.37329e-15
2.28392e-15
1.07e-15
7.04254e-17
0
0
0
0
0
0
0
1.41398e-14
0
7.08224e-13
0
3.87067e-12
0
0
0
0
0
0
0
0
0
0
0
0
0
0
0
0
0
0
0
0
0
0
0
0
0
0
0
0
0
0
0
0
0
0
0
0
1.08183e-07
2.47473e-07
3.61448e-07
4.60099e-07
5.64025e-07
7.03862e-07
9.11016e-07
1.22339e-06
1.5843e-06
1.36376e-06
0
0
0
0
0
0
0
0
0
0
0
0
0
0
0
0
7.61581e-09
1.34315e-07
2.04164e-07
2.27761e-07
2.24262e-07
2.07496e-07
1.86818e-07
1.64784e-07
1.43327e-07
1.23995e-07
1.07508e-07
9.52477e-08
8.70665e-08
7.91163e-08
6.87066e-08
5.71976e-08
4.6131e-08
3.59991e-08
2.70786e-08
1.95434e-08
1.35908e-08
9.36433e-09
6.81702e-09
5.59442e-09
5.04095e-09
4.57988e-09
3.85688e-09
2.87392e-09
1.7863e-09
7.41277e-10
0
0
0
0
0
0
0
0
0
0
0
0
0
0
0
0
0
0
0
0
0
0
0
0
0
0
0
0
0
0
0
0
0
0
0
0
0
0
0
0
0
0
0
0
0
0
0
0
0
0
0
0
0
0
0
0
0
0
0
0
0
0
5.4642e-15
8.65409e-15
8.49858e-15
6.5597e-15
3.64106e-15
3.23824e-16
0
0
0
0
0
0
0
0
0
1.05671e-14
3.1666e-14
1.79428e-13
4.62557e-13
2.32329e-12
4.41404e-12
1.50603e-11
1.30189e-11
4.99725e-11
0
2.53259e-11
0
0
0
0
0
0
0
0
0
0
0
0
0
0
0
0
0
0
0
0
0
0
0
0
0
0
0
0
0
0
0
0
0
0
1.58177e-07
2.92463e-07
3.4854e-07
3.422e-07
3.07479e-07
2.82044e-07
2.92665e-07
3.60181e-07
4.81762e-07
6.1663e-07
6.616e-07
4.48528e-07
0
0
0
0
0
0
0
0
0
0
0
0
0
0
0
0
0
0
0
1.33329e-07
2.18302e-07
2.38267e-07
2.16682e-07
1.83681e-07
1.51246e-07
1.24423e-07
1.05207e-07
9.33019e-08
8.57789e-08
7.82032e-08
6.95062e-08
6.12391e-08
5.30214e-08
4.41235e-08
3.46295e-08
2.52542e-08
1.65113e-08
8.76557e-09
2.4913e-09
0
0
0
0
0
0
0
0
0
0
0
0
0
0
0
0
0
0
0
0
0
0
0
0
0
0
0
0
0
0
0
0
0
0
0
0
0
0
0
0
0
0
0
0
0
0
0
0
0
0
0
0
0
0
0
0
0
0
0
0
0
0
0
0
0
0
0
0
0
0
0
0
0
0
0
0
0
0
0
5.70056e-14
2.17663e-13
3.64621e-13
6.01714e-13
8.98824e-13
1.5302e-12
2.30171e-12
4.02133e-12
5.6468e-12
9.69611e-12
1.14576e-11
2.05543e-11
1.4401e-11
2.60762e-11
0
0
0
0
0
0
0
0
0
0
0
0
0
0
0
0
0
0
0
0
0
0
0
0
0
0
0
0
0
0
0
0
0
0
4.16313e-08
1.94128e-07
2.72895e-07
2.57156e-07
1.66096e-07
2.52911e-08
0
0
0
0
0
0
8.5589e-08
1.87601e-07
2.70335e-07
4.09726e-07
6.08973e-07
8.04663e-07
9.44109e-07
9.46635e-07
8.97714e-07
7.1871e-07
5.07258e-07
2.27252e-07
0
0
0
0
0
0
0
0
0
0
5.48329e-08
1.99849e-07
2.36512e-07
2.07133e-07
1.64554e-07
1.29619e-07
1.07145e-07
9.28763e-08
8.13571e-08
7.12427e-08
6.32578e-08
5.72329e-08
5.23286e-08
4.74935e-08
4.17176e-08
3.4288e-08
2.54349e-08
1.62036e-08
7.40616e-09
0
0
0
0
0
0
0
0
0
0
0
0
0
0
0
0
0
0
0
0
0
0
0
0
0
0
0
0
0
0
0
0
0
0
0
0
0
0
0
0
0
0
0
0
0
0
0
0
0
0
0
0
0
0
0
0
0
0
0
0
0
0
0
0
0
0
0
0
0
0
0
0
0
0
0
0
0
0
0
0
1.18231e-13
2.41563e-13
4.18323e-13
6.36728e-13
1.07174e-12
1.60828e-12
2.71624e-12
3.76275e-12
6.04716e-12
6.86595e-12
1.11768e-11
6.51592e-12
6.86664e-12
0
0
0
0
0
0
0
0
0
0
0
0
0
0
0
0
0
0
0
0
0
0
0
0
0
0
0
0
0
0
0
0
0
3.84968e-08
1.69269e-07
2.20702e-07
1.58084e-07
0
0
0
0
0
0
0
2.84732e-07
8.68935e-07
1.32197e-06
1.13817e-06
1.1512e-07
0
0
0
2.17389e-07
5.41035e-07
7.15951e-07
7.28904e-07
7.32708e-07
7.2246e-07
6.45497e-07
4.59649e-07
9.40953e-08
0
0
0
0
0
0
0
0
1.46897e-08
1.71142e-07
1.96512e-07
1.63253e-07
1.28856e-07
1.05381e-07
8.93424e-08
7.62042e-08
6.55433e-08
5.79393e-08
5.22157e-08
4.73832e-08
4.31935e-08
3.96146e-08
3.62008e-08
3.1819e-08
2.52572e-08
1.66891e-08
7.32214e-09
0
0
0
0
0
0
0
0
0
0
0
0
0
0
0
0
0
0
0
0
0
0
0
0
0
0
0
0
0
0
0
0
0
0
0
0
0
0
0
0
0
0
0
0
0
0
0
0
0
0
0
0
0
0
0
0
0
0
0
0
0
0
0
0
0
0
0
0
0
0
0
0
0
0
0
0
0
0
0
3.39197e-14
1.29094e-13
2.47417e-13
3.83572e-13
6.3739e-13
9.43661e-13
1.5295e-12
2.04604e-12
3.06564e-12
3.12591e-12
3.67791e-12
1.23432e-12
0
0
0
0
0
0
0
0
0
0
0
0
0
0
0
0
0
0
0
0
0
0
0
0
0
0
0
0
0
0
0
0
0
0
8.72041e-08
1.2339e-07
6.74838e-08
0
0
0
0
0
0
2.97251e-08
9.44308e-07
2.42499e-06
4.55982e-06
7.04877e-06
7.06828e-06
0
0
0
0
0
1.36307e-07
6.08262e-07
6.1628e-07
4.79442e-07
3.36952e-07
2.96255e-07
3.54745e-07
4.10405e-07
3.15778e-07
0
0
0
0
0
0
0
0
3.78902e-08
1.42903e-07
1.46544e-07
1.19492e-07
9.44777e-08
7.72794e-08
6.6131e-08
5.83644e-08
5.2649e-08
4.84535e-08
4.47783e-08
4.08725e-08
3.67866e-08
3.30815e-08
3.01641e-08
2.76232e-08
2.38865e-08
1.7478e-08
8.61153e-09
0
0
0
0
0
0
0
0
0
0
0
0
0
0
0
0
0
0
0
0
0
0
0
0
0
0
0
0
0
0
0
0
0
0
0
0
0
0
0
0
0
0
0
0
0
0
0
0
0
0
0
0
0
0
0
0
0
0
0
0
0
0
0
0
0
0
0
0
0
0
0
0
0
0
0
0
0
0
0
3.75268e-14
1.13731e-13
1.87523e-13
3.0955e-13
4.44846e-13
6.79925e-13
8.39657e-13
1.18912e-12
8.61079e-13
5.27437e-13
0
0
0
0
0
0
0
0
0
0
0
0
0
0
0
0
0
0
0
0
0
0
0
0
0
0
0
0
0
0
0
0
0
0
9.30958e-09
3.69533e-08
1.55311e-08
0
0
0
0
0
0
1.37008e-07
1.16061e-06
3.08892e-06
6.42632e-06
1.17653e-05
1.98525e-05
2.74064e-05
0
0
0
0
0
0
4.96433e-07
9.61356e-07
8.41411e-07
5.16863e-07
2.52247e-07
1.1969e-07
1.14866e-07
1.88305e-07
2.18967e-07
8.40103e-08
0
0
0
0
0
0
0
9.2066e-08
1.30773e-07
1.11501e-07
8.48082e-08
6.5941e-08
5.51318e-08
4.87558e-08
4.44516e-08
4.16233e-08
3.98518e-08
3.79552e-08
3.50691e-08
3.15237e-08
2.80308e-08
2.51527e-08
2.30877e-08
2.10611e-08
1.71581e-08
1.00149e-08
7.00047e-11
0
0
0
0
0
0
0
0
0
0
0
0
0
0
0
0
0
0
0
0
0
0
0
0
0
0
0
0
0
0
0
0
0
0
0
0
0
0
0
0
0
0
0
0
0
0
0
0
0
0
0
0
0
0
0
0
0
0
0
0
0
0
0
0
0
0
0
0
0
0
0
0
0
0
0
0
0
0
1.37235e-14
5.02494e-14
9.2616e-14
1.24305e-13
1.78785e-13
1.58435e-13
1.27814e-13
0
0
0
0
0
0
0
1.66256e-12
7.35536e-11
0
0
0
0
0
0
0
0
0
0
0
0
0
0
0
0
0
0
0
0
0
0
0
0
0
0
0
0
0
0
0
0
0
0
0
0
4.95828e-07
1.76843e-06
4.12639e-06
7.50289e-06
1.14719e-05
1.39629e-05
8.3189e-06
0
0
0
0
0
0
0
3.90674e-08
5.4184e-07
5.13312e-07
3.35322e-07
1.8997e-07
1.03815e-07
8.13755e-08
1.11205e-07
1.51216e-07
1.09193e-07
0
0
0
0
0
0
9.18404e-08
1.27178e-07
1.01456e-07
7.38663e-08
5.67416e-08
4.67096e-08
4.06892e-08
3.65525e-08
3.36934e-08
3.25278e-08
3.24434e-08
3.16144e-08
2.91963e-08
2.62638e-08
2.36968e-08
2.15078e-08
1.97192e-08
1.83139e-08
1.61521e-08
1.11147e-08
1.97815e-09
0
0
0
0
0
0
0
0
0
0
0
0
0
0
0
0
0
0
0
0
0
0
0
0
0
0
0
0
0
0
0
0
0
0
0
0
0
0
0
0
0
0
0
0
0
0
0
0
0
0
0
0
0
0
0
0
0
0
0
0
0
0
0
0
0
0
0
0
0
0
0
0
0
0
0
0
0
0
0
0
0
0
0
0
0
0
0
0
0
0
0
7.98946e-09
6.69014e-09
5.8088e-09
0
0
0
0
0
0
0
0
0
0
0
0
0
0
0
0
0
0
0
0
1.97048e-09
1.17765e-08
1.88286e-08
1.86579e-08
8.02736e-09
0
0
0
0
0
0
0
0
0
0
5.28056e-08
7.1701e-07
1.72951e-06
2.75775e-06
3.02426e-06
1.17496e-06
0
0
0
0
0
0
0
0
0
0
1.4705e-07
1.24889e-07
5.81335e-08
2.55479e-08
6.83705e-08
1.27431e-07
1.50844e-07
1.53466e-07
1.2292e-07
3.79814e-08
0
0
0
9.40429e-09
1.51236e-07
1.30244e-07
8.07324e-08
5.22465e-08
4.11802e-08
3.66424e-08
3.34941e-08
3.04472e-08
2.72885e-08
2.51883e-08
2.55668e-08
2.72002e-08
2.69879e-08
2.41105e-08
2.09378e-08
1.92381e-08
1.82876e-08
1.7123e-08
1.59164e-08
1.47139e-08
1.15972e-08
3.85124e-09
0
0
0
0
0
0
0
0
0
0
0
0
0
0
0
0
0
0
0
0
0
0
0
0
0
0
0
0
0
0
0
0
0
0
0
0
0
0
0
0
0
0
0
0
0
0
0
0
0
0
0
0
0
0
0
0
0
0
0
0
0
0
0
0
0
0
0
0
0
0
0
0
0
0
0
0
0
0
0
0
0
0
0
0
0
0
0
0
0
0
1.36319e-07
5.77677e-08
1.99266e-08
1.10323e-08
2.70227e-09
1.23218e-09
8.85668e-10
3.4856e-10
1.10138e-09
3.84294e-09
8.94745e-09
1.6419e-08
2.61018e-08
3.59843e-08
4.4121e-08
4.9434e-08
5.31703e-08
5.69874e-08
6.24643e-08
6.99995e-08
7.77747e-08
8.20697e-08
8.73408e-08
9.44838e-08
1.00531e-07
1.00156e-07
8.71686e-08
5.55155e-08
3.33744e-09
0
0
0
0
1.81836e-08
5.89035e-08
3.84158e-08
0
0
0
0
0
0
0
0
0
0
0
0
0
0
0
0
0
0
0
0
0
0
0
1.03753e-07
1.79201e-07
1.79327e-07
1.77045e-07
2.92624e-07
4.90996e-09
0
0
7.81361e-08
2.06374e-07
1.19342e-07
5.04129e-08
2.38687e-08
1.93516e-08
2.16078e-08
2.37289e-08
2.44193e-08
2.35216e-08
2.11655e-08
1.94823e-08
2.08443e-08
2.36916e-08
2.37783e-08
2.02698e-08
1.65092e-08
1.51095e-08
1.51611e-08
1.46776e-08
1.34757e-08
1.27724e-08
1.15175e-08
5.84667e-09
0
0
0
0
0
0
0
0
0
0
0
0
0
0
0
0
0
0
0
0
0
0
0
0
0
0
0
0
0
0
0
0
0
0
0
0
0
0
0
0
0
0
0
0
0
0
0
0
0
0
0
0
0
0
0
0
0
0
0
0
0
0
0
0
0
0
0
0
0
0
0
0
0
0
0
0
0
0
0
0
0
0
0
0
0
0
0
0
0
8.93946e-07
2.0474e-07
5.52844e-08
2.33537e-08
1.40373e-08
9.22422e-09
1.23254e-08
1.79275e-08
2.68316e-08
3.75814e-08
4.96445e-08
6.72226e-08
8.44322e-08
1.0089e-07
1.14518e-07
1.25354e-07
1.32422e-07
1.39025e-07
1.49128e-07
1.62314e-07
1.78405e-07
1.93391e-07
2.00256e-07
2.05831e-07
2.06499e-07
1.95727e-07
1.68702e-07
1.20803e-07
5.00157e-08
0
0
0
5.57542e-08
2.05802e-07
3.74844e-07
4.83254e-07
3.74211e-07
0
0
0
0
0
0
0
0
0
0
0
3.87529e-07
1.02047e-06
7.14487e-07
3.35358e-07
1.34361e-07
2.34077e-08
0
0
0
0
0
3.51197e-08
1.47896e-07
1.80143e-07
2.05497e-07
4.07026e-07
0
0
0
9.76695e-08
2.06857e-07
8.75715e-08
2.53375e-08
6.35586e-09
6.38352e-09
1.14415e-08
1.51661e-08
1.72476e-08
1.92036e-08
2.02862e-08
1.90039e-08
1.72777e-08
1.85443e-08
2.16144e-08
2.15499e-08
1.7568e-08
1.36328e-08
1.24953e-08
1.28885e-08
1.21851e-08
1.024e-08
9.77572e-09
1.09385e-08
8.50543e-09
0
0
0
0
0
0
0
0
0
0
0
0
0
0
0
0
0
0
0
0
0
0
0
0
0
0
0
0
0
0
0
0
0
0
0
0
0
0
0
0
0
0
0
0
0
0
0
0
0
0
0
0
0
0
0
0
0
0
0
0
0
0
0
0
0
0
0
0
0
0
0
0
0
0
0
0
0
0
0
0
0
0
0
0
0
0
0
0
1.62573e-06
4.17625e-07
1.69402e-07
8.3671e-08
3.70866e-08
8.59446e-09
8.88048e-09
1.97219e-08
3.35848e-08
5.36947e-08
7.99011e-08
1.0238e-07
1.32037e-07
1.58796e-07
1.79645e-07
1.96611e-07
2.09523e-07
2.19503e-07
2.3088e-07
2.48971e-07
2.71597e-07
2.97137e-07
3.20358e-07
3.32539e-07
3.24745e-07
3.00166e-07
2.57802e-07
1.93627e-07
1.10837e-07
2.78665e-08
0
1.65743e-09
1.04988e-07
2.9591e-07
5.56909e-07
8.30372e-07
9.40622e-07
6.92274e-07
0
0
0
0
0
0
0
0
0
1.50789e-05
1.43724e-05
9.44e-06
5.08845e-06
2.23201e-06
8.51476e-07
2.12422e-07
0
0
0
0
0
1.41863e-08
1.04967e-07
1.4755e-07
2.47416e-07
6.27449e-07
0
0
0
2.13689e-07
1.75907e-07
5.51282e-08
1.46339e-08
4.76091e-09
7.44889e-09
1.32878e-08
1.6728e-08
1.67432e-08
1.61739e-08
1.77907e-08
2.01796e-08
2.00355e-08
1.86028e-08
1.94447e-08
2.12751e-08
1.99742e-08
1.60357e-08
1.32409e-08
1.2846e-08
1.24515e-08
9.74269e-09
6.19366e-09
6.01415e-09
9.70131e-09
1.01757e-08
8.44042e-10
0
0
0
0
0
0
0
0
0
0
0
0
0
0
0
0
0
0
0
0
0
0
0
0
0
0
0
0
0
0
0
0
0
0
0
0
0
0
0
0
0
0
0
0
0
0
0
0
0
0
0
0
0
0
0
0
0
0
0
0
0
0
0
0
0
0
0
0
0
0
0
0
0
0
0
0
0
0
0
0
0
0
0
0
0
0
2.98992e-06
1.34293e-06
7.31933e-07
3.21029e-07
1.28448e-07
3.42866e-08
0
1.90127e-08
4.12353e-08
5.5609e-08
7.7204e-08
1.11196e-07
1.36566e-07
1.68424e-07
1.97269e-07
2.198e-07
2.37688e-07
2.51315e-07
2.6246e-07
2.77814e-07
3.01025e-07
3.28043e-07
3.56816e-07
3.80428e-07
3.97964e-07
3.77252e-07
3.29595e-07
2.57006e-07
1.70177e-07
8.06158e-08
1.73852e-08
1.39837e-08
9.21986e-08
2.68114e-07
5.16626e-07
8.09456e-07
1.1108e-06
1.1568e-06
8.96889e-07
2.06323e-07
0
0
0
0
0
0
1.43017e-05
2.44791e-05
1.59067e-05
8.82857e-06
4.29735e-06
1.89143e-06
6.69174e-07
1.05689e-07
0
0
0
0
0
3.60667e-08
1.12867e-07
1.58677e-07
4.08602e-07
7.98555e-07
0
0
0
3.15781e-07
1.06608e-07
3.11027e-08
1.23354e-08
9.64492e-09
1.37051e-08
1.90201e-08
2.1639e-08
2.04458e-08
1.69915e-08
1.4742e-08
1.58474e-08
1.82974e-08
1.87958e-08
1.81778e-08
1.84355e-08
1.82738e-08
1.61147e-08
1.36731e-08
1.26929e-08
1.21288e-08
9.55639e-09
4.65294e-09
6.56713e-10
1.27511e-09
6.19e-09
7.89214e-09
4.31915e-11
0
0
0
0
0
0
0
0
0
0
0
0
0
0
0
0
0
0
0
0
0
0
0
0
0
0
0
0
0
0
0
0
0
0
0
0
0
0
0
0
0
0
0
0
0
0
0
0
0
0
0
0
0
0
0
0
0
0
0
0
0
0
0
0
0
0
0
0
0
0
0
0
0
0
0
0
0
0
0
0
0
0
0
0
0
2.03816e-06
2.98792e-06
1.49321e-06
7.24373e-07
3.02692e-07
9.80197e-08
1.22467e-08
0
3.74806e-08
5.42488e-08
6.34822e-08
8.36688e-08
1.16891e-07
1.4469e-07
1.72852e-07
2.02056e-07
2.2472e-07
2.41248e-07
2.54238e-07
2.64408e-07
2.79718e-07
3.02392e-07
3.2945e-07
3.54557e-07
3.78678e-07
3.89701e-07
3.70528e-07
3.18519e-07
2.37692e-07
1.46524e-07
6.30899e-08
1.52013e-08
3.20498e-08
1.28928e-07
3.10712e-07
5.68719e-07
8.36719e-07
1.09471e-06
1.10818e-06
9.66583e-07
5.64468e-07
0
0
0
0
0
2.68134e-06
5.51116e-06
4.85047e-06
3.12547e-06
1.63079e-06
6.39372e-07
1.42584e-07
0
0
0
0
0
0
8.1987e-08
1.57513e-07
2.50365e-07
8.78946e-07
5.80998e-07
0
0
1.52809e-07
2.18061e-07
5.58631e-08
2.20639e-08
1.44983e-08
1.38899e-08
1.65949e-08
1.96747e-08
2.09582e-08
2.01271e-08
1.75032e-08
1.43281e-08
1.30279e-08
1.42566e-08
1.60967e-08
1.69204e-08
1.68606e-08
1.63451e-08
1.50736e-08
1.3306e-08
1.20715e-08
1.08276e-08
8.37658e-09
3.72093e-09
0
0
0
3.87714e-09
5.42953e-09
0
0
0
0
0
0
0
0
0
0
0
0
0
0
0
0
0
0
0
0
0
0
0
0
0
0
0
0
0
0
0
0
0
0
0
0
0
0
0
0
0
0
0
0
0
0
0
0
0
0
0
0
0
0
0
0
0
0
0
0
0
0
0
0
0
0
0
0
0
0
0
0
0
0
0
0
0
0
0
0
0
0
0
0
0
6.87262e-07
2.58893e-06
2.17243e-06
1.13504e-06
7.73406e-07
4.64059e-07
2.22535e-07
1.43534e-07
8.89643e-08
1.80982e-08
4.65059e-08
5.94806e-08
7.51579e-08
1.0105e-07
1.25534e-07
1.49688e-07
1.78349e-07
1.97616e-07
2.12297e-07
2.21487e-07
2.31959e-07
2.40738e-07
2.60581e-07
2.81577e-07
3.04088e-07
3.23801e-07
3.27701e-07
3.14037e-07
2.70203e-07
2.01822e-07
1.18227e-07
4.28777e-08
0
4.84287e-09
7.46832e-08
2.1603e-07
3.93663e-07
6.19746e-07
7.45084e-07
8.22694e-07
8.31974e-07
6.29003e-07
3.44644e-07
2.20573e-09
0
0
4.72822e-07
9.07209e-07
9.20401e-07
6.33222e-07
2.6755e-07
2.42014e-08
0
0
3.73827e-08
1.04827e-07
1.00425e-07
3.2167e-08
1.60137e-08
1.1988e-07
2.35584e-07
5.65609e-07
1.41821e-06
4.36745e-07
1.24881e-07
1.38676e-07
3.68948e-07
1.22063e-07
4.48827e-08
2.88906e-08
2.40069e-08
2.09853e-08
1.91863e-08
1.85468e-08
1.8423e-08
1.84363e-08
1.8253e-08
1.74687e-08
1.68396e-08
1.74123e-08
1.81533e-08
1.85688e-08
1.87069e-08
1.82761e-08
1.71646e-08
1.52354e-08
1.28781e-08
9.94189e-09
6.72455e-09
2.5922e-09
0
0
0
5.82502e-10
4.88881e-09
4.94584e-09
0
0
0
0
0
0
0
0
0
0
0
0
0
0
0
0
0
0
0
0
0
0
0
0
0
0
0
0
0
0
0
0
0
0
0
0
0
0
0
0
0
0
0
0
0
0
0
0
0
0
0
0
0
0
0
0
0
0
0
0
0
0
0
0
0
0
0
0
0
0
0
0
0
0
0
0
0
0
0
0
0
0
0
0
2.06269e-07
9.61061e-07
1.91392e-06
5.51273e-07
4.09715e-07
2.47551e-07
0
0
0
0
2.30159e-08
3.89162e-08
4.65022e-08
5.67827e-08
7.38654e-08
9.21989e-08
1.12299e-07
1.33149e-07
1.48798e-07
1.59179e-07
1.64343e-07
1.70844e-07
1.75269e-07
1.88338e-07
2.00969e-07
2.19433e-07
2.31752e-07
2.34863e-07
2.23336e-07
1.92297e-07
1.42094e-07
7.73202e-08
1.4277e-08
0
0
0
5.09403e-08
1.50928e-07
2.47482e-07
3.42104e-07
4.18457e-07
4.02623e-07
3.53501e-07
2.56598e-07
1.39623e-07
3.57811e-08
5.76712e-09
2.27889e-08
1.38317e-08
0
0
0
1.44593e-09
8.52945e-08
1.69237e-07
2.02931e-07
1.55719e-07
4.24858e-08
1.1556e-08
1.66605e-07
4.42131e-07
1.30137e-06
9.57063e-07
4.22564e-07
2.97769e-07
3.96831e-07
2.97101e-07
9.84948e-08
5.81155e-08
4.69264e-08
4.16346e-08
3.62082e-08
3.14511e-08
2.86105e-08
2.72965e-08
2.66854e-08
2.62432e-08
2.56281e-08
2.52806e-08
2.59569e-08
2.61015e-08
2.47963e-08
2.37608e-08
2.30542e-08
2.21208e-08
2.00227e-08
1.62589e-08
1.0585e-08
4.98829e-09
8.36308e-10
0
0
0
1.22014e-09
5.05191e-09
7.81436e-09
6.12919e-09
2.20053e-09
0
0
0
0
0
0
0
0
0
0
0
0
0
0
0
0
0
0
0
0
0
0
0
0
0
0
0
0
0
0
0
0
0
0
0
0
0
0
0
0
0
0
0
0
0
0
0
0
0
0
0
0
0
0
0
0
0
0
0
0
0
0
0
0
0
0
0
0
0
0
0
0
0
0
0
0
0
0
0
0
0
0
0
1.7627e-07
3.37961e-07
0
0
0
0
0
0
0
9.2393e-09
1.97014e-08
2.56861e-08
2.97577e-08
3.55681e-08
4.53273e-08
5.44409e-08
6.84577e-08
7.94451e-08
9.06584e-08
9.39693e-08
9.78852e-08
9.80511e-08
9.9906e-08
1.04706e-07
1.09293e-07
1.18182e-07
1.24673e-07
1.25303e-07
1.15282e-07
9.40862e-08
6.00141e-08
1.61987e-08
0
0
0
0
0
0
0
1.42825e-08
2.72761e-08
2.36253e-08
7.51901e-10
0
0
0
0
0
0
0
5.20759e-08
1.43922e-07
2.04664e-07
2.38622e-07
2.28224e-07
1.55052e-07
2.4164e-08
7.84996e-08
3.63778e-07
8.75545e-07
9.46024e-07
5.5165e-07
4.04817e-07
4.00404e-07
5.01882e-07
1.98928e-07
1.06026e-07
7.90874e-08
6.87567e-08
6.15231e-08
5.39646e-08
4.8174e-08
4.53382e-08
4.39717e-08
4.24394e-08
4.02978e-08
3.74199e-08
3.50209e-08
3.44761e-08
3.45408e-08
3.23689e-08
2.97276e-08
2.81226e-08
2.71352e-08
2.53692e-08
2.13245e-08
1.35543e-08
4.45124e-09
0
0
0
0
2.99392e-09
7.10687e-09
1.05668e-08
1.15096e-08
8.9123e-09
5.79541e-09
3.039e-09
0
0
0
0
0
0
0
0
0
0
0
0
0
0
0
0
0
0
0
0
0
0
0
0
0
0
0
0
0
0
0
0
0
0
0
0
0
0
0
0
0
0
0
0
0
0
0
0
0
0
0
0
0
0
0
0
0
0
0
0
0
0
0
0
0
0
0
0
0
0
0
0
0
0
0
0
0
0
0
0
0
0
0
0
0
0
0
0
0
0
3.81456e-09
7.42282e-09
8.78345e-09
9.77166e-09
1.0699e-08
1.20872e-08
1.40484e-08
1.74083e-08
2.133e-08
2.46765e-08
2.62404e-08
2.67593e-08
2.58573e-08
2.40748e-08
2.22988e-08
2.0459e-08
1.93881e-08
1.90618e-08
1.88512e-08
1.54817e-08
7.18534e-09
0
0
0
0
0
0
0
0
0
0
0
0
0
0
0
0
0
0
0
1.02934e-07
2.0181e-07
2.51978e-07
2.66993e-07
2.69557e-07
2.50212e-07
1.78379e-07
1.11924e-07
2.44401e-07
4.0151e-07
4.76519e-07
3.99638e-07
3.46994e-07
3.47493e-07
4.07621e-07
3.74145e-07
1.85309e-07
1.2672e-07
1.01967e-07
8.91071e-08
7.79365e-08
6.7368e-08
6.1142e-08
5.96417e-08
5.91109e-08
5.69222e-08
5.3278e-08
4.83948e-08
4.32738e-08
4.07082e-08
4.05101e-08
3.8861e-08
3.53873e-08
3.2681e-08
3.11295e-08
2.9605e-08
2.62514e-08
1.82178e-08
6.37145e-09
0
0
0
0
4.30201e-09
1.01289e-08
1.38192e-08
1.63535e-08
1.55506e-08
1.23715e-08
7.8504e-09
2.33806e-09
0
0
0
0
0
0
0
0
0
0
0
0
0
0
0
0
0
0
0
0
0
0
0
0
0
0
0
0
0
0
0
0
0
0
0
0
0
0
0
0
0
0
0
0
0
0
0
0
0
0
0
0
0
0
0
0
0
0
0
0
0
0
0
0
0
0
0
0
0
0
0
0
0
0
0
0
0
0
0
0
0
0
0
0
0
9.84946e-09
5.55645e-10
0
0
0
0
0
0
0
0
0
0
0
0
0
0
0
0
0
0
0
0
0
0
0
0
0
0
0
0
0
0
0
0
0
0
0
0
0
0
0
0
5.05338e-08
1.41244e-07
2.34809e-07
2.95401e-07
3.09481e-07
3.02885e-07
3.09928e-07
3.0005e-07
1.46903e-07
8.61243e-08
1.02886e-07
1.2651e-07
1.67593e-07
2.0477e-07
2.31524e-07
2.60216e-07
4.19033e-07
2.89318e-07
1.92829e-07
1.44262e-07
1.17967e-07
1.02178e-07
8.92039e-08
7.83115e-08
7.27781e-08
7.25282e-08
7.24267e-08
6.97043e-08
6.48785e-08
5.80738e-08
5.03282e-08
4.56419e-08
4.45952e-08
4.35784e-08
4.02866e-08
3.70026e-08
3.49739e-08
3.33663e-08
3.05732e-08
2.34428e-08
1.09464e-08
0
0
0
0
4.8071e-09
1.33212e-08
1.75505e-08
2.07882e-08
2.16755e-08
1.91468e-08
1.34183e-08
4.73533e-09
0
0
0
0
0
0
0
0
0
0
0
0
0
0
0
0
0
0
0
0
0
0
0
0
0
0
0
0
0
0
0
0
0
0
0
0
0
0
0
0
0
0
0
0
0
0
0
0
0
0
0
0
0
0
0
0
0
0
0
0
0
0
0
0
0
0
0
0
0
0
0
0
0
0
0
0
0
0
0
0
0
0
0
0
0
0
0
0
0
0
0
0
0
0
0
0
0
0
0
0
0
0
0
0
0
0
0
0
0
0
0
0
0
0
0
0
0
0
0
0
0
0
0
0
0
1.34804e-08
9.60038e-08
1.75378e-07
2.55799e-07
3.22944e-07
3.48823e-07
3.29879e-07
3.07526e-07
3.23181e-07
1.57627e-07
7.19522e-08
4.08063e-08
3.41244e-08
4.6021e-08
8.20302e-08
1.15926e-07
1.47503e-07
2.73196e-07
3.8597e-07
2.58675e-07
1.97481e-07
1.50492e-07
1.23818e-07
1.0813e-07
9.70134e-08
8.88203e-08
8.5345e-08
8.57326e-08
8.56792e-08
8.24898e-08
7.66509e-08
6.75941e-08
5.74902e-08
5.09539e-08
4.84135e-08
4.72349e-08
4.43054e-08
4.08581e-08
3.86426e-08
3.71929e-08
3.44182e-08
2.82816e-08
1.7044e-08
3.85538e-09
0
0
0
4.70408e-09
1.62362e-08
2.15433e-08
2.48056e-08
2.68976e-08
2.55058e-08
1.93736e-08
7.77313e-09
0
0
0
0
0
0
0
0
0
0
0
0
0
0
0
0
0
0
0
0
0
0
0
0
0
0
0
0
0
0
0
0
0
0
0
0
0
0
0
0
0
0
0
0
0
0
0
0
0
0
0
0
0
0
0
0
0
0
0
0
0
0
0
0
0
0
0
0
0
0
0
0
0
0
0
0
0
0
0
0
1.40302e-07
1.97268e-07
0
0
0
0
0
0
0
0
0
0
0
0
0
0
0
0
0
0
0
0
0
0
0
0
0
0
0
0
0
0
0
0
0
0
0
0
0
0
0
0
0
0
0
7.4938e-08
1.69575e-07
2.53561e-07
3.29942e-07
3.66196e-07
3.29233e-07
2.70035e-07
3.09583e-07
1.69746e-07
9.52439e-08
5.251e-08
2.71872e-08
1.8159e-08
2.57191e-08
4.53499e-08
7.18471e-08
1.61508e-07
4.27588e-07
3.04041e-07
2.35341e-07
1.87945e-07
1.47256e-07
1.24791e-07
1.13885e-07
1.0626e-07
9.93756e-08
9.61328e-08
9.60195e-08
9.58448e-08
9.24761e-08
8.64199e-08
7.65685e-08
6.52507e-08
5.73416e-08
5.33841e-08
5.14909e-08
4.85336e-08
4.49331e-08
4.24529e-08
4.09516e-08
3.80832e-08
3.25299e-08
2.33165e-08
1.11983e-08
6.82353e-10
0
0
4.62984e-09
1.85583e-08
2.55607e-08
2.83703e-08
3.09746e-08
3.09053e-08
2.51595e-08
1.14437e-08
0
0
0
0
0
0
0
0
0
0
0
0
0
0
0
0
0
0
0
0
0
0
0
0
0
0
0
0
0
0
0
0
0
0
0
0
0
0
0
0
0
0
0
0
0
0
0
0
0
0
0
0
0
0
0
0
0
0
0
0
0
0
0
0
0
0
0
0
0
0
0
0
0
0
0
0
0
0
0
6.87366e-08
7.6458e-08
3.79806e-08
0
0
0
0
0
0
0
0
0
0
0
0
0
0
0
0
0
0
0
0
0
0
0
0
0
0
0
0
0
0
0
0
0
0
0
0
0
0
0
0
0
0
0
1.26993e-07
2.4437e-07
3.39934e-07
3.86507e-07
3.27654e-07
2.59206e-07
3.3364e-07
2.11744e-07
1.30034e-07
7.90003e-08
4.48969e-08
2.33234e-08
1.57177e-08
2.24343e-08
4.2618e-08
1.09758e-07
3.72075e-07
3.1066e-07
2.47795e-07
2.04433e-07
1.59572e-07
1.36464e-07
1.24404e-07
1.18704e-07
1.13628e-07
1.07341e-07
1.03217e-07
1.01807e-07
1.00786e-07
9.73638e-08
9.17146e-08
8.26995e-08
7.15017e-08
6.32486e-08
5.85444e-08
5.5926e-08
5.27182e-08
4.89879e-08
4.63291e-08
4.45736e-08
4.1411e-08
3.59829e-08
2.85955e-08
1.94414e-08
8.66085e-09
1.24944e-09
0
5.41437e-09
1.99459e-08
2.9019e-08
3.11688e-08
3.34994e-08
3.45388e-08
2.97549e-08
1.49268e-08
0
0
0
0
0
0
0
0
0
0
0
0
0
0
0
0
0
0
0
0
0
0
0
0
0
0
0
0
0
0
0
0
0
0
0
0
0
0
0
0
0
0
0
0
0
0
0
0
0
0
0
0
0
0
0
0
0
0
0
0
0
0
0
0
0
0
0
0
0
0
0
0
0
0
0
0
0
0
0
1.37049e-08
3.45634e-08
3.01267e-08
6.36899e-09
0
0
0
0
0
0
0
0
0
0
0
0
0
0
0
0
0
0
0
0
0
0
0
0
0
0
0
0
0
0
0
0
0
0
0
0
0
0
0
0
0
2.12559e-09
1.72283e-07
3.07575e-07
3.80447e-07
3.23712e-07
2.69907e-07
3.13212e-07
2.46697e-07
1.7817e-07
1.16966e-07
7.05195e-08
4.10291e-08
2.87018e-08
3.00206e-08
4.91198e-08
1.17976e-07
2.73479e-07
2.49993e-07
2.16661e-07
1.9492e-07
1.6171e-07
1.4154e-07
1.29407e-07
1.24592e-07
1.2079e-07
1.15629e-07
1.09067e-07
1.04414e-07
1.01876e-07
1.00256e-07
9.70792e-08
9.22134e-08
8.4512e-08
7.44367e-08
6.66327e-08
6.16706e-08
5.84191e-08
5.47888e-08
5.09113e-08
4.82213e-08
4.64842e-08
4.30816e-08
3.74795e-08
3.14516e-08
2.58457e-08
1.73994e-08
8.62871e-09
4.55722e-09
7.41211e-09
1.99271e-08
3.05312e-08
3.2142e-08
3.35774e-08
3.51145e-08
3.13531e-08
1.65845e-08
0
0
0
0
0
0
0
0
0
0
0
0
0
0
0
0
0
0
0
0
0
0
0
0
0
0
0
0
0
0
0
0
0
0
0
0
0
0
0
0
0
0
0
0
0
0
0
0
0
0
0
0
0
0
0
0
0
0
0
0
0
0
0
0
0
0
0
0
0
0
0
0
0
0
0
0
0
0
0
0
4.73657e-09
1.32758e-08
1.61216e-08
5.81775e-09
0
0
0
0
0
0
0
0
0
0
0
0
0
0
0
0
0
0
0
0
0
0
0
0
0
0
0
0
0
0
0
0
0
0
0
0
0
0
0
0
0
1.56623e-07
3.14388e-07
2.68725e-07
2.3774e-07
2.5342e-07
2.41645e-07
2.15952e-07
1.71479e-07
1.07533e-07
6.73039e-08
6.30833e-08
9.02364e-08
1.48276e-07
2.41228e-07
2.14126e-07
1.89312e-07
1.76757e-07
1.69806e-07
1.57779e-07
1.41781e-07
1.2845e-07
1.24722e-07
1.23666e-07
1.20431e-07
1.15203e-07
1.08425e-07
1.0292e-07
9.96677e-08
9.78514e-08
9.53935e-08
9.16839e-08
8.56327e-08
7.69986e-08
6.99827e-08
6.51069e-08
6.13367e-08
5.70564e-08
5.27926e-08
4.98601e-08
4.7813e-08
4.40815e-08
3.83657e-08
3.33354e-08
3.07493e-08
2.58993e-08
1.76759e-08
1.15896e-08
1.12597e-08
1.99329e-08
3.09025e-08
3.25605e-08
3.28686e-08
3.41532e-08
3.07008e-08
1.63313e-08
0
0
0
0
0
0
0
0
0
0
0
0
0
0
0
0
0
0
0
0
0
0
0
0
0
0
0
0
0
0
0
0
0
0
0
0
0
0
0
0
0
0
0
6.64243e-14
1.10342e-13
1.12045e-13
1.3919e-13
1.37745e-13
1.0754e-13
6.01754e-14
0
0
0
0
0
0
0
0
0
0
0
0
0
0
0
0
0
0
0
0
0
0
0
0
0
0
0
0
0
0
6.14041e-11
8.54322e-10
2.6165e-09
3.04107e-09
1.85277e-09
0
0
0
0
0
0
0
0
0
0
0
0
0
0
0
0
0
0
0
0
0
0
0
0
0
0
0
0
0
0
0
0
0
0
0
0
0
0
0
0
3.16053e-07
2.65019e-07
1.48597e-07
1.79477e-07
2.06095e-07
2.1528e-07
2.03611e-07
1.53581e-07
1.06995e-07
1.25003e-07
2.28458e-07
2.76152e-07
2.53535e-07
2.12568e-07
1.88608e-07
1.74095e-07
1.64951e-07
1.57599e-07
1.3595e-07
1.18916e-07
1.17311e-07
1.20411e-07
1.19864e-07
1.16066e-07
1.09797e-07
1.01595e-07
9.58056e-08
9.25487e-08
9.11946e-08
8.97693e-08
8.73899e-08
8.29946e-08
7.59691e-08
7.00065e-08
6.56811e-08
6.19364e-08
5.73176e-08
5.26878e-08
4.9501e-08
4.70283e-08
4.29167e-08
3.74049e-08
3.34921e-08
3.35232e-08
3.25019e-08
2.68217e-08
1.99197e-08
1.6759e-08
2.07233e-08
2.96941e-08
3.11377e-08
3.00093e-08
3.05929e-08
2.74457e-08
1.42463e-08
0
0
0
0
0
0
0
0
0
0
0
0
0
0
0
0
0
0
0
0
0
0
0
0
0
0
0
0
0
0
0
0
0
0
0
6.02977e-13
1.35619e-12
1.8206e-12
2.03117e-12
2.08809e-12
2.06945e-12
2.01762e-12
1.90859e-12
1.75878e-12
1.58951e-12
1.41978e-12
1.24617e-12
1.08793e-12
9.38872e-13
7.859e-13
6.16985e-13
4.51493e-13
2.90583e-13
1.14089e-13
0
0
0
0
0
0
0
0
0
0
0
0
0
0
0
0
0
0
0
0
0
0
0
0
0
0
0
0
0
0
0
8.94809e-11
0
0
0
0
0
0
0
0
0
0
0
0
0
0
0
0
0
0
0
0
0
0
0
0
0
0
0
0
0
0
0
0
0
0
0
0
0
0
1.15478e-07
1.35693e-07
1.00339e-07
1.19167e-07
1.57801e-07
1.85719e-07
1.99941e-07
1.71731e-07
1.4587e-07
1.93811e-07
2.27476e-07
1.98939e-07
1.92835e-07
2.05094e-07
2.16054e-07
2.05947e-07
1.86639e-07
1.58615e-07
1.23992e-07
1.07512e-07
1.07863e-07
1.13113e-07
1.14855e-07
1.12815e-07
1.08356e-07
1.01452e-07
9.35662e-08
8.83561e-08
8.55524e-08
8.47195e-08
8.41391e-08
8.28986e-08
7.99733e-08
7.42996e-08
6.90574e-08
6.51137e-08
6.1512e-08
5.67301e-08
5.1763e-08
4.83185e-08
4.55994e-08
4.12438e-08
3.59085e-08
3.31288e-08
3.53339e-08
3.73041e-08
3.47496e-08
2.87631e-08
2.37872e-08
2.37578e-08
2.92129e-08
2.99111e-08
2.70755e-08
2.66168e-08
2.36516e-08
1.13617e-08
0
0
0
0
0
0
0
0
0
0
0
0
0
0
0
0
0
0
0
0
0
0
0
0
0
0
0
0
0
0
0
2.19028e-12
4.53684e-12
6.05461e-12
6.92781e-12
7.32127e-12
7.36042e-12
7.13181e-12
6.72797e-12
6.25938e-12
5.76396e-12
5.23847e-12
4.68557e-12
4.15373e-12
3.66715e-12
3.22015e-12
2.79877e-12
2.42627e-12
2.08063e-12
1.75028e-12
1.43771e-12
1.14185e-12
8.59836e-13
5.83622e-13
3.03439e-13
1.12219e-14
0
0
0
0
0
0
0
0
0
0
0
0
0
0
0
0
0
0
0
0
0
0
0
0
0
0
0
0
0
5.96491e-10
7.6785e-10
0
0
0
0
0
0
0
0
0
0
5.42032e-10
2.48118e-09
9.96478e-10
0
0
0
0
0
0
0
0
0
0
0
0
0
0
0
0
0
0
0
0
0
0
0
0
2.45304e-09
4.30103e-08
7.70524e-08
1.17103e-07
1.51981e-07
1.76518e-07
1.62979e-07
1.67134e-07
2.0571e-07
1.62562e-07
1.37026e-07
1.33718e-07
1.41985e-07
1.49851e-07
1.5245e-07
1.46095e-07
1.30023e-07
1.12485e-07
1.03789e-07
1.02848e-07
1.05859e-07
1.07459e-07
1.06077e-07
1.02874e-07
9.8025e-08
9.13851e-08
8.54458e-08
8.16527e-08
7.9338e-08
7.86405e-08
7.82975e-08
7.78141e-08
7.59496e-08
7.13727e-08
6.68892e-08
6.34677e-08
6.02395e-08
5.55819e-08
5.03711e-08
4.65789e-08
4.34968e-08
3.88429e-08
3.36385e-08
3.19765e-08
3.60593e-08
4.01695e-08
4.0286e-08
3.63708e-08
3.11057e-08
2.82979e-08
2.98478e-08
2.914e-08
2.45447e-08
2.26506e-08
1.95793e-08
7.67398e-09
0
0
0
0
0
0
0
0
0
0
0
0
0
0
0
0
0
0
0
0
0
0
0
0
0
0
0
0
2.8135e-12
7.99887e-12
1.1719e-11
1.41719e-11
1.55786e-11
1.61701e-11
1.61419e-11
1.56438e-11
1.48223e-11
1.38158e-11
1.27191e-11
1.1588e-11
1.04477e-11
9.32977e-12
8.27054e-12
7.30031e-12
6.41958e-12
5.61659e-12
4.88012e-12
4.21271e-12
3.59999e-12
3.04267e-12
2.53999e-12
2.07642e-12
1.64512e-12
1.23867e-12
8.42598e-13
4.44867e-13
3.26066e-14
0
0
0
0
0
0
0
0
0
0
0
0
0
0
0
0
0
0
0
0
0
0
1.54241e-09
1.84137e-09
0
0
0
0
1.08745e-09
5.83567e-10
0
0
0
0
0
0
0
0
0
0
1.09189e-09
4.95715e-09
7.05691e-09
5.86177e-09
5.23444e-10
0
0
0
0
0
0
0
0
0
0
0
0
0
0
0
0
0
0
0
0
0
0
0
3.62483e-09
4.58248e-08
8.87335e-08
1.18017e-07
1.29749e-07
1.67219e-07
1.60383e-07
1.13046e-07
9.72417e-08
9.40992e-08
9.64663e-08
1.00262e-07
1.0496e-07
1.10291e-07
1.13661e-07
1.12408e-07
1.07263e-07
1.01633e-07
9.88909e-08
9.81703e-08
9.69396e-08
9.47266e-08
9.1463e-08
8.70236e-08
8.21079e-08
7.84948e-08
7.58701e-08
7.36224e-08
7.25604e-08
7.20536e-08
7.20473e-08
7.08823e-08
6.74134e-08
6.37971e-08
6.08894e-08
5.81012e-08
5.38484e-08
4.8625e-08
4.44914e-08
4.08542e-08
3.56504e-08
3.05208e-08
2.98188e-08
3.54979e-08
4.10864e-08
4.30115e-08
4.13209e-08
3.70595e-08
3.28968e-08
3.12945e-08
2.8933e-08
2.28779e-08
1.92517e-08
1.58277e-08
3.74014e-09
0
0
0
0
0
0
0
0
0
0
0
0
0
0
0
0
0
0
0
0
0
0
0
0
0
0
5.46438e-12
1.33385e-11
1.93267e-11
2.35856e-11
2.63081e-11
2.77255e-11
2.80934e-11
2.76553e-11
2.66124e-11
2.51396e-11
2.34068e-11
2.15448e-11
1.96269e-11
1.77124e-11
1.58634e-11
1.41246e-11
1.25098e-11
1.10238e-11
9.66946e-12
8.44038e-12
7.32301e-12
6.31577e-12
5.41359e-12
4.60963e-12
3.889e-12
3.23278e-12
2.63237e-12
2.07829e-12
1.55519e-12
1.04494e-12
5.29765e-13
0
0
0
0
0
0
0
0
0
0
0
0
0
0
0
0
0
0
0
0
0
0
1.63945e-08
1.65965e-08
1.21756e-08
7.26765e-09
3.1801e-09
1.41597e-09
0
0
0
0
0
0
0
0
0
0
5.49647e-11
0
0
1.28351e-09
6.40709e-10
0
0
0
0
0
0
0
0
0
0
0
0
0
0
0
0
0
0
0
0
0
0
0
0
0
0
1.99127e-08
4.91246e-08
7.95191e-08
1.42792e-07
1.20293e-07
9.23048e-08
8.05103e-08
7.64259e-08
7.68698e-08
8.05929e-08
8.6689e-08
9.32141e-08
9.82721e-08
1.01034e-07
1.00375e-07
9.57869e-08
8.9948e-08
8.60214e-08
8.50179e-08
8.44882e-08
8.27562e-08
8.01274e-08
7.69429e-08
7.4459e-08
7.2571e-08
7.04323e-08
6.77552e-08
6.58611e-08
6.50998e-08
6.55122e-08
6.5425e-08
6.28625e-08
5.95852e-08
5.69269e-08
5.45279e-08
5.09531e-08
4.61439e-08
4.19386e-08
3.7895e-08
3.20674e-08
2.67986e-08
2.67487e-08
3.35818e-08
4.02025e-08
4.3062e-08
4.30027e-08
4.02838e-08
3.60432e-08
3.27021e-08
2.91789e-08
2.23893e-08
1.70052e-08
1.31088e-08
8.73975e-10
0
0
0
0
0
0
0
0
0
0
0
0
0
0
0
0
0
0
0
0
0
0
0
0
4.6018e-12
1.60043e-11
2.5128e-11
3.20727e-11
3.70072e-11
4.0154e-11
4.17635e-11
4.20979e-11
4.14143e-11
3.99407e-11
3.78871e-11
3.54444e-11
3.27718e-11
2.99923e-11
2.72005e-11
2.44798e-11
2.18958e-11
1.94801e-11
1.72389e-11
1.51805e-11
1.33116e-11
1.16223e-11
1.00983e-11
8.73463e-12
7.51945e-12
6.43562e-12
5.46723e-12
4.59862e-12
3.81744e-12
3.11048e-12
2.45895e-12
1.84295e-12
1.23801e-12
6.12632e-13
0
0
0
0
0
0
0
0
0
0
0
0
0
0
0
0
0
0
0
0
0
1.23309e-07
1.25487e-07
1.11956e-07
8.8517e-08
6.19438e-08
3.94552e-08
2.23297e-08
7.19501e-09
0
0
0
0
0
0
0
8.62559e-09
4.23926e-09
0
0
0
0
0
0
0
0
0
0
0
0
0
0
0
0
0
0
0
0
0
0
0
0
0
0
0
0
0
0
7.1551e-10
1.92212e-08
6.4494e-08
7.6363e-08
7.10114e-08
6.55683e-08
6.38636e-08
6.48025e-08
6.72464e-08
7.07423e-08
7.45401e-08
7.77012e-08
8.00085e-08
8.14706e-08
8.04319e-08
7.69173e-08
7.36387e-08
7.32102e-08
7.41644e-08
7.38824e-08
7.22621e-08
7.00632e-08
6.86582e-08
6.78708e-08
6.67795e-08
6.46517e-08
6.14164e-08
5.86938e-08
5.76904e-08
5.82891e-08
5.89084e-08
5.78806e-08
5.525e-08
5.26721e-08
5.04502e-08
4.75558e-08
4.33957e-08
3.93273e-08
3.50458e-08
2.86926e-08
2.31391e-08
2.32824e-08
3.04885e-08
3.77906e-08
4.09204e-08
4.16505e-08
4.02322e-08
3.67184e-08
3.31132e-08
2.95248e-08
2.31091e-08
1.63553e-08
1.18408e-08
4.4226e-10
0
0
0
0
0
0
0
0
0
0
0
0
0
0
0
0
0
0
0
0
0
0
0
1.27049e-11
2.60445e-11
3.6809e-11
4.50421e-11
5.08943e-11
5.46056e-11
5.64795e-11
5.68501e-11
5.60261e-11
5.4252e-11
5.17586e-11
4.87595e-11
4.54366e-11
4.19397e-11
3.83899e-11
3.48772e-11
3.14654e-11
2.82051e-11
2.51325e-11
2.22736e-11
1.96452e-11
1.7251e-11
1.50825e-11
1.31283e-11
1.13787e-11
9.81838e-12
8.43105e-12
7.20174e-12
6.11251e-12
5.14518e-12
4.28193e-12
3.50319e-12
2.78728e-12
2.11088e-12
1.43995e-12
7.24941e-13
0
0
0
0
0
0
0
0
0
0
0
0
0
0
0
0
0
0
0
0
7.81872e-08
7.16777e-08
6.68413e-08
5.87298e-08
4.49914e-08
2.93578e-08
1.55063e-08
2.74189e-09
0
0
0
0
0
0
0
0
0
0
0
7.25184e-09
5.22137e-09
0
0
0
0
0
0
0
0
0
0
0
0
0
0
0
0
0
0
0
0
0
0
0
0
0
0
0
1.50972e-08
3.66747e-08
4.40145e-08
4.73482e-08
5.10819e-08
5.45454e-08
5.6876e-08
5.83134e-08
5.96848e-08
6.11757e-08
6.25854e-08
6.37546e-08
6.45443e-08
6.4875e-08
6.47551e-08
6.53064e-08
6.6744e-08
6.65896e-08
6.49739e-08
6.25146e-08
6.09648e-08
6.07244e-08
6.04944e-08
5.96099e-08
5.74084e-08
5.40468e-08
5.13267e-08
5.03752e-08
5.10491e-08
5.22777e-08
5.18554e-08
4.95606e-08
4.70424e-08
4.50323e-08
4.30297e-08
3.99207e-08
3.63714e-08
3.22705e-08
2.58505e-08
2.00822e-08
2.00794e-08
2.66565e-08
3.42125e-08
3.72223e-08
3.7935e-08
3.72635e-08
3.46579e-08
3.18187e-08
2.93815e-08
2.45715e-08
1.74894e-08
1.2123e-08
2.82333e-09
0
0
0
0
0
0
0
0
0
0
0
0
0
0
0
0
0
0
0
0
0
0
1.81062e-11
3.31957e-11
4.57991e-11
5.57949e-11
6.31572e-11
6.80536e-11
7.07699e-11
7.16281e-11
7.0944e-11
6.90277e-11
6.61783e-11
6.26587e-11
5.86916e-11
5.44618e-11
5.01244e-11
4.58061e-11
4.16002e-11
3.75704e-11
3.37558e-11
3.01798e-11
2.68583e-11
2.37984e-11
2.10006e-11
1.84579e-11
1.61583e-11
1.40895e-11
1.22371e-11
1.05853e-11
9.11722e-12
7.81446e-12
6.66001e-12
5.63945e-12
4.73557e-12
3.92914e-12
3.1987e-12
2.51996e-12
1.85862e-12
1.16283e-12
3.01677e-14
0
0
0
0
0
0
0
0
0
0
0
0
0
0
0
0
0
0
3.05646e-08
2.94184e-08
2.67558e-08
2.28136e-08
1.62353e-08
7.91982e-09
1.997e-11
0
0
0
0
0
0
0
0
0
0
0
0
0
0
0
0
0
0
0
0
0
0
0
0
0
0
0
1.39657e-09
9.1811e-09
1.32277e-08
1.30116e-08
1.13965e-08
8.98022e-09
2.10104e-09
0
0
0
0
0
0
6.67299e-09
2.01529e-08
2.87763e-08
3.57207e-08
4.15717e-08
4.52613e-08
4.70869e-08
4.79128e-08
4.84616e-08
4.93066e-08
5.08613e-08
5.29569e-08
5.49816e-08
5.65223e-08
5.74327e-08
5.79815e-08
5.86151e-08
5.81218e-08
5.64924e-08
5.39836e-08
5.23066e-08
5.22132e-08
5.26821e-08
5.25177e-08
5.14283e-08
4.91986e-08
4.63649e-08
4.42763e-08
4.35339e-08
4.43249e-08
4.5857e-08
4.57837e-08
4.35419e-08
4.0985e-08
3.90841e-08
3.75803e-08
3.55035e-08
3.27308e-08
2.91248e-08
2.32796e-08
1.77987e-08
1.75812e-08
2.26408e-08
2.97613e-08
3.25889e-08
3.26264e-08
3.21169e-08
3.03743e-08
2.87512e-08
2.82554e-08
2.59002e-08
1.99906e-08
1.391e-08
7.06073e-09
0
0
0
0
0
0
0
0
0
0
0
0
0
0
0
0
0
0
0
0
0
2.18205e-11
3.73188e-11
5.04742e-11
6.16768e-11
7.04849e-11
7.66957e-11
8.04218e-11
8.19807e-11
8.17733e-11
8.01915e-11
7.75726e-11
7.41893e-11
7.02537e-11
6.59295e-11
6.13519e-11
5.66419e-11
5.19086e-11
4.72455e-11
4.27311e-11
3.84328e-11
3.43976e-11
3.06485e-11
2.71939e-11
2.40346e-11
2.11647e-11
1.85732e-11
1.62477e-11
1.41725e-11
1.23289e-11
1.06969e-11
9.25685e-12
7.98951e-12
6.87804e-12
5.90661e-12
5.06102e-12
4.32757e-12
3.69817e-12
3.17468e-12
2.8213e-12
2.61569e-12
0
0
0
0
0
0
0
0
0
0
0
0
0
0
0
0
0
0
7.56439e-09
9.9767e-09
9.34481e-09
6.40572e-09
1.65166e-09
0
0
0
0
0
0
0
0
0
0
0
0
0
0
0
0
0
0
0
0
0
0
0
0
0
0
0
0
0
0
0
0
0
0
0
0
0
0
0
0
0
7.8844e-09
1.57305e-08
2.20866e-08
2.69441e-08
3.01837e-08
3.24134e-08
3.46026e-08
3.71626e-08
3.98688e-08
4.21673e-08
4.39354e-08
4.53953e-08
4.64195e-08
4.67655e-08
4.6475e-08
4.63162e-08
4.66002e-08
4.67178e-08
4.61462e-08
4.48529e-08
4.38019e-08
4.39234e-08
4.48256e-08
4.52356e-08
4.47773e-08
4.34612e-08
4.16953e-08
3.98974e-08
3.86356e-08
3.81855e-08
3.85395e-08
3.94026e-08
3.9244e-08
3.72857e-08
3.49139e-08
3.32771e-08
3.23801e-08
3.12046e-08
2.92773e-08
2.62968e-08
2.12834e-08
1.66783e-08
1.65002e-08
1.96435e-08
2.534e-08
2.79894e-08
2.69448e-08
2.59584e-08
2.51101e-08
2.48391e-08
2.6558e-08
2.69406e-08
2.32125e-08
1.72767e-08
1.1908e-08
0
0
0
0
0
0
0
0
0
0
0
0
0
0
0
0
0
0
0
0
2.95969e-11
4.57404e-11
5.5269e-11
6.44394e-11
7.30917e-11
8.01113e-11
8.49109e-11
8.74364e-11
8.79258e-11
8.67359e-11
8.4249e-11
8.08249e-11
7.6775e-11
7.23452e-11
6.77143e-11
6.30055e-11
5.8303e-11
5.36652e-11
4.9136e-11
4.47527e-11
4.05505e-11
3.656e-11
3.28036e-11
2.92963e-11
2.60483e-11
2.30645e-11
2.03451e-11
1.7886e-11
1.5678e-11
1.37073e-11
1.19582e-11
1.04147e-11
9.06112e-12
7.88464e-12
6.872e-12
6.01419e-12
5.30399e-12
4.74764e-12
4.36966e-12
4.25127e-12
4.13842e-12
0
0
0
0
0
0
0
0
0
0
0
0
0
0
0
0
0
0
0
0
0
0
0
0
0
0
0
0
1.01369e-09
2.86053e-09
1.55848e-09
0
0
0
0
0
0
0
0
0
0
0
0
0
0
0
0
0
0
0
0
0
0
0
0
0
0
0
0
0
0
1.03486e-09
7.8293e-09
1.33074e-08
1.66626e-08
1.88951e-08
2.12476e-08
2.41758e-08
2.75642e-08
3.12664e-08
3.4839e-08
3.76701e-08
3.96971e-08
4.11821e-08
4.22777e-08
4.26127e-08
4.16456e-08
3.96289e-08
3.78892e-08
3.74799e-08
3.79823e-08
3.85211e-08
3.87426e-08
3.87681e-08
3.91952e-08
3.99778e-08
4.05287e-08
4.04131e-08
3.9475e-08
3.82957e-08
3.72485e-08
3.64139e-08
3.57634e-08
3.53416e-08
3.53105e-08
3.55083e-08
3.48482e-08
3.28908e-08
3.06471e-08
2.90439e-08
2.82706e-08
2.77286e-08
2.6582e-08
2.43139e-08
2.04647e-08
1.7335e-08
1.7667e-08
1.91934e-08
2.26028e-08
2.48181e-08
2.26904e-08
2.05237e-08
2.02629e-08
2.12029e-08
2.49939e-08
2.80261e-08
2.64794e-08
2.16162e-08
1.66972e-08
8.38893e-09
0
0
0
0
0
0
0
0
0
0
0
0
0
0
0
0
0
0
4.32204e-11
7.32748e-11
7.65406e-11
7.49252e-11
7.63969e-11
8.04587e-11
8.46519e-11
8.7545e-11
8.86638e-11
8.80653e-11
8.60184e-11
8.28449e-11
7.88568e-11
7.43348e-11
6.95159e-11
6.45863e-11
5.96821e-11
5.48975e-11
5.02942e-11
4.59132e-11
4.17847e-11
3.79218e-11
3.43231e-11
3.09785e-11
2.78736e-11
2.49956e-11
2.23358e-11
1.98894e-11
1.76527e-11
1.56213e-11
1.3791e-11
1.2154e-11
1.07011e-11
9.4222e-12
8.3109e-12
7.35982e-12
6.56788e-12
5.93397e-12
5.47327e-12
5.20261e-12
5.09212e-12
4.00376e-12
7.74704e-13
1.57944e-13
0
0
0
0
0
0
0
0
0
0
0
0
0
0
0
0
0
0
0
0
0
0
0
0
0
0
2.39999e-09
5.85956e-09
5.88581e-09
1.23759e-09
0
0
0
0
0
0
0
0
0
0
0
0
0
0
0
0
0
0
0
0
0
0
0
0
9.78669e-10
4.32014e-09
6.44426e-09
7.99763e-09
9.90487e-09
1.21494e-08
1.40335e-08
1.53952e-08
1.68373e-08
1.90485e-08
2.21964e-08
2.57978e-08
2.90107e-08
3.11399e-08
3.23878e-08
3.31874e-08
3.40378e-08
3.53459e-08
3.64631e-08
3.59571e-08
3.30112e-08
2.93442e-08
2.74661e-08
2.75578e-08
2.85248e-08
2.96498e-08
3.0627e-08
3.12872e-08
3.18049e-08
3.2297e-08
3.24894e-08
3.20514e-08
3.11852e-08
3.02822e-08
2.97087e-08
2.9404e-08
2.90857e-08
2.87182e-08
2.85123e-08
2.82947e-08
2.73926e-08
2.56869e-08
2.38032e-08
2.24557e-08
2.19674e-08
2.18538e-08
2.12973e-08
1.96654e-08
1.70434e-08
1.57228e-08
1.69128e-08
1.73844e-08
1.83618e-08
2.01446e-08
1.79738e-08
1.41432e-08
1.36447e-08
1.52911e-08
2.02849e-08
2.51444e-08
2.47994e-08
2.07692e-08
1.62677e-08
1.38921e-08
0
0
0
0
0
0
0
0
0
0
0
0
0
0
0
0
0
1.61011e-11
1.04537e-10
1.1864e-10
1.06303e-10
9.04848e-11
8.01667e-11
7.68213e-11
7.70308e-11
7.7885e-11
7.80223e-11
7.70533e-11
7.50156e-11
7.20862e-11
6.84771e-11
6.4401e-11
6.00538e-11
5.56009e-11
5.11732e-11
4.68673e-11
4.27475e-11
3.88484e-11
3.51809e-11
3.17551e-11
2.85794e-11
2.56547e-11
2.29759e-11
2.0534e-11
1.83195e-11
1.63216e-11
1.4528e-11
1.29232e-11
1.14882e-11
1.02053e-11
9.06466e-12
8.06096e-12
7.19233e-12
6.45484e-12
5.85162e-12
5.37905e-12
5.05083e-12
4.84585e-12
4.65539e-12
3.73739e-12
1.99854e-12
1.01491e-12
4.89575e-13
1.95639e-13
4.44422e-14
0
0
0
0
0
0
0
0
0
0
0
0
0
0
0
0
0
0
0
0
0
0
0
0
0
0
0
0
0
0
0
0
0
4.59182e-09
8.91554e-09
1.08741e-08
1.07148e-08
8.80523e-09
5.31305e-09
2.06945e-10
0
0
0
0
0
0
0
0
0
0
0
0
0
0
0
0
3.76237e-09
7.33373e-09
9.94405e-09
1.20236e-08
1.37456e-08
1.49544e-08
1.56107e-08
1.58404e-08
1.59674e-08
1.62873e-08
1.68865e-08
1.75613e-08
1.77671e-08
1.66745e-08
1.39119e-08
1.07801e-08
9.20437e-09
9.44394e-09
1.06392e-08
1.20774e-08
1.33629e-08
1.42547e-08
1.47481e-08
1.52204e-08
1.59026e-08
1.64616e-08
1.64935e-08
1.60027e-08
1.53479e-08
1.50165e-08
1.50069e-08
1.49013e-08
1.46475e-08
1.45654e-08
1.45235e-08
1.38954e-08
1.25188e-08
1.08191e-08
9.63533e-09
9.63729e-09
1.04977e-08
1.08367e-08
9.73059e-09
8.07119e-09
8.34829e-09
1.0064e-08
9.75558e-09
9.23718e-09
1.0959e-08
9.99574e-09
4.90392e-09
3.62484e-09
6.17694e-09
1.17286e-08
1.76455e-08
1.76064e-08
1.30435e-08
8.33071e-09
8.62666e-09
1.15106e-08
0
0
0
0
0
0
0
0
0
0
0
0
0
0
0
0
4.39119e-11
1.38503e-10
1.47688e-10
1.26401e-10
1.00465e-10
8.0285e-11
6.85185e-11
6.41784e-11
6.33327e-11
6.31947e-11
6.26062e-11
6.12842e-11
5.92812e-11
5.67417e-11
5.38111e-11
5.06118e-11
4.72442e-11
4.37939e-11
4.03363e-11
3.69366e-11
3.36476e-11
3.05088e-11
2.75467e-11
2.47769e-11
2.22058e-11
1.98353e-11
1.7666e-11
1.56967e-11
1.39232e-11
1.23376e-11
1.09295e-11
9.6825e-12
8.58267e-12
7.62005e-12
6.78267e-12
6.06529e-12
5.46204e-12
4.97382e-12
4.59079e-12
4.31836e-12
4.10893e-12
3.85961e-12
3.21645e-12
2.21854e-12
1.39264e-12
8.85237e-13
5.63918e-13
3.86658e-13
2.54514e-13
1.84744e-13
1.09736e-13
5.9451e-14
0
0
0
0
0
0
0
0
0
2.88163e-09
2.80257e-08
3.14077e-08
1.44756e-08
0
0
0
0
0
0
0
0
0
1.99399e-09
2.01248e-08
2.58193e-08
2.42045e-08
2.05567e-08
1.76933e-08
1.65036e-08
1.73667e-08
2.11804e-08
2.95526e-08
4.38166e-08
6.36851e-08
8.34033e-08
8.51169e-08
5.68758e-08
1.60107e-08
0
0
0
0
0
0
0
1.17226e-08
1.94568e-08
1.93489e-08
1.38944e-08
8.12735e-09
5.72577e-09
7.42203e-09
1.12551e-08
1.39754e-08
1.3161e-08
9.04762e-09
3.77473e-09
0
0
0
0
0
0
0
0
0
0
0
0
0
0
0
0
0
0
0
0
0
0
0
0
0
0
0
0
0
0
0
0
0
0
0
0
0
0
0
0
0
0
0
0
0
0
0
0
0
5.49396e-09
5.87674e-09
5.52947e-10
0
0
9.16058e-09
1.42803e-08
0
0
0
0
0
0
0
0
0
0
0
0
0
0
0
0
1.19187e-10
1.43624e-10
1.26271e-10
9.88172e-11
7.45568e-11
5.75595e-11
4.77374e-11
4.35718e-11
4.2275e-11
4.18414e-11
4.13388e-11
4.04661e-11
3.91915e-11
3.75755e-11
3.5701e-11
3.36497e-11
3.1494e-11
2.9293e-11
2.70932e-11
2.4934e-11
2.28505e-11
2.08698e-11
1.90072e-11
1.72655e-11
1.56388e-11
1.41205e-11
1.27089e-11
1.14062e-11
1.02159e-11
9.1353e-12
8.16518e-12
7.29992e-12
6.53572e-12
5.86703e-12
5.29302e-12
4.80906e-12
4.4145e-12
4.10068e-12
3.866e-12
3.65446e-12
3.40764e-12
2.92695e-12
2.27827e-12
1.64143e-12
1.21183e-12
8.82238e-13
7.31403e-13
6.14139e-13
5.75299e-13
5.26162e-13
5.63576e-13
5.18978e-13
5.14833e-13
3.03159e-13
4.70236e-14
0
0
0
0
0
7.03865e-08
1.30137e-07
1.40608e-07
1.24695e-07
7.4026e-08
1.12003e-08
0
0
0
0
6.87294e-09
3.29851e-08
5.23356e-08
6.32924e-08
6.63293e-08
6.31765e-08
5.57512e-08
4.52532e-08
3.20808e-08
1.70473e-08
3.67938e-09
1.73543e-09
2.68701e-08
8.49627e-08
1.52988e-07
1.93122e-07
1.86587e-07
1.45236e-07
9.03608e-08
3.78148e-08
0
0
0
0
0
1.99322e-08
4.83687e-08
6.46583e-08
6.59859e-08
5.73961e-08
4.55294e-08
3.43863e-08
2.48783e-08
1.63848e-08
7.88174e-09
0
0
0
0
0
0
0
0
0
0
0
0
0
0
0
0
0
0
0
0
0
0
0
0
0
0
0
0
0
0
0
0
0
0
0
0
0
0
0
0
0
0
0
0
0
0
0
0
0
0
0
0
0
0
0
0
0
8.74584e-11
1.95161e-08
1.4798e-08
0
0
0
0
0
0
0
0
0
0
0
0
0
0
0
4.01524e-11
1.08046e-10
1.10728e-10
9.09747e-11
6.82322e-11
4.98967e-11
3.76403e-11
3.07268e-11
2.78225e-11
2.70338e-11
2.69224e-11
2.68235e-11
2.65087e-11
2.59366e-11
2.51324e-11
2.41398e-11
2.30037e-11
2.17669e-11
2.04685e-11
1.91436e-11
1.78214e-11
1.65247e-11
1.52685e-11
1.40639e-11
1.29132e-11
1.18193e-11
1.07866e-11
9.81975e-12
8.92203e-12
8.09422e-12
7.3356e-12
6.64484e-12
6.02323e-12
5.46917e-12
4.98767e-12
4.57437e-12
4.23161e-12
3.94888e-12
3.72291e-12
3.49678e-12
3.25913e-12
2.85167e-12
2.38093e-12
1.88639e-12
1.5028e-12
1.23832e-12
1.13856e-12
1.05219e-12
1.11399e-12
1.17543e-12
1.45725e-12
1.6398e-12
2.23572e-12
2.15447e-12
2.43526e-12
1.21014e-12
2.62234e-14
0
0
0
2.43533e-07
4.15196e-07
4.60457e-07
4.30188e-07
3.65235e-07
2.91913e-07
2.2508e-07
1.70911e-07
1.30555e-07
1.03177e-07
8.67016e-08
7.84067e-08
7.57397e-08
7.66698e-08
7.94563e-08
8.19885e-08
8.13326e-08
7.40076e-08
5.82834e-08
3.87204e-08
2.7455e-08
3.59433e-08
6.5192e-08
1.06325e-07
1.47382e-07
1.7546e-07
1.80815e-07
1.62803e-07
1.26737e-07
8.13832e-08
4.05144e-08
1.7811e-08
2.21908e-08
5.29065e-08
9.67423e-08
1.35286e-07
1.54556e-07
1.49099e-07
1.23745e-07
8.94823e-08
5.59449e-08
2.66866e-08
1.91969e-09
0
0
0
0
0
0
0
0
0
0
0
0
0
0
0
0
0
0
0
0
0
0
0
0
0
0
0
0
0
0
0
0
0
0
0
0
0
0
0
0
0
0
0
0
0
0
0
0
0
0
0
0
0
0
0
0
0
0
0
0
1.27267e-08
2.31897e-08
8.17888e-09
0
0
0
0
0
0
0
0
0
0
0
0
0
0
0
1.13001e-11
6.39618e-11
6.8561e-11
5.66695e-11
4.23186e-11
3.07759e-11
2.33345e-11
1.94581e-11
1.80011e-11
1.77925e-11
1.79946e-11
1.82107e-11
1.83012e-11
1.82322e-11
1.8003e-11
1.76233e-11
1.71108e-11
1.64897e-11
1.57868e-11
1.50267e-11
1.42295e-11
1.34113e-11
1.25782e-11
1.17422e-11
1.0913e-11
1.0101e-11
9.31557e-12
8.56426e-12
7.852e-12
7.18207e-12
6.55764e-12
5.98398e-12
5.46255e-12
5.00277e-12
4.59866e-12
4.25603e-12
3.96556e-12
3.716e-12
3.47312e-12
3.23177e-12
2.86188e-12
2.52442e-12
2.10741e-12
1.81352e-12
1.61868e-12
1.58302e-12
1.55084e-12
1.77849e-12
2.00989e-12
2.72357e-12
3.30768e-12
4.84066e-12
5.44867e-12
8.44403e-12
6.29994e-12
7.67845e-12
0
0
0
0
0
1.24392e-08
1.40961e-07
2.20944e-07
2.58615e-07
2.63322e-07
2.4508e-07
2.13212e-07
1.75793e-07
1.39964e-07
1.10921e-07
9.12922e-08
8.20063e-08
8.21169e-08
8.86595e-08
9.79291e-08
1.07287e-07
1.1532e-07
1.21533e-07
1.26544e-07
1.31961e-07
1.39237e-07
1.49186e-07
1.61304e-07
1.72627e-07
1.76778e-07
1.65982e-07
1.38732e-07
1.05282e-07
8.12478e-08
7.49752e-08
8.43333e-08
1.03353e-07
1.27527e-07
1.50685e-07
1.62149e-07
1.52801e-07
1.17405e-07
5.99848e-08
0
0
0
0
0
0
0
0
0
0
0
0
0
0
0
0
0
0
0
0
0
0
0
0
0
0
0
0
0
0
0
0
0
0
0
0
0
0
0
0
0
0
0
0
0
0
0
0
0
0
0
0
0
0
0
0
0
0
0
0
0
0
0
3.8264e-09
1.80854e-08
1.71313e-08
1.17241e-09
0
0
0
0
0
0
0
0
0
0
0
0
0
0
0
0
0
2.22158e-11
2.49066e-11
2.11517e-11
1.67941e-11
1.39485e-11
1.28752e-11
1.29327e-11
1.34442e-11
1.4035e-11
1.45559e-11
1.49547e-11
1.52089e-11
1.53064e-11
1.52481e-11
1.50464e-11
1.47201e-11
1.42888e-11
1.37708e-11
1.31836e-11
1.25445e-11
1.18674e-11
1.11664e-11
1.04563e-11
9.74914e-12
9.055e-12
8.37958e-12
7.72768e-12
7.10506e-12
6.51864e-12
5.97444e-12
5.4844e-12
5.04171e-12
4.65801e-12
4.3175e-12
4.01534e-12
3.72301e-12
3.44752e-12
3.08071e-12
2.80139e-12
2.42198e-12
2.20345e-12
2.04935e-12
2.10026e-12
2.1313e-12
2.57314e-12
3.00119e-12
4.30853e-12
5.38569e-12
8.50144e-12
9.9665e-12
1.68444e-11
1.44487e-11
2.40587e-11
4.60743e-12
7.14093e-13
0
0
0
0
0
0
2.56715e-08
6.12996e-08
7.43438e-08
7.43926e-08
7.17075e-08
7.31848e-08
8.1685e-08
9.72197e-08
1.17976e-07
1.40994e-07
1.63631e-07
1.85338e-07
2.07466e-07
2.30574e-07
2.52726e-07
2.70723e-07
2.82395e-07
2.87701e-07
2.88158e-07
2.85401e-07
2.79355e-07
2.66127e-07
2.36827e-07
1.83952e-07
1.09045e-07
3.0953e-08
0
0
0
2.72179e-08
8.45369e-08
1.32296e-07
1.45306e-07
1.09498e-07
3.82237e-08
0
0
0
0
0
0
0
0
0
0
0
0
0
0
0
0
0
0
0
0
0
0
0
0
0
0
0
0
0
0
0
0
0
0
0
0
0
0
0
0
0
0
0
0
0
0
0
0
0
0
0
0
0
0
0
0
0
0
0
0
0
0
0
0
6.27236e-09
1.51574e-08
1.02025e-08
1.39665e-09
4.22612e-10
6.70469e-10
0
0
0
0
0
0
0
0
0
0
0
0
0
0
0
0
7.43446e-12
1.13326e-11
1.28716e-11
1.42007e-11
1.5621e-11
1.69707e-11
1.81249e-11
1.90448e-11
1.9731e-11
2.01924e-11
2.04385e-11
2.04833e-11
2.0342e-11
2.00283e-11
1.95537e-11
1.89344e-11
1.81921e-11
1.73516e-11
1.64379e-11
1.54761e-11
1.44914e-11
1.35037e-11
1.25284e-11
1.15733e-11
1.06444e-11
9.74834e-12
8.8958e-12
8.09614e-12
7.3645e-12
6.69717e-12
6.10508e-12
5.57353e-12
5.10298e-12
4.65701e-12
4.27088e-12
3.81211e-12
3.48864e-12
3.08401e-12
2.84868e-12
2.6998e-12
2.8322e-12
2.90605e-12
3.58745e-12
4.22062e-12
6.25369e-12
7.85944e-12
1.30293e-11
1.53373e-11
2.75391e-11
2.46186e-11
5.3359e-11
1.56572e-11
2.73329e-11
0
0
4.65187e-08
7.26687e-08
7.66613e-08
6.19032e-08
3.83003e-08
2.24812e-08
2.89228e-08
5.92974e-08
1.03169e-07
1.48339e-07
1.87008e-07
2.15738e-07
2.33506e-07
2.40929e-07
2.40755e-07
2.37926e-07
2.37741e-07
2.42812e-07
2.51381e-07
2.58872e-07
2.61948e-07
2.62191e-07
2.63749e-07
2.68362e-07
2.75336e-07
2.79894e-07
2.74869e-07
2.52469e-07
2.05079e-07
1.29952e-07
3.63193e-08
0
0
0
1.55081e-07
3.00936e-07
3.74e-07
4.16482e-07
3.99664e-07
2.85533e-07
1.24128e-07
0
0
0
0
0
0
0
0
0
0
0
0
0
0
0
0
0
0
0
0
0
0
0
0
0
0
0
0
0
0
0
0
0
0
0
0
0
0
0
0
0
0
0
0
0
0
0
0
0
0
0
0
0
0
0
0
0
0
4.38714e-09
6.91038e-09
1.0112e-09
0
0
1.26098e-09
9.55873e-09
4.66589e-09
2.63429e-10
0
0
0
0
0
0
0
0
0
0
0
0
0
0
0
2.46707e-11
4.38671e-11
4.81304e-11
4.94403e-11
5.12187e-11
5.342e-11
5.5408e-11
5.68151e-11
5.75414e-11
5.76193e-11
5.71254e-11
5.61396e-11
5.47329e-11
5.29748e-11
5.09273e-11
4.86474e-11
4.61776e-11
4.35689e-11
4.08656e-11
3.81148e-11
3.53529e-11
3.26134e-11
2.9936e-11
2.73529e-11
2.48917e-11
2.25606e-11
2.03638e-11
1.83035e-11
1.63909e-11
1.46329e-11
1.30413e-11
1.16152e-11
1.03411e-11
9.23475e-12
8.28331e-12
7.4081e-12
6.68146e-12
5.89964e-12
5.29382e-12
4.68994e-12
4.26103e-12
3.95778e-12
4.14775e-12
4.21453e-12
5.12776e-12
5.93718e-12
8.77812e-12
1.09016e-11
1.84164e-11
2.12383e-11
3.95631e-11
3.43703e-11
8.74686e-11
2.62839e-11
9.193e-11
0
0
0
2.99694e-08
4.99388e-08
3.74288e-08
8.17842e-09
0
0
0
6.43185e-09
2.78379e-08
4.68298e-08
6.03457e-08
6.70117e-08
6.67032e-08
5.99167e-08
4.73644e-08
2.98943e-08
8.72007e-09
0
0
0
0
0
4.54414e-09
5.0482e-08
1.02929e-07
1.53131e-07
1.92568e-07
2.14478e-07
2.14526e-07
1.92605e-07
1.67927e-07
2.01565e-07
3.96592e-07
7.07489e-07
5.33609e-07
2.053e-07
2.31799e-07
3.24035e-07
3.34195e-07
2.61803e-07
1.59588e-07
6.72913e-08
0
0
0
0
0
0
0
0
0
0
0
0
0
0
0
0
0
0
0
0
0
0
0
0
0
0
0
0
0
0
0
0
0
0
0
0
0
0
0
0
0
0
0
0
0
0
0
0
0
0
0
0
0
0
0
1.52215e-09
1.06896e-08
8.0419e-09
0
0
0
0
4.12964e-09
1.45849e-08
8.03041e-09
3.466e-09
7.61065e-09
1.71413e-08
2.58019e-08
2.8876e-08
2.45021e-08
1.66826e-08
1.11267e-08
7.65637e-09
5.43463e-09
3.8906e-09
2.75769e-09
1.92253e-09
1.32408e-09
9.14831e-10
6.51416e-10
4.93362e-10
4.03765e-10
3.52635e-10
3.20246e-10
2.96222e-10
2.75841e-10
2.57174e-10
2.39494e-10
2.22555e-10
2.06298e-10
1.90711e-10
1.75792e-10
1.61559e-10
1.48022e-10
1.352e-10
1.23069e-10
1.11639e-10
1.00937e-10
9.11189e-11
8.20555e-11
7.36569e-11
6.58902e-11
5.87314e-11
5.21771e-11
4.61437e-11
4.06282e-11
3.56144e-11
3.10991e-11
2.70608e-11
2.34915e-11
2.03414e-11
1.7605e-11
1.51844e-11
1.30553e-11
1.11304e-11
9.47837e-12
7.99477e-12
6.82095e-12
5.86659e-12
5.21037e-12
4.67585e-12
4.8561e-12
4.90371e-12
5.90102e-12
6.7802e-12
1.0043e-11
1.23618e-11
2.13212e-11
2.36623e-11
4.61875e-11
3.59294e-11
1.08142e-10
2.37435e-11
1.73755e-10
0
2.52863e-07
2.06613e-07
8.97565e-08
6.82e-09
0
0
0
0
0
0
0
0
0
0
0
0
0
0
0
0
0
0
0
0
0
0
0
0
0
0
0
0
0
0
1.58157e-08
1.10654e-07
1.70863e-07
5.0217e-08
0
1.04462e-07
1.22425e-07
7.47342e-08
2.07172e-08
0
0
0
0
0
0
0
0
0
0
0
0
0
0
0
0
0
0
0
0
0
0
0
0
0
0
0
0
0
0
0
0
0
0
0
0
0
0
0
0
0
0
0
0
0
0
8.49792e-10
0
0
0
0
0
0
0
6.39444e-09
8.11913e-09
5.75533e-09
1.85608e-09
0
0
0
5.14258e-09
2.58945e-08
5.23251e-08
8.06379e-08
1.02338e-07
1.13077e-07
1.26944e-07
1.39862e-07
1.44229e-07
1.39312e-07
1.19998e-07
8.56477e-08
5.85484e-08
3.93211e-08
2.61404e-08
1.72279e-08
1.1271e-08
7.35906e-09
4.85591e-09
3.3066e-09
2.38087e-09
1.83843e-09
1.5121e-09
1.29847e-09
1.14203e-09
1.01656e-09
9.08712e-10
8.13388e-10
7.28067e-10
6.51244e-10
5.81923e-10
5.19259e-10
4.62577e-10
4.11274e-10
3.64904e-10
3.22986e-10
2.85142e-10
2.50985e-10
2.20212e-10
1.923e-10
1.66987e-10
1.43938e-10
1.22843e-10
1.03291e-10
8.48714e-11
6.72771e-11
5.04787e-11
3.50263e-11
2.20312e-11
1.24091e-11
6.25647e-12
2.81565e-12
1.11743e-12
3.68348e-13
8.65555e-14
1.43443e-14
2.35263e-14
6.70212e-14
1.14164e-13
1.71862e-13
2.3068e-13
3.04433e-13
4.00914e-13
5.66799e-13
8.50691e-13
1.28891e-12
2.41944e-12
4.08247e-12
9.10503e-12
1.28003e-11
3e-11
2.32975e-11
9.0492e-11
7.30638e-12
1.90969e-10
0
1.8628e-07
2.49583e-07
2.63348e-07
2.39656e-07
1.85706e-07
1.15613e-07
4.38979e-08
0
0
0
0
0
0
0
0
0
0
0
0
0
0
0
0
0
0
0
0
0
0
0
0
0
0
0
0
0
0
0
2.3758e-08
6.58537e-08
7.62997e-08
7.43827e-08
6.7643e-08
5.94105e-08
5.15855e-08
4.32676e-08
3.19426e-08
1.83082e-08
7.99235e-09
5.86583e-09
9.84901e-09
1.25615e-08
1.36917e-08
3.05225e-08
5.74331e-08
5.89662e-08
4.00851e-08
1.8738e-08
1.69481e-09
0
0
0
0
0
0
0
0
0
0
0
0
0
0
8.98866e-09
1.81616e-08
1.56117e-08
2.60857e-09
0
0
0
0
5.65896e-09
1.59616e-08
1.95515e-08
1.76632e-08
1.49712e-08
1.66654e-08
2.50966e-08
3.95591e-08
5.38618e-08
5.69335e-08
4.30936e-08
2.59531e-08
2.12738e-08
3.19557e-08
5.19729e-08
6.67318e-08
6.22655e-08
4.45815e-08
2.60452e-08
1.8604e-08
3.12633e-08
6.13787e-08
1.01144e-07
1.45625e-07
1.8715e-07
2.40325e-07
3.34115e-07
4.79528e-07
5.69134e-07
5.30524e-07
4.51566e-07
3.81975e-07
3.25563e-07
2.53759e-07
1.75281e-07
1.18753e-07
7.95214e-08
5.28309e-08
3.48967e-08
2.29908e-08
1.52222e-08
1.02692e-08
7.18837e-09
5.30002e-09
4.12643e-09
3.3575e-09
2.81216e-09
2.39454e-09
2.0549e-09
1.76902e-09
1.52118e-09
1.30137e-09
1.10251e-09
9.19651e-10
7.49486e-10
5.90966e-10
4.45583e-10
3.17392e-10
2.11128e-10
1.29887e-10
7.31159e-11
3.69606e-11
1.58998e-11
4.72371e-12
0
0
0
0
0
0
0
0
0
0
0
0
0
0
0
0
0
0
0
0
0
0
0
0
5.09861e-15
4.21411e-14
7.47523e-14
2.41273e-13
2.61668e-13
1.19583e-12
5.44761e-13
1.0164e-11
0
6.14578e-11
0
0
0
0
0
2.70009e-08
5.16349e-08
6.14175e-08
5.61218e-08
3.86345e-08
1.37679e-08
0
0
0
0
0
0
0
0
0
0
0
0
0
0
0
0
0
0
0
0
0
0
0
0
0
0
0
0
7.46682e-09
4.76473e-08
9.52136e-08
1.44936e-07
1.865e-07
2.06969e-07
1.99154e-07
1.69059e-07
1.3214e-07
1.03589e-07
9.38852e-08
1.09689e-07
1.54384e-07
2.21218e-07
2.63405e-07
2.12235e-07
1.37265e-07
8.69441e-08
4.60522e-08
1.48043e-08
0
0
8.86219e-09
2.49786e-08
4.24383e-08
5.75003e-08
6.81931e-08
7.53721e-08
8.22356e-08
9.1743e-08
1.07859e-07
1.29153e-07
1.49908e-07
1.67119e-07
1.79258e-07
1.8259e-07
1.71602e-07
1.45523e-07
1.16118e-07
9.64816e-08
9.1452e-08
1.02437e-07
1.23014e-07
1.45739e-07
1.65724e-07
1.80284e-07
2.04628e-07
2.37327e-07
2.66905e-07
2.95144e-07
3.29193e-07
3.53822e-07
3.51223e-07
3.17405e-07
2.70558e-07
2.48525e-07
2.60837e-07
2.91019e-07
3.02415e-07
2.72158e-07
2.2593e-07
1.92649e-07
1.81635e-07
1.90082e-07
2.18341e-07
2.93239e-07
4.06378e-07
4.92857e-07
5.08437e-07
4.46183e-07
3.58258e-07
3.02823e-07
2.87655e-07
2.95335e-07
3.06668e-07
3.0194e-07
2.52644e-07
1.8897e-07
1.34572e-07
9.19557e-08
6.06154e-08
3.87008e-08
2.40652e-08
1.46948e-08
8.90528e-09
5.41856e-09
3.33987e-09
2.08155e-09
1.2975e-09
7.97426e-10
4.76863e-10
2.73704e-10
1.48093e-10
7.29312e-11
2.99212e-11
6.63976e-12
0
0
0
0
0
0
0
0
0
0
0
0
0
0
0
0
0
0
0
0
0
0
0
0
0
0
0
0
0
0
0
0
0
0
0
0
0
0
0
0
9.59934e-14
0
1.14269e-12
0
1.09669e-11
0
0
0
0
0
0
6.23636e-10
2.39182e-08
3.47908e-08
3.48149e-08
2.66595e-08
1.2939e-08
0
0
0
0
0
0
0
0
0
0
0
0
0
0
0
0
0
0
0
0
0
0
0
0
0
0
0
9.07149e-09
3.23262e-08
6.11194e-08
9.21712e-08
1.19595e-07
1.38111e-07
1.46182e-07
1.4259e-07
1.31045e-07
1.22768e-07
1.27615e-07
1.40407e-07
1.34266e-07
9.5252e-08
5.12635e-08
2.22551e-08
7.13665e-09
0
0
8.48224e-09
1.81164e-08
2.22698e-08
2.27008e-08
2.26905e-08
2.67554e-08
3.53153e-08
4.59979e-08
5.91541e-08
7.21902e-08
8.37511e-08
9.52893e-08
1.02249e-07
9.91777e-08
9.09924e-08
8.29676e-08
7.58678e-08
6.82287e-08
5.92475e-08
4.94086e-08
3.84764e-08
2.73242e-08
2.03267e-08
1.9698e-08
2.4845e-08
3.36481e-08
3.98635e-08
4.17772e-08
4.2923e-08
4.37211e-08
4.31335e-08
4.42915e-08
4.81614e-08
5.02318e-08
4.75278e-08
4.11969e-08
3.43048e-08
3.0687e-08
3.22402e-08
3.50977e-08
3.3297e-08
2.77711e-08
2.20522e-08
1.51134e-08
6.86743e-09
2.92056e-09
9.58729e-09
2.56515e-08
4.15539e-08
4.81024e-08
4.2053e-08
2.95617e-08
2.10061e-08
2.27863e-08
3.50648e-08
5.15995e-08
5.89525e-08
5.15538e-08
3.70296e-08
2.24402e-08
1.20142e-08
5.93067e-09
2.76583e-09
1.23167e-09
5.24753e-10
2.11694e-10
7.67386e-11
1.98752e-11
0
0
0
0
0
0
0
0
0
0
0
0
0
0
0
0
0
0
0
0
0
0
0
0
0
0
0
0
0
0
1.50189e-16
6.32686e-16
8.55597e-16
9.17456e-16
9.3726e-16
5.69475e-16
5.13218e-16
0
0
0
0
0
0
0
0
0
0
0
0
0
0
4.69907e-13
0
8.91938e-12
0
0
0
0
0
0
0
0
3.7242e-09
5.50191e-09
5.65151e-09
3.79983e-09
0
0
0
0
0
0
0
0
0
0
0
0
0
0
0
0
0
0
0
0
0
0
0
0
0
0
8.12029e-10
1.59494e-08
2.37938e-08
2.67939e-08
2.83615e-08
2.99182e-08
3.01348e-08
2.77746e-08
2.32526e-08
1.78689e-08
1.25743e-08
7.91434e-09
3.917e-09
1.8e-09
1.99862e-09
4.23135e-09
7.89196e-09
6.0408e-09
3.58591e-10
0
0
0
0
0
0
0
3.63529e-10
2.92831e-09
4.86728e-09
7.05157e-09
1.00471e-08
1.38575e-08
1.70308e-08
1.82867e-08
1.83666e-08
1.87571e-08
1.94137e-08
1.96627e-08
1.89944e-08
1.65414e-08
1.21489e-08
7.15113e-09
3.13692e-09
4.81701e-10
0
0
0
6.26014e-10
4.56452e-09
8.63269e-09
1.04397e-08
9.48262e-09
7.51115e-09
5.60222e-09
3.81674e-09
1.85922e-09
2.21957e-10
2.76454e-10
2.74403e-09
6.17896e-09
7.74243e-09
5.74074e-09
1.10846e-09
0
0
0
0
0
0
0
0
0
0
0
0
2.95282e-09
6.69543e-09
5.75971e-09
3.51985e-09
1.8298e-09
8.8808e-10
4.23316e-10
2.03226e-10
9.9005e-11
4.89778e-11
2.46921e-11
1.27451e-11
6.72411e-12
3.61071e-12
1.9522e-12
1.05586e-12
5.64155e-13
2.96907e-13
1.52424e-13
7.78296e-14
4.00022e-14
2.33483e-14
1.64904e-14
1.51388e-14
1.49666e-14
1.54751e-14
1.55429e-14
1.54145e-14
1.45587e-14
1.34121e-14
1.20146e-14
1.05853e-14
9.08079e-15
7.73769e-15
6.50714e-15
5.45921e-15
4.54724e-15
3.79251e-15
3.18489e-15
2.7186e-15
2.35327e-15
2.08643e-15
1.85831e-15
1.68845e-15
1.48939e-15
1.33866e-15
1.07562e-15
9.57033e-16
5.37628e-16
5.23309e-16
0
7.01703e-17
0
0
0
7.89762e-16
0
5.22744e-15
0
2.20342e-14
0
9.93552e-14
0
2.38946e-13
0
0
8.83879e-12
0
0
0
0
0
0
0
0
0
0
0
0
0
0
0
0
0
0
4.58248e-11
0
0
0
0
0
0
0
0
0
0
0
0
0
0
0
0
0
0
0
0
0
1.54174e-10
7.06406e-11
0
1.35945e-10
7.9852e-10
1.52619e-09
2.19488e-09
2.94219e-09
3.52065e-09
3.82043e-09
4.22965e-09
5.67745e-09
8.3706e-09
1.07242e-08
1.12406e-08
8.04369e-09
1.78312e-09
0
0
0
0
0
0
0
0
0
0
0
0
2.34276e-09
5.65096e-09
8.88279e-09
1.11478e-08
1.21962e-08
1.20604e-08
1.1018e-08
9.03379e-09
5.9849e-09
2.68861e-09
4.86185e-10
0
0
0
0
0
0
2.49586e-09
4.72677e-09
5.60383e-09
4.93455e-09
3.31662e-09
1.45513e-09
0
0
0
0
0
0
0
0
0
0
0
0
0
0
0
0
0
0
0
9.98275e-10
3.99445e-09
4.1647e-09
2.87363e-09
1.61196e-09
8.48035e-10
4.67255e-10
2.76054e-10
1.72821e-10
1.12105e-10
7.43408e-11
5.03636e-11
3.47462e-11
2.43842e-11
1.73268e-11
1.24581e-11
9.02437e-12
6.58856e-12
4.82671e-12
3.55164e-12
2.61289e-12
1.92556e-12
1.41317e-12
1.0368e-12
7.55562e-13
5.49279e-13
3.94886e-13
2.83431e-13
2.00841e-13
1.41307e-13
9.7003e-14
6.58895e-14
4.3501e-14
2.84159e-14
1.78284e-14
1.10399e-14
6.43447e-15
3.6861e-15
1.82594e-15
7.26002e-16
0
0
0
0
0
0
0
0
0
0
0
0
0
0
0
0
0
0
0
5.44887e-15
0
3.71823e-14
0
2.78017e-13
0
1.77887e-12
0
0
7.0539e-12
0
0
0
0
0
0
0
0
0
0
0
0
0
0
0
0
5.36216e-10
1.75955e-09
2.81089e-09
3.5783e-09
3.8584e-09
3.64313e-09
2.71508e-09
1.21856e-09
0
0
0
0
0
1.12867e-10
2.36543e-09
3.65902e-09
4.2231e-09
4.48528e-09
4.30601e-09
3.65945e-09
2.73254e-09
2.05401e-09
1.85322e-09
2.12557e-09
2.67708e-09
2.66604e-09
2.00423e-09
1.15418e-09
5.97494e-10
6.83751e-10
1.60517e-09
3.28163e-09
4.80414e-09
6.33757e-09
8.56068e-09
1.28607e-08
1.78698e-08
1.90118e-08
1.39316e-08
8.26857e-09
3.91735e-09
0
0
0
0
0
0
0
0
0
0
0
0
0
0
3.05983e-09
6.19967e-09
7.13636e-09
6.04553e-09
3.69098e-09
6.12368e-10
0
0
0
0
0
0
0
3.18784e-10
1.20905e-09
1.87387e-09
2.05118e-09
1.84116e-09
1.26249e-09
4.12493e-10
0
0
0
0
0
0
0
0
0
0
0
0
0
0
0
0
0
9.34684e-10
2.58741e-09
3.27686e-09
2.93657e-09
2.05312e-09
1.18333e-09
6.19769e-10
3.36075e-10
2.08287e-10
1.4914e-10
1.14189e-10
8.92562e-11
6.94338e-11
5.33684e-11
4.06761e-11
3.08203e-11
2.3297e-11
1.75718e-11
1.32478e-11
9.96747e-12
7.4903e-12
5.60641e-12
4.18192e-12
3.09828e-12
2.28232e-12
1.66489e-12
1.20495e-12
8.60339e-13
6.08067e-13
4.21205e-13
2.86227e-13
1.88161e-13
1.20296e-13
7.32503e-14
4.2582e-14
2.26524e-14
1.0741e-14
3.64388e-15
7.76928e-17
0
0
0
0
0
0
0
0
0
0
0
0
0
0
0
0
0
0
0
0
0
0
0
0
0
9.92589e-15
0
2.32329e-13
0
2.59477e-12
0
1.26925e-12
0
0
0
0
0
0
0
0
0
0
0
0
0
0
0
0
0
0
0
0
0
0
0
0
0
0
0
0
3.61863e-10
3.36796e-09
7.21936e-09
9.59115e-09
8.25087e-09
3.98533e-09
0
0
0
0
0
0
0
0
0
0
0
0
0
0
0
0
0
2.18859e-09
8.31012e-09
1.60904e-08
1.88687e-08
1.25046e-08
7.21709e-09
8.31191e-09
1.52115e-08
2.41252e-08
2.66991e-08
1.8152e-08
7.95698e-09
3.93462e-09
4.04601e-09
4.08499e-09
1.34689e-09
0
0
0
0
0
0
0
0
0
0
0
0
0
0
0
0
0
0
8.76019e-10
9.77889e-10
5.33699e-10
9.51325e-13
0
0
0
0
0
0
0
8.42188e-11
1.6924e-10
0
0
1.42203e-10
1.01345e-09
2.05509e-09
2.64318e-09
2.65927e-09
2.46492e-09
2.31309e-09
2.22382e-09
2.08119e-09
1.83869e-09
1.46403e-09
1.02853e-09
6.44263e-10
3.67816e-10
1.98387e-10
1.1343e-10
7.89786e-11
6.5848e-11
5.89002e-11
5.25837e-11
4.57861e-11
3.84537e-11
3.13127e-11
2.49816e-11
1.96558e-11
1.53191e-11
1.18433e-11
9.09444e-12
6.93145e-12
5.24369e-12
3.93023e-12
2.91721e-12
2.13968e-12
1.55063e-12
1.10715e-12
7.78388e-13
5.35825e-13
3.60313e-13
2.34001e-13
1.45747e-13
8.52112e-14
4.59062e-14
2.14895e-14
7.86322e-15
1.07222e-15
0
0
0
0
0
0
0
0
0
0
0
0
0
0
0
0
0
0
0
0
0
0
0
0
0
0
0
0
0
0
0
0
6.26657e-13
0
6.23167e-13
0
0
0
0
0
0
0
0
0
0
0
0
0
0
0
0
0
0
0
0
0
0
0
0
0
0
0
1.3247e-10
3.11071e-09
7.8957e-09
1.35877e-08
1.73503e-08
1.55898e-08
6.90489e-09
0
0
0
0
0
0
0
0
0
0
0
0
0
0
0
0
0
0
0
0
0
5.37279e-09
8.9549e-09
1.93918e-08
5.03701e-08
1.03567e-07
1.57928e-07
1.89538e-07
1.85424e-07
1.48874e-07
9.4886e-08
4.65438e-08
6.23254e-09
0
0
0
0
0
0
0
0
0
0
0
0
0
0
0
0
0
0
0
0
0
0
0
0
0
3.00557e-10
6.24198e-10
9.43396e-10
1.21538e-09
1.38737e-09
1.4178e-09
1.33269e-09
1.26243e-09
1.30383e-09
1.42e-09
1.46637e-09
1.33975e-09
1.12634e-09
9.69215e-10
9.00377e-10
8.28819e-10
6.69736e-10
4.80089e-10
3.1156e-10
1.92172e-10
1.20808e-10
7.95102e-11
5.40261e-11
3.88968e-11
3.12161e-11
2.70964e-11
2.38492e-11
2.11952e-11
1.85445e-11
1.56909e-11
1.28957e-11
1.03773e-11
8.22323e-12
6.43395e-12
4.97792e-12
3.80893e-12
2.88183e-12
2.15343e-12
1.58759e-12
1.15256e-12
8.23052e-13
5.76895e-13
3.95832e-13
2.64519e-13
1.70968e-13
1.05857e-13
6.19155e-14
3.34806e-14
1.60568e-14
6.22477e-15
1.34219e-15
0
0
0
0
0
0
0
0
0
0
0
0
0
0
0
0
0
0
0
0
0
0
0
0
0
0
0
0
0
0
0
0
0
0
0
0
0
0
0
0
0
0
0
0
0
0
0
0
0
0
0
0
0
0
0
0
0
0
0
0
0
0
0
0
1.43376e-10
3.29192e-09
8.82667e-09
1.8207e-08
3.33589e-08
4.46122e-08
3.39536e-08
1.01415e-08
0
0
0
0
0
0
0
0
0
0
0
0
0
0
0
0
0
0
0
0
0
3.65173e-09
1.28673e-08
3.71327e-08
1.05251e-07
2.78036e-07
5.96973e-07
8.07818e-07
5.78532e-07
2.40698e-07
6.85131e-08
0
0
0
0
0
0
0
0
0
0
0
0
0
0
0
0
0
0
0
0
0
0
0
0
0
0
0
3.03684e-10
4.80877e-10
5.38396e-10
5.23847e-10
4.64543e-10
3.65449e-10
2.55064e-10
1.65588e-10
9.18613e-11
1.68809e-11
0
0
0
2.82997e-11
1.32608e-10
1.67648e-10
1.49842e-10
1.08463e-10
7.01209e-11
4.62738e-11
3.26196e-11
2.37147e-11
1.72907e-11
1.29991e-11
1.02129e-11
8.14389e-12
6.83959e-12
5.76224e-12
4.74814e-12
3.84273e-12
3.06152e-12
2.40835e-12
1.87075e-12
1.43742e-12
1.09105e-12
8.18602e-13
6.05285e-13
4.40993e-13
3.15213e-13
2.21124e-13
1.51478e-13
1.01189e-13
6.52784e-14
4.04105e-14
2.35539e-14
1.2744e-14
6.13321e-15
2.46661e-15
6.44973e-16
0
0
0
0
0
0
0
0
0
0
0
0
0
0
0
0
0
0
0
0
0
0
0
0
0
0
0
0
0
0
0
0
0
0
0
0
0
0
0
0
1.44657e-08
6.03636e-09
8.11167e-09
9.26847e-09
6.41486e-09
3.99585e-09
2.6664e-09
1.7423e-09
1.0757e-09
6.04349e-10
4.06724e-10
2.43762e-10
8.83659e-11
0
0
0
0
0
0
0
0
0
0
0
0
2.60631e-09
9.57872e-10
1.44896e-09
1.85764e-09
1.40979e-09
9.68886e-10
7.15535e-10
5.22561e-10
3.60209e-10
2.35699e-10
1.91383e-10
1.35511e-10
6.31684e-11
0
0
0
0
0
0
0
0
0
0
0
0
4.47393e-10
8.44733e-11
1.84682e-10
3.51499e-10
3.07374e-10
2.12913e-10
1.72347e-10
1.45249e-10
1.13748e-10
8.8629e-11
9.11557e-11
7.77056e-11
4.5774e-11
0
0
0
0
0
0
0
0
0
0
0
0
9.3357e-11
0
0
2.38586e-11
4.01918e-11
2.29375e-11
2.38861e-11
3.83745e-11
4.67999e-11
4.91231e-11
6.56482e-11
7.22071e-11
6.54453e-11
4.60697e-11
4.23118e-11
2.26096e-11
3.34333e-11
0
4.41209e-11
0
1.09241e-10
0
3.19572e-10
0
1.44521e-10
3.073e-11
0
0
0
0
0
0
0
0
0
0
0
0
0
0
0
0
0
0
0
0
0
0
0
0
0
0
0
0
0
0
0
0
0
0
0
0
0
0
0
0
0
0
0
0
0
0
0
0
0
0
0
0
0
0
0
0
0
0
0
0
0
0
0
0
0
0
0
0
0
0
0
0
0
0
0
0
0
0
0
0
0
0
0
0
0
0
0
0
0
0
0
0
0
0
0
0
0
0
0
0
0
0
0
0
0
0
0
0
0
0
0
0
0
0
0
0
0
0
0
0
0
0
0
0
0
0
0
0
0
0
0
0
0
0
0
0
0
0
0
0
0
0
0
0
0
0
0
0
0
0
0
0
0
0
0
0
0
0
0
0
0
0
0
0
0
0
0
0
0
0
0
0
0
0
0
0
0
0
0
0
0
0
0
0
0
0
0
0
0
0
0
0
0
0
0
0
0
0
0
0
0
0
0
0
0
0
0
0
0
0
0
0
0
0
0
0
0
0
0
0
0
0
0
0
0
0
0
0
0
0
0
0
0
0
0
0
0
0
0
0
0
0
0
0
0
0
0
0
0
0
0
0
0
0
0
0
0
0
0
0
0
0
0
0
0
0
0
0
0
0
0
0
0
0
0
0
0
0
0
0
0
0
0
0
0
0
0
0
0
0
0
0
0
0
0
0
0
0
0
0
0
0
0
0
0
0
0
0
0
0
0
0
0
0
0
0
0
0
0
0
0
0
0
0
0
0
0
0
0
0
0
0
0
0
0
0
0
0
0
0
0
0
0
0
0
0
0
0
0
0
0
0
0
0
0
0
0
0
0
0
0
0
0
0
0
0
0
0
0
0
0
0
0
0
0
0
0
0
0
0
0
0
0
0
0
0
0
0
0
0
0
0
0
0
0
0
0
0
0
0
0
0
0
0
0
0
0
0
0
0
0
0
0
0
0
0
0
0
0
0
0
0
0
0
0
0
0
0
0
0
0
0
0
0
0
0
0
0
0
0
0
0
0
0
0
0
0
0
0
0
0
0
0
0
0
0
0
0
0
0
0
0
0
0
0
0
0
0
0
0
0
0
0
0
0
0
0
0
0
0
0
0
0
0
0
0
0
0
0
0
0
0
0
0
0
0
0
0
0
0
0
0
0
0
0
0
0
0
0
0
0
0
0
0
0
0
0
0
0
0
0
0
0
0
0
0
0
0
0
0
0
0
0
0
0
0
0
0
0
0
0
0
0
0
0
0
0
0
0
0
0
0
0
0
0
0
0
0
0
0
0
0
0
0
0
0
0
0
0
0
0
0
0
0
0
0
0
0
0
0
0
0
0
0
0
0
0
0
0
0
0
0
0
0
0
0
0
0
0
0
0
0
0
0
0
0
0
0
0
0
0
0
0
0
0
0
0
0
0
0
0
0
0
0
0
0
0
0
0
0
0
0
0
0
0
0
0
0
0
0
0
0
0
0
0
0
0
0
0
0
0
0
0
0
0
0
0
0
0
0
0
0
0
0
0
0
0
0
0
0
0
0
0
0
0
0
0
0
0
0
0
0
0
0
0
0
0
0
0
0
0
0
0
0
0
0
0
0
0
0
0
0
0
0
0
0
0
0
0
0
0
0
0
0
0
0
0
0
0
0
0
0
0
0
0
0
0
0
0
0
0
0
0
0
0
0
0
0
0
0
0
0
0
0
0
0
0
0
0
0
0
0
0
0
0
0
0
0
0
0
0
0
0
0
0
0
0
0
0
0
0
0
0
0
0
0
0
0
0
0
0
0
0
0
0
0
0
0
0
0
0
0
0
0
0
0
0
0
0
0
0
0
0
0
0
0
0
0
0
0
0
0
0
0
0
0
0
0
0
0
0
0
0
0
0
0
0
0
0
0
0
0
0
0
0
0
0
0
0
0
0
0
0
0
0
0
0
0
0
0
0
0
0
0
0
0
0
0
0
0
0
0
0
0
0
0
0
0
0
0
0
0
0
0
0
0
0
0
0
0
0
0
0
0
0
0
0
0
0
0
0
0
0
0
0
0
0
0
0
0
0
0
0
0
0
0
0
0
0
0
0
0
0
0
0
0
0
0
0
0
0
0
0
0
0
0
0
0
0
0
0
0
0
0
0
0
0
0
0
0
0
0
0
0
0
0
0
0
0
0
0
0
0
0
0
0
0
0
0
0
0
0
0
0
0
0
0
0
0
0
0
0
0
0
0
0
0
0
0
0
0
0
0
0
0
0
0
0
0
0
0
0
0
0
0
0
0
0
0
0
0
0
0
0
0
0
0
0
0
0
0
0
0
0
0
0
0
0
0
0
0
0
0
0
0
0
0
0
0
0
0
0
0
0
0
0
0
0
0
0
0
0
0
0
0
0
0
0
0
0
0
0
0
0
0
0
0
0
0
0
0
0
0
0
0
0
0
0
0
0
0
0
0
0
4.96993e-11
0
0
0
0
0
0
0
0
0
0
0
0
0
0
0
0
0
0
0
0
0
0
0
0
9.29042e-11
0
0
0
0
0
0
0
0
0
0
0
0
0
0
0
0
0
0
0
0
0
0
0
0
6.07649e-11
0
0
0
0
0
0
0
0
0
0
0
0
0
0
0
0
0
0
0
0
0
0
0
0
4.95353e-11
0
0
0
0
0
0
0
0
1.78447e-11
4.3126e-11
6.55708e-11
9.43472e-11
9.14319e-11
1.23029e-10
1.04811e-10
1.85267e-10
8.69922e-11
2.41947e-10
0
2.90732e-10
0
3.24894e-10
0
9.93654e-11
5.8319e-11
0
0
0
0
0
4.25239e-11
6.84126e-11
9.34928e-11
1.14325e-10
1.39456e-10
1.50127e-10
1.64171e-10
1.5824e-10
1.85182e-10
1.72648e-10
2.30704e-10
1.63181e-10
2.63019e-10
1.03481e-10
2.97028e-10
0
2.94355e-10
0
7.08448e-11
7.66644e-11
0
0
0
2.54809e-11
8.36366e-11
1.51857e-10
1.66729e-10
1.62328e-10
1.5513e-10
1.51073e-10
1.37799e-10
1.38496e-10
1.2792e-10
1.45806e-10
1.2827e-10
1.67577e-10
1.14939e-10
1.89507e-10
7.75817e-11
2.04197e-10
5.43276e-12
1.95694e-10
0
6.79453e-12
1.45665e-10
0
1.08355e-10
2.54221e-10
2.39579e-10
2.23046e-10
2.11241e-10
1.85308e-10
1.5593e-10
1.32519e-10
1.23135e-10
1.12275e-10
1.18193e-10
1.11884e-10
1.28133e-10
1.10226e-10
1.38166e-10
9.65399e-11
1.44183e-10
6.27229e-11
1.36975e-10
1.40375e-11
1.27806e-10
0
0
5.17007e-10
0
8.37211e-10
5.75574e-10
2.6312e-10
9.19501e-11
0
0
0
0
0
0
0
0
1.34645e-11
5.76661e-12
2.90501e-11
6.78126e-12
3.88589e-11
8.48027e-13
4.43395e-11
0
5.10416e-11
0
0
1.78041e-09
1.19023e-09
1.44178e-09
3.14197e-10
0
0
0
0
0
0
0
0
0
0
0
0
0
0
0
0
0
0
0
0
0
3.01634e-09
1.93813e-09
9.68966e-10
0
0
0
0
0
0
0
0
0
0
0
0
0
0
0
0
0
0
0
0
0
0
)
;

boundaryField
{
    inlet
    {
        type            zeroGradient;
    }
    outlet
    {
        type            zeroGradient;
    }
    upperWall
    {
        type            zeroGradient;
    }
    lowerWall
    {
        type            zeroGradient;
    }
    frontAndBack
    {
        type            empty;
    }
}


// ************************************************************************* //
