/*--------------------------------*- C++ -*----------------------------------*\
  =========                 |
  \\      /  F ield         | OpenFOAM: The Open Source CFD Toolbox
   \\    /   O peration     | Website:  https://openfoam.org
    \\  /    A nd           | Version:  7
     \\/     M anipulation  |
\*---------------------------------------------------------------------------*/
FoamFile
{
    version     2.0;
    format      ascii;
    class       volScalarField;
    location    "0.041";
    object      nut;
}
// * * * * * * * * * * * * * * * * * * * * * * * * * * * * * * * * * * * * * //

dimensions      [0 2 -1 0 0 0 0];

internalField   nonuniform List<scalar> 
12225
(
0
0
0
0
0
0
0
0
0
0
0
0
0
0
0
0
0
0
0
0
0
0
0
0
0
0
0
0
0
0
0
0
0
0
0
0
0
0
2.3894e-10
0
0
0
0
0
0
0
0
0
0
0
0
0
0
0
4.00581e-08
1.4052e-08
9.18607e-09
2.93512e-09
4.44372e-10
0
0
0
0
0
0
0
0
0
0
0
0
0
0
2.10406e-07
7.66606e-08
0
0
3.6382e-09
1.48388e-09
0
0
0
0
0
0
0
0
0
0
0
0
4.71086e-07
2.50521e-07
9.87097e-08
5.43006e-08
6.47175e-08
7.51608e-08
5.4982e-08
2.87479e-08
1.19791e-08
6.46798e-09
3.38546e-09
0
0
0
0
0
0
0
4.83113e-07
4.94034e-07
2.6914e-07
6.86412e-08
1.04058e-07
1.17163e-07
5.99198e-08
6.57296e-09
0
0
0
0
0
3.55869e-09
6.18899e-09
2.40503e-09
0
1.68241e-07
5.25847e-07
5.08523e-07
2.53057e-07
4.33312e-08
9.12716e-08
1.05589e-07
8.42272e-08
6.337e-08
3.54213e-08
6.6986e-09
5.54159e-09
2.11674e-08
3.3437e-08
3.34762e-08
2.03543e-08
2.60325e-09
0
5.53921e-07
4.54548e-07
3.61765e-07
3.88426e-08
0
4.80947e-08
9.62248e-08
1.25707e-07
1.70371e-07
2.25373e-07
2.40064e-07
2.17633e-07
2.01398e-07
1.8123e-07
1.45105e-07
9.465e-08
4.43427e-08
8.56403e-09
6.45375e-07
3.55869e-07
2.70403e-07
0
0
5.51816e-08
1.06713e-07
1.65874e-07
2.60514e-07
3.78077e-07
3.36251e-07
2.11166e-07
1.28654e-07
1.00695e-07
1.01686e-07
1.03883e-07
8.59833e-08
4.59058e-08
4.86988e-07
2.55534e-07
2.03064e-07
5.29782e-08
4.82186e-07
8.95118e-07
3.53686e-07
0
0
9.71283e-08
1.16187e-07
7.62388e-08
4.5311e-08
3.61108e-08
3.84088e-08
3.47134e-08
1.76206e-08
1.21527e-09
5.34554e-07
3.00721e-07
2.6429e-07
4.64632e-07
1.25472e-06
1.05977e-06
0
0
0
2.06264e-08
7.9253e-08
7.46504e-08
5.48413e-08
3.36515e-08
7.01637e-09
0
0
0
5.62843e-07
5.07489e-07
3.06753e-07
3.74677e-07
2.77203e-07
0
0
0
0
7.15504e-09
4.23493e-08
0
0
0
0
0
0
0
4.86302e-07
3.74094e-07
1.9324e-07
0
0
0
2.3271e-08
1.84734e-07
1.14394e-07
0
0
0
0
0
0
0
0
0
3.70331e-07
2.01796e-07
1.82985e-08
0
0
0
1.06278e-06
1.33582e-06
7.56455e-07
1.33906e-07
0
0
0
0
0
0
0
0
0
0
0
7.71333e-08
7.3392e-07
1.32808e-06
1.87693e-06
1.81851e-06
6.91543e-07
0
0
2.30676e-08
3.88075e-08
2.24958e-08
2.75573e-08
5.06508e-08
5.50073e-08
4.39031e-08
0
0
0
2.98284e-07
1.21576e-06
1.30135e-06
1.32136e-06
2.51181e-07
0
0
0
8.42806e-08
1.25809e-07
1.17625e-07
8.10982e-08
4.31766e-08
2.35052e-08
2.67484e-08
0
0
1.48552e-07
2.06113e-07
1.00875e-06
5.69118e-07
0
0
0
0
0
0
0
9.31142e-09
3.61432e-08
4.68058e-08
5.23352e-08
7.10025e-08
0
0
1.37299e-07
1.31775e-07
0
0
0
0
0
0
0
0
0
0
0
0
0
0
0
0
0
0
4.88957e-08
9.06988e-08
5.65147e-08
1.46115e-08
0
0
0
0
0
0
0
0
0
0
4.7303e-07
2.1015e-07
0
0
0
6.28854e-08
4.06035e-08
0
0
0
0
0
0
0
0
0
0
0
7.34825e-07
6.56156e-07
8.77534e-08
0
0
0
0
0
0
0
0
0
0
0
0
0
5.60779e-08
9.30426e-08
0
0
0
0
0
0
0
0
0
0
0
0
0
0
0
0
0
3.55346e-08
0
0
0
0
1.01189e-07
1.29287e-07
0
0
0
0
0
0
0
0
0
0
0
0
0
0
0
0
0
2.53591e-07
1.81732e-07
6.98467e-08
9.11817e-08
1.19134e-07
7.71815e-08
0
0
0
0
0
0
0
0
0
0
0
0
0
0
0
5.68351e-09
4.57977e-08
5.4837e-08
1.50827e-08
0
0
0
0
0
0
8.70949e-09
0
0
0
0
0
0
0
0
0
0
0
0
0
0
0
0
0
6.7498e-09
0
0
0
0
0
0
0
0
0
0
0
0
0
0
0
0
0
7.79025e-09
0
0
0
0
0
0
0
0
0
0
0
0
0
0
0
0
0
6.10075e-08
0
0
0
0
0
0
0
0
0
0
0
0
0
0
0
0
0
2.91402e-08
7.59185e-08
2.08115e-09
0
0
0
0
0
0
0
0
0
0
0
0
0
0
0
0
4.09278e-08
1.19353e-07
2.31015e-07
3.71436e-07
5.65695e-07
7.49752e-07
7.00842e-07
5.86492e-07
8.73643e-07
1.12892e-07
2.54679e-07
3.44347e-06
1.00634e-05
1.6229e-05
1.01785e-05
2.23964e-06
4.16976e-07
4.75175e-08
0
0
1.76041e-08
4.13453e-08
5.30344e-08
5.23031e-08
4.80931e-08
3.86927e-08
3.12685e-08
2.16774e-08
1.55251e-08
1.00811e-08
5.87455e-09
2.77611e-09
1.85752e-10
0
0
0
0
0
0
0
0
0
0
0
0
0
0
0
0
0
0
0
0
0
0
0
0
0
0
0
0
0
0
0
0
0
0
0
0
0
0
0
0
0
0
0
0
0
0
0
0
0
0
0
0
0
0
0
0
0
0
0
0
0
0
0
0
0
0
0
0
0
0
0
0
0
0
0
0
0
0
0
0
0
0
0
0
0
0
0
0
0
0
0
0
0
0
0
0
0
0
0
0
0
0
0
0
0
0
0
0
0
0
0
0
0
0
0
0
0
0
0
0
0
0
0
0
0
0
0
0
1.04471e-08
1.02772e-07
1.95667e-07
7.54297e-08
0
0
0
0
0
0
0
0
0
0
0
0
0
0
0
1.88841e-07
4.62226e-07
7.08448e-07
9.3911e-07
1.12649e-06
1.22435e-06
9.41694e-07
1.86138e-07
0
0
0
0
0
3.46108e-08
6.20663e-07
4.99446e-07
2.31224e-07
4.65441e-08
0
0
3.42204e-09
2.31656e-08
3.39756e-08
3.6862e-08
3.65356e-08
3.34612e-08
2.9568e-08
2.48697e-08
2.00777e-08
1.50575e-08
1.00309e-08
5.09349e-09
3.62905e-10
0
0
0
0
0
0
0
0
0
0
0
0
0
0
0
0
0
0
0
0
0
0
0
0
0
0
0
0
0
0
0
0
0
0
0
0
0
0
0
0
0
0
0
0
0
0
0
0
0
0
0
0
0
0
0
0
0
0
0
0
0
0
0
0
0
0
0
0
0
0
0
0
0
0
0
0
0
0
0
0
0
0
0
0
0
0
0
0
0
0
0
0
0
0
0
0
0
0
0
0
0
0
0
0
0
0
0
0
0
0
0
0
0
0
0
0
0
0
0
0
0
0
0
0
0
0
0
0
0
2.09281e-08
1.54904e-07
2.56216e-07
2.28828e-07
2.00885e-07
1.65933e-07
1.23071e-07
6.94878e-08
0
0
0
0
0
0
0
0
0
5.52304e-07
1.69176e-06
2.03633e-06
1.756e-06
1.27737e-06
7.83719e-07
2.88503e-07
0
0
0
0
0
0
0
0
1.97926e-08
9.72325e-08
3.5351e-08
0
0
0
0
5.13439e-09
3.58371e-08
5.42846e-08
6.18202e-08
6.07213e-08
5.47403e-08
4.5779e-08
3.59106e-08
2.60587e-08
1.67781e-08
8.35542e-09
6.20039e-10
0
0
0
0
0
0
0
0
0
0
0
0
0
0
0
0
0
0
0
0
0
0
0
0
0
0
0
0
0
0
0
0
0
0
0
8.58729e-09
7.58833e-09
0
0
0
0
0
0
0
0
0
0
0
0
0
0
0
0
0
0
0
0
0
0
0
0
0
0
0
0
0
0
0
0
0
0
0
0
0
0
0
0
0
0
0
0
0
0
0
0
0
0
0
0
0
0
0
0
0
0
0
0
0
0
0
0
0
0
0
0
0
0
0
0
0
0
0
0
0
0
0
0
0
0
2.24036e-16
0
2.60706e-15
0
1.11215e-15
0
0
7.94604e-13
0
0
1.77437e-09
5.38635e-08
2.04218e-07
1.83573e-07
1.60585e-07
1.28704e-07
8.99144e-08
4.36997e-08
0
0
0
0
0
0
0
0
7.34604e-07
1.49574e-06
1.87852e-06
1.8131e-06
1.47421e-06
1.0259e-06
5.98855e-07
1.72442e-07
0
0
0
0
0
0
0
0
0
0
0
0
0
0
0
6.84335e-08
1.52208e-07
2.29891e-07
3.0307e-07
3.81514e-07
4.82712e-07
6.30606e-07
8.61249e-07
1.24075e-06
1.85785e-06
2.25729e-06
0
0
0
0
0
0
0
0
0
0
0
0
0
0
0
0
0
0
0
0
5.12827e-08
1.25652e-07
1.66931e-07
1.71193e-07
1.50911e-07
1.23012e-07
9.92629e-08
8.32716e-08
7.49122e-08
6.92123e-08
6.25188e-08
5.34681e-08
4.32188e-08
3.32153e-08
2.58913e-08
2.23568e-08
1.86335e-08
1.27003e-08
6.42271e-09
8.04488e-10
0
0
0
0
0
0
0
0
0
0
0
0
0
0
0
0
0
0
0
0
0
0
0
0
0
0
0
0
0
0
0
0
0
0
0
0
0
0
0
0
0
0
0
0
0
0
0
0
0
0
0
0
0
0
0
0
0
0
0
0
0
0
0
0
0
0
0
0
0
0
0
0
0
0
6.53822e-16
7.36879e-16
1.59403e-15
1.31176e-15
2.32901e-15
2.07556e-15
3.34661e-15
4.06831e-15
3.51108e-15
1.53631e-14
0
1.17365e-13
0
1.17465e-12
0
0
0
0
0
0
0
0
0
0
0
0
2.52543e-08
1.58275e-07
4.05499e-07
8.3009e-07
1.46131e-06
2.21677e-06
2.82699e-06
3.04737e-06
2.89216e-06
2.47858e-06
1.90751e-06
1.28467e-06
7.14355e-07
2.78591e-07
0
0
0
0
0
0
0
0
0
0
1.03689e-07
3.09804e-07
5.00416e-07
6.25627e-07
6.58184e-07
6.20403e-07
5.55601e-07
4.99847e-07
4.75901e-07
4.9817e-07
5.77931e-07
7.38917e-07
1.02183e-06
1.49537e-06
2.2096e-06
1.84502e-06
0
0
0
0
0
0
0
0
0
0
0
0
0
0
0
0
0
0
0
0
0
0
0
5.86105e-08
1.03921e-07
1.09014e-07
9.99134e-08
9.33386e-08
9.15591e-08
8.7253e-08
7.76203e-08
6.28124e-08
4.72472e-08
3.47196e-08
2.75427e-08
2.35205e-08
1.79886e-08
1.14798e-08
5.91695e-09
1.48705e-09
0
0
0
0
0
0
0
0
0
0
0
0
0
0
0
0
0
0
0
0
0
0
0
0
0
0
0
0
0
0
0
0
0
0
0
0
0
0
0
0
0
0
0
0
0
0
0
0
0
0
0
0
0
0
4.18787e-12
7.49435e-12
8.15621e-12
7.53268e-12
6.39226e-12
5.14381e-12
3.9922e-12
3.01594e-12
2.23293e-12
1.62813e-12
1.17453e-12
8.3944e-13
5.95304e-13
4.17429e-13
2.89327e-13
1.96869e-13
1.31494e-13
8.55472e-14
5.38976e-14
3.2724e-14
1.75112e-14
8.75571e-15
9.61417e-17
0
0
0
0
0
0
6.30705e-15
0
2.29601e-13
0
1.68226e-12
0
0
0
0
0
0
0
0
0
0
0
4.27552e-08
2.71678e-07
6.51316e-07
1.22836e-06
2.00438e-06
2.90877e-06
3.80286e-06
4.47494e-06
4.85034e-06
4.88537e-06
4.49121e-06
3.77194e-06
2.86445e-06
1.91124e-06
1.07342e-06
4.72168e-07
1.20113e-07
0
0
0
0
0
8.23768e-08
4.52166e-07
9.05961e-07
1.23567e-06
1.28327e-06
1.13911e-06
9.26542e-07
7.23794e-07
5.65395e-07
4.54336e-07
3.96213e-07
3.88365e-07
4.33692e-07
5.36223e-07
7.045e-07
9.49813e-07
1.25574e-06
1.44844e-06
8.88878e-07
0
0
0
0
0
0
0
0
0
0
0
0
0
0
0
0
0
0
0
0
0
0
0
0
0
0
0
3.55581e-08
8.18492e-08
1.01223e-07
9.68477e-08
7.6364e-08
5.39171e-08
3.86475e-08
3.16457e-08
2.60699e-08
1.90246e-08
1.2404e-08
6.87058e-09
2.09473e-09
0
0
0
0
0
0
0
0
0
0
0
0
0
0
0
0
0
0
0
0
0
0
0
0
0
0
0
0
0
0
0
0
0
0
0
0
0
0
0
0
0
0
0
0
0
0
0
0
0
0
0
0
0
0
0
0
0
0
0
0
0
0
0
0
0
0
0
0
0
0
4.34889e-14
5.55123e-14
2.59235e-14
8.23416e-15
0
0
0
0
0
2.39065e-14
0
1.82942e-13
1.1727e-13
2.65333e-12
7.07352e-13
1.87437e-11
0
1.98671e-11
0
0
0
0
0
0
0
0
0
0
0
0
0
4.86536e-08
3.73818e-07
8.20625e-07
1.35801e-06
1.95965e-06
2.5595e-06
3.10296e-06
3.52424e-06
3.61115e-06
3.45437e-06
2.96009e-06
2.32219e-06
1.60864e-06
1.04057e-06
6.83039e-07
5.11332e-07
4.64533e-07
5.47978e-07
6.85047e-07
7.33705e-07
6.409e-07
5.60512e-07
6.67373e-07
8.61502e-07
9.19648e-07
7.68724e-07
5.05685e-07
2.37029e-07
2.24866e-08
0
0
0
0
0
0
0
1.22387e-07
1.99949e-07
1.44772e-07
4.63314e-08
8.0472e-08
2.05052e-07
3.23382e-07
3.94404e-07
4.09229e-07
3.78673e-07
3.21092e-07
2.26716e-07
1.11717e-07
0
0
0
0
0
0
0
0
0
0
0
0
0
0
0
0
0
0
0
6.74844e-08
9.21013e-08
7.52494e-08
5.03319e-08
3.4682e-08
2.82014e-08
2.24989e-08
1.64208e-08
1.18105e-08
8.10625e-09
4.23199e-09
0
0
0
0
0
0
0
0
0
0
0
0
0
0
0
0
0
0
0
0
0
0
0
0
0
0
0
0
0
0
0
0
0
0
0
0
0
0
0
0
0
0
0
0
0
0
0
0
0
0
0
0
0
0
0
0
0
0
0
0
0
0
0
0
0
0
0
0
0
0
0
0
0
0
0
0
0
1.39386e-13
3.79017e-13
1.0719e-12
1.79204e-12
4.15435e-12
4.96326e-12
1.14335e-11
6.2489e-12
1.35139e-11
0
0
0
0
0
0
0
0
0
0
0
0
0
0
0
0
0
0
0
2.39798e-08
2.08201e-07
3.66831e-07
4.66478e-07
4.96755e-07
4.64256e-07
3.84689e-07
2.93255e-07
2.04655e-07
1.56823e-07
1.48037e-07
1.76119e-07
2.15399e-07
1.99812e-07
6.9949e-08
0
0
0
1.57112e-07
4.06667e-07
3.66746e-07
1.22177e-07
0
0
0
0
0
0
0
0
0
1.03879e-07
3.09951e-07
2.3086e-07
0
0
0
0
0
1.72452e-07
2.4631e-07
2.38788e-07
2.15704e-07
1.80692e-07
1.6666e-07
1.64049e-07
1.65276e-07
1.49499e-07
8.94252e-08
0
0
0
0
0
0
0
0
0
0
0
0
0
0
0
0
6.40057e-08
7.29368e-08
5.29702e-08
3.42719e-08
2.37718e-08
1.64147e-08
1.1133e-08
8.01602e-09
6.24667e-09
4.87411e-09
2.89154e-09
0
0
0
0
0
0
0
0
0
0
0
0
0
0
0
0
0
0
0
0
0
0
0
0
0
0
0
0
0
0
0
0
0
0
0
0
0
0
0
0
0
0
0
0
0
0
0
0
0
0
0
0
0
0
0
0
0
0
0
0
0
0
0
0
0
0
0
0
0
0
0
0
0
0
0
0
0
1.38667e-13
4.953e-13
9.26703e-13
2.06938e-12
2.46854e-12
4.96474e-12
1.88346e-12
1.60392e-12
0
0
0
0
0
0
0
0
0
0
0
0
0
0
0
0
0
0
0
0
0
0
0
0
0
0
0
0
1.46273e-08
5.10103e-08
8.47447e-08
8.39668e-08
1.1441e-08
0
0
0
0
1.24642e-07
1.15193e-07
0
0
0
0
0
0
0
0
0
3.43233e-07
1.08011e-06
2.08271e-06
2.98954e-06
2.1126e-06
0
0
0
0
1.86239e-08
4.61737e-07
6.26968e-07
5.69949e-07
4.6592e-07
2.89542e-07
1.62105e-07
7.12395e-08
2.353e-08
8.39011e-09
1.52379e-08
3.12299e-08
4.97656e-08
5.46401e-08
3.95828e-09
0
0
0
0
0
0
0
0
0
0
0
0
1.67408e-08
7.4338e-08
7.73751e-08
5.87909e-08
3.88037e-08
2.3887e-08
1.44174e-08
8.38641e-09
4.23813e-09
1.74231e-09
7.30641e-10
9.45716e-11
0
0
0
0
0
0
0
0
0
0
0
0
0
0
0
0
0
0
0
0
0
0
0
0
0
0
0
0
0
0
0
0
0
0
0
0
0
0
0
0
0
0
0
0
0
0
0
0
0
0
0
0
0
0
0
0
0
0
0
0
0
0
0
0
0
0
0
0
0
0
0
0
0
0
0
0
0
1.16042e-13
2.45161e-13
5.96078e-13
5.94093e-13
9.09149e-13
0
0
0
0
0
0
0
0
0
0
0
0
0
0
0
0
0
0
0
0
0
0
0
0
0
0
0
0
0
0
2.84576e-08
5.75816e-08
6.51879e-08
2.67948e-08
0
0
0
0
0
2.27639e-08
0
0
0
0
0
0
0
0
2.7867e-07
1.03148e-06
2.40284e-06
4.74985e-06
8.56038e-06
1.39741e-05
1.04586e-05
0
0
0
0
0
0
6.31757e-07
9.21978e-07
9.66414e-07
7.52226e-07
5.06689e-07
2.85314e-07
1.54324e-07
9.73805e-08
8.90532e-08
1.01412e-07
1.23737e-07
1.59761e-07
2.08117e-07
2.49831e-07
1.91349e-07
0
0
0
0
0
0
0
0
0
0
0
8.68227e-08
1.04077e-07
8.50545e-08
6.13789e-08
4.22182e-08
2.79265e-08
1.75848e-08
9.8113e-09
3.86073e-09
0
0
0
0
0
0
0
0
0
0
0
0
0
0
0
0
0
0
0
0
0
0
0
0
0
0
0
0
0
0
0
0
0
0
0
0
0
0
0
0
0
0
0
0
0
0
0
0
0
0
0
0
0
0
0
0
0
0
0
0
0
0
0
0
0
0
0
0
0
0
0
0
0
0
0
0
0
0
0
0
0
1.00472e-14
0
0
0
0
0
0
0
0
0
0
0
0
0
0
0
0
0
0
0
0
0
0
0
0
0
0
0
0
0
0
0
2.43605e-08
4.99001e-08
6.21838e-08
4.40023e-08
0
0
0
0
0
0
0
0
0
0
0
0
0
0
2.45372e-07
9.45571e-07
2.27182e-06
4.5258e-06
7.78386e-06
1.13031e-05
1.10735e-05
0
0
0
0
0
0
0
0
2.76153e-07
6.46952e-07
7.23719e-07
5.79508e-07
3.52319e-07
1.78324e-07
1.2589e-07
1.62458e-07
2.02454e-07
1.9954e-07
1.82755e-07
2.00333e-07
2.65578e-07
3.59202e-07
3.37553e-07
2.46359e-08
0
0
0
0
0
0
0
0
1.2526e-07
1.41151e-07
9.95074e-08
6.36457e-08
4.34914e-08
3.23201e-08
2.51263e-08
1.92792e-08
1.36073e-08
7.98845e-09
3.02622e-09
0
0
0
0
0
0
0
0
0
0
0
0
0
0
0
0
0
0
0
0
0
0
0
0
0
0
0
0
0
0
0
0
0
0
0
0
0
0
0
0
0
0
0
0
0
0
0
0
0
0
0
0
0
0
0
0
0
0
0
0
0
0
0
0
0
0
0
0
0
0
0
0
0
0
0
0
0
0
0
0
0
0
0
0
0
0
0
0
0
0
0
0
0
0
0
0
0
0
0
0
0
0
0
0
0
0
0
0
0
0
5.70003e-09
3.05157e-08
5.19744e-08
6.46213e-08
5.87273e-08
2.16773e-08
0
0
0
0
0
0
0
0
0
0
0
0
0
1.66762e-08
3.70576e-07
1.06896e-06
2.17802e-06
3.53997e-06
4.52531e-06
3.82668e-06
0
0
0
0
0
0
0
0
0
0
2.05875e-07
3.90159e-07
3.84608e-07
2.69718e-07
8.45783e-08
0
0
8.73706e-08
1.53233e-07
1.30921e-07
1.04807e-07
1.28531e-07
2.00128e-07
2.90968e-07
2.21529e-07
0
0
0
0
0
0
0
5.02674e-07
2.55751e-07
1.20689e-07
3.29282e-08
0
0
0
0
0
4.71573e-09
5.41056e-09
3.7488e-09
1.63513e-09
0
0
0
0
0
0
0
0
0
0
0
0
0
0
0
0
0
0
0
0
0
0
0
0
0
0
0
0
0
0
0
0
0
0
0
0
0
0
0
0
0
0
0
0
0
0
0
0
0
0
0
0
0
0
0
0
0
0
0
0
0
0
0
0
0
0
0
0
0
0
0
0
0
0
0
0
0
0
0
0
0
0
0
0
0
0
0
0
0
0
0
0
0
0
0
0
0
0
0
0
0
0
0
0
0
0
0
0
2.27881e-08
4.40096e-08
6.17692e-08
7.32679e-08
7.34116e-08
5.41274e-08
5.83558e-09
0
0
0
0
0
3.44511e-08
3.6011e-08
1.32298e-08
0
0
0
0
0
0
0
1.72516e-08
4.10838e-08
0
0
0
0
0
0
0
0
0
0
0
0
0
0
1.54812e-07
2.04075e-07
1.97733e-07
1.01406e-07
0
0
0
3.12373e-08
6.87177e-08
0
0
0
0
0
0
0
0
1.38683e-07
7.73779e-08
0
0
0
0
1.82233e-08
0
0
0
0
0
0
0
0
0
9.58143e-10
1.22559e-09
1.15571e-09
5.94343e-10
0
0
0
0
0
0
0
0
0
0
0
0
0
0
0
0
0
0
0
0
0
0
0
0
0
0
0
0
0
0
0
0
0
0
0
0
0
0
0
0
0
0
0
0
0
0
0
0
0
0
0
0
0
0
0
0
0
0
0
0
0
0
0
0
0
0
0
0
0
0
0
0
0
0
0
0
0
0
0
0
0
0
0
0
2.96827e-07
0
0
0
0
0
0
0
0
0
0
0
0
0
0
0
0
0
1.17034e-08
2.94076e-08
4.6563e-08
6.28889e-08
7.63702e-08
8.55017e-08
8.80551e-08
7.9932e-08
5.25e-08
2.34351e-09
0
0
0
0
2.32077e-08
7.78277e-08
1.19906e-07
1.49246e-07
1.53087e-07
1.24516e-07
7.42731e-08
8.76881e-09
0
0
0
0
0
0
0
0
0
0
0
0
0
0
0
0
0
0
0
4.61562e-08
4.30944e-08
3.77454e-08
5.23084e-08
0
0
0
0
2.80848e-08
0
0
0
0
0
0
5.0127e-08
1.09002e-07
7.04813e-08
0
0
0
0
0
0
8.05801e-09
0
0
0
0
0
0
0
0
0
1.71345e-09
2.66687e-09
3.53357e-09
3.57442e-09
1.09444e-09
0
0
0
0
0
0
0
0
0
0
0
0
0
0
6.84671e-10
0
0
0
0
0
0
0
0
0
0
0
0
0
0
0
0
0
0
0
0
0
0
0
0
0
0
0
0
0
0
0
0
0
0
0
0
0
0
0
0
0
0
0
0
0
0
0
0
0
0
0
0
0
0
0
0
0
0
0
0
0
0
0
0
0
0
0
7.26472e-07
0
0
0
0
0
0
0
0
0
0
0
0
0
0
1.52887e-08
4.84567e-08
7.24043e-08
8.8476e-08
9.91869e-08
1.06603e-07
1.12155e-07
1.14759e-07
1.12909e-07
1.04881e-07
8.56291e-08
5.04596e-08
2.49324e-10
0
0
0
0
3.49909e-08
1.11743e-07
1.96852e-07
2.82108e-07
3.62355e-07
4.00136e-07
3.8806e-07
3.21038e-07
1.75995e-07
0
0
0
0
0
0
0
0
0
0
0
0
0
6.06943e-08
2.30973e-07
1.88178e-07
1.28395e-07
8.34387e-08
4.4663e-08
0
0
0
0
0
0
0
2.82538e-08
6.81881e-08
0
0
0
0
0
1.64841e-07
2.19417e-07
1.26289e-07
0
0
0
0
0
2.02203e-08
5.5621e-08
4.5115e-08
3.20483e-08
2.6081e-08
2.2005e-08
1.50401e-08
6.34329e-09
9.02722e-10
1.26716e-09
4.59506e-09
6.2386e-09
5.47909e-09
5.20727e-09
6.6962e-09
7.05236e-09
2.98814e-09
0
0
0
0
0
0
0
0
0
0
0
0
0
2.20006e-09
6.57624e-09
0
0
0
0
0
0
0
0
0
0
0
0
0
0
0
0
0
0
0
0
0
0
0
0
0
0
0
0
0
0
0
0
0
0
0
0
0
0
0
0
0
0
0
0
0
0
0
0
0
0
0
0
0
0
0
0
0
0
0
0
0
0
0
0
0
0
2.39244e-07
0
0
0
0
0
0
0
0
0
0
0
0
3.97565e-09
3.51347e-08
7.56722e-08
1.16379e-07
1.51253e-07
1.74806e-07
1.85107e-07
1.85526e-07
1.81739e-07
1.7367e-07
1.59213e-07
1.37377e-07
1.04335e-07
5.74759e-08
0
0
0
0
0
6.09572e-09
1.03797e-07
2.21313e-07
3.55079e-07
4.86648e-07
6.06352e-07
6.79479e-07
6.95764e-07
5.82595e-07
3.43518e-07
0
0
0
0
0
0
0
0
0
0
4.34271e-06
5.92941e-06
4.71872e-06
2.94499e-06
1.52818e-06
6.69216e-07
2.17215e-07
1.58418e-08
0
0
0
3.68005e-08
2.54463e-08
0
0
9.37989e-09
1.51442e-07
0
0
0
0
0
0
1.96155e-07
2.42619e-07
1.45024e-07
0
0
0
0
1.18638e-07
1.30592e-07
1.08261e-07
8.23091e-08
6.55956e-08
5.55396e-08
4.60696e-08
3.54599e-08
2.64514e-08
2.12942e-08
1.92819e-08
1.74916e-08
1.33923e-08
8.8592e-09
7.69337e-09
9.44882e-09
8.2995e-09
1.7362e-09
0
0
2.49449e-09
4.51533e-09
1.58042e-09
0
0
0
1.80351e-09
0
0
0
0
4.33736e-09
6.3942e-09
0
0
0
0
0
0
0
0
0
0
0
0
0
0
0
0
0
0
0
0
0
0
0
0
0
0
0
0
0
0
0
0
0
0
0
0
0
0
0
0
0
0
0
0
0
0
0
0
0
0
0
0
0
0
0
0
0
0
0
0
0
0
0
0
0
0
1.52695e-07
2.57069e-07
2.17209e-07
1.05255e-07
1.37682e-09
0
0
0
0
1.03526e-08
2.5927e-08
4.15926e-08
5.7871e-08
7.78223e-08
1.0554e-07
1.43741e-07
1.81836e-07
2.14947e-07
2.40093e-07
2.54442e-07
2.52079e-07
2.36946e-07
2.10556e-07
1.77718e-07
1.35216e-07
8.01699e-08
1.56208e-08
0
0
0
0
0
2.64333e-08
1.46322e-07
2.96624e-07
4.4335e-07
6.12053e-07
7.28448e-07
8.11794e-07
8.24114e-07
7.00725e-07
4.42647e-07
0
0
0
0
0
0
0
0
8.64683e-06
1.29202e-05
8.92226e-06
5.20341e-06
2.66849e-06
1.26289e-06
5.35183e-07
1.35764e-07
0
0
0
0
5.31094e-08
8.66899e-08
0
0
0
1.28224e-07
8.107e-08
0
0
0
0
0
0
1.29783e-07
1.5345e-07
1.02771e-07
4.79369e-08
0
2.2336e-07
2.04441e-07
1.55615e-07
1.11586e-07
7.83236e-08
5.57549e-08
4.03404e-08
3.07853e-08
2.36424e-08
1.93377e-08
1.90032e-08
2.01379e-08
1.9848e-08
1.6792e-08
1.15723e-08
7.49875e-09
6.513e-09
6.6114e-09
2.77384e-09
0
0
3.55966e-09
8.40723e-09
7.95479e-09
2.59153e-09
0
0
2.45173e-09
6.51906e-09
2.39369e-09
0
0
0
4.5062e-09
2.14661e-09
0
0
0
0
0
0
0
0
0
0
0
0
0
0
0
0
0
0
0
0
0
0
0
0
0
0
0
0
0
0
0
0
0
0
0
0
0
0
0
0
0
0
0
0
0
0
0
0
0
0
0
0
0
0
0
0
0
0
0
0
0
0
0
0
2.77403e-06
1.64191e-06
9.07103e-07
5.63685e-07
3.46131e-07
1.42345e-07
2.21438e-08
0
0
0
2.26926e-08
4.73758e-08
7.2796e-08
9.31909e-08
1.09987e-07
1.2629e-07
1.46359e-07
1.75003e-07
2.06935e-07
2.35544e-07
2.58639e-07
2.73456e-07
2.7572e-07
2.58346e-07
2.24274e-07
1.78108e-07
1.23217e-07
5.86036e-08
0
0
0
0
0
0
2.01316e-08
1.43408e-07
2.92589e-07
4.47315e-07
6.07617e-07
7.06293e-07
8.04356e-07
7.80372e-07
7.24769e-07
4.82924e-07
5.04128e-08
0
0
0
0
0
0
8.67549e-06
7.50601e-06
4.40482e-06
2.36177e-06
1.15401e-06
5.15075e-07
1.82764e-07
0
0
0
4.72499e-08
4.72587e-08
6.43068e-08
1.14824e-07
5.01006e-08
0
0
3.35814e-09
5.72869e-08
0
0
0
0
0
0
0
7.14414e-08
5.87254e-08
4.82072e-08
1.48263e-07
3.28806e-07
2.40121e-07
1.67635e-07
1.08701e-07
6.33803e-08
3.2369e-08
1.3543e-08
4.02749e-09
1.49485e-09
2.19024e-09
4.39843e-09
7.98321e-09
1.08576e-08
1.16076e-08
1.04549e-08
8.02603e-09
5.50178e-09
3.04768e-09
6.21426e-10
0
0
1.48798e-09
8.23951e-09
9.52167e-09
5.72042e-09
2.63867e-11
0
1.40539e-10
5.25203e-09
8.65928e-09
4.32071e-09
0
0
1.38339e-09
3.01338e-09
0
0
0
0
0
0
0
0
0
0
0
0
0
0
0
0
0
0
0
0
0
0
0
0
0
0
0
0
0
0
0
0
0
0
0
0
0
0
0
0
0
0
0
0
0
0
0
0
0
0
0
0
0
0
0
0
0
0
0
0
0
0
0
0
1.18514e-06
1.91712e-06
1.55793e-06
9.8524e-07
7.79638e-07
6.8541e-07
4.68876e-07
1.877e-07
4.74371e-08
2.02723e-08
2.82128e-08
4.39633e-08
6.42138e-08
8.87948e-08
1.12299e-07
1.28143e-07
1.4072e-07
1.53251e-07
1.70026e-07
1.91757e-07
2.1439e-07
2.32535e-07
2.43284e-07
2.45497e-07
2.34958e-07
2.05527e-07
1.61361e-07
1.06677e-07
4.37668e-08
0
0
0
0
0
0
0
7.36914e-08
1.95394e-07
3.36301e-07
4.46099e-07
5.62234e-07
6.02543e-07
6.42362e-07
5.80843e-07
4.80865e-07
2.49572e-07
0
0
0
0
0
1.46508e-06
1.65498e-06
1.14102e-06
6.40816e-07
3.14296e-07
1.32123e-07
2.83474e-08
0
0
7.68286e-08
1.54516e-07
1.18318e-07
2.7278e-08
4.22821e-08
6.48143e-08
0
0
0
9.9062e-09
0
0
0
0
0
0
0
9.74495e-08
4.21896e-08
4.44823e-08
1.39959e-07
2.12741e-07
2.09888e-07
1.61139e-07
1.09807e-07
7.54986e-08
5.32593e-08
3.75032e-08
2.51289e-08
1.79178e-08
1.59872e-08
1.47465e-08
1.35145e-08
1.32446e-08
1.29174e-08
1.28188e-08
1.25828e-08
1.13954e-08
7.81005e-09
2.63062e-09
0
0
9.00186e-10
8.60045e-09
1.00678e-08
6.92152e-09
1.46952e-09
0
0
2.55413e-09
7.23196e-09
9.35303e-09
4.99774e-09
5.12464e-10
8.38597e-10
2.70096e-09
3.1932e-10
0
0
0
0
0
0
0
0
0
0
0
0
0
0
0
0
0
0
0
0
0
0
0
0
0
0
0
0
0
0
0
0
0
0
0
0
0
0
0
0
0
0
0
0
0
0
0
0
0
0
0
0
0
0
0
0
0
0
0
0
0
0
0
2.99255e-07
8.54624e-07
1.27601e-06
4.80437e-07
2.62725e-07
4.8589e-07
6.61831e-07
5.17569e-07
2.34265e-07
7.84265e-08
0
0
3.37522e-08
5.49541e-08
7.40772e-08
9.5529e-08
1.09399e-07
1.1835e-07
1.2512e-07
1.32474e-07
1.43242e-07
1.56354e-07
1.68422e-07
1.76097e-07
1.77616e-07
1.70599e-07
1.54055e-07
1.23711e-07
8.03147e-08
2.81636e-08
0
0
0
0
0
0
0
0
6.23439e-08
1.42994e-07
2.29123e-07
2.88313e-07
3.49648e-07
3.66338e-07
3.80237e-07
3.45253e-07
2.82936e-07
2.00834e-07
1.13559e-07
7.84421e-08
1.31513e-07
2.18916e-07
2.23256e-07
1.55841e-07
9.98944e-08
5.94626e-08
2.83989e-08
4.00647e-10
0
7.22355e-08
1.98103e-07
1.85868e-07
2.86829e-08
0
0
1.08473e-07
0
0
0
0
0
0
0
0
0
0
0
0
4.4485e-08
4.57103e-08
7.09721e-08
1.0356e-07
1.09669e-07
9.90511e-08
9.10861e-08
8.80427e-08
7.98435e-08
6.8996e-08
5.63113e-08
4.41592e-08
3.67591e-08
3.19226e-08
2.76384e-08
2.52266e-08
2.38036e-08
2.22534e-08
2.14869e-08
2.10894e-08
1.9312e-08
1.33465e-08
6.46166e-09
2.70339e-09
4.02775e-09
1.10329e-08
1.28381e-08
8.15125e-09
2.6425e-09
0
0
1.31982e-09
4.28241e-09
8.35261e-09
8.62753e-09
4.47213e-09
1.8077e-09
1.94123e-09
1.11648e-09
0
0
0
0
0
0
0
0
0
0
0
0
0
0
0
0
0
0
0
0
0
0
0
0
0
0
0
0
0
0
0
0
0
0
0
0
0
0
0
0
0
0
0
0
0
0
0
0
0
0
0
0
0
0
0
0
0
0
0
0
0
0
0
4.54972e-08
2.77877e-07
6.51527e-07
0
0
0
0
0
0
0
0
0
0
1.91096e-08
3.49736e-08
4.70344e-08
5.93243e-08
6.90521e-08
7.40708e-08
7.76729e-08
8.05131e-08
8.33963e-08
8.75678e-08
9.30672e-08
9.81039e-08
9.96121e-08
9.69082e-08
8.7483e-08
6.98676e-08
4.13314e-08
2.85057e-09
0
0
0
0
0
0
0
0
0
0
1.40921e-08
4.39587e-08
6.84083e-08
9.20259e-08
1.08172e-07
1.18581e-07
1.2431e-07
1.13775e-07
8.57424e-08
2.6674e-08
0
0
0
0
1.75453e-08
1.69077e-08
3.31803e-08
1.19932e-07
2.58248e-07
2.94169e-07
1.70923e-07
0
0
1.11622e-07
6.46866e-08
0
0
0
0
0
0
0
0
0
0
0
0
0
5.17779e-08
6.95409e-08
8.95955e-08
1.0508e-07
1.12979e-07
1.15667e-07
1.16307e-07
1.05849e-07
9.08089e-08
7.30992e-08
5.7573e-08
4.82946e-08
4.23483e-08
3.73753e-08
3.42501e-08
3.30122e-08
3.1849e-08
3.11512e-08
3.13573e-08
3.16185e-08
2.80204e-08
1.97611e-08
1.27602e-08
1.0813e-08
1.52476e-08
1.8018e-08
1.1642e-08
4.40006e-09
0
0
1.71438e-10
2.07833e-09
5.30289e-09
8.28677e-09
6.50569e-09
2.77584e-09
4.38809e-10
0
0
0
0
0
0
0
0
0
0
0
0
0
0
0
0
0
0
0
0
0
0
0
0
0
0
0
0
0
0
0
0
0
0
0
0
0
0
0
0
0
0
0
0
0
0
0
0
0
0
0
0
0
0
0
0
0
0
0
0
0
0
0
0
0
0
0
0
0
0
0
0
0
0
0
0
0
0
1.84578e-10
1.01773e-08
1.54462e-08
1.85229e-08
2.13617e-08
2.41499e-08
2.56395e-08
2.51229e-08
2.31827e-08
2.14157e-08
2.05827e-08
2.04959e-08
2.00951e-08
1.83068e-08
1.46454e-08
7.38687e-09
0
0
0
0
0
0
0
0
0
0
0
0
0
0
0
0
0
0
0
0
0
0
0
0
0
0
1.32669e-08
1.42682e-07
3.3073e-07
4.05524e-07
3.28122e-07
1.33374e-07
5.22242e-08
1.97311e-07
9.7979e-08
3.21325e-08
0
0
0
0
0
0
0
0
0
0
0
0
0
6.40124e-08
7.874e-08
9.01722e-08
1.08435e-07
1.19971e-07
1.15936e-07
1.05369e-07
9.7358e-08
8.69615e-08
7.24667e-08
5.82038e-08
5.04437e-08
4.71507e-08
4.51737e-08
4.32131e-08
4.1742e-08
4.01269e-08
3.90598e-08
3.97734e-08
4.20046e-08
4.19211e-08
3.53086e-08
2.59899e-08
2.04686e-08
2.13881e-08
2.41942e-08
1.79594e-08
8.07017e-09
1.44385e-09
0
0
8.41021e-10
2.7162e-09
6.38047e-09
6.5136e-09
2.95414e-09
0
0
0
0
0
0
0
0
0
0
0
0
0
0
0
0
0
0
0
0
0
0
0
0
0
0
0
0
0
0
0
0
0
0
0
0
0
0
0
0
0
0
0
0
0
0
0
0
0
0
0
0
0
0
0
0
0
0
0
0
0
0
0
0
0
0
0
0
0
0
0
0
0
0
0
0
0
0
0
0
0
0
0
0
0
0
0
0
0
0
0
0
0
0
0
0
0
0
0
0
0
0
0
0
0
0
0
0
0
0
0
0
0
0
2.27014e-08
0
0
0
0
0
0
6.41583e-08
3.34511e-07
4.95277e-07
4.57489e-07
2.75342e-07
9.62182e-08
5.1693e-07
2.62089e-07
9.49468e-08
2.24759e-08
0
0
0
0
0
0
0
0
0
0
0
0
0
9.68797e-08
1.01784e-07
9.72925e-08
1.01215e-07
1.03405e-07
9.64732e-08
8.53737e-08
7.81946e-08
7.63333e-08
7.33399e-08
6.48184e-08
5.59772e-08
5.12597e-08
5.01801e-08
5.14273e-08
5.18593e-08
4.97149e-08
4.67396e-08
4.62732e-08
4.92792e-08
5.24363e-08
4.94158e-08
4.05726e-08
3.23104e-08
2.96495e-08
3.08559e-08
2.55108e-08
1.38503e-08
5.32006e-09
4.60772e-10
0
7.82016e-10
1.4881e-09
5.04465e-09
6.20067e-09
2.75174e-09
0
0
0
0
0
0
0
0
0
0
0
0
0
0
0
0
0
0
0
0
0
0
0
0
0
0
0
0
0
0
0
0
0
0
0
0
0
0
0
0
0
0
0
0
0
0
0
0
0
0
0
0
0
0
0
0
0
0
0
0
0
0
0
0
0
0
0
3.9531e-07
9.21165e-07
0
0
0
0
0
0
0
0
0
0
0
0
0
0
0
0
0
0
0
0
0
0
0
0
0
0
0
0
0
0
0
0
0
0
0
0
0
0
0
0
0
0
0
0
3.34269e-08
1.73526e-07
3.45699e-07
0
0
0
0
0
2.0599e-07
5.18039e-07
5.71192e-07
4.13563e-07
7.99075e-08
5.11624e-07
6.59829e-07
3.62693e-07
1.20802e-07
1.90061e-08
0
0
0
0
0
0
0
2.04269e-07
1.19526e-06
0
0
0
1.03753e-08
1.46055e-07
1.40844e-07
1.25651e-07
1.19759e-07
1.15288e-07
1.05255e-07
9.16479e-08
8.1393e-08
7.82237e-08
7.96441e-08
7.87567e-08
7.22553e-08
6.43361e-08
5.88527e-08
5.7816e-08
5.95713e-08
5.85878e-08
5.42042e-08
5.15162e-08
5.34884e-08
5.84766e-08
5.91887e-08
5.31857e-08
4.48575e-08
3.95263e-08
3.81984e-08
3.2812e-08
2.03986e-08
9.96806e-09
4.08494e-09
1.72788e-09
1.86411e-09
1.74093e-09
5.01687e-09
6.90091e-09
3.25987e-09
0
0
0
0
0
0
0
0
0
0
0
0
0
0
0
0
0
0
0
0
0
0
0
0
0
0
0
0
0
0
0
0
0
0
0
0
0
0
0
0
0
0
0
0
0
0
0
0
0
0
0
0
0
0
0
0
0
0
0
0
0
0
0
0
0
0
2.18073e-07
2.81286e-07
1.50244e-07
0
0
0
0
0
0
0
0
0
0
0
0
0
0
0
0
0
0
0
0
0
0
0
0
0
0
0
0
0
0
0
0
0
0
0
0
0
0
0
0
0
0
0
0
0
6.94186e-08
2.25716e-07
1.47147e-07
0
0
0
0
3.90703e-07
6.26659e-07
5.63185e-07
2.43145e-07
0
1.01301e-06
8.39777e-07
5.12827e-07
1.73667e-07
2.12289e-08
0
0
0
0
0
0
0
6.68594e-07
2.3822e-06
3.81738e-07
0
0
8.41793e-08
1.75997e-07
1.62079e-07
1.4254e-07
1.33667e-07
1.27855e-07
1.19217e-07
1.07502e-07
9.63867e-08
9.01508e-08
9.00841e-08
9.09024e-08
8.78966e-08
8.10943e-08
7.38424e-08
6.83087e-08
6.72611e-08
6.59584e-08
6.08089e-08
5.57936e-08
5.547e-08
6.03252e-08
6.38769e-08
6.13263e-08
5.55838e-08
4.98375e-08
4.6301e-08
3.96067e-08
2.6314e-08
1.44319e-08
7.61096e-09
4.42932e-09
3.72672e-09
3.19253e-09
6.29973e-09
8.98768e-09
5.15596e-09
0
0
0
0
0
0
0
0
0
0
0
0
0
0
0
0
0
0
0
0
0
0
0
0
0
0
0
0
0
0
0
0
0
0
0
0
0
0
0
0
0
0
0
0
0
0
0
0
0
0
0
0
0
0
0
0
0
0
0
0
0
0
0
0
0
0
5.06902e-09
5.48432e-10
0
0
0
0
0
0
0
0
0
0
0
0
0
0
0
0
0
0
0
0
0
0
0
0
0
0
0
0
0
0
0
0
0
0
0
0
0
0
0
0
0
0
0
0
0
0
0
0
4.81377e-08
0
0
0
1.42061e-07
5.47629e-07
6.50496e-07
4.7674e-07
0
7.53197e-09
1.27065e-06
1.06617e-06
6.69238e-07
2.33007e-07
3.20525e-08
0
0
0
3.9319e-11
3.64017e-08
4.41365e-08
1.11766e-07
9.76464e-07
1.90072e-06
1.30622e-06
0
0
1.65915e-07
2.00815e-07
1.74968e-07
1.50379e-07
1.36463e-07
1.30725e-07
1.25767e-07
1.18641e-07
1.10403e-07
1.04773e-07
1.03384e-07
1.02779e-07
9.9604e-08
9.3701e-08
8.68437e-08
7.94027e-08
7.52657e-08
7.24776e-08
6.68599e-08
6.0067e-08
5.68651e-08
5.94655e-08
6.38525e-08
6.40976e-08
6.15238e-08
5.81757e-08
5.39968e-08
4.5866e-08
3.09751e-08
1.77106e-08
1.01321e-08
6.59192e-09
5.49519e-09
4.99193e-09
8.23618e-09
1.19657e-08
8.20455e-09
5.01779e-10
0
0
0
0
0
0
0
0
0
0
0
0
0
0
0
0
0
0
0
0
0
0
0
0
0
0
0
0
0
0
0
0
0
0
0
0
0
0
0
0
0
0
0
0
0
0
0
0
0
0
0
0
0
0
0
0
0
0
0
0
0
0
0
0
0
0
1.08568e-08
2.11746e-08
1.07891e-08
0
0
0
0
0
0
0
0
0
0
0
0
0
0
0
0
0
0
0
0
0
0
0
0
0
0
0
0
0
0
0
0
0
0
0
0
0
0
0
0
0
0
0
0
0
0
0
0
1.05494e-07
0
4.53742e-07
6.19843e-07
5.93553e-07
3.13282e-07
0
9.78571e-07
1.44753e-06
1.33591e-06
7.43816e-07
1.79063e-07
5.07193e-08
0
0
0
2.53136e-08
7.21709e-08
1.12916e-07
2.99816e-07
8.64047e-07
1.21578e-06
1.37282e-06
0
5.09328e-08
2.0598e-07
2.1362e-07
1.87947e-07
1.61797e-07
1.42868e-07
1.30862e-07
1.2439e-07
1.20489e-07
1.1697e-07
1.14101e-07
1.13084e-07
1.10897e-07
1.068e-07
1.01161e-07
9.46576e-08
8.6018e-08
7.91139e-08
7.45665e-08
6.92602e-08
6.24112e-08
5.72034e-08
5.6782e-08
5.95995e-08
6.09673e-08
6.07806e-08
6.0376e-08
5.78823e-08
4.95731e-08
3.34544e-08
1.8923e-08
1.08603e-08
7.07338e-09
5.86034e-09
5.90403e-09
9.75845e-09
1.47442e-08
1.14491e-08
2.29027e-09
0
0
0
0
0
0
0
0
0
0
0
0
0
0
0
0
0
0
0
0
0
0
0
0
0
0
0
0
0
0
0
0
0
0
0
0
0
0
0
0
0
0
0
0
0
0
0
0
0
0
0
0
0
0
0
0
0
0
0
0
0
0
0
0
0
0
2.52748e-09
1.80385e-08
2.78746e-08
1.19049e-08
0
0
0
0
0
0
0
0
0
0
0
0
0
0
0
0
0
0
0
0
0
0
0
0
0
0
1.11684e-07
0
0
0
0
0
0
0
0
0
0
0
0
0
0
0
0
0
0
0
0
0
6.7694e-07
6.8447e-07
5.80061e-07
4.80361e-07
7.34225e-08
0
1.28723e-06
1.62127e-06
1.53133e-06
5.61956e-07
1.13489e-07
6.83592e-08
3.97195e-08
0
0
0
3.34995e-08
9.39025e-08
2.991e-07
4.67649e-07
6.4634e-07
6.01585e-07
0
1.66761e-07
2.20796e-07
2.14929e-07
1.91148e-07
1.68389e-07
1.50226e-07
1.36001e-07
1.26304e-07
1.21592e-07
1.20272e-07
1.19992e-07
1.18942e-07
1.14713e-07
1.09394e-07
1.04689e-07
1.00042e-07
9.24871e-08
8.30244e-08
7.58838e-08
7.0348e-08
6.44903e-08
5.88678e-08
5.57363e-08
5.58005e-08
5.64247e-08
5.74517e-08
5.92668e-08
5.96738e-08
5.26642e-08
3.58271e-08
1.95136e-08
1.06087e-08
6.18496e-09
4.53894e-09
5.39368e-09
1.0644e-08
1.75219e-08
1.52682e-08
4.81503e-09
0
0
0
0
0
0
0
0
0
0
0
0
0
0
0
0
0
0
0
0
0
0
0
0
0
0
0
0
0
0
0
0
0
0
0
0
0
0
0
0
0
0
0
0
0
0
0
0
0
0
0
0
0
0
0
0
0
0
0
0
0
0
0
0
3.76541e-10
0
0
2.62608e-09
6.23462e-09
4.40715e-09
0
0
0
0
0
0
0
0
0
0
0
0
0
0
0
0
0
0
0
0
0
0
0
0
4.58054e-08
3.04665e-07
3.55231e-07
7.16781e-08
0
0
0
0
0
0
0
0
0
0
0
0
0
0
0
0
0
0
0
0
7.62487e-07
7.78921e-07
5.08234e-07
3.6907e-07
0
7.69761e-07
1.31767e-06
1.73122e-06
1.461e-06
2.96476e-07
9.13122e-08
7.21837e-08
5.09671e-08
2.35777e-08
1.14746e-08
0
0
2.2673e-08
9.63323e-08
1.13367e-07
1.76843e-07
3.06544e-08
1.26575e-07
2.00885e-07
2.13686e-07
2.01258e-07
1.77441e-07
1.59565e-07
1.46704e-07
1.34209e-07
1.2281e-07
1.15976e-07
1.14679e-07
1.16411e-07
1.16155e-07
1.09898e-07
1.02173e-07
9.78879e-08
9.54312e-08
9.15864e-08
8.27629e-08
7.42745e-08
6.83703e-08
6.35097e-08
5.85018e-08
5.39985e-08
5.087e-08
4.912e-08
4.96436e-08
5.25218e-08
5.53641e-08
5.19654e-08
3.65463e-08
1.904e-08
9.34009e-09
4.3139e-09
2.14402e-09
3.35442e-09
9.55046e-09
1.85663e-08
1.86907e-08
8.33664e-09
0
0
0
0
0
0
0
0
0
0
0
0
0
0
0
0
0
0
0
0
0
0
0
0
0
0
0
0
0
0
0
0
0
0
0
0
0
0
0
0
0
0
0
0
0
0
0
0
0
0
0
0
0
0
0
0
0
0
0
0
0
0
0
0
4.8759e-10
0
0
0
0
0
0
0
0
0
0
0
0
0
0
9.3261e-09
2.11419e-08
8.39088e-09
0
0
0
0
0
0
0
0
0
0
0
0
3.66677e-07
7.43607e-07
5.71791e-07
2.868e-07
0
0
0
0
0
0
0
0
0
0
0
0
0
0
0
0
0
0
0
0
5.84464e-07
7.99558e-07
4.66097e-07
3.52673e-07
5.10414e-07
1.05233e-06
1.25643e-06
1.70377e-06
1.08077e-06
1.48401e-07
9.07092e-08
7.31644e-08
5.21579e-08
3.02272e-08
3.12144e-08
2.46587e-08
0
0
1.51453e-09
0
0
5.14097e-08
1.57742e-07
1.88466e-07
1.83055e-07
1.67203e-07
1.52368e-07
1.44631e-07
1.39171e-07
1.30651e-07
1.19136e-07
1.10071e-07
1.06967e-07
1.08724e-07
1.10108e-07
1.03651e-07
9.42279e-08
8.91547e-08
8.76745e-08
8.6332e-08
8.03976e-08
7.24135e-08
6.68555e-08
6.30481e-08
5.90504e-08
5.42103e-08
4.86587e-08
4.36937e-08
4.2085e-08
4.44787e-08
4.84694e-08
4.86487e-08
3.68471e-08
1.91435e-08
8.5086e-09
2.84076e-09
0
7.87754e-10
7.14903e-09
1.79942e-08
2.16631e-08
1.26501e-08
1.05949e-09
0
0
0
0
0
0
0
0
0
0
0
0
0
0
0
0
0
0
0
0
0
0
0
0
0
0
0
0
0
0
0
0
0
0
0
0
0
0
0
0
0
0
0
0
0
0
0
0
0
0
0
0
0
0
0
0
0
0
0
0
0
0
0
4.41681e-10
0
0
0
0
0
0
0
0
0
0
0
0
0
0
4.506e-09
1.23982e-08
9.61763e-09
0
0
0
0
0
0
0
0
0
0
0
0
2.70312e-07
5.20275e-07
4.09011e-07
1.15004e-07
1.73542e-08
4.05337e-09
0
0
0
0
0
0
0
0
0
0
0
0
0
0
0
0
0
0
3.53728e-07
6.80747e-07
4.73426e-07
7.67618e-07
1.14041e-06
9.37703e-07
1.1711e-06
1.51612e-06
4.92595e-07
1.07001e-07
1.01787e-07
8.00852e-08
5.45699e-08
3.40125e-08
4.18846e-08
4.5588e-08
2.12415e-08
0
0
0
0
9.68705e-08
1.49821e-07
1.58941e-07
1.53417e-07
1.4214e-07
1.33176e-07
1.29395e-07
1.28093e-07
1.24769e-07
1.15995e-07
1.06202e-07
1.0161e-07
1.01683e-07
1.02359e-07
9.64801e-08
8.65754e-08
8.09185e-08
7.93889e-08
7.9023e-08
7.53451e-08
6.91211e-08
6.46412e-08
6.20995e-08
5.94519e-08
5.5272e-08
4.84278e-08
4.03376e-08
3.56201e-08
3.60765e-08
3.96776e-08
4.21999e-08
3.5205e-08
1.94916e-08
8.4435e-09
2.49511e-09
0
0
4.09264e-09
1.55596e-08
2.31424e-08
1.70214e-08
4.808e-09
0
0
0
0
0
0
0
0
0
0
0
0
0
0
0
0
0
0
0
0
0
0
0
0
0
0
0
0
0
0
0
0
0
0
0
0
3.23077e-12
5.48824e-12
6.35474e-12
6.16886e-12
5.19062e-12
3.63863e-12
1.69566e-12
0
0
0
0
0
0
0
0
0
0
0
0
0
0
0
0
0
0
0
0
1.45404e-09
1.33037e-09
0
0
0
5.39429e-10
1.4804e-09
1.47348e-09
1.33729e-10
0
0
0
0
0
0
0
5.74213e-09
8.05478e-09
4.38335e-09
3.2533e-09
4.84323e-09
0
0
0
0
0
0
0
0
0
4.32909e-08
7.77151e-08
5.70041e-08
4.55109e-08
6.50238e-08
8.03246e-08
7.0641e-08
4.3936e-08
9.50576e-09
0
0
0
0
0
0
0
0
0
0
0
0
0
0
0
1.36362e-07
5.65374e-07
8.41223e-07
1.29529e-06
7.98671e-07
7.5615e-07
9.82977e-07
1.04055e-06
9.40772e-08
1.02251e-07
1.05314e-07
8.78967e-08
6.34608e-08
4.14365e-08
4.19645e-08
5.1021e-08
4.1366e-08
1.26659e-08
0
0
1.17958e-07
1.51186e-07
1.53123e-07
1.45005e-07
1.32125e-07
1.2405e-07
1.20328e-07
1.18584e-07
1.17099e-07
1.14317e-07
1.08624e-07
1.01354e-07
9.74127e-08
9.6568e-08
9.58409e-08
8.98631e-08
7.98982e-08
7.37264e-08
7.15409e-08
7.10243e-08
6.89862e-08
6.44443e-08
6.119e-08
5.98822e-08
5.86992e-08
5.60249e-08
4.91842e-08
3.87539e-08
3.06896e-08
2.84586e-08
3.02123e-08
3.3577e-08
3.10221e-08
1.93283e-08
9.06623e-09
3.54387e-09
0
0
1.55318e-09
1.21571e-08
2.2544e-08
2.07494e-08
8.90459e-09
7.24379e-11
0
0
0
0
0
0
0
0
0
0
0
0
0
0
0
0
0
0
0
0
0
0
0
0
0
0
0
0
0
0
0
0
4.35322e-12
1.23456e-11
1.72869e-11
1.97935e-11
2.04205e-11
1.9635e-11
1.7836e-11
1.5351e-11
1.24128e-11
9.193e-12
5.7805e-12
2.19461e-12
0
0
0
0
0
0
0
0
0
0
0
0
0
0
0
0
0
0
5.8987e-09
5.61626e-09
0
0
0
0
0
0
0
0
1.98049e-09
5.43794e-09
9.0746e-09
5.02045e-09
0
0
0
4.47122e-09
0
0
0
1.09822e-08
0
0
0
0
0
0
0
0
0
0
1.65416e-09
2.68911e-08
6.79618e-08
9.05311e-08
8.14859e-08
5.10859e-08
2.15184e-08
6.29345e-09
0
0
0
0
0
0
0
0
0
0
0
0
0
0
5.87612e-08
3.02493e-07
7.1762e-07
6.31839e-07
4.90814e-07
5.41715e-07
6.01547e-07
2.48324e-07
6.79863e-08
1.01483e-07
9.94227e-08
8.90665e-08
7.29758e-08
5.5301e-08
4.46092e-08
4.34214e-08
4.26787e-08
3.25905e-08
3.31595e-10
2.30543e-08
2.38434e-07
1.95871e-07
1.50372e-07
1.22215e-07
1.13889e-07
1.13268e-07
1.1203e-07
1.10031e-07
1.07059e-07
1.02238e-07
9.74634e-08
9.31345e-08
9.10898e-08
9.05962e-08
9.00794e-08
8.43548e-08
7.4726e-08
6.82666e-08
6.49317e-08
6.34364e-08
6.21791e-08
5.89366e-08
5.66128e-08
5.63217e-08
5.62602e-08
5.51259e-08
4.96044e-08
3.82065e-08
2.73293e-08
2.24327e-08
2.16296e-08
2.40536e-08
2.4785e-08
1.79476e-08
9.92409e-09
5.59609e-09
9.2964e-10
0
4.71365e-10
9.33077e-09
2.03796e-08
2.31912e-08
1.33451e-08
3.04933e-09
0
0
0
0
0
0
0
0
0
0
0
0
0
0
0
0
0
0
0
0
0
0
0
0
0
0
0
0
0
0
5.23537e-12
1.96601e-11
2.95835e-11
3.5685e-11
3.86652e-11
3.92014e-11
3.78874e-11
3.52427e-11
3.17144e-11
2.76403e-11
2.32489e-11
1.8703e-11
1.40784e-11
9.39144e-12
4.56999e-12
0
0
0
0
0
0
0
0
0
0
0
0
0
0
0
0
0
0
0
0
0
0
0
0
0
6.51993e-10
4.35104e-09
1.09727e-08
2.34775e-08
4.045e-08
4.17177e-08
0
0
6.77227e-09
1.94095e-08
8.53249e-09
0
0
1.14886e-09
0
0
0
0
0
0
0
0
0
0
0
1.17599e-08
5.05263e-08
7.17196e-08
5.90256e-08
3.06016e-08
1.36421e-08
8.98716e-09
8.93839e-09
6.71504e-09
4.45712e-10
0
0
0
0
0
0
0
0
0
0
0
3.6973e-08
1.5618e-07
2.95957e-07
2.72926e-07
2.59482e-07
2.67371e-07
2.20477e-07
2.75272e-08
9.35533e-08
9.89331e-08
8.90001e-08
8.04508e-08
7.23864e-08
6.16257e-08
5.01815e-08
3.71755e-08
2.78839e-08
2.91899e-08
1.34886e-08
1.21598e-08
1.06183e-07
1.21292e-07
1.10032e-07
1.07725e-07
1.08348e-07
1.07123e-07
1.04052e-07
1.00752e-07
9.63665e-08
9.08121e-08
8.64205e-08
8.31205e-08
8.20907e-08
8.2243e-08
8.25352e-08
7.86513e-08
7.02014e-08
6.38487e-08
5.96509e-08
5.6989e-08
5.55572e-08
5.304e-08
5.13495e-08
5.17579e-08
5.23927e-08
5.23677e-08
4.86297e-08
3.77876e-08
2.5218e-08
1.81583e-08
1.51932e-08
1.52853e-08
1.75722e-08
1.51633e-08
1.03272e-08
7.83568e-09
4.42094e-09
2.17016e-10
1.1954e-09
8.18576e-09
1.80697e-08
2.39404e-08
1.79457e-08
6.59297e-09
9.60409e-10
6.6936e-11
0
0
0
0
0
0
0
0
0
0
0
0
0
0
0
0
0
0
0
0
0
0
0
0
0
0
0
1.95896e-11
3.72127e-11
4.92999e-11
5.67536e-11
6.03621e-11
6.0914e-11
5.91558e-11
5.57429e-11
5.1221e-11
4.60232e-11
4.047e-11
3.47816e-11
2.91062e-11
2.35135e-11
1.80076e-11
1.25133e-11
6.86372e-12
7.28313e-13
0
0
0
0
0
0
0
0
0
0
0
0
0
0
0
0
0
0
0
0
7.61008e-09
1.34985e-08
1.60065e-08
1.36295e-08
3.14343e-09
0
0
0
0
1.96319e-07
9.6341e-08
5.55287e-08
3.22135e-08
4.56906e-09
0
0
0
0
0
0
0
0
0
0
0
0
0
0
7.84973e-09
3.86448e-08
4.57995e-08
2.84213e-08
1.22227e-08
4.6756e-09
4.38903e-10
0
0
6.94434e-09
1.23756e-08
5.08545e-09
9.86071e-10
0
0
0
0
0
0
0
0
8.00934e-09
3.54953e-08
6.94451e-08
7.82874e-08
7.7705e-08
5.8614e-08
0
6.94594e-08
9.38283e-08
9.04941e-08
7.95163e-08
6.92192e-08
6.15827e-08
5.56261e-08
4.93371e-08
4.06393e-08
3.11149e-08
2.62775e-08
2.21729e-08
3.42955e-08
8.63612e-08
1.02019e-07
1.03739e-07
1.0437e-07
1.01709e-07
9.72481e-08
9.26531e-08
8.89357e-08
8.50677e-08
8.0847e-08
7.68704e-08
7.36014e-08
7.24634e-08
7.26096e-08
7.30107e-08
7.09895e-08
6.45635e-08
5.89894e-08
5.47952e-08
5.12623e-08
4.91787e-08
4.70242e-08
4.57042e-08
4.63334e-08
4.71834e-08
4.77143e-08
4.56519e-08
3.66642e-08
2.38767e-08
1.53909e-08
1.12054e-08
8.95828e-09
1.07259e-08
1.15508e-08
9.88297e-09
9.4716e-09
8.02713e-09
4.02879e-09
3.47291e-09
8.80076e-09
1.68391e-08
2.32999e-08
2.17315e-08
1.11055e-08
3.06431e-09
1.16887e-09
1.78088e-09
1.91643e-09
3.98809e-09
0
0
0
0
0
0
0
0
0
0
0
0
0
0
0
0
0
0
0
0
0
0
3.15756e-12
3.63638e-11
5.68112e-11
7.07635e-11
7.9668e-11
8.4144e-11
8.49271e-11
8.28366e-11
7.86581e-11
7.30698e-11
6.66184e-11
5.97319e-11
5.27291e-11
4.58303e-11
3.91747e-11
3.28336e-11
2.68153e-11
2.10614e-11
1.5443e-11
9.73235e-12
3.68192e-12
0
0
0
0
0
0
0
0
0
0
0
0
0
0
0
0
0
0
0
0
4.63758e-09
5.15387e-09
0
0
0
0
0
0
1.09079e-07
1.55129e-07
8.93298e-08
4.3235e-08
1.73874e-08
5.99452e-09
3.76944e-09
7.4024e-10
0
0
0
0
0
0
0
0
0
0
0
2.85743e-09
2.21798e-08
2.37267e-08
1.44175e-08
1.44693e-08
1.24983e-08
7.50565e-09
4.38931e-09
1.38406e-10
0
6.04738e-09
3.08118e-08
6.59554e-08
8.6423e-08
5.18386e-08
0
0
0
0
0
0
0
0
0
0
0
0
4.88885e-08
7.50036e-08
7.66067e-08
7.35085e-08
6.77839e-08
5.90826e-08
5.03663e-08
4.47724e-08
4.38803e-08
4.53956e-08
4.52278e-08
4.33228e-08
4.08473e-08
4.8997e-08
7.32865e-08
8.57899e-08
9.02376e-08
8.98234e-08
8.67107e-08
8.23424e-08
7.80568e-08
7.54279e-08
7.3791e-08
7.16723e-08
6.88896e-08
6.57759e-08
6.40551e-08
6.34117e-08
6.33958e-08
6.23486e-08
5.81148e-08
5.38449e-08
4.99666e-08
4.59204e-08
4.32278e-08
4.13479e-08
4.02989e-08
4.08152e-08
4.13719e-08
4.1783e-08
4.08116e-08
3.4188e-08
2.26885e-08
1.37659e-08
9.09895e-09
5.75694e-09
5.69014e-09
8.01071e-09
8.78469e-09
1.01661e-08
1.07122e-08
7.88653e-09
6.51587e-09
1.05027e-08
1.68806e-08
2.22152e-08
2.33215e-08
1.61262e-08
6.2431e-09
1.89367e-09
1.93781e-09
3.18097e-09
6.11969e-09
8.98341e-09
0
0
0
0
0
0
0
0
0
0
0
0
0
0
0
0
0
0
0
0
1.15461e-11
6.42808e-11
8.49893e-11
9.58294e-11
1.0286e-10
1.06701e-10
1.07273e-10
1.04944e-10
1.00334e-10
9.41054e-11
8.68447e-11
7.90231e-11
7.10091e-11
6.30741e-11
5.5413e-11
4.81511e-11
4.13707e-11
3.51005e-11
2.9344e-11
2.40608e-11
1.92326e-11
1.50646e-11
1.29288e-11
0
0
0
0
0
0
0
0
0
0
0
0
0
7.09979e-09
0
0
0
0
0
0
0
0
0
0
0
0
0
0
1.19878e-09
1.56316e-08
1.17662e-08
4.85826e-09
0
0
0
0
0
0
0
0
0
0
0
0
0
0
0
0
3.11164e-08
5.8763e-08
6.09383e-08
5.78206e-08
5.66012e-08
5.36246e-08
2.58333e-08
0
0
0
0
0
0
7.32087e-09
2.38466e-09
0
0
0
0
0
0
0
0
0
1.8225e-08
4.86357e-08
5.45898e-08
5.58498e-08
5.7028e-08
5.60428e-08
5.17516e-08
4.62694e-08
4.22058e-08
4.1428e-08
4.38677e-08
4.62012e-08
4.57519e-08
4.35845e-08
4.69154e-08
5.7938e-08
6.77412e-08
7.21517e-08
7.25392e-08
7.07899e-08
6.78895e-08
6.51244e-08
6.41779e-08
6.40038e-08
6.35191e-08
6.21874e-08
5.97096e-08
5.77076e-08
5.63521e-08
5.56051e-08
5.49245e-08
5.22841e-08
4.92358e-08
4.55524e-08
4.12529e-08
3.81648e-08
3.65998e-08
3.5867e-08
3.61868e-08
3.62315e-08
3.59724e-08
3.53323e-08
3.07235e-08
2.12949e-08
1.29299e-08
8.21793e-09
4.9382e-09
3.40918e-09
5.59867e-09
7.84465e-09
1.03914e-08
1.23854e-08
1.09554e-08
9.47243e-09
1.25364e-08
1.77352e-08
2.14928e-08
2.2535e-08
1.92373e-08
1.073e-08
3.72202e-09
1.37957e-09
1.50025e-09
3.52176e-09
9.51271e-09
5.36913e-09
0
0
0
0
0
0
0
0
0
0
0
0
0
0
0
0
0
0
1.13136e-11
1.2426e-10
1.49522e-10
1.46798e-10
1.40248e-10
1.35503e-10
1.31496e-10
1.26486e-10
1.19909e-10
1.11983e-10
1.03192e-10
9.40253e-11
8.48661e-11
7.59887e-11
6.7565e-11
5.97083e-11
5.24713e-11
4.58968e-11
3.99901e-11
3.47832e-11
3.02724e-11
2.65521e-11
2.3566e-11
1.70998e-11
0
0
0
0
0
0
0
0
0
0
0
0
0
2.79929e-09
8.76262e-09
1.15632e-08
6.55252e-09
0
0
0
0
0
0
0
0
0
0
0
0
0
0
0
0
0
0
0
0
0
0
0
0
0
4.42835e-10
0
0
0
0
2.78025e-09
1.50018e-08
2.11794e-08
2.54326e-08
2.88818e-08
3.23126e-08
3.84037e-08
3.86105e-08
0
0
0
0
0
0
0
0
0
1.121e-08
0
0
0
0
0
0
0
2.07807e-08
3.31026e-08
4.14657e-08
4.77507e-08
5.0593e-08
5.00685e-08
4.78466e-08
4.61496e-08
4.47198e-08
4.28172e-08
4.07703e-08
3.88589e-08
3.71707e-08
3.71219e-08
4.11263e-08
4.81253e-08
5.42192e-08
5.79764e-08
5.97171e-08
5.99858e-08
5.94153e-08
5.86031e-08
5.79734e-08
5.77692e-08
5.77625e-08
5.73772e-08
5.57415e-08
5.40203e-08
5.2703e-08
5.15323e-08
5.07258e-08
4.8919e-08
4.66199e-08
4.30295e-08
3.84608e-08
3.5126e-08
3.3847e-08
3.34257e-08
3.35031e-08
3.31167e-08
3.19888e-08
3.09226e-08
2.76272e-08
2.0273e-08
1.29189e-08
8.31294e-09
5.2976e-09
3.44471e-09
4.92929e-09
7.8293e-09
1.09164e-08
1.36541e-08
1.32472e-08
1.18433e-08
1.42475e-08
1.87887e-08
2.13305e-08
2.06136e-08
1.82195e-08
1.40532e-08
7.54004e-09
2.33468e-09
0
0
3.2636e-09
1.08327e-08
0
0
0
0
0
0
0
0
0
0
0
0
0
0
0
0
0
0
2.37732e-10
2.98308e-10
2.74512e-10
2.31935e-10
1.96192e-10
1.72143e-10
1.5618e-10
1.4396e-10
1.32542e-10
1.21072e-10
1.09538e-10
9.82133e-11
8.73877e-11
7.729e-11
6.80521e-11
5.97479e-11
5.23718e-11
4.5926e-11
4.03539e-11
3.56642e-11
3.18056e-11
2.88062e-11
2.59787e-11
1.79282e-11
5.72711e-13
0
0
0
0
0
0
0
0
0
0
0
0
1.48254e-08
2.41769e-08
2.37887e-08
1.80617e-08
1.00004e-08
1.15705e-09
0
0
0
0
0
0
0
0
0
1.66609e-08
1.34528e-08
2.07484e-09
0
0
0
0
0
0
0
0
0
2.66776e-13
7.87959e-10
2.20333e-09
3.06773e-09
1.93302e-09
0
0
2.78382e-09
7.47856e-09
1.18497e-08
1.50969e-08
1.67638e-08
1.65915e-08
1.50594e-08
1.36339e-08
1.26515e-08
0
0
0
0
0
0
0
0
0
0
0
0
0
0
2.15518e-09
1.27035e-08
2.13667e-08
3.00105e-08
3.71564e-08
4.20109e-08
4.4224e-08
4.35765e-08
4.16287e-08
4.0061e-08
3.84748e-08
3.62394e-08
3.37013e-08
3.12956e-08
2.94395e-08
2.92099e-08
3.16498e-08
3.5642e-08
3.96898e-08
4.31361e-08
4.56167e-08
4.71704e-08
4.80028e-08
4.82851e-08
4.81125e-08
4.80106e-08
4.81231e-08
4.81827e-08
4.73978e-08
4.64401e-08
4.59957e-08
4.5374e-08
4.44599e-08
4.28167e-08
4.06645e-08
3.71183e-08
3.27086e-08
2.96883e-08
2.8816e-08
2.86403e-08
2.85977e-08
2.81336e-08
2.64447e-08
2.45498e-08
2.19515e-08
1.66702e-08
1.1125e-08
7.43708e-09
4.8578e-09
3.36976e-09
4.46543e-09
7.3643e-09
1.03292e-08
1.3138e-08
1.33215e-08
1.18258e-08
1.33278e-08
1.72835e-08
1.92651e-08
1.67866e-08
1.2622e-08
1.16036e-08
1.14597e-08
6.46919e-09
0
0
0
4.04784e-09
1.09892e-08
0
0
0
0
0
0
0
0
0
0
0
0
0
0
0
0
3.6266e-10
5.59964e-10
5.33932e-10
4.36923e-10
3.37836e-10
2.6126e-10
2.09994e-10
1.77487e-10
1.5577e-10
1.39488e-10
1.25314e-10
1.12105e-10
9.96579e-11
8.80416e-11
7.73716e-11
6.77161e-11
5.9126e-11
5.15774e-11
4.50823e-11
3.95508e-11
3.50044e-11
3.12739e-11
2.82987e-11
2.50568e-11
1.87685e-11
8.84553e-12
3.41679e-12
7.32566e-13
0
0
0
0
0
0
0
0
0
0
1.86525e-09
6.07373e-09
3.87423e-09
0
0
0
0
0
0
0
0
0
0
0
8.54174e-09
3.88803e-08
4.61297e-08
3.56331e-08
1.92686e-08
5.5663e-09
0
0
0
0
2.98417e-09
7.67376e-09
1.17539e-08
1.45111e-08
1.59863e-08
1.65648e-08
1.60651e-08
1.38257e-08
9.95705e-09
5.48409e-09
1.78064e-09
0
0
0
0
0
0
6.1827e-09
0
0
0
0
0
0
0
0
0
0
0
0
0
0
7.37949e-09
1.25627e-08
1.57455e-08
2.04997e-08
2.56843e-08
2.96265e-08
3.16449e-08
3.13467e-08
2.90408e-08
2.67944e-08
2.5452e-08
2.4324e-08
2.3078e-08
2.14904e-08
1.8951e-08
1.54393e-08
1.26542e-08
1.23365e-08
1.43542e-08
1.75558e-08
2.08254e-08
2.36997e-08
2.61553e-08
2.8027e-08
2.93305e-08
3.03189e-08
3.12082e-08
3.20729e-08
3.28112e-08
3.29149e-08
3.27604e-08
3.30077e-08
3.34816e-08
3.31989e-08
3.19746e-08
2.99384e-08
2.6447e-08
2.25244e-08
2.03027e-08
1.99077e-08
1.98675e-08
1.98779e-08
1.97302e-08
1.80662e-08
1.53563e-08
1.27643e-08
9.00428e-09
5.48602e-09
3.85826e-09
2.2962e-09
8.84808e-10
1.5651e-09
4.40473e-09
7.42256e-09
1.03825e-08
1.12384e-08
9.48304e-09
9.46934e-09
1.24806e-08
1.48031e-08
1.20427e-08
5.82571e-09
4.17107e-09
1.04105e-08
1.21208e-08
3.7372e-09
0
0
0
1.05379e-08
1.25199e-08
0
0
0
0
0
0
0
0
0
0
0
0
0
0
2.95597e-10
9.16781e-10
9.8788e-10
8.41225e-10
6.45647e-10
4.72521e-10
3.43185e-10
2.56331e-10
2.0177e-10
1.67498e-10
1.44137e-10
1.26509e-10
1.1181e-10
9.88056e-11
8.70489e-11
7.64418e-11
6.69424e-11
5.85572e-11
5.12249e-11
4.49381e-11
3.95803e-11
3.51871e-11
3.14985e-11
2.84381e-11
2.48999e-11
1.97526e-11
1.24924e-11
7.14403e-12
3.69552e-12
1.84428e-12
6.05845e-13
0
0
0
0
0
0
0
0
0
0
0
0
0
0
0
0
0
0
0
0
0
0
2.72511e-09
2.10171e-08
3.49735e-08
4.30301e-08
4.19604e-08
3.29237e-08
2.374e-08
2.07667e-08
2.54919e-08
3.5431e-08
4.6758e-08
5.62103e-08
6.10676e-08
5.94531e-08
5.20363e-08
4.12866e-08
2.9801e-08
1.91513e-08
1.03559e-08
4.89589e-09
4.4151e-09
9.20895e-09
1.67332e-08
2.39168e-08
2.80534e-08
2.68732e-08
2.05849e-08
1.03372e-08
0
0
0
0
0
0
0
2.20272e-09
1.17856e-08
1.81361e-08
2.27131e-08
2.35322e-08
1.9189e-08
1.64956e-08
1.63301e-08
1.54029e-08
1.40917e-08
1.33053e-08
1.24847e-08
1.03362e-08
5.55248e-09
0
0
0
0
0
0
0
0
0
0
0
0
0
0
0
0
0
4.49423e-10
2.33698e-09
4.08734e-09
5.77799e-09
7.27419e-09
8.15109e-09
8.4888e-09
8.82946e-09
9.61097e-09
1.05459e-08
1.1328e-08
1.0688e-08
8.21515e-09
5.76212e-09
5.04309e-09
5.3388e-09
5.48733e-09
5.70607e-09
6.22463e-09
5.48189e-09
2.8109e-09
1.9617e-10
0
0
0
0
0
0
0
1.02045e-09
4.67001e-09
6.83292e-09
5.19683e-09
3.23828e-09
4.5032e-09
7.58774e-09
7.16406e-09
1.12042e-09
0
3.13869e-09
1.24796e-08
9.40635e-09
0
0
0
2.50352e-09
2.07441e-08
1.12122e-08
0
0
0
0
0
0
0
0
0
0
0
0
0
1.29575e-09
1.70948e-09
1.57249e-09
1.24799e-09
9.15713e-10
6.44336e-10
4.47307e-10
3.15468e-10
2.32726e-10
1.82593e-10
1.51354e-10
1.29815e-10
1.13166e-10
9.92515e-11
8.71553e-11
7.65178e-11
6.71454e-11
5.89672e-11
5.18612e-11
4.58126e-11
4.06413e-11
3.63923e-11
3.26983e-11
2.9543e-11
2.58209e-11
2.13046e-11
1.51603e-11
1.03495e-11
6.56209e-12
4.44306e-12
2.81794e-12
1.9882e-12
8.97085e-13
1.67959e-13
0
0
0
0
0
0
0
0
0
0
0
0
0
0
0
0
0
0
0
0
0
0
2.17168e-08
5.21641e-08
5.96356e-08
5.7886e-08
5.97744e-08
6.8827e-08
8.20565e-08
9.41917e-08
9.915e-08
9.46472e-08
8.15787e-08
6.24693e-08
4.16018e-08
2.32328e-08
1.0991e-08
8.42339e-09
1.83907e-08
4.05811e-08
6.88364e-08
9.36812e-08
1.07573e-07
1.07518e-07
9.48577e-08
7.6461e-08
6.15199e-08
5.37391e-08
4.83253e-08
3.69155e-08
1.82021e-08
0
0
0
0
0
4.85422e-11
5.58932e-09
7.62444e-09
7.85341e-09
7.89852e-09
6.52128e-09
2.6537e-09
0
0
0
0
0
0
0
0
0
0
0
0
0
0
0
0
0
0
0
0
0
0
0
0
0
0
0
0
0
0
0
0
0
0
0
0
0
0
0
0
0
0
0
0
0
0
0
0
0
0
0
0
0
1.29071e-09
1.32426e-09
0
0
0
3.46604e-09
1.64467e-09
0
0
5.59469e-09
1.1206e-08
3.76744e-09
0
0
0
1.53695e-08
2.59242e-08
2.95649e-09
0
0
0
0
0
0
0
0
0
0
0
2.02858e-09
3.07522e-09
3.03876e-09
2.5166e-09
1.88905e-09
1.33549e-09
9.11162e-10
6.12372e-10
4.14742e-10
2.90878e-10
2.16497e-10
1.72119e-10
1.44007e-10
1.24065e-10
1.08319e-10
9.50265e-11
8.35036e-11
7.34199e-11
6.46564e-11
5.70527e-11
5.05867e-11
4.5028e-11
4.04704e-11
3.63663e-11
3.29056e-11
2.88594e-11
2.4459e-11
1.87835e-11
1.44017e-11
1.00648e-11
8.15319e-12
6.31582e-12
5.65795e-12
4.22382e-12
3.85158e-12
1.52768e-12
0
0
0
0
3.82766e-08
3.28608e-08
3.1509e-08
3.76042e-08
5.02949e-08
6.7614e-08
8.27018e-08
8.24168e-08
5.96136e-08
2.51731e-08
0
0
0
8.27905e-09
5.25249e-08
9.73807e-08
1.25466e-07
1.3099e-07
1.20077e-07
1.03085e-07
8.85898e-08
8.20753e-08
8.53508e-08
9.68058e-08
1.11664e-07
1.23292e-07
1.27581e-07
1.24413e-07
1.16197e-07
1.05886e-07
9.59228e-08
8.83918e-08
8.46271e-08
8.43486e-08
8.62285e-08
8.88156e-08
9.20938e-08
9.59389e-08
9.96113e-08
1.01717e-07
9.97376e-08
8.95429e-08
7.00295e-08
4.36302e-08
1.55936e-08
0
0
0
0
0
0
0
0
0
0
0
0
0
0
0
0
0
0
0
0
0
0
0
0
0
0
0
0
0
0
0
0
0
0
0
0
0
0
0
0
0
0
0
0
0
0
0
0
0
0
0
0
0
0
0
0
0
0
0
0
0
0
0
0
0
0
0
0
0
0
0
0
6.48517e-09
3.49487e-09
0
0
4.48319e-09
7.93794e-09
7.85915e-10
0
0
5.84097e-09
2.33727e-08
2.0657e-08
0
0
0
0
0
0
0
0
0
2.31302e-09
4.86347e-09
6.14245e-09
6.08202e-09
5.1778e-09
3.98424e-09
2.86184e-09
1.9622e-09
1.30612e-09
8.57235e-10
5.64955e-10
3.82979e-10
2.7423e-10
2.10523e-10
1.71922e-10
1.46163e-10
1.26885e-10
1.11167e-10
9.78012e-11
8.62059e-11
7.61699e-11
6.74561e-11
6.00305e-11
5.35972e-11
4.82895e-11
4.33685e-11
3.93091e-11
3.44847e-11
2.9876e-11
2.407e-11
1.97142e-11
1.48654e-11
1.34331e-11
1.10934e-11
1.12196e-11
9.58166e-12
1.16164e-11
7.59126e-12
8.04653e-12
0
0
0
3.32489e-08
3.80144e-08
2.81648e-08
9.88374e-09
0
0
1.73072e-08
4.89755e-08
7.39434e-08
8.03784e-08
6.53136e-08
3.47635e-08
1.76138e-09
0
0
0
0
1.14717e-08
2.10228e-08
2.572e-08
2.7396e-08
2.87027e-08
3.20016e-08
3.87657e-08
4.97044e-08
6.50105e-08
8.38956e-08
1.04411e-07
1.23645e-07
1.38737e-07
1.48434e-07
1.52857e-07
1.53556e-07
1.52642e-07
1.50921e-07
1.49421e-07
1.4814e-07
1.45818e-07
1.40273e-07
1.28287e-07
1.0638e-07
7.29636e-08
3.45221e-08
1.28188e-09
0
0
0
0
0
0
0
0
0
0
0
0
0
0
0
0
0
0
0
0
0
0
0
0
0
0
0
0
0
0
0
0
0
0
0
0
0
0
0
0
0
0
0
0
0
0
0
0
0
0
0
0
0
0
0
0
0
0
0
0
0
0
0
0
0
0
0
0
0
0
0
0
0
1.07721e-08
1.71839e-08
7.528e-09
0
0
1.85541e-09
8.40345e-09
5.00545e-09
0
1.60593e-09
1.31853e-08
2.01244e-08
1.5104e-09
0
0
0
0
0
0
1.1578e-08
1.44607e-08
1.43114e-08
1.37516e-08
1.25523e-08
1.06264e-08
8.32854e-09
6.11027e-09
4.25904e-09
2.86068e-09
1.87529e-09
1.21566e-09
7.92475e-10
5.3169e-10
3.76962e-10
2.8689e-10
2.3279e-10
1.97153e-10
1.70867e-10
1.49698e-10
1.31838e-10
1.16402e-10
1.0304e-10
9.13933e-11
8.14106e-11
7.26447e-11
6.53294e-11
5.84091e-11
5.27002e-11
4.60756e-11
4.03454e-11
3.31517e-11
2.83978e-11
2.21286e-11
2.11224e-11
1.78327e-11
1.93136e-11
1.70479e-11
2.31724e-11
1.70981e-11
2.56651e-11
4.00724e-12
5.02426e-13
0
9.65658e-08
1.28571e-07
1.4695e-07
1.55116e-07
1.55698e-07
1.51937e-07
1.466e-07
1.40252e-07
1.31324e-07
1.17622e-07
9.79777e-08
7.32968e-08
4.71298e-08
2.47426e-08
1.10127e-08
8.11721e-09
1.50553e-08
2.87823e-08
4.56009e-08
6.20633e-08
7.53093e-08
8.34631e-08
8.61016e-08
8.46705e-08
8.29687e-08
8.68709e-08
1.02229e-07
1.31248e-07
1.69096e-07
2.04898e-07
2.27739e-07
2.32574e-07
2.23054e-07
2.08977e-07
1.99336e-07
1.94687e-07
1.90738e-07
1.83058e-07
1.67549e-07
1.40909e-07
1.02634e-07
5.82037e-08
1.61915e-08
0
0
0
0
0
0
0
0
0
0
0
0
0
0
0
0
0
0
0
0
0
0
0
0
0
0
0
0
0
0
0
0
0
0
0
0
0
0
0
0
0
0
0
0
0
0
0
0
0
0
0
0
0
0
0
0
0
0
0
0
0
0
0
0
0
0
0
0
0
0
0
0
0
0
1.08465e-08
2.80529e-08
2.3906e-08
3.9994e-09
0
0
4.32787e-09
1.67286e-08
1.51209e-08
7.46426e-09
4.5948e-09
4.15356e-09
0
0
0
0
0
0
2.33456e-08
4.20937e-08
4.50176e-08
3.79003e-08
3.0527e-08
2.40351e-08
1.83461e-08
1.34555e-08
9.47323e-09
6.43695e-09
4.25647e-09
2.76595e-09
1.78825e-09
1.17071e-09
7.94968e-10
5.73473e-10
4.43434e-10
3.63123e-10
3.08331e-10
2.66855e-10
2.33092e-10
2.04501e-10
1.79836e-10
1.58513e-10
1.39934e-10
1.23961e-10
1.09853e-10
9.79413e-11
8.6704e-11
7.7312e-11
6.7007e-11
5.86216e-11
4.81309e-11
4.23433e-11
3.31568e-11
3.24669e-11
2.74088e-11
3.08357e-11
2.66914e-11
3.88989e-11
2.8937e-11
5.58173e-11
1.41288e-11
2.63931e-11
0
0
0
8.30991e-08
1.45016e-07
1.85004e-07
2.07302e-07
2.17688e-07
2.21887e-07
2.24015e-07
2.25861e-07
2.27409e-07
2.28201e-07
2.27964e-07
2.27056e-07
2.26858e-07
2.28673e-07
2.33639e-07
2.42571e-07
2.56023e-07
2.71677e-07
2.8592e-07
2.95603e-07
2.99367e-07
2.9847e-07
2.96424e-07
2.97824e-07
3.05611e-07
3.13796e-07
3.03919e-07
2.48752e-07
1.378e-07
0
0
0
0
0
0
0
1.67281e-09
0
0
0
0
0
0
0
0
0
0
0
0
0
0
0
0
0
0
0
0
0
0
0
0
0
0
0
0
0
0
0
0
0
0
0
0
0
0
0
0
0
0
0
0
0
0
0
0
0
0
0
0
0
0
0
0
0
0
0
0
0
0
0
0
0
0
0
0
0
0
0
0
0
0
0
0
0
0
8.46381e-09
2.85281e-08
3.37869e-08
1.58183e-08
0
0
0
1.65731e-08
2.72611e-08
1.75012e-08
0
0
0
0
0
0
2.82068e-08
7.7138e-08
1.18022e-07
1.39707e-07
1.33974e-07
1.0343e-07
7.55524e-08
5.38072e-08
3.76256e-08
2.5812e-08
1.73444e-08
1.14277e-08
7.41394e-09
4.77233e-09
3.08573e-09
2.04175e-09
1.41417e-09
1.04254e-09
8.17524e-10
6.7123e-10
5.66577e-10
4.85152e-10
4.18545e-10
3.62115e-10
3.14563e-10
2.74126e-10
2.39308e-10
2.09439e-10
1.83228e-10
1.6069e-10
1.39822e-10
1.21938e-10
1.0367e-10
8.91453e-11
7.18762e-11
6.27797e-11
4.84589e-11
4.53429e-11
3.75204e-11
4.26332e-11
3.50312e-11
5.34687e-11
3.70006e-11
8.76583e-11
2.04154e-11
8.49406e-11
0
0
0
5.1915e-08
9.52634e-08
1.20966e-07
1.33385e-07
1.39526e-07
1.45579e-07
1.55318e-07
1.7088e-07
1.92094e-07
2.15872e-07
2.38854e-07
2.57329e-07
2.68143e-07
2.69593e-07
2.61906e-07
2.47163e-07
2.3015e-07
2.19239e-07
2.18889e-07
2.28608e-07
2.43673e-07
2.59257e-07
2.74065e-07
2.89211e-07
2.98568e-07
2.97842e-07
2.82663e-07
2.4861e-07
1.9004e-07
1.04724e-07
0
0
0
0
0
0
0
0
0
0
0
0
0
0
0
0
0
0
0
0
0
0
0
0
0
0
0
0
0
0
0
4.29504e-08
1.08134e-07
9.17776e-08
4.63934e-08
9.14465e-09
0
0
1.58277e-08
2.21252e-08
5.13068e-09
0
0
0
0
0
0
0
0
0
0
0
0
0
0
0
0
0
0
0
0
0
0
0
0
0
0
0
0
0
0
0
0
0
0
0
0
0
6.46738e-09
1.68407e-09
0
0
0
0
0
4.61546e-09
1.84418e-08
2.62146e-08
1.96795e-08
4.00797e-09
0
0
1.62699e-08
2.79947e-08
2.04741e-08
0
0
0
4.50173e-09
6.82369e-08
1.67991e-07
2.75249e-07
3.40988e-07
3.57481e-07
3.45988e-07
2.97605e-07
2.16658e-07
1.51509e-07
1.03541e-07
6.96253e-08
4.61861e-08
3.025e-08
1.95873e-08
1.25862e-08
8.0896e-09
5.27066e-09
3.54535e-09
2.50662e-09
1.87702e-09
1.47792e-09
1.20491e-09
1.00255e-09
8.43228e-10
7.12721e-10
6.0391e-10
5.11091e-10
4.31428e-10
3.6235e-10
3.01958e-10
2.47838e-10
1.99625e-10
1.56128e-10
1.19973e-10
9.03139e-11
7.05643e-11
5.44173e-11
4.7216e-11
3.77541e-11
3.65873e-11
3.10355e-11
3.82106e-11
3.03212e-11
5.24891e-11
3.08124e-11
9.84837e-11
1.07896e-11
1.49338e-10
0
0
0
0
0
0
1.80116e-09
1.51203e-08
2.84785e-08
4.37099e-08
6.36345e-08
9.06118e-08
1.24982e-07
1.63551e-07
1.98688e-07
2.19883e-07
2.17873e-07
1.89585e-07
1.40703e-07
8.48205e-08
3.61317e-08
5.54466e-09
0
1.21244e-08
3.84014e-08
6.85814e-08
9.7792e-08
1.23367e-07
1.43422e-07
1.55295e-07
1.55706e-07
1.41281e-07
1.0889e-07
5.76608e-08
0
0
0
0
0
0
0
0
0
0
0
0
0
0
0
0
0
0
0
0
0
0
0
0
9.92888e-09
6.63509e-09
0
0
0
7.86369e-08
5.11388e-07
4.72159e-07
2.78454e-07
1.27907e-07
5.39464e-09
0
0
0
4.00452e-09
0
0
0
0
0
0
0
0
0
0
0
0
0
0
0
1.80541e-08
4.38501e-08
0
0
0
0
0
0
0
0
0
1.18564e-09
5.04882e-09
7.94258e-09
1.01255e-08
1.2146e-08
1.32028e-08
1.04619e-08
4.54133e-09
4.93182e-10
2.38365e-09
1.15914e-08
2.51334e-08
3.44164e-08
3.27191e-08
2.25353e-08
1.06227e-08
1.43825e-09
0
0
0
1.16756e-08
2.39771e-08
2.82507e-08
2.73743e-08
2.8655e-08
3.42863e-08
4.30018e-08
4.90599e-08
4.10502e-08
1.9689e-08
7.7713e-09
2.93775e-08
1.12118e-07
3.37579e-07
6.95526e-07
8.22085e-07
7.36489e-07
6.31071e-07
5.50697e-07
4.48494e-07
3.19775e-07
2.21937e-07
1.51182e-07
1.0149e-07
6.72719e-08
4.40586e-08
2.85588e-08
1.84005e-08
1.1876e-08
7.76831e-09
5.22229e-09
3.6466e-09
2.64369e-09
1.96189e-09
1.45602e-09
1.05266e-09
7.22669e-10
4.61265e-10
2.70157e-10
1.44846e-10
7.133e-11
3.2488e-11
1.36351e-11
5.34213e-12
1.96814e-12
9.05735e-13
6.77733e-13
8.12088e-13
1.05325e-12
1.20864e-12
1.57522e-12
1.53728e-12
2.17409e-12
1.79991e-12
3.12809e-12
2.35202e-12
6.85151e-12
2.6967e-12
2.82424e-11
0
1.007e-10
0
8.50678e-08
6.47995e-08
3.66903e-08
1.94082e-08
1.72367e-08
2.68673e-08
4.25997e-08
5.87977e-08
7.06838e-08
7.5224e-08
7.21859e-08
6.47738e-08
5.82431e-08
5.67405e-08
6.04333e-08
6.54245e-08
6.60788e-08
5.82712e-08
4.19734e-08
2.15568e-08
3.15803e-09
0
0
0
0
0
0
0
0
0
0
0
0
0
0
0
0
0
0
0
0
0
0
2.98897e-07
3.89118e-07
3.57655e-07
3.02626e-07
2.47868e-07
1.99751e-07
1.62252e-07
1.38395e-07
1.2968e-07
1.35717e-07
1.53806e-07
1.76471e-07
1.86311e-07
1.40001e-07
0
0
0
0
0
3.70871e-07
4.10689e-07
2.76743e-07
1.47198e-07
0
0
0
0
0
0
0
0
0
0
6.44698e-08
1.03437e-07
1.1375e-07
1.00971e-07
7.90301e-08
5.79417e-08
4.09289e-08
3.09087e-08
2.79677e-08
2.79088e-08
2.76611e-08
1.82676e-08
0
0
0
0
9.50102e-09
4.57307e-08
7.46551e-08
9.61438e-08
1.07404e-07
1.14405e-07
1.24888e-07
1.44693e-07
1.7383e-07
1.9202e-07
1.81768e-07
1.58756e-07
1.35526e-07
1.17489e-07
1.07823e-07
1.1054e-07
1.30407e-07
1.60697e-07
1.80741e-07
1.78275e-07
1.5561e-07
1.17209e-07
7.74153e-08
4.74675e-08
3.48804e-08
5.38028e-08
1.0798e-07
1.71089e-07
2.03199e-07
2.12095e-07
2.18934e-07
2.31391e-07
2.43144e-07
2.44002e-07
2.20648e-07
1.74362e-07
1.25372e-07
1.16464e-07
1.75217e-07
2.44709e-07
3.02818e-07
3.41858e-07
3.67821e-07
3.86306e-07
3.97051e-07
3.63473e-07
2.81711e-07
2.05347e-07
1.41355e-07
9.18886e-08
5.63288e-08
3.24855e-08
1.75805e-08
8.91853e-09
4.25234e-09
1.91946e-09
8.27153e-10
3.406e-10
1.30392e-10
4.14387e-11
5.19196e-12
0
0
0
0
0
0
0
0
0
0
0
0
0
0
0
0
0
1.58522e-14
0
1.68807e-13
0
5.46268e-13
0
3.33802e-12
0
2.13683e-11
0
6.43522e-08
7.04301e-08
5.05611e-08
2.40793e-08
1.20129e-08
2.49691e-08
5.26458e-08
7.00132e-08
5.89257e-08
2.01195e-08
0
0
0
0
0
0
0
0
0
0
0
0
0
0
0
0
0
0
0
0
0
0
0
0
0
0
0
0
0
0
0
0
7.67975e-08
1.076e-07
1.03789e-07
1.06185e-07
1.1468e-07
1.22657e-07
1.23115e-07
1.13326e-07
9.90678e-08
9.49677e-08
1.12486e-07
1.5753e-07
2.19605e-07
2.02797e-07
0
0
0
0
8.00129e-08
3.46534e-08
4.63382e-08
3.06427e-08
5.67041e-09
2.22666e-08
9.47802e-10
0
0
0
0
0
0
0
0
0
8.65618e-08
2.84811e-07
3.88589e-07
3.91675e-07
3.37199e-07
2.66181e-07
2.0398e-07
1.68082e-07
1.56678e-07
1.55153e-07
1.41592e-07
7.23624e-08
0
0
0
0
8.37325e-08
1.95566e-07
2.90507e-07
3.25489e-07
2.96541e-07
2.54754e-07
2.34453e-07
2.29573e-07
2.17305e-07
1.94958e-07
1.75912e-07
1.69762e-07
1.69172e-07
1.5171e-07
1.17874e-07
9.53205e-08
9.65829e-08
1.04068e-07
9.63356e-08
7.32186e-08
5.01458e-08
3.73958e-08
3.08967e-08
2.17954e-08
1.18216e-08
7.67226e-09
1.33427e-08
2.92111e-08
4.47904e-08
4.98351e-08
4.67123e-08
4.09712e-08
3.37719e-08
2.71047e-08
2.3098e-08
1.82066e-08
8.95898e-09
1.37259e-09
1.7266e-09
9.40406e-09
2.09519e-08
3.59394e-08
5.4748e-08
7.57783e-08
9.07878e-08
8.24022e-08
5.94406e-08
3.50708e-08
1.75488e-08
7.77521e-09
3.09803e-09
1.08947e-09
3.10849e-10
4.51788e-11
0
0
0
0
0
0
0
0
0
0
0
0
0
0
0
0
0
0
0
0
0
0
0
0
0
0
0
0
1.1868e-13
0
1.53459e-12
0
1.75111e-11
0
0
0
0
0
0
0
0
0
0
0
8.75005e-09
8.01371e-09
0
0
0
0
0
0
0
0
0
0
0
0
0
0
0
0
0
0
0
0
0
0
0
0
0
0
0
0
0
0
0
0
3.55033e-08
8.9849e-08
1.51976e-07
2.19393e-07
2.86655e-07
3.5016e-07
3.95447e-07
3.82987e-07
2.78076e-07
1.41278e-07
4.39277e-08
0
0
0
0
2.59172e-08
2.92195e-08
0
3.58789e-08
3.38376e-08
4.99477e-09
0
0
3.08808e-08
0
0
0
0
0
0
0
0
0
0
8.8765e-08
1.70694e-07
1.95091e-07
1.82326e-07
1.55248e-07
1.35175e-07
1.21978e-07
1.021e-07
7.67022e-08
5.33269e-08
3.46439e-08
2.33828e-08
8.89978e-09
0
0
0
1.80258e-08
4.2685e-08
4.68783e-08
4.08103e-08
3.33575e-08
2.6765e-08
2.09899e-08
1.75953e-08
1.61356e-08
1.47349e-08
1.18097e-08
6.46039e-09
1.14268e-09
0
2.53697e-09
7.21211e-09
9.55231e-09
8.30187e-09
5.51588e-09
2.77179e-09
0
0
0
0
0
1.42362e-09
4.61164e-09
6.45882e-09
7.42766e-09
7.94579e-09
7.57974e-09
5.60549e-09
1.18335e-09
0
0
0
0
0
0
0
0
4.84488e-09
1.05838e-08
9.15271e-09
5.32245e-09
2.46662e-09
9.86085e-10
3.44109e-10
9.79409e-11
1.51484e-11
0
0
0
0
0
0
0
0
0
0
0
0
0
0
0
0
0
0
0
0
0
0
0
1.25962e-15
0
3.93911e-15
0
1.02351e-14
0
1.40367e-14
1.52382e-14
0
1.13726e-12
0
2.22028e-11
0
0
0
0
0
0
0
0
0
0
0
0
0
2.5783e-08
8.30658e-08
1.30937e-07
1.64474e-07
1.77709e-07
1.6404e-07
1.20748e-07
5.75723e-08
0
0
0
0
0
0
0
0
0
0
0
0
0
0
0
0
0
0
0
0
0
0
0
0
0
1.02385e-08
3.19444e-08
4.30642e-08
4.51175e-08
4.13316e-08
3.42825e-08
2.51102e-08
1.59971e-08
7.86342e-09
1.82687e-09
1.01266e-08
1.85922e-08
0
0
1.77888e-08
0
0
8.58768e-08
3.32609e-08
1.72058e-08
0
0
1.04824e-08
0
0
0
0
0
0
0
0
0
0
0
2.81049e-09
3.96178e-08
4.33857e-08
3.77301e-08
3.56147e-08
2.90413e-08
2.06238e-08
3.5063e-08
6.37425e-08
6.64745e-08
3.49849e-08
0
0
0
0
0
6.10777e-09
1.40532e-08
1.55809e-08
1.28679e-08
9.1389e-09
6.70827e-09
6.42382e-09
6.90141e-09
5.78168e-09
2.59418e-09
0
0
0
0
1.07431e-09
2.40782e-09
2.02489e-09
3.04648e-10
0
0
0
0
0
1.19336e-10
1.03292e-09
7.76998e-10
0
0
0
0
0
0
0
0
0
0
0
0
0
2.74872e-09
5.41819e-09
4.13871e-09
2.23468e-09
1.04096e-09
4.75025e-10
2.27997e-10
1.16658e-10
6.24331e-11
3.43085e-11
1.92617e-11
1.10832e-11
6.58441e-12
4.07494e-12
2.62802e-12
1.75389e-12
1.19899e-12
8.32447e-13
5.8249e-13
4.09356e-13
2.87287e-13
2.01911e-13
1.40281e-13
9.76702e-14
6.59754e-14
4.5851e-14
2.94157e-14
2.13762e-14
1.20543e-14
1.0652e-14
3.85543e-15
6.76869e-15
0
6.97492e-15
0
1.35435e-14
0
4.48459e-14
0
1.8784e-13
0
2.51539e-13
6.9013e-13
0
2.63232e-11
0
0
0
0
0
0
0
0
0
0
0
0
0
0
0
0
0
0
0
0
0
0
0
0
0
0
0
0
0
0
0
0
0
0
0
0
0
0
0
0
0
0
0
0
0
0
1.1054e-09
2.7145e-09
4.44483e-09
6.15037e-09
7.08024e-09
7.39862e-09
5.94218e-09
6.24504e-09
3.70588e-09
7.26873e-09
3.39751e-08
3.46305e-08
0
0
4.19943e-10
0
0
1.23742e-07
2.50128e-08
0
0
0
0
0
0
4.89902e-08
3.79896e-07
1.70263e-07
0
0
0
0
0
0
0
0
0
0
0
0
0
2.2904e-08
4.87512e-08
3.90888e-08
4.29064e-09
0
0
0
0
0
1.99954e-10
6.72703e-09
8.68908e-09
7.11406e-09
5.08422e-09
4.4058e-09
4.50468e-09
4.03679e-09
2.25978e-09
0
0
0
0
0
5.20349e-10
6.34806e-10
0
0
0
0
0
0
0
3.9792e-10
3.3244e-11
0
0
0
0
0
0
0
0
0
0
0
0
2.004e-09
3.48094e-09
2.97359e-09
1.78171e-09
8.60853e-10
3.94759e-10
1.97179e-10
1.153e-10
7.46308e-11
4.95702e-11
3.28188e-11
2.16762e-11
1.44209e-11
9.71902e-12
6.64882e-12
4.59585e-12
3.19793e-12
2.22884e-12
1.55152e-12
1.07378e-12
7.37868e-13
5.0112e-13
3.36066e-13
2.21623e-13
1.43387e-13
9.14401e-14
5.64139e-14
3.50141e-14
2.00788e-14
1.28107e-14
6.09698e-15
4.99734e-15
1.0182e-15
3.06718e-15
0
4.42968e-15
0
1.39322e-14
0
7.12312e-14
0
4.45554e-13
0
1.75716e-12
0
0
1.89977e-11
0
0
0
0
0
0
0
0
0
4.07466e-10
1.21337e-09
1.60746e-09
1.58982e-09
1.26329e-09
7.89744e-10
3.12951e-10
0
0
0
0
0
0
0
0
0
0
1.15043e-11
5.62268e-10
9.33793e-10
1.0902e-09
1.06509e-09
8.59922e-10
5.48648e-10
2.19881e-10
0
0
0
3.00046e-10
6.31646e-10
6.27011e-10
3.86306e-10
5.51871e-10
1.06836e-09
1.43012e-09
1.19821e-09
4.0521e-10
0
0
3.74609e-10
2.6122e-09
5.28188e-09
8.13299e-09
9.87881e-09
1.37019e-08
1.28428e-08
2.89246e-08
7.13465e-08
5.86389e-08
0
0
0
0
0
1.57995e-07
2.21584e-08
0
0
0
0
0
0
3.33363e-07
8.01545e-07
3.31306e-07
0
0
0
0
0
0
0
0
0
0
0
0
0
0
1.73888e-09
0
0
0
0
0
0
0
3.51448e-09
5.87993e-09
5.17784e-09
2.81331e-09
1.33771e-09
1.13822e-09
9.92454e-10
2.86376e-10
0
0
0
0
0
1.34641e-11
4.64204e-10
4.50361e-10
1.21637e-10
0
0
0
1.21141e-10
5.06722e-10
5.46253e-10
2.66663e-10
0
0
0
0
0
0
0
0
7.61146e-11
8.68972e-10
1.44139e-09
1.74469e-09
1.68749e-09
1.33208e-09
8.7944e-10
4.68954e-10
2.08527e-10
8.52973e-11
4.40973e-11
3.23919e-11
2.7873e-11
2.3583e-11
1.89374e-11
1.45641e-11
1.08715e-11
7.96671e-12
5.76268e-12
4.13172e-12
2.9349e-12
2.06612e-12
1.43786e-12
9.87988e-13
6.67183e-13
4.42217e-13
2.8575e-13
1.79486e-13
1.08496e-13
6.2302e-14
3.35613e-14
1.59131e-14
6.63103e-15
1.34887e-15
0
0
0
0
0
0
0
0
0
0
1.70004e-14
0
2.70853e-13
0
2.00485e-12
0
0
3.58808e-12
0
0
0
0
0
0
0
0
0
0
0
0
0
0
0
0
0
0
0
0
0
0
0
0
0
0
0
0
0
0
0
0
0
1.05742e-09
2.30595e-09
3.39957e-09
4.62575e-09
5.86653e-09
6.38978e-09
5.06917e-09
1.8845e-09
0
0
0
0
0
0
0
0
0
0
0
6.42226e-10
4.29234e-09
6.90024e-09
3.59068e-08
1.01589e-07
1.14212e-07
0
0
1.41815e-08
0
0
2.4095e-07
8.72405e-08
0
0
0
0
0
0
2.70115e-06
3.55667e-06
1.79409e-06
7.93224e-07
3.26488e-07
0
0
0
0
0
0
0
0
0
0
0
0
0
5.34041e-09
1.22005e-08
1.01108e-08
7.55647e-09
8.7552e-09
8.80954e-09
3.28476e-09
0
0
0
0
0
0
0
0
0
0
0
0
6.17697e-11
6.15066e-10
1.12447e-09
1.41856e-09
1.5281e-09
1.54868e-09
1.53575e-09
1.50552e-09
1.46963e-09
1.3689e-09
1.21448e-09
1.08123e-09
1.03346e-09
9.85909e-10
8.94227e-10
7.8208e-10
7.23649e-10
7.86469e-10
9.38895e-10
1.09249e-09
1.11622e-09
9.87189e-10
7.71866e-10
5.39398e-10
3.36972e-10
1.90469e-10
1.02894e-10
5.05404e-11
2.20652e-11
9.74545e-12
6.45905e-12
6.94618e-12
7.70647e-12
7.51654e-12
6.58429e-12
5.35848e-12
4.15241e-12
3.11536e-12
2.28112e-12
1.63814e-12
1.15374e-12
7.96754e-13
5.37671e-13
3.53158e-13
2.24006e-13
1.3613e-13
7.7958e-14
4.10785e-14
1.89806e-14
6.75061e-15
8.6259e-16
0
0
0
0
0
0
0
0
0
0
0
0
0
0
0
0
0
6.02523e-14
0
0
0
0
0
0
0
0
0
0
0
0
0
0
0
0
0
0
0
0
0
0
0
0
0
0
0
0
0
0
0
0
0
0
0
0
3.49167e-10
2.89228e-09
5.35651e-09
8.03766e-09
1.09142e-08
1.29878e-08
1.23253e-08
6.95026e-09
0
0
0
0
0
0
0
0
0
0
0
0
0
0
0
8.67206e-08
1.69573e-07
0
0
4.77919e-08
0
0
3.94602e-08
1.46756e-08
0
0
0
0
0
2.6816e-06
1.69318e-05
9.10461e-06
1.57692e-06
4.4119e-07
1.72824e-07
0
0
0
0
0
0
0
0
0
0
0
0
0
5.20063e-09
3.98656e-08
6.53926e-08
7.50766e-08
5.57308e-08
1.41148e-08
0
0
0
0
0
0
0
0
0
0
3.87558e-11
6.01507e-10
9.182e-10
1.10088e-09
1.2768e-09
1.42594e-09
1.49405e-09
1.49695e-09
1.48668e-09
1.47817e-09
1.43249e-09
1.33361e-09
1.17951e-09
1.00046e-09
8.52534e-10
7.69163e-10
7.14278e-10
6.54583e-10
5.95265e-10
5.66961e-10
5.6863e-10
5.48615e-10
4.83666e-10
3.63618e-10
2.32234e-10
1.36298e-10
8.35542e-11
5.41302e-11
3.6917e-11
2.5491e-11
1.70737e-11
1.04648e-11
6.05312e-12
3.25997e-12
2.3891e-12
2.1945e-12
2.00981e-12
1.72652e-12
1.39378e-12
1.07278e-12
7.97107e-13
5.75354e-13
4.04585e-13
2.76848e-13
1.83756e-13
1.17571e-13
7.16204e-14
4.07666e-14
2.09569e-14
9.12112e-15
2.72375e-15
0
0
0
0
0
0
0
0
0
0
0
0
0
0
0
0
0
0
0
0
0
0
0
0
0
0
0
0
0
0
0
0
0
0
0
0
0
0
0
0
0
0
0
0
0
0
0
0
0
0
0
0
0
0
0
0
0
0
1.64976e-09
4.6196e-09
9.29595e-09
1.74196e-08
3.14319e-08
4.387e-08
3.74709e-08
1.78689e-08
0
0
0
0
0
0
0
0
0
0
0
0
0
0
0
6.77221e-08
0
5.83009e-09
1.80139e-07
2.93803e-07
0
0
0
2.53526e-07
2.81043e-06
0
0
0
3.83422e-07
1.16878e-05
5.36667e-06
5.6123e-07
1.13201e-07
2.91856e-08
0
0
0
0
0
0
0
0
0
0
0
0
0
0
1.98999e-08
1.22317e-07
2.79624e-07
2.16398e-07
9.61758e-09
0
0
0
0
0
0
0
0
0
0
0
2.55261e-10
4.46906e-10
5.42058e-10
5.95277e-10
6.17969e-10
6.20112e-10
5.92102e-10
5.46708e-10
5.05571e-10
4.66569e-10
4.1232e-10
3.43831e-10
2.71225e-10
2.11015e-10
1.71986e-10
1.46508e-10
1.24512e-10
1.17265e-10
1.45238e-10
1.89155e-10
2.08707e-10
1.88543e-10
1.30355e-10
6.76802e-11
2.84292e-11
1.4037e-11
1.08569e-11
1.1451e-11
1.05662e-11
8.37066e-12
5.66483e-12
3.41282e-12
1.65663e-12
9.04433e-13
6.10254e-13
4.72505e-13
3.78045e-13
2.9535e-13
2.22919e-13
1.62869e-13
1.1546e-13
7.93862e-14
5.28019e-14
3.36854e-14
2.03695e-14
1.13515e-14
5.60442e-15
2.20753e-15
4.8552e-16
0
0
0
0
0
0
0
0
0
0
0
0
0
0
0
0
0
0
0
0
0
0
0
0
0
0
1.72932e-08
9.7112e-09
1.43534e-08
1.65163e-08
1.31687e-08
9.8126e-09
7.50182e-09
5.83336e-09
4.45638e-09
3.30334e-09
2.4261e-09
1.68135e-09
1.44485e-09
1.0555e-09
6.71982e-10
1.97314e-10
7.22374e-11
0
0
0
0
0
0
0
0
4.01578e-09
1.74573e-09
2.82241e-09
3.49289e-09
3.04107e-09
2.45395e-09
2.05401e-09
1.77363e-09
1.48024e-09
1.21596e-09
1.00757e-09
7.95958e-10
7.50444e-10
5.97879e-10
4.36355e-10
1.74792e-10
1.00753e-10
0
0
0
0
0
5.65695e-12
0
0
7.35776e-10
1.3007e-10
3.91684e-10
6.32518e-10
6.31785e-10
5.47949e-10
5.09579e-10
4.93259e-10
4.55409e-10
4.20002e-10
3.91384e-10
3.64915e-10
3.78521e-10
3.19602e-10
2.58225e-10
1.40862e-10
1.08083e-10
0
1.76427e-11
0
1.36088e-11
0
9.33111e-11
0
0
8.62017e-11
0
0
1.55483e-11
3.69186e-11
2.92772e-11
5.06687e-11
8.07158e-11
9.96279e-11
1.28323e-10
1.53064e-10
1.76851e-10
2.04352e-10
1.97592e-10
2.04503e-10
1.65919e-10
1.8419e-10
1.13968e-10
1.8293e-10
4.55105e-11
2.10723e-10
0
3.47584e-10
0
9.11346e-11
9.55598e-12
0
0
0
0
0
0
0
0
0
0
0
0
0
0
0
0
0
0
0
0
0
0
0
0
0
0
0
0
0
0
0
0
0
0
0
0
0
0
0
0
0
0
0
0
0
0
0
0
0
0
0
0
0
0
0
0
0
0
0
0
0
0
0
0
0
0
0
0
0
0
0
0
0
0
0
0
0
0
0
0
0
0
0
0
0
0
0
0
0
0
0
0
0
0
0
0
0
0
0
0
0
0
0
0
0
0
0
0
0
0
0
0
0
0
0
0
0
0
0
0
0
0
0
0
0
0
0
0
0
0
0
0
0
0
0
0
0
0
0
0
0
0
0
0
0
0
0
0
0
0
0
0
0
0
0
0
0
0
0
0
0
0
0
0
0
0
0
0
0
0
0
0
0
0
0
0
0
0
0
0
0
0
0
0
0
0
0
0
0
0
0
0
0
0
0
0
0
0
0
0
0
0
0
0
0
0
0
0
0
0
0
0
0
0
0
0
0
0
0
0
0
0
0
0
0
0
0
0
0
0
0
0
0
0
0
0
0
0
0
0
0
0
0
0
0
0
0
0
0
0
0
0
0
0
0
0
0
0
0
0
0
0
0
0
0
0
0
0
0
0
0
0
0
0
0
0
0
0
0
0
0
0
0
0
0
0
0
0
0
0
0
0
0
0
0
0
0
0
0
0
0
0
0
0
0
0
0
0
0
0
0
0
0
0
0
0
0
0
0
0
0
0
0
0
0
0
0
0
0
0
0
0
0
0
0
0
0
0
0
0
0
0
0
0
0
0
0
0
0
0
0
0
0
0
0
0
0
0
0
0
0
0
0
0
0
0
0
0
0
0
0
0
0
0
0
0
0
0
0
0
0
0
0
0
0
0
0
0
0
0
0
0
0
0
0
0
0
0
0
0
0
0
0
0
0
0
0
0
0
0
0
0
0
0
0
0
0
0
0
0
0
0
0
0
0
0
0
0
0
0
0
0
0
0
0
0
0
0
0
0
0
0
0
0
0
0
0
0
0
0
0
0
0
0
0
0
0
0
0
0
0
0
0
0
0
0
0
0
0
0
0
0
0
0
0
0
0
0
0
0
0
0
0
0
0
0
0
0
0
0
0
0
0
0
0
0
0
0
0
0
0
0
0
0
0
0
0
0
0
0
0
0
0
0
0
0
0
0
0
0
0
0
0
0
0
0
0
0
0
0
0
0
0
0
0
0
0
0
0
0
0
0
0
0
0
0
0
0
0
0
0
0
0
0
0
0
0
0
0
0
0
0
0
0
0
0
0
0
0
0
0
0
0
0
0
0
0
0
0
0
0
0
0
0
0
0
0
0
0
0
0
0
0
0
0
0
0
0
0
0
0
0
0
0
0
0
0
0
0
0
0
0
0
0
0
0
0
0
0
0
0
0
0
0
0
0
0
0
0
0
0
0
0
0
0
0
0
0
0
0
0
0
0
0
0
0
0
0
0
0
0
0
0
0
0
0
0
0
0
0
0
0
0
0
0
0
0
0
0
0
0
0
0
0
0
0
0
0
0
0
0
0
0
0
0
0
0
0
0
0
0
0
0
0
0
0
0
0
0
0
0
0
0
0
0
0
0
0
0
0
0
0
0
0
0
0
0
0
0
0
0
0
0
0
0
0
0
0
0
0
0
0
0
0
0
0
0
0
0
0
0
0
0
0
0
0
0
0
0
0
0
0
0
0
0
0
0
0
0
0
0
0
0
0
0
0
0
0
0
0
0
0
0
0
0
0
0
0
0
0
0
0
0
0
0
0
0
0
0
0
0
0
0
0
0
0
0
0
0
0
0
0
0
0
0
0
0
0
0
0
0
0
0
0
0
0
0
0
0
0
0
0
0
0
0
0
0
0
0
0
0
0
0
0
0
0
0
0
0
0
0
0
0
0
0
0
0
0
0
0
0
0
0
0
0
0
0
0
0
0
0
0
0
0
0
0
0
0
0
0
0
0
0
0
0
0
0
0
0
0
0
0
0
0
0
0
0
0
0
0
0
0
0
0
0
0
0
0
0
0
0
0
0
0
0
0
0
0
0
0
0
0
0
0
0
0
0
0
0
0
0
0
0
0
0
0
0
0
0
0
0
0
0
0
0
0
0
0
0
0
0
0
0
0
0
0
0
0
0
0
0
0
0
0
0
0
0
0
0
0
0
0
0
0
0
0
0
0
0
0
0
0
0
0
0
0
0
0
0
0
0
0
0
0
0
0
0
0
0
0
0
0
0
0
0
0
0
0
0
0
0
0
0
0
0
0
0
0
0
0
0
0
0
0
0
0
0
0
0
0
0
0
0
0
0
0
0
0
0
0
0
0
0
0
0
0
0
0
0
0
0
0
0
0
0
0
0
0
0
0
0
0
0
0
0
0
0
0
0
0
0
0
0
0
0
0
0
0
0
0
0
0
0
0
1.03316e-11
0
0
0
0
0
0
0
0
0
0
0
0
0
0
0
0
0
0
0
0
0
0
0
0
2.51312e-11
0
0
0
0
0
0
0
0
0
0
0
0
0
0
0
0
0
0
0
0
0
0
0
0
3.67245e-11
0
0
0
0
0
0
0
0
0
0
0
0
0
0
0
0
0
0
0
0
0
0
0
0
5.08247e-11
0
0
0
0
0
0
0
0
1.4337e-11
3.56386e-11
4.55943e-11
7.15913e-11
7.26114e-11
1.08354e-10
8.71021e-11
1.44293e-10
7.56579e-11
2.02095e-10
1.46616e-11
2.98748e-10
0
5.05749e-10
0
3.13322e-10
6.93554e-11
0
0
0
0
0
2.11955e-11
4.87005e-11
7.95779e-11
9.40387e-11
1.26408e-10
1.32157e-10
1.59373e-10
1.52821e-10
1.84436e-10
1.60548e-10
2.10395e-10
1.52625e-10
2.5609e-10
1.17157e-10
3.45982e-10
1.27627e-11
5.3245e-10
0
2.19659e-10
8.14196e-11
0
0
0
0
5.73504e-11
1.23825e-10
1.54242e-10
1.83197e-10
1.72405e-10
1.76874e-10
1.6428e-10
1.71939e-10
1.55522e-10
1.73993e-10
1.50255e-10
1.89568e-10
1.42737e-10
2.26308e-10
1.20726e-10
2.99454e-10
5.72711e-11
4.39825e-10
0
6.03746e-11
1.09374e-10
0
4.01574e-11
1.47555e-10
1.81524e-10
2.25887e-10
2.20261e-10
1.90832e-10
1.74392e-10
1.46898e-10
1.32502e-10
1.16738e-10
1.18295e-10
1.05146e-10
1.16495e-10
9.95879e-11
1.28963e-10
9.51176e-11
1.5569e-10
7.9421e-11
2.0153e-10
3.85171e-11
2.8777e-10
0
0
3.09028e-10
0
6.86613e-10
5.02476e-10
2.66809e-10
1.50327e-10
4.6888e-11
0
0
0
0
0
0
0
0
0
2.84422e-12
0
1.9783e-11
0
4.66199e-11
0
9.04295e-11
0
0
1.11289e-09
9.31776e-10
1.31321e-09
3.56698e-10
0
0
0
0
0
0
0
0
0
0
0
0
0
0
0
0
0
0
0
0
0
1.9346e-09
1.65685e-09
8.79763e-10
2.02864e-12
0
0
0
0
0
0
0
0
0
0
0
0
0
0
0
0
0
0
0
0
0
)
;

boundaryField
{
    inlet
    {
        type            zeroGradient;
    }
    outlet
    {
        type            zeroGradient;
    }
    upperWall
    {
        type            zeroGradient;
    }
    lowerWall
    {
        type            zeroGradient;
    }
    frontAndBack
    {
        type            empty;
    }
}


// ************************************************************************* //
