/*--------------------------------*- C++ -*----------------------------------*\
  =========                 |
  \\      /  F ield         | OpenFOAM: The Open Source CFD Toolbox
   \\    /   O peration     | Website:  https://openfoam.org
    \\  /    A nd           | Version:  7
     \\/     M anipulation  |
\*---------------------------------------------------------------------------*/
FoamFile
{
    version     2.0;
    format      ascii;
    class       volScalarField;
    location    "0.075";
    object      p;
}
// * * * * * * * * * * * * * * * * * * * * * * * * * * * * * * * * * * * * * //

dimensions      [0 2 -2 0 0 0 0];

internalField   nonuniform List<scalar> 
12225
(
285.024
284.703
284.122
283.042
281.71
280.204
278.569
276.848
275.083
273.304
271.521
269.725
267.908
266.069
264.206
262.298
260.281
257.99
284.828
284.686
284.129
283.059
281.721
280.21
278.574
276.854
275.089
273.313
271.531
269.737
267.921
266.084
264.224
262.325
260.338
258.167
284.296
284.658
284.132
283.082
281.741
280.227
278.593
276.877
275.115
273.338
271.554
269.758
267.944
266.113
264.265
262.386
260.449
258.424
284.41
284.704
284.171
283.139
281.794
280.271
278.632
276.914
275.152
273.372
271.585
269.79
267.982
266.163
264.331
262.48
260.6
258.697
285.078
284.804
284.238
283.216
281.865
280.331
278.685
276.965
275.202
273.419
271.631
269.838
268.038
266.23
264.419
262.602
260.782
258.984
286.14
284.955
284.336
283.325
281.972
280.423
278.763
277.035
275.267
273.482
271.692
269.902
268.11
266.319
264.532
262.754
260.994
259.279
285.553
285.033
284.488
283.479
282.112
280.542
278.864
277.125
275.352
273.564
271.774
269.987
268.205
266.431
264.672
262.932
261.227
259.58
285.161
285.177
284.705
283.683
282.297
280.703
279
277.242
275.458
273.665
271.874
270.092
268.322
266.568
264.837
263.137
261.483
259.892
283.951
285.375
285.025
283.959
282.527
280.895
279.164
277.386
275.59
273.791
272
270.223
268.465
266.731
265.028
263.365
261.755
260.212
283.954
285.808
285.46
284.314
282.821
281.144
279.373
277.566
275.751
273.942
272.148
270.377
268.632
266.919
265.245
263.618
262.048
260.546
285.283
286.662
286.079
284.781
283.178
281.431
279.616
277.777
275.942
274.123
272.327
270.561
268.828
267.135
265.487
263.892
262.359
260.893
288.026
287.824
286.802
285.306
283.58
281.753
279.884
278.007
276.147
274.314
272.514
270.752
269.031
267.355
265.73
264.163
262.66
261.224
290.155
289.152
287.661
285.909
284.032
282.111
280.181
278.265
276.379
274.531
272.727
270.968
269.256
267.597
265.994
264.452
262.975
261.566
292.694
290.939
288.783
286.701
284.626
282.578
280.566
278.596
276.674
274.806
272.994
271.237
269.536
267.894
266.313
264.797
263.348
261.967
298.315
293.261
290.193
287.695
285.377
283.175
281.063
279.024
277.057
275.162
273.338
271.581
269.89
268.265
266.707
265.218
263.797
262.445
300.191
295.206
291.682
288.842
286.268
283.888
281.656
279.537
277.521
275.598
273.762
272.004
270.319
268.709
267.172
265.707
264.314
262.992
298.873
296.506
293.168
290.086
287.283
284.728
282.37
280.166
278.091
276.132
274.276
272.512
270.834
269.237
267.721
266.281
264.914
263.619
305.794
299.532
294.978
291.388
288.304
285.567
283.089
280.81
278.692
276.71
274.846
273.083
271.413
269.832
268.335
266.917
265.573
264.301
305.773
300.33
295.857
292.166
289.009
286.238
283.739
281.441
279.309
277.321
275.455
273.697
272.037
270.47
268.988
267.589
266.267
265.017
307.116
299.935
295.468
292.045
289.079
286.424
283.997
281.752
279.663
277.707
275.868
274.135
272.499
270.954
269.496
268.113
266.805
265.568
297.673
296.606
294.119
291.451
288.855
286.392
284.085
281.919
279.875
277.946
276.127
274.413
272.793
271.261
269.812
268.443
267.147
265.922
294.691
294.846
293.202
290.955
288.607
286.297
284.086
281.986
279.993
278.102
276.306
274.607
273
271.48
270.043
268.682
267.394
266.176
296.676
294.88
292.9
290.689
288.425
286.207
284.068
282.012
280.056
278.188
276.412
274.728
273.134
271.626
270.198
268.845
267.564
266.351
295.626
294.768
292.782
290.576
288.353
286.185
284.093
282.051
280.128
278.268
276.495
274.821
273.237
271.735
270.313
268.966
267.689
266.48
298.643
295.114
292.734
290.453
288.253
286.123
284.04
282.039
280.108
278.274
276.535
274.874
273.297
271.802
270.384
269.042
267.769
266.564
297.35
295.195
292.763
290.457
288.268
286.145
284.082
282.091
280.148
278.315
276.575
274.919
273.346
271.854
270.44
269.1
267.83
266.626
297.886
295.184
292.655
290.38
288.224
286.132
284.076
282.083
280.16
278.333
276.596
274.944
273.373
271.883
270.472
269.134
267.867
266.665
298.532
295.321
292.653
290.38
288.242
286.146
284.086
282.094
280.179
278.355
276.618
274.964
273.394
271.906
270.496
269.16
267.893
266.692
298.338
295.199
292.592
290.373
288.244
286.143
284.084
282.094
280.185
278.364
276.627
274.972
273.402
271.915
270.508
269.174
267.909
266.708
298.157
295.169
292.574
290.391
288.256
286.148
284.089
282.101
280.195
278.375
276.637
274.981
273.409
271.921
270.514
269.181
267.916
266.717
239.506
239.419
239.305
239.206
239.144
239.122
239.134
239.165
239.187
239.17
239.09
238.934
238.699
238.387
238.013
237.588
237.129
236.648
236.155
235.661
235.176
234.706
234.261
233.848
233.472
233.141
232.856
232.62
232.428
232.275
232.156
232.058
231.964
231.859
231.702
231.481
231.118
230.567
229.97
229.392
228.822
228.274
227.744
227.218
226.718
226.265
225.865
225.517
225.187
224.859
224.537
224.203
223.795
223.294
222.718
222.149
221.657
221.239
220.688
219.943
219.184
218.604
218.191
217.531
216.38
214.864
213.09
211.16
209.157
207.144
205.165
203.248
201.416
199.681
198.055
196.547
195.164
193.91
192.788
191.799
190.94
190.209
189.597
189.095
188.691
188.374
188.131
187.951
187.82
187.729
187.666
187.625
187.598
187.579
187.564
187.549
187.529
187.5
187.458
187.398
187.312
187.195
187.038
186.836
186.58
186.267
185.89
185.447
184.937
184.36
183.717
183.009
182.241
181.414
180.533
179.601
178.624
177.604
176.548
175.46
174.344
173.205
172.046
170.87
169.68
168.479
167.268
166.049
164.821
163.586
162.344
161.094
159.837
158.571
157.297
156.015
154.726
153.428
152.123
150.81
149.49
148.162
146.827
145.485
144.135
142.777
141.411
140.037
138.654
137.263
135.862
134.452
133.033
131.604
130.164
128.715
127.255
125.784
124.303
122.812
121.31
119.797
118.273
116.738
115.193
113.636
112.069
110.491
108.902
107.302
105.692
104.072
102.442
100.804
99.1581
97.5062
95.8502
94.1931
92.5456
90.894
239.337
239.263
239.157
239.066
239.01
238.994
238.999
239.022
239.027
238.985
238.876
238.693
238.437
238.114
237.737
237.317
236.868
236.399
235.919
235.437
234.961
234.5
234.06
233.649
233.272
232.934
232.637
232.383
232.175
232.011
231.881
231.774
231.67
231.556
231.398
231.164
230.832
230.303
229.78
229.433
228.987
228.363
227.72
227.115
226.571
226.105
225.723
225.416
225.112
224.791
224.472
224.172
223.805
223.277
222.668
222.156
221.606
220.916
220.552
220.163
219.257
218.38
217.716
216.844
215.605
214.06
212.303
210.422
208.487
206.549
204.644
202.796
201.021
199.333
197.744
196.265
194.906
193.674
192.574
191.605
190.766
190.049
189.45
188.959
188.567
188.261
188.029
187.858
187.736
187.653
187.597
187.562
187.539
187.524
187.511
187.498
187.48
187.454
187.414
187.356
187.273
187.159
187.005
186.805
186.551
186.239
185.864
185.422
184.913
184.337
183.695
182.99
182.223
181.398
180.519
179.589
178.614
177.596
176.542
175.455
174.339
173.2
172.041
170.866
169.676
168.475
167.265
166.045
164.818
163.583
162.34
161.09
159.832
158.567
157.293
156.012
154.723
153.426
152.121
150.808
149.488
148.161
146.826
145.484
144.134
142.777
141.411
140.037
138.654
137.263
135.862
134.452
133.033
131.604
130.164
128.715
127.255
125.784
124.303
122.812
121.309
119.796
118.273
116.738
115.192
113.636
112.068
110.49
108.901
107.301
105.691
104.071
102.441
100.802
99.1556
97.5027
95.8458
94.1863
92.5352
90.8792
239.567
239.526
239.463
239.398
239.319
239.234
239.148
239.056
238.942
238.788
238.581
238.318
238.006
237.653
237.266
236.852
236.417
235.965
235.502
235.034
234.568
234.112
233.673
233.258
232.876
232.532
232.232
231.98
231.77
231.595
231.448
231.319
231.194
231.059
230.898
230.691
230.431
230.101
229.722
229.309
228.775
228.169
227.611
227.091
226.581
226.1
225.694
225.38
225.071
224.724
224.393
224.098
223.746
223.317
222.806
222.253
221.895
221.347
220.459
219.692
218.839
217.837
216.769
215.575
214.218
212.702
211.058
209.327
207.548
205.753
203.969
202.216
200.512
198.875
197.322
195.869
194.529
193.313
192.227
191.272
190.446
189.746
189.165
188.694
188.322
188.036
187.825
187.673
187.569
187.502
187.459
187.434
187.42
187.411
187.404
187.395
187.381
187.359
187.324
187.271
187.194
187.084
186.936
186.74
186.491
186.182
185.808
185.369
184.861
184.287
183.647
182.944
182.18
181.359
180.485
179.56
178.589
177.576
176.524
175.44
174.326
173.189
172.03
170.855
169.666
168.465
167.255
166.036
164.809
163.574
162.332
161.083
159.826
158.561
157.288
156.007
154.718
153.422
152.118
150.806
149.487
148.16
146.826
145.484
144.135
142.777
141.412
140.038
138.655
137.264
135.863
134.453
133.033
131.604
130.165
128.715
127.255
125.785
124.303
122.812
121.309
119.796
118.272
116.738
115.192
113.635
112.068
110.489
108.9
107.299
105.689
104.068
102.437
100.797
99.1493
97.4939
95.8343
94.1696
92.5106
90.8444
239.765
239.76
239.755
239.685
239.575
239.43
239.255
239.054
238.828
238.577
238.3
237.996
237.665
237.307
236.923
236.517
236.089
235.645
235.188
234.724
234.261
233.804
233.365
232.95
232.568
232.225
231.924
231.666
231.448
231.269
231.121
230.989
230.862
230.728
230.579
230.402
230.193
229.942
229.64
229.291
228.894
228.454
227.978
227.468
226.953
226.456
226.007
225.613
225.221
224.797
224.363
223.991
223.583
223.109
222.864
222.536
221.814
221.039
220.132
219.12
218.035
216.882
215.662
214.354
212.954
211.462
209.891
208.258
206.587
204.898
203.208
201.533
199.89
198.297
196.776
195.345
194.023
192.822
191.751
190.811
190.003
189.323
188.765
188.32
187.975
187.718
187.535
187.411
187.332
187.287
187.263
187.254
187.252
187.252
187.252
187.249
187.24
187.224
187.196
187.151
187.082
186.98
186.839
186.649
186.405
186.099
185.728
185.29
184.784
184.21
183.572
182.873
182.113
181.298
180.431
179.513
178.549
177.542
176.496
175.416
174.306
173.171
172.014
170.84
169.652
168.452
167.242
166.023
164.797
163.563
162.322
161.073
159.817
158.553
157.28
156
154.712
153.417
152.113
150.802
149.484
148.158
146.824
145.483
144.133
142.776
141.411
140.037
138.655
137.263
135.863
134.453
133.033
131.604
130.165
128.715
127.255
125.784
124.303
122.811
121.309
119.796
118.272
116.737
115.191
113.634
112.066
110.488
108.898
107.297
105.686
104.064
102.432
100.791
99.1414
97.4834
95.8201
94.15
92.4813
90.8026
239.946
239.937
239.908
239.834
239.693
239.497
239.273
239.033
238.776
238.498
238.197
237.874
237.529
237.161
236.769
236.355
235.92
235.467
235.001
234.526
234.052
233.586
233.137
232.715
232.33
231.987
231.692
231.445
231.246
231.084
230.952
230.835
230.722
230.602
230.468
230.313
230.134
229.928
229.688
229.42
229.124
228.788
228.407
227.988
227.54
227.071
226.569
226.047
225.504
224.923
224.269
223.575
223.144
222.816
222.381
221.913
221.269
220.401
219.383
218.262
217.077
215.849
214.571
213.228
211.819
210.347
208.822
207.257
205.665
204.056
202.438
200.822
199.222
197.658
196.154
194.735
193.421
192.228
191.166
190.24
189.451
188.794
188.264
187.849
187.538
187.316
187.169
187.079
187.033
187.015
187.016
187.026
187.038
187.05
187.058
187.062
187.062
187.054
187.036
187.001
186.944
186.854
186.722
186.541
186.301
185.999
185.629
185.191
184.684
184.111
183.474
182.776
182.022
181.214
180.354
179.446
178.492
177.493
176.455
175.381
174.276
173.145
171.991
170.819
169.633
168.433
167.224
166.006
164.781
163.548
162.307
161.06
159.805
158.542
157.271
155.992
154.705
153.41
152.108
150.797
149.48
148.154
146.821
145.48
144.132
142.775
141.41
140.036
138.654
137.263
135.862
134.453
133.033
131.604
130.164
128.715
127.255
125.784
124.303
122.811
121.308
119.795
118.271
116.736
115.19
113.633
112.065
110.486
108.896
107.294
105.682
104.06
102.427
100.784
99.1322
97.4713
95.8038
94.1282
92.449
90.7582
240.181
240.165
240.099
239.975
239.805
239.606
239.382
239.132
238.861
238.569
238.257
237.923
237.566
237.185
236.78
236.352
235.904
235.439
234.962
234.479
233.998
233.527
233.077
232.656
232.273
231.936
231.65
231.415
231.229
231.086
230.972
230.872
230.773
230.666
230.544
230.402
230.241
230.06
229.861
229.642
229.4
229.131
228.826
228.483
228.099
227.653
227.141
226.574
225.901
225.1
224.316
223.58
222.849
222.41
221.936
221.312
220.517
219.563
218.49
217.338
216.128
214.87
213.564
212.206
210.798
209.347
207.864
206.357
204.832
203.288
201.725
200.145
198.563
197.003
195.495
194.068
192.75
191.557
190.5
189.585
188.813
188.179
187.677
187.298
187.026
186.847
186.743
186.696
186.688
186.704
186.733
186.764
186.793
186.816
186.833
186.845
186.853
186.856
186.85
186.831
186.789
186.715
186.597
186.425
186.192
185.892
185.522
185.082
184.571
183.995
183.355
182.658
181.907
181.106
180.256
179.359
178.416
177.429
176.401
175.336
174.238
173.112
171.962
170.793
169.609
168.411
167.203
165.986
164.761
163.529
162.29
161.044
159.79
158.529
157.259
155.982
154.696
153.402
152.101
150.791
149.474
148.15
146.817
145.477
144.129
142.772
141.408
140.035
138.653
137.262
135.861
134.452
133.033
131.603
130.164
128.714
127.254
125.783
124.302
122.81
121.308
119.794
118.27
116.735
115.188
113.631
112.063
110.483
108.893
107.291
105.678
104.055
102.421
100.776
99.122
97.4581
95.7861
94.1048
92.4159
90.7135
240.516
240.448
240.339
240.196
240.019
239.81
239.581
239.336
239.07
238.781
238.464
238.118
237.742
237.34
236.916
236.472
236.013
235.543
235.066
234.588
234.117
233.661
233.228
232.828
232.468
232.152
231.884
231.665
231.491
231.355
231.242
231.14
231.038
230.928
230.802
230.658
230.496
230.321
230.132
229.932
229.717
229.476
229.21
228.905
228.548
228.129
227.622
227.005
226.308
225.526
224.59
223.771
223.048
222.359
221.629
220.796
219.851
218.809
217.688
216.506
215.272
213.992
212.668
211.304
209.905
208.482
207.042
205.59
204.12
202.621
201.085
199.512
197.919
196.336
194.799
193.346
192.007
190.803
189.745
188.835
188.075
187.463
186.994
186.655
186.432
186.306
186.256
186.26
186.3
186.357
186.418
186.474
186.521
186.556
186.582
186.602
186.62
186.636
186.648
186.649
186.63
186.577
186.476
186.317
186.091
185.793
185.421
184.976
184.458
183.873
183.226
182.524
181.773
180.976
180.135
179.25
178.321
177.347
176.332
175.278
174.189
173.07
171.926
170.761
169.58
168.385
167.179
165.963
164.74
163.509
162.271
161.026
159.774
158.514
157.246
155.969
154.685
153.393
152.092
150.784
149.468
148.144
146.812
145.473
144.125
142.769
141.405
140.032
138.651
137.26
135.86
134.451
133.032
131.602
130.163
128.714
127.253
125.783
124.301
122.809
121.306
119.793
118.268
116.733
115.187
113.629
112.061
110.481
108.89
107.287
105.674
104.049
102.414
100.768
99.1109
97.444
95.7674
94.0803
92.3825
90.6696
240.848
240.769
240.632
240.48
240.306
240.119
239.908
239.66
239.373
239.054
238.71
238.343
237.952
237.536
237.098
236.643
236.174
235.699
235.225
234.759
234.308
233.88
233.483
233.123
232.804
232.529
232.297
232.106
231.951
231.824
231.713
231.608
231.493
231.365
231.221
231.061
230.886
230.7
230.502
230.293
230.071
229.834
229.567
229.26
228.907
228.482
227.969
227.357
226.633
225.842
225.003
224.135
223.265
222.368
221.42
220.41
219.339
218.211
217.034
215.811
214.547
213.244
211.907
210.544
209.162
207.77
206.372
204.964
203.531
202.054
200.517
198.92
197.284
195.648
194.059
192.559
191.183
189.95
188.872
187.955
187.202
186.613
186.182
185.894
185.731
185.671
185.688
185.758
185.856
185.962
186.063
186.147
186.212
186.259
186.293
186.322
186.35
186.382
186.416
186.446
186.459
186.437
186.363
186.222
186.006
185.712
185.338
184.886
184.359
183.762
183.103
182.39
181.631
180.833
179.997
179.122
178.207
177.249
176.248
175.207
174.128
173.018
171.881
170.722
169.545
168.353
167.15
165.937
164.715
163.485
162.249
161.005
159.755
158.497
157.23
155.956
154.673
153.381
152.082
150.775
149.46
148.137
146.806
145.468
144.121
142.765
141.402
140.029
138.648
137.258
135.858
134.449
133.03
131.601
130.162
128.713
127.252
125.782
124.3
122.808
121.305
119.791
118.267
116.731
115.185
113.627
112.058
110.478
108.886
107.283
105.669
104.043
102.406
100.758
99.0992
97.4291
95.7481
94.0552
92.3495
90.627
241.174
241.097
240.995
240.875
240.716
240.513
240.272
240.004
239.708
239.375
239.004
238.599
238.162
237.699
237.219
236.729
236.238
235.753
235.282
234.833
234.412
234.027
233.681
233.377
233.117
232.899
232.721
232.576
232.457
232.353
232.255
232.153
232.039
231.907
231.755
231.583
231.394
231.19
230.974
230.747
230.502
230.232
229.934
229.603
229.214
228.755
228.213
227.594
226.912
226.142
225.286
224.356
223.37
222.332
221.247
220.121
218.956
217.757
216.523
215.256
213.959
212.635
211.292
209.936
208.575
207.214
205.849
204.471
203.056
201.577
200.013
198.365
196.66
194.947
193.285
191.719
190.284
189.001
187.886
186.948
186.194
185.625
185.234
185.007
184.918
184.94
185.04
185.189
185.358
185.523
185.668
185.782
185.864
185.918
185.953
185.982
186.016
186.062
186.122
186.188
186.244
186.27
186.235
186.124
185.926
185.639
185.264
184.807
184.271
183.665
182.994
182.269
181.498
180.691
179.853
178.983
178.079
177.135
176.15
175.123
174.057
172.957
171.827
170.674
169.503
168.316
167.116
165.906
164.687
163.459
162.224
160.983
159.734
158.477
157.213
155.94
154.659
153.369
152.071
150.765
149.451
148.129
146.799
145.461
144.115
142.761
141.398
140.026
138.645
137.255
135.856
134.447
133.029
131.6
130.161
128.711
127.251
125.781
124.299
122.807
121.304
119.79
118.265
116.729
115.182
113.625
112.055
110.475
108.883
107.279
105.664
104.037
102.399
100.749
99.087
97.4137
95.7284
94.03
92.3172
90.5862
241.64
241.595
241.507
241.373
241.192
240.976
240.716
240.406
240.045
239.638
239.192
238.717
238.217
237.696
237.163
236.628
236.104
235.601
235.129
234.698
234.315
233.983
233.703
233.476
233.297
233.161
233.061
232.989
232.933
232.883
232.828
232.758
232.667
232.55
232.404
232.232
232.035
231.813
231.571
231.308
231.022
230.712
230.368
229.976
229.526
229.013
228.448
227.838
227.149
226.352
225.445
224.449
223.382
222.261
221.098
219.9
218.673
217.418
216.137
214.83
213.504
212.165
210.819
209.474
208.134
206.797
205.456
204.093
202.681
201.184
199.578
197.864
196.074
194.268
192.513
190.859
189.337
187.97
186.783
185.799
185.025
184.469
184.126
183.975
183.984
184.112
184.32
184.567
184.821
185.055
185.251
185.397
185.493
185.547
185.573
185.59
185.618
185.67
185.752
185.856
185.965
186.057
186.075
186.006
185.836
185.565
185.195
184.734
184.192
183.575
182.894
182.157
181.375
180.558
179.714
178.843
177.944
177.011
176.04
175.027
173.975
172.886
171.766
170.62
169.454
168.272
167.076
165.87
164.655
163.43
162.197
160.957
159.711
158.456
157.194
155.923
154.643
153.355
152.058
150.754
149.441
148.12
146.792
145.455
144.109
142.755
141.393
140.022
138.641
137.252
135.853
134.445
133.027
131.598
130.16
128.71
127.25
125.779
124.298
122.805
121.302
119.788
118.263
116.727
115.18
113.622
112.052
110.471
108.879
107.274
105.658
104.03
102.39
100.739
99.0745
97.398
95.7086
94.0051
92.2857
90.5472
242.195
242.145
242.043
241.893
241.69
241.424
241.098
240.717
240.281
239.787
239.24
238.65
238.029
237.39
236.751
236.137
235.56
235.034
234.57
234.176
233.855
233.607
233.429
233.314
233.254
233.238
233.256
233.295
233.342
233.384
233.409
233.406
233.369
233.291
233.171
233.009
232.807
232.569
232.291
231.985
231.649
231.281
230.87
230.406
229.888
229.335
228.754
228.117
227.381
226.528
225.565
224.509
223.385
222.209
220.996
219.752
218.48
217.183
215.863
214.524
213.174
211.822
210.475
209.14
207.816
206.498
205.173
203.817
202.399
200.88
199.229
197.449
195.57
193.658
191.787
190.012
188.361
186.86
185.551
184.475
183.668
183.122
182.836
182.782
182.918
183.187
183.534
183.906
184.265
184.58
184.832
185.011
185.116
185.158
185.159
185.147
185.151
185.196
185.292
185.434
185.599
185.791
185.873
185.855
185.723
185.473
185.113
184.654
184.108
183.485
182.795
182.048
181.257
180.431
179.579
178.705
177.806
176.879
175.919
174.92
173.882
172.806
171.697
170.559
169.399
168.222
167.031
165.829
164.617
163.396
162.167
160.93
159.685
158.433
157.172
155.903
154.626
153.339
152.044
150.741
149.43
148.11
146.783
145.447
144.102
142.749
141.388
140.017
138.637
137.249
135.85
134.442
133.024
131.596
130.158
128.709
127.249
125.778
124.296
122.804
121.3
119.786
118.261
116.725
115.177
113.619
112.049
110.468
108.875
107.27
105.653
104.023
102.382
100.728
99.0618
97.3823
95.6889
93.9805
92.2553
90.5101
242.689
242.632
242.514
242.332
242.081
241.756
241.343
240.844
240.265
239.614
238.899
238.137
237.348
236.556
235.791
235.071
234.423
233.866
233.413
233.069
232.836
232.709
232.679
232.73
232.845
233.005
233.195
233.396
233.594
233.775
233.923
234.027
234.077
234.067
233.993
233.855
233.656
233.402
233.098
232.74
232.347
231.909
231.421
230.889
230.329
229.752
229.14
228.445
227.644
226.728
225.708
224.603
223.434
222.219
220.968
219.688
218.381
217.049
215.697
214.331
212.96
211.596
210.246
208.915
207.601
206.296
204.982
203.631
202.208
200.672
198.988
197.154
195.195
193.175
191.172
189.249
187.44
185.777
184.315
183.121
182.234
181.675
181.435
181.482
181.76
182.197
182.716
183.247
183.736
184.147
184.458
184.662
184.763
184.775
184.724
184.649
184.596
184.603
184.694
184.866
185.069
185.455
185.593
185.643
185.561
185.342
184.996
184.54
183.993
183.367
182.676
181.926
181.129
180.298
179.442
178.566
177.668
176.743
175.789
174.801
173.777
172.715
171.619
170.491
169.339
168.168
166.982
165.784
164.576
163.359
162.133
160.899
159.657
158.407
157.148
155.882
154.606
153.321
152.028
150.727
149.417
148.099
146.773
145.438
144.095
142.743
141.382
140.012
138.633
137.245
135.847
134.439
133.022
131.594
130.156
128.707
127.247
125.777
124.295
122.802
121.299
119.784
118.258
116.722
115.175
113.616
112.046
110.464
108.87
107.265
105.647
104.016
102.374
100.718
99.0491
97.3666
95.6695
93.9566
92.2261
90.475
243.032
242.967
242.825
242.603
242.288
241.872
241.342
240.687
239.911
239.029
238.061
237.041
236.005
234.99
234.035
233.177
232.447
231.848
231.405
231.13
231.026
231.079
231.265
231.555
231.915
232.317
232.737
233.157
233.56
233.927
234.241
234.49
234.662
234.751
234.751
234.661
234.482
234.22
233.883
233.484
233.02
232.515
231.982
231.425
230.85
230.252
229.586
228.827
227.959
226.982
225.91
224.762
223.555
222.306
221.024
219.712
218.375
217.014
215.635
214.246
212.857
211.479
210.122
208.788
207.477
206.177
204.87
203.524
202.103
200.564
198.871
197.01
195
192.896
190.777
188.713
186.753
184.941
183.335
182.019
181.046
180.437
180.192
180.284
180.657
181.235
181.92
182.62
183.259
183.786
184.171
184.403
184.489
184.448
184.316
184.14
183.981
183.9
183.946
184.137
184.451
184.875
185.172
185.335
185.331
185.158
184.836
184.388
183.84
183.212
182.517
181.768
180.974
180.145
179.291
178.417
177.522
176.602
175.652
174.672
173.659
172.612
171.529
170.415
169.273
168.109
166.929
165.736
164.533
163.319
162.096
160.865
159.626
158.378
157.122
155.858
154.584
153.302
152.011
150.711
149.403
148.087
146.762
145.429
144.087
142.736
141.376
140.006
138.628
137.24
135.843
134.436
133.019
131.592
130.154
128.705
127.246
125.775
124.294
122.801
121.297
119.782
118.256
116.72
115.172
113.613
112.042
110.46
108.866
107.259
105.641
104.009
102.365
100.708
99.0365
97.3511
95.6506
93.9336
92.1982
90.4418
243.2
243.129
242.966
242.702
242.307
241.757
241.036
240.146
239.098
237.922
236.655
235.343
234.031
232.764
231.589
230.549
229.681
229.04
228.645
228.501
228.595
228.896
229.358
229.932
230.57
231.233
231.899
232.554
233.186
233.774
234.293
234.72
235.038
235.24
235.32
235.281
235.126
234.867
234.514
234.082
233.594
233.075
232.545
231.997
231.424
230.798
230.084
229.266
228.338
227.306
226.185
224.996
223.755
222.474
221.161
219.821
218.457
217.071
215.67
214.261
212.856
211.465
210.096
208.753
207.435
206.133
204.826
203.486
202.076
200.552
198.876
197.028
195.015
192.879
190.692
188.531
186.46
184.538
182.827
181.413
180.358
179.688
179.403
179.479
179.87
180.5
181.27
182.078
182.831
183.462
183.93
184.212
184.305
184.224
184.006
183.709
183.409
183.192
183.139
183.298
183.669
184.172
184.624
184.926
185.024
184.915
184.629
184.199
183.658
183.031
182.335
181.586
180.793
179.966
179.115
178.247
177.359
176.447
175.506
174.534
173.531
172.496
171.428
170.328
169.198
168.044
166.872
165.685
164.486
163.277
162.058
160.83
159.594
158.348
157.094
155.832
154.561
153.281
151.992
150.694
149.388
148.074
146.75
145.418
144.078
142.728
141.369
140
138.623
137.236
135.839
134.433
133.016
131.589
130.152
128.703
127.244
125.774
124.292
122.799
121.295
119.78
118.254
116.717
115.169
113.61
112.039
110.456
108.861
107.254
105.635
104.002
102.356
100.697
99.024
97.336
95.6322
93.9114
92.1717
90.4106
243.272
243.187
242.987
242.658
242.151
241.433
240.491
239.337
238.005
236.545
235.012
233.456
231.924
230.459
229.108
227.926
226.976
226.318
225.989
225.987
226.287
226.841
227.59
228.461
229.373
230.253
231.069
231.846
232.623
233.404
234.145
234.782
235.269
235.596
235.764
235.778
235.644
235.381
235.013
234.568
234.088
233.602
233.098
232.584
232.034
231.393
230.642
229.773
228.789
227.704
226.537
225.307
224.03
222.717
221.374
220.007
218.618
217.21
215.79
214.365
212.946
211.541
210.159
208.803
207.473
206.159
204.846
203.509
202.113
200.619
198.989
197.195
195.235
193.132
190.947
188.755
186.632
184.652
182.885
181.409
180.287
179.548
179.201
179.222
179.566
180.163
180.92
181.733
182.507
183.173
183.686
184.016
184.147
184.081
183.841
183.477
183.065
182.706
182.508
182.559
182.893
183.434
184.002
184.437
184.646
184.614
184.375
183.973
183.447
182.827
182.136
181.39
180.599
179.775
178.925
178.058
177.174
176.271
175.342
174.382
173.392
172.37
171.317
170.231
169.114
167.972
166.809
165.63
164.438
163.234
162.019
160.794
159.56
158.317
157.066
155.805
154.536
153.258
151.972
150.676
149.372
148.06
146.738
145.407
144.068
142.719
141.361
139.994
138.617
137.231
135.835
134.429
133.013
131.586
130.149
128.701
127.242
125.772
124.291
122.798
121.294
119.779
118.253
116.715
115.167
113.607
112.036
110.452
108.857
107.249
105.629
103.995
102.348
100.687
99.0119
97.3213
95.6146
93.8903
92.1467
90.3813
243.387
243.285
243.043
242.642
242.015
241.136
239.999
238.631
237.083
235.418
233.694
231.95
230.216
228.522
226.919
225.494
224.362
223.617
223.268
223.343
223.828
224.667
225.776
227.052
228.375
229.612
230.663
231.492
232.242
233.054
233.957
234.831
235.544
236.041
236.327
236.421
236.342
236.108
235.75
235.31
234.832
234.327
233.866
233.358
232.791
232.111
231.305
230.374
229.33
228.188
226.972
225.698
224.381
223.033
221.66
220.266
218.853
217.425
215.987
214.548
213.115
211.697
210.3
208.929
207.583
206.255
204.931
203.592
202.209
200.752
199.185
197.481
195.626
193.628
191.527
189.389
187.29
185.31
183.527
182.015
180.833
180.017
179.584
179.516
179.765
180.266
180.932
181.661
182.363
182.979
183.471
183.809
183.97
183.948
183.756
183.433
183.038
182.643
182.341
182.242
182.43
182.883
183.449
183.94
184.223
184.256
184.067
183.701
183.201
182.597
181.916
181.177
180.393
179.573
178.727
177.861
176.978
176.079
175.158
174.213
173.238
172.232
171.194
170.124
169.022
167.892
166.74
165.57
164.385
163.187
161.977
160.756
159.526
158.285
157.036
155.778
154.51
153.235
151.95
150.657
149.356
148.045
146.725
145.396
144.058
142.71
141.353
139.987
138.611
137.226
135.83
134.425
133.009
131.583
130.147
128.699
127.24
125.77
124.289
122.796
121.292
119.777
118.251
116.713
115.165
113.604
112.033
110.449
108.853
107.244
105.623
103.988
102.34
100.677
99.0002
97.3074
95.5979
93.8704
92.1232
90.3541
243.818
243.691
243.409
242.952
242.241
241.255
239.989
238.479
236.784
234.965
233.072
231.129
229.147
227.147
225.185
223.365
221.846
220.803
220.356
220.513
221.247
222.455
224.007
225.772
227.614
229.319
230.704
231.682
232.339
233.006
233.876
234.924
235.883
236.59
237.024
237.225
237.232
237.074
236.779
236.384
235.937
235.465
234.948
234.38
233.727
232.955
232.06
231.047
229.93
228.727
227.458
226.138
224.782
223.399
221.996
220.576
219.141
217.696
216.243
214.79
213.344
211.912
210.502
209.116
207.755
206.413
205.078
203.734
202.362
200.936
199.432
197.824
196.098
194.25
192.303
190.303
188.316
186.415
184.675
183.168
181.951
181.062
180.524
180.33
180.437
180.785
181.3
181.89
182.462
182.959
183.363
183.657
183.809
183.806
183.67
183.443
183.161
182.853
182.569
182.403
182.451
182.729
183.147
183.556
183.823
183.878
183.722
183.39
182.918
182.339
181.678
180.953
180.178
179.365
178.525
177.663
176.784
175.888
174.973
174.036
173.075
172.086
171.065
170.011
168.924
167.808
166.667
165.506
164.329
163.138
161.934
160.717
159.49
158.252
157.005
155.749
154.484
153.211
151.929
150.638
149.338
148.029
146.711
145.384
144.047
142.701
141.345
139.98
138.605
137.22
135.826
134.421
133.006
131.58
130.144
128.697
127.238
125.768
124.287
122.795
121.291
119.776
118.249
116.711
115.162
113.602
112.03
110.445
108.849
107.239
105.617
103.981
102.332
100.668
98.9888
97.2938
95.5818
93.8514
92.101
90.3286
244.621
244.467
244.16
243.668
242.918
241.886
240.566
238.989
237.212
235.296
233.287
231.207
229.066
226.888
224.745
222.758
221.119
219.996
219.524
219.745
220.613
221.96
223.624
225.474
227.587
229.499
231.124
232.21
232.788
233.256
234.005
235.124
236.295
237.182
237.727
238.003
238.085
238.008
237.795
237.469
237.059
236.581
236.041
235.409
234.659
233.786
232.794
231.697
230.508
229.245
227.926
226.565
225.174
223.762
222.334
220.893
219.441
217.982
216.517
215.054
213.597
212.154
210.731
209.333
207.958
206.603
205.26
203.913
202.549
201.147
199.691
198.161
196.546
194.841
193.055
191.22
189.384
187.61
185.96
184.5
183.286
182.353
181.726
181.411
181.371
181.549
181.878
182.29
182.711
183.086
183.393
183.615
183.728
183.71
183.574
183.381
183.191
183.009
182.821
182.673
182.65
182.783
183.027
183.292
183.479
183.517
183.378
183.072
182.626
182.069
181.427
180.719
179.959
179.158
178.325
177.47
176.597
175.707
174.799
173.869
172.919
171.943
170.938
169.9
168.828
167.724
166.594
165.442
164.273
163.088
161.889
160.678
159.454
158.219
156.975
155.721
154.459
153.187
151.907
150.619
149.321
148.014
146.697
145.371
144.036
142.691
141.337
139.973
138.599
137.215
135.821
134.417
133.002
131.577
130.141
128.694
127.236
125.766
124.286
122.793
121.289
119.774
118.247
116.71
115.161
113.6
112.027
110.442
108.845
107.235
105.612
103.975
102.324
100.659
98.978
97.281
95.5667
93.8337
92.0804
90.305
245.677
245.513
245.192
244.692
243.946
242.922
241.61
240.033
238.242
236.301
234.262
232.159
230.014
227.861
225.775
223.873
222.301
221.203
220.705
220.87
221.654
222.893
224.448
226.223
228.15
230.041
231.671
232.802
233.357
233.676
234.326
235.447
236.737
237.752
238.38
238.689
238.798
238.767
238.613
238.345
237.972
237.503
236.938
236.254
235.436
234.488
233.425
232.262
231.017
229.707
228.349
226.955
225.537
224.102
222.655
221.199
219.735
218.266
216.794
215.323
213.859
212.408
210.975
209.566
208.179
206.814
205.463
204.115
202.758
201.376
199.955
198.484
196.954
195.361
193.712
192.027
190.342
188.705
187.167
185.783
184.599
183.65
182.959
182.537
182.358
182.375
182.536
182.782
183.05
183.294
183.501
183.659
183.737
183.697
183.539
183.326
183.139
183.008
182.897
182.799
182.765
182.824
182.948
183.087
183.186
183.186
183.048
182.761
182.338
181.801
181.175
180.479
179.731
178.942
178.12
177.275
176.412
175.531
174.632
173.712
172.771
171.806
170.815
169.791
168.734
167.643
166.523
165.38
164.217
163.038
161.845
160.637
159.418
158.186
156.945
155.693
154.433
153.164
151.886
150.6
149.304
147.998
146.684
145.359
144.025
142.681
141.328
139.965
138.592
137.209
135.816
134.413
132.998
131.574
130.138
128.691
127.234
125.765
124.284
122.792
121.288
119.772
118.246
116.708
115.159
113.598
112.025
110.439
108.842
107.231
105.607
103.969
102.317
100.65
98.968
97.2691
95.5527
93.8173
92.0615
90.2834
246.835
246.681
246.365
245.881
245.175
244.201
242.946
241.424
239.679
237.772
235.766
233.713
231.649
229.614
227.666
225.89
224.407
223.342
222.803
222.843
223.443
224.492
225.872
227.481
229.227
230.942
232.375
233.345
233.824
234.123
234.768
235.914
237.227
238.26
238.901
239.221
239.339
239.322
239.196
238.963
238.62
238.164
237.588
236.875
236.017
235.024
233.917
232.715
231.434
230.094
228.711
227.296
225.86
224.41
222.95
221.484
220.013
218.538
217.062
215.588
214.12
212.664
211.225
209.807
208.412
207.038
205.68
204.33
202.979
201.613
200.221
198.795
197.328
195.82
194.276
192.711
191.153
189.638
188.206
186.901
185.76
184.812
184.082
183.579
183.288
183.17
183.182
183.282
183.424
183.562
183.672
183.754
183.791
183.738
183.57
183.331
183.119
182.99
182.912
182.842
182.799
182.81
182.858
182.913
182.942
182.9
182.749
182.466
182.055
181.535
180.925
180.242
179.503
178.721
177.907
177.073
176.222
175.355
174.469
173.562
172.631
171.678
170.698
169.687
168.642
167.563
166.454
165.319
164.163
162.989
161.8
160.597
159.381
158.153
156.914
155.666
154.408
153.141
151.866
150.581
149.287
147.983
146.67
145.347
144.014
142.672
141.32
139.958
138.586
137.204
135.811
134.408
132.995
131.57
130.135
128.689
127.231
125.763
124.282
122.79
121.286
119.771
118.245
116.707
115.157
113.596
112.023
110.437
108.839
107.227
105.602
103.964
102.31
100.642
98.9587
97.2582
95.5398
93.8023
92.0442
90.2637
247.955
247.826
247.537
247.086
246.435
245.538
244.374
242.946
241.29
239.462
237.526
235.545
233.568
231.641
229.818
228.174
226.803
225.799
225.243
225.18
225.608
226.453
227.614
228.987
230.468
231.912
233.102
233.882
234.259
234.581
235.282
236.468
237.745
238.718
239.304
239.596
239.709
239.698
239.582
239.361
239.03
238.583
238.007
237.285
236.414
235.404
234.278
233.057
231.761
230.407
229.012
227.587
226.141
224.683
223.216
221.745
220.27
218.793
217.316
215.842
214.373
212.916
211.473
210.05
208.648
207.267
205.904
204.553
203.206
201.852
200.484
199.094
197.677
196.233
194.769
193.296
191.837
190.419
189.074
187.837
186.738
185.802
185.049
184.489
184.111
183.887
183.783
183.766
183.803
183.851
183.883
183.895
183.882
183.808
183.636
183.388
183.152
183.002
182.924
182.863
182.81
182.781
182.772
182.766
182.739
182.659
182.487
182.196
181.786
181.272
180.672
180.001
179.273
178.5
177.693
176.865
176.025
175.173
174.304
173.413
172.497
171.556
170.587
169.588
168.555
167.487
166.387
165.259
164.11
162.942
161.757
160.558
159.345
158.12
156.884
155.638
154.383
153.118
151.845
150.562
149.27
147.969
146.657
145.335
144.004
142.662
141.311
139.951
138.58
137.198
135.807
134.404
132.991
131.567
130.132
128.686
127.229
125.761
124.281
122.789
121.285
119.77
118.243
116.705
115.155
113.594
112.021
110.435
108.836
107.224
105.598
103.959
102.305
100.635
98.9503
97.2483
95.5281
93.7887
92.0285
90.2459
249.009
248.903
248.641
248.221
247.617
246.795
245.726
244.409
242.863
241.138
239.296
237.399
235.507
233.675
231.959
230.424
229.144
228.192
227.623
227.483
227.766
228.424
229.374
230.513
231.728
232.866
233.756
234.32
234.654
235.084
235.894
237.084
238.25
239.102
239.604
239.858
239.954
239.937
239.819
239.596
239.264
238.816
238.242
237.524
236.658
235.651
234.526
233.305
232.008
230.653
229.256
227.83
226.382
224.922
223.454
221.981
220.505
219.029
217.554
216.082
214.615
213.158
211.716
210.29
208.884
207.499
206.132
204.78
203.436
202.092
200.742
199.38
198.003
196.61
195.208
193.806
192.422
191.079
189.803
188.621
187.558
186.636
185.871
185.271
184.829
184.525
184.332
184.223
184.175
184.149
184.113
184.062
184
183.901
183.723
183.472
183.222
183.046
182.946
182.874
182.805
182.745
182.693
182.64
182.57
182.454
182.255
181.947
181.529
181.015
180.42
179.757
179.036
178.271
177.473
176.654
175.825
174.987
174.135
173.263
172.365
171.439
170.483
169.494
168.471
167.414
166.322
165.202
164.059
162.895
161.714
160.519
159.309
158.087
156.854
155.611
154.358
153.096
151.825
150.544
149.254
147.954
146.644
145.324
143.993
142.653
141.303
139.943
138.573
137.193
135.802
134.4
132.988
131.564
130.13
128.684
127.227
125.759
124.279
122.787
121.284
119.769
118.242
116.704
115.154
113.593
112.019
110.433
108.834
107.221
105.595
103.955
102.3
100.629
98.9428
97.2394
95.5177
93.7765
92.0145
90.23
250.024
249.919
249.664
249.256
248.679
247.907
246.919
245.703
244.27
242.658
240.922
239.125
237.328
235.59
233.969
232.525
231.317
230.404
229.83
229.625
229.789
230.279
231.022
231.913
232.836
233.664
234.303
234.733
235.093
235.651
236.559
237.693
238.703
239.412
239.826
240.038
240.114
240.082
239.95
239.717
239.375
238.919
238.344
237.636
236.784
235.795
234.685
233.476
232.189
230.843
229.453
228.031
226.588
225.131
223.665
222.195
220.721
219.248
217.776
216.307
214.844
213.39
211.949
210.524
209.117
207.73
206.362
205.009
203.667
202.331
200.996
199.656
198.31
196.958
195.604
194.258
192.933
191.65
190.428
189.29
188.258
187.35
186.578
185.949
185.46
185.096
184.834
184.653
184.534
184.443
184.349
184.244
184.138
184.011
183.822
183.569
183.31
183.109
182.979
182.883
182.794
182.706
182.62
182.532
182.427
182.277
182.047
181.715
181.281
180.76
180.166
179.509
178.795
178.035
177.244
176.435
175.618
174.796
173.963
173.112
172.234
171.326
170.383
169.405
168.392
167.343
166.26
165.147
164.009
162.85
161.673
160.481
159.274
158.055
156.825
155.584
154.334
153.074
151.805
150.526
149.238
147.939
146.631
145.312
143.983
142.644
141.295
139.936
138.567
137.188
135.797
134.396
132.984
131.561
130.127
128.681
127.225
125.757
124.277
122.786
121.283
119.768
118.241
116.703
115.153
113.591
112.017
110.431
108.832
107.219
105.593
103.951
102.295
100.624
98.9364
97.2316
95.5084
93.7657
92.0021
90.216
251.028
250.892
250.611
250.187
249.608
248.86
247.923
246.785
245.45
243.946
242.32
240.63
238.936
237.295
235.765
234.399
233.251
232.367
231.781
231.518
231.573
231.906
232.443
233.087
233.737
234.308
234.761
235.138
235.593
236.285
237.232
238.237
239.067
239.639
239.981
240.157
240.212
240.161
240.011
239.76
239.405
238.94
238.361
237.66
236.827
235.86
234.774
233.586
232.317
230.986
229.608
228.197
226.763
225.313
223.853
222.388
220.919
219.45
217.983
216.519
215.061
213.611
212.174
210.751
209.346
207.959
206.591
205.239
203.9
202.571
201.247
199.925
198.603
197.282
195.967
194.665
193.388
192.151
190.972
189.871
188.866
187.97
187.194
186.545
186.022
185.611
185.295
185.055
184.875
184.729
184.586
184.436
184.29
184.133
183.93
183.673
183.406
183.183
183.021
182.898
182.785
182.672
182.559
182.441
182.303
182.119
181.855
181.493
181.038
180.505
179.908
179.254
178.545
177.791
177.006
176.206
175.403
174.598
173.787
172.958
172.103
171.215
170.288
169.322
168.317
167.276
166.201
165.094
163.961
162.807
161.633
160.444
159.24
158.024
156.796
155.558
154.31
153.052
151.785
150.508
149.222
147.925
146.618
145.301
143.973
142.635
141.288
139.93
138.561
137.183
135.793
134.393
132.981
131.558
130.124
128.679
127.223
125.755
124.276
122.785
121.282
119.767
118.24
116.702
115.151
113.59
112.016
110.43
108.831
107.218
105.59
103.949
102.292
100.62
98.9309
97.225
95.5005
93.7564
91.9913
90.2039
252.028
251.835
251.49
251.015
250.407
249.656
248.744
247.658
246.399
244.987
243.463
241.877
240.285
238.741
237.296
236.001
234.902
234.038
233.438
233.118
233.069
233.248
233.585
233.998
234.419
234.813
235.191
235.615
236.185
236.952
237.839
238.676
239.34
239.801
240.083
240.228
240.261
240.191
240.021
239.753
239.383
238.91
238.327
237.63
236.812
235.87
234.81
233.649
232.403
231.092
229.731
228.334
226.912
225.472
224.02
222.562
221.1
219.638
218.176
216.718
215.266
213.822
212.389
210.97
209.568
208.184
206.817
205.468
204.134
202.811
201.497
200.189
198.887
197.591
196.306
195.039
193.799
192.6
191.457
190.386
189.402
188.517
187.74
187.076
186.526
186.079
185.718
185.429
185.199
185.007
184.822
184.635
184.453
184.267
184.046
183.782
183.507
183.266
183.078
182.927
182.789
182.652
182.514
182.366
182.194
181.972
181.67
181.276
180.796
180.248
179.646
178.991
178.285
177.535
176.756
175.966
175.177
174.393
173.606
172.803
171.972
171.105
170.196
169.242
168.246
167.212
166.143
165.043
163.915
162.764
161.594
160.408
159.207
157.993
156.768
155.532
154.286
153.03
151.765
150.49
149.206
147.911
146.606
145.29
143.964
142.627
141.28
139.923
138.555
137.178
135.789
134.389
132.978
131.555
130.122
128.677
127.221
125.753
124.274
122.783
121.28
119.766
118.239
116.701
115.151
113.589
112.015
110.429
108.829
107.216
105.589
103.947
102.289
100.616
98.9266
97.2196
95.494
93.7487
91.9823
90.1937
253.07
252.759
252.304
251.749
251.087
250.31
249.399
248.338
247.128
245.785
244.346
242.855
241.359
239.906
238.542
237.314
236.261
235.409
234.788
234.407
234.254
234.287
234.446
234.676
234.953
235.281
235.678
236.18
236.822
237.574
238.339
239.013
239.543
239.917
240.151
240.265
240.274
240.184
239.997
239.713
239.332
238.849
238.263
237.568
236.762
235.841
234.809
233.675
232.456
231.167
229.826
228.446
227.037
225.61
224.169
222.72
221.266
219.811
218.357
216.905
215.46
214.022
212.595
211.182
209.784
208.404
207.041
205.696
204.366
203.05
201.745
200.45
199.164
197.889
196.629
195.39
194.18
193.012
191.897
190.851
189.884
189.009
188.231
187.556
186.984
186.507
186.11
185.78
185.508
185.275
185.055
184.837
184.625
184.41
184.168
183.894
183.612
183.359
183.15
182.975
182.813
182.652
182.485
182.305
182.095
181.831
181.489
181.06
180.553
179.988
179.376
178.719
178.014
177.266
176.492
175.712
174.94
174.179
173.419
172.644
171.84
170.996
170.105
169.165
168.178
167.151
166.089
164.993
163.87
162.723
161.557
160.373
159.175
157.964
156.74
155.507
154.263
153.009
151.746
150.473
149.19
147.897
146.594
145.279
143.954
142.619
141.273
139.916
138.55
137.173
135.785
134.385
132.975
131.553
130.119
128.675
127.219
125.751
124.272
122.782
121.279
119.765
118.239
116.7
115.15
113.588
112.014
110.428
108.828
107.215
105.588
103.945
102.288
100.614
98.9234
97.2155
95.4889
93.7425
91.975
90.1854
254.15
253.634
253.038
252.389
251.664
250.85
249.923
248.866
247.68
246.384
245.01
243.595
242.18
240.806
239.511
238.334
237.31
236.475
235.839
235.406
235.159
235.064
235.088
235.216
235.449
235.792
236.241
236.797
237.435
238.101
238.73
239.273
239.702
240.009
240.199
240.281
240.266
240.155
239.951
239.654
239.263
238.773
238.183
237.49
236.692
235.788
234.781
233.675
232.482
231.218
229.899
228.537
227.144
225.73
224.302
222.863
221.419
219.972
218.526
217.082
215.643
214.213
212.792
211.385
209.993
208.617
207.26
205.919
204.595
203.286
201.99
200.707
199.436
198.179
196.939
195.723
194.539
193.396
192.305
191.278
190.326
189.458
188.679
187.995
187.405
186.904
186.476
186.113
185.804
185.536
185.286
185.042
184.803
184.56
184.296
184.009
183.72
183.458
183.236
183.043
182.859
182.671
182.474
182.256
182.003
181.694
181.31
180.843
180.308
179.723
179.1
178.437
177.729
176.982
176.212
175.443
174.689
173.954
173.225
172.481
171.706
170.887
170.016
169.09
168.113
167.093
166.036
164.946
163.827
162.684
161.52
160.339
159.143
157.934
156.713
155.482
154.24
152.988
151.727
150.456
149.175
147.884
146.582
145.269
143.945
142.611
141.266
139.91
138.544
137.168
135.78
134.382
132.972
131.55
130.117
128.673
127.217
125.749
124.271
122.78
121.278
119.764
118.238
116.7
115.149
113.587
112.013
110.427
108.828
107.215
105.587
103.945
102.287
100.612
98.9214
97.2127
95.4852
93.7378
91.9695
90.179
255.4
254.479
253.705
252.937
252.14
251.284
250.334
249.268
248.088
246.819
245.492
244.14
242.796
241.494
240.263
239.137
238.142
237.306
236.65
236.17
235.85
235.67
235.632
235.743
235.999
236.379
236.858
237.401
237.97
238.528
239.042
239.485
239.837
240.087
240.234
240.285
240.244
240.113
239.893
239.584
239.183
238.687
238.094
237.402
236.61
235.72
234.734
233.654
232.489
231.251
229.955
228.613
227.238
225.839
224.424
222.997
221.564
220.127
218.689
217.254
215.824
214.401
212.988
211.588
210.202
208.833
207.481
206.147
204.829
203.527
202.241
200.969
199.712
198.471
197.251
196.056
194.895
193.774
192.703
191.694
190.755
189.894
189.115
188.422
187.817
187.293
186.84
186.445
186.103
185.803
185.526
185.259
184.994
184.724
184.436
184.135
183.839
183.572
183.341
183.131
182.925
182.71
182.477
182.215
181.912
181.552
181.12
180.613
180.045
179.437
178.797
178.121
177.407
176.658
175.893
175.136
174.404
173.7
173.008
172.302
171.561
170.77
169.922
169.012
168.046
167.033
165.982
164.896
163.782
162.642
161.482
160.304
159.11
157.904
156.685
155.455
154.216
152.966
151.707
150.438
149.159
147.87
146.569
145.258
143.936
142.602
141.258
139.904
138.538
137.163
135.776
134.378
132.969
131.547
130.114
128.67
127.215
125.747
124.269
122.779
121.277
119.763
118.237
116.699
115.149
113.587
112.013
110.426
108.827
107.215
105.587
103.945
102.287
100.612
98.9205
97.2111
95.4827
93.7345
91.9653
90.174
256.162
255.123
254.258
253.439
252.615
251.73
250.742
249.641
248.441
247.172
245.863
244.549
243.258
242.014
240.838
239.748
238.782
237.957
237.286
236.774
236.428
236.249
236.232
236.375
236.66
237.05
237.499
237.971
238.443
238.899
239.318
239.679
239.963
240.159
240.264
240.282
240.214
240.061
239.824
239.501
239.091
238.589
237.993
237.302
236.516
235.638
234.67
233.615
232.478
231.268
229.998
228.679
227.324
225.943
224.543
223.13
221.709
220.284
218.857
217.432
216.011
214.598
213.193
211.801
210.423
209.061
207.716
206.389
205.079
203.785
202.509
201.248
200.005
198.78
197.578
196.404
195.263
194.162
193.111
192.118
191.19
190.335
189.556
188.857
188.237
187.693
187.214
186.791
186.417
186.088
185.786
185.496
185.206
184.908
184.598
184.283
183.98
183.708
183.469
183.244
183.014
182.767
182.492
182.179
181.819
181.402
180.917
180.363
179.757
179.118
178.452
177.757
177.03
176.276
175.515
174.771
174.066
173.403
172.758
172.099
171.398
170.641
169.819
168.928
167.975
166.971
165.925
164.845
163.735
162.599
161.442
160.266
159.075
157.871
156.654
155.427
154.19
152.942
151.686
150.419
149.142
147.855
146.556
145.247
143.926
142.594
141.251
139.897
138.533
137.158
135.772
134.374
132.965
131.545
130.112
128.668
127.213
125.746
124.267
122.777
121.275
119.762
118.236
116.698
115.149
113.587
112.013
110.426
108.827
107.215
105.588
103.946
102.288
100.613
98.9212
97.2114
95.4825
93.7336
91.9636
90.1718
256.72
255.638
254.708
253.824
252.936
252.008
251.009
249.923
248.752
247.514
246.237
244.954
243.693
242.48
241.336
240.302
239.386
238.6
237.958
237.473
237.155
237.006
237.023
237.18
237.442
237.768
238.128
238.503
238.879
239.245
239.582
239.868
240.086
240.228
240.291
240.274
240.177
239.999
239.742
239.405
238.985
238.477
237.878
237.188
236.408
235.541
234.59
233.558
232.448
231.269
230.027
228.736
227.404
226.043
224.661
223.264
221.858
220.446
219.032
217.618
216.208
214.805
213.41
212.027
210.658
209.304
207.967
206.647
205.345
204.061
202.794
201.545
200.315
199.106
197.921
196.764
195.642
194.561
193.526
192.548
191.631
190.781
190.002
189.295
188.661
188.098
187.595
187.145
186.744
186.387
186.062
185.75
185.436
185.112
184.781
184.454
184.146
183.871
183.623
183.38
183.123
182.84
182.519
182.151
181.731
181.253
180.71
180.105
179.455
178.775
178.074
177.349
176.601
175.839
175.08
174.353
173.681
173.065
172.477
171.875
171.223
170.504
169.71
168.842
167.903
166.908
165.868
164.793
163.688
162.556
161.402
160.229
159.04
157.838
156.624
155.399
154.163
152.919
151.664
150.4
149.125
147.84
146.543
145.235
143.916
142.585
141.243
139.89
138.527
137.153
135.767
134.371
132.963
131.542
130.11
128.666
127.211
125.744
124.265
122.776
121.274
119.761
118.235
116.698
115.149
113.587
112.013
110.427
108.828
107.216
105.589
103.947
102.29
100.615
98.9237
97.2137
95.4846
93.7353
91.9648
90.1727
257.161
256.081
255.107
254.176
253.25
252.301
251.301
250.232
249.095
247.905
246.683
245.457
244.254
243.111
242.039
241.063
240.195
239.453
238.85
238.399
238.101
237.953
237.94
238.036
238.212
238.442
238.707
238.994
239.29
239.579
239.839
240.052
240.207
240.295
240.314
240.261
240.133
239.929
239.65
239.296
238.864
238.349
237.748
237.06
236.286
235.43
234.495
233.484
232.402
231.252
230.041
228.779
227.475
226.139
224.778
223.4
222.01
220.613
219.213
217.813
216.415
215.023
213.64
212.267
210.908
209.563
208.234
206.923
205.63
204.355
203.098
201.86
200.643
199.449
198.28
197.14
196.036
194.971
193.953
192.987
192.08
191.235
190.454
189.74
189.092
188.509
187.985
187.511
187.085
186.705
186.356
186.021
185.684
185.337
184.99
184.656
184.345
184.065
183.805
183.539
183.252
182.928
182.558
182.133
181.652
181.11
180.505
179.843
179.138
178.406
177.655
176.888
176.111
175.335
174.579
173.87
173.235
172.679
172.162
171.628
171.033
170.357
169.596
168.751
167.829
166.845
165.812
164.742
163.641
162.513
161.362
160.192
159.006
157.805
156.593
155.37
154.137
152.895
151.643
150.381
149.108
147.825
146.531
145.225
143.907
142.577
141.236
139.884
138.521
137.148
135.763
134.368
132.96
131.54
130.108
128.664
127.209
125.742
124.264
122.774
121.273
119.76
118.235
116.698
115.149
113.587
112.014
110.428
108.829
107.217
105.591
103.95
102.293
100.619
98.9278
97.2181
95.4891
93.7398
91.9693
90.1771
257.552
256.489
255.495
254.535
253.586
252.622
251.622
250.574
249.48
248.351
247.203
246.059
244.942
243.861
242.853
241.929
241.109
240.405
239.828
239.384
239.072
238.886
238.81
238.828
238.92
239.07
239.259
239.473
239.694
239.904
240.087
240.229
240.321
240.358
240.333
240.243
240.082
239.851
239.548
239.175
238.73
238.207
237.603
236.917
236.15
235.306
234.386
233.396
232.338
231.217
230.039
228.809
227.535
226.227
224.891
223.535
222.165
220.786
219.402
218.017
216.633
215.254
213.883
212.522
211.173
209.839
208.52
207.219
205.935
204.67
203.423
202.197
200.993
199.813
198.659
197.536
196.447
195.399
194.395
193.44
192.541
191.699
190.916
190.193
189.531
188.931
188.387
187.893
187.446
187.043
186.671
186.312
185.951
185.587
185.23
184.891
184.579
184.292
184.013
183.721
183.398
183.032
182.61
182.129
181.586
180.978
180.305
179.576
178.805
178.005
177.189
176.367
175.552
174.754
173.994
173.305
172.716
172.231
171.802
171.35
170.822
170.198
169.475
168.656
167.753
166.78
165.756
164.692
163.595
162.471
161.323
160.155
158.971
157.773
156.563
155.342
154.111
152.871
151.621
150.361
149.092
147.811
146.518
145.214
143.897
142.569
141.229
139.878
138.516
137.143
135.76
134.364
132.957
131.538
130.106
128.663
127.207
125.74
124.262
122.773
121.272
119.759
118.234
116.698
115.149
113.588
112.015
110.429
108.831
107.219
105.594
103.953
102.297
100.624
98.9334
97.2245
95.4961
93.7474
91.9773
90.1856
257.917
256.877
255.88
254.907
253.944
252.973
251.98
250.957
249.905
248.831
247.748
246.673
245.621
244.608
243.658
242.786
242.008
241.335
240.772
240.323
239.985
239.755
239.624
239.579
239.605
239.686
239.803
239.94
240.081
240.212
240.32
240.396
240.431
240.417
240.348
240.219
240.025
239.764
239.437
239.044
238.583
238.051
237.445
236.761
236.001
235.167
234.264
233.295
232.261
231.168
230.02
228.822
227.581
226.304
224.998
223.668
222.322
220.964
219.599
218.231
216.863
215.499
214.142
212.794
211.458
210.135
208.827
207.536
206.263
205.009
203.774
202.56
201.369
200.203
199.064
197.956
196.882
195.848
194.856
193.912
193.018
192.177
191.391
190.659
189.985
189.369
188.808
188.297
187.83
187.404
187.007
186.624
186.243
185.866
185.503
185.162
184.846
184.546
184.244
183.921
183.56
183.149
182.677
182.14
181.535
180.858
180.112
179.306
178.452
177.567
176.669
175.779
174.91
174.076
173.303
172.632
172.097
171.701
171.381
171.032
170.587
170.024
169.344
168.555
167.673
166.715
165.7
164.642
163.55
162.429
161.284
160.119
158.937
157.74
156.532
155.313
154.084
152.847
151.6
150.343
149.075
147.797
146.507
145.204
143.889
142.562
141.222
139.872
138.511
137.139
135.756
134.362
132.955
131.536
130.105
128.661
127.206
125.739
124.261
122.771
121.27
119.758
118.234
116.697
115.149
113.589
112.016
110.431
108.833
107.222
105.597
103.957
102.302
100.63
98.9406
97.2329
95.5057
93.7583
91.9893
90.1988
258.267
257.251
256.261
255.288
254.322
253.353
252.373
251.375
250.36
249.333
248.306
247.289
246.296
245.344
244.449
243.623
242.88
242.228
241.671
241.211
240.849
240.583
240.406
240.305
240.268
240.278
240.32
240.38
240.445
240.504
240.545
240.558
240.537
240.473
240.36
240.191
239.962
239.672
239.32
238.906
238.43
237.887
237.276
236.594
235.84
235.018
234.13
233.18
232.17
231.104
229.986
228.82
227.613
226.369
225.095
223.795
222.477
221.144
219.802
218.454
217.106
215.759
214.418
213.085
211.763
210.453
209.158
207.88
206.619
205.377
204.154
202.953
201.776
200.623
199.498
198.405
197.345
196.323
195.341
194.404
193.514
192.673
191.883
191.144
190.459
189.83
189.254
188.726
188.239
187.789
187.366
186.961
186.564
186.177
185.81
185.465
185.138
184.82
184.491
184.134
183.735
183.28
182.76
182.169
181.501
180.752
179.925
179.029
178.075
177.088
176.091
175.111
174.166
173.267
172.459
171.802
171.336
171.055
170.876
170.658
170.317
169.829
169.2
168.446
167.589
166.648
165.644
164.593
163.506
162.389
161.247
160.084
158.903
157.708
156.501
155.284
154.058
152.822
151.578
150.324
149.059
147.783
146.495
145.195
143.881
142.555
141.216
139.867
138.506
137.135
135.753
134.359
132.953
131.534
130.103
128.66
127.205
125.738
124.26
122.77
121.269
119.757
118.233
116.698
115.15
113.59
112.018
110.433
108.836
107.226
105.601
103.962
102.308
100.637
98.9491
97.2431
95.5178
93.7724
92.0055
90.217
258.621
257.629
256.649
255.681
254.721
253.761
252.796
251.822
250.841
249.857
248.878
247.913
246.974
246.074
245.225
244.437
243.721
243.082
242.527
242.058
241.676
241.377
241.156
241.002
240.902
240.844
240.814
240.803
240.797
240.787
240.762
240.715
240.638
240.524
240.366
240.158
239.896
239.577
239.201
238.768
238.275
237.721
237.104
236.422
235.673
234.861
233.987
233.055
232.068
231.028
229.938
228.804
227.629
226.419
225.179
223.913
222.626
221.322
220.007
218.685
217.359
216.033
214.711
213.396
212.09
210.796
209.516
208.251
207.004
205.775
204.567
203.38
202.216
201.077
199.966
198.885
197.838
196.826
195.853
194.922
194.035
193.193
192.399
191.654
190.961
190.32
189.729
189.181
188.673
188.199
187.753
187.328
186.917
186.522
186.147
185.791
185.448
185.105
184.745
184.356
183.922
183.428
182.864
182.222
181.49
180.664
179.748
178.746
177.675
176.566
175.446
174.34
173.271
172.26
171.379
170.725
170.353
170.231
170.239
170.201
169.999
169.606
169.039
168.328
167.5
166.578
165.588
164.545
163.464
162.35
161.211
160.049
158.87
157.676
156.471
155.255
154.031
152.798
151.557
150.306
149.044
147.771
146.485
145.186
143.874
142.549
141.211
139.862
138.502
137.132
135.75
134.356
132.951
131.533
130.102
128.659
127.204
125.737
124.258
122.769
121.268
119.757
118.233
116.698
115.151
113.591
112.02
110.436
108.839
107.229
105.606
103.968
102.315
100.645
98.9591
97.2551
95.5321
93.7895
92.0256
90.2402
258.975
258.003
257.041
256.086
255.136
254.19
253.243
252.295
251.346
250.4
249.465
248.546
247.654
246.797
245.986
245.228
244.532
243.905
243.352
242.875
242.473
242.142
241.877
241.67
241.509
241.386
241.289
241.209
241.135
241.059
240.972
240.866
240.735
240.572
240.369
240.123
239.827
239.48
239.081
238.628
238.12
237.555
236.932
236.248
235.503
234.7
233.84
232.924
231.957
230.941
229.879
228.775
227.633
226.456
225.25
224.019
222.765
221.495
220.21
218.917
217.617
216.316
215.017
213.723
212.437
211.161
209.898
208.65
207.418
206.205
205.011
203.838
202.689
201.564
200.466
199.398
198.362
197.36
196.394
195.469
194.584
193.743
192.946
192.196
191.493
190.839
190.232
189.664
189.134
188.637
188.17
187.725
187.299
186.891
186.502
186.128
185.762
185.392
185.005
184.588
184.125
183.599
182.997
182.305
181.509
180.603
179.584
178.46
177.254
175.998
174.711
173.407
172.127
170.927
169.922
169.259
169.005
169.104
169.394
169.619
169.609
169.341
168.856
168.198
167.405
166.507
165.531
164.498
163.423
162.313
161.176
160.016
158.837
157.644
156.44
155.225
154.003
152.773
151.535
150.287
149.029
147.758
146.475
145.178
143.868
142.544
141.207
139.858
138.499
137.129
135.747
134.354
132.949
131.531
130.101
128.658
127.203
125.736
124.258
122.768
121.268
119.756
118.233
116.698
115.152
113.593
112.022
110.439
108.843
107.234
105.611
103.974
102.322
100.655
98.9704
97.2688
95.5485
93.8093
92.0494
90.2682
259.34
258.39
257.445
256.505
255.571
254.641
253.714
252.79
251.871
250.96
250.061
249.181
248.327
247.506
246.725
245.993
245.317
244.7
244.148
243.66
243.236
242.872
242.564
242.305
242.088
241.903
241.743
241.599
241.461
241.323
241.176
241.014
240.831
240.619
240.373
240.087
239.759
239.384
238.961
238.489
237.966
237.39
236.758
236.074
235.333
234.537
233.689
232.789
231.841
230.847
229.811
228.736
227.625
226.481
225.309
224.112
222.893
221.657
220.406
219.144
217.876
216.603
215.331
214.061
212.798
211.544
210.302
209.073
207.859
206.663
205.485
204.328
203.194
202.084
201
199.944
198.919
197.926
196.968
196.048
195.166
194.324
193.524
192.768
192.056
191.388
190.763
190.176
189.623
189.103
188.612
188.144
187.697
187.269
186.858
186.461
186.071
185.677
185.269
184.833
184.35
183.802
183.169
182.43
181.571
180.579
179.446
178.183
176.817
175.368
173.828
172.203
170.574
169.072
167.885
167.206
167.11
167.532
168.243
168.848
169.111
169.019
168.643
168.053
167.303
166.433
165.475
164.453
163.383
162.278
161.143
159.984
158.806
157.613
156.408
155.195
153.975
152.748
151.513
150.27
149.015
147.747
146.466
145.171
143.862
142.539
141.203
139.855
138.496
137.126
135.745
134.353
132.948
131.53
130.1
128.657
127.202
125.735
124.257
122.767
121.267
119.756
118.233
116.699
115.153
113.595
112.024
110.442
108.847
107.239
105.617
103.981
102.331
100.665
98.9831
97.2841
95.567
93.8316
92.0764
90.3004
259.714
258.784
257.858
256.936
256.02
255.109
254.204
253.304
252.413
251.532
250.665
249.818
248.996
248.205
247.451
246.741
246.078
245.468
244.911
244.41
243.962
243.565
243.215
242.908
242.637
242.395
242.176
241.971
241.774
241.578
241.375
241.159
240.925
240.666
240.378
240.055
239.693
239.29
238.844
238.353
237.815
237.228
236.591
235.904
235.165
234.376
233.537
232.652
231.721
230.749
229.737
228.69
227.609
226.497
225.358
224.195
223.011
221.809
220.592
219.364
218.128
216.887
215.645
214.404
213.168
211.94
210.721
209.514
208.322
207.145
205.986
204.847
203.729
202.635
201.566
200.523
199.508
198.525
197.575
196.659
195.779
194.937
194.133
193.369
192.646
191.964
191.319
190.709
190.131
189.584
189.064
188.569
188.094
187.639
187.203
186.782
186.37
185.959
185.539
185.093
184.602
184.043
183.387
182.609
181.69
180.607
179.349
177.93
176.366
174.635
172.703
170.596
168.464
166.553
165.136
164.436
164.541
165.414
166.698
167.823
168.469
168.622
168.394
167.892
167.194
166.356
165.418
164.408
163.346
162.245
161.111
159.953
158.774
157.581
156.376
155.163
153.945
152.722
151.491
150.252
149.001
147.737
146.459
145.166
143.859
142.536
141.201
139.853
138.494
137.125
135.744
134.351
132.947
131.53
130.1
128.657
127.202
125.735
124.256
122.767
121.266
119.755
118.233
116.7
115.154
113.597
112.027
110.445
108.851
107.244
105.624
103.989
102.34
100.677
98.9972
97.3012
95.5875
93.8564
92.1064
90.3365
260.069
259.158
258.25
257.346
256.447
255.554
254.669
253.791
252.922
252.066
251.225
250.404
249.607
248.839
248.105
247.408
246.754
246.144
245.58
245.064
244.593
244.166
243.781
243.433
243.117
242.827
242.558
242.303
242.055
241.807
241.554
241.291
241.012
240.711
240.385
240.027
239.634
239.205
238.736
238.227
237.675
237.078
236.435
235.745
235.008
234.225
233.396
232.523
231.608
230.654
229.664
228.641
227.587
226.504
225.396
224.264
223.112
221.942
220.757
219.561
218.357
217.147
215.936
214.725
213.517
212.316
211.123
209.94
208.771
207.616
206.477
205.357
204.257
203.18
202.125
201.094
200.092
199.118
198.175
197.264
196.386
195.542
194.733
193.961
193.224
192.523
191.856
191.221
190.616
190.039
189.49
188.964
188.461
187.98
187.519
187.077
186.648
186.227
185.804
185.361
184.875
184.317
183.65
182.845
181.873
180.698
179.315
177.727
175.907
173.782
171.311
168.583
165.852
163.479
161.821
161.11
161.45
162.847
164.798
166.556
167.688
168.157
168.114
167.717
167.081
166.279
165.363
164.366
163.312
162.215
161.083
159.925
158.745
157.55
156.344
155.131
153.915
152.695
151.47
150.235
148.989
147.729
146.454
145.163
143.856
142.535
141.2
139.852
138.493
137.123
135.743
134.35
132.946
131.529
130.099
128.657
127.202
125.735
124.256
122.766
121.266
119.755
118.233
116.7
115.156
113.599
112.03
110.449
108.856
107.25
105.63
103.997
102.35
100.689
99.0123
97.3198
95.6101
93.8837
92.1395
90.3763
260.433
259.539
258.648
257.76
256.879
256.004
255.136
254.278
253.43
252.596
251.777
250.978
250.201
249.451
248.731
248.044
247.395
246.783
246.212
245.68
245.189
244.735
244.318
243.932
243.575
243.242
242.925
242.621
242.324
242.028
241.728
241.42
241.098
240.757
240.393
240.001
239.578
239.122
238.632
238.104
237.538
236.93
236.28
235.587
234.852
234.074
233.255
232.395
231.496
230.56
229.591
228.59
227.561
226.506
225.427
224.326
223.204
222.066
220.913
219.748
218.575
217.396
216.215
215.035
213.857
212.684
211.518
210.362
209.218
208.087
206.97
205.871
204.789
203.729
202.69
201.674
200.683
199.719
198.783
197.875
196.997
196.149
195.333
194.548
193.795
193.073
192.381
191.718
191.084
190.478
189.897
189.341
188.81
188.303
187.819
187.358
186.916
186.491
186.074
185.643
185.177
184.634
183.972
183.152
182.13
180.867
179.356
177.567
175.409
172.772
169.645
166.223
162.875
160.059
158.194
157.534
158.095
160.002
162.644
165.096
166.789
167.629
167.805
167.531
166.964
166.203
165.31
164.327
163.281
162.188
161.058
159.898
158.717
157.518
156.31
155.097
153.883
152.667
151.448
150.22
148.979
147.723
146.451
145.161
143.856
142.535
141.199
139.852
138.493
137.123
135.743
134.35
132.946
131.529
130.099
128.657
127.202
125.735
124.256
122.766
121.266
119.755
118.234
116.702
115.158
113.602
112.034
110.453
108.861
107.256
105.638
104.006
102.361
100.702
99.0288
97.3401
95.6349
93.914
92.1762
90.4206
260.857
259.982
259.11
258.242
257.38
256.524
255.677
254.839
254.012
253.199
252.401
251.621
250.863
250.128
249.42
248.74
248.092
247.476
246.894
246.345
245.83
245.347
244.894
244.468
244.066
243.684
243.318
242.963
242.615
242.268
241.919
241.563
241.194
240.809
240.404
239.975
239.52
239.036
238.521
237.973
237.39
236.771
236.114
235.418
234.684
233.912
233.102
232.255
231.374
230.458
229.511
228.534
227.532
226.504
225.455
224.386
223.298
222.193
221.074
219.943
218.804
217.659
216.51
215.362
214.215
213.074
211.939
210.812
209.696
208.593
207.502
206.427
205.368
204.325
203.303
202.302
201.324
200.369
199.437
198.531
197.65
196.796
195.968
195.168
194.395
193.649
192.93
192.238
191.572
190.933
190.319
189.73
189.167
188.631
188.122
187.642
187.19
186.767
186.365
185.965
185.538
185.034
184.398
183.578
182.511
181.164
179.505
177.442
174.83
171.566
167.718
163.593
159.657
156.435
154.394
153.908
154.599
157.012
160.344
163.509
165.799
167.048
167.468
167.333
166.842
166.124
165.257
164.289
163.252
162.163
161.034
159.873
158.688
157.485
156.273
155.058
153.846
152.637
151.425
150.205
148.971
147.719
146.45
145.162
143.857
142.536
141.201
139.853
138.494
137.124
135.743
134.35
132.946
131.528
130.099
128.657
127.202
125.736
124.257
122.767
121.266
119.755
118.234
116.703
115.16
113.605
112.037
110.458
108.866
107.262
105.645
104.015
102.372
100.716
99.0462
97.3619
95.6618
93.9471
92.2167
90.4696
261.359
260.502
259.649
258.8
257.956
257.119
256.29
255.471
254.663
253.868
253.089
252.325
251.581
250.858
250.157
249.481
248.83
248.207
247.611
247.043
246.501
245.986
245.496
245.029
244.582
244.151
243.735
243.328
242.927
242.528
242.127
241.719
241.302
240.871
240.423
239.955
239.465
238.951
238.409
237.84
237.239
236.607
235.942
235.243
234.509
233.742
232.941
232.108
231.244
230.349
229.425
228.475
227.499
226.502
225.483
224.446
223.393
222.324
221.241
220.147
219.044
217.935
216.821
215.706
214.593
213.484
212.38
211.285
210.199
209.124
208.061
207.011
205.976
204.957
203.954
202.97
202.004
201.057
200.131
199.225
198.34
197.478
196.637
195.82
195.025
194.253
193.505
192.78
192.081
191.405
190.754
190.128
189.528
188.957
188.418
187.918
187.458
187.046
186.675
186.329
185.976
185.546
184.972
184.175
183.084
181.658
179.809
177.383
174.241
170.325
165.785
161.026
156.584
153.014
150.768
150.004
151.324
154.265
158.22
162.015
164.845
166.475
167.131
167.13
166.716
166.043
165.203
164.252
163.226
162.142
161.014
159.85
158.659
157.449
156.23
155.012
153.803
152.602
151.401
150.191
148.965
147.719
146.453
145.167
143.862
142.54
141.203
139.855
138.495
137.125
135.744
134.351
132.946
131.529
130.099
128.657
127.203
125.736
124.258
122.768
121.267
119.756
118.235
116.704
115.162
113.608
112.041
110.462
108.871
107.269
105.653
104.025
102.384
100.731
99.0645
97.3848
95.6906
93.983
92.261
90.5237
261.93
261.092
260.258
259.429
258.604
257.786
256.976
256.175
255.384
254.606
253.841
253.09
252.356
251.639
250.941
250.264
249.607
248.973
248.36
247.77
247.202
246.655
246.127
245.618
245.125
244.646
244.177
243.717
243.261
242.807
242.352
241.892
241.424
240.945
240.454
239.946
239.42
238.874
238.305
237.711
237.091
236.444
235.768
235.064
234.331
233.57
232.778
231.958
231.111
230.237
229.337
228.413
227.466
226.498
225.511
224.507
223.488
222.455
221.41
220.354
219.29
218.219
217.144
216.066
214.989
213.914
212.844
211.781
210.726
209.681
208.647
207.626
206.618
205.623
204.642
203.675
202.724
201.787
200.866
199.961
199.071
198.199
197.344
196.506
195.686
194.884
194.103
193.343
192.604
191.889
191.195
190.526
189.883
189.268
188.689
188.157
187.687
187.294
186.977
186.725
186.496
186.198
185.737
185.005
183.93
182.426
180.333
177.515
173.877
169.39
164.266
158.996
154.176
150.387
148.091
147.551
149.07
152.4
156.778
160.963
164.134
166.02
166.844
166.948
166.599
165.967
165.154
164.221
163.205
162.126
160.998
159.829
158.629
157.407
156.178
154.956
153.752
152.563
151.377
150.18
148.964
147.725
146.462
145.176
143.87
142.546
141.208
139.858
138.497
137.127
135.746
134.353
132.947
131.529
130.099
128.657
127.203
125.738
124.259
122.769
121.268
119.757
118.237
116.706
115.165
113.611
112.045
110.467
108.877
107.275
105.661
104.035
102.396
100.745
99.0829
97.4079
95.7199
94.0199
92.3075
90.5807
262.579
261.759
260.943
260.132
259.326
258.525
257.73
256.944
256.168
255.402
254.647
253.905
253.176
252.461
251.762
251.079
250.412
249.762
249.13
248.515
247.917
247.334
246.768
246.215
245.675
245.146
244.625
244.112
243.603
243.095
242.588
242.077
241.561
241.037
240.502
239.956
239.394
238.817
238.221
237.604
236.966
236.305
235.619
234.909
234.174
233.413
232.629
231.82
230.988
230.133
229.255
228.357
227.438
226.5
225.546
224.575
223.59
222.593
221.585
220.567
219.542
218.509
217.472
216.433
215.393
214.356
213.322
212.295
211.275
210.265
209.264
208.274
207.296
206.327
205.369
204.422
203.485
202.558
201.642
200.736
199.841
198.956
198.082
197.219
196.369
195.533
194.714
193.914
193.133
192.373
191.633
190.915
190.22
189.551
188.913
188.33
187.832
187.454
187.212
187.109
187.084
187.008
186.734
186.127
185.11
183.506
181.155
178.025
174.041
169.155
163.63
158.036
153.007
149.166
146.971
146.634
148.352
151.891
156.404
160.642
163.851
165.785
166.662
166.815
166.505
165.902
165.11
164.193
163.188
162.115
160.987
159.811
158.598
157.359
156.114
154.886
153.689
152.518
151.352
150.173
148.969
147.737
146.477
145.191
143.883
142.556
141.214
139.862
138.5
137.13
135.749
134.355
132.949
131.53
130.099
128.657
127.204
125.739
124.261
122.771
121.27
119.759
118.239
116.708
115.167
113.614
112.049
110.472
108.882
107.282
105.669
104.044
102.407
100.759
99.1004
97.4298
95.748
94.0556
92.3531
90.637
263.282
262.477
261.676
260.879
260.087
259.3
258.519
257.745
256.979
256.221
255.473
254.734
254.006
253.289
252.585
251.892
251.212
250.545
249.891
249.251
248.622
248.006
247.402
246.808
246.224
245.648
245.079
244.515
243.955
243.397
242.839
242.279
241.715
241.146
240.569
239.984
239.388
238.779
238.156
237.517
236.861
236.185
235.49
234.773
234.036
233.278
232.5
231.702
230.885
230.048
229.192
228.318
227.425
226.516
225.591
224.652
223.7
222.737
221.765
220.784
219.796
218.803
217.805
216.805
215.804
214.805
213.809
212.819
211.835
210.86
209.894
208.938
207.991
207.053
206.122
205.199
204.281
203.368
202.459
201.554
200.652
199.753
198.857
197.965
197.08
196.205
195.344
194.499
193.67
192.857
192.061
191.282
190.519
189.771
189.049
188.381
187.818
187.427
187.272
187.387
187.69
187.975
187.999
187.602
186.647
184.874
182.293
179.004
174.898
169.904
164.318
158.727
153.74
150.011
148.028
147.892
149.701
153.141
157.358
161.204
164.081
165.817
166.609
166.739
166.433
165.845
165.072
164.171
163.177
162.11
160.981
159.797
158.564
157.296
156.026
154.788
153.605
152.463
151.329
150.174
148.986
147.76
146.502
145.213
143.9
142.568
141.223
139.867
138.504
137.133
135.752
134.358
132.951
131.531
130.1
128.658
127.205
125.74
124.263
122.773
121.272
119.761
118.241
116.711
115.17
113.618
112.053
110.476
108.888
107.288
105.676
104.052
102.418
100.772
99.1169
97.4504
95.7746
94.0893
92.3971
90.6914
264.015
263.221
262.431
261.644
260.862
260.084
259.311
258.544
257.783
257.028
256.281
255.541
254.809
254.086
253.372
252.666
251.971
251.285
250.609
249.942
249.285
248.637
247.997
247.365
246.741
246.123
245.51
244.901
244.295
243.691
243.088
242.483
241.876
241.265
240.649
240.026
239.395
238.753
238.101
237.437
236.759
236.067
235.36
234.638
233.901
233.148
232.377
231.591
230.788
229.969
229.135
228.285
227.42
226.54
225.647
224.74
223.822
222.894
221.957
221.012
220.06
219.104
218.144
217.183
216.221
215.261
214.306
213.356
212.414
211.479
210.553
209.634
208.723
207.82
206.92
206.024
205.127
204.229
203.328
202.422
201.513
200.599
199.681
198.758
197.833
196.915
196.009
195.117
194.234
193.358
192.492
191.632
190.762
189.869
188.972
188.135
187.427
186.965
186.903
187.333
188.147
188.986
189.464
189.375
188.416
186.323
183.569
180.302
176.375
171.724
166.602
161.48
156.956
153.609
151.783
151.826
153.438
156.264
159.583
162.582
164.786
166.104
166.686
166.727
166.393
165.805
165.042
164.154
163.171
162.111
160.982
159.785
158.518
157.202
155.889
154.64
153.484
152.393
151.309
150.189
149.018
147.799
146.539
145.245
143.924
142.585
141.233
139.874
138.509
137.137
135.755
134.36
132.953
131.533
130.101
128.659
127.206
125.741
124.265
122.776
121.275
119.764
118.243
116.713
115.173
113.621
112.057
110.48
108.893
107.294
105.683
104.061
102.428
100.785
99.1324
97.4697
95.7998
94.1209
92.439
90.7428
264.575
263.789
263.006
262.226
261.449
260.675
259.906
259.141
258.382
257.627
256.878
256.135
255.399
254.669
253.946
253.23
252.521
251.82
251.127
250.441
249.762
249.091
248.426
247.768
247.116
246.468
245.825
245.186
244.549
243.914
243.28
242.645
242.008
241.369
240.726
240.077
239.422
238.76
238.089
237.409
236.718
236.017
235.305
234.579
233.839
233.086
232.319
231.539
230.746
229.94
229.12
228.288
227.443
226.585
225.715
224.834
223.941
223.039
222.128
221.21
220.285
219.355
218.423
217.489
216.557
215.627
214.703
213.787
212.88
211.984
211.099
210.223
209.354
208.49
207.627
206.762
205.892
205.012
204.12
203.216
202.3
201.371
200.425
199.463
198.493
197.529
196.581
195.651
194.73
193.811
192.897
191.971
190.977
189.856
188.616
187.343
186.186
185.409
185.339
186.188
187.756
189.34
190.354
190.524
189.423
186.968
184.151
181.103
177.602
173.576
169.205
164.85
161.069
158.295
156.83
156.698
157.799
159.768
162.047
164.096
165.612
166.488
166.838
166.767
166.386
165.783
165.02
164.14
163.168
162.117
160.99
159.777
158.465
157.073
155.697
154.426
153.321
152.313
151.299
150.223
149.072
147.856
146.589
145.283
143.951
142.602
141.243
139.88
138.513
137.14
135.758
134.363
132.955
131.534
130.102
128.659
127.206
125.742
124.266
122.777
121.277
119.766
118.245
116.715
115.175
113.623
112.059
110.483
108.896
107.298
105.688
104.067
102.435
100.794
99.1449
97.4856
95.8209
94.1476
92.4756
90.7877
264.936
264.153
263.373
262.596
261.822
261.051
260.283
259.52
258.76
258.005
257.255
256.51
255.769
255.034
254.305
253.581
252.864
252.153
251.448
250.749
250.057
249.371
248.69
248.015
247.345
246.679
246.017
245.358
244.701
244.046
243.393
242.739
242.085
241.429
240.77
240.107
239.438
238.764
238.082
237.392
236.694
235.987
235.27
234.541
233.802
233.052
232.29
231.515
230.729
229.931
229.122
228.3
227.468
226.624
225.77
224.905
224.03
223.146
222.253
221.353
220.446
219.534
218.619
217.703
216.789
215.878
214.974
214.081
213.2
212.334
211.482
210.642
209.813
208.988
208.164
207.334
206.491
205.632
204.754
203.859
202.946
202.004
201.024
200.015
198.995
197.986
197.003
196.048
195.112
194.198
193.309
192.395
191.334
189.997
188.337
186.424
184.5
183.086
182.758
183.923
186.285
188.646
190.247
190.701
189.347
186.831
184.145
181.394
178.335
174.88
171.158
167.464
164.235
161.821
160.461
160.179
160.862
162.198
163.758
165.167
166.212
166.784
166.969
166.81
166.387
165.768
165.003
164.128
163.165
162.126
161.007
159.774
158.392
156.893
155.427
154.146
153.123
152.23
151.305
150.276
149.14
147.922
146.643
145.323
143.976
142.615
141.25
139.884
138.516
137.143
135.76
134.365
132.956
131.535
130.103
128.66
127.207
125.743
124.267
122.779
121.279
119.768
118.247
116.717
115.177
113.625
112.061
110.486
108.9
107.302
105.693
104.073
102.443
100.803
99.1562
97.5001
95.8398
94.1713
92.5084
90.8278
265.196
264.418
263.641
262.867
262.095
261.326
260.559
259.796
259.036
258.28
257.527
256.779
256.035
255.296
254.561
253.832
253.108
252.389
251.675
250.967
250.265
249.567
248.875
248.187
247.504
246.824
246.149
245.476
244.806
244.138
243.472
242.805
242.138
241.47
240.8
240.126
239.449
238.766
238.078
237.383
236.68
235.97
235.251
234.523
233.785
233.035
232.276
231.506
230.725
229.934
229.133
228.321
227.499
226.667
225.825
224.972
224.111
223.24
222.362
221.475
220.581
219.682
218.778
217.872
216.967
216.068
215.179
214.303
213.445
212.607
211.788
210.986
210.196
209.413
208.629
207.834
207.018
206.172
205.301
204.419
203.518
202.565
201.543
200.471
199.388
198.335
197.324
196.348
195.388
194.524
193.763
192.952
191.921
190.466
188.415
185.72
182.786
180.544
179.978
181.529
184.491
187.32
189.211
189.668
188.374
186.186
183.858
181.453
178.789
175.789
172.559
169.36
166.539
164.375
163.063
162.619
162.967
163.842
164.913
165.897
166.622
167.008
167.068
166.843
166.387
165.753
164.985
164.116
163.162
162.139
161.03
159.771
158.293
156.649
155.076
153.796
152.89
152.142
151.324
150.35
149.226
147.999
146.702
145.363
144
142.627
141.254
139.885
138.518
137.146
135.763
134.367
132.958
131.536
130.103
128.66
127.207
125.744
124.268
122.78
121.28
119.77
118.249
116.719
115.178
113.627
112.063
110.488
108.902
107.306
105.697
104.078
102.448
100.811
99.1658
97.5124
95.8553
94.1911
92.5361
90.8616
265.375
264.599
263.824
263.051
262.28
261.512
260.746
259.983
259.222
258.465
257.712
256.961
256.215
255.473
254.734
254
253.27
252.545
251.824
251.108
250.397
249.691
248.99
248.293
247.601
246.913
246.229
245.547
244.869
244.193
243.518
242.843
242.169
241.493
240.815
240.134
239.451
238.762
238.069
237.37
236.665
235.953
235.232
234.503
233.767
233.022
232.267
231.501
230.726
229.941
229.147
228.343
227.53
226.708
225.876
225.035
224.184
223.323
222.454
221.576
220.691
219.798
218.9
217.998
217.097
216.202
215.321
214.459
213.621
212.81
212.025
211.262
210.516
209.778
209.037
208.28
207.487
206.648
205.782
204.921
204.045
203.09
202.027
200.881
199.705
198.59
197.558
196.554
195.52
194.664
194.147
193.528
192.568
191.095
188.732
185.476
181.915
179.251
178.537
180.275
183.328
186.185
187.883
187.977
186.881
185.326
183.526
181.468
179.113
176.43
173.532
170.658
168.104
166.097
164.804
164.251
164.361
164.925
165.677
166.387
166.906
167.161
167.138
166.866
166.384
165.738
164.968
164.102
163.16
162.156
161.065
159.774
158.19
156.394
154.728
153.461
152.679
152.074
151.36
150.436
149.321
148.081
146.764
145.403
144.02
142.634
141.255
139.885
138.518
137.148
135.765
134.369
132.96
131.537
130.104
128.661
127.208
125.745
124.269
122.782
121.282
119.771
118.25
116.72
115.18
113.628
112.065
110.49
108.905
107.309
105.701
104.082
102.453
100.817
99.1732
97.5219
95.8673
94.2066
92.558
90.8893
265.506
264.732
263.959
263.188
262.418
261.651
260.885
260.122
259.361
258.603
257.848
257.095
256.346
255.6
254.858
254.119
253.385
252.654
251.928
251.206
250.489
249.777
249.069
248.366
247.666
246.971
246.28
245.592
244.908
244.225
243.545
242.865
242.186
241.506
240.824
240.14
239.452
238.761
238.066
237.365
236.66
235.948
235.229
234.502
233.765
233.021
232.268
231.505
230.734
229.954
229.165
228.368
227.562
226.747
225.924
225.091
224.25
223.399
222.538
221.667
220.787
219.898
219
218.097
217.193
216.297
215.417
214.564
213.743
212.958
212.206
211.485
210.787
210.098
209.407
208.687
207.909
207.064
206.218
205.405
204.553
203.585
202.494
201.27
199.963
198.758
197.707
196.648
195.571
194.576
194.119
193.917
193.065
191.357
188.849
185.535
181.959
179.362
178.765
180.447
183.279
185.832
186.972
186.432
185.492
184.63
183.364
181.568
179.396
176.899
174.205
171.534
169.144
167.232
165.941
165.313
165.271
165.636
166.184
166.717
167.102
167.266
167.186
166.878
166.377
165.723
164.951
164.09
163.159
162.178
161.107
159.796
158.137
156.247
154.529
153.275
152.569
152.057
151.413
150.525
149.412
148.156
146.818
145.435
144.035
142.637
141.252
139.881
138.518
137.149
135.768
134.372
132.961
131.538
130.104
128.661
127.208
125.745
124.27
122.783
121.283
119.772
118.251
116.721
115.181
113.629
112.066
110.492
108.907
107.311
105.703
104.085
102.457
100.821
99.1786
97.5287
95.8758
94.2178
92.5744
90.9113
265.593
264.82
264.049
263.279
262.511
261.744
260.979
260.215
259.454
258.695
257.938
257.184
256.432
255.684
254.939
254.197
253.458
252.723
251.992
251.265
250.542
249.825
249.112
248.404
247.7
247.001
246.305
245.613
244.923
244.236
243.551
242.868
242.185
241.502
240.818
240.133
239.445
238.753
238.058
237.357
236.652
235.94
235.221
234.496
233.763
233.021
232.27
231.511
230.743
229.967
229.183
228.391
227.591
226.784
225.968
225.143
224.309
223.466
222.612
221.746
220.869
219.98
219.08
218.17
217.257
216.352
215.47
214.623
213.818
213.059
212.34
211.664
211.014
210.388
209.761
209.076
208.289
207.411
206.607
205.896
205.05
204.028
202.906
201.628
200.22
198.923
197.802
196.604
195.611
195.066
194.226
193.458
192.817
191.358
188.982
185.816
182.52
180.302
179.942
181.495
184.007
186.147
186.705
185.691
184.777
184.327
183.403
181.781
179.681
177.269
174.679
172.123
169.829
167.974
166.683
166.006
165.866
166.103
166.52
166.938
167.234
167.335
167.214
166.881
166.367
165.707
164.935
164.077
163.158
162.198
161.145
159.826
158.132
156.201
154.468
153.228
152.555
152.087
151.474
150.599
149.483
148.213
146.858
145.458
144.043
142.635
141.247
139.877
138.516
137.15
135.77
134.374
132.962
131.538
130.104
128.661
127.208
125.746
124.271
122.783
121.283
119.773
118.252
116.722
115.181
113.63
112.067
110.493
108.908
107.313
105.705
104.087
102.459
100.824
99.182
97.5332
95.8814
94.2257
92.5863
90.9285
265.657
264.886
264.116
263.348
262.58
261.814
261.05
260.286
259.524
258.763
258.005
257.248
256.494
255.743
254.995
254.25
253.509
252.77
252.034
251.303
250.576
249.853
249.136
248.424
247.716
247.013
246.314
245.619
244.927
244.238
243.552
242.867
242.182
241.498
240.813
240.126
239.438
238.746
238.051
237.351
236.647
235.937
235.22
234.495
233.763
233.023
232.274
231.517
230.753
229.981
229.201
228.414
227.619
226.817
226.007
225.19
224.364
223.529
222.682
221.823
220.949
220.059
219.151
218.228
217.3
216.379
215.489
214.641
213.849
213.114
212.427
211.799
211.199
210.648
210.11
209.464
208.622
207.678
206.939
206.372
205.523
204.424
203.2
201.857
200.546
199.395
198.207
196.817
195.575
194.809
194.275
193.638
192.689
191.203
189.005
186.133
183.243
181.425
181.272
182.808
185.113
186.857
186.933
185.665
184.708
184.342
183.569
182.046
179.962
177.572
175.025
172.525
170.282
168.459
167.169
166.458
166.254
166.408
166.739
167.082
167.318
167.377
167.227
166.877
166.355
165.692
164.919
164.066
163.156
162.21
161.167
159.851
158.16
156.225
154.495
153.265
152.599
152.137
151.525
150.65
149.529
148.25
146.882
145.469
144.044
142.631
141.241
139.874
138.516
137.152
135.772
134.375
132.963
131.538
130.104
128.661
127.208
125.746
124.271
122.783
121.284
119.773
118.252
116.722
115.182
113.63
112.067
110.493
108.909
107.313
105.706
104.088
102.46
100.826
99.1841
97.536
95.885
94.2311
92.5946
90.9415
265.697
264.927
264.158
263.391
262.624
261.859
261.094
260.331
259.569
258.807
258.048
257.29
256.535
255.782
255.031
254.283
253.538
252.795
252.056
251.321
250.59
249.865
249.144
248.429
247.719
247.013
246.311
245.612
244.916
244.223
243.533
242.846
242.161
241.478
240.795
240.111
239.426
238.737
238.044
237.345
236.641
235.931
235.215
234.493
233.762
233.024
232.278
231.524
230.762
229.993
229.217
228.435
227.645
226.85
226.047
225.236
224.416
223.588
222.749
221.897
221.026
220.135
219.218
218.276
217.324
216.385
215.482
214.631
213.85
213.133
212.474
211.884
211.338
210.882
210.44
209.836
208.846
207.811
207.199
206.609
205.842
204.908
203.574
201.86
200.437
199.299
198.19
196.99
195.96
195.141
194.26
193.407
192.476
191.051
189.033
186.43
183.872
182.365
182.396
183.982
186.192
187.647
187.35
185.943
184.903
184.45
183.721
182.277
180.214
177.819
175.278
172.8
170.582
168.773
167.483
166.748
166.501
166.601
166.877
167.171
167.368
167.398
167.229
166.869
166.342
165.678
164.906
164.054
163.151
162.211
161.169
159.861
158.196
156.28
154.561
153.338
152.661
152.188
151.563
150.68
149.552
148.266
146.891
145.474
144.045
142.629
141.239
139.873
138.515
137.152
135.773
134.376
132.963
131.538
130.104
128.661
127.208
125.746
124.271
122.784
121.284
119.773
118.253
116.722
115.182
113.63
112.067
110.493
108.909
107.314
105.707
104.088
102.461
100.827
99.1853
97.5378
95.8871
94.2346
92.5999
90.9507
265.726
264.958
264.191
263.425
262.66
261.896
261.132
260.368
259.603
258.84
258.078
257.318
256.561
255.807
255.056
254.306
253.557
252.81
252.066
251.326
250.592
249.863
249.14
248.423
247.711
247.004
246.3
245.6
244.904
244.212
243.523
242.836
242.151
241.467
240.782
240.099
239.413
238.726
238.034
237.338
236.636
235.928
235.214
234.492
233.763
233.027
232.282
231.53
230.77
230.003
229.23
228.45
227.664
226.872
226.076
225.272
224.461
223.641
222.81
221.965
221.1
220.209
219.281
218.316
217.333
216.368
215.451
214.602
213.832
213.124
212.496
211.923
211.416
211.124
210.766
210.149
208.979
207.747
207.411
206.734
205.491
204.474
203.328
201.935
200.68
199.479
198.26
197.082
196.007
195.107
194.269
193.355
192.274
190.912
189.086
186.711
184.384
183.072
183.238
184.866
187.003
188.231
187.631
186.151
185.032
184.492
183.766
182.404
180.403
178.011
175.459
172.983
170.771
168.967
167.673
166.923
166.649
166.715
166.957
167.22
167.392
167.404
167.224
166.858
166.329
165.665
164.894
164.046
163.144
162.203
161.155
159.858
158.228
156.334
154.629
153.41
152.717
152.226
151.585
150.692
149.559
148.272
146.895
145.475
144.045
142.629
141.24
139.874
138.516
137.152
135.773
134.376
132.963
131.538
130.104
128.661
127.208
125.746
124.271
122.784
121.284
119.773
118.253
116.722
115.182
113.63
112.067
110.494
108.909
107.314
105.707
104.089
102.461
100.827
99.1859
97.5386
95.8882
94.2364
92.603
90.9568
265.742
264.973
264.207
263.442
262.68
261.918
261.156
260.393
259.628
258.863
258.098
257.335
256.576
255.821
255.069
254.319
253.568
252.818
252.07
251.325
250.586
249.854
249.13
248.413
247.701
246.992
246.285
245.58
244.88
244.184
243.494
242.807
242.125
241.445
240.766
240.087
239.406
238.721
238.031
237.336
236.635
235.928
235.214
234.494
233.767
233.032
232.289
231.538
230.78
230.015
229.244
228.467
227.685
226.898
226.103
225.302
224.496
223.682
222.856
222.018
221.161
220.272
219.335
218.349
217.336
216.339
215.404
214.553
213.797
213.098
212.468
211.901
211.362
211.109
210.924
210.245
208.975
207.752
207.138
206.608
205.607
204.624
203.395
201.936
200.658
199.459
198.29
197.162
196.126
195.189
194.244
193.252
192.155
190.845
189.14
186.893
184.693
183.493
183.738
185.388
187.467
188.545
187.769
186.266
185.077
184.462
183.746
182.433
180.499
178.138
175.582
173.098
170.883
169.077
167.779
167.018
166.728
166.774
166.996
167.242
167.4
167.403
167.217
166.849
166.32
165.657
164.886
164.04
163.141
162.198
161.143
159.848
158.246
156.369
154.68
153.46
152.753
152.246
151.593
150.693
149.558
148.27
146.894
145.475
144.046
142.631
141.241
139.874
138.516
137.152
135.773
134.376
132.963
131.538
130.104
128.661
127.208
125.746
124.271
122.783
121.284
119.773
118.253
116.722
115.182
113.63
112.067
110.494
108.909
107.314
105.707
104.089
102.462
100.827
99.1861
97.5389
95.8886
94.2372
92.6043
90.9603
265.752
264.984
264.218
263.454
262.692
261.93
261.168
260.405
259.64
258.874
258.108
257.345
256.585
255.828
255.075
254.324
253.573
252.822
252.073
251.327
250.585
249.851
249.125
248.407
247.695
246.987
246.282
245.58
244.882
244.188
243.497
242.81
242.125
241.442
240.761
240.082
239.401
238.718
238.03
237.335
236.635
235.929
235.215
234.495
233.768
233.032
232.289
231.538
230.781
230.016
229.246
228.47
227.688
226.9
226.107
225.309
224.504
223.691
222.868
222.031
221.174
220.285
219.349
218.364
217.352
216.353
215.415
214.56
213.796
213.105
212.477
211.895
211.404
211.118
210.806
210.182
209.01
207.821
207.304
206.652
205.586
204.502
203.341
201.96
200.699
199.488
198.305
197.161
196.112
195.175
194.243
193.253
192.116
190.832
189.175
186.984
184.832
183.664
183.918
185.58
187.632
188.641
187.802
186.304
185.096
184.454
183.713
182.388
180.476
178.167
175.629
173.148
170.934
169.126
167.825
167.056
166.758
166.795
167.009
167.248
167.4
167.399
167.211
166.843
166.314
165.653
164.885
164.041
163.142
162.195
161.135
159.836
158.246
156.381
154.704
153.486
152.77
152.252
151.594
150.69
149.555
148.268
146.893
145.475
144.047
142.631
141.242
139.875
138.517
137.152
135.772
134.375
132.963
131.538
130.104
128.661
127.208
125.746
124.271
122.783
121.284
119.773
118.253
116.722
115.182
113.63
112.067
110.494
108.909
107.314
105.707
104.089
102.462
100.827
99.186
97.5389
95.8886
94.2373
92.6046
90.9616
89.3985
87.6913
85.8743
83.9396
81.8881
79.7231
77.4423
75.0407
72.5111
69.8451
67.0336
64.0664
60.9329
57.6211
54.1178
50.4083
46.4769
42.3042
37.871
33.151
28.1296
22.7552
17.0223
10.7926
4.08653
89.3306
87.6117
85.7852
83.8505
81.8003
79.635
77.354
74.9521
72.422
69.7553
66.943
63.975
60.8406
57.5278
54.0237
50.3131
46.3811
42.2079
37.7754
33.0552
28.0325
22.6574
16.915
10.6943
3.98928
89.2387
87.5251
85.6956
83.7602
81.7132
79.5509
77.2716
74.8708
72.3418
69.6759
66.8642
63.8968
60.763
57.4509
53.9476
50.2382
46.3072
42.1347
37.7026
32.9838
27.9597
22.5848
16.8403
10.6226
3.92077
89.159
87.4453
85.6138
83.6765
81.6303
79.47
77.192
74.792
72.2632
69.5976
66.786
63.8186
60.6847
57.3724
53.869
50.1592
46.2277
42.0547
37.622
32.9029
27.8768
22.5037
16.7561
10.5448
3.85332
89.0882
87.3682
85.5355
83.5966
81.5504
79.3916
77.1151
74.7161
72.188
69.5229
66.7119
63.745
60.6116
57.2996
53.7964
50.087
46.1558
41.9833
37.5514
32.8332
27.808
22.4336
16.6876
10.4789
3.797
89.025
87.2971
85.4626
83.5224
81.4758
79.3176
77.0422
74.6439
72.1163
69.4516
66.6408
63.6739
60.5404
57.2283
53.725
50.0154
46.0841
41.9115
37.4797
32.7616
27.7365
22.3619
16.6175
10.4126
3.74515
88.9674
87.2313
85.394
83.4525
81.405
79.247
76.9722
74.5745
72.0474
69.383
66.5725
63.6059
60.4727
57.1609
53.6578
49.9485
46.0176
41.8454
37.4142
32.6968
27.6722
22.2978
16.5547
10.3544
3.70047
88.9141
87.1704
85.3298
83.3867
81.3384
79.1801
76.9057
74.5086
71.9819
69.3178
66.5076
63.5412
60.4081
57.0964
53.5933
49.8839
45.9528
41.7806
37.3493
32.6318
27.6074
22.2335
16.4925
10.298
3.66021
88.8643
87.114
85.2696
83.3248
81.2755
79.1169
76.8426
74.4459
71.9195
69.2557
66.4456
63.4794
60.3465
57.0349
53.532
49.8227
45.8919
41.7201
37.2893
32.5724
27.5486
22.1755
16.4363
10.2476
3.625
88.8178
87.0616
85.2134
83.2667
81.2164
79.0573
76.783
74.3865
71.8604
69.1968
66.3869
63.4208
60.2881
56.9766
53.4737
49.7646
45.8338
41.662
37.2312
32.5143
27.4907
22.1184
16.3816
10.1994
3.59347
88.7742
87.0127
85.161
83.2123
81.1609
79.0012
76.7267
74.3303
71.8044
69.141
66.3313
63.3653
60.2327
56.9213
53.4186
49.7095
45.7789
41.6073
37.1768
32.4605
27.4376
22.0666
16.332
10.1565
3.56584
88.7333
86.9673
85.1122
83.1615
81.1089
78.9486
76.6738
74.2774
71.7517
69.0884
66.2788
63.313
60.1804
56.8692
53.3665
49.6576
45.7271
41.5557
37.1254
32.4091
27.3865
22.0164
16.2846
10.1155
3.54104
88.6951
86.925
85.0668
83.1141
81.0603
78.8993
76.6242
74.2277
71.7021
69.039
66.2294
63.2637
60.1313
56.8201
53.3176
49.6088
45.6784
41.5072
37.077
32.3612
27.3394
21.9707
16.2414
10.0792
3.51935
88.6594
86.8857
85.0247
83.07
81.0151
78.8534
76.578
74.1814
71.6558
68.9927
66.1833
63.2176
60.0852
56.7742
53.2717
49.563
45.6329
41.4618
37.0319
32.3163
27.295
21.9274
16.2008
10.045
3.49987
88.6262
86.8492
84.9856
83.0292
80.9731
78.8108
76.535
74.1383
71.6126
68.9496
66.1402
63.1747
60.0424
56.7314
53.229
49.5205
45.5904
41.4195
36.9898
32.2746
27.2539
21.8878
16.1638
10.0145
3.48288
88.5953
86.8155
84.9497
82.9915
80.9344
78.7714
76.4952
74.0984
71.5727
68.9097
66.1004
63.1348
60.0026
56.6917
53.1894
49.481
45.5511
41.3804
36.951
32.2361
27.216
21.8511
16.1297
9.98643
3.46764
88.5669
86.7845
84.9166
82.9569
80.8988
78.7352
76.4587
74.0617
71.536
68.873
66.0637
63.0982
59.966
56.6551
53.153
49.4447
45.5149
41.3444
36.9152
32.2007
27.1812
21.8176
16.0988
9.96141
3.45442
88.5407
86.7561
84.8864
82.9253
80.8663
78.7022
76.4255
74.0283
71.5025
68.8395
66.0302
63.0647
59.9325
56.6217
53.1197
49.4115
45.4819
41.3116
36.8826
32.1685
27.1496
21.7872
16.0708
9.93881
3.44266
88.5168
86.7302
84.8589
82.8967
80.8369
78.6723
76.3953
73.998
71.4722
68.8092
65.9998
63.0343
59.9022
56.5914
53.0895
49.3814
45.452
41.2819
36.8532
32.1394
27.1211
21.7598
16.0457
9.91883
3.43254
88.4951
86.7068
84.8342
82.871
80.8106
78.6456
76.3684
73.971
71.4451
68.782
65.9727
63.0071
59.875
56.5643
53.0624
49.3545
45.4253
41.2554
36.8269
32.1135
27.0957
21.7355
16.0235
9.90123
3.42369
88.4755
86.6858
84.8121
82.8481
80.7872
78.6219
76.3446
73.9471
71.4212
68.7581
65.9487
62.9831
59.851
56.5403
53.0385
49.3308
45.4017
41.2321
36.8038
32.0907
27.0734
21.7143
16.0042
9.88598
3.41619
88.4582
86.6673
84.7926
82.828
80.7667
78.6013
76.3239
73.9264
71.4005
68.7373
65.9279
62.9623
59.8301
56.5195
53.0178
49.3102
45.3813
41.2118
36.7838
32.071
27.0542
21.696
15.9876
9.87301
3.40984
88.4429
86.651
84.7757
82.8107
80.7492
78.5837
76.3063
73.9089
71.383
68.7198
65.9102
62.9446
59.8124
56.5018
53.0002
49.2927
45.3641
41.1948
36.767
32.0545
27.0382
21.6808
15.9738
9.86224
3.40464
88.4298
86.6371
84.7612
82.796
80.7345
78.5691
76.2919
73.8945
71.3686
68.7054
65.8958
62.9301
59.7979
56.4873
52.9858
49.2785
45.35
41.1809
36.7534
32.0412
27.0252
21.6685
15.9627
9.85365
3.40049
88.4187
86.6255
84.7493
82.784
80.7226
78.5575
76.2805
73.8833
71.3575
68.6942
65.8845
62.9187
59.7865
56.476
52.9746
49.2674
45.3391
41.1702
36.7429
32.0309
27.0153
21.6591
15.9543
9.84717
3.39738
88.4097
86.6161
84.7398
82.7747
80.7136
78.5488
76.2722
73.8752
71.3495
68.6862
65.8764
62.9105
59.7783
56.4678
52.9665
49.2595
45.3313
41.1627
36.7356
32.0239
27.0085
21.6528
15.9486
9.84279
3.39525
88.4028
86.6089
84.7327
82.7679
80.7073
78.5431
76.2669
73.8703
71.3447
68.6813
65.8715
62.9056
59.7733
56.4628
52.9617
49.2547
45.3268
41.1584
36.7314
32.0199
27.0048
21.6493
15.9455
9.84048
3.39409
88.3975
86.6035
84.7275
82.7632
80.7034
78.54
76.2645
73.8683
71.3429
68.6795
65.8696
62.9036
59.7712
56.4608
52.9598
49.253
45.3253
41.1571
36.7304
32.0191
27.0041
21.6488
15.9451
9.84022
3.39388
88.3948
86.6008
84.7252
82.7618
80.7031
78.5408
76.2662
73.8707
71.3455
68.6822
65.8721
62.906
59.7736
56.4633
52.9623
49.2558
45.3282
41.1603
36.7338
32.0227
27.0078
21.6525
15.9485
9.84289
3.39504
88.3954
86.6015
84.7265
82.7641
80.7066
78.5456
76.2723
73.8775
71.3527
68.6894
65.8792
62.913
59.7806
56.4703
52.9695
49.2631
45.3358
41.1681
36.7418
32.0308
27.016
21.6604
15.9557
9.84855
3.39759
88.3997
86.6059
84.7315
82.7701
80.7141
78.5547
76.2827
73.8889
71.3645
68.7012
65.8909
62.9246
59.7921
56.4819
52.9812
49.2751
45.348
41.1804
36.7544
32.0435
27.0286
21.6726
15.9668
9.85723
3.40162
88.4082
86.6147
84.7408
82.7803
80.7256
78.568
76.2976
73.9048
71.3808
68.7176
65.9072
62.9408
59.8083
56.4981
52.9976
49.2916
45.3647
41.1974
36.7715
32.0608
27.0457
21.6891
15.9819
9.86899
3.40714
88.4219
86.6286
84.7551
82.7952
80.7417
78.5857
76.3169
73.9253
71.4019
68.7387
65.9282
62.9616
59.829
56.5189
53.0186
49.3128
45.3861
41.219
36.7933
32.0826
27.0673
21.7099
16.0009
9.88395
3.41429
88.4413
86.6485
84.7751
82.8156
80.7629
78.6082
76.3409
73.9505
71.4275
68.7644
65.9537
62.987
59.8544
56.5444
53.0442
49.3386
45.4122
41.2453
36.8197
32.1089
27.0934
21.735
16.0239
9.90216
3.42312
88.4668
86.675
84.8019
82.8422
80.7897
78.6358
76.3699
73.9804
71.458
68.7948
65.9839
63.017
59.8845
56.5745
53.0744
49.3691
45.4428
41.2761
36.8507
32.1399
27.124
21.7646
16.0511
9.92382
3.43388
88.498
86.7083
84.8356
82.8756
80.8227
78.6692
76.4041
74.0154
71.4932
68.8299
66.0188
63.0518
59.9191
56.6093
53.1093
49.4041
45.4781
41.3116
36.8863
32.1755
27.1592
21.7986
16.0825
9.94897
3.44663
88.5357
86.7479
84.8762
82.916
80.8625
78.7086
76.4438
74.0555
71.5333
68.8698
66.0583
63.0911
59.9585
56.6487
53.1489
49.4439
45.5181
41.3517
36.9265
32.2156
27.199
21.8371
16.1182
9.97797
3.46176
88.5769
86.7932
84.9234
82.9634
80.9091
78.7545
76.4894
74.101
71.5785
68.9144
66.1026
63.1352
60.0025
56.6927
53.1931
49.4883
45.5627
41.3965
36.9713
32.2604
27.2434
21.8802
16.1583
10.0107
3.47939
88.6229
86.8441
84.977
83.0176
80.9626
78.807
76.5412
74.1521
71.6287
68.964
66.1516
63.1839
60.0512
56.7415
53.242
49.5374
45.6119
41.4459
37.0208
32.3099
27.2924
21.9279
16.2031
10.0479
3.50006
88.6739
86.9006
85.0369
83.0786
81.023
78.8662
76.5991
74.2087
71.6841
69.0184
66.2054
63.2374
60.1046
56.795
53.2956
49.5911
45.6658
41.4999
37.075
32.3639
27.3461
21.9802
16.2522
10.0892
3.52402
88.7304
86.9633
85.1035
83.1464
81.0903
78.9323
76.6635
74.2711
71.7447
69.0777
66.264
63.2957
60.1627
56.8531
53.3539
49.6495
45.7244
41.5586
37.1337
32.4227
27.4045
22.0373
16.3068
10.1355
3.55197
88.793
87.0327
85.1772
83.2214
81.1648
79.0053
76.7341
74.339
71.8104
69.142
66.3275
63.3587
60.2256
56.916
53.4168
49.7126
45.7876
41.622
37.1971
32.486
27.4674
22.0991
16.3655
10.1865
3.58438
88.8596
87.1067
85.2552
83.3002
81.243
79.0817
76.8075
74.4092
71.8782
69.2082
66.3928
63.4236
60.2903
56.9807
53.4816
49.7775
45.8526
41.6871
37.2622
32.5512
27.5324
22.1631
16.4278
10.2407
3.62052
88.9267
87.1816
85.333
83.3781
81.3201
79.1565
76.8788
74.4772
71.9438
69.2723
66.4561
63.4864
60.3529
57.0433
53.5442
49.8402
45.9154
41.75
37.3251
32.614
27.5949
22.2249
16.4876
10.2943
3.65821
88.9937
87.2563
85.4092
83.4538
81.3945
79.2281
76.9467
74.5419
72.0064
69.3336
66.5166
63.5465
60.4128
57.1031
53.604
49.9001
45.9753
41.8101
37.3852
32.6744
27.6551
22.2846
16.5467
10.3469
3.69697
89.0602
87.3299
85.4829
83.5269
81.4654
79.2956
77.0107
74.6031
72.0657
69.3917
66.574
63.6034
60.4695
57.1597
53.6607
49.9568
46.0321
41.8669
37.4418
32.7309
27.7116
22.3407
16.6017
10.3976
3.73621
89.1257
87.4006
85.5525
83.5957
81.5322
79.3588
77.0706
74.6606
72.1216
69.4465
66.628
63.6571
60.523
57.2132
53.7141
50.0103
46.0857
41.9205
37.4954
32.7848
27.7654
22.3943
16.6553
10.4466
3.77565
89.1889
87.4663
85.6172
83.6599
81.5941
79.4174
77.1265
74.7145
72.174
69.4978
66.6787
63.7074
60.5731
57.2632
53.7641
50.0603
46.1357
41.9706
37.5453
32.8344
27.8151
22.444
16.7045
10.493
3.81473
89.2476
87.5253
85.6764
83.7191
81.6511
79.4716
77.1784
74.7646
72.2228
69.5457
66.726
63.7544
60.6199
57.3101
53.811
50.1073
46.1826
42.0176
37.5922
32.8816
27.8622
22.4912
16.752
10.5374
3.85324
89.2999
87.5773
85.7304
83.7733
81.7033
79.5215
77.2264
74.811
72.268
69.5901
66.7699
63.798
60.6633
57.3534
53.8543
50.1507
46.2259
42.0609
37.6351
32.9237
27.9051
22.5346
16.7952
10.579
3.8907
89.3457
87.6232
85.7796
83.8229
81.7508
79.567
77.2704
74.8537
72.3097
69.6313
66.8107
63.8386
60.7039
57.394
53.8949
50.1913
46.2665
42.1013
37.6756
32.9631
27.9457
22.5755
16.8368
10.6183
3.92706
89.386
87.6642
85.8245
83.8677
81.7937
79.6084
77.3105
74.8927
72.3479
69.6689
66.848
63.8757
60.741
57.4311
53.9319
50.2284
46.3036
42.1382
37.7125
32.9989
27.982
22.6127
16.8742
10.6548
3.96182
89.4211
87.7008
85.865
83.9076
81.8321
79.6458
77.3469
74.9283
72.383
69.7038
66.8828
63.9104
60.7756
57.4657
53.9667
50.2631
46.3387
42.1729
37.7483
33.0334
28.0167
22.6484
16.9116
10.6893
3.99527
89.4507
87.7333
85.9009
83.9427
81.8662
79.6792
77.3796
74.9605
72.4148
69.7353
66.914
63.9416
60.8067
57.4965
53.9974
50.2934
46.3694
42.2027
37.7788
33.0624
28.0469
22.6791
16.9436
10.721
4.02663
89.4757
87.7622
85.9322
83.9735
81.8967
79.7093
77.4095
74.9902
72.4449
69.7653
66.9443
63.9718
60.8373
57.5274
54.0293
50.3253
46.4019
42.2346
37.8113
33.0935
28.0796
22.7119
16.9798
10.755
4.05703
89.4978
87.788
85.9592
84.0003
81.9234
79.7357
77.4354
75.0156
72.4702
69.7904
66.9692
63.9967
60.8625
57.5526
54.0556
50.3516
46.4283
42.2604
37.8374
33.1186
28.1061
22.7384
17.007
10.7827
4.08318
89.5185
87.8127
85.985
84.0268
81.9505
79.763
77.4627
75.0458
72.4984
69.8184
66.9971
64.0247
60.8921
57.583
54.0878
50.3839
46.461
42.2926
37.87
33.1504
28.1389
22.7716
17.0419
10.8191
4.11316
)
;

boundaryField
{
    inlet
    {
        type            zeroGradient;
    }
    outlet
    {
        type            fixedValue;
        value           uniform 0;
    }
    upperWall
    {
        type            zeroGradient;
    }
    lowerWall
    {
        type            zeroGradient;
    }
    frontAndBack
    {
        type            empty;
    }
}


// ************************************************************************* //
