/*--------------------------------*- C++ -*----------------------------------*\
  =========                 |
  \\      /  F ield         | OpenFOAM: The Open Source CFD Toolbox
   \\    /   O peration     | Website:  https://openfoam.org
    \\  /    A nd           | Version:  7
     \\/     M anipulation  |
\*---------------------------------------------------------------------------*/
FoamFile
{
    version     2.0;
    format      ascii;
    class       volScalarField;
    location    "0.062";
    object      nut;
}
// * * * * * * * * * * * * * * * * * * * * * * * * * * * * * * * * * * * * * //

dimensions      [0 2 -1 0 0 0 0];

internalField   nonuniform List<scalar> 
12225
(
0
0
0
0
0
0
4.19234e-12
0
0
0
0
0
0
0
0
0
0
0
0
0
0
0
0
1.24058e-10
2.74187e-10
6.60426e-11
0
0
0
0
0
0
0
0
0
0
0
1.04094e-09
2.94334e-10
0
6.78285e-11
9.56001e-10
8.6164e-10
2.14537e-10
0
0
0
0
0
0
0
0
0
0
2.02572e-08
2.77512e-08
9.17297e-09
0
0
2.42468e-10
0
0
0
0
0
0
0
0
0
0
0
0
1.7094e-07
2.30413e-07
1.27155e-07
0
0
0
0
0
0
0
2.72071e-10
5.51983e-10
6.13993e-10
6.36943e-10
8.59478e-10
3.89155e-10
1.02455e-09
0
2.35882e-07
3.36394e-07
2.62992e-07
1.93751e-07
1.38453e-07
9.56724e-08
3.65594e-08
0
0
0
9.39817e-09
1.15683e-08
8.14667e-09
2.29934e-09
0
0
0
0
3.86305e-07
5.52783e-07
4.75851e-07
4.27628e-07
4.25951e-07
3.44576e-07
1.47171e-07
4.91355e-08
4.5647e-08
4.65598e-08
4.95567e-08
4.92574e-08
2.6645e-08
1.56553e-09
0
0
0
0
4.96337e-07
5.3475e-07
4.43584e-07
4.91602e-07
8.0155e-07
2.45972e-07
2.54768e-08
3.38259e-08
6.25265e-08
6.7029e-08
5.56764e-08
4.90958e-08
3.89838e-08
1.75861e-08
2.39717e-09
0
0
0
3.66419e-07
4.82197e-07
2.8432e-07
1.13114e-07
2.11621e-07
1.26191e-08
0
2.69649e-08
1.09156e-07
1.20239e-07
6.92915e-08
2.86748e-08
2.41529e-08
2.71854e-08
2.36445e-08
9.32403e-09
0
0
8.16951e-09
4.7458e-07
4.00255e-07
3.62972e-07
2.99196e-07
0
0
2.01746e-08
1.91436e-07
1.92334e-07
1.09699e-07
6.11268e-08
3.20113e-08
1.01011e-08
0
0
0
0
0
1.46343e-07
6.6655e-07
7.58074e-07
1.04306e-06
5.11118e-07
1.75384e-07
2.4304e-07
5.80347e-07
5.35893e-07
3.61022e-07
1.26047e-07
0
0
0
0
0
0
1.75197e-08
5.58407e-07
7.0384e-07
7.95417e-07
1.05758e-06
1.23636e-06
8.09825e-07
6.50259e-07
1.55005e-06
1.28425e-06
8.5021e-07
1.75963e-07
0
0
0
0
0
0
4.06279e-07
4.98059e-07
5.60379e-07
6.76077e-07
1.02074e-06
1.45838e-06
7.03682e-07
0
1.90472e-07
5.11911e-07
5.02324e-07
2.05973e-07
0
0
0
0
0
0
3.40043e-07
1.67709e-07
7.72136e-08
3.76051e-07
1.17419e-06
2.46702e-07
0
0
4.59448e-08
1.44048e-07
1.41236e-07
6.54279e-08
0
0
0
0
0
0
9.03788e-08
1.75191e-07
0
0
0
0
0
0
0
0
1.38329e-08
5.78514e-09
0
0
0
0
0
0
0
0
0
0
0
0
1.67647e-07
1.97035e-07
4.58524e-08
0
0
0
1.07873e-08
7.17684e-08
2.16696e-07
2.37857e-07
1.25277e-07
3.33605e-08
0
0
0
0
0
0
0
2.01598e-08
0
0
0
0
0
0
0
2.2871e-07
2.77568e-07
2.24199e-07
0
0
0
0
0
0
0
0
0
9.47765e-08
7.56307e-08
0
0
0
0
0
0
0
0
0
0
0
0
7.40046e-08
0
0
0
0
5.96375e-08
8.84495e-08
3.49141e-09
0
0
0
0
0
9.40917e-08
1.70251e-07
0
4.75635e-08
2.17876e-07
1.26041e-07
0
0
0
0
0
0
7.99867e-08
9.27342e-08
0
0
0
0
1.47049e-07
9.97327e-09
0
0
0
0
0
0
0
0
2.98035e-07
9.29561e-07
7.12952e-07
3.69314e-07
9.46391e-08
0
0
0
0
0
0
0
0
0
0
0
0
0
0
4.41618e-07
6.23154e-07
5.39832e-07
3.66854e-07
2.25463e-07
1.3843e-07
9.67709e-08
2.31689e-08
1.02629e-07
0
0
0
0
0
0
0
0
0
6.53726e-08
2.3888e-07
3.47622e-07
3.79626e-07
3.66099e-07
3.51318e-07
3.54907e-07
1.69926e-08
1.74727e-07
0
0
0
2.38131e-08
3.80007e-08
6.78185e-09
0
0
0
0
0
1.29462e-07
1.80912e-07
1.48652e-07
1.18026e-07
1.42976e-07
4.6248e-08
1.68074e-07
0
0
0
2.72071e-08
5.12746e-08
6.73167e-08
5.64905e-08
0
0
0
0
0
0
0
0
0
2.75407e-07
1.878e-07
1.65961e-08
0
2.76911e-08
2.87212e-08
0
0
0
0
0
0
0
0
0
0
0
0
9.10872e-08
0
0
0
0
0
0
0
0
0
0
0
0
0
0
0
0
0
6.73601e-09
0
0
0
0
0
0
0
0
0
0
0
0
0
0
0
0
0
7.8006e-09
0
0
0
0
0
0
0
0
0
0
0
0
0
0
0
0
0
6.33322e-08
0
0
0
0
0
0
0
0
0
0
0
0
0
0
0
0
0
0
0
5.36574e-08
0
0
0
4.58627e-07
7.67211e-07
5.16047e-07
1.28735e-07
0
0
0
0
0
0
0
0
0
0
0
0
2.16612e-08
4.1169e-08
5.41756e-08
5.88532e-08
5.13026e-08
3.03184e-08
0
0
7.14629e-09
6.59109e-08
5.07093e-08
0
0
0
0
0
0
0
1.24329e-06
3.87849e-06
8.33719e-06
8.60596e-06
1.13264e-05
1.76731e-05
3.10129e-05
2.52988e-05
7.76771e-06
1.234e-06
2.17626e-07
9.6105e-09
0
0
1.27113e-08
2.98146e-08
3.84111e-08
3.98591e-08
3.77436e-08
3.17754e-08
2.61636e-08
2.05364e-08
1.508e-08
1.11518e-08
7.48786e-09
4.77006e-09
2.45073e-09
3.42548e-10
0
0
0
0
0
0
0
0
0
0
0
0
0
0
0
0
0
0
0
0
0
0
0
0
0
0
0
0
0
0
0
0
0
0
0
0
0
0
0
0
0
0
0
0
0
0
0
0
0
0
0
0
0
0
0
0
0
0
0
0
0
0
0
0
0
0
0
0
0
0
0
0
0
0
0
0
0
0
0
0
0
0
0
0
0
0
0
0
0
0
0
0
0
0
0
0
0
0
0
0
0
0
0
0
0
0
0
0
0
0
1.78411e-10
5.04401e-11
0
0
0
0
0
1.53531e-07
8.86011e-07
1.23485e-06
1.206e-06
8.79757e-07
4.45447e-07
7.98673e-08
0
0
0
0
0
0
0
0
0
0
3.24906e-08
5.7778e-08
7.16793e-08
7.10961e-08
5.32133e-08
2.41714e-08
0
4.78518e-09
1.1145e-07
2.39093e-07
1.99222e-07
5.21301e-08
0
6.72655e-09
0
0
0
1.13427e-07
1.04164e-06
0
0
0
0
6.5502e-07
1.24599e-06
1.82732e-06
1.18058e-06
5.02293e-07
1.92825e-07
5.55501e-08
1.18242e-08
1.06012e-08
2.05949e-08
2.87317e-08
3.26849e-08
3.36584e-08
3.27409e-08
3.0635e-08
2.78011e-08
2.46809e-08
2.10486e-08
1.73111e-08
1.32649e-08
9.20089e-09
5.10799e-09
1.05078e-09
0
0
0
0
0
0
0
0
0
0
0
0
0
0
0
0
0
0
0
0
0
0
0
0
0
0
0
0
0
0
0
0
0
0
0
0
0
0
0
0
0
0
0
0
0
0
0
0
0
0
0
0
0
0
0
0
0
0
0
0
0
0
0
0
0
0
0
0
0
0
0
0
0
0
0
0
0
0
0
0
0
0
0
0
0
0
0
0
0
0
0
0
0
0
0
0
0
0
0
0
0
0
0
0
0
0
0
0
0
7.04695e-13
1.41663e-10
0
0
2.73795e-07
0
0
0
1.64317e-07
8.62414e-07
1.15359e-06
1.17456e-06
1.13156e-06
1.07502e-06
1.00831e-06
9.23765e-07
8.1344e-07
6.71796e-07
4.94516e-07
2.95992e-07
1.21234e-07
9.08047e-09
0
0
0
0
0
0
0
0
0
0
0
2.31287e-07
4.88275e-07
4.94645e-07
5.59432e-07
8.7644e-07
1.31419e-06
1.15371e-06
0
0
0
0
0
0
0
0
1.07118e-07
5.62127e-08
1.8433e-07
2.29226e-07
1.54088e-07
8.23898e-08
5.49809e-08
6.07912e-08
8.2317e-08
1.05036e-07
1.21074e-07
1.2803e-07
1.26273e-07
1.19985e-07
1.09198e-07
9.65655e-08
8.2428e-08
6.79727e-08
5.39521e-08
4.07386e-08
2.83331e-08
1.6747e-08
5.94425e-09
0
0
0
0
0
0
0
0
0
0
0
0
0
0
0
0
0
0
0
0
0
0
0
0
0
0
0
0
0
0
0
0
0
0
0
0
0
0
0
0
0
0
0
0
0
0
0
0
0
0
0
0
8.54386e-10
1.549e-09
1.80997e-09
1.82365e-09
1.66326e-09
1.36754e-09
1.0199e-09
6.56374e-10
2.93962e-10
0
0
0
0
0
0
0
0
0
0
0
0
0
0
0
0
0
0
0
0
0
0
0
0
0
0
0
0
0
0
0
0
0
0
0
0
0
0
0
0
0
0
0
0
0
0
0
8.54497e-13
0
4.75022e-11
0
2.24507e-06
1.37767e-06
4.15488e-07
5.26679e-08
7.86079e-08
4.54116e-07
9.66502e-07
1.1233e-06
1.14417e-06
1.19426e-06
1.26438e-06
1.34063e-06
1.40286e-06
1.41043e-06
1.36322e-06
1.25209e-06
1.05682e-06
7.92532e-07
5.42373e-07
4.37342e-07
5.36269e-07
6.80409e-07
6.2572e-07
3.568e-07
6.89816e-09
0
0
0
0
0
0
0
0
0
0
0
0
0
0
0
0
0
0
0
0
4.96404e-08
0
0
0
0
1.42666e-08
7.31975e-08
1.54893e-07
2.35189e-07
2.91567e-07
3.27355e-07
3.49585e-07
3.62948e-07
3.69681e-07
3.6818e-07
3.52567e-07
3.25952e-07
2.87946e-07
2.39241e-07
1.83623e-07
1.25428e-07
6.90662e-08
1.88171e-08
0
0
0
0
0
0
0
0
0
0
0
0
0
0
0
0
0
0
0
0
0
0
0
0
0
0
0
0
0
0
0
0
0
0
0
0
0
0
0
0
0
0
0
0
0
0
0
0
0
0
0
0
0
0
4.11266e-09
1.37007e-08
1.81273e-08
1.87263e-08
1.69205e-08
1.39107e-08
1.04601e-08
7.00031e-09
3.90118e-09
1.43642e-09
0
0
0
0
0
0
0
0
0
0
0
0
0
0
0
0
0
0
0
0
0
0
0
0
0
0
0
0
0
0
0
0
0
0
0
0
0
0
0
0
0
0
0
0
1.42762e-12
0
1.73994e-11
0
4.06298e-06
2.01086e-06
8.49473e-07
5.03236e-07
4.31374e-07
6.99509e-07
1.10978e-06
1.20516e-06
1.30107e-06
1.41614e-06
1.44026e-06
1.41442e-06
1.21448e-06
8.53295e-07
3.11717e-07
0
0
0
0
0
2.20717e-06
3.60224e-06
3.46821e-06
2.66737e-06
1.75121e-06
9.45355e-07
2.77306e-07
0
0
0
0
0
0
0
0
0
0
0
0
0
0
0
1.57132e-07
5.82973e-08
0
0
0
0
2.86197e-08
1.65335e-07
2.55197e-07
2.77787e-07
2.56835e-07
2.28279e-07
2.07318e-07
1.98971e-07
1.99571e-07
2.04202e-07
2.06874e-07
2.04621e-07
1.96399e-07
1.81565e-07
1.60185e-07
1.32034e-07
9.75604e-08
5.81249e-08
1.63494e-08
0
0
0
0
0
0
0
0
0
0
0
0
0
0
0
0
0
0
0
0
0
0
0
0
0
0
0
0
0
0
0
0
0
0
0
0
0
0
0
0
0
0
0
0
0
0
0
0
0
0
0
0
0
0
0
0
0
0
0
0
0
0
0
0
0
0
0
0
0
0
0
1.55579e-09
4.26197e-09
3.73523e-09
2.16802e-09
5.95144e-10
0
0
0
0
0
0
0
0
0
0
0
0
0
0
0
0
0
0
0
0
0
0
0
0
0
0
0
0
0
0
0
0
0
5.45993e-12
0
2.68698e-11
0
2.75084e-06
1.63331e-06
6.12612e-07
3.17863e-07
3.97998e-07
8.96086e-07
1.18895e-06
1.31424e-06
1.36211e-06
1.21747e-06
7.9325e-07
5.01953e-08
0
0
0
0
0
0
0
0
7.9568e-06
9.19549e-06
7.24671e-06
5.18376e-06
3.50843e-06
2.216e-06
1.15805e-06
3.27591e-07
0
0
0
0
0
0
0
0
0
0
0
0
0
0
0
0
0
0
6.74304e-08
3.29814e-07
5.35924e-07
5.80425e-07
5.15398e-07
4.29283e-07
3.56329e-07
3.06637e-07
2.76421e-07
2.60058e-07
2.51618e-07
2.4567e-07
2.39236e-07
2.31593e-07
2.22521e-07
2.1067e-07
1.93689e-07
1.67738e-07
1.2869e-07
7.46471e-08
7.37926e-09
0
0
0
0
0
0
0
0
0
0
0
2.46848e-09
2.67413e-09
5.0238e-10
0
0
0
0
0
0
0
0
0
0
0
0
0
0
0
0
0
0
0
0
0
0
0
0
0
0
0
0
0
0
0
0
0
0
0
0
0
0
0
0
0
0
0
0
0
0
0
0
0
0
0
0
0
0
0
0
0
0
0
0
0
0
0
0
0
0
0
0
0
0
0
0
0
0
0
0
0
0
0
0
0
0
0
0
0
0
0
0
0
0
0
0
0
0
0
0
0
0
0
1.38917e-06
1.06446e-06
5.36495e-07
3.3739e-07
6.19194e-07
1.08964e-06
1.26341e-06
1.16208e-06
6.59189e-07
0
0
0
0
0
0
0
0
0
0
0
6.61497e-06
9.93197e-06
8.6677e-06
6.57522e-06
4.62825e-06
3.07268e-06
1.84168e-06
8.11431e-07
3.95757e-08
0
0
0
0
0
0
0
0
0
0
0
0
0
0
0
1.16952e-07
5.25124e-07
8.80742e-07
9.65648e-07
8.07526e-07
6.2263e-07
4.88351e-07
4.00867e-07
3.43365e-07
3.07324e-07
2.85174e-07
2.72025e-07
2.64089e-07
2.57947e-07
2.51546e-07
2.45007e-07
2.3998e-07
2.37331e-07
2.35919e-07
2.30833e-07
2.07605e-07
1.3262e-07
0
0
0
0
0
0
0
0
0
0
0
2.30158e-09
8.23117e-09
1.23768e-08
1.50193e-08
1.63474e-08
1.63332e-08
1.50122e-08
1.27658e-08
1.02428e-08
8.32983e-09
7.94471e-09
9.29787e-09
1.19296e-08
1.47267e-08
1.603e-08
1.39077e-08
8.36058e-09
0
0
0
0
0
0
0
0
0
0
0
0
0
0
0
0
0
0
0
0
0
0
0
0
0
0
0
0
0
0
0
0
0
0
0
0
0
0
0
0
0
0
0
0
0
0
0
0
0
0
0
0
0
0
0
0
0
0
0
0
0
0
0
0
0
0
0
0
0
0
0
0
0
0
0
0
0
0
0
0
0
0
0
0
0
0
1.41555e-07
2.38719e-07
2.95282e-07
4.84539e-07
9.56308e-07
1.21532e-06
1.03211e-06
3.8139e-07
0
0
0
0
0
0
0
0
0
0
0
0
6.19222e-06
9.90058e-06
9.34332e-06
7.49325e-06
5.4385e-06
3.6995e-06
2.3363e-06
1.18619e-06
2.89437e-07
0
0
0
0
0
0
0
0
0
0
0
0
0
0
3.47667e-07
9.1517e-07
9.96549e-07
6.5449e-07
4.53383e-07
3.90387e-07
3.60824e-07
3.35485e-07
3.14778e-07
2.98706e-07
2.8733e-07
2.76511e-07
2.62533e-07
2.44047e-07
2.21413e-07
1.98291e-07
1.80532e-07
1.76343e-07
1.94932e-07
2.47628e-07
3.49455e-07
5.04094e-07
5.47205e-07
0
0
0
0
0
0
0
0
0
0
0
0
0
0
0
0
0
1.35424e-09
0
0
0
0
0
0
0
0
4.25413e-09
7.60647e-09
4.03976e-09
0
0
0
0
0
0
0
0
0
0
0
0
0
0
0
0
0
0
0
0
0
0
0
0
0
0
0
0
0
0
0
0
0
0
0
0
0
0
0
0
0
0
0
0
0
0
0
0
0
0
0
0
0
0
0
0
0
0
0
0
0
0
0
0
0
0
0
0
0
0
0
0
0
0
0
0
0
0
0
0
0
0
0
0
0
2.37253e-09
2.44527e-08
8.55656e-08
5.72021e-07
9.50534e-07
8.63292e-07
4.35642e-07
0
0
0
0
0
0
0
0
0
0
0
0
7.80142e-06
1.68152e-05
1.7212e-05
1.40992e-05
1.03984e-05
7.38122e-06
4.92849e-06
3.07804e-06
1.58928e-06
4.77562e-07
0
0
0
0
0
0
0
0
0
0
0
0
0
4.68809e-07
3.99321e-07
0
0
0
0
1.38726e-07
2.29515e-07
2.63617e-07
2.69063e-07
2.59163e-07
2.38822e-07
2.0811e-07
1.68645e-07
1.26344e-07
8.80256e-08
6.08001e-08
5.11806e-08
6.72442e-08
1.21331e-07
2.33735e-07
4.32701e-07
7.06433e-07
5.68763e-07
0
0
0
0
0
0
0
0
0
0
0
0
0
0
0
0
0
0
0
0
0
0
0
0
0
0
0
5.56453e-09
1.00417e-08
8.32494e-09
0
0
0
0
0
0
0
0
0
0
0
0
0
0
0
0
0
0
0
0
0
0
0
0
0
0
0
0
0
0
0
0
0
0
0
0
0
0
0
0
0
0
0
0
0
0
0
0
0
0
0
0
0
0
0
0
0
0
0
0
0
0
0
0
0
0
0
0
0
0
0
0
0
0
0
0
0
0
0
0
0
0
0
0
0
0
8.40965e-09
4.71778e-07
5.16261e-07
3.40915e-07
4.7165e-08
0
0
0
1.21588e-06
0
0
0
0
0
0
0
2.20418e-05
2.90761e-05
2.93422e-05
2.61553e-05
2.08364e-05
1.50732e-05
1.03003e-05
6.51581e-06
3.7253e-06
1.78344e-06
5.1671e-07
0
0
0
0
0
0
0
0
0
0
0
0
0
0
0
0
0
0
0
7.8826e-08
1.68882e-07
1.86677e-07
1.72076e-07
1.44195e-07
1.09469e-07
6.9734e-08
2.69887e-08
0
0
0
0
0
0
9.00006e-08
2.12339e-07
2.93555e-07
1.51082e-07
0
0
0
6.37735e-09
9.47227e-08
1.23572e-07
1.16537e-07
8.65186e-08
4.55784e-08
7.83453e-09
0
0
0
0
0
0
0
0
0
0
0
0
0
1.90694e-08
2.81677e-08
2.20206e-08
8.30643e-09
0
0
0
0
0
0
0
0
0
0
0
0
0
0
0
0
0
0
0
0
0
0
0
0
0
0
0
0
0
0
0
0
0
0
0
0
0
0
0
0
0
0
0
0
0
0
0
0
0
0
0
0
0
0
0
0
0
0
0
0
0
0
0
0
0
0
0
0
0
0
0
0
0
0
0
0
0
0
0
0
0
0
0
0
0
0
0
0
0
0
1.01901e-08
0
1.6301e-09
5.04528e-09
3.90683e-07
6.87397e-06
9.58522e-06
1.01706e-05
7.73143e-06
2.81911e-06
1.56053e-06
1.81158e-06
5.27193e-06
2.31698e-05
3.87893e-05
3.63951e-05
3.46546e-05
3.56729e-05
3.71488e-05
3.40303e-05
2.48096e-05
1.56923e-05
9.07386e-06
4.67768e-06
1.85187e-06
1.80054e-07
0
0
0
0
0
0
0
0
0
0
0
0
0
0
0
0
0
0
0
4.08574e-08
8.36831e-08
7.75865e-08
5.87309e-08
3.8513e-08
1.48864e-08
0
0
0
0
0
0
0
0
1.27536e-07
3.27903e-07
4.73447e-07
3.31873e-07
5.9436e-09
0
2.19015e-07
4.49483e-07
5.77828e-07
6.0617e-07
5.75598e-07
4.90061e-07
3.8281e-07
2.76283e-07
1.82366e-07
1.08059e-07
5.27048e-08
1.07335e-08
0
0
0
0
0
0
0
0
0
0
0
0
0
0
0
0
0
0
0
0
0
0
0
0
0
0
0
0
0
0
0
0
0
0
0
0
0
0
0
0
0
0
0
0
0
0
0
0
0
0
0
0
0
0
0
0
0
0
0
0
0
0
0
0
0
0
0
0
0
0
0
0
0
0
0
0
0
0
0
0
0
0
0
0
0
0
0
0
0
0
0
0
0
0
0
0
0
0
0
0
0
0
0
0
0
0
1.03299e-07
2.79214e-06
6.2738e-06
5.81173e-06
5.75674e-06
5.41609e-06
3.68309e-06
3.28914e-06
5.00932e-06
1.03246e-05
1.94783e-05
2.46302e-05
2.23694e-05
1.85798e-05
1.58991e-05
1.45069e-05
1.6605e-05
2.2474e-05
2.00662e-05
1.0764e-05
2.92255e-06
0
0
0
0
0
0
0
0
0
0
0
0
0
0
0
0
0
0
0
0
0
0
1.87581e-08
1.30647e-08
4.18854e-09
0
0
0
0
0
0
0
0
1.29858e-07
4.85896e-07
1.05862e-06
1.84191e-06
2.37932e-06
7.71147e-07
0
0
0
0
2.2082e-07
5.01266e-07
6.10922e-07
5.88132e-07
5.10954e-07
3.94177e-07
2.85747e-07
2.02685e-07
1.4368e-07
1.05305e-07
7.65048e-08
4.58745e-08
1.07717e-08
0
0
0
0
0
0
0
0
0
0
0
0
0
0
0
0
0
0
0
0
0
0
0
0
0
0
0
0
0
0
0
0
0
0
0
0
0
0
0
0
0
0
0
0
0
0
0
0
0
0
0
0
0
0
0
0
0
7.64373e-10
0
0
0
0
0
0
0
0
0
0
0
0
0
0
0
0
0
0
0
0
0
0
0
0
0
0
0
0
0
0
0
0
0
0
0
0
0
0
0
0
0
0
0
0
0
0
1.48407e-06
3.77587e-06
3.80687e-06
3.62652e-06
3.56813e-06
2.76039e-06
2.18045e-06
2.72775e-06
4.77755e-06
8.12853e-06
1.03581e-05
9.18399e-06
5.57847e-06
1.4275e-06
0
0
0
0
0
0
0
0
5.1738e-07
4.12363e-07
2.81399e-07
1.18408e-07
0
0
0
0
0
0
0
0
0
0
0
0
0
0
0
0
0
0
0
0
0
0
0
0
0
0
2.768e-07
8.08602e-07
1.7389e-06
3.31155e-06
5.91323e-06
8.83329e-06
0
0
0
0
0
0
6.64381e-08
4.12926e-07
5.33409e-07
5.1721e-07
4.27625e-07
3.19986e-07
2.30619e-07
1.67305e-07
1.27467e-07
1.09544e-07
9.84996e-08
7.6622e-08
3.6477e-08
0
0
0
0
0
0
0
0
0
0
0
0
0
0
0
0
0
0
0
0
0
0
0
0
0
0
0
0
0
3.75818e-09
0
0
0
0
0
0
0
0
0
0
0
0
0
0
0
0
0
4.33132e-10
4.62565e-10
0
0
0
0
0
0
0
5.19498e-09
4.87165e-09
0
0
0
0
0
0
0
0
0
0
0
0
0
0
0
0
0
0
0
0
0
0
0
0
0
0
0
0
0
0
0
0
0
0
0
0
0
0
0
0
0
0
0
0
0
0
2.03851e-06
2.84896e-06
2.63443e-06
2.55664e-06
2.27809e-06
1.57526e-06
1.2901e-06
1.66235e-06
2.48173e-06
3.03675e-06
2.60514e-06
1.45775e-06
3.93707e-07
0
0
0
3.94187e-07
7.76286e-07
1.08567e-06
1.39112e-06
1.72585e-06
1.05518e-06
8.05213e-07
6.09791e-07
4.37505e-07
3.15821e-07
2.62187e-07
0
0
0
0
0
0
0
0
0
0
0
0
0
0
0
0
0
0
0
0
0
0
0
2.26018e-07
7.10614e-07
1.56013e-06
2.94395e-06
4.86845e-06
6.35163e-06
2.85627e-06
0
0
0
0
0
0
0
1.32321e-07
3.91417e-07
4.42514e-07
4.00488e-07
3.32364e-07
2.64269e-07
1.99802e-07
1.46718e-07
1.12411e-07
9.50695e-08
8.19944e-08
5.98599e-08
2.2843e-08
0
0
0
0
7.21049e-08
1.59351e-07
1.48221e-07
7.95898e-08
0
0
0
0
0
0
0
0
0
0
0
0
0
0
0
0
0
0
0
0
2.20999e-08
3.13385e-08
2.11006e-08
8.40678e-09
1.58596e-09
7.67985e-10
1.55669e-09
0
0
0
0
0
0
0
0
0
0
0
0
1.99001e-09
3.93858e-09
2.67608e-09
8.03787e-10
0
0
0
0
0
2.02042e-09
0
0
0
0
0
0
0
0
0
0
0
0
0
0
0
0
0
0
0
0
0
0
0
0
0
0
0
0
0
0
0
0
0
0
0
0
0
0
0
0
0
0
0
0
0
0
3.31456e-07
2.09672e-06
2.55262e-06
2.26252e-06
2.09918e-06
1.7171e-06
1.04395e-06
6.66651e-07
6.21191e-07
6.55803e-07
5.98094e-07
5.47721e-07
6.59558e-07
8.72917e-07
1.11995e-06
1.29563e-06
1.4799e-06
1.61422e-06
1.84937e-06
2.0319e-06
1.55837e-06
1.21978e-06
1.01054e-06
8.74119e-07
9.14997e-07
1.26288e-06
2.28949e-07
0
0
1.59233e-08
6.34091e-08
1.05672e-07
1.17833e-07
8.79598e-08
1.90261e-08
0
0
0
0
0
3.17072e-10
0
0
0
0
0
0
0
0
6.05853e-08
3.59023e-07
8.9083e-07
1.68615e-06
2.54401e-06
2.81165e-06
1.31327e-06
0
0
0
0
0
0
0
0
0
2.2621e-07
3.52793e-07
3.43798e-07
3.05976e-07
2.52684e-07
1.86693e-07
1.38059e-07
1.23335e-07
1.20556e-07
9.9056e-08
5.18824e-08
0
0
0
0
0
0
0
0
0
0
0
0
0
0
0
0
0
0
0
0
0
0
1.84765e-09
8.41659e-09
1.41444e-08
1.6826e-08
1.18433e-08
3.18275e-09
7.1448e-09
2.59529e-08
4.22209e-08
4.54859e-08
3.5467e-08
2.49123e-08
1.87606e-08
1.65549e-08
1.58127e-08
1.27143e-08
5.5049e-09
0
0
0
0
0
0
0
0
0
0
1.57708e-09
5.6925e-09
5.52181e-09
3.77447e-09
2.04578e-09
3.33478e-10
0
0
0
0
0
0
0
0
0
0
0
0
0
0
0
0
0
0
0
0
0
0
0
0
0
0
0
0
0
0
0
0
0
0
0
0
0
0
0
0
0
0
0
0
0
0
0
0
0
0
4.64057e-07
2.2018e-06
3.2827e-06
3.16356e-06
2.07614e-06
7.7815e-07
0
0
0
0
0
1.39452e-09
4.04374e-07
7.25395e-07
9.77429e-07
1.23003e-06
1.55723e-06
1.85439e-06
1.76068e-06
1.50982e-06
1.30864e-06
1.24098e-06
1.52714e-06
1.97861e-06
6.16884e-07
4.36711e-08
0
0
0
7.08546e-08
1.72287e-07
2.45368e-07
2.66512e-07
2.277e-07
1.44174e-07
5.23219e-08
0
0
1.72471e-08
3.38156e-08
2.82599e-08
2.32534e-09
0
0
0
0
0
0
0
0
1.74673e-07
2.85594e-07
9.90255e-08
0
0
0
0
0
0
0
0
0
0
0
1.32281e-07
3.16652e-07
2.9074e-07
2.57464e-07
2.37412e-07
1.71914e-07
8.44817e-08
5.82816e-08
1.07962e-07
1.47057e-07
9.26785e-08
0
0
0
0
0
0
0
0
0
0
0
0
0
0
0
0
7.03007e-09
4.00541e-08
4.09732e-08
3.05627e-08
2.63394e-08
2.95158e-08
2.95585e-08
2.60498e-08
2.70502e-08
3.19548e-08
3.90977e-08
3.79269e-08
3.31369e-08
4.25434e-08
5.63197e-08
5.9033e-08
5.14509e-08
3.80937e-08
3.08587e-08
2.98124e-08
2.87116e-08
2.54756e-08
2.01741e-08
1.20829e-08
1.3962e-09
0
0
0
0
0
0
0
0
0
9.74505e-10
6.25641e-09
6.32595e-09
3.31873e-09
2.08882e-10
0
0
0
0
0
0
0
0
0
0
0
0
0
0
0
0
0
0
0
0
0
0
0
0
0
0
0
0
0
0
0
0
0
0
0
0
0
0
0
0
0
0
0
0
0
0
0
0
0
0
0
2.12061e-07
1.69968e-06
3.83394e-06
5.19368e-06
0
0
0
0
0
0
0
0
0
0
4.6243e-08
8.56914e-07
1.293e-06
1.3284e-06
1.2445e-06
1.25338e-06
1.52709e-06
1.52355e-06
7.85485e-07
2.42126e-07
0
0
0
0
0
9.93946e-08
2.05244e-07
2.73512e-07
2.96508e-07
2.68179e-07
1.94447e-07
1.09953e-07
5.89365e-08
5.34424e-08
6.42205e-08
6.56087e-08
4.6472e-08
1.71567e-08
0
0
0
0
0
0
0
0
0
0
0
0
0
0
0
0
0
0
0
0
0
1.40932e-07
3.26172e-07
2.39414e-07
1.35258e-07
1.29929e-07
1.34556e-07
4.73087e-08
0
0
3.95102e-08
1.10676e-07
3.53295e-08
0
0
0
0
0
0
0
0
0
0
0
0
0
0
0
2.56249e-08
4.72057e-08
6.15906e-08
5.94016e-08
5.53877e-08
5.56404e-08
5.77936e-08
5.61493e-08
5.69143e-08
6.27969e-08
6.4911e-08
6.48189e-08
6.06691e-08
6.15035e-08
6.94456e-08
6.90748e-08
5.60957e-08
3.63387e-08
2.28573e-08
2.54789e-08
3.49997e-08
3.66702e-08
2.89531e-08
1.77983e-08
6.6074e-09
0
0
0
0
0
0
0
0
0
0
5.8603e-10
4.11901e-09
1.55475e-09
0
0
0
0
0
0
0
0
0
0
0
0
0
0
0
0
0
0
0
0
0
0
0
0
0
0
0
0
0
0
0
0
0
0
0
0
0
0
0
0
0
0
0
0
0
0
0
0
0
0
0
0
0
0
7.70431e-07
2.14185e-06
1.45498e-06
0
0
0
0
0
0
0
0
0
0
1.93559e-07
5.32083e-07
6.88274e-07
8.18954e-07
9.74826e-07
9.57879e-07
6.9695e-07
4.06015e-07
1.75246e-07
8.27138e-09
0
0
0
0
0
8.32545e-08
1.65902e-07
2.25753e-07
2.4923e-07
2.26785e-07
1.68924e-07
1.09443e-07
7.98909e-08
7.94564e-08
8.7616e-08
8.36787e-08
6.74612e-08
5.81934e-08
6.73018e-08
6.57633e-08
5.37553e-09
0
0
0
0
0
0
0
0
0
0
0
0
0
0
0
0
0
1.59198e-07
3.17598e-07
2.50039e-07
7.7686e-08
0
3.48895e-08
4.61929e-08
0
0
0
0
1.23006e-08
8.87217e-09
0
0
0
0
0
0
0
0
1.48842e-08
3.569e-08
2.02164e-08
8.34835e-09
1.52096e-08
4.13204e-08
5.90502e-08
6.19045e-08
7.23511e-08
7.74042e-08
7.60973e-08
7.81523e-08
8.04043e-08
8.03619e-08
8.26129e-08
9.12951e-08
9.54135e-08
8.63422e-08
7.38938e-08
6.4044e-08
6.21572e-08
6.21085e-08
5.60357e-08
4.06664e-08
2.1758e-08
1.61644e-08
2.91903e-08
4.42682e-08
4.54663e-08
3.37058e-08
1.56549e-08
0
0
0
0
0
0
0
0
0
0
0
0
0
0
0
0
0
0
0
0
0
0
0
0
0
0
0
0
0
0
0
0
0
0
0
0
0
0
0
0
0
0
0
0
0
0
0
0
0
0
0
0
0
0
0
0
0
0
0
0
0
0
0
0
0
0
0
0
4.04565e-08
8.12081e-07
0
0
0
0
0
0
0
0
0
0
1.67121e-07
3.24839e-07
4.47273e-07
5.36687e-07
5.75111e-07
5.20276e-07
4.08713e-07
2.86585e-07
1.55078e-07
4.27165e-08
0
0
0
0
0
6.22723e-09
6.73705e-08
1.21531e-07
1.57645e-07
1.66656e-07
1.47099e-07
1.10531e-07
7.96639e-08
6.90766e-08
7.5134e-08
8.19974e-08
7.97051e-08
7.90985e-08
9.862e-08
1.25423e-07
1.17963e-07
4.73172e-08
0
0
0
0
0
0
0
0
0
0
0
0
0
0
0
0
1.80343e-07
3.01552e-07
2.9382e-07
1.35325e-07
0
0
0
8.00733e-10
0
0
0
0
0
0
0
0
0
0
0
0
0
2.2557e-08
6.89201e-08
6.12341e-08
4.49331e-08
4.21539e-08
5.39442e-08
6.25083e-08
6.18255e-08
6.72851e-08
7.81085e-08
8.52018e-08
9.37616e-08
9.61581e-08
9.07313e-08
8.97959e-08
9.91199e-08
1.10936e-07
1.0968e-07
1.02834e-07
9.24796e-08
7.56023e-08
5.58151e-08
4.62358e-08
4.51978e-08
3.9412e-08
3.20358e-08
3.33991e-08
4.49154e-08
5.24264e-08
4.71854e-08
3.17959e-08
1.08872e-08
0
0
0
0
0
0
0
0
0
0
0
0
0
0
0
0
0
0
0
0
0
0
0
0
0
0
0
0
0
0
0
0
0
0
0
0
0
0
0
0
0
0
0
0
0
0
0
0
0
0
0
0
0
0
0
0
0
0
0
0
0
0
0
0
0
0
0
0
0
0
0
0
0
0
3.83946e-08
7.22762e-08
9.74624e-08
1.19374e-07
1.52042e-07
1.94035e-07
2.36298e-07
2.73491e-07
2.99304e-07
3.11726e-07
2.98805e-07
2.55053e-07
2.01519e-07
1.28302e-07
5.84234e-08
3.43282e-10
0
0
0
0
0
1.53675e-08
4.25462e-08
6.58589e-08
8.10573e-08
8.24622e-08
6.94284e-08
5.05169e-08
3.82473e-08
3.83755e-08
4.62943e-08
4.98207e-08
4.96175e-08
6.23395e-08
9.03403e-08
1.14613e-07
1.1601e-07
7.58008e-08
0
0
0
0
0
0
0
0
0
0
0
0
0
0
0
2.47327e-07
3.53065e-07
3.26052e-07
2.06951e-07
3.29104e-08
0
0
0
0
0
0
0
0
0
0
0
0
0
0
0
0
5.4121e-08
1.04947e-07
1.01329e-07
8.48767e-08
7.40009e-08
7.11453e-08
6.42526e-08
5.3628e-08
4.98469e-08
5.82122e-08
7.59265e-08
9.84235e-08
1.12403e-07
1.10223e-07
1.06592e-07
1.10654e-07
1.20962e-07
1.23072e-07
1.1763e-07
1.09407e-07
9.42147e-08
7.14361e-08
4.63791e-08
3.87973e-08
4.30711e-08
4.65058e-08
4.87343e-08
5.12136e-08
5.35415e-08
5.03023e-08
3.92675e-08
2.33745e-08
5.14161e-09
0
0
0
0
0
2.02692e-09
5.24361e-09
5.8888e-09
1.65084e-09
0
0
0
0
0
0
0
0
0
0
0
0
2.2062e-08
0
0
0
0
0
0
0
0
0
0
0
0
0
0
0
0
0
0
0
0
0
0
0
0
0
0
0
0
0
0
0
0
0
0
0
0
0
0
0
0
0
0
0
0
0
0
0
2.14247e-07
3.78556e-07
3.92785e-07
3.35626e-07
2.57632e-07
1.85947e-07
1.38589e-07
1.10189e-07
1.00439e-07
1.03581e-07
1.13879e-07
1.25493e-07
1.37191e-07
1.43902e-07
1.48407e-07
1.42339e-07
1.26686e-07
9.43188e-08
5.19466e-08
1.40344e-08
0
0
0
0
0
0
0
4.18225e-10
7.99587e-09
1.2631e-08
1.13475e-08
3.94999e-09
0
0
0
0
0
0
0
1.50724e-08
4.01045e-08
6.61205e-08
1.06969e-07
1.93791e-07
3.65784e-07
6.45637e-07
9.60949e-07
1.17537e-06
1.00479e-06
0
0
0
0
0
0
0
0
3.22458e-07
4.7489e-07
4.2136e-07
2.82177e-07
1.19086e-07
0
0
0
0
0
0
0
0
0
0
0
0
0
0
0
4.41515e-09
9.71823e-08
1.30792e-07
1.30543e-07
1.13749e-07
1.02712e-07
1.04237e-07
1.02026e-07
8.81561e-08
7.23869e-08
6.79628e-08
8.06235e-08
1.04308e-07
1.23168e-07
1.28879e-07
1.25655e-07
1.24337e-07
1.2584e-07
1.22849e-07
1.13408e-07
1.05019e-07
9.64029e-08
8.55262e-08
6.57012e-08
4.58299e-08
4.17791e-08
4.72363e-08
5.42843e-08
5.82102e-08
5.62076e-08
5.10118e-08
4.25292e-08
3.09336e-08
1.79455e-08
4.25509e-09
0
0
0
3.24984e-09
1.05829e-08
1.17345e-08
1.01879e-08
6.91826e-09
0
0
0
0
0
0
0
0
0
0
0
0
0
2.68286e-08
0
0
0
0
0
0
0
0
0
0
0
0
0
0
0
0
0
0
0
0
0
0
0
0
0
0
0
0
0
0
0
0
0
0
0
0
0
0
0
0
6.07519e-08
8.43882e-08
3.00969e-08
0
0
0
3.6227e-07
3.43292e-07
3.27147e-07
2.6671e-07
1.75839e-07
9.15137e-08
4.69949e-08
3.06018e-08
2.60966e-08
2.5783e-08
2.8272e-08
3.09425e-08
3.45995e-08
3.92619e-08
4.67362e-08
5.84933e-08
7.27989e-08
7.06033e-08
3.71295e-08
5.22806e-09
0
0
0
0
0
0
0
0
0
0
0
0
0
0
0
0
0
0
0
0
0
0
2.77851e-08
2.25675e-07
6.28935e-07
1.36917e-06
2.41202e-06
3.72437e-06
5.02647e-06
3.88341e-06
0
0
0
0
0
0
0
4.63485e-07
6.52008e-07
5.4237e-07
3.1836e-07
1.39018e-07
1.22251e-07
9.37203e-08
2.20632e-08
0
0
0
0
0
0
0
0
0
9.30117e-09
5.84565e-08
4.37736e-08
1.04669e-07
1.71424e-07
1.928e-07
1.83065e-07
1.60992e-07
1.31803e-07
1.24243e-07
1.2409e-07
1.1745e-07
1.06386e-07
9.95259e-08
1.03764e-07
1.16388e-07
1.29322e-07
1.37245e-07
1.37081e-07
1.32488e-07
1.27901e-07
1.20602e-07
1.08109e-07
9.72e-08
9.28684e-08
9.25497e-08
8.5478e-08
6.58032e-08
4.97054e-08
4.67363e-08
5.21792e-08
5.85381e-08
5.84461e-08
5.16388e-08
4.38514e-08
3.53466e-08
2.62678e-08
1.68815e-08
7.38137e-09
2.03295e-09
3.26797e-09
9.70541e-09
1.66106e-08
1.73984e-08
1.37613e-08
9.67753e-09
3.57831e-09
0
0
0
0
0
0
0
0
0
0
0
0
2.54789e-08
8.75813e-09
0
0
0
0
0
0
0
0
0
0
0
0
0
0
0
0
0
0
0
0
0
0
0
0
0
0
0
0
0
0
0
0
0
0
0
0
0
0
7.97233e-08
1.76212e-07
2.05567e-07
1.32151e-07
0
0
0
0
1.06744e-08
5.76095e-08
7.39669e-08
4.62752e-08
0
0
0
0
0
0
0
0
0
0
9.59469e-09
5.11662e-08
8.12422e-08
4.35788e-08
1.66688e-09
0
0
0
0
0
0
0
0
0
0
0
0
0
0
0
0
0
0
0
0
0
0
0
7.62272e-08
4.90754e-07
1.37486e-06
2.80528e-06
5.00432e-06
8.64533e-06
1.20263e-05
0
0
0
0
0
0
7.18311e-08
5.94354e-07
7.80436e-07
6.07664e-07
2.92297e-07
9.83053e-08
3.12824e-07
1.92984e-07
5.8134e-08
0
0
0
0
1.57303e-09
1.00011e-09
0
0
0
1.55599e-08
5.27313e-08
1.0193e-07
1.91681e-07
2.44782e-07
2.49132e-07
2.32908e-07
2.10024e-07
1.70525e-07
1.42474e-07
1.33568e-07
1.30431e-07
1.26456e-07
1.26569e-07
1.30656e-07
1.35624e-07
1.38805e-07
1.40644e-07
1.41259e-07
1.382e-07
1.33153e-07
1.26389e-07
1.1499e-07
1.02113e-07
9.60381e-08
9.81314e-08
1.00261e-07
8.69068e-08
6.38047e-08
5.06989e-08
5.01399e-08
5.62529e-08
5.87414e-08
5.31596e-08
4.52598e-08
3.82216e-08
3.18298e-08
2.58259e-08
1.91213e-08
1.32845e-08
1.22439e-08
1.60484e-08
2.11232e-08
2.1052e-08
1.62299e-08
1.12487e-08
6.17676e-09
0
0
0
0
0
0
0
0
0
0
0
0
0
2.08162e-08
0
0
0
0
0
0
0
0
0
0
0
0
0
0
0
0
0
0
0
0
0
0
0
0
0
0
0
0
0
0
0
0
0
0
0
0
0
3.06855e-08
1.21875e-07
1.8569e-07
1.58863e-07
4.03027e-08
0
0
0
0
0
0
0
0
0
0
0
0
0
0
0
0
0
0
0
5.55371e-08
1.7137e-07
1.30285e-07
1.48706e-08
0
0
0
0
0
0
0
0
0
0
0
0
0
0
0
0
0
0
0
0
0
0
0
0
2.24044e-07
9.084e-07
2.14515e-06
4.11529e-06
7.75067e-06
1.30305e-05
0
0
0
0
0
0
2.13866e-07
7.65486e-07
9.26621e-07
6.52711e-07
1.94138e-07
1.48419e-07
5.30101e-07
2.46468e-07
7.30448e-08
0
0
0
0
7.98031e-10
1.48091e-08
1.00835e-08
8.84077e-10
0
2.12051e-08
1.02681e-07
2.3016e-07
3.02539e-07
3.05258e-07
2.75213e-07
2.48513e-07
2.26615e-07
1.93042e-07
1.60054e-07
1.43037e-07
1.38282e-07
1.39374e-07
1.46983e-07
1.55069e-07
1.59384e-07
1.57097e-07
1.49851e-07
1.45117e-07
1.42839e-07
1.39574e-07
1.34852e-07
1.2698e-07
1.15858e-07
1.08244e-07
1.08229e-07
1.12608e-07
1.05367e-07
8.02055e-08
5.76239e-08
5.00022e-08
5.39308e-08
5.83997e-08
5.50624e-08
4.74761e-08
4.07137e-08
3.58981e-08
3.2345e-08
2.83688e-08
2.32836e-08
2.06226e-08
2.21726e-08
2.50677e-08
2.34382e-08
1.69737e-08
1.11806e-08
7.09287e-09
7.25977e-10
0
0
0
0
0
0
0
0
0
0
0
0
0
2.09375e-10
0
0
0
0
0
0
0
0
0
0
0
0
0
0
0
0
0
0
0
0
0
0
0
0
0
0
0
0
0
1.15261e-08
5.98594e-09
0
0
1.05138e-08
2.85493e-08
2.73722e-08
1.69759e-08
1.62154e-08
2.28866e-08
1.47174e-09
0
0
0
0
0
0
0
0
0
0
0
0
0
0
0
0
0
0
0
0
0
1.56064e-07
1.44075e-07
0
0
0
0
0
0
0
0
0
0
0
0
0
0
0
0
0
0
0
0
0
0
0
0
0
0
4.26703e-07
1.25117e-06
2.44548e-06
4.31896e-06
5.43143e-06
0
0
0
0
0
0
3.34985e-07
9.07519e-07
9.88887e-07
5.85946e-07
0
6.52981e-07
7.66301e-07
3.11932e-07
9.09213e-08
0
0
0
0
0
3.4565e-08
3.78147e-08
2.01259e-08
1.40583e-08
7.35799e-08
3.12349e-07
3.33698e-07
3.44478e-07
3.17257e-07
2.77459e-07
2.43976e-07
2.17183e-07
1.94295e-07
1.72848e-07
1.57235e-07
1.50548e-07
1.51039e-07
1.6e-07
1.73754e-07
1.80336e-07
1.78001e-07
1.6775e-07
1.55895e-07
1.5106e-07
1.48198e-07
1.44598e-07
1.39084e-07
1.30935e-07
1.23055e-07
1.20756e-07
1.24084e-07
1.20782e-07
9.68933e-08
6.69901e-08
5.18345e-08
5.19295e-08
5.8079e-08
5.7688e-08
5.04863e-08
4.31672e-08
3.8808e-08
3.68944e-08
3.51867e-08
3.14855e-08
2.79414e-08
2.76649e-08
2.87115e-08
2.54529e-08
1.68257e-08
9.30361e-09
5.94256e-09
1.88784e-09
0
0
0
0
0
0
0
0
0
0
0
0
0
0
0
0
0
0
0
0
0
0
0
0
0
0
0
0
0
0
0
0
0
0
0
0
0
0
0
0
0
0
0
2.15981e-08
3.02096e-08
2.24554e-08
1.06952e-08
2.12282e-10
0
0
0
0
0
0
0
0
0
0
0
0
0
1.70523e-08
1.27896e-08
0
0
0
0
0
3.73481e-09
7.11766e-09
1.04076e-08
1.47588e-08
1.93245e-08
2.07972e-08
2.92469e-09
0
0
0
0
0
0
0
0
0
0
0
0
0
0
0
0
0
0
0
0
0
0
0
0
0
0
0
0
8.43564e-08
5.76464e-07
1.21565e-06
1.95527e-06
1.94296e-06
0
0
0
0
0
0
4.28986e-07
1.04087e-06
1.03466e-06
4.56656e-07
0
1.78867e-06
1.04515e-06
4.27318e-07
1.28259e-07
2.99177e-10
0
0
0
1.41572e-08
9.59054e-08
1.14019e-07
8.66366e-08
9.17652e-08
2.87414e-07
2.72262e-07
2.65475e-07
2.73181e-07
2.64905e-07
2.42468e-07
2.13598e-07
1.88407e-07
1.81518e-07
1.78304e-07
1.72184e-07
1.6575e-07
1.63298e-07
1.66991e-07
1.81325e-07
1.92204e-07
1.9236e-07
1.84598e-07
1.70197e-07
1.61633e-07
1.58252e-07
1.55027e-07
1.50452e-07
1.43441e-07
1.36429e-07
1.31735e-07
1.31927e-07
1.29992e-07
1.10425e-07
7.7597e-08
5.59065e-08
5.15354e-08
5.76672e-08
6.01239e-08
5.35303e-08
4.51195e-08
4.01802e-08
3.89763e-08
3.90312e-08
3.70879e-08
3.35574e-08
3.19953e-08
3.16343e-08
2.69834e-08
1.62206e-08
6.07429e-09
2.20532e-09
7.62979e-10
0
0
0
0
0
0
0
0
0
0
0
0
0
0
0
0
0
0
0
0
0
0
0
0
0
0
0
0
0
0
0
0
0
0
0
0
0
0
0
0
0
0
0
0
0
2.13963e-09
3.18932e-09
0
0
0
0
0
0
3.694e-09
4.37431e-08
5.52096e-08
1.11155e-08
0
0
0
1.29191e-08
6.61802e-08
9.16563e-08
7.48343e-08
2.77981e-08
0
0
0
9.99792e-09
2.19573e-08
3.5136e-08
5.36564e-08
8.23086e-08
1.24849e-07
1.49212e-07
0
0
1.34926e-07
6.90293e-08
0
0
0
0
0
0
0
0
0
0
0
0
0
0
0
0
0
0
0
0
0
0
0
0
0
1.70675e-07
5.27072e-07
8.41108e-07
7.63544e-07
0
0
0
0
0
0
4.98593e-07
1.08333e-06
9.54098e-07
1.89969e-07
0
2.68784e-06
1.34267e-06
5.98277e-07
1.9633e-07
1.60613e-08
0
0
0
5.73011e-08
1.2376e-07
1.29007e-07
1.2845e-07
1.89835e-07
2.17434e-07
2.06328e-07
2.14054e-07
2.15803e-07
2.15455e-07
2.0206e-07
1.7815e-07
1.59589e-07
1.58928e-07
1.69911e-07
1.7747e-07
1.76168e-07
1.71174e-07
1.69581e-07
1.75749e-07
1.88422e-07
1.92307e-07
1.88752e-07
1.77937e-07
1.66897e-07
1.62263e-07
1.59269e-07
1.54955e-07
1.48181e-07
1.40847e-07
1.34924e-07
1.31518e-07
1.2825e-07
1.13212e-07
8.39382e-08
5.99958e-08
5.19059e-08
5.54735e-08
5.92905e-08
5.40477e-08
4.49435e-08
3.8942e-08
3.75027e-08
3.85165e-08
3.83667e-08
3.59401e-08
3.40676e-08
3.28893e-08
2.71633e-08
1.47496e-08
2.05899e-09
0
0
0
0
0
0
0
0
0
1.06488e-08
0
0
0
0
0
0
0
0
0
0
0
0
0
0
0
0
0
0
0
0
0
0
0
0
0
0
0
0
0
0
0
0
0
0
0
0
0
0
0
0
0
0
0
0
0
0
4.86979e-08
9.96323e-08
6.4419e-08
0
0
0
2.62311e-08
7.44418e-08
1.13937e-07
1.21376e-07
8.92298e-08
2.58298e-08
0
0
0
2.11825e-08
5.21443e-08
9.44814e-08
1.61154e-07
2.48097e-07
2.53798e-07
2.01347e-08
0
3.40326e-07
1.88963e-07
4.24091e-08
0
0
0
0
0
0
0
0
0
0
0
0
0
0
0
0
0
0
0
0
0
0
0
0
0
1.949e-07
3.60814e-07
3.3051e-07
0
0
0
0
0
0
5.65319e-07
1.05694e-06
8.09907e-07
0
0
2.94841e-06
1.72232e-06
8.5156e-07
2.90417e-07
4.04028e-08
0
0
1.32959e-08
4.79575e-08
7.91006e-08
8.82414e-08
9.71051e-08
1.55175e-07
2.32043e-07
2.54346e-07
2.38602e-07
2.1916e-07
1.96028e-07
1.74886e-07
1.5708e-07
1.45713e-07
1.47216e-07
1.61345e-07
1.77784e-07
1.83843e-07
1.81443e-07
1.7544e-07
1.73979e-07
1.80611e-07
1.88093e-07
1.89018e-07
1.84728e-07
1.73775e-07
1.66579e-07
1.62655e-07
1.58394e-07
1.52075e-07
1.44275e-07
1.3714e-07
1.30403e-07
1.24127e-07
1.12186e-07
8.95975e-08
6.70321e-08
5.63253e-08
5.54936e-08
5.75236e-08
5.33616e-08
4.45806e-08
3.77777e-08
3.5647e-08
3.71427e-08
3.87239e-08
3.81109e-08
3.67613e-08
3.51818e-08
2.84646e-08
1.42602e-08
0
0
0
0
0
0
0
0
0
0
1.37377e-08
4.27206e-08
0
0
0
0
0
0
0
0
0
0
0
0
0
0
0
0
0
0
0
0
0
0
0
0
0
0
0
0
0
0
0
0
0
0
0
0
0
0
0
0
0
0
0
0
0
0
0
0
0
1.15531e-09
8.04907e-09
4.50567e-08
1.01474e-07
1.40455e-07
1.19594e-07
1.04199e-07
7.35801e-08
6.49406e-10
0
0
0
4.91098e-08
1.28488e-07
2.27323e-07
2.92014e-07
2.28889e-07
0
2.20748e-07
6.10098e-07
3.2277e-07
1.35781e-07
1.84282e-08
0
0
0
0
0
0
0
0
0
0
0
0
0
0
0
0
0
0
0
0
0
0
0
0
2.9378e-08
1.32669e-07
1.45592e-07
0
0
0
0
0
0
6.06641e-07
9.43787e-07
5.61236e-07
0
0
2.86475e-06
2.13055e-06
1.09889e-06
3.03191e-07
3.99403e-08
6.24822e-09
1.03926e-08
2.32087e-08
4.09834e-08
5.44338e-08
5.9459e-08
6.69595e-08
9.44353e-08
1.42647e-07
1.70402e-07
1.7445e-07
1.63761e-07
1.49961e-07
1.41824e-07
1.37905e-07
1.3519e-07
1.3749e-07
1.48979e-07
1.66398e-07
1.78476e-07
1.80567e-07
1.74942e-07
1.67375e-07
1.65058e-07
1.70335e-07
1.75239e-07
1.76403e-07
1.7083e-07
1.61022e-07
1.53898e-07
1.48761e-07
1.43499e-07
1.36873e-07
1.29709e-07
1.21547e-07
1.12837e-07
1.03198e-07
8.86406e-08
7.15371e-08
6.04205e-08
5.53469e-08
5.25379e-08
4.69835e-08
3.93062e-08
3.36617e-08
3.12704e-08
3.29816e-08
3.61623e-08
3.76131e-08
3.7327e-08
3.60211e-08
2.97398e-08
1.5037e-08
0
0
0
0
0
0
0
0
0
0
2.00857e-09
4.79832e-08
3.93575e-08
0
0
0
0
0
0
0
0
0
0
0
0
0
0
0
0
0
0
0
0
0
0
0
0
0
0
0
0
0
0
0
0
0
0
0
0
0
0
0
0
0
0
0
0
0
0
0
0
3.27709e-09
3.60687e-08
8.89523e-08
1.43228e-07
1.41538e-07
8.07383e-08
3.49217e-08
3.57669e-08
2.79898e-08
0
0
0
3.26118e-08
1.2781e-07
2.1088e-07
2.39009e-07
1.61716e-07
4.0446e-08
4.30537e-07
6.393e-07
5.20727e-07
3.04792e-07
9.15887e-08
0
0
0
0
0
0
0
0
0
0
0
0
0
0
0
0
0
0
0
0
0
0
0
0
0
6.19149e-08
9.35027e-08
0
0
0
0
0
0
6.18659e-07
7.78861e-07
2.60039e-07
0
6.51266e-08
2.75531e-06
2.62186e-06
1.17517e-06
2.14554e-07
4.17656e-08
2.36643e-08
2.33715e-08
2.76531e-08
3.45144e-08
4.05022e-08
4.45692e-08
5.0296e-08
6.29427e-08
8.15364e-08
9.86133e-08
1.121e-07
1.21506e-07
1.26481e-07
1.29665e-07
1.32251e-07
1.33586e-07
1.35642e-07
1.42359e-07
1.54557e-07
1.69168e-07
1.75637e-07
1.74221e-07
1.64685e-07
1.57035e-07
1.56467e-07
1.62164e-07
1.66129e-07
1.65173e-07
1.56079e-07
1.46381e-07
1.39555e-07
1.34843e-07
1.29373e-07
1.2236e-07
1.13812e-07
1.04291e-07
9.62297e-08
8.78291e-08
7.70521e-08
6.7009e-08
5.8985e-08
5.02321e-08
4.01426e-08
3.17242e-08
2.88557e-08
2.77581e-08
2.93382e-08
3.36117e-08
3.70256e-08
3.8105e-08
3.74277e-08
3.23789e-08
1.81314e-08
0
0
0
0
0
0
0
0
0
0
0
2.31499e-08
6.01362e-08
1.66326e-08
0
0
0
0
0
5.0442e-09
0
0
0
0
0
0
0
0
0
3.93957e-09
0
0
0
0
0
0
0
0
0
0
0
0
0
0
0
0
0
0
0
0
0
0
0
0
0
0
0
0
0
0
0
4.10135e-08
8.0003e-08
1.12211e-07
1.32887e-07
9.97015e-08
4.23419e-08
0
0
0
0
0
0
9.52924e-09
1.00141e-07
1.58488e-07
1.61475e-07
1.03061e-07
1.33773e-07
4.49538e-07
7.20877e-07
6.6379e-07
4.07855e-07
1.43025e-07
4.8478e-09
0
0
0
0
0
0
0
0
0
0
0
0
0
0
0
0
0
0
0
0
0
0
0
1.29875e-08
6.51525e-08
1.05602e-07
2.65438e-09
0
0
0
0
0
5.85237e-07
5.93797e-07
0
0
1.07797e-06
2.71387e-06
3.15757e-06
9.06708e-07
1.37809e-07
5.21571e-08
3.86246e-08
3.39772e-08
3.29598e-08
3.51389e-08
3.89811e-08
4.32486e-08
4.81869e-08
5.56857e-08
6.74784e-08
8.24236e-08
9.99479e-08
1.16682e-07
1.2744e-07
1.31312e-07
1.31769e-07
1.32196e-07
1.33845e-07
1.37712e-07
1.4454e-07
1.55454e-07
1.65277e-07
1.67925e-07
1.6226e-07
1.52354e-07
1.48209e-07
1.50789e-07
1.5541e-07
1.56261e-07
1.49728e-07
1.39007e-07
1.31394e-07
1.27149e-07
1.22502e-07
1.15499e-07
1.06813e-07
9.72151e-08
9.03652e-08
8.63462e-08
8.11616e-08
7.38854e-08
6.43882e-08
5.06286e-08
3.45371e-08
2.30293e-08
2.16891e-08
2.39959e-08
2.59603e-08
3.05726e-08
3.56466e-08
3.83094e-08
3.84146e-08
3.4684e-08
2.2046e-08
1.52318e-09
0
0
0
0
0
0
0
0
0
0
2.08484e-10
3.47402e-08
4.97937e-08
0
0
0
0
0
5.23344e-09
3.10608e-09
0
0
0
0
0
0
0
0
0
1.03194e-08
0
0
0
0
0
0
0
0
0
0
0
0
0
0
1.01433e-09
9.0741e-10
4.54862e-11
0
0
0
0
0
0
0
0
0
4.21811e-09
2.15913e-10
6.97408e-10
2.83256e-08
4.83613e-08
6.20943e-08
7.11406e-08
7.30143e-08
6.66531e-08
3.74596e-08
0
0
0
0
0
0
1.21198e-08
7.12608e-08
1.05412e-07
1.02878e-07
9.63605e-08
1.92298e-07
4.52418e-07
6.59368e-07
6.44438e-07
4.04946e-07
1.48386e-07
1.545e-08
0
0
0
0
0
0
0
0
0
0
0
0
0
0
0
0
0
0
0
0
0
0
0
1.90155e-08
9.97717e-08
1.71598e-07
0
0
0
0
0
4.67302e-08
5.37448e-07
4.33186e-07
0
0
1.46803e-06
2.69466e-06
3.4148e-06
4.70842e-07
9.77367e-08
6.50847e-08
5.19205e-08
4.40494e-08
4.05166e-08
4.06587e-08
4.35324e-08
4.76445e-08
5.22267e-08
5.89908e-08
7.08373e-08
8.74156e-08
1.05261e-07
1.20754e-07
1.29621e-07
1.30539e-07
1.27224e-07
1.25178e-07
1.26697e-07
1.30495e-07
1.35155e-07
1.41753e-07
1.51311e-07
1.5694e-07
1.565e-07
1.49298e-07
1.4394e-07
1.43897e-07
1.46573e-07
1.47508e-07
1.42419e-07
1.32712e-07
1.25758e-07
1.22217e-07
1.18287e-07
1.11475e-07
1.02447e-07
9.25649e-08
8.61123e-08
8.46636e-08
8.2887e-08
7.80512e-08
6.91359e-08
5.27868e-08
3.15273e-08
1.60991e-08
1.38236e-08
1.91446e-08
2.2924e-08
2.73683e-08
3.3315e-08
3.7474e-08
3.83926e-08
3.53565e-08
2.48246e-08
5.2174e-09
0
0
0
0
0
0
0
0
0
0
0
7.51145e-09
3.38707e-08
2.92379e-08
0
0
0
0
0
1.11119e-08
0
0
0
0
0
0
0
0
0
0
0
0
0
0
0
0
0
0
0
0
0
0
0
0
0
5.50557e-10
3.28941e-09
3.97869e-09
2.70053e-09
7.83787e-11
0
0
0
8.51772e-09
2.9773e-08
4.42682e-08
3.42301e-08
0
0
2.3253e-09
1.92333e-08
3.15616e-08
4.28879e-08
4.79621e-08
4.65665e-08
3.13395e-08
5.27288e-09
0
0
0
0
0
0
1.82578e-08
4.19564e-08
5.75611e-08
8.57225e-08
1.92242e-07
4.05303e-07
5.88399e-07
5.74526e-07
3.25465e-07
1.15215e-07
2.26913e-08
0
0
0
0
0
0
0
0
0
0
0
0
0
0
0
0
0
0
0
0
0
3.38322e-08
7.76921e-08
1.35951e-07
2.80985e-07
2.66116e-07
0
0
0
0
0
6.85328e-07
4.86931e-07
3.33351e-07
0
1.0225e-06
1.4705e-06
2.43472e-06
2.20669e-06
1.06818e-07
8.30186e-08
7.70509e-08
6.19258e-08
5.1323e-08
4.55426e-08
4.3505e-08
4.43207e-08
4.68162e-08
5.06439e-08
5.7746e-08
7.03578e-08
8.64741e-08
1.01071e-07
1.11805e-07
1.17697e-07
1.17902e-07
1.14309e-07
1.11723e-07
1.13633e-07
1.19092e-07
1.24553e-07
1.29808e-07
1.37373e-07
1.44673e-07
1.47943e-07
1.46018e-07
1.41983e-07
1.40733e-07
1.41489e-07
1.41601e-07
1.36979e-07
1.28969e-07
1.23347e-07
1.21177e-07
1.18127e-07
1.10982e-07
1.00733e-07
8.97592e-08
8.2553e-08
8.19844e-08
8.21265e-08
7.8721e-08
7.06354e-08
5.43653e-08
3.08729e-08
1.22233e-08
8.10195e-09
1.42324e-08
2.0264e-08
2.46382e-08
3.02544e-08
3.52367e-08
3.68516e-08
3.3848e-08
2.4484e-08
7.6377e-09
0
0
0
0
0
0
0
0
0
0
0
0
9.47263e-09
2.47645e-08
1.27422e-08
0
0
0
0
6.52198e-09
1.13877e-08
0
0
0
0
0
0
0
0
0
1.18409e-08
0
0
0
0
0
0
0
0
0
0
0
0
0
0
0
0
0
0
0
0
0
2.55967e-08
3.87683e-08
3.18522e-08
1.35909e-08
0
0
0
0
1.01696e-08
2.14486e-08
3.04221e-08
3.31733e-08
2.76481e-08
1.64561e-08
2.2101e-09
0
0
0
0
0
0
0
0
0
2.69101e-08
1.32385e-07
3.17707e-07
4.97952e-07
4.70288e-07
2.43354e-07
1.05545e-07
4.96582e-08
2.1685e-08
6.546e-09
0
0
0
0
0
0
0
0
0
0
0
0
0
1.22877e-08
2.7264e-08
3.92266e-08
5.45154e-08
8.16485e-08
1.36848e-07
2.13079e-07
2.8257e-07
3.97174e-07
5.27358e-07
4.20127e-07
0
0
0
4.11895e-07
2.56459e-06
1.08639e-06
4.41467e-07
3.47815e-07
1.01008e-06
1.99257e-06
1.21149e-06
1.48675e-06
0
0
8.74939e-08
8.64736e-08
6.89649e-08
5.59033e-08
4.80017e-08
4.37833e-08
4.20076e-08
4.20278e-08
4.44543e-08
5.11326e-08
6.27819e-08
7.6635e-08
8.77624e-08
9.45175e-08
9.74903e-08
9.75217e-08
9.60645e-08
9.57106e-08
9.84211e-08
1.0477e-07
1.12418e-07
1.18768e-07
1.256e-07
1.33376e-07
1.39404e-07
1.41371e-07
1.40493e-07
1.39638e-07
1.39584e-07
1.38607e-07
1.34753e-07
1.28526e-07
1.23983e-07
1.22686e-07
1.20895e-07
1.13736e-07
1.0143e-07
8.73172e-08
7.80497e-08
7.65848e-08
7.75707e-08
7.51827e-08
6.76288e-08
5.28828e-08
3.08636e-08
1.13131e-08
5.76348e-09
1.13747e-08
1.84519e-08
2.2909e-08
2.7162e-08
3.16326e-08
3.34285e-08
2.99979e-08
2.00876e-08
5.36344e-09
0
0
0
0
0
0
0
0
0
2.31645e-09
0
0
0
7.65861e-09
1.5272e-08
4.84382e-09
0
0
0
0
1.04849e-08
8.54858e-09
0
0
0
0
0
0
0
0
0
0
0
0
0
0
0
0
0
0
0
0
0
0
0
0
0
0
0
0
0
0
0
7.51711e-08
9.75406e-08
7.01374e-08
3.97223e-08
1.6677e-08
5.30571e-09
4.42755e-09
9.62146e-09
1.65655e-08
2.10451e-08
2.01311e-08
1.39577e-08
6.50083e-09
0
0
0
0
0
0
0
0
0
0
0
6.93228e-08
2.2809e-07
4.21361e-07
3.89576e-07
2.15863e-07
1.32184e-07
7.11534e-08
3.40539e-08
1.55911e-08
4.75516e-09
0
0
0
0
0
0
0
0
0
0
0
0
0
0
5.64796e-08
1.08335e-07
1.66127e-07
2.44169e-07
3.22382e-07
3.9929e-07
5.23867e-07
6.59238e-07
7.40579e-07
2.35917e-08
0
3.9867e-07
1.11438e-06
2.0921e-06
1.10556e-06
4.30534e-07
5.06129e-07
2.13718e-06
1.43246e-06
7.40803e-07
0
0
0
1.00675e-07
9.30069e-08
7.41328e-08
6.01529e-08
5.11354e-08
4.54611e-08
4.18389e-08
4.00259e-08
4.10683e-08
4.62347e-08
5.5368e-08
6.56807e-08
7.32406e-08
7.68667e-08
7.76212e-08
7.73447e-08
7.83158e-08
8.10008e-08
8.50631e-08
9.10693e-08
9.96149e-08
1.07884e-07
1.1542e-07
1.23698e-07
1.31626e-07
1.36195e-07
1.37628e-07
1.38272e-07
1.38362e-07
1.37519e-07
1.34731e-07
1.30139e-07
1.26511e-07
1.254e-07
1.2361e-07
1.16888e-07
1.02743e-07
8.38265e-08
7.0015e-08
6.73059e-08
6.80292e-08
6.66526e-08
5.98154e-08
4.67897e-08
2.90453e-08
1.22735e-08
6.65966e-09
1.16128e-08
1.84276e-08
2.23771e-08
2.47054e-08
2.71746e-08
2.81317e-08
2.40244e-08
1.25415e-08
0
0
0
0
0
0
0
0
0
0
6.80306e-09
6.85984e-09
0
0
0
5.39566e-09
9.51963e-09
2.18483e-09
0
0
0
5.25578e-10
1.44929e-08
8.40929e-09
0
0
0
0
0
0
0
0
0
0
0
0
0
0
0
0
0
0
0
0
0
0
0
0
0
0
0
0
0
1.32088e-07
2.40482e-07
1.39384e-07
7.93415e-08
3.85502e-08
1.16404e-08
0
0
0
3.91653e-09
8.03639e-09
8.40718e-09
4.95282e-09
0
0
0
0
0
0
0
0
0
0
0
0
0
2.79542e-08
1.29792e-07
2.37047e-07
1.83536e-07
1.08048e-07
5.4013e-08
2.59772e-08
1.16772e-08
2.87259e-09
0
0
0
0
0
0
0
0
0
0
0
0
0
0
0
0
7.34993e-08
1.79731e-07
2.83441e-07
4.32396e-07
6.55228e-07
8.55948e-07
8.28555e-07
0
5.2899e-07
8.77505e-07
1.01201e-06
1.81723e-06
1.14037e-06
5.29412e-07
1.00108e-06
2.07118e-06
7.6877e-07
2.20267e-07
0
0
5.6373e-08
1.14376e-07
9.70625e-08
7.71523e-08
6.28613e-08
5.30893e-08
4.62657e-08
4.1469e-08
3.87394e-08
3.87855e-08
4.19774e-08
4.79748e-08
5.43247e-08
5.85362e-08
6.04117e-08
6.10027e-08
6.23177e-08
6.53723e-08
6.98445e-08
7.4755e-08
8.03615e-08
8.7709e-08
9.69247e-08
1.0611e-07
1.15472e-07
1.24786e-07
1.31394e-07
1.34437e-07
1.36065e-07
1.36735e-07
1.36661e-07
1.34871e-07
1.31472e-07
1.2847e-07
1.27463e-07
1.2534e-07
1.176e-07
1.01955e-07
7.82413e-08
5.75744e-08
5.39279e-08
5.42205e-08
5.35206e-08
4.80704e-08
3.69623e-08
2.44254e-08
1.35672e-08
9.92013e-09
1.45895e-08
2.07383e-08
2.33995e-08
2.33816e-08
2.28748e-08
2.1746e-08
1.66784e-08
3.90236e-09
0
0
0
1.37226e-08
1.00552e-08
0
0
0
0
0
4.98832e-09
1.21361e-08
7.53049e-09
0
0
0
4.26118e-09
6.66079e-09
6.00866e-10
0
0
0
4.7722e-09
2.34936e-08
1.75979e-08
0
0
0
0
0
0
0
0
0
0
0
0
0
0
0
0
0
0
0
0
0
0
0
0
0
0
0
2.33459e-07
4.37803e-07
2.43869e-07
1.26023e-07
6.24462e-08
2.48489e-08
1.10014e-09
0
0
0
0
0
0
0
0
0
0
0
0
0
0
0
0
0
0
0
0
0
0
5.57272e-08
6.44869e-08
4.46914e-08
2.61154e-08
1.44065e-08
6.28497e-09
0
0
0
0
0
0
0
0
0
0
0
0
0
0
0
0
0
0
0
4.87461e-08
2.76779e-07
5.91854e-07
7.79394e-07
3.72252e-07
1.45735e-07
1.49286e-06
1.36602e-06
1.22585e-06
2.07978e-06
1.13774e-06
8.67859e-07
1.98067e-06
9.89325e-07
3.33967e-07
0
0
0
1.10419e-07
1.19391e-07
9.7439e-08
7.77323e-08
6.29932e-08
5.22225e-08
4.43838e-08
3.89901e-08
3.59264e-08
3.51413e-08
3.6401e-08
3.9457e-08
4.26863e-08
4.4635e-08
4.60401e-08
4.82224e-08
5.19745e-08
5.66733e-08
6.18613e-08
6.72146e-08
7.28635e-08
7.95173e-08
8.79649e-08
9.83079e-08
1.09443e-07
1.20332e-07
1.28469e-07
1.32761e-07
1.34796e-07
1.35486e-07
1.35727e-07
1.35086e-07
1.31907e-07
1.28173e-07
1.2677e-07
1.24722e-07
1.15479e-07
9.71649e-08
6.92765e-08
4.18296e-08
3.76481e-08
3.8669e-08
3.78457e-08
3.42105e-08
2.58262e-08
1.81902e-08
1.42612e-08
1.45624e-08
1.95443e-08
2.50692e-08
2.63365e-08
2.35045e-08
1.95352e-08
1.54516e-08
9.02956e-09
0
0
0
0
1.91279e-08
2.68349e-08
9.24195e-09
0
0
0
0
1.17765e-10
9.1412e-09
1.29353e-08
5.66244e-09
0
0
0
3.51783e-09
4.57054e-09
0
0
0
0
1.48572e-08
4.24417e-08
3.73819e-08
0
0
0
0
0
0
0
0
0
0
0
0
0
0
0
0
0
0
0
0
0
0
0
0
0
1.7576e-08
8.71369e-08
1.53048e-07
1.59966e-07
1.19843e-07
7.36703e-08
3.72568e-08
1.07912e-08
0
0
0
0
0
0
0
0
0
0
0
0
0
0
0
1.37725e-09
3.3589e-09
1.33691e-09
0
0
0
0
1.38415e-08
1.8806e-08
1.81645e-08
1.52432e-08
1.1848e-08
7.61561e-09
1.72383e-09
0
0
0
0
0
0
0
0
0
0
0
0
0
0
0
0
0
0
0
0
0
0
0
0
1.10302e-06
1.47037e-06
8.79841e-07
7.12689e-08
6.1841e-07
1.58881e-06
1.14042e-06
3.78873e-07
2.99667e-08
0
0
5.70075e-08
1.23516e-07
1.13544e-07
9.43614e-08
7.69868e-08
6.22749e-08
5.04095e-08
4.1558e-08
3.567e-08
3.23647e-08
3.09225e-08
3.06183e-08
3.11431e-08
3.17969e-08
3.20604e-08
3.32355e-08
3.69846e-08
4.32958e-08
5.01212e-08
5.60075e-08
6.18653e-08
6.81462e-08
7.54642e-08
8.39148e-08
9.42244e-08
1.07106e-07
1.1971e-07
1.29087e-07
1.3413e-07
1.36395e-07
1.36415e-07
1.3621e-07
1.36322e-07
1.33691e-07
1.28599e-07
1.25598e-07
1.23427e-07
1.12268e-07
8.93301e-08
5.69133e-08
2.42481e-08
2.04721e-08
2.38798e-08
2.27579e-08
2.06262e-08
1.5821e-08
1.21299e-08
1.42377e-08
1.9761e-08
2.59079e-08
3.07964e-08
3.09917e-08
2.53849e-08
1.73025e-08
9.9579e-09
2.22564e-09
0
0
0
0
2.17976e-09
3.42367e-08
1.94897e-08
2.06997e-10
0
0
0
0
2.17163e-09
9.0309e-09
1.02324e-08
3.42886e-09
0
0
0
2.19289e-09
3.02981e-09
0
0
0
1.64957e-09
3.44304e-08
6.88903e-08
5.54165e-08
0
0
0
0
0
0
0
0
0
0
0
0
8.39112e-10
4.27314e-09
4.79881e-09
4.02247e-09
3.63373e-09
0
0
0
0
0
0
0
0
7.54123e-08
1.98937e-07
2.64513e-07
2.43518e-07
1.70025e-07
9.23592e-08
3.4792e-08
3.79079e-10
0
0
0
0
0
0
0
0
0
0
0
0
0
0
2.30617e-10
2.91964e-09
3.48764e-09
5.48562e-10
0
0
0
4.09109e-09
7.90121e-09
1.09675e-08
1.18475e-08
1.12196e-08
9.99439e-09
4.74497e-09
0
0
0
0
0
0
0
0
0
0
0
0
0
0
0
0
0
0
0
0
0
0
0
0
0
0
0
0
3.86987e-07
8.81734e-07
2.81955e-07
0
0
0
0
1.03548e-07
1.14654e-07
1.01744e-07
8.59721e-08
7.05836e-08
5.6552e-08
4.47144e-08
3.56481e-08
2.95761e-08
2.62248e-08
2.47798e-08
2.40024e-08
2.29036e-08
2.14739e-08
1.98589e-08
1.96805e-08
2.31186e-08
3.0176e-08
3.81907e-08
4.47548e-08
5.07124e-08
5.7201e-08
6.51641e-08
7.45101e-08
8.50219e-08
9.77189e-08
1.10747e-07
1.20706e-07
1.25983e-07
1.28366e-07
1.27711e-07
1.26564e-07
1.26921e-07
1.26196e-07
1.22376e-07
1.19289e-07
1.17294e-07
1.04122e-07
7.57577e-08
3.766e-08
3.01347e-09
2.30729e-09
9.3091e-09
8.79087e-09
7.99405e-09
6.69537e-09
6.2838e-09
1.26609e-08
2.32583e-08
3.11337e-08
3.48857e-08
3.371e-08
2.62239e-08
1.45691e-08
4.72197e-09
0
0
0
0
0
0
2.20686e-08
2.4041e-08
4.40548e-09
0
0
0
0
0
7.43262e-10
5.54952e-09
6.64405e-09
1.92056e-09
0
0
0
1.54069e-09
4.61607e-09
9.67524e-10
0
0
1.7554e-08
6.00665e-08
8.44882e-08
5.10452e-08
0
0
0
0
0
0
0
6.95199e-09
1.11245e-08
1.36397e-08
1.70365e-08
1.87486e-08
1.7936e-08
1.53904e-08
1.22916e-08
9.30715e-09
0
0
0
0
0
0
0
0
1.68228e-07
7.79234e-07
8.43471e-07
6.39024e-07
4.00084e-07
2.03681e-07
7.10439e-08
0
0
0
0
0
0
0
0
0
0
0
7.93598e-10
4.38571e-09
6.83174e-09
8.92971e-09
1.10148e-08
1.27175e-08
1.31971e-08
1.15049e-08
7.35143e-09
2.86364e-09
1.47887e-09
1.97038e-09
2.02743e-09
2.44346e-09
6.31246e-09
1.6747e-08
2.76857e-08
2.27854e-08
0
0
0
0
0
0
0
0
0
0
0
5.01898e-10
1.09059e-10
0
0
0
0
0
0
0
0
0
0
0
0
0
1.01142e-07
8.24864e-08
2.37637e-07
1.29688e-07
0
0
0
0
6.38857e-08
9.58045e-08
9.34432e-08
8.32682e-08
7.0884e-08
5.74952e-08
4.44408e-08
3.29531e-08
2.38933e-08
1.77177e-08
1.45199e-08
1.37873e-08
1.38359e-08
1.26626e-08
9.84808e-09
6.23476e-09
3.99888e-09
5.78425e-09
1.18386e-08
1.98157e-08
2.71291e-08
3.35118e-08
4.01822e-08
4.82792e-08
5.79338e-08
6.85669e-08
8.0707e-08
9.27322e-08
1.02841e-07
1.0927e-07
1.12676e-07
1.12619e-07
1.11042e-07
1.10761e-07
1.10872e-07
1.08688e-07
1.0776e-07
1.1017e-07
9.70839e-08
5.91413e-08
1.10015e-08
0
0
0
0
0
0
1.96377e-09
1.11239e-08
2.49456e-08
3.44236e-08
3.65611e-08
3.30339e-08
2.37987e-08
1.0026e-08
0
0
0
0
0
0
0
0
1.84039e-08
7.18571e-09
0
0
0
0
0
0
0
1.88282e-09
4.02136e-09
4.74142e-10
0
0
0
5.33613e-09
1.01972e-08
5.39175e-09
0
9.01374e-09
4.18942e-08
7.43065e-08
7.23794e-08
1.40258e-08
0
0
0
0
0
0
4.75432e-08
6.72202e-08
6.36685e-08
5.59635e-08
4.79455e-08
3.93866e-08
3.12798e-08
2.34108e-08
1.31728e-08
0
0
0
0
6.62528e-08
3.18255e-07
4.16036e-07
4.69183e-07
5.45647e-07
6.52323e-07
7.47179e-07
7.40907e-07
5.64635e-07
3.00148e-07
9.01297e-08
0
0
0
0
0
0
0
0
0
0
0
9.93462e-09
2.11026e-08
3.14903e-08
4.04776e-08
4.72781e-08
5.09871e-08
5.1234e-08
4.69595e-08
3.79637e-08
2.56533e-08
1.27573e-08
1.22333e-09
0
0
0
1.21246e-08
1.97159e-08
7.28101e-09
0
0
0
0
0
0
1.1911e-08
2.07951e-08
2.48424e-08
2.65658e-08
2.75207e-08
2.84123e-08
2.93732e-08
3.08277e-08
3.26427e-08
3.38785e-08
3.41767e-08
3.3842e-08
3.22664e-08
2.81049e-08
2.22832e-08
1.82581e-08
1.29689e-08
1.30368e-09
0
1.50091e-08
1.07247e-07
2.09087e-07
7.35054e-08
0
0
0
0
2.68509e-08
5.53453e-08
5.67917e-08
5.11408e-08
4.41779e-08
3.65018e-08
2.78936e-08
1.83166e-08
8.82728e-09
1.26511e-09
0
0
0
0
0
0
0
0
0
0
0
1.33924e-09
7.97904e-09
1.49113e-08
2.31758e-08
3.27922e-08
4.29179e-08
5.38476e-08
6.37055e-08
7.17537e-08
7.80613e-08
8.22879e-08
8.38913e-08
8.41073e-08
8.50338e-08
8.62282e-08
8.48728e-08
8.40799e-08
9.25178e-08
8.49249e-08
3.6237e-08
0
0
0
0
0
0
0
4.23858e-11
1.10167e-08
2.4955e-08
3.4674e-08
3.50284e-08
2.84025e-08
1.70002e-08
2.83507e-09
0
0
0
0
0
0
0
0
5.38884e-09
5.14736e-09
0
0
0
0
0
0
0
0
0
1.54525e-09
0
0
0
2.1553e-09
1.28361e-08
1.41985e-08
8.6033e-09
1.08336e-08
3.21009e-08
5.64414e-08
5.99107e-08
3.04189e-08
0
0
0
0
0
2.06209e-08
1.01894e-07
1.43758e-07
1.38872e-07
1.15054e-07
9.1953e-08
7.06205e-08
5.34242e-08
3.72864e-08
2.00017e-08
1.95545e-09
0
0
0
1.14432e-07
3.36753e-07
5.87621e-07
8.24492e-07
9.91796e-07
1.03284e-06
9.1908e-07
6.72551e-07
3.87772e-07
1.60394e-07
2.43746e-08
0
0
0
0
0
0
0
0
0
0
4.18912e-09
2.2291e-08
4.28388e-08
6.32505e-08
8.06308e-08
9.32735e-08
9.97667e-08
9.88827e-08
9.1057e-08
7.70768e-08
5.81601e-08
3.64672e-08
1.52845e-08
0
0
0
0
0
0
0
0
0
1.85235e-08
5.02585e-08
7.15089e-08
8.0634e-08
8.1086e-08
7.66904e-08
7.02692e-08
6.41806e-08
5.9423e-08
5.67155e-08
5.63659e-08
5.82091e-08
6.19036e-08
6.57236e-08
6.71422e-08
6.528e-08
6.10375e-08
5.86237e-08
6.26494e-08
6.56311e-08
5.36697e-08
3.17768e-08
1.78145e-08
3.09359e-08
7.05466e-08
4.34491e-08
0
0
0
3.84553e-09
1.20732e-08
8.4451e-09
1.97687e-09
0
0
0
0
0
0
0
0
0
0
0
0
0
0
0
0
0
0
0
0
0
0
3.40799e-09
1.48369e-08
2.61554e-08
3.55426e-08
4.22922e-08
4.72712e-08
5.03281e-08
5.20406e-08
5.30807e-08
5.57406e-08
5.97274e-08
6.24107e-08
6.39785e-08
7.60632e-08
8.98221e-08
3.13691e-08
0
0
0
0
0
0
0
2.52472e-11
1.26017e-08
2.45999e-08
3.28927e-08
3.18834e-08
2.23463e-08
8.41974e-09
0
0
0
0
0
0
0
0
0
0
0
0
0
0
0
0
0
0
0
0
0
0
0
0
9.70276e-10
1.11995e-08
1.59233e-08
1.48567e-08
1.77077e-08
3.20921e-08
4.55601e-08
4.25629e-08
2.23232e-08
0
0
0
0
0
8.07763e-08
1.90048e-07
2.54751e-07
2.53477e-07
2.03986e-07
1.57229e-07
1.15501e-07
8.43588e-08
5.51972e-08
3.02843e-08
6.98207e-09
1.42958e-08
3.03679e-08
4.35076e-08
5.34464e-08
6.94919e-08
9.82282e-08
1.36694e-07
1.71358e-07
1.84837e-07
1.672e-07
1.2067e-07
5.89022e-08
3.72867e-10
0
0
0
0
0
7.37401e-09
1.37818e-08
1.77913e-08
2.40267e-08
3.49041e-08
5.0328e-08
6.88006e-08
8.88163e-08
1.08885e-07
1.27065e-07
1.42204e-07
1.54128e-07
1.61066e-07
1.60897e-07
1.54287e-07
1.43375e-07
1.30355e-07
1.19236e-07
1.17799e-07
1.44561e-07
2.26887e-07
2.22779e-07
0
0
0
0
0
6.51232e-09
6.30159e-08
1.09652e-07
1.38001e-07
1.4541e-07
1.37426e-07
1.22972e-07
1.09319e-07
9.99309e-08
9.60974e-08
9.74448e-08
1.01611e-07
1.06397e-07
1.10178e-07
1.11808e-07
1.08214e-07
9.99728e-08
9.07364e-08
8.37162e-08
8.1228e-08
8.24905e-08
7.45847e-08
5.62903e-08
3.74683e-08
2.9458e-08
3.73965e-08
3.93935e-08
2.29022e-08
1.12183e-08
3.96465e-09
0
0
0
0
0
0
0
0
0
0
0
0
0
0
0
0
0
0
0
0
0
0
0
0
0
0
0
0
0
0
3.66924e-09
1.2127e-08
1.94431e-08
2.41748e-08
2.64063e-08
2.85008e-08
3.17029e-08
3.45099e-08
3.69129e-08
4.06617e-08
8.93046e-08
5.44879e-08
1.56769e-08
0
0
0
0
0
0
0
1.38128e-08
2.33999e-08
2.87398e-08
2.58224e-08
1.34434e-08
0
0
0
0
0
0
7.15618e-09
7.13186e-09
0
0
0
0
0
0
0
0
2.69132e-09
4.09641e-09
0
0
0
0
0
0
0
2.9534e-09
9.44322e-09
1.22023e-08
1.40118e-08
2.13951e-08
3.35632e-08
3.77985e-08
2.76798e-08
9.63613e-09
0
0
0
0
2.81393e-08
1.92554e-07
3.29448e-07
4.06511e-07
4.0413e-07
3.17934e-07
2.38775e-07
1.69139e-07
1.20691e-07
7.40142e-08
4.20552e-08
1.12311e-08
1.51304e-07
1.28778e-07
1.22164e-07
1.04534e-07
7.27831e-08
3.67991e-08
1.1413e-08
6.51016e-09
1.78178e-08
3.01587e-08
3.09555e-08
1.80306e-08
0
0
0
0
0
0
0
7.81147e-10
2.01684e-08
4.39907e-08
7.19829e-08
1.01761e-07
1.30059e-07
1.54314e-07
1.73543e-07
1.88715e-07
2.02057e-07
2.13842e-07
2.21627e-07
2.2376e-07
2.21358e-07
2.16988e-07
2.12495e-07
2.10471e-07
2.16425e-07
2.40391e-07
2.92098e-07
3.60437e-07
3.05445e-07
5.19818e-08
0
0
1.00915e-08
4.6601e-08
9.3871e-08
1.40777e-07
1.68645e-07
1.70119e-07
1.55371e-07
1.38815e-07
1.28612e-07
1.26412e-07
1.30706e-07
1.3923e-07
1.49341e-07
1.5829e-07
1.62798e-07
1.60004e-07
1.49752e-07
1.35033e-07
1.19285e-07
1.04726e-07
9.37067e-08
8.66568e-08
7.54112e-08
5.77912e-08
3.85306e-08
2.55431e-08
2.35792e-08
2.57602e-08
2.50061e-08
1.7114e-08
7.34756e-10
0
0
0
0
0
0
0
0
0
0
2.48267e-09
1.72631e-08
3.86202e-08
6.53772e-08
7.71648e-08
5.46755e-08
0
0
0
0
0
0
0
0
0
0
0
0
0
0
0
0
0
0
0
4.06714e-09
1.31912e-08
2.08681e-08
2.89097e-08
4.1359e-08
8.70373e-08
8.17961e-08
5.6147e-08
2.40009e-11
0
0
0
0
0
5.15893e-09
2.01084e-08
2.71599e-08
3.00159e-08
2.67151e-08
1.29658e-08
0
0
3.57483e-10
1.91156e-09
0
0
1.02433e-08
2.46831e-08
2.63389e-08
1.77527e-08
1.04382e-08
2.26467e-09
0
0
0
0
0
6.53322e-09
5.81589e-09
0
0
0
0
0
0
5.89566e-09
8.43178e-09
7.27471e-09
9.43998e-09
1.99971e-08
3.13835e-08
2.98898e-08
1.64958e-08
1.92605e-09
0
0
0
1.57333e-08
1.79978e-07
4.0143e-07
5.4047e-07
5.94798e-07
5.62205e-07
4.28614e-07
3.15647e-07
2.17335e-07
1.54155e-07
8.86021e-08
5.36768e-08
1.36122e-08
5.1773e-08
1.16788e-07
1.48516e-07
1.56249e-07
1.41641e-07
1.01105e-07
3.97383e-08
0
0
0
0
0
7.54847e-09
0
0
0
0
0
0
0
4.02369e-08
8.92116e-08
1.29885e-07
1.55105e-07
1.67182e-07
1.74292e-07
1.83302e-07
1.96783e-07
2.14426e-07
2.3614e-07
2.6064e-07
2.82669e-07
3.00138e-07
3.14301e-07
3.29456e-07
3.49669e-07
3.77102e-07
4.09391e-07
4.37496e-07
4.47148e-07
4.22524e-07
3.65836e-07
3.03192e-07
2.58624e-07
2.35909e-07
2.28324e-07
2.28514e-07
2.32453e-07
2.33388e-07
2.30255e-07
2.23901e-07
2.16313e-07
2.10082e-07
2.06391e-07
2.04469e-07
2.02657e-07
1.99158e-07
1.9273e-07
1.82793e-07
1.70104e-07
1.57034e-07
1.45395e-07
1.35149e-07
1.25668e-07
1.16734e-07
1.08146e-07
9.56343e-08
7.96953e-08
6.35383e-08
5.05785e-08
4.10135e-08
3.26617e-08
2.46652e-08
1.46445e-08
3.54883e-10
0
0
0
0
0
0
0
1.20733e-08
1.48526e-07
1.39821e-07
1.343e-08
0
2.43036e-08
1.51264e-07
2.23668e-07
0
0
0
0
0
0
0
0
0
0
0
0
0
0
0
0
0
0
0
0
0
0
3.34525e-09
2.02244e-08
6.7586e-08
1.12919e-07
1.07692e-07
7.66646e-08
0
0
0
0
0
0
2.64927e-08
4.15404e-08
4.21746e-08
3.37179e-08
2.14903e-08
3.59512e-09
0
0
5.88944e-09
3.74759e-09
0
0
5.71866e-09
2.52419e-08
4.22306e-08
4.4864e-08
3.49969e-08
1.86753e-08
1.41507e-09
0
0
0
0
0
5.4096e-09
5.24565e-09
2.38672e-09
0
0
0
4.93774e-09
9.9502e-09
7.7458e-09
3.07208e-09
6.00728e-09
1.85047e-08
2.89327e-08
2.57348e-08
1.33098e-08
4.08781e-09
1.60761e-08
4.53928e-08
8.56559e-08
2.40229e-07
5.47647e-07
7.39284e-07
7.82389e-07
7.65774e-07
6.81494e-07
5.01339e-07
3.62278e-07
2.41656e-07
1.71395e-07
9.01709e-08
5.98949e-08
1.18425e-08
0
0
0
0
0
0
0
0
0
0
0
0
0
0
0
0
0
0
1.93472e-08
7.50202e-08
1.27402e-07
1.6624e-07
1.86072e-07
1.88342e-07
1.78128e-07
1.62998e-07
1.51921e-07
1.51419e-07
1.65511e-07
1.94279e-07
2.33482e-07
2.76156e-07
3.13659e-07
3.39097e-07
3.49144e-07
3.44148e-07
3.27649e-07
3.06032e-07
2.83594e-07
2.65007e-07
2.54837e-07
2.54949e-07
2.62378e-07
2.7019e-07
2.72176e-07
2.66785e-07
2.57008e-07
2.47841e-07
2.43796e-07
2.47191e-07
2.56271e-07
2.68025e-07
2.78591e-07
2.83865e-07
2.81017e-07
2.69841e-07
2.52481e-07
2.32154e-07
2.12545e-07
1.94784e-07
1.79015e-07
1.66871e-07
1.56208e-07
1.45023e-07
1.32115e-07
1.1582e-07
9.54803e-08
7.24135e-08
4.901e-08
2.80119e-08
1.30978e-08
5.56199e-09
2.45016e-09
8.37306e-10
0
0
0
0
0
0
0
0
6.22439e-08
1.19985e-07
9.88937e-08
0
0
0
0
0
0
0
0
0
0
5.43468e-07
1.41254e-06
1.4548e-06
1.09497e-06
6.58809e-07
3.05789e-07
6.83251e-08
0
0
0
0
0
0
0
0
0
0
0
0
8.11668e-08
1.59692e-07
1.52391e-07
7.7882e-08
0
0
0
0
6.80478e-09
1.28565e-07
1.51094e-07
1.28209e-07
9.90158e-08
6.70886e-08
3.60961e-08
3.67572e-08
3.60632e-08
3.07133e-08
2.18184e-08
9.10666e-09
0
0
0
1.56785e-08
3.63057e-08
4.82066e-08
4.79644e-08
3.69042e-08
1.79306e-08
0
0
0
0
0
0
1.09313e-10
1.57047e-09
8.17151e-10
6.54101e-10
6.76814e-09
1.75345e-08
2.05435e-08
1.07279e-08
6.94201e-10
5.05358e-09
2.16651e-08
3.63844e-08
4.4798e-08
4.33216e-08
4.0754e-08
8.04947e-08
2.16465e-07
4.95953e-07
6.35731e-07
7.24827e-07
7.69213e-07
7.73082e-07
7.56678e-07
6.79445e-07
5.02287e-07
3.66108e-07
2.36382e-07
1.68513e-07
7.50099e-08
5.73128e-08
5.46912e-09
0
1.13347e-08
1.03757e-07
1.29641e-07
1.06104e-07
5.53335e-08
0
0
0
0
0
0
0
0
0
0
0
0
1.74497e-08
5.65598e-08
8.67071e-08
1.08017e-07
1.21232e-07
1.27618e-07
1.28708e-07
1.26417e-07
1.23119e-07
1.21627e-07
1.24745e-07
1.3454e-07
1.50141e-07
1.66875e-07
1.77235e-07
1.73299e-07
1.49623e-07
1.0552e-07
4.65739e-08
0
0
0
0
0
2.90648e-09
6.2744e-08
1.18129e-07
1.61858e-07
1.90521e-07
2.06178e-07
2.13509e-07
2.17383e-07
2.20077e-07
2.21749e-07
2.21667e-07
2.16886e-07
2.06447e-07
1.92097e-07
1.76814e-07
1.63131e-07
1.52945e-07
1.47909e-07
1.43374e-07
1.36677e-07
1.2672e-07
1.13525e-07
9.80423e-08
8.03992e-08
6.09117e-08
4.10892e-08
2.51607e-08
1.60929e-08
1.44508e-08
1.78425e-08
2.2712e-08
2.83019e-08
3.18389e-08
2.6699e-08
0
0
0
0
0
0
0
3.51805e-08
8.5738e-08
0
0
0
0
0
0
0
0
2.8272e-07
0
0
0
1.02349e-06
1.94675e-06
2.16962e-06
1.83002e-06
1.28393e-06
8.1375e-07
4.62691e-07
1.94846e-07
4.69888e-08
1.12e-09
0
0
0
0
0
0
0
0
3.53853e-08
0
0
0
0
0
0
5.13581e-07
6.61909e-07
5.33728e-07
3.51213e-07
2.02964e-07
7.1858e-08
1.34203e-08
1.00185e-07
6.98713e-08
5.64958e-08
3.87487e-08
1.53674e-08
0
0
0
1.1685e-09
1.92502e-08
2.9237e-08
3.24127e-08
3.37062e-08
2.84998e-08
1.20306e-08
0
0
0
0
0
0
0
0
0
1.11613e-09
1.96439e-08
2.84936e-08
1.49859e-08
0
0
2.84228e-08
1.00627e-07
2.07304e-07
2.66336e-07
2.53104e-07
1.97488e-07
1.41496e-07
1.2097e-07
1.40732e-07
2.04114e-07
2.79826e-07
3.50528e-07
4.01525e-07
3.95591e-07
3.05191e-07
2.25303e-07
1.27449e-07
8.99661e-08
2.68639e-08
3.07355e-08
0
0
0
1.45929e-07
2.94813e-07
4.2101e-07
5.06804e-07
5.38265e-07
5.07205e-07
4.18429e-07
2.97037e-07
1.69582e-07
5.38567e-08
0
0
0
0
0
0
0
0
0
0
0
2.0762e-09
2.01375e-08
4.43905e-08
7.38192e-08
1.062e-07
1.37939e-07
1.64643e-07
1.82214e-07
1.87785e-07
1.80121e-07
1.59454e-07
1.27116e-07
8.5464e-08
3.81826e-08
0
0
0
0
0
0
0
0
4.46133e-08
8.65162e-08
1.22706e-07
1.52601e-07
1.73213e-07
1.80597e-07
1.735e-07
1.58449e-07
1.43955e-07
1.35757e-07
1.34507e-07
1.37011e-07
1.39743e-07
1.42012e-07
1.37918e-07
1.25518e-07
1.08545e-07
9.08645e-08
7.41312e-08
5.80719e-08
4.23164e-08
2.80725e-08
1.66639e-08
1.08695e-08
1.08895e-08
1.51851e-08
2.00388e-08
2.38865e-08
3.20454e-08
4.96516e-08
6.0534e-08
4.21601e-08
1.31003e-07
0
0
0
0
0
1.27427e-07
8.15055e-08
0
0
0
0
0
0
0
5.77108e-07
2.56129e-07
0
0
0
0
0
0
1.23632e-07
3.90968e-07
4.484e-07
3.5148e-07
1.96426e-07
8.89852e-08
3.03854e-08
0
0
0
0
0
0
0
0
0
0
0
0
0
0
5.17846e-07
1.87298e-06
1.95594e-06
1.44602e-06
9.49935e-07
6.05088e-07
2.77177e-07
0
0
0
0
1.29161e-08
2.53702e-08
6.55893e-09
0
0
0
0
2.12384e-08
6.87736e-08
1.20816e-07
1.33046e-07
9.28391e-08
3.41311e-08
0
0
0
0
0
0
0
0
0
0
0
0
0
0
0
1.46266e-08
3.86084e-08
4.77371e-08
3.74894e-08
2.13839e-08
1.05039e-08
5.62343e-09
9.93281e-09
2.72965e-08
5.56328e-08
8.94105e-08
1.10176e-07
9.9773e-08
6.59871e-08
4.32619e-08
1.78149e-08
1.69666e-08
8.12545e-10
8.54858e-09
0
6.98478e-08
7.68638e-08
9.68734e-08
1.33171e-07
1.85222e-07
2.43997e-07
2.97127e-07
3.34574e-07
3.48704e-07
3.33395e-07
2.86164e-07
2.10864e-07
1.19832e-07
3.03509e-08
0
0
0
0
0
0
0
0
3.50766e-09
2.3765e-08
4.74751e-08
7.57793e-08
1.06597e-07
1.36697e-07
1.62629e-07
1.81727e-07
1.92732e-07
1.95315e-07
1.88488e-07
1.69749e-07
1.35868e-07
8.83103e-08
2.93348e-08
0
0
0
0
0
0
0
0
0
0
4.07689e-08
9.78272e-08
1.43291e-07
1.60887e-07
1.43875e-07
9.90775e-08
4.40045e-08
0
0
0
4.65966e-08
9.92e-08
1.2212e-07
1.19203e-07
1.02606e-07
7.95807e-08
5.3929e-08
2.37823e-08
0
0
0
0
0
0
0
0
0
0
3.66946e-08
9.76599e-08
1.25424e-07
0
0
0
2.98455e-08
1.29516e-07
3.54448e-07
4.85822e-08
0
0
0
0
0
8.55876e-07
1.16888e-07
0
0
0
0
0
0
0
0
0
0
0
0
0
0
0
0
0
0
0
0
0
0
0
0
0
0
0
0
0
0
2.8508e-07
1.2629e-06
1.34581e-06
1.01266e-06
6.26794e-07
1.27911e-07
0
0
0
0
0
5.54204e-08
8.5157e-08
0
0
0
0
5.80359e-09
1.35094e-07
2.21243e-07
2.22595e-07
1.39545e-07
3.53004e-08
0
0
0
0
0
0
0
0
0
0
0
0
0
0
0
0
6.73469e-09
9.30724e-09
3.40582e-09
0
0
0
0
0
1.87488e-09
1.54768e-08
1.81649e-08
1.39041e-08
6.99803e-09
5.13387e-09
9.4032e-10
2.9717e-09
0
2.27462e-09
0
3.32062e-07
3.08989e-07
2.45829e-07
1.74996e-07
1.14044e-07
7.28249e-08
5.20838e-08
4.72877e-08
5.22167e-08
6.04992e-08
6.65507e-08
6.62497e-08
5.76666e-08
4.14347e-08
2.11888e-08
2.10816e-09
0
0
0
0
0
0
0
0
1.42895e-09
2.31987e-08
5.59243e-08
9.98367e-08
1.51383e-07
2.05556e-07
2.57623e-07
3.02693e-07
3.32181e-07
3.31751e-07
2.86583e-07
2.00888e-07
1.029e-07
2.05679e-08
0
0
0
0
0
0
0
0
0
0
0
0
0
0
0
0
0
0
0
0
0
9.80276e-09
3.68608e-08
5.28221e-08
5.06611e-08
3.99609e-08
0
0
0
0
0
0
0
0
0
2.56175e-09
0
0
6.57623e-08
0
0
0
3.39264e-08
1.20535e-07
4.24602e-07
8.00135e-07
0
0
0
0
0
0
8.4015e-07
6.14957e-08
0
0
0
0
0
2.78196e-08
5.98594e-08
0
0
0
0
0
0
0
0
0
0
0
0
0
0
0
0
0
0
0
0
0
0
0
0
1.20023e-07
3.01214e-07
2.43652e-07
8.4678e-08
0
0
0
0
0
0
1.25059e-08
1.38743e-08
6.03872e-10
0
0
0
0
6.91673e-09
2.37716e-08
3.10437e-08
2.3404e-08
7.42947e-09
0
0
0
0
0
0
0
0
0
0
0
0
0
0
0
0
0
0
0
0
0
0
0
0
2.92271e-09
6.4471e-09
4.65196e-09
2.47168e-09
1.01691e-09
8.50395e-10
0
6.95092e-10
0
6.88755e-10
0
2.11041e-07
2.45924e-07
2.47447e-07
2.24951e-07
1.86944e-07
1.46098e-07
1.11942e-07
8.78009e-08
7.24157e-08
6.29411e-08
5.67196e-08
5.173e-08
4.69996e-08
4.27762e-08
3.96859e-08
3.85137e-08
3.94131e-08
4.13401e-08
4.23918e-08
4.02845e-08
3.28602e-08
1.88401e-08
0
0
0
0
0
0
0
0
9.06928e-10
3.55399e-08
7.19745e-08
1.04513e-07
1.25276e-07
1.24559e-07
1.0398e-07
7.33055e-08
4.35461e-08
2.15061e-08
8.81657e-09
3.96075e-09
2.64663e-09
0
0
0
0
0
0
0
0
0
0
0
0
0
0
5.80677e-08
3.67227e-07
2.89438e-07
1.74393e-07
9.50045e-08
1.79378e-08
1.04389e-08
0
0
1.93795e-08
0
0
9.42133e-08
3.14879e-08
0
7.07908e-08
7.05214e-09
0
0
3.43098e-09
0
0
0
0
0
6.5305e-07
9.17405e-07
0
0
0
0
0
0
1.37867e-06
2.06747e-07
0
0
0
0
0
1.85075e-07
2.08715e-07
6.22166e-08
0
0
0
0
0
0
0
0
0
0
0
0
0
0
0
1.88979e-07
1.89523e-07
0
0
0
0
0
0
0
0
0
0
0
0
0
5.96074e-09
6.77201e-09
8.01427e-10
8.66263e-11
0
0
0
0
0
0
1.9405e-09
8.92517e-09
1.11665e-08
6.96319e-09
3.96961e-10
0
0
0
0
0
0
0
0
0
0
0
0
0
0
0
0
0
0
0
0
0
0
0
3.39523e-09
4.07541e-09
2.37534e-09
1.12772e-09
4.37243e-10
2.31474e-10
1.73152e-10
2.50143e-12
1.83653e-10
0
2.40288e-10
0
0
0
2.20446e-08
5.59144e-08
8.18729e-08
9.837e-08
1.05372e-07
1.04235e-07
9.70414e-08
8.59141e-08
7.27569e-08
5.91614e-08
4.69987e-08
3.73796e-08
3.06455e-08
2.65569e-08
2.42665e-08
2.21945e-08
1.77987e-08
7.43049e-09
0
0
0
0
0
0
0
0
0
0
0
0
0
0
0
0
8.61818e-09
9.8679e-09
4.48734e-09
0
0
0
0
0
0
0
0
0
0
0
0
0
0
0
0
0
0
4.52328e-10
5.56462e-09
3.52915e-09
3.70749e-09
0
0
2.87093e-08
0
6.93605e-09
0
0
7.50663e-08
1.11198e-07
5.45451e-08
0
5.95467e-08
0
0
0
3.49003e-08
0
0
0
0
0
0
2.95825e-07
0
0
0
0
0
5.03139e-06
5.30354e-06
1.77604e-06
0
0
0
0
0
2.23622e-07
2.50995e-07
6.1399e-08
0
0
0
0
0
0
0
0
0
0
0
0
0
0
3.64112e-07
9.49496e-07
8.98667e-07
3.01077e-07
0
0
0
0
8.44375e-08
7.32731e-09
0
0
0
0
0
0
0
0
0
0
0
0
0
0
0
0
2.43596e-09
3.9265e-09
3.02595e-09
3.89274e-10
0
0
0
0
0
0
0
0
0
0
0
0
0
0
0
0
0
0
0
0
0
0
1.40581e-09
2.23898e-09
1.7734e-09
1.00798e-09
3.79654e-10
1.83262e-10
5.12299e-11
7.15046e-11
3.47398e-11
2.34642e-11
4.97521e-11
0
1.06961e-10
0
0
0
0
0
0
0
0
6.97024e-09
1.44177e-08
1.66802e-08
1.47696e-08
1.06581e-08
6.58075e-09
4.47841e-09
5.54777e-09
9.80652e-09
1.60586e-08
2.22472e-08
2.62509e-08
2.66901e-08
2.32705e-08
1.675e-08
8.54651e-09
8.1328e-11
0
0
0
0
0
0
0
0
0
0
0
0
0
0
0
0
0
0
0
0
0
0
0
0
0
0
0
0
0
0
3.55216e-09
4.99067e-09
4.05799e-09
4.47975e-09
4.21941e-09
3.78588e-09
8.86339e-09
0
2.96427e-08
5.32682e-08
0
2.67022e-08
0
0
1.05242e-07
1.41592e-07
0
0
0
0
0
4.2653e-07
1.08699e-06
5.7568e-07
0
0
0
0
0
0
0
5.23665e-06
1.51759e-05
2.24805e-05
1.14091e-05
1.20765e-05
6.90089e-06
5.20549e-06
8.49585e-07
0
0
0
8.84334e-08
3.54058e-07
2.95693e-07
0
0
0
0
0
0
0
0
0
0
0
0
0
0
0
5.55199e-07
1.34424e-06
1.38056e-06
6.42516e-07
0
0
0
9.16185e-08
1.32842e-07
0
0
0
0
0
0
0
0
0
0
0
0
0
0
0
3.65874e-10
9.32588e-10
1.10547e-09
8.03035e-10
6.3524e-11
0
0
0
0
3.87965e-11
0
0
0
0
0
0
0
0
0
0
0
0
0
0
1.38451e-10
6.55362e-10
9.25295e-10
9.46335e-10
7.49582e-10
5.07924e-10
2.51807e-10
1.15834e-10
1.88029e-11
2.21328e-11
0
2.13948e-11
2.46252e-12
1.29975e-11
1.06753e-11
0
6.29794e-11
0
0
0
0
0
0
0
0
0
0
0
0
0
0
9.58579e-11
5.27337e-10
1.01593e-09
1.5949e-09
2.24897e-09
2.89492e-09
3.39787e-09
3.62087e-09
3.44586e-09
2.81347e-09
1.79924e-09
6.85694e-10
0
0
0
0
0
0
0
0
0
0
0
0
0
0
0
3.07756e-10
1.54426e-09
2.31314e-09
2.51906e-09
2.21539e-09
1.51985e-09
7.43078e-10
1.52211e-10
0
5.63734e-10
2.73543e-09
3.71143e-09
2.54016e-09
1.90944e-09
2.1548e-09
3.10974e-09
3.71739e-09
6.04095e-09
7.64548e-09
1.1771e-08
1.69271e-08
4.91526e-09
9.26489e-08
1.15374e-07
2.16751e-08
8.69264e-08
0
0
5.82716e-08
1.45059e-07
0
0
0
0
0
9.35669e-07
2.65166e-06
2.893e-06
0
0
0
0
0
2.98918e-06
3.48044e-06
5.55897e-06
1.04589e-05
2.05972e-05
1.86209e-05
1.34706e-05
6.77532e-06
3.73938e-06
4.11194e-06
1.2808e-06
0
0
1.03509e-07
2.91192e-07
0
0
0
0
0
0
0
0
0
0
0
0
0
0
0
0
1.15167e-07
1.03164e-06
1.52714e-06
1.00739e-06
2.10461e-07
0
0
1.34204e-07
8.57373e-08
0
0
0
0
0
0
0
0
0
0
4.8553e-11
2.63896e-09
2.93628e-09
2.15176e-09
1.2385e-09
6.43519e-10
3.5993e-10
1.98921e-10
1.07324e-10
3.86389e-11
1.44918e-11
4.81726e-11
9.83179e-11
8.51743e-11
0
0
0
0
0
0
0
6.51728e-11
8.67706e-11
9.81332e-12
0
7.85362e-11
2.71601e-10
4.60077e-10
5.77299e-10
5.78477e-10
4.60327e-10
2.97364e-10
1.71795e-10
8.54158e-11
4.56285e-11
1.17347e-11
4.15845e-12
0
0
0
2.9064e-12
0
2.99427e-12
0
0
2.51961e-11
0
0
0
0
0
0
0
0
0
0
0
0
0
0
0
0
0
0
0
0
0
0
0
0
0
0
0
0
0
0
0
0
0
0
0
0
0
0
0
0
0
0
0
0
0
0
1.14525e-09
3.58426e-09
6.53215e-09
9.91427e-09
1.54716e-08
2.22394e-08
2.34154e-08
1.69274e-08
4.50796e-09
0
0
0
0
0
0
0
0
1.24798e-07
2.10529e-07
1.05276e-07
2.37314e-07
6.99077e-08
0
0
8.42397e-08
0
0
0
0
0
3.31694e-06
9.62657e-06
1.03625e-05
5.07953e-06
0
0
0
1.28829e-06
4.3741e-06
8.65016e-08
0
0
0
1.3058e-05
1.35604e-05
8.36511e-06
4.57231e-06
1.736e-06
5.60584e-07
2.08858e-07
4.55726e-08
0
0
0
0
0
0
0
0
0
0
0
0
0
0
0
0
0
0
0
1.9356e-07
7.48981e-07
1.19351e-06
7.36893e-07
2.21774e-07
1.65872e-08
0
0
0
0
0
0
0
0
0
0
0
3.10674e-09
5.51346e-09
5.31129e-09
3.49393e-09
1.7184e-09
6.30649e-10
1.78809e-10
8.9819e-11
1.90629e-10
3.05715e-10
3.33205e-10
2.94339e-10
2.31342e-10
1.79292e-10
1.46125e-10
1.26344e-10
1.13122e-10
1.03308e-10
9.4797e-11
9.77692e-11
1.36824e-10
2.07259e-10
2.61883e-10
2.59368e-10
2.21556e-10
1.98176e-10
2.05053e-10
2.16301e-10
2.06241e-10
1.78324e-10
1.33832e-10
8.27486e-11
3.89953e-11
1.56851e-11
4.33071e-12
3.32361e-12
0
0
0
0
0
0
0
0
0
0
0
0
0
0
0
0
0
0
0
0
0
0
0
0
0
0
0
0
0
0
0
0
0
0
0
0
0
0
0
0
0
0
0
0
0
0
0
0
0
0
0
0
0
0
0
0
0
0
3.28043e-09
8.83707e-09
1.65538e-08
2.99724e-08
5.19496e-08
7.70777e-08
8.75463e-08
4.28352e-08
0
0
0
0
0
0
0
0
0
1.18186e-07
1.11007e-07
2.92675e-07
2.50523e-07
0
0
0
0
0
0
0
0
2.43209e-06
6.10932e-06
7.79786e-06
3.23209e-06
0
0
0
1.12834e-06
6.66915e-06
3.58462e-08
0
0
0
1.25295e-06
1.45631e-05
1.21022e-05
7.53958e-06
7.65871e-07
8.17926e-08
2.40073e-10
0
0
0
0
0
0
0
0
0
0
0
0
8.50655e-08
6.20724e-08
0
0
0
0
0
1.39897e-08
3.58869e-08
1.05787e-07
4.74193e-07
1.34488e-06
1.21173e-06
1.53239e-07
0
0
0
0
0
0
0
0
0
0
2.05824e-09
4.3576e-09
4.42011e-09
3.32349e-09
1.8938e-09
8.16058e-10
2.6468e-10
9.06694e-11
9.63273e-11
1.98138e-10
2.78216e-10
2.8087e-10
2.3583e-10
1.84932e-10
1.51699e-10
1.38309e-10
1.33952e-10
1.2903e-10
1.20169e-10
1.06818e-10
9.59915e-11
9.94381e-11
1.12178e-10
1.14482e-10
9.40885e-11
6.3439e-11
4.52766e-11
4.38351e-11
4.37545e-11
3.90517e-11
3.20924e-11
2.19745e-11
1.25329e-11
5.15409e-12
2.43633e-12
1.35686e-12
1.91655e-12
3.0545e-13
0
0
0
0
0
0
0
0
0
0
0
0
0
0
0
0
0
0
0
0
0
0
0
0
0
0
0
0
0
0
0
0
0
0
0
0
0
0
0
0
0
0
0
0
0
0
0
0
0
0
0
0
0
0
0
0
0
6.32421e-10
5.64706e-09
1.78635e-08
5.17633e-08
1.44028e-07
3.45871e-07
3.93933e-07
2.25843e-07
5.12272e-08
5.02085e-09
0
0
0
0
0
0
0
0
0
4.24556e-07
9.46221e-07
1.01127e-07
0
0
0
2.26081e-07
0
0
7.58089e-08
4.57858e-07
1.29814e-06
4.32037e-06
4.87915e-06
0
0
0
5.22964e-07
2.74526e-06
7.53868e-07
0
0
0
2.32263e-07
5.29042e-06
2.06844e-05
7.76761e-06
3.17122e-07
0
0
0
0
0
0
0
0
0
0
0
0
0
2.88075e-08
6.94934e-08
2.60832e-08
0
0
0
0
7.5913e-09
2.53135e-08
2.3804e-08
2.95087e-08
1.50181e-07
9.07446e-07
4.05505e-07
2.36379e-08
0
0
0
0
0
0
0
0
0
0
1.08446e-09
2.03494e-09
1.78898e-09
1.30564e-09
7.6143e-10
3.4703e-10
1.29633e-10
6.50576e-11
6.90434e-11
1.03726e-10
1.261e-10
1.1998e-10
9.9035e-11
7.84416e-11
6.51203e-11
5.85026e-11
5.36284e-11
4.73955e-11
3.91932e-11
3.00591e-11
2.42784e-11
2.57429e-11
3.03889e-11
2.9491e-11
1.96004e-11
6.39541e-12
0
0
1.58864e-12
3.7555e-12
4.95285e-12
3.81997e-12
2.26306e-12
1.01561e-12
8.85959e-13
8.67594e-13
1.08798e-12
4.10111e-13
7.66724e-14
0
0
0
0
0
0
0
0
0
0
1.43968e-08
1.01624e-08
1.73433e-08
2.17593e-08
1.95007e-08
1.62606e-08
1.36016e-08
1.10563e-08
8.84853e-09
6.83199e-09
5.31801e-09
4.03252e-09
3.34348e-09
2.67667e-09
2.56697e-09
2.20005e-09
2.44213e-09
1.33589e-09
1.49294e-09
1.10554e-10
8.911e-10
0
9.58381e-10
0
0
3.52883e-09
1.70699e-09
3.57161e-09
4.86569e-09
4.676e-09
4.14618e-09
3.86183e-09
3.39748e-09
3.07081e-09
2.59914e-09
2.28265e-09
1.94605e-09
1.7813e-09
1.58943e-09
1.63853e-09
1.51524e-09
1.71685e-09
1.13477e-09
1.28237e-09
3.75721e-10
1.01998e-09
0
1.24614e-09
0
0
6.39224e-10
0
3.57949e-10
7.4906e-10
8.80398e-10
8.17926e-10
9.32678e-10
9.08051e-10
9.5599e-10
9.21543e-10
9.21549e-10
8.99039e-10
9.24667e-10
9.08798e-10
1.00018e-09
1.0062e-09
1.1377e-09
9.01176e-10
1.04355e-09
5.80273e-10
1.00796e-09
1.92544e-10
1.28669e-09
0
0
5.35535e-11
0
0
0
0
0
3.94434e-11
1.08937e-10
1.64646e-10
2.44827e-10
3.18024e-10
3.71884e-10
4.61862e-10
5.15024e-10
5.96981e-10
6.47165e-10
7.63139e-10
7.0493e-10
9.15659e-10
6.82728e-10
1.13249e-09
4.75299e-10
1.56149e-09
1.07853e-10
7.25493e-10
0
0
0
0
0
0
0
0
0
0
0
0
0
0
0
0
0
0
0
0
0
0
0
0
0
0
0
0
0
0
0
0
0
0
0
0
0
0
0
0
0
0
0
0
0
0
0
0
0
0
0
0
0
0
0
0
0
0
0
0
0
0
0
0
0
0
0
0
0
0
0
0
0
0
0
0
0
0
0
0
0
0
0
0
0
0
0
0
0
0
0
0
0
0
0
0
0
0
0
0
0
0
0
0
0
0
0
0
0
0
0
0
0
0
0
0
0
0
0
0
0
0
0
0
0
0
0
0
0
0
0
0
0
0
0
0
0
0
0
0
0
0
0
0
0
0
0
0
0
0
0
0
0
0
0
0
0
0
0
0
0
0
0
0
0
0
0
0
0
0
0
0
0
0
0
0
0
0
0
0
0
0
0
0
0
0
0
0
0
0
0
0
0
0
0
0
0
0
0
0
0
0
0
0
0
0
0
0
0
0
0
0
0
0
0
0
0
0
0
0
0
0
0
0
0
0
0
0
0
0
0
0
0
0
0
0
0
0
0
0
0
0
0
0
0
0
0
0
0
0
0
0
0
0
0
0
0
0
0
0
0
0
0
0
0
0
0
0
0
0
0
0
0
0
0
0
0
0
0
0
0
0
0
0
0
0
0
0
0
0
0
0
0
0
0
0
0
0
0
0
0
0
0
0
0
0
0
0
0
0
0
0
0
0
0
0
0
0
0
0
0
0
0
0
0
0
0
0
0
0
0
0
0
0
0
0
0
0
0
0
0
0
0
0
0
0
0
0
0
0
0
0
0
0
0
0
0
0
0
0
0
0
0
0
0
0
0
0
0
0
0
0
0
0
0
0
0
0
0
0
0
0
0
0
0
0
0
0
0
0
0
0
0
0
0
0
0
0
0
0
0
0
0
0
0
0
0
0
0
0
0
0
0
0
0
0
0
0
0
0
0
0
0
0
0
0
0
0
0
0
0
0
0
0
0
0
0
0
0
0
0
0
0
0
0
0
0
0
0
0
0
0
0
0
0
0
0
0
0
0
0
0
0
0
0
0
0
0
0
0
0
0
0
0
0
0
0
0
0
0
0
0
0
0
0
0
0
0
0
0
0
0
0
0
0
0
0
0
0
0
0
0
0
0
0
0
0
0
0
0
0
0
0
0
0
0
0
0
0
0
0
0
0
0
0
0
0
0
0
0
0
0
0
0
0
0
0
0
0
0
0
0
0
0
0
0
0
0
0
0
0
0
0
0
0
0
0
0
0
0
0
0
0
0
0
0
0
0
0
0
0
0
0
0
0
0
0
0
0
0
0
0
0
0
0
0
0
0
0
0
0
0
0
0
0
0
0
0
0
0
0
0
0
0
0
0
0
0
0
0
0
0
0
0
0
0
0
0
0
0
0
0
0
0
0
0
0
0
0
0
0
0
0
0
0
0
0
0
0
0
0
0
0
0
0
0
0
0
0
0
0
0
0
0
0
0
0
0
0
0
0
0
0
0
0
0
0
0
0
0
0
0
0
0
0
0
0
0
0
0
0
0
0
0
0
0
0
0
0
0
0
0
0
0
0
0
0
0
0
0
0
0
0
0
0
0
0
0
0
0
0
0
0
0
0
0
0
0
0
0
0
0
0
0
0
0
0
0
0
0
0
0
0
0
0
0
0
0
0
0
0
0
0
0
0
0
0
0
0
0
0
0
0
0
0
0
0
0
0
0
0
0
0
0
0
0
0
0
0
0
0
0
0
0
0
0
0
0
0
0
0
0
0
0
0
0
0
0
0
0
0
0
0
0
0
0
0
0
0
0
0
0
0
0
0
0
0
0
0
0
0
0
0
0
0
0
0
0
0
0
0
0
0
0
0
0
0
0
0
0
0
0
0
0
0
0
0
0
0
0
0
0
0
0
0
0
0
0
0
0
0
0
0
0
0
0
0
0
0
0
0
0
0
0
0
0
0
0
0
0
0
0
0
0
0
0
0
0
0
0
0
0
0
0
0
0
0
0
0
0
0
0
0
0
0
0
0
0
0
0
0
0
0
0
0
0
0
0
0
0
0
0
0
0
0
0
0
0
0
0
0
0
0
0
0
0
0
0
0
0
0
0
0
0
0
0
0
0
0
0
0
0
0
0
0
0
0
0
0
0
0
0
0
0
0
0
0
0
0
0
0
0
0
0
0
0
0
0
0
0
0
0
0
0
0
1.30229e-09
0
0
0
0
0
0
0
0
0
0
0
0
0
0
0
0
0
0
0
0
0
0
0
0
3.11423e-09
0
0
0
0
0
0
0
0
0
0
0
0
0
0
0
0
0
0
0
0
0
0
0
0
4.26344e-09
0
0
0
0
0
0
0
0
0
0
0
0
0
0
0
0
0
0
0
0
0
0
0
0
3.17753e-09
0
0
0
0
0
0
0
0
0
0
0
0
0
0
0
0
0
0
0
0
0
0
0
0
1.33454e-09
0
0
0
0
0
0
0
0
0
0
0
0
0
0
0
0
0
0
0
0
0
0
0
0
5.203e-10
0
0
0
0
0
0
0
0
0
0
0
0
0
0
0
0
0
0
0
0
0
0
0
0
2.42848e-10
0
0
0
0
0
0
0
0
0
0
0
0
0
0
0
0
0
0
0
2.68429e-11
0
1.04032e-10
0
0
1.49661e-10
0
0
0
0
0
0
0
0
1.04402e-11
2.5634e-11
3.46613e-11
5.65465e-11
6.41693e-11
1.01684e-10
8.82865e-11
1.3982e-10
8.78554e-11
1.90768e-10
4.40439e-11
2.75972e-10
0
4.43839e-10
0
2.99101e-10
1.34876e-10
0
0
0
0
0
0
2.79083e-11
6.21101e-11
8.40474e-11
1.16601e-10
1.23882e-10
1.47079e-10
1.42793e-10
1.77698e-10
1.61461e-10
2.09525e-10
1.58316e-10
2.49218e-10
1.24176e-10
3.20135e-10
3.46429e-11
4.68313e-10
0
2.01348e-10
1.20897e-10
0
0
0
0
1.67893e-11
7.89665e-11
1.18784e-10
1.63072e-10
1.72328e-10
1.87555e-10
1.78537e-10
1.83803e-10
1.61327e-10
1.70493e-10
1.46719e-10
1.77902e-10
1.30236e-10
1.9908e-10
1.0001e-10
2.49668e-10
3.80464e-11
3.65542e-10
0
2.29611e-11
1.04526e-10
0
6.03747e-12
1.02656e-10
1.63133e-10
2.23494e-10
2.57871e-10
2.42999e-10
2.23285e-10
1.93505e-10
1.75129e-10
1.55747e-10
1.52518e-10
1.33302e-10
1.35543e-10
1.14901e-10
1.35132e-10
1.00051e-10
1.48614e-10
7.91944e-11
1.81556e-10
3.72065e-11
2.61133e-10
0
0
1.995e-10
0
6.00926e-10
5.64653e-10
4.34335e-10
3.22578e-10
2.43722e-10
1.77866e-10
1.26691e-10
9.91528e-11
8.90191e-11
7.94242e-11
8.08128e-11
7.27919e-11
7.92304e-11
6.53339e-11
7.78601e-11
5.6195e-11
8.59352e-11
4.45056e-11
1.05338e-10
1.92821e-11
1.53023e-10
0
0
6.94407e-10
7.20904e-10
1.24194e-09
5.29147e-10
1.71653e-10
1.66632e-11
0
0
0
0
0
0
0
3.81263e-13
7.94413e-12
0
5.22673e-12
0
8.90489e-12
0
1.91425e-11
0
4.30575e-11
0
0
1.23268e-09
1.34013e-09
8.20868e-10
1.13379e-10
0
0
0
0
0
0
0
0
0
0
0
0
0
0
0
0
0
0
0
0
0
)
;

boundaryField
{
    inlet
    {
        type            zeroGradient;
    }
    outlet
    {
        type            zeroGradient;
    }
    upperWall
    {
        type            zeroGradient;
    }
    lowerWall
    {
        type            zeroGradient;
    }
    frontAndBack
    {
        type            empty;
    }
}


// ************************************************************************* //
