/*--------------------------------*- C++ -*----------------------------------*\
  =========                 |
  \\      /  F ield         | OpenFOAM: The Open Source CFD Toolbox
   \\    /   O peration     | Website:  https://openfoam.org
    \\  /    A nd           | Version:  7
     \\/     M anipulation  |
\*---------------------------------------------------------------------------*/
FoamFile
{
    version     2.0;
    format      ascii;
    class       volScalarField;
    location    "0.058";
    object      s;
}
// * * * * * * * * * * * * * * * * * * * * * * * * * * * * * * * * * * * * * //

dimensions      [0 0 0 0 0 0 0];

internalField   nonuniform List<scalar> 
12225
(
1
1
1
1
1
1
1
1
1
1
1
1
1
1
1
1
1
1
1
1
1
1
1
1
1
1
1
1
1
1
1
1
1
1
1
1
1
1
1
1
1
1
1
1
1
1
1
1
1
1
1
1
1
1
1
1
1
1
1
1
1
1
1
1
1
1
1
1
1
1
1
1
1
1
1
1
1
1
1
1
1
1
1
1
1
1
1
1
1
1
1
1
1
1
1
1
1
1
1
1
1
1
1
1
1
1
1
1
1
1
1
1
1
1
1
1
1
1
1
1
1
1
1
1
1
1
1
1
1
1
1
1
1
1
1
1
1
1
1
1
1
1
1
1
1
1
1
1
1
1
1
1
1
1
1
1
1
1
1
1
1
1
1
1
1
1
1
1
1
1
1
1
1
1
1
1
1
1
1
1
1
1
1
1
1
1
1
1
1
1
1
1
1
1
1
1
1
1
1
1
1
1
1
1
1
1
1
1
1
1
1
1
1
1
1
1
1
1
1
1
1
1
1
1
1
1
1
1
1
1
1
1
1
1
1
1
1
1
1
1
1
1
1
1
1
1
1
1
1
1
1
1
1
1
1
1
1
1
1
1
1
1
1
1
1
1
1
1
1
1
1
1
1
1
1
1
1
1
1
1
1
1
1
1
1
1
1
1
1
1
1
1
1
1
1
1
1
1
1
1
1
1
1
1
1
1
1
1
1
1
1
1
1
1
1
1
1
1
1
1
1
1
1
1
1
1
1
1
1
1
1
1
1
1
1
1
1
1
1
1
1
1
1
1
1
1
1
1
1
1
1
1
1
1
1
1
1
1
1
1
1
1
1
1
1
1
1
1
1
1
1
1
1
1
1
1
1
1
1
1
1
1
1
1
1
1
1
1
1
1
1
1
1
1
1
1
1
1
1
1
1
1
1
1
1
1
1
1
1
1
1
1
1
1
1
1
1
1
1
1
1
1
1
1
1
1
1
1
1
1
1
1
1
1
1
1
1
1
1
1
1
1
1
1
1
1
1
1
1
1
1
1
1
1
1
1
1
1
1
1
1
1
1
1
1
1
1
1
1
1
1
1
1
1
1
1
1
1
1
1
1
1
1
1
1
1
1
1
1
1
1
1
1
1
1
1
1
1
1
1
1
1
1
1
1
1
1
1
1
1
1
1
1
1
1
1
1
1
1
1
1
1
1
1
1
1
1
1
1
1
1
1
1
1
1
1
1
1
1
1
1.62408e-05
0.000102173
0.000318961
0.000782608
0.00154669
0.00323785
0.00484228
0.00780334
0.0147092
0.0187545
0.0269838
0.0341337
0.0418433
0.048078
0.055378
0.0594298
0.0619688
0.0615223
0.0598452
0.0563495
0.0529483
0.0502101
0.0471777
0.0437046
0.0406754
0.0378991
0.0355764
0.0322789
0.0293289
0.0238336
0.0111626
0.00229098
0.000532911
0.000926801
0.00182521
0.00316552
0.00541678
0.0085009
0.0118057
0.0183491
0.0301964
0.0362926
0.0518218
0.213367
0.602633
0.750506
0.789365
0.792619
0.792323
0.789694
0.784012
0.778332
0.776353
0.775466
0.774655
0.773069
0.772075
0.77191
0.771998
0.772642
0.773982
0.7754
0.775948
0.776167
0.776466
0.777042
0.777468
0.777912
0.77799
0.777624
0.77699
0.776899
0.776996
0.777241
0.777552
0.777808
0.777902
0.777903
0.777803
0.777803
0.777745
0.77734
0.776263
0.774811
0.773166
0.771358
0.768948
0.76568
0.761456
0.756655
0.751483
0.745284
0.737676
0.729013
0.719668
0.708793
0.696491
0.682862
0.667534
0.650519
0.631228
0.609683
0.585096
0.557264
0.52574
0.49026
0.450569
0.406714
0.359147
0.308855
0.257436
0.207054
0.16028
0.119709
0.0872424
0.0626915
0.043497
0.0288009
0.0181154
0.0107766
0.00603377
0.00308228
0.00142921
0.000633512
0.00026934
0.000110054
4.32855e-05
1.6405e-05
6.00878e-06
2.14478e-06
7.06088e-07
1.96193e-07
8.91027e-08
4.11314e-08
1.87324e-08
8.3384e-09
3.63012e-09
1.54815e-09
6.47184e-10
2.65254e-10
1.06621e-10
4.2052e-11
1.62839e-11
6.19541e-12
2.31785e-12
8.53508e-13
3.09636e-13
1.10752e-13
3.90809e-14
1.36104e-14
4.67899e-15
1.58769e-15
5.31469e-16
1.75324e-16
5.69142e-17
1.81595e-17
5.69559e-18
1.75665e-18
5.32899e-19
1.59023e-19
4.66795e-20
1.34769e-20
3.82616e-21
1.06789e-21
2.9291e-22
7.89249e-23
2.08819e-23
5.4221e-24
1.38086e-24
3.44652e-25
8.4238e-26
2.01374e-26
4.7027e-27
1.07052e-27
2.37123e-28
5.08756e-29
1.05469e-29
2.08887e-30
3.9027e-31
-2.41143e-32
1.29037e-05
0.000103698
0.000588285
0.00201817
0.0048672
0.0107882
0.0196677
0.037591
0.0716643
0.104823
0.15451
0.194524
0.246755
0.286043
0.325525
0.348017
0.367324
0.369828
0.36614
0.356051
0.33453
0.306389
0.272725
0.225059
0.178939
0.137954
0.105588
0.0794323
0.0601517
0.0462941
0.0313693
0.018742
0.01165
0.00770784
0.00511905
0.00508802
0.00724399
0.0178517
0.0394836
0.0388201
0.0741163
0.359406
0.535624
0.6734
0.785487
0.832504
0.854473
0.86956
0.882998
0.891248
0.897893
0.90708
0.914577
0.922238
0.926064
0.931284
0.934826
0.939036
0.941851
0.943482
0.944373
0.944715
0.944484
0.943159
0.942451
0.941056
0.940286
0.939765
0.939362
0.938954
0.938625
0.938012
0.93708
0.935574
0.933581
0.931129
0.928193
0.925096
0.922067
0.919544
0.91737
0.915831
0.915285
0.915176
0.915908
0.917906
0.920376
0.924216
0.928345
0.932852
0.93852
0.944455
0.950227
0.955232
0.959876
0.964542
0.968528
0.972181
0.975072
0.977286
0.978784
0.979693
0.980146
0.979888
0.978184
0.974728
0.96916
0.960933
0.949265
0.933014
0.910633
0.880218
0.839398
0.78559
0.716853
0.633984
0.541484
0.443951
0.347803
0.260939
0.189751
0.135186
0.0935239
0.0625299
0.040429
0.0253065
0.0153552
0.00902619
0.00518294
0.00291291
0.00160519
0.000868684
0.000462289
0.000242191
0.000125018
6.36226e-05
3.19315e-05
1.58059e-05
7.7149e-06
3.71186e-06
1.75956e-06
8.21393e-07
3.77459e-07
1.70731e-07
7.60598e-08
3.3452e-08
1.45686e-08
6.25696e-09
2.63671e-09
1.08693e-09
4.37426e-10
1.71527e-10
6.53774e-11
2.4141e-11
8.60011e-12
2.94982e-12
9.8575e-13
3.22725e-13
1.03542e-13
3.25615e-14
1.00375e-14
3.03302e-15
8.98321e-16
2.60766e-16
7.41778e-17
2.06747e-17
5.64477e-18
1.50944e-18
3.95166e-19
1.01261e-19
2.5379e-20
6.22018e-21
1.4885e-21
3.47825e-22
7.90865e-23
1.75208e-23
3.74934e-24
7.74192e-25
1.43773e-25
-2.00314e-25
8.49542e-06
0.00014642
0.00153837
0.00496607
0.0124084
0.0279803
0.0594935
0.132641
0.225484
0.358669
0.469171
0.555599
0.606155
0.631892
0.647855
0.650196
0.649048
0.645302
0.641433
0.636124
0.629452
0.614969
0.598636
0.572865
0.53084
0.469855
0.385795
0.299008
0.202116
0.134594
0.0911343
0.0595706
0.040634
0.0276104
0.019736
0.020128
0.0267974
0.0435425
0.15864
0.437145
0.569328
0.718607
0.781896
0.839475
0.86598
0.878893
0.88833
0.892708
0.894345
0.894727
0.894506
0.893169
0.892118
0.888803
0.879735
0.869224
0.858738
0.850563
0.842761
0.837415
0.832318
0.826925
0.822739
0.820025
0.818063
0.816651
0.815489
0.813839
0.812069
0.809715
0.806905
0.803852
0.800507
0.796801
0.793068
0.78947
0.785787
0.78261
0.781568
0.781365
0.781799
0.783347
0.785758
0.788974
0.792446
0.795361
0.798335
0.802073
0.80605
0.810731
0.816888
0.824064
0.833337
0.845026
0.859231
0.875833
0.893584
0.912015
0.929763
0.946199
0.959997
0.970311
0.978134
0.984328
0.989255
0.992986
0.995538
0.997049
0.997802
0.998057
0.998012
0.99735
0.995631
0.992806
0.9882
0.980635
0.967766
0.945166
0.905924
0.842111
0.749053
0.631055
0.501526
0.376222
0.26984
0.188195
0.127628
0.0841095
0.0539091
0.0336765
0.0205543
0.0122897
0.00721834
0.00417587
0.00238509
0.0013475
0.000753934
0.000417921
0.000229425
0.000124597
6.68364e-05
3.53485e-05
1.83987e-05
9.40892e-06
4.72106e-06
2.32179e-06
1.11832e-06
5.27335e-07
2.43385e-07
1.09938e-07
4.85984e-08
2.10217e-08
8.89634e-09
3.68277e-09
1.49104e-09
5.90316e-10
2.28486e-10
8.64368e-11
3.19493e-11
1.15341e-11
4.065e-12
1.39791e-12
4.68687e-13
1.53124e-13
4.89598e-14
1.53554e-14
4.72294e-15
1.42448e-15
4.21138e-16
1.22037e-16
3.46348e-17
9.62836e-18
2.61731e-18
6.96335e-19
1.80595e-19
4.58001e-20
1.12514e-20
2.70035e-21
6.24102e-22
1.19249e-22
2.15853e-05
0.00145801
0.0053515
0.0133629
0.0320988
0.0761079
0.173589
0.374755
0.563065
0.655185
0.696435
0.712283
0.710822
0.70492
0.69778
0.681286
0.667902
0.653697
0.6431
0.640975
0.640171
0.63934
0.637878
0.634809
0.628376
0.614862
0.59061
0.544216
0.462239
0.371787
0.262049
0.148488
0.111384
0.0880658
0.0557594
0.0553818
0.152436
0.42412
0.592791
0.71003
0.781834
0.82524
0.845179
0.859519
0.866524
0.870632
0.871809
0.868729
0.860391
0.848734
0.827905
0.81138
0.799363
0.787706
0.782006
0.779211
0.777901
0.777554
0.778333
0.779021
0.778702
0.778073
0.777308
0.776471
0.775613
0.774356
0.772568
0.769872
0.765959
0.760695
0.754226
0.746872
0.740892
0.738837
0.73828
0.738215
0.738739
0.740641
0.744207
0.749029
0.754265
0.759191
0.76409
0.769497
0.774474
0.777933
0.780552
0.782579
0.78398
0.785384
0.786771
0.787597
0.78914
0.792255
0.796072
0.800941
0.80829
0.818884
0.833
0.850565
0.871541
0.893869
0.915549
0.935033
0.952063
0.967005
0.979527
0.988493
0.99396
0.997107
0.99866
0.999375
0.999677
0.999784
0.99981
0.999794
0.999684
0.999377
0.998673
0.997089
0.993434
0.984717
0.96309
0.906688
0.795204
0.653596
0.5023
0.364103
0.254082
0.172265
0.113728
0.0733219
0.0462953
0.0287043
0.0175175
0.0105411
0.00626124
0.0036723
0.00212593
0.00121357
0.000682158
0.000376996
0.000204532
0.00010879
5.66729e-05
2.8894e-05
1.44112e-05
7.03001e-06
3.35401e-06
1.56515e-06
7.14465e-07
3.19061e-07
1.39397e-07
5.95838e-08
2.49173e-08
1.01945e-08
4.08034e-09
1.59755e-09
6.11731e-10
2.29051e-10
8.38404e-11
2.99924e-11
1.04825e-11
3.57844e-12
1.19243e-12
3.87675e-13
1.23033e-13
3.82674e-14
1.1663e-14
3.48337e-15
1.01879e-15
2.91852e-16
8.17625e-17
2.24198e-17
5.99674e-18
1.56858e-18
3.98253e-19
9.87809e-20
2.35949e-20
5.34452e-21
0.00104514
0.00800007
0.0146736
0.0305404
0.077371
0.198589
0.481988
0.651479
0.716732
0.737519
0.735895
0.728779
0.711057
0.667895
0.628674
0.553536
0.500344
0.45328
0.422776
0.424954
0.438996
0.475284
0.529671
0.575365
0.605831
0.613344
0.612734
0.6056
0.581226
0.521095
0.411659
0.327344
0.2183
0.10521
0.0877489
0.280365
0.550296
0.680698
0.768903
0.810141
0.830631
0.83914
0.841845
0.840687
0.822813
0.79422
0.77391
0.76076
0.754121
0.752213
0.757913
0.758671
0.75895
0.758127
0.755058
0.752651
0.751834
0.751777
0.753755
0.759223
0.763456
0.764354
0.764319
0.763742
0.762906
0.761779
0.760125
0.757573
0.753578
0.7477
0.73964
0.729489
0.723795
0.722453
0.722295
0.72299
0.725775
0.731363
0.73935
0.748367
0.7571
0.766036
0.77557
0.785546
0.791924
0.795219
0.798177
0.800074
0.800799
0.801208
0.801394
0.800975
0.800276
0.799698
0.799598
0.800023
0.802302
0.806682
0.814344
0.825171
0.83864
0.855416
0.874357
0.894029
0.912822
0.929776
0.945417
0.960851
0.975276
0.986468
0.993352
0.996936
0.99869
0.999473
0.999792
0.999913
0.999956
0.99997
0.999972
0.999966
0.99993
0.99981
0.999451
0.998382
0.99514
0.985203
0.954521
0.85982
0.694473
0.527768
0.380747
0.265386
0.180077
0.119423
0.0776454
0.0496012
0.0311731
0.0192829
0.0117362
0.00702195
0.00412493
0.00237574
0.0013398
0.000739036
0.000398414
0.000209817
0.000107918
5.42119e-05
2.66018e-05
1.27539e-05
5.97584e-06
2.73697e-06
1.22555e-06
5.36582e-07
2.29735e-07
9.61877e-08
3.93833e-08
1.57681e-08
6.1726e-09
2.36219e-09
8.83551e-10
3.22945e-10
1.15318e-10
4.02203e-11
1.36977e-11
4.55445e-12
1.47763e-12
4.67581e-13
1.44694e-13
4.3847e-14
1.30038e-14
3.77486e-15
1.07132e-15
2.97397e-16
8.05575e-17
2.1321e-17
5.48695e-18
1.37728e-18
3.34502e-19
7.75644e-20
0.013428
0.0172857
0.0258948
0.0578611
0.177882
0.493428
0.677041
0.740471
0.752751
0.748687
0.732195
0.686543
0.58626
0.458594
0.331622
0.258482
0.208861
0.183734
0.159903
0.156123
0.161894
0.180045
0.223897
0.315023
0.476995
0.568099
0.602676
0.607643
0.603404
0.579513
0.511971
0.36305
0.191234
0.114133
0.291111
0.608021
0.73567
0.795716
0.824268
0.833589
0.834983
0.82691
0.803943
0.744554
0.685331
0.659614
0.650398
0.647711
0.648547
0.663299
0.676257
0.681856
0.689981
0.695765
0.696479
0.695559
0.695454
0.698086
0.702095
0.703273
0.703715
0.705039
0.709232
0.713362
0.713695
0.712662
0.710982
0.709212
0.70708
0.703945
0.698998
0.692212
0.689365
0.689014
0.690233
0.694759
0.703446
0.715942
0.730584
0.744977
0.757048
0.768306
0.778745
0.788451
0.793167
0.795254
0.797048
0.798037
0.798146
0.798332
0.799372
0.801066
0.803999
0.80725
0.810014
0.812465
0.814685
0.817162
0.820554
0.826327
0.83597
0.849399
0.86613
0.884372
0.903129
0.920494
0.935109
0.947422
0.958544
0.969547
0.980528
0.9895
0.995021
0.997783
0.999071
0.99963
0.999857
0.999945
0.999977
0.999989
0.999992
0.999992
0.999989
0.999972
0.999907
0.999675
0.99885
0.99594
0.985755
0.950863
0.836632
0.653179
0.485148
0.347102
0.241718
0.164471
0.109599
0.0716008
0.0458603
0.0287795
0.0176766
0.0106139
0.00622355
0.00356062
0.00198657
0.00108062
0.000573111
0.000296416
0.000149557
7.36418e-05
3.54012e-05
1.66201e-05
7.62241e-06
3.41574e-06
1.49581e-06
6.40189e-07
2.6779e-07
1.09477e-07
4.37386e-08
1.70752e-08
6.51259e-09
2.42636e-09
8.82836e-10
3.13651e-10
1.08781e-10
3.68239e-11
1.21634e-11
3.91952e-12
1.23142e-12
3.78257e-13
1.13632e-13
3.33852e-14
9.58527e-15
2.68977e-15
7.36545e-16
1.96897e-16
5.12341e-17
1.29884e-17
3.19528e-18
7.52967e-19
0.0194506
0.0201596
0.032524
0.101875
0.392483
0.655999
0.74751
0.762971
0.757666
0.731713
0.65599
0.474759
0.319623
0.230916
0.18152
0.15678
0.135666
0.122812
0.113588
0.096445
0.0925085
0.0957057
0.109441
0.148806
0.249323
0.451484
0.569436
0.602858
0.603644
0.586399
0.510415
0.320419
0.161586
0.24542
0.615682
0.761657
0.816112
0.836688
0.842316
0.838443
0.822579
0.781895
0.692623
0.62414
0.599642
0.591044
0.589044
0.591297
0.604586
0.618106
0.630201
0.6363
0.640204
0.641487
0.641368
0.64038
0.639627
0.639066
0.638
0.63697
0.636744
0.637755
0.639335
0.640402
0.641679
0.642023
0.641818
0.641482
0.641011
0.640756
0.640696
0.640941
0.642252
0.64573
0.651765
0.660705
0.672639
0.687252
0.703489
0.720947
0.737904
0.751613
0.762077
0.765894
0.766472
0.766175
0.765216
0.763899
0.762572
0.761408
0.760754
0.762229
0.766481
0.774184
0.784215
0.794885
0.805071
0.814579
0.824538
0.833268
0.842998
0.854541
0.868227
0.884139
0.901427
0.918879
0.934131
0.946502
0.956508
0.965268
0.973392
0.981106
0.988247
0.993814
0.997137
0.998765
0.999495
0.999802
0.999924
0.999971
0.999989
0.999995
0.999997
0.999997
0.999996
0.999991
0.999967
0.99987
0.999497
0.99808
0.992827
0.973847
0.907422
0.737259
0.559266
0.408665
0.290331
0.201098
0.135942
0.0896844
0.0577054
0.0361813
0.022089
0.0131235
0.00758562
0.00426595
0.00233477
0.00124414
0.000645845
0.000326783
0.000161247
7.76283e-05
3.64763e-05
1.67337e-05
7.49642e-06
3.27992e-06
1.4017e-06
5.85104e-07
2.38551e-07
9.49861e-08
3.6933e-08
1.4021e-08
5.19609e-09
1.87947e-09
6.63397e-10
2.28467e-10
7.67534e-11
2.51502e-11
8.03472e-12
2.50368e-12
7.62384e-13
2.2687e-13
6.59436e-14
1.87212e-14
5.18596e-15
1.40156e-15
3.68931e-16
9.45674e-17
2.3565e-17
5.64111e-18
0.0197004
0.0203142
0.0434511
0.175694
0.542234
0.732561
0.770628
0.766554
0.737938
0.647678
0.433178
0.292747
0.218516
0.174626
0.154803
0.143351
0.130262
0.120402
0.10856
0.0910144
0.0740276
0.0706235
0.0740099
0.0896342
0.143244
0.317891
0.506639
0.587697
0.601505
0.580521
0.468409
0.223071
0.220023
0.578905
0.769618
0.831207
0.850383
0.854601
0.850089
0.830473
0.784939
0.690986
0.604548
0.574323
0.565474
0.563871
0.56738
0.579731
0.594499
0.607886
0.617238
0.622318
0.624909
0.626225
0.626944
0.627087
0.627114
0.627254
0.627744
0.628225
0.628772
0.628976
0.629221
0.629742
0.630156
0.6312
0.632009
0.632396
0.632878
0.633662
0.634263
0.635219
0.636653
0.640679
0.64694
0.655563
0.66685
0.680529
0.695224
0.710381
0.72394
0.736091
0.745353
0.750621
0.753425
0.754767
0.755546
0.755971
0.755838
0.755286
0.754546
0.754965
0.756927
0.761516
0.767905
0.774909
0.781542
0.787382
0.793849
0.80781
0.830273
0.853675
0.873658
0.892433
0.909132
0.923264
0.93793
0.951554
0.961292
0.967812
0.973559
0.979552
0.985295
0.990245
0.994237
0.997048
0.99866
0.999438
0.999776
0.999914
0.999968
0.999988
0.999995
0.999998
0.999999
0.999999
0.999998
0.999995
0.999979
0.999915
0.999656
0.998652
0.994884
0.981151
0.93271
0.786662
0.604043
0.446489
0.319986
0.222654
0.150458
0.0987114
0.0628544
0.0388363
0.0232864
0.0135543
0.00766307
0.00421095
0.0022508
0.0011711
0.00059353
0.000293182
0.000141217
6.63518e-05
3.04201e-05
1.36113e-05
5.94459e-06
2.53428e-06
1.05461e-06
4.28368e-07
1.69818e-07
6.56954e-08
2.47977e-08
9.13166e-09
3.28006e-09
1.14908e-09
3.92549e-10
1.30756e-10
4.24587e-11
1.3437e-11
4.15014e-12
1.25182e-12
3.68636e-13
1.05967e-13
2.97166e-14
8.12734e-15
2.16571e-15
5.61951e-16
1.41909e-16
3.45167e-17
0.0196132
0.0200174
0.0547348
0.270086
0.653209
0.769882
0.776316
0.754345
0.672038
0.489675
0.325973
0.237994
0.192392
0.165309
0.161381
0.163032
0.159542
0.137297
0.104353
0.0742734
0.054513
0.0504161
0.0538789
0.0741792
0.143172
0.335256
0.516852
0.590843
0.597034
0.544907
0.311924
0.241425
0.465173
0.757143
0.838226
0.861361
0.866059
0.863692
0.847749
0.813404
0.739045
0.620409
0.571029
0.557151
0.554681
0.556832
0.566613
0.581519
0.59787
0.607844
0.614642
0.618575
0.620685
0.621485
0.621713
0.621499
0.62088
0.620455
0.620044
0.619402
0.619166
0.619403
0.620791
0.621636
0.622629
0.626798
0.631088
0.633885
0.637439
0.642166
0.646379
0.651824
0.657755
0.663685
0.669877
0.677443
0.686499
0.697251
0.709663
0.722096
0.731737
0.739867
0.7475
0.753084
0.758441
0.762053
0.766297
0.771534
0.777706
0.784542
0.791883
0.798883
0.805788
0.811748
0.815994
0.816108
0.810616
0.79904
0.787946
0.779993
0.77933
0.7976
0.841684
0.884162
0.914331
0.934823
0.947683
0.957031
0.967617
0.976078
0.980529
0.982969
0.986048
0.989752
0.993165
0.995806
0.997659
0.998832
0.999478
0.999785
0.999916
0.999969
0.999988
0.999996
0.999998
0.999999
0.999999
0.999999
0.999999
0.999995
0.99998
0.999918
0.999669
0.998715
0.995187
0.98253
0.938344
0.800517
0.615165
0.453687
0.323154
0.222462
0.148067
0.0953167
0.0593764
0.035818
0.0209418
0.0118789
0.00654363
0.00350388
0.0018253
0.000925724
0.00045735
0.00022021
0.000103372
4.73215e-05
2.11292e-05
9.20285e-06
3.91012e-06
1.62061e-06
6.55176e-07
2.58337e-07
9.93379e-08
3.72467e-08
1.36161e-08
4.85246e-09
1.68566e-09
5.7075e-10
1.8834e-10
6.056e-11
1.89824e-11
5.80668e-12
1.7333e-12
5.04814e-13
1.43401e-13
3.97186e-14
1.07207e-14
2.81821e-15
7.21546e-16
1.78341e-16
0.0193722
0.0195027
0.0671927
0.362968
0.722317
0.784711
0.776548
0.717589
0.579404
0.423786
0.289544
0.224711
0.189438
0.189681
0.204986
0.203837
0.178153
0.106923
0.0566175
0.0449975
0.0437161
0.046722
0.0562026
0.0881146
0.186169
0.41376
0.558139
0.590595
0.567194
0.392245
0.291655
0.359407
0.713416
0.833996
0.865753
0.872502
0.872564
0.863766
0.842156
0.792523
0.688294
0.589823
0.559847
0.553319
0.553165
0.558302
0.572978
0.594317
0.604097
0.608359
0.612751
0.614755
0.61522
0.61359
0.610314
0.605414
0.598274
0.58937
0.578491
0.569607
0.565477
0.564068
0.566417
0.569048
0.573156
0.582753
0.590897
0.601254
0.612233
0.626062
0.638655
0.65059
0.662558
0.675926
0.690336
0.7055
0.720617
0.734937
0.747954
0.758206
0.763824
0.76652
0.768309
0.769695
0.771737
0.774182
0.777988
0.783895
0.791903
0.802048
0.814661
0.829489
0.846094
0.864025
0.882732
0.900404
0.91157
0.909832
0.881462
0.828149
0.780035
0.76241
0.764759
0.802519
0.875983
0.928175
0.954614
0.967888
0.974157
0.979721
0.986019
0.989866
0.991267
0.992192
0.993805
0.995718
0.99736
0.998505
0.999214
0.999619
0.999832
0.999931
0.999974
0.99999
0.999997
0.999999
1
1
1
1
0.999999
0.999994
0.999974
0.999893
0.99958
0.998409
0.994173
0.979235
0.927588
0.774303
0.585196
0.424268
0.296019
0.198971
0.128992
0.0807553
0.0488855
0.0286525
0.0162806
0.0089787
0.00481099
0.00250673
0.00127098
0.000627443
0.000301717
0.00014137
6.45582e-05
2.87373e-05
1.24703e-05
5.27531e-06
2.17545e-06
8.74475e-07
3.42613e-07
1.30821e-07
4.86771e-08
1.76487e-08
6.23467e-09
2.14589e-09
7.19576e-10
2.35067e-10
7.48072e-11
2.32172e-11
7.02795e-12
2.07477e-12
5.97275e-13
1.6762e-13
4.58484e-14
1.22165e-14
3.1721e-15
7.96687e-16
0.0192005
0.0195866
0.086689
0.461987
0.759768
0.788829
0.762986
0.673825
0.542669
0.402681
0.283208
0.235464
0.227723
0.220613
0.231705
0.219999
0.174578
0.101973
0.0682014
0.0582649
0.0567145
0.067182
0.0976652
0.179006
0.378832
0.527276
0.564196
0.563158
0.428265
0.33763
0.34412
0.647872
0.815379
0.862547
0.873376
0.874851
0.87219
0.860094
0.828481
0.759301
0.644806
0.576749
0.557257
0.553661
0.554952
0.566833
0.589694
0.599869
0.604143
0.606735
0.607746
0.60502
0.595822
0.584409
0.56915
0.55143
0.534028
0.518356
0.50619
0.50011
0.497394
0.496757
0.501353
0.507095
0.519959
0.529134
0.539903
0.550162
0.559799
0.570326
0.582584
0.599148
0.617609
0.638799
0.663018
0.689046
0.713952
0.734287
0.750005
0.76149
0.767659
0.770176
0.770712
0.770335
0.770017
0.770164
0.771459
0.774483
0.779894
0.788412
0.799902
0.814654
0.833232
0.855874
0.880078
0.905675
0.929408
0.94644
0.953962
0.947363
0.896313
0.798183
0.755824
0.75362
0.776911
0.861642
0.935289
0.967846
0.981163
0.986375
0.989116
0.992721
0.995369
0.99653
0.996788
0.997003
0.99767
0.998531
0.999161
0.999557
0.99978
0.999897
0.999955
0.999982
0.999993
0.999998
0.999999
1
1
1
1
0.999999
0.999998
0.999989
0.999955
0.999821
0.999317
0.997468
0.990862
0.967682
0.887383
0.697373
0.512299
0.360571
0.243773
0.158632
0.0995455
0.0603461
0.035398
0.0201204
0.0110958
0.00594281
0.00309382
0.0015666
0.000771978
0.000370348
0.000173021
7.87344e-05
3.49025e-05
1.50731e-05
6.34164e-06
2.59918e-06
1.03771e-06
4.03548e-07
1.52848e-07
5.63828e-08
2.02557e-08
7.08686e-09
2.41477e-09
8.01338e-10
2.58977e-10
8.15611e-11
2.50422e-11
7.49589e-12
2.18744e-12
6.22221e-13
1.72518e-13
4.66072e-14
1.22755e-14
3.13242e-15
0.019115
0.0213191
0.11906
0.544565
0.775965
0.788833
0.748044
0.655321
0.532811
0.407542
0.32969
0.270465
0.252301
0.252769
0.268602
0.277188
0.269241
0.232496
0.187804
0.171228
0.173043
0.218009
0.30058
0.427329
0.502788
0.531012
0.533626
0.431441
0.370229
0.367439
0.551206
0.784779
0.851274
0.868802
0.872875
0.872353
0.864122
0.841264
0.789407
0.69971
0.616304
0.571462
0.558358
0.556169
0.561283
0.580487
0.594438
0.599551
0.601601
0.599665
0.593845
0.584703
0.573345
0.551367
0.528706
0.503306
0.478956
0.456385
0.435749
0.42313
0.417922
0.417135
0.430448
0.448327
0.469755
0.494861
0.515954
0.53009
0.542557
0.551154
0.560432
0.571049
0.583201
0.59586
0.610474
0.628201
0.6509
0.677265
0.702406
0.722344
0.736156
0.743772
0.746528
0.746054
0.745047
0.744684
0.745238
0.74672
0.749156
0.752842
0.756929
0.761538
0.766616
0.7749
0.796446
0.834412
0.885948
0.930372
0.956603
0.964886
0.962053
0.925664
0.810957
0.759141
0.75748
0.783939
0.871262
0.944545
0.976718
0.988952
0.993376
0.995393
0.997021
0.998237
0.998845
0.999069
0.999117
0.99917
0.999365
0.999609
0.999783
0.99989
0.999948
0.999977
0.99999
0.999996
0.999999
0.999999
1
1
1
1
1
0.999999
0.999994
0.999976
0.999904
0.999626
0.998593
0.994831
0.981367
0.933832
0.781609
0.577711
0.408261
0.276628
0.180174
0.113075
0.0685209
0.0401643
0.0228068
0.0125609
0.00671637
0.00348932
0.00176241
0.000865835
0.000413891
0.000192563
8.72106e-05
3.84521e-05
1.65059e-05
6.89802e-06
2.80644e-06
1.11151e-06
4.28529e-07
1.60822e-07
5.87505e-08
2.08926e-08
7.23294e-09
2.43787e-09
8.00021e-10
2.55695e-10
7.96367e-11
2.41724e-11
7.15142e-12
2.06214e-12
5.79628e-13
1.58785e-13
4.24219e-14
1.09959e-14
0.0189472
0.0272348
0.168312
0.612273
0.781448
0.787182
0.742275
0.651126
0.56529
0.483163
0.393762
0.321852
0.290744
0.281475
0.283464
0.308934
0.319667
0.329172
0.332348
0.341185
0.365092
0.398612
0.442405
0.480561
0.495772
0.481384
0.419082
0.389009
0.391863
0.5103
0.745782
0.832728
0.858094
0.865714
0.865475
0.853443
0.824082
0.772527
0.708748
0.648364
0.59543
0.569413
0.561908
0.561663
0.570889
0.586262
0.593957
0.596842
0.596412
0.589538
0.577541
0.558482
0.529344
0.491639
0.443573
0.397869
0.353102
0.316887
0.28805
0.273333
0.268028
0.27107
0.285532
0.311002
0.347875
0.397568
0.45454
0.494168
0.525157
0.540876
0.551236
0.560244
0.57287
0.586282
0.600235
0.615447
0.631551
0.649331
0.668848
0.688938
0.70789
0.72291
0.732256
0.736264
0.737944
0.739337
0.74126
0.74401
0.747186
0.750374
0.752504
0.753482
0.751752
0.743711
0.735395
0.736643
0.760083
0.833709
0.916548
0.95732
0.966431
0.960827
0.909196
0.808828
0.775317
0.779408
0.824789
0.905818
0.958971
0.98407
0.993483
0.996906
0.998405
0.999134
0.9995
0.999682
0.999766
0.999802
0.999822
0.999845
0.99988
0.999921
0.999955
0.999977
0.999989
0.999995
0.999998
0.999999
1
1
1
1
1
1
0.999999
0.999996
0.999984
0.999936
0.999748
0.999031
0.99636
0.986581
0.951338
0.82763
0.616239
0.435685
0.294923
0.191784
0.120132
0.0726458
0.0424873
0.0240673
0.0132193
0.00704681
0.00364828
0.00183543
0.000897699
0.000426981
0.000197548
8.89162e-05
3.89376e-05
1.65899e-05
6.87699e-06
2.77348e-06
1.08821e-06
4.15404e-07
1.5428e-07
5.57522e-08
1.96054e-08
6.70974e-09
2.23517e-09
7.24894e-10
2.28997e-10
7.04792e-11
2.11383e-11
6.17864e-12
1.76052e-12
4.88997e-13
1.325e-13
3.4875e-14
0.0187
0.0350494
0.207286
0.647342
0.786264
0.788268
0.742242
0.674274
0.627426
0.577865
0.496959
0.408493
0.355927
0.331411
0.322147
0.321207
0.339695
0.348956
0.371294
0.382605
0.407518
0.422346
0.440839
0.449316
0.432768
0.410342
0.402642
0.414981
0.513426
0.720243
0.810513
0.842061
0.852484
0.851396
0.83
0.773197
0.717097
0.678236
0.643172
0.60965
0.581924
0.56908
0.565338
0.567025
0.576034
0.58619
0.591724
0.592536
0.586717
0.565488
0.539534
0.50692
0.456708
0.40289
0.345364
0.297041
0.255877
0.227123
0.210132
0.200683
0.197349
0.202615
0.215117
0.233462
0.258514
0.289899
0.339556
0.416718
0.480356
0.521865
0.543248
0.55445
0.562374
0.574183
0.592081
0.612788
0.633046
0.654176
0.675276
0.69631
0.716797
0.734713
0.749097
0.75868
0.764896
0.769951
0.77437
0.780172
0.789496
0.796547
0.797504
0.795345
0.788909
0.767631
0.73717
0.722957
0.722163
0.73651
0.810219
0.914699
0.957948
0.964721
0.951191
0.880904
0.825331
0.81472
0.828029
0.889128
0.944814
0.975472
0.990377
0.996423
0.998603
0.999415
0.999739
0.999869
0.999923
0.999946
0.999956
0.999962
0.999966
0.999972
0.999979
0.999986
0.999992
0.999996
0.999998
0.999999
1
1
1
1
1
1
1
0.999999
0.999997
0.999988
0.999949
0.999796
0.999199
0.996918
0.988377
0.957001
0.843882
0.62919
0.443572
0.299179
0.193829
0.120963
0.0728774
0.042461
0.0239564
0.013102
0.00695173
0.00358074
0.00179144
0.000870873
0.000411486
0.000189012
8.44119e-05
3.66541e-05
1.54757e-05
6.35316e-06
2.53596e-06
9.84291e-07
3.71505e-07
1.36368e-07
4.86898e-08
1.69128e-08
5.71664e-09
1.8806e-09
6.0239e-10
1.87938e-10
5.71281e-11
1.69226e-11
4.8868e-12
1.37587e-12
3.7799e-13
1.00978e-13
0.0183662
0.041811
0.230554
0.660262
0.790284
0.793562
0.75094
0.706808
0.694614
0.67948
0.628851
0.553016
0.46766
0.417239
0.383766
0.369611
0.365236
0.367966
0.381852
0.391383
0.404762
0.410802
0.4143
0.414477
0.413697
0.417892
0.446242
0.554279
0.715466
0.792449
0.823822
0.835075
0.832909
0.800026
0.722001
0.666362
0.634964
0.614923
0.598892
0.584039
0.572884
0.567967
0.567428
0.570228
0.576728
0.584618
0.586183
0.582519
0.566243
0.542883
0.515065
0.470468
0.405933
0.340114
0.281601
0.234707
0.200758
0.176589
0.162117
0.154306
0.151133
0.154747
0.167348
0.192148
0.222549
0.2498
0.286878
0.344871
0.419221
0.491202
0.534507
0.554048
0.560786
0.566424
0.573842
0.588828
0.616171
0.651582
0.686117
0.719759
0.749763
0.771628
0.784744
0.792193
0.798268
0.807486
0.821908
0.843141
0.868871
0.892694
0.909661
0.915289
0.910626
0.885376
0.809346
0.745448
0.723012
0.724113
0.747531
0.840038
0.930751
0.963376
0.96651
0.94568
0.898161
0.876986
0.87526
0.894008
0.941818
0.972228
0.987769
0.995051
0.998159
0.999345
0.999762
0.999908
0.999961
0.99998
0.999987
0.99999
0.999992
0.999993
0.999994
0.999996
0.999997
0.999998
0.999999
0.999999
1
1
1
1
1
1
1
1
0.999999
0.999997
0.999989
0.999954
0.999808
0.999227
0.996957
0.988291
0.955983
0.838531
0.621141
0.4353
0.291933
0.188101
0.116763
0.0699738
0.0405475
0.0227466
0.0123653
0.0065187
0.00333466
0.00165609
0.000798762
0.000374247
0.000170363
7.53545e-05
3.23873e-05
1.35265e-05
5.48976e-06
2.16526e-06
8.30041e-07
3.09306e-07
1.12063e-07
3.94846e-08
1.35333e-08
4.51337e-09
1.46516e-09
4.63145e-10
1.42618e-10
4.27947e-11
1.25188e-11
3.57106e-12
9.94204e-13
2.69405e-13
0.0179095
0.044202
0.235345
0.655617
0.792539
0.80229
0.778632
0.740972
0.732265
0.730869
0.73078
0.71268
0.663425
0.582892
0.517756
0.466984
0.434919
0.420871
0.416123
0.415271
0.417726
0.423756
0.429163
0.440066
0.462644
0.519868
0.620094
0.727175
0.781526
0.806268
0.815733
0.809184
0.766474
0.692126
0.634595
0.605574
0.589838
0.58073
0.574536
0.569468
0.566224
0.566394
0.567693
0.570582
0.576112
0.581213
0.580991
0.573337
0.552372
0.522495
0.482255
0.42081
0.350503
0.284093
0.231834
0.192199
0.16542
0.147402
0.136446
0.131143
0.130679
0.133284
0.139339
0.153692
0.188016
0.230048
0.264509
0.313539
0.383182
0.45616
0.518246
0.555464
0.569462
0.570878
0.572766
0.577201
0.585537
0.602879
0.642457
0.696816
0.743456
0.770693
0.783741
0.789061
0.792844
0.801208
0.819318
0.84853
0.882495
0.91509
0.943117
0.963149
0.970908
0.967956
0.94016
0.83364
0.755857
0.73542
0.74293
0.798033
0.896331
0.954249
0.975006
0.977276
0.969739
0.957504
0.949036
0.945499
0.951721
0.973032
0.987364
0.99456
0.997822
0.999179
0.999708
0.9999
0.999965
0.999987
0.999994
0.999997
0.999998
0.999998
0.999999
0.999999
0.999999
0.999999
1
1
1
1
1
1
1
1
1
1
1
0.999999
0.999998
0.999989
0.999952
0.999799
0.999169
0.996659
0.986929
0.950281
0.81826
0.599216
0.41662
0.277405
0.177511
0.109441
0.065134
0.0374736
0.020865
0.0112531
0.00588311
0.00298312
0.00146776
0.000700975
0.000325014
0.000146322
6.39678e-05
2.71568e-05
1.11968e-05
4.48378e-06
1.74421e-06
6.5924e-07
2.42152e-07
8.64688e-08
3.00269e-08
1.01435e-08
3.33471e-09
1.0673e-09
3.32728e-10
1.01072e-10
2.9933e-11
8.64564e-12
2.43761e-12
6.69493e-13
0.0175275
0.0407628
0.195939
0.595551
0.784328
0.806405
0.794092
0.760338
0.752251
0.753798
0.766016
0.774956
0.773161
0.750886
0.717084
0.671181
0.61858
0.576343
0.544645
0.527724
0.520331
0.519709
0.541761
0.577777
0.630348
0.695413
0.746547
0.778902
0.793927
0.799215
0.788557
0.751107
0.694616
0.631543
0.597425
0.580755
0.571913
0.567195
0.564628
0.563061
0.562567
0.564059
0.567306
0.570228
0.574738
0.578045
0.577531
0.571159
0.549272
0.516092
0.475098
0.417203
0.349518
0.283167
0.230818
0.191568
0.164795
0.147174
0.135608
0.12996
0.128988
0.130158
0.134686
0.145309
0.172922
0.221975
0.258842
0.302988
0.3696
0.439865
0.501554
0.55011
0.577825
0.587351
0.58739
0.586156
0.587135
0.592297
0.604343
0.629851
0.67359
0.711221
0.72809
0.730586
0.729586
0.730763
0.743732
0.784184
0.844782
0.897856
0.938208
0.965333
0.979822
0.983641
0.978132
0.933268
0.823909
0.774362
0.769456
0.795366
0.8822
0.944841
0.975347
0.987261
0.990651
0.990865
0.98986
0.988452
0.987611
0.987727
0.991228
0.995493
0.997941
0.99916
0.999686
0.99989
0.999963
0.999988
0.999996
0.999998
0.999999
1
1
1
1
1
1
1
1
1
1
1
1
1
1
1
1
1
0.999999
0.999997
0.999988
0.999945
0.999764
0.999007
0.995951
0.984004
0.938817
0.783452
0.565713
0.389651
0.257224
0.163226
0.0997934
0.0588822
0.0335742
0.0185193
0.00989041
0.00511772
0.00256712
0.00124882
0.000589318
0.000269822
0.000119876
5.16839e-05
2.16268e-05
8.78419e-06
3.46394e-06
1.3265e-06
4.9346e-07
1.78386e-07
6.26918e-08
2.14285e-08
7.12676e-09
2.30722e-09
7.27437e-10
2.23461e-10
6.69274e-11
1.95531e-11
5.57751e-12
1.55114e-12
0.0168381
0.0292828
0.138264
0.472056
0.757603
0.809973
0.812378
0.792114
0.765872
0.762618
0.77169
0.795367
0.805273
0.807371
0.803798
0.78982
0.766818
0.741735
0.722617
0.707476
0.69916
0.696387
0.7043
0.720509
0.745867
0.770023
0.785823
0.794155
0.797288
0.795253
0.776084
0.736563
0.681705
0.622232
0.591288
0.576415
0.568409
0.564164
0.56212
0.561273
0.561282
0.56232
0.565986
0.569354
0.573067
0.574634
0.573767
0.567556
0.548466
0.518399
0.479544
0.425011
0.359836
0.293974
0.240555
0.20008
0.171979
0.153759
0.140987
0.134923
0.134959
0.137122
0.143994
0.155224
0.175398
0.230426
0.278278
0.312605
0.369043
0.436139
0.494995
0.541217
0.577908
0.597599
0.60456
0.60808
0.614288
0.619097
0.621499
0.627073
0.646239
0.667096
0.680416
0.687919
0.692595
0.696461
0.702089
0.714227
0.749154
0.831711
0.90328
0.950739
0.976749
0.986323
0.986478
0.972344
0.899035
0.838798
0.825563
0.832415
0.882685
0.943066
0.974302
0.988896
0.994848
0.997002
0.997614
0.997687
0.997681
0.997778
0.998155
0.998613
0.999067
0.999481
0.999759
0.999903
0.999965
0.999988
0.999996
0.999999
1
1
1
1
1
1
1
1
1
1
1
1
1
1
1
1
1
1
1
0.999999
0.999997
0.999984
0.999928
0.999683
0.998658
0.994502
0.97827
0.917022
0.730796
0.520783
0.35503
0.232048
0.145801
0.0882449
0.0515281
0.0290646
0.0158525
0.00836776
0.00427741
0.00211848
0.00101692
0.000473225
0.000213519
9.34219e-05
3.96433e-05
1.63185e-05
6.51761e-06
2.52657e-06
9.50991e-07
3.47706e-07
1.23553e-07
4.26895e-08
1.43502e-08
4.69564e-09
1.49655e-09
4.64807e-10
1.40766e-10
4.15877e-11
1.19967e-11
3.37618e-12
0.0164354
0.0189406
0.0823887
0.313803
0.684671
0.80095
0.816547
0.814188
0.788458
0.771124
0.770431
0.785855
0.812226
0.823129
0.82797
0.82945
0.828526
0.822298
0.813026
0.805551
0.798928
0.79473
0.79331
0.794803
0.801215
0.805123
0.806714
0.806457
0.803761
0.796646
0.777891
0.740443
0.687747
0.628213
0.594398
0.578001
0.569151
0.564408
0.562123
0.561187
0.561177
0.561735
0.563894
0.567683
0.570269
0.570886
0.570042
0.565103
0.549412
0.524523
0.490355
0.442953
0.383536
0.319262
0.264342
0.221403
0.190396
0.171152
0.155946
0.149583
0.15031
0.154234
0.165474
0.180334
0.206431
0.266593
0.312819
0.339829
0.393126
0.457422
0.500798
0.537702
0.5765
0.611102
0.625598
0.632889
0.647801
0.66665
0.677841
0.679931
0.677982
0.678112
0.6827
0.687147
0.690758
0.694376
0.698596
0.705554
0.720289
0.767142
0.857833
0.926244
0.967136
0.985542
0.989946
0.987372
0.964115
0.924483
0.910766
0.910465
0.922585
0.95542
0.977754
0.990081
0.995963
0.998334
0.999146
0.999383
0.999436
0.999483
0.999564
0.999666
0.999766
0.999851
0.999914
0.999955
0.99998
0.999992
0.999997
0.999999
1
1
1
1
1
1
1
1
1
1
1
1
1
1
1
1
1
1
1
1
0.999999
0.999995
0.999977
0.999894
0.999534
0.998027
0.991958
0.968431
0.880231
0.667419
0.470704
0.317156
0.204901
0.127244
0.0760959
0.0438894
0.0244437
0.0131588
0.00685257
0.00345402
0.00168581
0.000796937
0.000364967
0.000161947
6.964e-05
2.90281e-05
1.17323e-05
4.59963e-06
1.74998e-06
6.46458e-07
2.32002e-07
8.09376e-08
2.74658e-08
9.07178e-09
2.91841e-09
9.15012e-10
2.79806e-10
8.35029e-11
2.43423e-11
6.93109e-12
0.0163366
0.0134305
0.0460245
0.180527
0.512221
0.761243
0.814712
0.821019
0.817292
0.794314
0.778702
0.777879
0.791175
0.816498
0.828118
0.833642
0.840348
0.842973
0.843382
0.843161
0.842333
0.840247
0.837623
0.835583
0.834545
0.832952
0.830088
0.825782
0.818506
0.804991
0.78663
0.754928
0.709135
0.650871
0.608555
0.586158
0.573789
0.566927
0.563456
0.561897
0.561548
0.561869
0.563034
0.565645
0.567298
0.567593
0.567033
0.563764
0.551718
0.530659
0.506575
0.472258
0.424793
0.368494
0.312512
0.264121
0.226984
0.205378
0.186384
0.181205
0.183375
0.190335
0.207232
0.224474
0.257417
0.31372
0.355787
0.380569
0.424215
0.488301
0.52741
0.543226
0.570671
0.615548
0.655429
0.674529
0.687323
0.702793
0.719025
0.73651
0.747119
0.747671
0.739953
0.725284
0.711623
0.705348
0.704563
0.707162
0.71704
0.749529
0.83822
0.914071
0.95974
0.98326
0.992335
0.993745
0.990881
0.982487
0.978356
0.977965
0.980144
0.986533
0.991376
0.994974
0.997525
0.99897
0.99959
0.999783
0.99983
0.999843
0.999861
0.999892
0.999926
0.999954
0.999974
0.999986
0.999993
0.999997
0.999999
1
1
1
1
1
1
1
1
1
1
1
1
1
1
1
1
1
1
1
1
1
1
0.999998
0.999992
0.999963
0.999833
0.999272
0.996946
0.987693
0.952244
0.822785
0.603341
0.419484
0.278876
0.17779
0.108929
0.0642541
0.0365442
0.0200639
0.0106438
0.00545953
0.0027089
0.0013006
0.000604376
0.000271872
0.000118417
4.99546e-05
2.04181e-05
8.08963e-06
3.10849e-06
1.15916e-06
4.19753e-07
1.47708e-07
5.05465e-08
1.68332e-08
5.45965e-09
1.72583e-09
5.32131e-10
1.60153e-10
4.70928e-11
1.35368e-11
0.0168188
0.0100176
0.0216591
0.0834801
0.276914
0.64167
0.787664
0.8201
0.824372
0.821372
0.803246
0.785686
0.783431
0.790458
0.808653
0.82493
0.832319
0.838667
0.843692
0.846468
0.849223
0.851484
0.851907
0.851729
0.851189
0.850122
0.848153
0.844882
0.839294
0.82857
0.8112
0.790097
0.758919
0.710423
0.652355
0.612218
0.589227
0.575964
0.56869
0.564945
0.563269
0.562771
0.563269
0.56469
0.565607
0.565754
0.565431
0.563381
0.555273
0.535474
0.516936
0.489911
0.458206
0.417755
0.374771
0.3323
0.290978
0.267863
0.24733
0.240815
0.242978
0.250209
0.266392
0.28403
0.320344
0.365423
0.395246
0.42397
0.462258
0.506771
0.540085
0.554109
0.570162
0.608953
0.664108
0.712095
0.737644
0.742101
0.747051
0.766964
0.803129
0.823016
0.825723
0.816124
0.775603
0.740274
0.725224
0.722098
0.724658
0.747733
0.831561
0.910809
0.957669
0.982127
0.993014
0.996677
0.997147
0.996418
0.995316
0.994966
0.995241
0.99656
0.997892
0.99875
0.999306
0.999656
0.999843
0.99992
0.999943
0.999947
0.999949
0.999956
0.999969
0.999981
0.99999
0.999995
0.999997
0.999999
1
1
1
1
1
1
1
1
1
1
1
1
1
1
1
1
1
1
1
1
1
1
1
0.999999
0.999997
0.999987
0.999939
0.999726
0.998819
0.995124
0.98065
0.925903
0.751066
0.538604
0.368755
0.241496
0.151656
0.09152
0.0531685
0.0297777
0.0160953
0.00840258
0.00423893
0.00206716
0.000974693
0.000444454
0.000196046
8.36768e-05
3.45744e-05
1.38368e-05
5.3669e-06
2.01892e-06
7.37145e-07
2.61437e-07
9.01408e-08
3.0239e-08
9.87819e-09
3.14486e-09
9.76616e-10
2.96069e-10
8.77031e-11
2.5415e-11
0.0176096
0.0088362
0.0119469
0.0361088
0.119817
0.351926
0.68185
0.791488
0.821193
0.82639
0.82525
0.813418
0.793992
0.789647
0.79141
0.797604
0.804058
0.811294
0.820213
0.827449
0.833518
0.840076
0.846036
0.850146
0.852119
0.852984
0.853088
0.852453
0.850168
0.845689
0.836244
0.824989
0.805652
0.772183
0.725818
0.677605
0.63466
0.604076
0.585011
0.574432
0.568742
0.565669
0.564556
0.564915
0.565352
0.565365
0.56508
0.563631
0.558929
0.545293
0.525053
0.501401
0.481052
0.449366
0.419944
0.389253
0.353847
0.334617
0.315863
0.307692
0.309276
0.315332
0.328949
0.348536
0.379097
0.410568
0.440109
0.467906
0.501582
0.537049
0.562356
0.574313
0.582796
0.602988
0.657801
0.716129
0.76013
0.791871
0.815405
0.84482
0.889983
0.920669
0.927342
0.92137
0.875422
0.793975
0.753168
0.743138
0.745159
0.764274
0.838026
0.914766
0.959214
0.982364
0.993211
0.997508
0.998819
0.999052
0.998968
0.998757
0.998717
0.998857
0.999256
0.999568
0.999766
0.999882
0.999943
0.999971
0.999979
0.999981
0.999981
0.999981
0.999985
0.999991
0.999995
0.999997
0.999999
0.999999
1
1
1
1
1
1
1
1
1
1
1
1
1
1
1
1
1
1
1
1
1
1
1
1
0.999999
0.999995
0.999977
0.999895
0.999537
0.998044
0.992066
0.969024
0.882812
0.672075
0.474582
0.319502
0.205752
0.12708
0.0754391
0.0431151
0.0237533
0.0126257
0.00647829
0.00320986
0.00153613
0.000710185
0.000317272
0.000137014
5.72246e-05
2.31286e-05
9.05265e-06
3.43406e-06
1.26363e-06
4.51439e-07
1.56728e-07
5.29248e-08
1.73998e-08
5.57436e-09
1.7419e-09
5.31395e-10
1.58412e-10
4.62245e-11
0.0191177
0.00854689
0.00859088
0.0169547
0.0487232
0.136308
0.340495
0.652699
0.771736
0.812782
0.824857
0.82699
0.823647
0.811201
0.800501
0.796693
0.794946
0.794581
0.795096
0.795731
0.796867
0.799882
0.805331
0.813629
0.824839
0.837176
0.845524
0.849548
0.849918
0.848195
0.844175
0.838248
0.828994
0.808942
0.775423
0.736667
0.696196
0.659662
0.627411
0.602594
0.584769
0.574401
0.568911
0.566656
0.565925
0.56561
0.565185
0.564053
0.561397
0.554888
0.537643
0.519566
0.503346
0.472819
0.452111
0.431124
0.404176
0.389879
0.37426
0.3683
0.369844
0.375414
0.388633
0.403084
0.428471
0.457214
0.483029
0.512359
0.537504
0.556971
0.573411
0.583665
0.590693
0.604256
0.639798
0.700652
0.755541
0.800881
0.845296
0.890365
0.930132
0.95996
0.975086
0.976541
0.963745
0.881692
0.804861
0.786008
0.78905
0.814233
0.884657
0.939649
0.970816
0.986776
0.994481
0.997952
0.999271
0.999643
0.999697
0.999662
0.999602
0.999604
0.999681
0.999813
0.999898
0.999948
0.999975
0.999987
0.999992
0.999993
0.999992
0.999992
0.999993
0.999995
0.999997
0.999999
0.999999
1
1
1
1
1
1
1
1
1
1
1
1
1
1
1
1
1
1
1
1
1
1
1
1
1
1
0.999998
0.999991
0.999959
0.999816
0.999205
0.996704
0.986872
0.949469
0.814423
0.595035
0.411951
0.272174
0.172128
0.104459
0.0609513
0.0342442
0.0185426
0.00968226
0.00487686
0.00236994
0.00111134
0.000503013
0.000219838
9.28223e-05
3.789e-05
1.49648e-05
5.72374e-06
2.12215e-06
7.63464e-07
2.66788e-07
9.06458e-08
2.99765e-08
9.6582e-09
3.03488e-09
9.30972e-10
2.79061e-10
8.19217e-11
0.0222458
0.00979676
0.00799445
0.0109449
0.0231096
0.0561149
0.1315
0.275016
0.509628
0.697651
0.777978
0.808359
0.816992
0.816105
0.806652
0.801604
0.798981
0.798018
0.797668
0.796663
0.794643
0.79279
0.79207
0.789767
0.78891
0.790669
0.799597
0.813786
0.829553
0.838054
0.839746
0.837401
0.831891
0.821284
0.798449
0.767807
0.734982
0.700214
0.67048
0.642441
0.61861
0.598898
0.582401
0.573188
0.568938
0.566987
0.565878
0.56487
0.562797
0.559221
0.54955
0.535529
0.521825
0.497562
0.481868
0.463827
0.443244
0.433743
0.421999
0.419342
0.421097
0.42651
0.438769
0.451913
0.474963
0.501518
0.526288
0.547611
0.5603
0.570625
0.58722
0.602984
0.610468
0.61682
0.632084
0.6682
0.723481
0.784429
0.841347
0.891413
0.932427
0.96303
0.981869
0.988519
0.987336
0.968453
0.904139
0.880878
0.884093
0.912303
0.955522
0.977767
0.988792
0.994296
0.99718
0.998746
0.999529
0.999825
0.99989
0.999889
0.999863
0.999853
0.999863
0.99991
0.999951
0.999975
0.999988
0.999994
0.999996
0.999997
0.999997
0.999997
0.999997
0.999998
0.999999
0.999999
1
1
1
1
1
1
1
1
1
1
1
1
1
1
1
1
1
1
1
1
1
1
1
1
1
1
1
0.999999
0.999997
0.999984
0.999926
0.999672
0.99861
0.994346
0.977823
0.915536
0.728008
0.517871
0.351225
0.227555
0.141248
0.0841913
0.0482668
0.0266421
0.0141666
0.00725852
0.00358398
0.00170558
0.000782481
0.000346215
0.000147825
6.09546e-05
2.42951e-05
9.3696e-06
3.5001e-06
1.26788e-06
4.4587e-07
1.52388e-07
5.06753e-08
1.64139e-08
5.18416e-09
1.59828e-09
4.81454e-10
1.42096e-10
0.0270232
0.0158102
0.011957
0.0118639
0.0174918
0.0365681
0.0768977
0.145733
0.243003
0.370062
0.546947
0.690265
0.759007
0.785269
0.790319
0.785644
0.780857
0.779242
0.783453
0.792676
0.801857
0.808695
0.807801
0.802398
0.79705
0.788961
0.781559
0.778733
0.780352
0.78925
0.803999
0.816776
0.820521
0.816272
0.80205
0.776359
0.749091
0.72035
0.694961
0.668109
0.646302
0.626342
0.608919
0.592446
0.579152
0.572029
0.568509
0.566922
0.564452
0.561668
0.556339
0.544259
0.536102
0.520136
0.508085
0.491764
0.479902
0.472238
0.463862
0.463786
0.46598
0.473135
0.484623
0.497688
0.522721
0.542483
0.553853
0.568547
0.580007
0.585797
0.596622
0.616095
0.628715
0.634138
0.641055
0.657338
0.685333
0.742642
0.81525
0.880259
0.929212
0.962459
0.982701
0.992017
0.99371
0.991078
0.976862
0.969646
0.970411
0.977124
0.98709
0.993062
0.996393
0.998178
0.9991
0.999572
0.999815
0.999926
0.999957
0.999959
0.99995
0.999941
0.999942
0.999956
0.999975
0.999987
0.999993
0.999997
0.999998
0.999999
0.999999
0.999999
0.999999
0.999999
0.999999
1
1
1
1
1
1
1
1
1
1
1
1
1
1
1
1
1
1
1
1
1
1
1
1
1
1
1
1
1
0.999999
0.999994
0.99997
0.999863
0.999404
0.997521
0.990075
0.9615
0.854567
0.63459
0.442446
0.293843
0.186679
0.113746
0.0665922
0.0374987
0.0203206
0.0105987
0.00532081
0.00257118
0.00119622
0.000536042
0.000231515
9.64543e-05
3.88029e-05
1.50902e-05
5.67978e-06
2.07159e-06
7.33082e-07
2.52002e-07
8.42531e-08
2.74287e-08
8.70505e-09
2.69636e-09
8.15926e-10
2.41993e-10
0.0346536
0.0358102
0.0325303
0.034426
0.0403822
0.0584396
0.0944959
0.151931
0.227467
0.308067
0.380259
0.474046
0.617012
0.697039
0.735023
0.749027
0.765435
0.78149
0.805684
0.845097
0.864149
0.86901
0.873606
0.850663
0.811227
0.800889
0.798413
0.789481
0.776431
0.767911
0.762375
0.764454
0.772497
0.782699
0.78336
0.772461
0.749339
0.724477
0.701908
0.679648
0.66132
0.642749
0.626909
0.613657
0.60049
0.586314
0.577482
0.572633
0.568115
0.565016
0.561671
0.553293
0.548402
0.538685
0.529322
0.518266
0.513759
0.506455
0.503642
0.504694
0.508332
0.517179
0.526046
0.54112
0.556497
0.56665
0.571292
0.578223
0.594238
0.607346
0.619197
0.63299
0.645605
0.653175
0.658243
0.665497
0.681107
0.72005
0.80124
0.875103
0.927483
0.962389
0.983117
0.993223
0.996469
0.99659
0.994777
0.993038
0.992971
0.993709
0.995766
0.997496
0.998627
0.999295
0.999658
0.999843
0.999933
0.999972
0.999983
0.999984
0.999981
0.999976
0.999975
0.999978
0.999987
0.999993
0.999996
0.999998
0.999999
0.999999
0.999999
0.999999
0.999999
0.999999
1
1
1
1
1
1
1
1
1
1
1
1
1
1
1
1
1
1
1
1
1
1
1
1
1
1
1
1
1
1
1
0.999997
0.999988
0.999942
0.99974
0.998892
0.995466
0.982065
0.930984
0.761712
0.544739
0.371098
0.241521
0.150582
0.0901127
0.0518162
0.0286416
0.0152193
0.00777356
0.00381647
0.00180137
0.000817788
0.00035735
0.000150445
6.10914e-05
2.39579e-05
9.08565e-06
3.33645e-06
1.18801e-06
4.10712e-07
1.38038e-07
4.51598e-08
1.43991e-08
4.47999e-09
1.36145e-09
4.0564e-10
0.0480173
0.0445973
0.0654642
0.0882992
0.105189
0.134432
0.203766
0.318813
0.458531
0.547888
0.524015
0.436657
0.492303
0.628963
0.700771
0.733561
0.764366
0.808679
0.861509
0.869697
0.857542
0.856299
0.88985
0.926047
0.920826
0.838425
0.793103
0.79322
0.791019
0.780097
0.763
0.750037
0.740967
0.736983
0.736116
0.738563
0.734532
0.720214
0.700983
0.681494
0.664991
0.649902
0.636588
0.624625
0.614918
0.60268
0.594031
0.586594
0.577713
0.574147
0.571205
0.565757
0.562731
0.554997
0.549893
0.545178
0.541565
0.53812
0.538436
0.54028
0.545263
0.552221
0.560032
0.567579
0.573409
0.576751
0.582518
0.594732
0.614448
0.636346
0.65091
0.657008
0.661054
0.665976
0.671225
0.677066
0.68752
0.716402
0.796926
0.874894
0.930595
0.965272
0.984537
0.993971
0.99764
0.998521
0.998522
0.998245
0.998101
0.998136
0.998438
0.998994
0.99942
0.999692
0.999848
0.999929
0.99997
0.999987
0.999993
0.999993
0.999992
0.99999
0.999989
0.99999
0.999994
0.999996
0.999998
0.999999
1
1
1
1
1
1
1
1
1
1
1
1
1
1
1
1
1
1
1
1
1
1
1
1
1
1
1
1
1
1
1
1
1
1
1
1
1
0.999999
0.999995
0.999975
0.999884
0.999492
0.997877
0.991437
0.966482
0.872186
0.655288
0.459124
0.306559
0.195838
0.119953
0.0705196
0.0398038
0.0215674
0.0112158
0.00559728
0.00268115
0.00123335
0.000545301
0.000231977
9.5076e-05
3.75944e-05
1.43627e-05
5.30947e-06
1.90197e-06
6.61169e-07
2.23348e-07
7.34161e-08
2.35131e-08
7.34677e-09
2.2417e-09
6.70802e-10
0.918045
0.741041
0.564274
0.398715
0.310871
0.299321
0.324093
0.456705
0.762355
0.906881
0.934488
0.840135
0.511706
0.447486
0.60177
0.701303
0.756457
0.825904
0.861377
0.838972
0.775478
0.763674
0.790267
0.884788
0.947604
0.955654
0.886363
0.785916
0.778679
0.782945
0.779101
0.761499
0.742123
0.727229
0.714682
0.706314
0.698601
0.695401
0.688839
0.677734
0.664182
0.650887
0.639465
0.628587
0.621588
0.612188
0.604398
0.598981
0.591238
0.587822
0.58382
0.580423
0.576827
0.571692
0.569766
0.568837
0.565995
0.564309
0.564726
0.566509
0.569838
0.572614
0.576471
0.57914
0.582057
0.588426
0.603256
0.624652
0.647262
0.671205
0.687618
0.69061
0.688575
0.684144
0.683929
0.686496
0.694257
0.718932
0.80018
0.887439
0.942231
0.972562
0.988003
0.995272
0.998313
0.999294
0.999502
0.999509
0.999462
0.999427
0.999449
0.999585
0.999753
0.999865
0.999932
0.999967
0.999986
0.999994
0.999997
0.999997
0.999997
0.999996
0.999995
0.999996
0.999997
0.999998
0.999999
1
1
1
1
1
1
1
1
1
1
1
1
1
1
1
1
1
1
1
1
1
1
1
1
1
1
1
1
1
1
1
1
1
1
1
1
1
1
1
0.999998
0.999989
0.99995
0.999779
0.999053
0.996105
0.98448
0.939853
0.784786
0.566671
0.389517
0.255904
0.161
0.0970884
0.0561217
0.0310859
0.0164929
0.00838032
0.004079
0.00190306
0.000851913
0.000366392
0.000151618
6.0465e-05
2.32765e-05
8.66368e-06
3.12283e-06
1.09175e-06
3.70744e-07
1.22467e-07
3.94049e-08
1.23669e-08
3.78944e-09
1.13913e-09
0.999528
0.997861
0.994021
0.98566
0.967648
0.925918
0.897393
0.904116
0.931495
0.966274
0.98747
0.992473
0.968332
0.689256
0.545276
0.575126
0.692739
0.807073
0.840611
0.826506
0.760566
0.7367
0.764286
0.858474
0.933264
0.970657
0.97419
0.939087
0.821189
0.782185
0.778318
0.77432
0.762487
0.73581
0.71595
0.700845
0.68622
0.67641
0.667635
0.66206
0.655338
0.647935
0.638819
0.628871
0.622812
0.615538
0.609224
0.605699
0.599892
0.596417
0.593437
0.590417
0.586795
0.584246
0.583601
0.582726
0.580019
0.578991
0.579172
0.579927
0.580962
0.582583
0.585051
0.589105
0.597678
0.617013
0.651507
0.675046
0.69138
0.704241
0.709713
0.710286
0.708606
0.701253
0.697275
0.697641
0.703179
0.732129
0.825464
0.910445
0.958394
0.982036
0.99275
0.997225
0.999017
0.999654
0.999829
0.999858
0.999854
0.999831
0.999826
0.999844
0.999901
0.999945
0.999971
0.999986
0.999994
0.999997
0.999999
0.999999
0.999999
0.999998
0.999998
0.999998
0.999999
0.999999
1
1
1
1
1
1
1
1
1
1
1
1
1
1
1
1
1
1
1
1
1
1
1
1
1
1
1
1
1
1
1
1
1
1
1
1
1
1
1
1
0.999999
0.999996
0.999981
0.999911
0.99961
0.998363
0.993367
0.973901
0.899865
0.699095
0.497305
0.337798
0.219373
0.136299
0.0809964
0.0460064
0.0249638
0.0129381
0.006407
0.00303414
0.00137587
0.000598369
0.000250026
0.000100562
3.9005e-05
1.46165e-05
5.301e-06
1.86377e-06
6.36257e-07
2.11221e-07
6.8285e-08
2.15289e-08
6.62591e-09
2.00134e-09
0.999997
0.999981
0.999928
0.999773
0.999371
0.998226
0.996589
0.99685
0.997648
0.998415
0.999109
0.999478
0.999354
0.989905
0.907399
0.672287
0.654927
0.696055
0.730215
0.723524
0.706312
0.71435
0.767573
0.882038
0.942651
0.974903
0.987365
0.986233
0.964346
0.86927
0.804587
0.787292
0.781315
0.768926
0.739323
0.710772
0.689187
0.67565
0.663161
0.654182
0.645581
0.639425
0.633723
0.626787
0.622125
0.615843
0.610771
0.608056
0.603209
0.599836
0.597373
0.594252
0.591263
0.590094
0.58948
0.588127
0.586498
0.586441
0.586854
0.588096
0.590949
0.597072
0.607475
0.619597
0.646966
0.689947
0.716118
0.724909
0.724052
0.720204
0.717176
0.71531
0.712579
0.704832
0.700839
0.701679
0.711189
0.759561
0.865703
0.936357
0.973361
0.989897
0.996277
0.998665
0.999535
0.999839
0.999935
0.999958
0.999959
0.999953
0.999947
0.999948
0.999962
0.999978
0.999988
0.999994
0.999997
0.999999
0.999999
1
1
0.999999
0.999999
0.999999
0.999999
1
1
1
1
1
1
1
1
1
1
1
1
1
1
1
1
1
1
1
1
1
1
1
1
1
1
1
1
1
1
1
1
1
1
1
1
1
1
1
1
1
1
0.999998
0.999993
0.999965
0.999844
0.999335
0.997273
0.989166
0.958072
0.842193
0.628101
0.443173
0.298324
0.191666
0.117432
0.0685427
0.0380863
0.0201452
0.0101492
0.00487617
0.00223797
0.000983163
0.000414313
0.000167848
6.55114e-05
2.46845e-05
8.99652e-06
3.17731e-06
1.08921e-06
3.63017e-07
1.17803e-07
3.72779e-08
1.1514e-08
3.49169e-09
1
1
0.999999
0.999997
0.999991
0.999974
0.999945
0.999951
0.999962
0.999971
0.999981
0.999987
0.999981
0.999453
0.991962
0.951088
0.82657
0.751297
0.733318
0.728191
0.736851
0.782652
0.898632
0.959014
0.983121
0.992684
0.996562
0.996839
0.9943
0.97961
0.917443
0.834392
0.800243
0.790467
0.780955
0.761399
0.718735
0.688865
0.668777
0.656106
0.645619
0.638255
0.63185
0.625716
0.621436
0.615877
0.611656
0.609154
0.605082
0.602423
0.600561
0.598623
0.597781
0.597865
0.598206
0.598752
0.599704
0.601754
0.606184
0.614382
0.632009
0.655575
0.677835
0.707723
0.730725
0.742858
0.743688
0.741716
0.735267
0.726346
0.719912
0.715772
0.710744
0.703606
0.701659
0.703996
0.721981
0.799215
0.899938
0.957006
0.983431
0.994003
0.997913
0.999289
0.999762
0.999921
0.999972
0.999986
0.999988
0.999987
0.999985
0.999984
0.999987
0.999992
0.999996
0.999998
0.999999
1
1
1
1
1
1
1
1
1
1
1
1
1
1
1
1
1
1
1
1
1
1
1
1
1
1
1
1
1
1
1
1
1
1
1
1
1
1
1
1
1
1
1
1
1
1
1
1
1
1
0.999999
0.999997
0.999987
0.999941
0.999745
0.998948
0.99581
0.9838
0.938797
0.786537
0.578356
0.405143
0.270121
0.171119
0.102845
0.0585934
0.0316463
0.0162193
0.00790167
0.00366734
0.00162562
0.00069002
0.00028119
0.000110283
4.17249e-05
1.52612e-05
5.40687e-06
1.85891e-06
6.21245e-07
2.02133e-07
6.41305e-08
1.98587e-08
6.04063e-09
1
1
1
1
1
1
1
1
1
1
1
1
0.999999
0.999974
0.999462
0.995728
0.981398
0.94019
0.89406
0.894516
0.909495
0.948628
0.976537
0.990111
0.995825
0.99813
0.999164
0.999388
0.999126
0.996958
0.986011
0.942438
0.852915
0.810217
0.794744
0.788401
0.776743
0.75329
0.709354
0.677372
0.656392
0.64361
0.634673
0.627735
0.622811
0.617646
0.614542
0.612739
0.611227
0.611212
0.612925
0.61848
0.627576
0.637478
0.649516
0.661261
0.675622
0.691063
0.706504
0.723587
0.738472
0.749889
0.757249
0.759326
0.758735
0.756396
0.751255
0.745856
0.739002
0.731792
0.72441
0.715333
0.706641
0.702393
0.703107
0.711709
0.75162
0.859012
0.935698
0.974161
0.990434
0.996674
0.998895
0.999642
0.999886
0.999963
0.999988
0.999995
0.999997
0.999997
0.999996
0.999996
0.999996
0.999997
0.999998
0.999999
1
1
1
1
1
1
1
1
1
1
1
1
1
1
1
1
1
1
1
1
1
1
1
1
1
1
1
1
1
1
1
1
1
1
1
1
1
1
1
1
1
1
1
1
1
1
1
1
1
1
1
1
0.999999
0.999995
0.999979
0.99991
0.999626
0.998515
0.994309
0.978779
0.922398
0.751108
0.549058
0.381243
0.25047
0.155367
0.0909045
0.0501837
0.0261767
0.0129313
0.00606713
0.00271198
0.00115856
0.000474455
0.00018679
7.08813e-05
2.59872e-05
9.22522e-06
3.17711e-06
1.06344e-06
3.46522e-07
1.10103e-07
3.41446e-08
1.04066e-08
1
1
1
1
1
1
1
1
1
1
1
1
1
0.999999
0.999974
0.999736
0.998638
0.994094
0.986492
0.9868
0.9895
0.994105
0.997186
0.998766
0.999463
0.999759
0.999897
0.999929
0.999903
0.999623
0.997798
0.988764
0.95435
0.863207
0.814958
0.795452
0.789759
0.785067
0.775349
0.755123
0.716485
0.678111
0.655826
0.643514
0.63695
0.633702
0.633246
0.635237
0.645401
0.6637
0.683715
0.704835
0.721368
0.733715
0.743969
0.751881
0.760317
0.766736
0.770491
0.772211
0.772798
0.773008
0.772687
0.771366
0.76687
0.759914
0.753264
0.749477
0.749943
0.750168
0.745892
0.729311
0.717325
0.716412
0.721666
0.7467
0.83371
0.926642
0.971522
0.989371
0.996177
0.99867
0.999551
0.999852
0.999952
0.999985
0.999995
0.999998
0.999999
0.999999
0.999999
0.999999
0.999999
0.999999
1
1
1
1
1
1
1
1
1
1
1
1
1
1
1
1
1
1
1
1
1
1
1
1
1
1
1
1
1
1
1
1
1
1
1
1
1
1
1
1
1
1
1
1
1
1
1
1
1
1
1
1
1
1
1
0.999999
0.999993
0.999971
0.999878
0.999519
0.998177
0.993306
0.976006
0.915214
0.73827
0.534828
0.365441
0.234539
0.141212
0.0798017
0.0424119
0.0212608
0.0100885
0.00454831
0.00195554
0.000804646
0.000317886
0.000120932
4.4418e-05
1.57889e-05
5.4429e-06
1.82324e-06
5.9448e-07
1.89001e-07
5.86459e-08
1.78929e-08
1
1
1
1
1
1
1
1
1
1
1
1
1
1
0.999999
0.999989
0.999934
0.999636
0.999056
0.999105
0.999358
0.999647
0.99983
0.999924
0.999966
0.999985
0.999994
0.999995
0.999993
0.999961
0.999698
0.998071
0.990308
0.961575
0.874907
0.817692
0.795454
0.788136
0.787328
0.785694
0.77985
0.764666
0.736568
0.716471
0.707343
0.706783
0.708545
0.715967
0.728502
0.739145
0.746743
0.753215
0.759763
0.765738
0.770911
0.775436
0.778031
0.779698
0.781519
0.784035
0.785297
0.786201
0.787629
0.789126
0.789292
0.784618
0.783109
0.785429
0.798238
0.812073
0.813689
0.803991
0.788942
0.789731
0.80318
0.860343
0.937146
0.973806
0.989638
0.996074
0.998568
0.999495
0.999828
0.999943
0.999982
0.999994
0.999998
0.999999
1
1
1
1
1
1
1
1
1
1
1
1
1
1
1
1
1
1
1
1
1
1
1
1
1
1
1
1
1
1
1
1
1
1
1
1
1
1
1
1
1
1
1
1
1
1
1
1
1
1
1
1
1
1
1
1
1
1
1
1
1
1
0.999998
0.999991
0.999964
0.999857
0.999461
0.998041
0.993063
0.975839
0.916326
0.738591
0.525572
0.349899
0.217305
0.125972
0.0683335
0.0348121
0.0167268
0.00761381
0.00329738
0.00136414
0.000541072
0.000206432
7.59762e-05
2.70445e-05
9.33173e-06
3.12775e-06
1.02019e-06
3.24418e-07
1.00677e-07
3.07322e-08
1
1
1
1
1
1
1
1
1
1
1
1
1
1
1
1
0.999998
0.999986
0.999963
0.999966
0.999979
0.999989
0.999995
0.999998
0.999999
1
1
1
1
0.999997
0.999964
0.999719
0.998308
0.991961
0.969924
0.895522
0.826253
0.795236
0.785627
0.784894
0.787277
0.790722
0.789095
0.784693
0.78149
0.777098
0.770368
0.768199
0.769029
0.771093
0.775166
0.785893
0.801096
0.820119
0.84088
0.859944
0.876046
0.889116
0.899492
0.906329
0.908808
0.908283
0.909075
0.911354
0.91235
0.910997
0.910976
0.914118
0.928982
0.941058
0.942999
0.941043
0.935314
0.936228
0.943246
0.965166
0.982986
0.992452
0.996884
0.998783
0.999546
0.999837
0.999944
0.999981
0.999994
0.999998
0.999999
1
1
1
1
1
1
1
1
1
1
1
1
1
1
1
1
1
1
1
1
1
1
1
1
1
1
1
1
1
1
1
1
1
1
1
1
1
1
1
1
1
1
1
1
1
1
1
1
1
1
1
1
1
1
1
1
1
1
1
1
1
1
1
0.999999
0.999998
0.99999
0.999961
0.999852
0.999459
0.998078
0.993285
0.976645
0.918387
0.736067
0.509208
0.327114
0.195032
0.108231
0.0561485
0.0273681
0.0125982
0.00550388
0.00229241
0.000913992
0.00035009
0.000129232
4.61024e-05
1.59329e-05
5.34616e-06
1.74505e-06
5.55174e-07
1.72328e-07
5.26293e-08
1
1
1
1
1
1
1
1
1
1
1
1
1
1
1
1
1
1
0.999999
0.999999
1
1
1
1
1
1
1
1
1
1
0.999996
0.999966
0.99976
0.998677
0.994173
0.978823
0.929303
0.845883
0.802163
0.78277
0.780051
0.783209
0.791964
0.797523
0.798504
0.797325
0.789943
0.779031
0.77377
0.772937
0.773968
0.780065
0.805959
0.854256
0.895668
0.927488
0.94973
0.96463
0.974557
0.980917
0.984726
0.986903
0.988202
0.988875
0.989037
0.9888
0.987655
0.987435
0.988346
0.989582
0.989761
0.989603
0.988928
0.989012
0.989918
0.993136
0.996386
0.998291
0.999257
0.999697
0.999883
0.999957
0.999985
0.999995
0.999998
0.999999
1
1
1
1
1
1
1
1
1
1
1
1
1
1
1
1
1
1
1
1
1
1
0.999999
0.999999
0.999999
0.999999
1
1
1
1
1
1
1
1
1
1
1
1
1
1
1
1
1
1
1
1
1
1
1
1
1
1
1
1
1
1
1
1
1
1
1
1
1
1
1
0.999999
0.999998
0.99999
0.999962
0.999857
0.999482
0.998148
0.99339
0.976248
0.913767
0.714605
0.475895
0.292739
0.166662
0.0882614
0.0437366
0.0204003
0.00900699
0.00378335
0.00151871
0.000584895
0.000216852
7.76288e-05
2.69017e-05
9.04588e-06
2.95746e-06
9.42035e-07
2.92662e-07
8.94626e-08
1
1
1
1
1
1
1
1
1
1
1
1
1
1
1
1
1
1
1
1
1
1
1
1
1
1
1
1
1
1
1
0.999997
0.999972
0.999824
0.999109
0.996341
0.986877
0.961912
0.888467
0.822779
0.790409
0.776329
0.776132
0.781529
0.790393
0.791087
0.786679
0.771216
0.752321
0.738446
0.732875
0.735798
0.766663
0.84306
0.903357
0.944848
0.970409
0.984442
0.991571
0.995178
0.996979
0.997873
0.998341
0.998591
0.998691
0.998704
0.998661
0.998497
0.998493
0.998506
0.998506
0.998492
0.998421
0.99842
0.998507
0.998879
0.999374
0.999689
0.999859
0.99994
0.999976
0.999991
0.999997
0.999999
1
1
1
1
1
1
1
1
1
1
1
1
1
1
1
1
1
1
1
1
1
1
1
0.999999
0.999999
0.999999
0.999999
0.999999
0.999999
0.999999
0.999999
0.999999
0.999999
0.999999
0.999999
0.999999
0.999999
0.999999
0.999999
1
1
1
1
1
1
1
1
1
1
1
1
1
1
1
1
1
1
1
1
1
1
1
1
1
1
1
1
1
0.999999
0.999998
0.999991
0.999964
0.999863
0.999487
0.998081
0.992768
0.972505
0.894884
0.662912
0.421802
0.24717
0.133988
0.0676575
0.0320432
0.0143247
0.00607898
0.00246103
0.000954542
0.000356002
0.000128075
4.45668e-05
1.50371e-05
4.93003e-06
1.57393e-06
4.89859e-07
1.49997e-07
1
1
1
1
1
1
1
1
1
1
1
1
1
1
1
1
1
1
1
1
1
1
1
1
1
1
1
1
1
1
1
1
0.999997
0.999981
0.999891
0.99949
0.997979
0.993206
0.979616
0.948374
0.869115
0.812381
0.787457
0.773449
0.764577
0.758804
0.747807
0.730674
0.719894
0.717152
0.720509
0.748951
0.840792
0.914826
0.957458
0.979449
0.990264
0.99544
0.997862
0.998972
0.999473
0.999701
0.999811
0.999865
0.999887
0.999891
0.999889
0.99987
0.999852
0.999847
0.999844
0.999839
0.999825
0.999819
0.999824
0.999855
0.999914
0.999955
0.999979
0.999991
0.999996
0.999998
0.999999
1
1
1
1
1
1
1
1
1
1
1
1
1
1
1
1
0.999999
0.999999
0.999999
0.999999
0.999999
0.999999
0.999999
0.999999
0.999998
0.999998
0.999997
0.999997
0.999998
0.999998
0.999999
0.999999
0.999999
0.999999
0.999999
0.999999
0.999999
0.999999
0.999999
0.999999
0.999999
0.999999
1
1
1
1
1
1
1
1
1
1
1
1
1
1
1
1
1
1
1
1
1
1
1
1
1
1
1
1
0.999999
0.999998
0.999991
0.999964
0.999855
0.999421
0.997676
0.990626
0.962179
0.848672
0.578737
0.350627
0.195119
0.100629
0.0484866
0.021986
0.00944182
0.00386116
0.00151056
0.000567567
0.000205498
7.19043e-05
2.43764e-05
8.0244e-06
2.57064e-06
8.02377e-07
2.46332e-07
1
1
1
1
1
1
1
1
1
1
1
1
1
1
1
1
1
1
1
1
1
1
1
1
1
1
1
1
1
1
1
1
1
0.999998
0.999988
0.999938
0.999729
0.998978
0.996641
0.990259
0.974442
0.937998
0.862445
0.808766
0.777096
0.756857
0.741187
0.732756
0.732071
0.739302
0.787634
0.882743
0.941729
0.972648
0.987656
0.994587
0.997677
0.999018
0.999587
0.999825
0.999923
0.999963
0.999981
0.999989
0.999992
0.999992
0.999992
0.999991
0.99999
0.999989
0.999988
0.999987
0.999983
0.999981
0.999981
0.999982
0.999988
0.999994
0.999997
0.999999
0.999999
1
1
1
1
1
1
1
1
1
1
1
1
1
1
1
1
0.999999
0.999999
0.999999
0.999998
0.999998
0.999998
0.999998
0.999998
0.999998
0.999998
0.999997
0.999996
0.999995
0.999995
0.999995
0.999996
0.999997
0.999998
0.999998
0.999998
0.999998
0.999998
0.999998
0.999998
0.999998
0.999998
0.999999
0.999999
0.999999
0.999999
0.999999
0.999999
0.999999
0.999999
0.999999
0.999999
0.999999
0.999999
1
1
1
1
1
1
1
1
1
1
1
1
1
1
1
1
1
1
1
0.999999
0.999998
0.99999
0.999956
0.999811
0.999189
0.996513
0.985101
0.937316
0.752099
0.473325
0.270971
0.143016
0.070227
0.0323495
0.014079
0.00582408
0.00230148
0.00087242
0.000318357
0.000112169
3.82605e-05
1.26631e-05
4.07597e-06
1.27752e-06
3.93685e-07
1
1
1
1
1
1
1
1
1
1
1
1
1
1
1
1
1
1
1
1
1
1
1
1
1
1
1
1
1
1
1
1
1
1
0.999999
0.999994
0.99997
0.999874
0.999545
0.998546
0.995853
0.989076
0.973669
0.932712
0.864862
0.825528
0.817452
0.820284
0.834822
0.884452
0.937542
0.969258
0.985864
0.993819
0.997398
0.998936
0.999574
0.999832
0.999934
0.999974
0.99999
0.999996
0.999998
0.999999
0.999999
0.999999
0.999999
0.999999
0.999999
0.999999
0.999999
0.999999
0.999998
0.999997
0.999997
0.999997
0.999998
0.999999
0.999999
1
1
1
1
1
1
1
1
1
1
1
1
1
0.999999
0.999999
0.999999
0.999999
0.999999
0.999998
0.999997
0.999996
0.999996
0.999996
0.999996
0.999996
0.999996
0.999996
0.999996
0.999994
0.999992
0.999991
0.99999
0.999991
0.999993
0.999995
0.999996
0.999996
0.999996
0.999996
0.999996
0.999996
0.999997
0.999997
0.999997
0.999998
0.999998
0.999999
0.999999
0.999999
0.999999
0.999999
0.999999
0.999999
0.999999
0.999999
0.999999
0.999999
0.999999
0.999999
1
1
1
1
1
1
1
1
1
1
1
1
1
1
1
1
1
0.999999
0.999997
0.999985
0.999932
0.999688
0.998575
0.993571
0.971588
0.878584
0.609213
0.359103
0.194292
0.0973544
0.0456108
0.0201408
0.00843825
0.00337246
0.00129147
0.00047563
0.000168986
5.80773e-05
1.93534e-05
6.26767e-06
1.97525e-06
6.11739e-07
1
1
1
1
1
1
1
1
1
1
1
1
1
1
1
1
1
1
1
1
1
1
1
1
1
1
1
1
1
1
1
1
1
1
1
1
0.999998
0.999989
0.999956
0.999846
0.999523
0.998649
0.996368
0.988865
0.966837
0.954636
0.953519
0.955403
0.963579
0.979382
0.989728
0.995269
0.997948
0.999151
0.999661
0.999869
0.99995
0.999981
0.999993
0.999997
0.999999
1
1
1
1
1
1
1
1
1
1
1
1
1
1
1
1
1
1
1
1
1
1
1
1
1
1
1
1
1
0.999999
0.999999
0.999997
0.999997
0.999997
0.999997
0.999996
0.999994
0.999992
0.999991
0.999991
0.999991
0.999991
0.999992
0.999992
0.999992
0.999992
0.999989
0.999984
0.999982
0.999981
0.999982
0.999985
0.99999
0.999992
0.999993
0.999993
0.999993
0.999993
0.999994
0.999994
0.999995
0.999995
0.999996
0.999996
0.999997
0.999998
0.999998
0.999998
0.999998
0.999998
0.999998
0.999998
0.999998
0.999998
0.999998
0.999998
0.999999
0.999999
0.999999
0.999999
0.999999
0.999999
1
1
1
1
1
1
1
1
1
1
1
1
0.999999
0.999999
0.999994
0.999973
0.999869
0.999367
0.996992
0.98608
0.937976
0.746412
0.456511
0.253179
0.129479
0.0617153
0.0276606
0.0117422
0.00474884
0.00183827
0.00068373
0.000245132
8.49481e-05
2.85223e-05
9.3005e-06
2.94919e-06
9.18433e-07
1
1
1
1
1
1
1
1
1
1
1
1
1
1
1
1
1
1
1
1
1
1
1
1
1
1
1
1
1
1
1
1
1
1
1
1
1
0.999999
0.999997
0.999989
0.999963
0.999889
0.999669
0.998793
0.995624
0.993943
0.993881
0.994284
0.995863
0.997901
0.999026
0.999574
0.999823
0.999929
0.999973
0.99999
0.999996
0.999999
1
1
1
1
1
1
1
1
1
1
1
1
1
1
1
1
1
1
1
1
1
1
1
1
1
1
1
1
0.999999
0.999999
0.999998
0.999998
0.999997
0.999994
0.99999
0.999988
0.999988
0.999988
0.999987
0.999982
0.99998
0.999979
0.999979
0.999979
0.999981
0.999983
0.999983
0.999983
0.999982
0.999977
0.999968
0.999963
0.999962
0.999963
0.999969
0.999978
0.999983
0.999986
0.999987
0.999987
0.999988
0.999989
0.99999
0.999991
0.999991
0.999992
0.999993
0.999994
0.999996
0.999996
0.999997
0.999997
0.999996
0.999996
0.999995
0.999995
0.999995
0.999995
0.999996
0.999997
0.999998
0.999998
0.999998
0.999999
0.999999
0.999999
0.999999
0.999999
0.999999
0.999999
1
1
0.999999
0.999999
0.999999
0.999999
0.999999
0.999999
0.999999
0.999997
0.999987
0.999938
0.99969
0.998458
0.992558
0.965554
0.849317
0.555653
0.316213
0.165082
0.0800477
0.0364181
0.0156686
0.00641475
0.00251132
0.000943879
0.000341696
0.000119476
4.04466e-05
1.32879e-05
4.24233e-06
1.32909e-06
1
1
1
1
1
1
1
1
1
1
1
1
1
1
1
1
1
1
1
1
1
1
1
1
1
1
1
1
1
1
1
1
1
1
1
1
1
1
1
0.999999
0.999998
0.999994
0.999981
0.99992
0.999683
0.999573
0.999575
0.999615
0.99975
0.999883
0.999948
0.999978
0.999991
0.999997
0.999999
1
1
1
1
1
1
1
1
1
1
1
1
1
1
1
1
1
1
1
1
1
1
1
1
1
1
1
1
1
0.999999
0.999998
0.999997
0.999994
0.999991
0.999989
0.999984
0.999972
0.999958
0.999954
0.999955
0.999957
0.999955
0.999948
0.999946
0.999946
0.999947
0.999951
0.999957
0.999961
0.999963
0.999963
0.999961
0.999951
0.999934
0.999924
0.999922
0.999924
0.999936
0.999954
0.999964
0.99997
0.999973
0.999974
0.999976
0.999978
0.999981
0.999983
0.999983
0.999984
0.999985
0.999988
0.99999
0.999992
0.999993
0.999993
0.999993
0.999992
0.99999
0.999989
0.999989
0.99999
0.999992
0.999994
0.999995
0.999996
0.999996
0.999997
0.999997
0.999998
0.999998
0.999998
0.999999
0.999999
0.999999
0.999999
0.999999
0.999999
0.999999
0.999998
0.999998
0.999998
0.999998
0.999997
0.999991
0.999965
0.999824
0.999098
0.99548
0.97839
0.903104
0.648555
0.375962
0.199909
0.0985174
0.0454704
0.0198218
0.00821449
0.00325273
0.00123565
0.000451804
0.000159449
5.44435e-05
1.80272e-05
5.79647e-06
1.8272e-06
1
1
1
1
1
1
1
1
1
1
1
1
1
1
1
1
1
1
1
1
1
1
1
1
1
1
1
1
1
1
1
1
1
1
1
1
1
1
1
1
1
1
0.999999
0.999997
0.999988
0.999984
0.999985
0.999987
0.999992
0.999997
0.999999
0.999999
1
1
1
1
1
1
1
1
1
1
1
1
1
1
1
1
1
1
1
1
1
1
1
1
1
1
1
1
1
0.999999
0.999999
0.999997
0.999994
0.999989
0.999984
0.99997
0.999951
0.999934
0.999901
0.999841
0.99981
0.999811
0.999822
0.99984
0.999845
0.999847
0.999849
0.999853
0.999865
0.999884
0.9999
0.999911
0.999914
0.999914
0.99991
0.999891
0.999859
0.99984
0.999834
0.999838
0.999861
0.999896
0.999917
0.99993
0.999939
0.999945
0.99995
0.999956
0.999961
0.999965
0.999967
0.999967
0.999968
0.999971
0.999977
0.999981
0.999983
0.999984
0.999984
0.999982
0.999978
0.999976
0.999976
0.999977
0.99998
0.999985
0.999988
0.99999
0.999991
0.999992
0.999993
0.999994
0.999995
0.999996
0.999997
0.999997
0.999997
0.999997
0.999997
0.999997
0.999997
0.999996
0.999996
0.999995
0.999995
0.999994
0.999991
0.999973
0.999881
0.999384
0.996803
0.984211
0.927756
0.71281
0.422858
0.228375
0.114117
0.0533488
0.0235385
0.00986765
0.00395051
0.00151649
0.000559994
0.000199466
6.86927e-05
2.29236e-05
7.42299e-06
2.35313e-06
1
1
1
1
1
1
1
1
1
1
1
1
1
1
1
1
1
1
1
1
1
1
1
1
1
1
1
1
1
1
1
1
1
1
1
1
1
1
1
1
1
1
1
1
1
1
1
1
1
1
1
1
1
1
1
1
1
1
1
1
1
1
1
1
1
1
1
1
1
1
1
1
1
1
1
1
1
1
0.999999
0.999999
0.999997
0.999995
0.99999
0.99998
0.999962
0.999941
0.999906
0.999808
0.999694
0.99953
0.999254
0.999082
0.999089
0.999137
0.999249
0.999369
0.999452
0.999498
0.999534
0.999582
0.999643
0.999705
0.999755
0.99978
0.999784
0.999782
0.999768
0.999719
0.999661
0.999626
0.999618
0.999627
0.999683
0.999744
0.999781
0.999811
0.999842
0.999866
0.999884
0.9999
0.999913
0.999922
0.999925
0.999926
0.999927
0.999931
0.999942
0.999953
0.999959
0.99996
0.99996
0.999956
0.999948
0.999944
0.999944
0.999945
0.999951
0.999964
0.999971
0.999975
0.999977
0.99998
0.999982
0.999985
0.999987
0.999989
0.999991
0.999992
0.999993
0.999993
0.999993
0.999993
0.999992
0.999991
0.999989
0.999988
0.999988
0.999987
0.999984
0.999972
0.999901
0.99951
0.997398
0.986735
0.937846
0.742469
0.445066
0.241693
0.121429
0.0571131
0.0253703
0.0107137
0.00432219
0.00167216
0.000622231
0.000223262
7.73942e-05
2.59716e-05
8.44497e-06
2.67745e-06
1
1
1
1
1
1
1
1
1
1
1
1
1
1
1
1
1
1
1
1
1
1
1
1
1
1
1
1
1
1
1
1
1
1
1
1
1
1
1
1
1
1
1
1
1
1
1
1
1
1
1
1
1
1
1
1
1
1
1
1
1
1
1
1
1
1
1
1
1
1
1
1
1
1
1
0.999999
0.999999
0.999997
0.999994
0.999984
0.999972
0.999955
0.999917
0.999853
0.999767
0.999637
0.999367
0.99859
0.997809
0.996249
0.994761
0.994741
0.995043
0.995671
0.996518
0.997288
0.997865
0.998239
0.998502
0.998736
0.998973
0.999198
0.999357
0.999416
0.999419
0.999404
0.999334
0.999207
0.999107
0.999055
0.999049
0.999091
0.999227
0.999294
0.999327
0.999382
0.999495
0.999607
0.999681
0.999729
0.999765
0.999788
0.999797
0.999801
0.999805
0.999817
0.999847
0.999872
0.999886
0.99989
0.999889
0.999878
0.99986
0.999852
0.999851
0.999855
0.99987
0.999904
0.999925
0.999934
0.999938
0.999943
0.99995
0.999956
0.999962
0.999967
0.999972
0.999976
0.999978
0.999979
0.99998
0.99998
0.999979
0.999977
0.999973
0.999971
0.99997
0.999969
0.999967
0.999957
0.999897
0.99955
0.99761
0.987597
0.941101
0.752543
0.452452
0.245949
0.123691
0.0582503
0.0259132
0.0109602
0.00442866
0.00171599
0.000639406
0.000229686
7.96757e-05
2.67442e-05
8.69158e-06
2.74994e-06
1
1
1
1
1
1
1
1
1
1
1
1
1
1
1
1
1
1
1
1
1
1
1
1
1
1
1
1
1
1
1
1
1
1
1
1
1
1
1
1
1
1
1
1
1
1
1
1
1
1
1
1
1
1
1
1
1
1
1
1
1
1
1
1
1
1
1
1
1
1
1
1
0.999999
0.999998
0.999996
0.999993
0.999985
0.999968
0.999928
0.999828
0.999744
0.999616
0.999386
0.999125
0.998729
0.997879
0.995924
0.990908
0.986258
0.978947
0.974567
0.974819
0.976443
0.980405
0.985358
0.989489
0.992484
0.994435
0.995689
0.996601
0.997358
0.998009
0.998458
0.998618
0.998621
0.998568
0.99837
0.998136
0.997967
0.997893
0.997911
0.99809
0.998153
0.998001
0.997677
0.997751
0.998012
0.998506
0.99888
0.999115
0.99926
0.999337
0.999361
0.999371
0.99939
0.999446
0.999537
0.99961
0.999649
0.999659
0.999657
0.999632
0.999595
0.999581
0.999581
0.999591
0.99964
0.999733
0.999788
0.999812
0.999821
0.999829
0.999847
0.999866
0.999882
0.999896
0.999909
0.999921
0.999928
0.999933
0.999936
0.999937
0.999938
0.999937
0.999933
0.999929
0.999928
0.999927
0.999924
0.999913
0.999853
0.999505
0.997532
0.987213
0.938951
0.744601
0.446648
0.242911
0.122349
0.0577292
0.0257291
0.0108994
0.00440912
0.00170967
0.000637198
0.00022886
7.93281e-05
2.65966e-05
8.62449e-06
2.71962e-06
1
1
1
1
1
1
1
1
1
1
1
1
1
1
1
1
1
1
1
1
1
1
1
1
1
1
1
1
1
1
1
1
1
1
1
1
1
1
1
1
1
1
1
1
1
1
1
1
1
1
1
1
1
1
1
1
1
1
1
1
1
1
1
1
1
1
1
1
1
0.999999
0.999998
0.999996
0.999991
0.999979
0.999962
0.999926
0.99985
0.999692
0.999295
0.998685
0.998225
0.997652
0.997075
0.99629
0.994586
0.990201
0.979053
0.961421
0.948949
0.93652
0.929658
0.92991
0.932666
0.939436
0.953827
0.969568
0.980048
0.986415
0.990139
0.992559
0.9944
0.995939
0.996948
0.997294
0.997295
0.997167
0.996686
0.996087
0.995775
0.995753
0.996057
0.996168
0.995865
0.99361
0.989789
0.989982
0.991102
0.993621
0.995671
0.996924
0.997631
0.997989
0.998132
0.998195
0.998292
0.998471
0.998687
0.998867
0.99897
0.999003
0.999002
0.99897
0.998927
0.998915
0.998919
0.998954
0.999099
0.999306
0.999425
0.999475
0.999494
0.999514
0.999559
0.999614
0.999659
0.999697
0.999732
0.999761
0.999781
0.999797
0.999814
0.999827
0.999835
0.999837
0.999839
0.99984
0.99984
0.999839
0.999834
0.999811
0.999702
0.999125
0.996101
0.981274
0.91555
0.682172
0.404086
0.219906
0.111242
0.0528002
0.0236828
0.0100953
0.00410657
0.0016001
0.000598553
0.000215591
7.48098e-05
2.50869e-05
8.11412e-06
2.54414e-06
1
1
1
1
1
1
1
1
1
1
1
1
1
1
1
1
1
1
1
1
1
1
1
1
1
1
1
1
1
1
1
1
1
1
1
1
1
1
1
1
1
1
1
1
1
1
1
1
1
1
1
1
1
1
1
1
1
1
1
1
1
1
1
1
1
1
0.999999
0.999998
0.999996
0.99999
0.999978
0.999956
0.999903
0.999813
0.999679
0.999401
0.998805
0.997556
0.994579
0.992173
0.990793
0.990251
0.989474
0.98749
0.981587
0.961362
0.940013
0.930562
0.92279
0.912043
0.906624
0.907159
0.909588
0.914683
0.921827
0.934939
0.954047
0.969569
0.979463
0.985735
0.989832
0.992618
0.994526
0.99512
0.995098
0.99479
0.994087
0.993644
0.993569
0.993888
0.993937
0.99321
0.989454
0.973058
0.956161
0.956883
0.962076
0.97423
0.98382
0.989446
0.992469
0.99396
0.994636
0.995026
0.995404
0.995861
0.996336
0.996718
0.996967
0.997122
0.997215
0.997259
0.997283
0.997316
0.997387
0.997599
0.998011
0.998327
0.998498
0.998566
0.998603
0.998662
0.998799
0.998951
0.999076
0.999187
0.999286
0.999367
0.99943
0.999485
0.999533
0.999571
0.999601
0.999626
0.999648
0.999661
0.999664
0.999661
0.999639
0.999555
0.999219
0.997722
0.990852
0.960568
0.836689
0.549491
0.320965
0.173211
0.0873471
0.0414827
0.0186555
0.00798296
0.00326026
0.00127552
0.00047848
0.000172757
5.99033e-05
2.00622e-05
6.43984e-06
1.99022e-06
1
1
1
1
1
1
1
1
1
1
1
1
1
1
1
1
1
1
1
1
1
1
1
1
1
1
1
1
1
1
1
1
1
1
1
1
1
1
1
1
1
1
1
1
1
1
1
1
1
1
1
1
1
1
1
1
1
1
1
1
1
1
1
0.999999
0.999998
0.999996
0.99999
0.999976
0.999949
0.999879
0.999775
0.999605
0.999197
0.998727
0.997934
0.996201
0.992252
0.983793
0.970701
0.966258
0.966893
0.969593
0.969911
0.966468
0.946251
0.933187
0.929468
0.924228
0.914345
0.89869
0.892131
0.89377
0.900669
0.907945
0.915808
0.928364
0.944854
0.96038
0.971775
0.979709
0.985061
0.988733
0.991109
0.99198
0.991953
0.991682
0.990998
0.990312
0.990167
0.990266
0.989617
0.983736
0.960935
0.898512
0.866898
0.868844
0.881595
0.918167
0.952231
0.970509
0.979794
0.984285
0.986491
0.987794
0.988675
0.989389
0.99014
0.990775
0.991167
0.991611
0.992274
0.992972
0.993506
0.993945
0.994469
0.995106
0.995704
0.996113
0.99631
0.996395
0.99649
0.996701
0.997096
0.997463
0.997784
0.998085
0.998354
0.998573
0.99875
0.998901
0.999021
0.999113
0.999194
0.999261
0.999294
0.999297
0.999282
0.999221
0.999041
0.998531
0.996917
0.991037
0.967972
0.877711
0.620404
0.377081
0.21227
0.111549
0.0551271
0.0257757
0.0114477
0.00484969
0.00196121
0.000760272
0.000281929
0.000100644
3.42479e-05
1.12641e-05
3.48636e-06
1.02622e-06
1
1
1
1
1
1
1
1
1
1
1
1
1
1
1
1
1
1
1
1
1
1
1
1
1
1
1
1
1
1
1
1
1
1
1
1
1
1
1
1
1
1
1
1
1
1
1
1
1
1
1
1
1
1
1
1
1
1
1
0.999999
0.999998
0.999997
0.999993
0.999986
0.999972
0.999943
0.999884
0.999721
0.999501
0.998911
0.99831
0.997126
0.995167
0.993384
0.989727
0.980769
0.958251
0.927157
0.909928
0.909437
0.913745
0.930468
0.938637
0.933219
0.926322
0.93093
0.929032
0.921349
0.909104
0.890254
0.880661
0.877497
0.880349
0.890009
0.903009
0.914294
0.925979
0.941654
0.957082
0.969002
0.976745
0.981983
0.984982
0.986158
0.985999
0.98515
0.983129
0.982732
0.984694
0.985928
0.981674
0.950014
0.849937
0.815818
0.81565
0.8173
0.824827
0.845092
0.891572
0.930286
0.95234
0.963463
0.969677
0.973077
0.974502
0.974784
0.975003
0.975494
0.976413
0.978283
0.981012
0.983599
0.985708
0.98753
0.989244
0.990654
0.991495
0.991867
0.99204
0.992228
0.992651
0.993425
0.994251
0.995052
0.995796
0.996489
0.997063
0.997459
0.997767
0.998105
0.998393
0.998492
0.998487
0.998455
0.998382
0.998146
0.997698
0.996916
0.995138
0.990767
0.978901
0.942462
0.81339
0.550967
0.336422
0.18916
0.098942
0.0485677
0.0225232
0.00992509
0.00416703
0.00167358
0.00064351
0.000238073
8.40459e-05
2.86458e-05
9.20594e-06
2.87513e-06
8.23567e-07
2.22484e-07
1
1
1
1
1
1
1
1
1
1
1
1
1
1
1
1
1
1
1
1
1
1
1
1
1
1
1
1
1
1
1
1
1
1
1
1
1
1
1
1
1
1
1
1
1
1
1
1
1
1
1
1
1
1
1
0.999999
0.999997
0.999995
0.99999
0.999983
0.999968
0.999948
0.999901
0.999832
0.999672
0.999414
0.998873
0.997593
0.996228
0.992585
0.989916
0.984357
0.978746
0.973113
0.958875
0.916799
0.893386
0.890407
0.889509
0.888926
0.897935
0.908988
0.921671
0.932585
0.933192
0.928184
0.920094
0.917001
0.90823
0.889578
0.879372
0.875723
0.87493
0.879519
0.887032
0.894648
0.904964
0.918278
0.933078
0.946548
0.957806
0.965725
0.969775
0.971848
0.971837
0.972081
0.974496
0.980899
0.984084
0.982785
0.958142
0.824972
0.779224
0.797077
0.812393
0.814432
0.818095
0.82759
0.855977
0.889372
0.914664
0.933827
0.943323
0.944644
0.944612
0.94511
0.946689
0.950152
0.954509
0.959471
0.964724
0.97
0.974953
0.978935
0.981485
0.982947
0.984095
0.985395
0.986911
0.988516
0.990031
0.991378
0.992683
0.993943
0.994898
0.995436
0.995901
0.996542
0.997094
0.997264
0.997191
0.99645
0.994278
0.99309
0.99175
0.98769
0.980125
0.970613
0.94934
0.892005
0.721082
0.493467
0.309417
0.178616
0.0954294
0.0475939
0.0223709
0.00999077
0.00426096
0.00174213
0.000683397
0.000257868
9.33265e-05
3.2546e-05
1.08266e-05
3.47985e-06
1.04984e-06
3.08425e-07
8.19933e-08
1.98095e-08
1
1
1
1
1
1
1
1
1
1
1
1
1
1
1
1
1
1
1
1
1
1
1
1
1
1
1
1
1
1
1
1
1
1
1
1
1
1
1
1
1
1
1
1
1
1
1
1
1
1
1
0.999999
0.999998
0.999993
0.999984
0.999967
0.999935
0.999904
0.999827
0.999753
0.999595
0.999418
0.998992
0.998442
0.997094
0.995201
0.990773
0.984839
0.977855
0.961554
0.953987
0.935548
0.928334
0.910448
0.882434
0.879627
0.886111
0.897565
0.902926
0.903604
0.908594
0.913745
0.926168
0.930218
0.922994
0.91611
0.914162
0.915521
0.913108
0.905985
0.887201
0.88083
0.879174
0.879902
0.886249
0.892567
0.902142
0.912662
0.924182
0.934969
0.944481
0.951931
0.957411
0.961507
0.964711
0.969295
0.976476
0.981877
0.982251
0.973147
0.870381
0.730938
0.747781
0.820056
0.831879
0.826692
0.823715
0.828577
0.847983
0.87609
0.897702
0.908938
0.912141
0.915092
0.92225
0.933949
0.943131
0.949606
0.955087
0.95985
0.963958
0.967424
0.970403
0.973102
0.975724
0.978676
0.981927
0.985064
0.987661
0.989725
0.991534
0.992947
0.993606
0.993726
0.993473
0.993082
0.992963
0.992981
0.992618
0.990759
0.982947
0.957534
0.933722
0.920124
0.899818
0.84629
0.685692
0.476798
0.314333
0.200079
0.121584
0.069577
0.0371456
0.0184616
0.00857852
0.00375538
0.00156074
0.000619606
0.000235843
8.63046e-05
3.03729e-05
1.02966e-05
3.35273e-06
1.05207e-06
3.15096e-07
9.10262e-08
2.46615e-08
6.47959e-09
1.55364e-09
2.11714e-10
1
1
1
1
1
1
1
1
1
1
1
1
1
1
1
1
1
1
1
1
1
1
1
1
1
1
1
1
1
1
1
1
1
1
1
1
1
1
1
1
1
1
1
1
1
1
1
1
1
0.999999
0.999994
0.999973
0.999912
0.999764
0.999555
0.999287
0.998931
0.998482
0.997869
0.997263
0.996323
0.995193
0.992323
0.988677
0.978973
0.967522
0.943549
0.926007
0.889707
0.862541
0.853326
0.831898
0.823193
0.863077
0.874315
0.883471
0.89208
0.900086
0.908922
0.91391
0.916548
0.91907
0.924078
0.917838
0.907408
0.897983
0.893991
0.90364
0.911915
0.913579
0.905436
0.891199
0.887081
0.886185
0.88989
0.896286
0.904982
0.914656
0.925145
0.934953
0.943301
0.950092
0.955759
0.96046
0.965822
0.973949
0.980059
0.980956
0.977635
0.936644
0.724205
0.641583
0.72988
0.827451
0.837911
0.830408
0.829391
0.834393
0.854624
0.879199
0.8987
0.911984
0.915976
0.918623
0.926729
0.948064
0.964702
0.971889
0.973934
0.975268
0.977527
0.980783
0.98423
0.986663
0.988936
0.991565
0.992941
0.99295
0.992612
0.992713
0.991528
0.983641
0.964127
0.94316
0.928567
0.922588
0.920106
0.912151
0.883455
0.77317
0.529243
0.332321
0.201219
0.118547
0.0678084
0.0374844
0.0199824
0.0102835
0.00511688
0.00245856
0.00113482
0.000499485
0.000208319
8.21205e-05
3.06512e-05
1.0874e-05
3.69237e-06
1.2001e-06
3.3586e-07
1.14442e-07
4.77901e-08
1.92188e-08
7.50362e-09
3.06822e-09
9.05009e-10
2.04316e-10
4.4762e-11
9.49967e-12
1.98291e-12
-6.20963e-12
1
1
1
1
1
1
1
1
1
1
1
1
1
1
1
1
1
1
1
1
1
1
1
1
1
1
1
1
1
1
1
1
1
1
1
1
1
1
1
1
1
1
1
1
1
1
1
1
0.999999
0.999959
0.999696
0.998889
0.996932
0.994846
0.991968
0.990017
0.986508
0.984176
0.98113
0.978569
0.975973
0.970353
0.948468
0.925781
0.862513
0.811653
0.793164
0.724546
0.668134
0.755896
0.801798
0.813279
0.807297
0.801334
0.835483
0.857937
0.871836
0.883265
0.904835
0.913498
0.91554
0.916169
0.907911
0.88965
0.881053
0.866837
0.85766
0.864136
0.892754
0.913546
0.918259
0.915561
0.904636
0.901565
0.901561
0.907664
0.913642
0.922022
0.930568
0.938642
0.945996
0.952659
0.959374
0.967343
0.974932
0.978952
0.978282
0.970806
0.944524
0.783978
0.539729
0.524423
0.675171
0.812598
0.849104
0.853055
0.854918
0.865939
0.886047
0.905665
0.91457
0.906209
0.8511
0.82703
0.842718
0.908341
0.961021
0.981661
0.987144
0.989269
0.990352
0.99047
0.986103
0.968491
0.910247
0.773689
0.617002
0.464483
0.332437
0.228589
0.15206
0.0983912
0.0620115
0.0380163
0.0228644
0.0135859
0.00762574
0.0037211
0.00169355
0.00112023
0.000734906
0.000464989
0.000283259
0.000166816
9.52066e-05
5.26832e-05
2.82742e-05
1.47373e-05
7.47646e-06
3.69775e-06
1.78337e-06
8.38092e-07
3.83984e-07
1.72116e-07
7.43966e-08
2.02931e-08
3.50643e-09
7.40552e-10
2.79582e-10
1.02802e-10
3.65335e-11
1.25887e-11
4.18125e-12
1.32754e-12
3.96067e-13
1.10199e-13
2.82057e-14
6.6854e-15
1.42369e-15
2.62388e-16
1
1
1
1
1
1
1
1
1
1
1
1
1
1
1
1
1
1
1
1
1
1
1
1
1
1
1
1
1
1
1
1
1
1
1
1
1
1
1
1
1
1
1
1
1
1
1
0.999999
0.999919
0.997695
0.985872
0.960567
0.938958
0.925302
0.914421
0.900682
0.891341
0.888473
0.884585
0.88421
0.881077
0.843502
0.682909
0.634629
0.614086
0.686394
0.750773
0.652705
0.611942
0.717933
0.784636
0.793629
0.767848
0.751843
0.774799
0.79989
0.810173
0.818016
0.858482
0.896535
0.903758
0.903498
0.887294
0.852534
0.84125
0.841289
0.841949
0.837749
0.835867
0.877513
0.912477
0.929372
0.937247
0.939525
0.937398
0.938462
0.9419
0.945959
0.950993
0.956203
0.961356
0.966488
0.970583
0.971093
0.963746
0.912216
0.712701
0.526892
0.429572
0.36777
0.345029
0.359025
0.478839
0.653168
0.774028
0.831159
0.832554
0.815979
0.760667
0.616834
0.413575
0.266233
0.219869
0.223792
0.25872
0.294551
0.313717
0.314666
0.291185
0.239241
0.181827
0.126124
0.0792341
0.0446307
0.0223936
0.0102429
0.00452308
0.00188579
0.000713631
0.000231314
0.000120188
7.14126e-05
4.32419e-05
2.57161e-05
1.4645e-05
7.91154e-06
4.05397e-06
1.98393e-06
9.41943e-07
4.42462e-07
2.08349e-07
9.93899e-08
4.83974e-08
2.41663e-08
1.23931e-08
6.51671e-09
3.49237e-09
1.87589e-09
9.83511e-10
4.82207e-10
2.10581e-10
8.07563e-11
2.77666e-11
8.85328e-12
2.63221e-12
6.85584e-13
1.60798e-13
3.78586e-14
9.75962e-15
2.76671e-15
8.40795e-16
2.62957e-16
8.12745e-17
2.41356e-17
6.74283e-18
1.75902e-18
4.24602e-19
9.56222e-20
1.9594e-20
-9.19105e-21
1
1
1
1
1
1
1
1
1
1
1
1
1
1
1
1
1
1
1
1
1
1
1
1
1
1
1
1
1
1
1
1
1
1
1
1
1
1
1
1
1
1
1
1
1
1
1
0.999966
0.997226
0.923836
0.610914
0.580055
0.663862
0.696799
0.715134
0.732521
0.745874
0.759748
0.76909
0.775697
0.774738
0.758525
0.695006
0.656346
0.610812
0.592025
0.63042
0.574867
0.585225
0.715674
0.767481
0.755065
0.730613
0.73104
0.751392
0.772223
0.77861
0.781136
0.794256
0.822166
0.838558
0.838815
0.824536
0.799261
0.795061
0.801587
0.828981
0.834915
0.821765
0.820613
0.834686
0.844173
0.850161
0.856388
0.859526
0.859659
0.851028
0.841381
0.822474
0.794366
0.751198
0.685518
0.587132
0.454957
0.329992
0.266366
0.26352
0.283779
0.29951
0.303628
0.303384
0.302129
0.297908
0.293195
0.289031
0.285124
0.272911
0.209903
0.12064
0.0508141
0.0215664
0.0105029
0.00835122
0.00801798
0.00768732
0.0072796
0.00682361
0.0063462
0.00548776
0.0037506
0.00209446
0.000976031
0.00038801
0.000136282
4.47983e-05
1.45664e-05
4.67115e-06
1.5838e-06
5.68502e-07
1.90688e-07
7.139e-08
2.4289e-08
6.20802e-09
1.97216e-09
8.41006e-10
3.63033e-10
1.58912e-10
7.3303e-11
3.6381e-11
1.95704e-11
1.1375e-11
7.03894e-12
4.53163e-12
2.97619e-12
1.96845e-12
1.29403e-12
8.31454e-13
5.15911e-13
3.00765e-13
1.63273e-13
8.29196e-14
3.85207e-14
1.19009e-14
2.16847e-15
1.52681e-16
1.1296e-17
1.8081e-18
4.12274e-19
1.09625e-19
3.20435e-20
9.82901e-21
3.02123e-21
8.98969e-22
2.53945e-22
6.74175e-23
1.67979e-23
3.92749e-24
8.67298e-25
1.78338e-25
-5.39044e-22
2.0188e-26
1.38481e-26
4.63145e-27
1.0238e-27
2.00483e-28
3.58353e-29
5.90974e-30
9.01812e-31
1.27864e-31
1.68741e-32
2.07271e-33
2.35059e-34
2.44827e-35
2.20164e-36
2.07263e-37
3.07479e-38
4.42535e-39
6.18054e-40
8.3593e-41
1.09407e-41
1.38484e-42
1.70035e-43
2.02926e-44
2.36787e-45
3.5952e-46
1.56672e-24
9.39474e-25
3.06148e-25
8.2766e-26
1.96817e-26
4.27421e-27
8.64091e-28
1.64085e-28
2.94605e-29
5.02526e-30
8.17351e-31
1.2709e-31
1.89412e-32
2.70776e-33
3.72182e-34
4.9455e-35
6.38367e-36
8.01029e-37
9.78582e-38
1.16481e-38
1.35361e-39
1.53698e-40
1.70992e-41
1.86504e-42
2.03183e-43
8.24572e-23
3.01371e-23
9.25053e-24
2.49879e-24
6.10927e-25
1.38285e-25
2.93935e-26
5.91367e-27
1.13218e-27
2.07061e-28
3.62902e-29
6.11055e-30
9.90662e-31
1.54883e-31
2.33963e-32
3.42121e-33
4.85847e-34
6.70663e-35
9.014e-36
1.18065e-36
1.5104e-37
1.88859e-38
2.31581e-39
2.78794e-40
3.0643e-41
1.91456e-21
6.00016e-22
1.6955e-22
4.39489e-23
1.05615e-23
2.37935e-24
5.07076e-25
1.02822e-25
1.99158e-26
3.69554e-27
6.58603e-28
1.12975e-28
1.86889e-29
2.98586e-30
4.61489e-31
6.90882e-32
1.00463e-32
1.42036e-33
1.95562e-34
2.62461e-35
3.44114e-36
4.41055e-37
5.54579e-38
6.84692e-39
7.64046e-40
2.48676e-20
7.34174e-21
1.99842e-21
5.0694e-22
1.20583e-22
2.70696e-23
5.771e-24
1.17375e-24
2.28474e-25
4.26647e-26
7.65945e-27
1.32451e-27
2.2099e-28
3.56253e-29
5.5578e-30
8.4007e-31
1.23295e-31
1.75936e-32
2.44479e-33
3.3116e-34
4.38206e-35
5.66869e-36
7.19392e-37
8.96626e-38
1.00723e-38
2.29291e-19
6.5784e-20
1.75875e-20
4.41662e-21
1.0466e-21
2.35041e-22
5.02491e-23
1.0265e-23
2.00925e-24
3.77624e-25
6.82749e-26
1.18956e-26
2.00036e-27
3.25107e-28
5.11409e-29
7.79509e-30
1.15334e-30
1.65889e-31
2.32324e-32
3.17121e-33
4.22835e-34
5.51115e-35
7.04756e-36
8.84915e-37
9.99424e-38
1.66919e-18
4.71501e-19
1.2495e-19
3.1252e-20
7.40545e-21
1.66775e-21
3.58167e-22
7.35802e-23
1.44949e-23
2.74333e-24
4.99676e-25
8.77242e-26
1.48664e-26
2.43515e-27
3.86085e-28
5.93199e-29
8.84618e-30
1.28234e-30
1.80979e-31
2.48936e-32
3.34436e-33
4.39165e-34
5.65707e-35
7.1563e-36
8.12736e-37
1.00472e-17
2.81451e-18
7.43195e-19
1.85822e-19
4.41331e-20
9.98207e-21
2.15586e-21
4.45749e-22
8.84253e-23
1.68597e-23
3.09451e-24
5.47563e-25
9.35402e-26
1.54472e-26
2.4693e-27
3.82529e-28
5.75093e-29
8.40233e-30
1.19507e-30
1.65638e-31
2.24213e-32
2.96625e-33
3.84974e-34
4.90533e-35
5.60135e-36
5.14514e-17
1.43589e-17
3.7906e-18
9.49723e-19
2.26443e-19
5.14934e-20
1.11925e-20
2.33042e-21
4.65729e-22
8.94838e-23
1.65542e-23
2.95275e-24
5.08495e-25
8.46489e-26
1.36394e-26
2.12974e-27
3.22739e-28
4.75245e-29
6.81172e-30
9.51362e-31
1.29753e-31
1.7294e-32
2.261e-33
2.90226e-34
3.3327e-35
2.28911e-16
6.38414e-17
1.68864e-17
4.2465e-18
1.01761e-18
2.32828e-19
5.0957e-20
1.06884e-20
2.15249e-21
4.16835e-22
7.77313e-23
1.39768e-23
2.42644e-24
4.07206e-25
6.61481e-26
1.0413e-26
1.59068e-27
2.36078e-28
3.40998e-29
4.79886e-30
6.59416e-31
8.85411e-32
1.16615e-32
1.50766e-33
1.74084e-34
8.99305e-16
2.51194e-16
6.66738e-17
1.68481e-17
4.06106e-18
9.35363e-19
2.06202e-19
4.35819e-20
8.84568e-21
1.72668e-21
3.24589e-22
5.88375e-23
1.02973e-23
1.74206e-24
2.85245e-25
4.52566e-26
6.96746e-27
1.04209e-27
1.51675e-28
2.1507e-29
2.97733e-30
4.02722e-31
5.342e-32
6.95626e-33
8.07731e-34
3.16145e-15
8.85798e-16
2.3619e-16
6.00201e-17
1.456e-17
3.37709e-18
7.50049e-19
1.59758e-19
3.26827e-20
6.43079e-21
1.21864e-21
2.2268e-22
3.92849e-23
6.69912e-24
1.10562e-24
1.7681e-25
2.74346e-26
4.13493e-27
6.06396e-28
8.66261e-29
1.20802e-29
1.64582e-30
2.19873e-31
2.88327e-32
3.36635e-33
1.00572e-14
2.82978e-15
7.58547e-16
1.93947e-16
4.7367e-17
1.10658e-17
2.47631e-18
5.31558e-19
1.09604e-19
2.1738e-20
4.15224e-21
7.6478e-22
1.35991e-22
2.33728e-23
3.88756e-24
6.26471e-25
9.79419e-26
1.48729e-26
2.19733e-27
3.162e-28
4.44124e-29
6.09405e-30
8.1972e-31
1.08237e-31
1.27066e-32
2.92389e-14
8.26775e-15
2.2291e-15
5.73623e-16
1.41066e-16
3.31958e-17
7.48472e-18
1.61906e-18
3.3645e-19
6.7252e-20
1.29466e-20
2.4032e-21
4.30645e-22
7.45844e-23
1.24999e-23
2.02956e-24
3.19681e-25
4.89047e-26
7.2776e-27
1.05475e-27
1.49187e-28
2.06123e-29
2.79139e-30
3.71059e-31
4.37933e-32
7.83852e-14
2.2286e-14
6.04527e-15
1.56593e-15
3.87785e-16
9.19163e-17
2.0879e-17
4.55069e-18
9.52882e-19
1.91926e-19
3.72296e-20
6.96316e-21
1.25718e-21
2.19361e-22
3.70356e-23
6.05729e-24
9.60954e-25
1.48051e-25
2.21867e-26
3.23787e-27
4.61095e-28
6.41379e-29
8.7421e-30
1.16964e-30
1.3877e-31
1.95764e-13
5.59657e-14
1.52727e-14
3.9817e-15
9.92704e-16
2.36951e-16
5.42109e-17
1.19019e-17
2.51055e-18
5.09405e-19
9.9543e-20
1.87547e-20
3.41085e-21
5.99463e-22
1.01936e-22
1.67905e-23
2.68249e-24
4.16174e-25
6.27953e-26
9.22618e-27
1.32261e-27
1.8518e-28
2.54013e-29
3.42022e-30
4.07849e-31
4.5579e-13
1.30979e-13
3.59434e-14
9.42632e-15
2.36473e-15
5.68063e-16
1.30818e-16
2.89125e-17
6.13975e-18
1.2542e-18
2.46738e-19
4.68e-20
8.56828e-21
1.51589e-21
2.59466e-22
4.30169e-23
6.91671e-24
1.0799e-24
1.63967e-25
2.42408e-26
3.49621e-27
4.9248e-28
6.79467e-29
9.20202e-30
1.10246e-30
9.96164e-13
2.87524e-13
7.92786e-14
2.08972e-14
5.27053e-15
1.27317e-15
2.94876e-16
6.55523e-17
1.40028e-17
2.87744e-18
5.69446e-19
1.08652e-19
2.001e-20
3.56099e-21
6.13075e-22
1.02231e-22
1.65321e-23
2.59588e-24
3.96363e-25
5.89241e-26
8.54496e-27
1.21015e-27
1.67835e-28
2.28492e-29
2.74891e-30
2.05388e-12
5.95454e-13
1.64951e-13
4.36899e-14
1.10737e-14
2.68848e-15
6.2584e-16
1.39838e-16
3.00239e-17
6.2011e-18
1.23343e-18
2.36528e-19
4.37788e-20
7.82962e-21
1.35463e-21
2.26992e-22
3.6886e-23
5.81975e-24
8.92844e-25
1.33363e-25
1.943e-26
2.76458e-27
3.85137e-28
5.26681e-29
6.35943e-30
4.02416e-12
1.1706e-12
3.25457e-13
8.65389e-14
2.20249e-14
5.37028e-15
1.25571e-15
2.81866e-16
6.0801e-17
1.26172e-17
2.52155e-18
4.85847e-19
9.03509e-20
1.62348e-20
2.82189e-21
4.75023e-22
7.75385e-23
1.22881e-23
1.89339e-24
2.8402e-25
4.15516e-26
5.93627e-27
8.30213e-28
1.13975e-28
1.38043e-29
7.57321e-12
2.2085e-12
6.15676e-13
1.6418e-13
4.19126e-14
1.0252e-14
2.4051e-15
5.41695e-16
1.17254e-16
2.44177e-17
4.89733e-18
9.4701e-19
1.76752e-19
3.18761e-20
5.56102e-21
9.39579e-22
1.53937e-22
2.44861e-23
3.78687e-24
5.70167e-25
8.37213e-26
1.20052e-26
1.68499e-27
2.32154e-28
2.82002e-29
1.37965e-11
4.0303e-12
1.12568e-12
3.00796e-13
7.69569e-14
1.88676e-14
4.43703e-15
1.00185e-15
2.17417e-16
4.5396e-17
9.12925e-18
1.77014e-18
3.31288e-19
5.99107e-20
1.04808e-20
1.77575e-21
2.91742e-22
4.65357e-23
7.217e-24
1.08966e-24
1.60443e-25
2.30703e-26
3.24669e-27
4.48535e-28
5.46023e-29
2.44756e-11
7.15758e-12
2.00154e-12
5.35555e-13
1.37218e-13
3.36946e-14
7.93699e-15
1.79524e-15
3.90301e-16
8.16461e-17
1.64507e-17
3.19598e-18
5.99328e-19
1.08602e-19
1.90375e-20
3.2321e-21
5.32104e-22
8.50523e-23
1.32177e-23
1.99984e-24
2.95071e-25
4.25177e-26
5.99559e-27
8.29993e-28
1.01203e-28
4.24759e-11
1.24286e-11
3.47784e-12
9.31281e-13
2.38816e-13
5.86984e-14
1.38411e-14
3.13414e-15
6.82186e-16
1.42879e-16
2.88249e-17
5.60732e-18
1.05292e-18
1.91056e-19
3.3538e-20
5.70198e-21
9.40065e-22
1.50479e-22
2.34196e-23
3.54866e-24
5.24365e-25
7.56704e-26
1.06859e-26
1.48148e-27
1.80845e-28
7.23522e-11
2.1175e-11
5.92692e-12
1.58763e-12
4.07299e-13
1.00159e-13
2.36307e-14
5.35415e-15
1.16618e-15
2.44421e-16
4.93473e-17
9.60706e-18
1.80544e-18
3.27877e-19
5.76049e-20
9.80235e-21
1.61753e-21
2.5916e-22
4.03715e-23
6.12311e-24
9.05632e-25
1.30819e-25
1.84909e-26
2.56604e-27
3.13458e-28
1.21278e-10
3.54929e-11
9.9346e-12
2.66131e-12
6.8282e-13
1.67939e-13
3.96306e-14
8.98166e-15
1.95686e-15
4.10279e-16
8.28628e-17
1.61382e-17
3.03404e-18
5.51231e-19
9.68887e-20
1.64946e-20
2.72312e-21
4.36511e-22
6.80326e-23
1.03238e-23
1.52772e-24
2.20799e-25
3.12251e-26
4.33554e-27
5.29792e-28
2.00519e-10
5.86711e-11
1.64192e-11
4.39774e-12
1.12821e-12
2.77463e-13
6.54738e-14
1.48387e-14
3.23305e-15
6.77887e-16
1.36922e-16
2.6669e-17
5.01442e-18
9.11135e-19
1.60168e-19
2.72711e-20
4.50284e-21
7.21905e-22
1.1253e-22
1.70791e-23
2.52777e-24
3.65405e-25
5.16826e-26
7.17737e-27
8.77079e-28
3.40348e-10
9.9532e-11
2.78405e-11
7.45347e-12
1.91138e-12
4.69903e-13
1.10851e-13
2.51161e-14
5.47104e-15
1.1469e-15
2.31609e-16
4.51036e-17
8.47904e-18
1.54039e-18
2.70735e-19
4.60885e-20
7.60843e-21
1.21957e-21
1.90069e-22
2.88422e-23
4.26788e-24
6.16844e-25
8.72251e-26
1.21111e-26
1.47947e-27
5.97579e-10
1.74659e-10
4.88305e-11
1.30675e-11
3.34992e-12
8.2335e-13
1.94193e-13
4.39936e-14
9.58232e-15
2.00865e-15
4.05623e-16
7.89899e-17
1.48492e-17
2.69762e-18
4.74116e-19
8.07084e-20
1.3323e-20
2.13546e-21
3.32786e-22
5.04953e-23
7.47127e-24
1.07974e-24
1.52659e-25
2.1194e-26
2.58834e-27
1.04143e-09
3.04098e-10
8.49484e-11
2.27173e-11
5.82046e-12
1.42995e-12
3.37155e-13
7.63639e-14
1.66305e-14
3.48579e-15
7.03885e-16
1.37071e-16
2.57677e-17
4.68121e-18
8.22746e-19
1.40056e-19
2.31196e-20
3.70562e-21
5.77455e-22
8.76161e-23
1.29628e-23
1.87323e-24
2.64815e-25
3.67608e-26
4.48839e-27
1.79839e-09
5.24295e-10
1.46258e-10
3.90676e-11
1e-11
2.45489e-12
5.78477e-13
1.30965e-13
2.85128e-14
5.97514e-15
1.20641e-15
2.34917e-16
4.4161e-17
8.02281e-18
1.41009e-18
2.40048e-19
3.96273e-20
6.35173e-21
9.8983e-22
1.50188e-22
2.22203e-23
3.21102e-24
4.53916e-25
6.30092e-26
7.692e-27
3.08972e-09
8.98575e-10
2.5013e-10
6.66888e-11
1.70431e-11
4.17839e-12
9.83556e-13
2.22483e-13
4.84052e-14
1.01386e-14
2.04627e-15
3.98348e-16
7.48695e-17
1.35999e-17
2.39014e-18
4.06868e-19
6.71646e-20
1.07655e-20
1.67767e-21
2.54558e-22
3.76619e-23
5.44256e-24
7.69356e-25
1.06797e-25
1.30361e-26
5.29349e-09
1.53452e-09
4.25903e-10
1.13257e-10
2.88783e-11
7.06606e-12
1.66051e-12
3.75087e-13
8.15123e-14
1.70567e-14
3.43988e-15
6.6922e-16
1.25716e-16
2.28269e-17
4.01043e-18
6.82514e-19
1.12644e-19
1.80524e-20
2.81288e-21
4.26767e-22
6.31351e-23
9.12324e-24
1.28957e-24
1.79006e-25
2.18477e-26
9.05584e-09
2.61545e-09
7.2341e-10
1.91764e-10
4.87572e-11
1.19e-11
2.79028e-12
6.29068e-13
1.36477e-13
2.85173e-14
5.74404e-15
1.1163e-15
2.09511e-16
3.80121e-17
6.67382e-18
1.13512e-18
1.87251e-19
2.99962e-20
4.67218e-21
7.08635e-22
1.04805e-22
1.51413e-23
2.13977e-24
2.96978e-25
3.62388e-26
1.54506e-08
4.44626e-09
1.22553e-09
3.23809e-10
8.20815e-11
1.9978e-11
4.67267e-12
1.05108e-12
2.27575e-13
4.74668e-14
9.54556e-15
1.85243e-15
3.47224e-16
6.29252e-17
1.10364e-17
1.8754e-18
3.09109e-19
4.94796e-20
7.70168e-21
1.16742e-21
1.72563e-22
2.49183e-23
3.51987e-24
4.88345e-25
5.95681e-26
2.61909e-08
7.51563e-09
2.06563e-09
5.44255e-10
1.37594e-10
3.3405e-11
7.79479e-12
1.74957e-12
3.78048e-13
7.8706e-14
1.58007e-14
3.06148e-15
5.73008e-16
1.03701e-16
1.81651e-17
3.08312e-18
5.07613e-19
8.11713e-20
1.26226e-20
1.91163e-21
2.82338e-22
4.07394e-23
5.75061e-24
7.9735e-25
9.72032e-26
4.38562e-08
1.25654e-08
3.44766e-09
9.06779e-10
2.28835e-10
5.54598e-11
1.29192e-11
2.89506e-12
6.24596e-13
1.29842e-13
2.60295e-14
5.03645e-15
9.41415e-16
1.70157e-16
2.97692e-17
5.04663e-18
8.29932e-19
1.32565e-19
2.05926e-20
3.11546e-21
4.59683e-22
6.62675e-23
9.34568e-24
1.29477e-24
1.57723e-25
7.2056e-08
2.06468e-08
5.66387e-09
1.48911e-09
3.75609e-10
9.09801e-11
2.11806e-11
4.74329e-12
1.02266e-12
2.12444e-13
4.25576e-14
8.22819e-15
1.5368e-15
2.77541e-16
4.85147e-17
8.21725e-18
1.35014e-18
2.15461e-19
3.34387e-20
5.05428e-21
7.45068e-22
1.07311e-22
1.51205e-23
2.09307e-24
2.54763e-25
1.15419e-07
3.31289e-08
9.10047e-09
2.39536e-09
6.04778e-10
1.46609e-10
3.41552e-11
7.65347e-12
1.65092e-12
3.43093e-13
6.87497e-14
1.32946e-14
2.48324e-15
4.48453e-16
7.83803e-17
1.32728e-17
2.18012e-18
3.4778e-19
5.39498e-20
8.15037e-21
1.2008e-21
1.72847e-22
2.43392e-23
3.3671e-24
4.09574e-25
1.80076e-07
5.18719e-08
1.42947e-08
3.77356e-09
9.55341e-10
2.32181e-10
5.42197e-11
1.21768e-11
2.63214e-12
5.48068e-13
1.10018e-13
2.1309e-14
3.98595e-15
7.20749e-16
1.26113e-16
2.13764e-17
3.51407e-18
5.6096e-19
8.70688e-20
1.31597e-20
1.9395e-21
2.79249e-22
3.93292e-23
5.44165e-24
6.61941e-25
2.71887e-07
7.87204e-08
2.17968e-08
5.77996e-09
1.46957e-09
3.58621e-10
8.40761e-11
1.89533e-11
4.11172e-12
8.59065e-13
1.72999e-13
3.36086e-14
6.30426e-15
1.1429e-15
2.00459e-16
3.40529e-17
5.60925e-18
8.97064e-19
1.3947e-19
2.11114e-20
3.11571e-21
4.49154e-22
6.3329e-23
8.7714e-24
1.06787e-24
3.96255e-07
1.15484e-07
3.21759e-08
8.58354e-09
2.19505e-09
5.38671e-10
1.26979e-10
2.87773e-11
6.27497e-12
1.3175e-12
2.66571e-13
5.20197e-14
9.79949e-15
1.78376e-15
3.14058e-16
5.35426e-17
8.84948e-18
1.41975e-18
2.21391e-19
3.36051e-20
4.97255e-21
7.18578e-22
1.01551e-22
1.40963e-23
1.71935e-24
5.49202e-07
1.61283e-07
4.5269e-08
1.21637e-08
3.13256e-09
7.74077e-10
1.83719e-10
4.19151e-11
9.19921e-12
1.94365e-12
3.95656e-13
7.76629e-14
1.47126e-14
2.69248e-15
4.76502e-16
8.16387e-17
1.35569e-17
2.18479e-18
3.42157e-19
5.21488e-20
7.74673e-21
1.12364e-21
1.59363e-22
2.21973e-23
2.71568e-24
7.15009e-07
2.11941e-07
5.99798e-08
1.6237e-08
4.21082e-09
1.04762e-09
2.50334e-10
5.75024e-11
1.27062e-11
2.70283e-12
5.53893e-13
1.0944e-13
2.08664e-14
3.84275e-15
6.84215e-16
1.17918e-16
1.96933e-17
3.19119e-18
5.02433e-19
7.69702e-20
1.14909e-20
1.67469e-21
2.38628e-22
3.33888e-23
4.10146e-24
8.29114e-07
2.50291e-07
7.20797e-08
1.98338e-08
5.22209e-09
1.3175e-09
3.18878e-10
7.41037e-11
1.65481e-11
3.554e-12
7.34729e-13
1.46341e-13
2.81091e-14
5.21201e-15
9.33985e-16
1.61933e-16
2.7198e-17
4.43104e-18
7.01228e-19
1.07952e-19
1.6193e-20
2.37081e-21
3.39349e-22
4.76924e-23
5.88289e-24
8.56182e-07
2.6019e-07
7.55093e-08
2.0956e-08
5.57006e-09
1.41993e-09
3.47482e-10
8.1683e-11
1.84561e-11
4.01159e-12
8.39486e-13
1.69273e-13
3.29172e-14
6.17909e-15
1.12075e-15
1.96638e-16
3.34122e-17
5.50515e-18
8.8075e-19
1.37022e-19
2.07615e-20
3.0691e-21
4.4338e-22
6.28654e-23
7.81734e-24
8.48584e-07
2.58237e-07
7.50201e-08
2.0837e-08
5.54377e-09
1.4151e-09
3.46908e-10
8.17341e-11
1.85205e-11
4.03887e-12
8.48282e-13
1.71723e-13
3.35348e-14
6.32337e-15
1.1525e-15
2.03248e-16
3.47231e-17
5.75388e-18
9.26043e-19
1.44964e-19
2.21059e-20
3.28953e-21
4.78489e-22
6.8324e-23
8.55603e-24
8.02406e-07
2.46051e-07
7.18641e-08
2.00379e-08
5.34774e-09
1.3686e-09
3.36221e-10
7.93536e-11
1.80077e-11
3.93223e-12
8.26879e-13
1.67579e-13
3.2761e-14
6.18389e-15
1.12815e-15
1.99143e-16
3.40539e-17
5.64845e-18
9.10001e-19
1.42608e-19
2.17724e-20
3.24406e-21
4.7255e-22
6.75822e-23
8.47829e-24
6.51872e-07
2.05125e-07
6.10173e-08
1.7239e-08
4.64686e-09
1.19862e-09
2.96363e-10
7.03313e-11
1.60372e-11
3.51695e-12
7.42403e-13
1.50984e-13
2.96098e-14
5.60514e-15
1.02528e-15
1.81418e-16
3.10897e-17
5.16664e-18
8.33757e-19
1.30846e-19
2.00002e-20
2.98292e-21
4.34849e-22
6.22268e-23
7.81462e-24
3.59919e-07
1.19655e-07
3.71696e-08
1.08557e-08
3.00323e-09
7.91054e-10
1.99011e-10
4.79252e-11
1.10661e-11
2.45322e-12
5.22721e-13
1.07165e-13
2.11615e-14
4.02933e-15
7.40658e-16
1.31603e-16
2.26314e-17
3.77205e-18
6.10159e-19
9.59465e-20
1.46874e-20
2.19316e-21
3.19978e-22
4.58158e-23
5.76535e-24
9.12842e-08
3.32903e-08
1.09586e-08
3.31409e-09
9.36702e-10
2.50109e-10
6.3485e-11
1.53833e-11
3.56933e-12
7.94839e-13
1.70172e-13
3.50783e-14
6.97002e-15
1.33639e-15
2.47451e-16
4.42961e-17
7.67294e-18
1.28791e-18
2.09665e-19
3.31688e-20
5.10292e-21
7.65618e-22
1.12128e-22
1.61145e-23
2.04112e-24
1.17784e-08
5.04648e-09
1.79449e-09
5.59528e-10
1.5925e-10
4.22469e-11
1.05653e-11
2.50882e-12
5.68462e-13
1.23333e-13
2.56832e-14
5.14295e-15
9.91702e-16
1.84371e-16
3.3114e-17
5.7516e-18
9.66998e-19
1.57569e-19
2.49072e-20
3.82606e-21
5.71591e-22
8.32681e-23
1.184e-23
1.65147e-24
2.06434e-25
7.55091e-10
5.14647e-10
1.94305e-10
6.06815e-11
1.68583e-11
4.30035e-12
1.02414e-12
2.30124e-13
4.91333e-14
1.00151e-14
1.9551e-15
3.66355e-16
6.59907e-17
1.14624e-17
1.92473e-18
3.12681e-19
4.91852e-20
7.49859e-21
1.10902e-21
1.59329e-22
2.2257e-23
3.02941e-24
4.02292e-25
5.23143e-26
6.40941e-27
4.21947e-11
3.45632e-11
1.52029e-11
4.45108e-12
1.14152e-12
2.65504e-13
5.71133e-14
1.15096e-14
2.19159e-15
3.96506e-16
6.84052e-17
1.12757e-17
1.78806e-18
2.74038e-19
4.06122e-20
5.82268e-21
8.08242e-22
1.0869e-22
1.41751e-23
1.79453e-24
2.20842e-25
2.64568e-26
3.09208e-27
3.52575e-28
4.76401e-29
1.84846e-12
1.66239e-12
7.90185e-13
2.0257e-13
4.47613e-14
8.82207e-15
1.58429e-15
2.62933e-16
4.07056e-17
5.90933e-18
8.11171e-19
1.07435e-19
1.37289e-20
1.69302e-21
2.01595e-22
2.31924e-23
2.58058e-24
2.77948e-25
2.90248e-26
2.94168e-27
2.90216e-28
2.57327e-29
4.05356e-30
6.2621e-31
1.64425e-31
5.99163e-14
5.18921e-14
2.11828e-14
4.27683e-15
7.20862e-16
1.04022e-16
1.31203e-17
1.46114e-18
1.46147e-19
1.40699e-20
1.30338e-21
1.16267e-22
1.00087e-23
7.76794e-25
1.06785e-25
1.42191e-26
1.83588e-27
2.30064e-28
2.8018e-29
3.31954e-30
3.83264e-31
4.54989e-32
2.70934e-33
3.04995e-34
2.04339e-34
8.78922e-16
6.06231e-16
1.45521e-16
1.78154e-17
1.65786e-18
1.08393e-19
4.63033e-21
1.89663e-22
1.43809e-23
1.07226e-24
7.9051e-26
5.7909e-27
4.22762e-28
3.03286e-29
2.52449e-30
2.51533e-31
2.85832e-32
3.45396e-33
4.23279e-34
5.14362e-35
6.14506e-36
7.44313e-37
1.52221e-37
9.15778e-39
9.65971e-38
)
;

boundaryField
{
    inlet
    {
        type            fixedValue;
        value           uniform 1;
    }
    outlet
    {
        type            inletOutlet;
        inletValue      uniform 0;
        value           nonuniform List<scalar> 
57
(
3.5952e-46
2.03183e-43
3.0643e-41
7.64046e-40
1.00723e-38
9.99424e-38
8.12736e-37
5.60135e-36
3.3327e-35
1.74084e-34
8.07731e-34
3.36635e-33
1.27066e-32
4.37933e-32
1.3877e-31
4.07849e-31
1.10246e-30
2.74891e-30
6.35943e-30
1.38043e-29
2.82002e-29
5.46023e-29
1.01203e-28
1.80845e-28
3.13458e-28
5.29792e-28
8.77079e-28
1.47947e-27
2.58834e-27
4.48839e-27
7.692e-27
1.30361e-26
2.18477e-26
3.62388e-26
5.95681e-26
9.72032e-26
1.57723e-25
2.54763e-25
4.09574e-25
6.61941e-25
1.06787e-24
1.71935e-24
2.71568e-24
4.10146e-24
5.88289e-24
7.81734e-24
8.55603e-24
8.47829e-24
7.81462e-24
5.76535e-24
2.04112e-24
2.06434e-25
6.40941e-27
4.76401e-29
1.64425e-31
2.04339e-34
9.65971e-38
)
;
    }
    upperWall
    {
        type            zeroGradient;
    }
    lowerWall
    {
        type            zeroGradient;
    }
    frontAndBack
    {
        type            empty;
    }
}


// ************************************************************************* //
