/*--------------------------------*- C++ -*----------------------------------*\
  =========                 |
  \\      /  F ield         | OpenFOAM: The Open Source CFD Toolbox
   \\    /   O peration     | Website:  https://openfoam.org
    \\  /    A nd           | Version:  7
     \\/     M anipulation  |
\*---------------------------------------------------------------------------*/
FoamFile
{
    version     2.0;
    format      ascii;
    class       volScalarField;
    location    "0.067";
    object      s_0;
}
// * * * * * * * * * * * * * * * * * * * * * * * * * * * * * * * * * * * * * //

dimensions      [0 0 0 0 0 0 0];

internalField   nonuniform List<scalar> 
12225
(
1
1
1
1
1
1
1
1
1
1
1
1
1
1
1
1
1
1
1
1
1
1
1
1
1
1
1
1
1
1
1
1
1
1
1
1
1
1
1
1
1
1
1
1
1
1
1
1
1
1
1
1
1
1
1
1
1
1
1
1
1
1
1
1
1
1
1
1
1
1
1
1
1
1
1
1
1
1
1
1
1
1
1
1
1
1
1
1
1
1
1
1
1
1
1
1
1
1
1
1
1
1
1
1
1
1
1
1
1
1
1
1
1
1
1
1
1
1
1
1
1
1
1
1
1
1
1
1
1
1
1
1
1
1
1
1
1
1
1
1
1
1
1
1
1
1
1
1
1
1
1
1
1
1
1
1
1
1
1
1
1
1
1
1
1
1
1
1
1
1
1
1
1
1
1
1
1
1
1
1
1
1
1
1
1
1
1
1
1
1
1
1
1
1
1
1
1
1
1
1
1
1
1
1
1
1
1
1
1
1
1
1
1
1
1
1
1
1
1
1
1
1
1
1
1
1
1
1
1
1
1
1
1
1
1
1
1
1
1
1
1
1
1
1
1
1
1
1
1
1
1
1
1
1
1
1
1
1
1
1
1
1
1
1
1
1
1
1
1
1
1
1
1
1
1
1
1
1
1
1
1
1
1
1
1
1
1
1
1
1
1
1
1
1
1
1
1
1
1
1
1
1
1
1
1
1
1
1
1
1
1
1
1
1
1
1
1
1
1
1
1
1
1
1
1
1
1
1
1
1
1
1
1
1
1
1
1
1
1
1
1
1
1
1
1
1
1
1
1
1
1
1
1
1
1
1
1
1
1
1
1
1
1
1
1
1
1
1
1
1
1
1
1
1
1
1
1
1
1
1
1
1
1
1
1
1
1
1
1
1
1
1
1
1
1
1
1
1
1
1
1
1
1
1
1
1
1
1
1
1
1
1
1
1
1
1
1
1
1
1
1
1
1
1
1
1
1
1
1
1
1
1
1
1
1
1
1
1
1
1
1
1
1
1
1
1
1
1
1
1
1
1
1
1
1
1
1
1
1
1
1
1
1
1
1
1
1
1
1
1
1
1
1
1
1
1
1
1
1
1
1
1
1
1
1
1
1
1
1
1
1
1
1
1
1
1
1
1
1
1
1
1
1
1
1
1
1
1
1
1
1
1
1
1
1
1
1
1
1
1
1
1
1
1
1
1
1
1
1
1
1
1
1
1
1
1
1
1
1
1
0.00473092
0.0144398
0.0231476
0.0332199
0.0469637
0.0641936
0.0881674
0.117059
0.147282
0.176009
0.202307
0.224669
0.248866
0.265794
0.275367
0.275083
0.272267
0.265052
0.254038
0.236269
0.217721
0.193387
0.16783
0.146487
0.129575
0.117677
0.111042
0.108774
0.10883
0.111719
0.116243
0.117226
0.114957
0.0908926
0.0259056
0.00452514
0.00480701
0.0067769
0.00883909
0.0117175
0.0137393
0.0157382
0.0201462
0.0233049
0.0247711
0.027583
0.0338136
0.0461748
0.0723073
0.094202
0.118584
0.254501
0.633194
0.788742
0.806929
0.809064
0.810414
0.811415
0.812538
0.813558
0.814023
0.814575
0.815003
0.81557
0.816342
0.817041
0.817928
0.818762
0.819963
0.820867
0.821796
0.822949
0.823876
0.824922
0.826293
0.82769
0.829033
0.830364
0.831541
0.832658
0.833659
0.83477
0.835902
0.837014
0.838043
0.83896
0.839819
0.840592
0.841267
0.841968
0.842582
0.843027
0.843334
0.843512
0.843577
0.843485
0.843129
0.842689
0.841933
0.840706
0.839131
0.837021
0.834338
0.830765
0.826152
0.820391
0.813079
0.804126
0.793233
0.780064
0.764612
0.746729
0.726096
0.702191
0.67432
0.641665
0.603206
0.558126
0.505878
0.446473
0.381359
0.31223
0.24252
0.177903
0.121186
0.0751837
0.044287
0.025147
0.013653
0.00704752
0.00344765
0.00159619
0.000699199
0.000290304
0.000114919
4.29258e-05
1.37705e-05
4.48959e-06
2.27921e-06
1.11966e-06
5.31577e-07
2.45817e-07
1.11071e-07
4.91048e-08
2.12725e-08
9.0452e-09
3.7818e-09
1.5576e-09
6.33117e-10
2.54435e-10
1.01275e-10
3.99949e-11
1.56955e-11
6.1299e-12
2.38585e-12
9.267e-13
3.59719e-13
1.3974e-13
5.4366e-14
2.11635e-14
8.21879e-15
3.17013e-15
1.20879e-15
4.53791e-16
1.67201e-16
6.03363e-17
2.12957e-17
7.34555e-18
2.47487e-18
8.14131e-19
2.61369e-19
8.18322e-20
2.49631e-20
7.40722e-21
2.13388e-21
5.94627e-22
1.59665e-22
3.99834e-23
1.01179e-23
-6.14182e-24
0.00381473
0.0118717
0.0181298
0.0238557
0.0330972
0.0521675
0.0950783
0.182527
0.29348
0.395095
0.486318
0.568601
0.618418
0.645789
0.662593
0.668489
0.667893
0.665262
0.659114
0.649241
0.637479
0.617979
0.597736
0.557484
0.509622
0.449776
0.384113
0.320531
0.262825
0.224163
0.200582
0.179537
0.166987
0.146356
0.097605
0.0566869
0.0327799
0.0204165
0.0145339
0.0125199
0.0130329
0.0157934
0.0243936
0.0416085
0.051113
0.058086
0.075415
0.0852857
0.112261
0.364554
0.660212
0.739042
0.795398
0.816155
0.82133
0.82496
0.827393
0.83001
0.832014
0.833713
0.835059
0.836246
0.837
0.837867
0.83872
0.839547
0.840433
0.841363
0.842429
0.84314
0.843697
0.844081
0.844603
0.845365
0.846244
0.847113
0.847753
0.848333
0.849093
0.849999
0.850776
0.851698
0.852815
0.85392
0.854879
0.855979
0.857057
0.858044
0.859067
0.860285
0.861552
0.86285
0.864196
0.865728
0.867269
0.869042
0.870893
0.873154
0.875733
0.878771
0.882464
0.886787
0.892049
0.898271
0.905688
0.914122
0.923472
0.933496
0.943839
0.953441
0.960717
0.966253
0.970761
0.974338
0.97714
0.979236
0.980666
0.981441
0.981536
0.979952
0.974168
0.963681
0.94877
0.924524
0.888003
0.835717
0.760638
0.664699
0.55288
0.437388
0.3307
0.240878
0.169895
0.116389
0.0775704
0.0503358
0.0318158
0.0195956
0.0117666
0.00689343
0.00394394
0.00220623
0.00120834
0.000648909
0.000342197
0.000177454
9.06064e-05
4.55986e-05
2.26359e-05
1.10894e-05
5.36258e-06
2.55958e-06
1.20556e-06
5.60162e-07
2.56728e-07
1.16097e-07
5.1862e-08
2.29292e-08
1.00464e-08
4.35652e-09
1.86205e-09
7.80438e-10
3.1938e-10
1.27266e-10
4.93142e-11
1.85758e-11
6.80321e-12
2.42393e-12
8.4049e-13
2.83833e-13
9.33358e-14
2.99082e-14
9.32476e-15
2.8319e-15
8.3394e-16
2.3894e-16
6.59192e-17
1.58506e-17
4.81542e-18
-1.44822e-17
0.00188526
0.00555747
0.00846433
0.0079024
0.00900827
0.025647
0.0784001
0.196478
0.384791
0.552017
0.666906
0.71393
0.732859
0.73881
0.738296
0.736503
0.731973
0.727799
0.721767
0.718374
0.713569
0.709814
0.70477
0.699534
0.690438
0.675442
0.653317
0.612388
0.57228
0.517508
0.464332
0.41998
0.369377
0.325577
0.277486
0.197156
0.131747
0.0867214
0.0601188
0.0482932
0.0452475
0.0463973
0.0521786
0.0682554
0.103058
0.119451
0.158317
0.448556
0.653048
0.751751
0.795418
0.813544
0.821834
0.824503
0.825542
0.826224
0.826454
0.825938
0.82378
0.820467
0.816795
0.814277
0.811357
0.81002
0.809016
0.808664
0.808631
0.809312
0.810712
0.811569
0.812862
0.814875
0.816353
0.818266
0.821078
0.823249
0.825258
0.827825
0.830094
0.832094
0.834263
0.83619
0.838036
0.839784
0.841434
0.843164
0.844831
0.846407
0.847888
0.849356
0.850918
0.852161
0.853346
0.854802
0.855627
0.856512
0.856866
0.857008
0.856946
0.856693
0.856757
0.85666
0.856813
0.857445
0.858448
0.860147
0.862954
0.867063
0.873294
0.882808
0.897125
0.914221
0.930969
0.944525
0.955606
0.965018
0.972957
0.979588
0.985177
0.989888
0.993327
0.995576
0.996828
0.99735
0.997459
0.997269
0.996283
0.993743
0.988135
0.975255
0.943896
0.867453
0.753827
0.62154
0.486336
0.363638
0.261987
0.18262
0.123548
0.0813305
0.0522094
0.0327504
0.0201169
0.0121259
0.0071881
0.00419937
0.00242265
0.0013827
0.000782079
0.000439235
0.000245556
0.000137053
7.64557e-05
4.24174e-05
2.32745e-05
1.25776e-05
6.67419e-06
3.47056e-06
1.76621e-06
8.79029e-07
4.27606e-07
2.03232e-07
9.43262e-08
4.27409e-08
1.88951e-08
8.14745e-09
3.42232e-09
1.39865e-09
5.57013e-10
2.1694e-10
8.25641e-11
3.07292e-11
1.11581e-11
3.96051e-12
1.36627e-12
4.60585e-13
1.49716e-13
4.75361e-14
1.45437e-14
3.54986e-15
0.000604909
0.00166008
0.00204388
0.00437244
0.0237271
0.090165
0.249311
0.499458
0.663301
0.727703
0.750846
0.752488
0.750014
0.742686
0.728864
0.712249
0.695258
0.680293
0.670019
0.663138
0.661077
0.662333
0.665887
0.673659
0.677206
0.676939
0.67535
0.670231
0.657263
0.640426
0.614993
0.592764
0.565877
0.532886
0.497791
0.447415
0.369907
0.280249
0.208571
0.161073
0.131607
0.130799
0.13704
0.15238
0.184163
0.429058
0.642113
0.742763
0.788702
0.810489
0.818819
0.82162
0.822507
0.822731
0.820747
0.817227
0.810727
0.803201
0.796811
0.792625
0.790551
0.78916
0.788715
0.788696
0.789796
0.792579
0.795202
0.797295
0.800031
0.803143
0.805815
0.808348
0.811156
0.814044
0.816782
0.819262
0.821744
0.824255
0.826621
0.828829
0.830896
0.832887
0.834733
0.836396
0.838076
0.839984
0.842083
0.844298
0.84649
0.848472
0.850897
0.852843
0.854693
0.857425
0.859074
0.861638
0.86405
0.866359
0.868366
0.869411
0.869535
0.867299
0.863453
0.860614
0.858534
0.857729
0.857879
0.858533
0.859437
0.860367
0.861551
0.864912
0.874255
0.891349
0.910864
0.927792
0.941853
0.953313
0.96282
0.971115
0.978846
0.985908
0.99165
0.99551
0.997686
0.998831
0.999393
0.99964
0.999729
0.999746
0.999702
0.999353
0.997893
0.993346
0.980169
0.940437
0.821392
0.652839
0.496062
0.361751
0.254599
0.173604
0.115152
0.0745987
0.0473749
0.0295934
0.0182388
0.0111212
0.00672567
0.00404255
0.00241705
0.00143407
0.000841626
0.000487341
0.000277769
0.000155504
8.53594e-05
4.58846e-05
2.41345e-05
1.24157e-05
6.24541e-06
3.0716e-06
1.47684e-06
6.94194e-07
3.18958e-07
1.43254e-07
6.28567e-08
2.69453e-08
1.12671e-08
4.59491e-09
1.82154e-09
7.06191e-10
2.67172e-10
9.88133e-11
3.5555e-11
1.25014e-11
4.25053e-12
1.4111e-12
4.50615e-13
1.31154e-13
0.000109314
0.000372043
0.0106945
0.0542119
0.17015
0.420036
0.639564
0.731385
0.763185
0.764812
0.758879
0.740383
0.709854
0.659193
0.612786
0.572841
0.54236
0.516879
0.503759
0.490591
0.489768
0.492565
0.499916
0.515058
0.541016
0.581178
0.615751
0.63835
0.64503
0.643656
0.639713
0.63615
0.629943
0.62116
0.605661
0.584621
0.549945
0.455497
0.386174
0.333889
0.265796
0.237938
0.237046
0.332418
0.589582
0.718212
0.777218
0.804018
0.814803
0.818665
0.819652
0.819834
0.816811
0.810633
0.804537
0.796296
0.78881
0.783118
0.780092
0.778627
0.77803
0.77789
0.778248
0.779883
0.78217
0.784191
0.786217
0.788555
0.790854
0.792845
0.795015
0.797503
0.799751
0.801689
0.803599
0.805455
0.807114
0.808794
0.810459
0.811812
0.813011
0.814291
0.815757
0.817449
0.819463
0.822518
0.826277
0.830339
0.834471
0.837558
0.841611
0.844874
0.848202
0.853202
0.856787
0.861432
0.865143
0.869034
0.872332
0.87613
0.880325
0.88467
0.88751
0.884291
0.875504
0.867865
0.863005
0.861479
0.861518
0.86159
0.860656
0.858332
0.857285
0.858328
0.867008
0.890206
0.917008
0.938284
0.952764
0.962728
0.97019
0.976317
0.981958
0.987505
0.992337
0.995776
0.997848
0.998973
0.999535
0.999793
0.999899
0.999934
0.999938
0.999921
0.999792
0.99921
0.997047
0.989898
0.966381
0.886146
0.701606
0.525072
0.379005
0.265482
0.181299
0.121208
0.0796479
0.0516174
0.0330749
0.0209821
0.0131697
0.00816788
0.00499626
0.00300762
0.00177779
0.00102988
0.00058385
0.000323588
0.000175236
9.27041e-05
4.79089e-05
2.41896e-05
1.19341e-05
5.75421e-06
2.71161e-06
1.24901e-06
5.62192e-07
2.47274e-07
1.0619e-07
4.45213e-08
1.81924e-08
7.23718e-09
2.80138e-09
1.05895e-09
3.89613e-10
1.39849e-10
4.86513e-11
1.64755e-11
5.39312e-12
1.63609e-12
0.00108307
0.0242859
0.101021
0.283874
0.591941
0.727371
0.773166
0.778487
0.77233
0.750019
0.695291
0.609336
0.537691
0.493971
0.465066
0.440651
0.416631
0.39631
0.379956
0.368755
0.361545
0.362442
0.366474
0.376527
0.389302
0.411157
0.447877
0.500334
0.569376
0.608828
0.627522
0.633578
0.640631
0.643088
0.641416
0.635862
0.620525
0.583011
0.523623
0.390149
0.291698
0.288719
0.451805
0.657321
0.750468
0.791816
0.808778
0.815221
0.817186
0.817688
0.815463
0.809487
0.802099
0.795917
0.787717
0.779673
0.775347
0.772943
0.771777
0.771334
0.771233
0.771342
0.772055
0.773062
0.773943
0.774923
0.775759
0.776548
0.777185
0.777871
0.778703
0.779437
0.78004
0.78073
0.781461
0.782021
0.782503
0.78324
0.784014
0.784785
0.785569
0.786529
0.788751
0.793243
0.799356
0.807812
0.816334
0.821753
0.825685
0.828556
0.830803
0.831921
0.836092
0.840621
0.848104
0.856567
0.864245
0.871123
0.877338
0.881702
0.884829
0.890158
0.897474
0.904354
0.90779
0.900579
0.884151
0.872101
0.867172
0.867446
0.869926
0.869768
0.863167
0.855126
0.852673
0.854224
0.864669
0.896354
0.931085
0.953245
0.96621
0.974041
0.979465
0.983829
0.987839
0.991605
0.994808
0.99711
0.998518
0.999289
0.999678
0.999862
0.999941
0.99997
0.999976
0.999973
0.999941
0.999777
0.999085
0.996442
0.987176
0.955267
0.843949
0.647855
0.478168
0.343473
0.241304
0.166431
0.112976
0.0755791
0.0498376
0.0323623
0.0206593
0.0129395
0.00793604
0.00475853
0.00278622
0.00159195
0.000887345
0.000482524
0.000256034
0.000132608
6.70603e-05
3.31223e-05
1.59814e-05
7.53396e-06
3.46985e-06
1.56125e-06
6.8594e-07
2.94213e-07
1.23052e-07
5.01739e-08
1.9882e-08
7.66968e-09
2.87966e-09
1.0531e-09
3.73689e-10
1.28788e-10
4.30237e-11
1.34226e-11
0.0273776
0.100733
0.323779
0.648976
0.762756
0.790611
0.788286
0.770491
0.715644
0.615389
0.520527
0.47901
0.456702
0.436044
0.415145
0.388769
0.359601
0.332053
0.310387
0.29275
0.290436
0.293929
0.302491
0.317163
0.331954
0.343207
0.360236
0.388433
0.423639
0.498922
0.57765
0.615981
0.636402
0.6475
0.651686
0.651159
0.645092
0.619782
0.529385
0.367288
0.331273
0.483057
0.685408
0.765484
0.798014
0.810558
0.814615
0.815495
0.815384
0.811288
0.803855
0.798377
0.791353
0.784924
0.776374
0.770904
0.768645
0.767601
0.767107
0.766872
0.766742
0.766696
0.766426
0.765983
0.765461
0.764424
0.763595
0.762573
0.761691
0.761211
0.760792
0.760416
0.759921
0.759082
0.758313
0.757563
0.757197
0.756938
0.75662
0.756617
0.75748
0.759763
0.764004
0.772534
0.783091
0.794638
0.80518
0.810014
0.811069
0.809472
0.802283
0.795068
0.793091
0.795392
0.805819
0.823252
0.843079
0.862384
0.877704
0.889672
0.898402
0.903064
0.905649
0.911506
0.920411
0.927566
0.92759
0.912223
0.888305
0.875914
0.874341
0.879089
0.883089
0.879689
0.864203
0.854857
0.854102
0.859779
0.883126
0.924772
0.954391
0.970511
0.978936
0.983745
0.987143
0.990155
0.992874
0.995219
0.997083
0.998385
0.999176
0.999607
0.999823
0.999925
0.999969
0.999985
0.999989
0.999987
0.999968
0.999874
0.999465
0.997866
0.992054
0.972031
0.902188
0.723293
0.546374
0.402575
0.29036
0.205416
0.142626
0.0971368
0.0648049
0.0422813
0.0269345
0.0167313
0.0101261
0.00596862
0.00342632
0.00191612
0.00104434
0.000555021
0.000287755
0.000145604
7.19274e-05
3.46973e-05
1.63455e-05
7.51989e-06
3.37756e-06
1.48071e-06
6.33091e-07
2.63852e-07
1.07048e-07
4.22024e-08
1.61748e-08
6.03134e-09
2.18339e-09
7.66731e-10
2.61345e-10
8.36657e-11
0.109178
0.254849
0.633372
0.773439
0.798658
0.794705
0.76421
0.673363
0.542663
0.488114
0.46331
0.450016
0.433554
0.41027
0.370653
0.30255
0.241787
0.193954
0.162819
0.145973
0.14804
0.159348
0.187869
0.235697
0.28188
0.306851
0.329531
0.35214
0.369901
0.405223
0.481511
0.576783
0.625115
0.646533
0.654365
0.654576
0.647522
0.613787
0.465687
0.369261
0.488135
0.690822
0.772573
0.801366
0.810975
0.813847
0.81447
0.813805
0.809953
0.803214
0.798475
0.792293
0.785292
0.777558
0.770504
0.767192
0.765525
0.764333
0.763512
0.762711
0.761956
0.76042
0.758192
0.755555
0.752211
0.748352
0.744578
0.74108
0.738181
0.736004
0.734344
0.732766
0.730955
0.728705
0.726486
0.724405
0.723108
0.722106
0.721423
0.721245
0.721652
0.724348
0.729159
0.737361
0.748475
0.762058
0.773908
0.777304
0.775642
0.767567
0.753481
0.7472
0.746078
0.747323
0.75289
0.762955
0.777756
0.801001
0.834326
0.87196
0.898568
0.914716
0.925671
0.930611
0.931742
0.936939
0.944956
0.947175
0.941214
0.915508
0.892287
0.886289
0.890614
0.898422
0.898319
0.885411
0.868385
0.863905
0.867434
0.887267
0.926449
0.958037
0.97566
0.984406
0.988682
0.991014
0.992896
0.99472
0.996338
0.997637
0.998596
0.999234
0.999614
0.999818
0.999919
0.999966
0.999986
0.999993
0.999994
0.999992
0.999974
0.99989
0.999544
0.998233
0.993566
0.977757
0.923721
0.767498
0.591057
0.443945
0.325457
0.232926
0.162635
0.110661
0.0732912
0.0472061
0.0295542
0.0179838
0.0106392
0.0061225
0.00342945
0.00187108
0.000994953
0.000515939
0.000261013
0.000128865
6.20994e-05
2.92113e-05
1.34109e-05
6.00773e-06
2.62466e-06
1.11762e-06
4.63384e-07
1.86888e-07
7.31657e-08
2.78441e-08
1.02881e-08
3.6856e-09
1.28235e-09
4.2101e-10
0.149547
0.48404
0.756142
0.803602
0.800214
0.766069
0.650354
0.528499
0.482659
0.463847
0.454288
0.440736
0.412411
0.344428
0.24015
0.174029
0.136337
0.113439
0.0998812
0.0898805
0.0888976
0.0905993
0.101513
0.139168
0.206867
0.252655
0.278495
0.303386
0.336925
0.365108
0.409413
0.506295
0.595146
0.640107
0.654131
0.654223
0.642069
0.54779
0.413767
0.470825
0.684489
0.773862
0.804094
0.812325
0.813735
0.813099
0.811823
0.808092
0.801557
0.795545
0.790476
0.783991
0.77532
0.76805
0.764358
0.762781
0.761982
0.761234
0.760103
0.757938
0.755241
0.750726
0.744509
0.736632
0.727081
0.716262
0.704888
0.695737
0.686924
0.680325
0.672713
0.666564
0.660034
0.654971
0.652169
0.651037
0.652545
0.654571
0.656846
0.660445
0.664032
0.668439
0.673573
0.680734
0.689412
0.701374
0.715058
0.727129
0.73494
0.738932
0.740047
0.739642
0.740936
0.74462
0.749881
0.755917
0.762719
0.771693
0.785427
0.80846
0.850044
0.895182
0.925986
0.942479
0.953245
0.956659
0.956406
0.960029
0.962535
0.960291
0.945378
0.917365
0.905477
0.906976
0.916097
0.918824
0.913123
0.895114
0.887213
0.888298
0.903747
0.936296
0.963729
0.980586
0.989023
0.992927
0.994679
0.995655
0.996592
0.997537
0.998357
0.998984
0.999417
0.99969
0.999846
0.999929
0.999969
0.999987
0.999995
0.999997
0.999996
0.999992
0.999971
0.999879
0.999525
0.998265
0.993959
0.979651
0.931253
0.786388
0.611262
0.461218
0.337811
0.240116
0.165557
0.110685
0.0717499
0.0451097
0.0275228
0.0163093
0.0093945
0.00526487
0.00287287
0.00152739
0.000791629
0.000400135
0.000197296
9.49102e-05
4.45426e-05
2.03908e-05
9.10156e-06
3.95906e-06
1.67695e-06
6.9107e-07
2.76656e-07
1.07502e-07
4.05592e-08
1.48346e-08
5.27116e-09
1.7741e-09
0.184822
0.63132
0.796579
0.806823
0.778521
0.671992
0.54107
0.49149
0.471434
0.461063
0.453003
0.424066
0.352698
0.253059
0.181792
0.144458
0.119282
0.103578
0.0938164
0.0875985
0.0874088
0.0841304
0.0965539
0.15344
0.214529
0.252337
0.270956
0.282254
0.300398
0.33325
0.403939
0.509864
0.59822
0.641735
0.653349
0.649317
0.589561
0.456371
0.458992
0.669465
0.771272
0.805688
0.814445
0.815385
0.812767
0.808584
0.801196
0.792955
0.785229
0.777391
0.772367
0.767802
0.764669
0.761967
0.760288
0.759333
0.758645
0.757471
0.754735
0.750905
0.743102
0.731368
0.713981
0.686821
0.665323
0.645323
0.631275
0.618809
0.607581
0.597011
0.586472
0.58103
0.576977
0.575116
0.574397
0.575674
0.580248
0.584893
0.592219
0.60129
0.611624
0.623686
0.636686
0.650444
0.664243
0.678048
0.69282
0.709034
0.724738
0.73549
0.743305
0.75331
0.767186
0.786029
0.803268
0.810487
0.808815
0.800945
0.79384
0.798063
0.818512
0.852231
0.893582
0.930473
0.954241
0.967372
0.974566
0.975031
0.974109
0.974789
0.974052
0.967975
0.947293
0.930584
0.928481
0.934762
0.94074
0.940748
0.932641
0.922029
0.920145
0.927394
0.950705
0.971397
0.985148
0.992387
0.995759
0.99722
0.997816
0.998183
0.998587
0.999005
0.999361
0.999622
0.999792
0.999893
0.999948
0.999977
0.99999
0.999996
0.999998
0.999998
0.999997
0.99999
0.99996
0.999846
0.999438
0.998057
0.993453
0.978062
0.925198
0.772873
0.595734
0.443445
0.318898
0.221621
0.148917
0.0968233
0.0609728
0.0372299
0.0220665
0.0127094
0.00711997
0.00388271
0.0020624
0.00106759
0.000538749
0.000265096
0.000127198
5.95085e-05
2.7138e-05
1.2058e-05
5.21682e-06
2.19583e-06
8.98408e-07
3.56666e-07
1.37455e-07
5.13505e-08
1.86384e-08
6.42805e-09
0.236683
0.721482
0.807677
0.797664
0.721529
0.584153
0.513299
0.484609
0.471347
0.46696
0.453648
0.409793
0.327008
0.232647
0.178023
0.15194
0.137093
0.131556
0.130347
0.135335
0.150096
0.158331
0.176993
0.205108
0.227275
0.241202
0.254929
0.273977
0.301629
0.343123
0.426738
0.53703
0.616501
0.643282
0.646003
0.598745
0.493108
0.473961
0.638948
0.765761
0.806135
0.816551
0.818054
0.814375
0.807632
0.793294
0.777943
0.767396
0.760052
0.752251
0.748378
0.746282
0.745602
0.747739
0.750286
0.750784
0.750708
0.749883
0.746493
0.73488
0.711808
0.680696
0.647384
0.624811
0.606579
0.593993
0.580151
0.567144
0.558377
0.549836
0.545273
0.54267
0.540846
0.539403
0.538844
0.541816
0.545289
0.551149
0.560653
0.571961
0.585414
0.601046
0.618619
0.637504
0.656757
0.675623
0.694539
0.714588
0.734675
0.755336
0.779534
0.810261
0.846161
0.878607
0.902297
0.917464
0.924783
0.922445
0.900586
0.866866
0.845016
0.851538
0.88178
0.914744
0.942762
0.963982
0.977273
0.984778
0.986924
0.985752
0.984854
0.984451
0.982356
0.973761
0.95838
0.95175
0.953546
0.960607
0.963882
0.963625
0.958039
0.952933
0.953772
0.964619
0.979365
0.989188
0.994734
0.997418
0.998609
0.999071
0.999206
0.999313
0.999474
0.999645
0.999784
0.999879
0.999936
0.999969
0.999985
0.999994
0.999997
0.999999
0.999999
0.999999
0.999996
0.999984
0.999938
0.999774
0.999212
0.997318
0.990894
0.968627
0.891258
0.710839
0.535047
0.387359
0.27022
0.181899
0.11833
0.0745004
0.0454616
0.0269225
0.0154903
0.00866728
0.00471962
0.00250257
0.00129273
0.000650728
0.000319245
0.000152642
7.11169e-05
3.22742e-05
1.42595e-05
6.12902e-06
2.56101e-06
1.03901e-06
4.08973e-07
1.5606e-07
5.7862e-08
2.04386e-08
0.288939
0.760648
0.808623
0.771558
0.665385
0.557437
0.507414
0.487958
0.484187
0.479147
0.457109
0.410208
0.329324
0.27414
0.251219
0.231994
0.207791
0.195874
0.190125
0.18799
0.190381
0.19697
0.208205
0.218881
0.231513
0.245435
0.262684
0.289387
0.330027
0.398661
0.520932
0.595577
0.621522
0.632112
0.586141
0.521482
0.500581
0.60742
0.756992
0.805132
0.818504
0.821175
0.817231
0.809207
0.79186
0.771835
0.757859
0.743838
0.730614
0.724365
0.721713
0.720907
0.722226
0.729409
0.739918
0.742747
0.742733
0.740335
0.73133
0.705341
0.673159
0.640263
0.615689
0.600971
0.584297
0.56676
0.548348
0.536431
0.526599
0.521028
0.513795
0.505948
0.496951
0.488308
0.483111
0.480374
0.481274
0.488354
0.501146
0.516695
0.53496
0.555213
0.578715
0.606459
0.637914
0.670885
0.703001
0.737293
0.772577
0.804906
0.834527
0.861315
0.885419
0.907082
0.926165
0.94252
0.956173
0.966008
0.970193
0.967479
0.95322
0.930224
0.917984
0.921836
0.941707
0.960573
0.97519
0.985161
0.990989
0.993148
0.993067
0.99233
0.992012
0.991331
0.988992
0.981166
0.973205
0.97178
0.975254
0.980057
0.981463
0.980741
0.976977
0.975364
0.977717
0.986159
0.992703
0.996466
0.998368
0.999232
0.999594
0.999723
0.999769
0.999809
0.999858
0.999906
0.999944
0.999969
0.999984
0.999992
0.999997
0.999999
0.999999
0.999999
0.999999
0.999998
0.999992
0.999969
0.999884
0.99959
0.99857
0.995019
0.982489
0.938515
0.797071
0.602659
0.437302
0.305204
0.205299
0.133368
0.0838275
0.0510609
0.0301813
0.0173303
0.0096754
0.00525562
0.00277906
0.00143105
0.000717789
0.000350713
0.000166911
7.73506e-05
3.48911e-05
1.53092e-05
6.52993e-06
2.70508e-06
1.08743e-06
4.23775e-07
1.6046e-07
5.80118e-08
0.350053
0.775001
0.801063
0.748615
0.642223
0.550936
0.514864
0.501857
0.495951
0.494198
0.492588
0.477004
0.440151
0.377145
0.334769
0.3134
0.289769
0.271804
0.262413
0.252818
0.248135
0.246494
0.250402
0.259489
0.27242
0.29921
0.332572
0.390828
0.465123
0.539413
0.579791
0.59718
0.604259
0.568227
0.537155
0.52826
0.596201
0.746725
0.803113
0.820121
0.824068
0.820846
0.812525
0.791821
0.766585
0.752799
0.734921
0.719997
0.708034
0.701621
0.697955
0.696863
0.698283
0.708099
0.721289
0.725206
0.725497
0.718739
0.697144
0.667014
0.635616
0.609073
0.589356
0.567235
0.544741
0.520693
0.507102
0.497874
0.487408
0.474917
0.452738
0.427651
0.39917
0.373945
0.356953
0.349238
0.351488
0.367545
0.390441
0.418241
0.447233
0.47526
0.502472
0.529193
0.56445
0.614509
0.673548
0.727772
0.775116
0.812953
0.842057
0.865361
0.885804
0.90487
0.923056
0.940443
0.956173
0.968941
0.978091
0.984033
0.986866
0.986735
0.983492
0.977684
0.971587
0.970919
0.976473
0.984905
0.991366
0.995145
0.996624
0.996868
0.996782
0.996611
0.996361
0.995693
0.993272
0.988466
0.986169
0.986719
0.989829
0.991332
0.991346
0.990099
0.988423
0.988548
0.991459
0.995531
0.997827
0.999008
0.999562
0.999798
0.999892
0.999928
0.999946
0.999959
0.999971
0.999981
0.999989
0.999994
0.999997
0.999999
0.999999
1
1
1
0.999999
0.999995
0.99998
0.999927
0.999733
0.999039
0.996547
0.987569
0.955593
0.843622
0.642366
0.465767
0.324338
0.217562
0.140916
0.0883089
0.0536307
0.0316042
0.0180898
0.0100653
0.00544737
0.00286895
0.00147089
0.000734209
0.000356818
0.000168798
7.77037e-05
3.47875e-05
1.51385e-05
6.39838e-06
2.6253e-06
1.04424e-06
4.03558e-07
1.49197e-07
0.381731
0.780194
0.796453
0.738422
0.63396
0.559722
0.532662
0.518589
0.511914
0.508615
0.507518
0.507764
0.505211
0.494677
0.480097
0.467691
0.45691
0.443583
0.435268
0.428045
0.4244
0.423202
0.42498
0.435027
0.45199
0.467953
0.497272
0.521494
0.545384
0.565145
0.572785
0.571609
0.555456
0.547122
0.549351
0.60649
0.741631
0.801413
0.821494
0.826324
0.824643
0.817847
0.797805
0.769371
0.750907
0.733999
0.713915
0.696046
0.686406
0.68275
0.681329
0.680641
0.681329
0.688407
0.701689
0.707329
0.705079
0.692428
0.66874
0.639671
0.617414
0.594722
0.570658
0.540254
0.515976
0.489277
0.472927
0.452409
0.42185
0.380085
0.33197
0.286074
0.248332
0.225754
0.215317
0.212078
0.21898
0.234824
0.263911
0.311024
0.364474
0.412955
0.457308
0.491368
0.515536
0.536912
0.569934
0.631638
0.70865
0.772303
0.812239
0.837451
0.855413
0.87242
0.891786
0.913899
0.936967
0.957889
0.97381
0.98395
0.989851
0.993355
0.995294
0.995911
0.995646
0.994349
0.992112
0.990863
0.992313
0.995755
0.997734
0.998522
0.998768
0.998799
0.998772
0.998687
0.998458
0.997669
0.995935
0.994862
0.994759
0.995623
0.996431
0.996467
0.996044
0.995172
0.995007
0.995661
0.997599
0.998849
0.999478
0.999773
0.999902
0.999954
0.999975
0.999983
0.999988
0.999991
0.999994
0.999996
0.999998
0.999999
0.999999
1
1
1
1
0.999999
0.999996
0.999985
0.999944
0.99979
0.999219
0.997104
0.989329
0.961173
0.860566
0.656256
0.474196
0.32877
0.219562
0.141601
0.088365
0.0534394
0.031356
0.0178671
0.00989425
0.00532786
0.00279095
0.00142263
0.00070568
0.000340602
0.000159918
7.30049e-05
3.239e-05
1.39562e-05
5.83823e-06
2.36834e-06
9.33387e-07
3.52481e-07
0.405512
0.782996
0.794617
0.735054
0.641714
0.580411
0.552263
0.541607
0.538638
0.538271
0.538753
0.540147
0.542141
0.544919
0.546629
0.547107
0.545234
0.543615
0.537844
0.532962
0.528395
0.524479
0.522944
0.523069
0.526857
0.530747
0.536595
0.541355
0.550343
0.553935
0.554599
0.554871
0.556544
0.570641
0.636169
0.746949
0.801279
0.822178
0.827828
0.828517
0.823008
0.808337
0.784456
0.763806
0.747787
0.727932
0.707586
0.688224
0.673764
0.667965
0.665933
0.666414
0.66739
0.670941
0.679163
0.68299
0.680423
0.670048
0.650568
0.629354
0.607032
0.581866
0.553437
0.516258
0.482065
0.450249
0.42458
0.386821
0.339441
0.284136
0.235102
0.198851
0.177233
0.166721
0.162851
0.16473
0.172094
0.184557
0.20235
0.23514
0.289995
0.359531
0.423866
0.474769
0.508615
0.526272
0.539671
0.554639
0.583588
0.642068
0.705316
0.74796
0.774274
0.795557
0.820369
0.850709
0.885905
0.921863
0.952496
0.973915
0.98652
0.993012
0.996221
0.997914
0.998737
0.998944
0.998824
0.998307
0.997676
0.997518
0.998258
0.999111
0.99946
0.999591
0.999614
0.999607
0.999575
0.999476
0.999129
0.998653
0.998444
0.998447
0.998643
0.998772
0.998751
0.998546
0.998235
0.998155
0.998278
0.998904
0.999475
0.999763
0.999898
0.999957
0.999982
0.999991
0.999995
0.999997
0.999998
0.999999
0.999999
0.999999
1
1
1
1
1
1
0.999999
0.999997
0.999987
0.99995
0.999807
0.999259
0.997172
0.989357
0.960653
0.857074
0.649569
0.466502
0.321533
0.21352
0.136954
0.0850028
0.0511238
0.029827
0.0168953
0.00929819
0.0049744
0.00258792
0.00130951
0.00064446
0.000308412
0.000143462
6.48395e-05
2.84558e-05
1.21234e-05
5.0096e-06
2.01131e-06
7.74837e-07
0.415023
0.784469
0.795019
0.746585
0.677791
0.614418
0.579373
0.566895
0.563239
0.562819
0.56549
0.573253
0.583602
0.594932
0.605935
0.612484
0.615116
0.615332
0.607391
0.599226
0.587035
0.575107
0.565547
0.558286
0.552815
0.549113
0.547652
0.54989
0.554926
0.558446
0.565645
0.578741
0.609648
0.683775
0.76364
0.805539
0.824174
0.830581
0.832062
0.828135
0.81816
0.800678
0.781022
0.764693
0.749329
0.729006
0.708794
0.689265
0.672812
0.664138
0.658336
0.655561
0.656013
0.657715
0.661581
0.662299
0.658766
0.649428
0.633451
0.614356
0.597581
0.572125
0.534734
0.491752
0.452536
0.415311
0.382287
0.333128
0.27869
0.2266
0.18771
0.163808
0.151446
0.146532
0.146113
0.148319
0.154993
0.168931
0.185278
0.209189
0.254006
0.322358
0.397463
0.463604
0.506995
0.531663
0.543518
0.550298
0.558049
0.569665
0.590432
0.614257
0.640286
0.670148
0.701075
0.73682
0.784856
0.842802
0.900029
0.94422
0.972308
0.987485
0.994661
0.997744
0.999008
0.999528
0.999701
0.999702
0.999597
0.99947
0.999434
0.999517
0.99974
0.999847
0.999885
0.99989
0.999886
0.999871
0.999819
0.999697
0.999615
0.999592
0.999606
0.999644
0.999646
0.999624
0.999536
0.999473
0.999464
0.999499
0.999665
0.999829
0.999919
0.999964
0.999985
0.999994
0.999997
0.999999
0.999999
1
1
1
1
1
1
1
1
1
1
0.999999
0.999997
0.999988
0.99995
0.999801
0.999213
0.996923
0.988216
0.955904
0.839342
0.62902
0.448263
0.306832
0.202411
0.128977
0.0795189
0.0474964
0.0275126
0.0154686
0.00844722
0.00448263
0.00231225
0.00115941
0.000565056
0.000267574
0.000123069
5.49505e-05
2.38138e-05
1.0009e-05
4.08732e-06
1.60404e-06
0.405362
0.785805
0.803031
0.774237
0.719821
0.659148
0.626602
0.616786
0.61492
0.621082
0.643928
0.677618
0.718354
0.760239
0.789263
0.80423
0.811681
0.814117
0.805975
0.789997
0.759447
0.724215
0.687601
0.661931
0.641671
0.626075
0.615068
0.609829
0.61036
0.619515
0.643029
0.683784
0.740997
0.78249
0.813156
0.827913
0.834124
0.835851
0.834258
0.828267
0.817391
0.800018
0.781818
0.769201
0.755005
0.734457
0.715156
0.696138
0.676197
0.665263
0.658055
0.652854
0.648911
0.648437
0.648864
0.648298
0.644625
0.636015
0.625038
0.608445
0.592435
0.571
0.53531
0.488963
0.44178
0.39519
0.353526
0.305657
0.255879
0.211116
0.177885
0.15707
0.146253
0.142955
0.143174
0.145049
0.150409
0.164532
0.183612
0.204817
0.244717
0.312644
0.392048
0.461657
0.51593
0.547595
0.560417
0.564889
0.565562
0.566294
0.570421
0.575635
0.581967
0.591741
0.60255
0.615625
0.640392
0.698221
0.794748
0.88095
0.939
0.972276
0.988695
0.995805
0.998546
0.999497
0.999803
0.999898
0.999912
0.999895
0.999878
0.999879
0.999904
0.999941
0.999961
0.999967
0.999968
0.999966
0.999958
0.999932
0.999907
0.999897
0.999897
0.999904
0.999907
0.999905
0.999892
0.999875
0.999871
0.999875
0.999902
0.999942
0.999968
0.999983
0.999992
0.999996
0.999998
0.999999
1
1
1
1
1
1
1
1
1
1
1
1
0.999999
0.999997
0.999987
0.999944
0.99977
0.999071
0.996314
0.985746
0.946366
0.808619
0.597824
0.422396
0.286896
0.187825
0.118763
0.0726403
0.0430308
0.0247135
0.0137724
0.00745214
0.00391675
0.00199988
0.000991954
0.000477818
0.000223454
0.000101405
4.46504e-05
1.90638e-05
7.9061e-06
3.15436e-06
0.378227
0.781789
0.808661
0.800717
0.776733
0.734075
0.716246
0.713206
0.727557
0.776657
0.831137
0.869301
0.88965
0.898316
0.901366
0.902274
0.903907
0.907884
0.913233
0.917263
0.921886
0.916203
0.892028
0.841842
0.797445
0.775675
0.760101
0.751103
0.745464
0.747159
0.762888
0.77451
0.805954
0.820968
0.832105
0.83732
0.839137
0.83917
0.835375
0.828947
0.817663
0.800347
0.783782
0.773067
0.758372
0.738146
0.720416
0.703879
0.685175
0.670819
0.660178
0.653444
0.648257
0.643741
0.640312
0.636964
0.633008
0.626233
0.616982
0.606062
0.592691
0.573453
0.540316
0.494798
0.446909
0.398886
0.355986
0.309765
0.262197
0.219089
0.186345
0.164905
0.152176
0.148864
0.149549
0.152364
0.158656
0.17342
0.20493
0.229353
0.265408
0.335295
0.423643
0.49653
0.538111
0.557292
0.565737
0.570038
0.572605
0.575089
0.575597
0.575713
0.577226
0.580912
0.584304
0.588014
0.59524
0.611943
0.661808
0.78464
0.884498
0.945179
0.97682
0.991195
0.996979
0.999054
0.999718
0.999907
0.999957
0.999967
0.999966
0.999964
0.999966
0.999976
0.999984
0.999988
0.999989
0.999988
0.999987
0.999981
0.999972
0.999967
0.999967
0.999968
0.999971
0.999971
0.999969
0.999965
0.999963
0.999964
0.99997
0.999981
0.999989
0.999994
0.999997
0.999998
0.999999
1
1
1
1
1
1
1
1
1
1
1
1
1
1
0.999999
0.999996
0.999983
0.999929
0.999703
0.998783
0.995147
0.981205
0.92936
0.763527
0.55736
0.39036
0.262891
0.170635
0.106942
0.0648138
0.0380343
0.0216336
0.0119366
0.00639237
0.00332335
0.00167735
0.000821669
0.000390552
0.000180046
8.04961e-05
3.48846e-05
1.46784e-05
5.94691e-06
0.315792
0.765246
0.811847
0.815383
0.818356
0.81235
0.804099
0.807437
0.839501
0.881541
0.901187
0.909167
0.911035
0.909697
0.900996
0.891576
0.887941
0.887302
0.897564
0.91377
0.938341
0.954058
0.960445
0.953715
0.909318
0.847271
0.819064
0.809665
0.811651
0.811605
0.814256
0.820708
0.831418
0.837612
0.841269
0.842736
0.843002
0.840823
0.836622
0.829134
0.816054
0.798484
0.783623
0.773371
0.757887
0.737294
0.720386
0.705346
0.689128
0.675899
0.664971
0.656295
0.649095
0.643716
0.637893
0.631524
0.625652
0.619295
0.610867
0.601581
0.593093
0.579326
0.551157
0.508271
0.460946
0.412124
0.367791
0.324061
0.281397
0.24104
0.208982
0.186903
0.170954
0.167724
0.169303
0.174372
0.184868
0.210251
0.245032
0.273481
0.324622
0.405464
0.484086
0.534752
0.559485
0.570062
0.573816
0.574064
0.574596
0.576998
0.583147
0.588245
0.58917
0.588263
0.587309
0.587763
0.591248
0.600623
0.623573
0.695283
0.823871
0.911881
0.960906
0.984376
0.994327
0.99813
0.99944
0.999844
0.999954
0.99998
0.999986
0.999987
0.999987
0.999989
0.999993
0.999995
0.999995
0.999995
0.999995
0.999994
0.99999
0.999988
0.999987
0.999987
0.999989
0.999989
0.999989
0.999988
0.999987
0.999987
0.999988
0.999992
0.999996
0.999998
0.999999
0.999999
1
1
1
1
1
1
1
1
1
1
1
1
1
1
1
1
0.999999
0.999995
0.999977
0.999901
0.999585
0.998297
0.993228
0.973915
0.902528
0.709365
0.51293
0.355822
0.237301
0.152494
0.0946001
0.0567406
0.0329479
0.018541
0.0101184
0.0053567
0.00275116
0.00137045
0.000661953
0.000309907
0.00014062
6.18161e-05
2.63681e-05
1.08366e-05
0.222546
0.725866
0.812231
0.818841
0.826828
0.845607
0.854151
0.858779
0.884098
0.902756
0.907739
0.908024
0.900077
0.871336
0.849789
0.844388
0.843814
0.844504
0.844629
0.845665
0.865198
0.917229
0.963075
0.978426
0.982846
0.957364
0.875414
0.828496
0.82089
0.831631
0.834604
0.840352
0.843173
0.845811
0.846959
0.847251
0.846405
0.843257
0.838344
0.830075
0.813347
0.792114
0.779289
0.769471
0.751976
0.731009
0.714602
0.702382
0.688861
0.676816
0.666798
0.658655
0.651582
0.644577
0.638149
0.631153
0.623845
0.617097
0.609295
0.600612
0.592791
0.583995
0.566655
0.534239
0.489203
0.437952
0.392048
0.349905
0.311393
0.275255
0.249161
0.230727
0.212075
0.207794
0.21005
0.217202
0.231827
0.26528
0.301681
0.330471
0.385738
0.466706
0.526788
0.55663
0.569215
0.574257
0.577313
0.579663
0.580233
0.580756
0.585179
0.601052
0.6126
0.615064
0.613118
0.607543
0.605542
0.607529
0.62073
0.666685
0.778285
0.880896
0.944676
0.977136
0.991337
0.996974
0.99903
0.999717
0.999923
0.999978
0.999991
0.999994
0.999994
0.999995
0.999996
0.999997
0.999998
0.999998
0.999998
0.999997
0.999996
0.999995
0.999994
0.999994
0.999995
0.999995
0.999995
0.999995
0.999995
0.999995
0.999995
0.999996
0.999998
0.999999
0.999999
1
1
1
1
1
1
1
1
1
1
1
1
1
1
1
1
1
1
0.999998
0.999992
0.999967
0.999856
0.999393
0.997526
0.990245
0.962785
0.862046
0.652998
0.467585
0.320743
0.211505
0.134378
0.0824178
0.0488767
0.028062
0.0156113
0.00841867
0.00440111
0.00222993
0.00109471
0.000520493
0.000239665
0.000106841
4.61791e-05
1.92389e-05
0.125566
0.631594
0.806607
0.817829
0.82357
0.842943
0.863982
0.877561
0.894127
0.906247
0.908298
0.904651
0.880574
0.847443
0.83764
0.836329
0.840863
0.844066
0.843825
0.836061
0.834271
0.850278
0.910464
0.971793
0.990307
0.994728
0.984135
0.9018
0.820737
0.824035
0.836128
0.843745
0.846913
0.849145
0.850023
0.850087
0.849311
0.846698
0.841512
0.832534
0.814458
0.792125
0.776784
0.764977
0.749081
0.729712
0.711892
0.697247
0.685667
0.675519
0.666704
0.65911
0.65276
0.64677
0.639388
0.631866
0.62418
0.617258
0.609609
0.601065
0.593078
0.585358
0.575321
0.555847
0.524474
0.48584
0.440273
0.398719
0.362185
0.322618
0.298181
0.278866
0.264242
0.264706
0.269673
0.281353
0.305309
0.33816
0.366187
0.409326
0.483167
0.539938
0.565163
0.574769
0.577802
0.578362
0.579014
0.58251
0.58694
0.589163
0.593339
0.609912
0.638899
0.653492
0.655922
0.652067
0.644475
0.64315
0.646265
0.669445
0.759389
0.865498
0.933514
0.970818
0.98857
0.995905
0.998632
0.999576
0.999879
0.999968
0.999991
0.999996
0.999997
0.999997
0.999998
0.999999
0.999999
0.999999
0.999999
0.999999
0.999999
0.999998
0.999997
0.999997
0.999997
0.999998
0.999998
0.999998
0.999998
0.999998
0.999998
0.999998
0.999999
0.999999
1
1
1
1
1
1
1
1
1
1
1
1
1
1
1
1
1
1
1
0.999999
0.999997
0.999989
0.999949
0.999782
0.999089
0.996326
0.985689
0.945988
0.807507
0.597475
0.421873
0.285668
0.185987
0.1167
0.0707121
0.0414404
0.0235131
0.012923
0.00688042
0.00354766
0.00177087
0.000855376
0.000399768
0.000180734
7.91456e-05
3.34166e-05
0.0583158
0.403802
0.780091
0.815262
0.82006
0.829987
0.858148
0.876712
0.891806
0.905297
0.908427
0.906666
0.8893
0.854609
0.836648
0.835491
0.840925
0.854271
0.85597
0.841755
0.83253
0.839651
0.887653
0.956407
0.986142
0.995985
0.998773
0.99381
0.905805
0.817675
0.824819
0.840778
0.846411
0.84928
0.85067
0.851098
0.850786
0.849275
0.845514
0.837722
0.819013
0.794588
0.777653
0.765104
0.749686
0.731012
0.712803
0.697367
0.684758
0.674462
0.665633
0.65884
0.652862
0.647693
0.6422
0.634353
0.625747
0.618274
0.610753
0.602407
0.594253
0.586737
0.578273
0.566004
0.549289
0.524736
0.490236
0.458864
0.434693
0.403084
0.380073
0.363886
0.351861
0.352743
0.357828
0.3688
0.391604
0.413613
0.44029
0.5005
0.549192
0.570307
0.577613
0.57991
0.580268
0.580452
0.581372
0.587421
0.601229
0.606807
0.610299
0.620289
0.655092
0.691722
0.706409
0.70751
0.701611
0.697263
0.698373
0.707539
0.758952
0.861404
0.93003
0.968072
0.986817
0.995049
0.998296
0.999456
0.999839
0.999956
0.999988
0.999996
0.999998
0.999999
0.999999
0.999999
0.999999
0.999999
0.999999
0.999999
0.999999
0.999999
0.999999
0.999999
0.999999
0.999999
0.999999
0.999999
0.999999
0.999999
0.999999
0.999999
0.999999
1
1
1
1
1
1
1
1
1
1
1
1
1
1
1
1
1
1
1
1
1
0.999999
0.999996
0.999982
0.999921
0.999662
0.998607
0.994459
0.978671
0.920238
0.743487
0.540192
0.375862
0.250899
0.161135
0.0998104
0.0597402
0.0345935
0.019391
0.010522
0.00552495
0.00280599
0.00137769
0.000653803
0.00029985
0.000133053
5.69332e-05
0.0314355
0.180887
0.660819
0.797818
0.816486
0.822917
0.836731
0.86655
0.884536
0.900249
0.90675
0.906331
0.901074
0.881315
0.860123
0.857413
0.859952
0.864255
0.859564
0.842973
0.832172
0.838351
0.884289
0.954578
0.985456
0.995569
0.998878
0.999505
0.994618
0.912409
0.817983
0.820715
0.840216
0.847708
0.850261
0.851091
0.851008
0.850279
0.848
0.842623
0.828998
0.802438
0.781546
0.766801
0.751686
0.734365
0.716104
0.69931
0.685591
0.674876
0.66566
0.658468
0.652849
0.647909
0.643413
0.637732
0.629947
0.621055
0.613385
0.605131
0.596862
0.589153
0.581271
0.571502
0.557194
0.544577
0.524944
0.496583
0.480282
0.460293
0.442476
0.432719
0.424586
0.425551
0.430088
0.441381
0.456329
0.484784
0.535445
0.564682
0.577177
0.581388
0.581906
0.581916
0.582122
0.582824
0.5851
0.595562
0.625641
0.641475
0.644766
0.647986
0.664628
0.715747
0.753466
0.764718
0.764325
0.759203
0.75912
0.764364
0.790127
0.866758
0.93032
0.967452
0.986273
0.994704
0.998113
0.999376
0.999808
0.999945
0.999985
0.999996
0.999999
0.999999
0.999999
1
1
1
1
1
1
1
0.999999
0.999999
0.999999
0.999999
1
1
1
1
0.999999
0.999999
1
1
1
1
1
1
1
1
1
1
1
1
1
1
1
1
1
1
1
1
1
1
1
0.999999
0.999994
0.999971
0.999874
0.999467
0.997831
0.99147
0.967468
0.879071
0.672654
0.481629
0.329845
0.216948
0.13746
0.0840885
0.0497342
0.028457
0.0157514
0.00842994
0.00435946
0.00217708
0.00104965
0.000488528
0.000219706
9.52882e-05
0.0217904
0.0743805
0.325771
0.71054
0.797366
0.815912
0.825723
0.839338
0.864124
0.886567
0.899527
0.902304
0.90041
0.894492
0.889995
0.882563
0.87698
0.871499
0.85978
0.831526
0.824309
0.84021
0.910632
0.97207
0.992916
0.998116
0.999283
0.999797
0.99967
0.992365
0.907533
0.82684
0.82321
0.837546
0.847171
0.850065
0.850606
0.850194
0.848638
0.844865
0.835416
0.812045
0.78766
0.769198
0.752813
0.735675
0.717845
0.701055
0.686645
0.675465
0.665901
0.658366
0.652691
0.647982
0.643544
0.638975
0.633646
0.626259
0.619146
0.611356
0.603384
0.594253
0.587609
0.579176
0.565529
0.557675
0.547753
0.531021
0.522856
0.505792
0.498151
0.489831
0.48911
0.492376
0.502092
0.51634
0.545254
0.566464
0.578266
0.583885
0.584863
0.584187
0.58325
0.583394
0.584971
0.588051
0.593406
0.609235
0.655815
0.688504
0.697385
0.698298
0.701781
0.729518
0.789814
0.820398
0.826702
0.825503
0.824757
0.828604
0.849014
0.900001
0.942618
0.970763
0.986795
0.994683
0.99806
0.999349
0.999796
0.99994
0.999984
0.999996
0.999999
0.999999
1
1
1
1
1
1
1
1
1
1
1
1
1
1
1
1
1
1
1
1
1
1
1
1
1
1
1
1
1
1
1
1
1
1
1
1
1
1
1
1
1
1
0.999998
0.999989
0.999952
0.999794
0.999139
0.996534
0.986483
0.948747
0.814537
0.601383
0.422778
0.285007
0.184881
0.115705
0.0699723
0.0409141
0.0231263
0.0126276
0.00665499
0.00338268
0.00165772
0.00078322
0.000357048
0.000156962
0.0195676
0.0354673
0.120883
0.409324
0.699584
0.786402
0.811774
0.825542
0.839827
0.855764
0.875284
0.886609
0.89117
0.890138
0.887822
0.882809
0.877319
0.86613
0.836453
0.810497
0.818731
0.859294
0.948929
0.985666
0.996033
0.998935
0.999705
0.999907
0.999936
0.999404
0.985666
0.88984
0.827939
0.822242
0.832322
0.844348
0.848018
0.848708
0.847898
0.844929
0.837409
0.816879
0.79089
0.769913
0.752332
0.734858
0.717207
0.700665
0.686284
0.67508
0.665611
0.657914
0.652055
0.647774
0.643523
0.639212
0.634896
0.629517
0.62342
0.617961
0.612684
0.604854
0.6006
0.595151
0.584744
0.581664
0.57538
0.571465
0.564527
0.559099
0.555716
0.556859
0.560191
0.566179
0.573392
0.580329
0.585258
0.587648
0.588
0.587693
0.586546
0.584689
0.584657
0.586123
0.593817
0.602935
0.613146
0.636968
0.694872
0.740226
0.757724
0.760497
0.761862
0.770307
0.817938
0.87009
0.889873
0.893758
0.894542
0.898182
0.916076
0.946095
0.967057
0.981188
0.990311
0.995603
0.998237
0.999368
0.999795
0.999939
0.999983
0.999995
0.999999
1
1
1
1
1
1
1
1
1
1
1
1
1
1
1
1
1
1
1
1
1
1
1
1
1
1
1
1
1
1
1
1
1
1
1
1
1
1
1
1
1
1
1
0.999999
0.999996
0.999982
0.999919
0.999653
0.998567
0.994275
0.977797
0.916116
0.732751
0.528784
0.365836
0.243303
0.156011
0.0966183
0.0578206
0.0334221
0.0186415
0.0100216
0.00518812
0.00258527
0.00124011
0.000573
0.00025527
0.0198754
0.0249253
0.0502349
0.138858
0.384888
0.655996
0.76056
0.79965
0.820082
0.834764
0.850937
0.860666
0.869641
0.872468
0.871076
0.866838
0.856358
0.829942
0.793279
0.799589
0.832611
0.925506
0.978722
0.994282
0.998498
0.999594
0.999875
0.999955
0.99998
0.999947
0.998441
0.973834
0.870963
0.8262
0.81838
0.824676
0.836615
0.841853
0.843295
0.842014
0.836181
0.817598
0.791198
0.768381
0.747442
0.72791
0.710398
0.694942
0.681546
0.671111
0.662605
0.65561
0.650023
0.646504
0.64293
0.639061
0.634977
0.63055
0.62534
0.621277
0.617388
0.61203
0.609695
0.606384
0.602658
0.600596
0.597959
0.597231
0.595479
0.593803
0.593774
0.593847
0.593903
0.593731
0.593415
0.59276
0.592111
0.590786
0.589399
0.588487
0.586954
0.587471
0.589077
0.594752
0.616169
0.636659
0.653303
0.68736
0.744908
0.792893
0.816437
0.82352
0.827485
0.835799
0.864412
0.915045
0.945422
0.955884
0.958211
0.960502
0.967416
0.977474
0.985277
0.991084
0.995047
0.997475
0.998839
0.999524
0.999827
0.999944
0.999984
0.999995
0.999999
1
1
1
1
1
1
1
1
1
1
1
1
1
1
1
1
1
1
1
1
1
1
1
1
1
1
1
1
1
1
1
1
1
1
1
1
1
1
1
1
1
1
1
1
0.999999
0.999993
0.999968
0.999859
0.999399
0.997537
0.990223
0.962265
0.858118
0.645859
0.459841
0.314208
0.206895
0.131514
0.0807252
0.0478083
0.0272802
0.0149766
0.00790183
0.00400476
0.00195016
0.000912954
0.000411945
0.0277137
0.0284581
0.0352901
0.0559128
0.113269
0.252089
0.490229
0.674276
0.755652
0.792876
0.816445
0.831069
0.841267
0.846395
0.843734
0.831553
0.798122
0.768417
0.776163
0.810455
0.907518
0.971994
0.992142
0.99791
0.999457
0.999856
0.999958
0.999985
0.999994
0.999992
0.999825
0.995299
0.953557
0.853351
0.821888
0.813263
0.81524
0.820615
0.825222
0.828318
0.825823
0.811905
0.785302
0.757831
0.729369
0.705095
0.686942
0.673283
0.662606
0.655163
0.650329
0.646678
0.643642
0.642017
0.6402
0.637682
0.634453
0.630501
0.625634
0.622042
0.618515
0.614261
0.612269
0.60978
0.607391
0.605806
0.604476
0.603976
0.602914
0.601321
0.600201
0.599124
0.597927
0.596201
0.595257
0.593676
0.59284
0.591663
0.590381
0.590887
0.593636
0.598612
0.604533
0.617895
0.657695
0.694336
0.721715
0.759194
0.806669
0.849803
0.87434
0.884595
0.892191
0.907274
0.93562
0.963236
0.977557
0.982931
0.984335
0.98503
0.986824
0.989777
0.992437
0.994925
0.99702
0.998466
0.999296
0.999707
0.999888
0.99996
0.999987
0.999996
0.999999
1
1
1
1
1
1
1
1
1
1
1
1
1
1
1
1
1
1
1
1
1
1
1
1
1
1
1
1
1
1
1
1
1
1
1
1
1
1
1
1
1
1
1
1
0.999999
0.999997
0.999987
0.999941
0.999744
0.998926
0.995643
0.982863
0.934419
0.774276
0.567496
0.399577
0.271049
0.177402
0.112015
0.0681398
0.039856
0.0223744
0.01204
0.00620741
0.00306785
0.00145419
0.000664072
0.913774
0.705401
0.433483
0.269295
0.193073
0.214621
0.268511
0.366319
0.491786
0.585193
0.659492
0.704458
0.74066
0.74934
0.74189
0.725374
0.730125
0.749316
0.797954
0.911189
0.970635
0.991128
0.997511
0.999338
0.999828
0.999954
0.999986
0.999995
0.999998
0.999998
0.999981
0.999239
0.989116
0.924884
0.842548
0.816135
0.808905
0.806848
0.804381
0.798762
0.791733
0.777714
0.753127
0.723769
0.697292
0.675766
0.658564
0.645187
0.635226
0.628566
0.625114
0.624074
0.624666
0.627265
0.630276
0.631518
0.630762
0.628819
0.624908
0.621598
0.618121
0.61395
0.611241
0.607948
0.604325
0.600277
0.59557
0.592501
0.592665
0.594008
0.595836
0.596718
0.597083
0.597081
0.597324
0.597813
0.59871
0.600553
0.603351
0.608273
0.621258
0.63478
0.645952
0.667912
0.722548
0.778156
0.815765
0.845359
0.880087
0.914816
0.936775
0.948243
0.957497
0.968453
0.978995
0.986717
0.991188
0.993184
0.993782
0.993949
0.994291
0.995135
0.996042
0.996946
0.998006
0.998905
0.999481
0.999782
0.999918
0.999972
0.999991
0.999997
0.999999
1
1
1
1
1
1
1
1
1
1
1
1
1
1
1
1
1
1
1
1
1
1
1
1
1
1
1
1
1
1
1
1
1
1
1
1
1
1
1
1
1
1
1
1
1
0.999999
0.999995
0.999977
0.999899
0.999568
0.998212
0.992855
0.972283
0.895342
0.700303
0.511576
0.359837
0.244026
0.159436
0.100135
0.0602951
0.0347262
0.0191034
0.010034
0.005037
0.00241796
0.00111761
0.999105
0.994758
0.982242
0.953158
0.890619
0.804144
0.701251
0.632474
0.580137
0.585545
0.596262
0.61041
0.619916
0.631621
0.654053
0.701972
0.755986
0.848812
0.936833
0.976888
0.992412
0.997723
0.999364
0.99983
0.999955
0.999988
0.999996
0.999999
0.999999
1
0.999998
0.999895
0.997819
0.980927
0.903768
0.834078
0.811911
0.805565
0.79887
0.784504
0.763734
0.739735
0.71447
0.690243
0.668836
0.650518
0.635439
0.623351
0.614182
0.607927
0.604237
0.602975
0.603138
0.604468
0.608015
0.612572
0.616717
0.618898
0.618239
0.616558
0.613132
0.605936
0.598764
0.592186
0.586139
0.583133
0.585603
0.601112
0.624901
0.639517
0.645695
0.646331
0.645889
0.644708
0.643791
0.64454
0.646755
0.652412
0.658687
0.669433
0.695062
0.718265
0.734795
0.762885
0.822589
0.881417
0.917596
0.938192
0.955102
0.969369
0.978156
0.982971
0.986546
0.990032
0.993112
0.995372
0.996756
0.997416
0.997605
0.997617
0.997604
0.997684
0.998038
0.998516
0.998933
0.999324
0.999636
0.999834
0.999934
0.999977
0.999993
0.999998
0.999999
1
1
1
1
1
1
1
1
1
1
1
1
1
1
1
1
1
1
1
1
1
1
1
1
1
1
1
1
1
1
1
1
1
1
1
1
1
1
1
1
1
1
1
1
1
1
0.999998
0.999992
0.999965
0.999848
0.999361
0.99742
0.989934
0.961866
0.859205
0.661417
0.486405
0.344419
0.234482
0.152966
0.0952779
0.0565034
0.031858
0.0170749
0.0087136
0.00423675
0.00198188
0.999988
0.999909
0.999572
0.998498
0.995574
0.989447
0.976085
0.961589
0.942969
0.904925
0.883558
0.862904
0.866294
0.877697
0.901978
0.932324
0.960127
0.979975
0.991332
0.996712
0.998885
0.999655
0.999901
0.999973
0.999992
0.999998
0.999999
1
1
1
1
0.999988
0.99964
0.995801
0.973705
0.890971
0.829828
0.810293
0.800267
0.783345
0.757689
0.728255
0.699356
0.673863
0.652488
0.634951
0.620902
0.609818
0.601312
0.595217
0.591285
0.589184
0.58871
0.589056
0.590533
0.59398
0.597063
0.59839
0.598668
0.597965
0.594045
0.590148
0.589839
0.592512
0.608619
0.677836
0.776563
0.837602
0.86797
0.87958
0.881313
0.874781
0.856248
0.838818
0.823459
0.811625
0.802284
0.800362
0.80342
0.811948
0.834692
0.860276
0.879776
0.907666
0.937526
0.959154
0.971793
0.979434
0.985186
0.989613
0.992541
0.994361
0.995696
0.996833
0.997765
0.998444
0.998864
0.99905
0.999077
0.999065
0.999003
0.998953
0.998982
0.999211
0.999484
0.999686
0.999823
0.999908
0.999958
0.999983
0.999994
0.999998
0.999999
1
1
1
1
1
1
1
1
1
1
1
1
1
1
1
1
1
1
1
1
1
1
1
1
1
1
1
1
1
1
1
1
1
1
1
1
1
1
1
1
1
1
1
1
1
1
1
0.999998
0.999989
0.99995
0.99979
0.999152
0.996714
0.987711
0.955418
0.843507
0.654107
0.486218
0.346523
0.235692
0.152303
0.0931951
0.0539265
0.0295135
0.0153134
0.00753958
0.00356731
1
0.999999
0.999992
0.999964
0.99987
0.99962
0.998962
0.997962
0.996369
0.994555
0.991498
0.991263
0.991515
0.992669
0.994308
0.996093
0.997665
0.998791
0.999455
0.999783
0.999922
0.999974
0.999992
0.999998
0.999999
1
1
1
1
1
1
0.999999
0.999951
0.999236
0.993837
0.96885
0.885727
0.831075
0.80965
0.78834
0.76052
0.729328
0.69896
0.671816
0.649063
0.630697
0.616209
0.605038
0.596563
0.590348
0.586109
0.583537
0.582412
0.582123
0.582399
0.583528
0.584902
0.585458
0.585483
0.585242
0.585731
0.589719
0.608089
0.696175
0.841007
0.925484
0.950104
0.95883
0.964575
0.969564
0.973157
0.974711
0.974368
0.971414
0.96725
0.963226
0.958541
0.954261
0.953166
0.954048
0.957964
0.964361
0.969825
0.975716
0.981995
0.987227
0.990831
0.993304
0.995185
0.996608
0.997584
0.998222
0.998674
0.999026
0.999302
0.999504
0.999624
0.99966
0.99966
0.999648
0.999596
0.999535
0.999524
0.999568
0.999714
0.999829
0.999905
0.999952
0.999978
0.999991
0.999996
0.999999
0.999999
1
1
1
1
1
1
1
1
1
1
1
1
1
1
1
1
1
1
1
1
1
1
1
1
1
1
1
1
1
1
1
1
1
1
1
1
1
1
1
1
1
1
1
1
1
1
1
0.999999
0.999997
0.999985
0.999938
0.99975
0.999046
0.996514
0.987757
0.958347
0.861081
0.679305
0.508089
0.361111
0.242548
0.153387
0.0912107
0.0510288
0.0269436
0.0134416
0.00643522
1
1
1
0.999999
0.999997
0.999991
0.999973
0.999939
0.999872
0.999806
0.99975
0.999756
0.999783
0.999819
0.999862
0.999905
0.999943
0.99997
0.999986
0.999994
0.999998
0.999999
1
1
1
1
1
1
1
1
1
1
0.999994
0.999884
0.998816
0.992505
0.96757
0.891586
0.837356
0.811231
0.778984
0.741643
0.7063
0.675955
0.65129
0.631812
0.616653
0.605094
0.596387
0.590007
0.58563
0.582949
0.581731
0.581258
0.580988
0.580632
0.580529
0.580592
0.580875
0.582339
0.588158
0.620048
0.753458
0.88058
0.929747
0.939985
0.943589
0.951607
0.961561
0.970412
0.977679
0.983599
0.987946
0.990621
0.992077
0.992658
0.992695
0.992174
0.991363
0.99117
0.99143
0.992321
0.993146
0.994083
0.995233
0.996369
0.99729
0.997998
0.998555
0.99898
0.999282
0.999483
0.99962
0.999719
0.999796
0.999852
0.999881
0.999885
0.999883
0.999875
0.999843
0.9998
0.999784
0.99979
0.999839
0.999901
0.999943
0.99997
0.999985
0.999993
0.999997
0.999999
0.999999
1
1
1
1
1
1
1
1
1
1
1
1
1
1
1
1
1
1
1
1
1
1
1
1
1
1
1
1
1
1
1
1
1
1
1
1
1
1
1
1
1
1
1
1
1
1
1
1
0.999999
0.999996
0.999983
0.999934
0.999751
0.999109
0.996959
0.990023
0.968149
0.899415
0.729287
0.542202
0.379141
0.248224
0.151952
0.0870503
0.0468494
0.0237184
0.0115044
1
1
1
1
1
1
1
0.999999
0.999998
0.999997
0.999997
0.999998
0.999998
0.999998
0.999999
0.999999
1
1
1
1
1
1
1
1
1
1
1
1
1
1
1
1
0.999999
0.999985
0.999811
0.998528
0.992243
0.970401
0.909544
0.84743
0.818122
0.787356
0.743217
0.698507
0.664987
0.640207
0.62179
0.608314
0.598711
0.592115
0.587895
0.585575
0.584713
0.584386
0.583774
0.581893
0.580548
0.580292
0.580768
0.584986
0.61553
0.751028
0.865196
0.901881
0.90251
0.894135
0.894504
0.911106
0.937976
0.958337
0.972895
0.982817
0.989336
0.993452
0.995915
0.997345
0.998116
0.998466
0.998574
0.998585
0.998606
0.998671
0.998725
0.998792
0.998918
0.9991
0.999297
0.999471
0.999614
0.999727
0.999809
0.999865
0.999901
0.999926
0.999946
0.999959
0.999964
0.999964
0.999963
0.999958
0.999942
0.999916
0.999902
0.999901
0.999913
0.99994
0.999963
0.999979
0.999989
0.999994
0.999997
0.999998
0.999999
0.999999
0.999999
0.999999
0.999999
1
1
1
1
1
1
1
1
1
1
1
1
1
1
1
1
1
1
1
1
1
1
1
1
1
1
1
1
1
1
1
1
1
1
1
1
1
1
1
1
1
1
1
1
1
0.999999
0.999996
0.999984
0.99994
0.999789
0.999288
0.997699
0.992762
0.977466
0.929396
0.782479
0.571274
0.388067
0.245122
0.144124
0.0792345
0.0407947
0.0200821
1
1
1
1
1
1
1
1
1
1
1
1
1
1
1
1
1
1
1
1
1
1
1
1
1
1
1
1
1
1
1
1
1
0.999998
0.999975
0.999763
0.998491
0.993153
0.97595
0.930262
0.865236
0.825196
0.799879
0.766377
0.722943
0.677505
0.645308
0.623826
0.611252
0.605017
0.60273
0.6024
0.603113
0.603631
0.6016
0.590871
0.583838
0.582392
0.583837
0.601391
0.709479
0.834068
0.878165
0.878381
0.858949
0.850222
0.852219
0.875252
0.915908
0.946544
0.967834
0.98142
0.989619
0.994467
0.997131
0.998512
0.999214
0.999557
0.999715
0.999783
0.999808
0.999812
0.999812
0.999808
0.999805
0.999814
0.999844
0.99988
0.999911
0.999937
0.999956
0.999969
0.999977
0.999983
0.999987
0.999989
0.99999
0.999989
0.999989
0.999986
0.999979
0.999964
0.999953
0.999949
0.99995
0.999958
0.999971
0.999982
0.99999
0.999995
0.999997
0.999998
0.999998
0.999999
0.999999
0.999999
0.999999
0.999999
0.999999
0.999999
0.999999
0.999999
0.999999
0.999999
0.999999
0.999999
0.999999
0.999999
0.999999
0.999999
0.999999
0.999999
1
1
1
1
1
1
1
1
1
1
1
1
1
1
1
1
1
1
1
1
1
1
1
1
1
1
1
1
1
1
1
0.999999
0.999996
0.999987
0.999953
0.99984
0.999478
0.998336
0.994714
0.983002
0.944025
0.8111
0.577251
0.377526
0.228479
0.12865
0.0675238
0.0338005
1
1
1
1
1
1
1
1
1
1
1
1
1
1
1
1
1
1
1
1
1
1
1
1
1
1
1
1
1
1
1
1
1
1
0.999997
0.999968
0.99976
0.998702
0.994664
0.982224
0.95345
0.89125
0.840142
0.813074
0.790466
0.761072
0.720179
0.685618
0.668168
0.665218
0.66577
0.668537
0.669245
0.664203
0.639355
0.609818
0.59458
0.591549
0.596736
0.65077
0.783926
0.85237
0.863944
0.851146
0.834897
0.830026
0.831087
0.846005
0.895748
0.93869
0.965543
0.981158
0.990202
0.995194
0.997789
0.999036
0.999586
0.99982
0.999917
0.999957
0.999972
0.999977
0.999977
0.999977
0.999974
0.999972
0.999973
0.999977
0.999983
0.999988
0.999991
0.999994
0.999995
0.999996
0.999997
0.999997
0.999997
0.999997
0.999996
0.999994
0.99999
0.999981
0.999971
0.999966
0.999964
0.999966
0.999973
0.999983
0.99999
0.999994
0.999996
0.999997
0.999997
0.999998
0.999998
0.999998
0.999998
0.999999
0.999999
0.999999
0.999999
0.999999
0.999999
0.999999
0.999999
0.999999
0.999999
0.999998
0.999998
0.999998
0.999999
0.999999
0.999999
0.999999
0.999999
0.999999
0.999999
0.999999
1
1
1
1
1
1
1
1
1
1
1
1
1
1
1
1
1
1
1
1
1
1
1
1
1
1
0.999999
0.999997
0.99999
0.999965
0.999883
0.99961
0.998702
0.995597
0.984674
0.945285
0.801877
0.549146
0.343411
0.19863
0.10655
0.0543363
1
1
1
1
1
1
1
1
1
1
1
1
1
1
1
1
1
1
1
1
1
1
1
1
1
1
1
1
1
1
1
1
1
1
1
0.999996
0.999968
0.999798
0.999033
0.996299
0.988396
0.969552
0.927614
0.874845
0.83417
0.805277
0.780012
0.760246
0.750025
0.747227
0.747204
0.746928
0.743882
0.727638
0.679558
0.640134
0.621191
0.618342
0.629501
0.705283
0.808539
0.848352
0.85045
0.839663
0.826165
0.821177
0.821615
0.833578
0.88545
0.934932
0.965237
0.982743
0.991929
0.996415
0.99849
0.999402
0.999776
0.999917
0.999969
0.999988
0.999995
0.999997
0.999997
0.999998
0.999997
0.999997
0.999997
0.999997
0.999997
0.999998
0.999999
0.999999
0.999999
0.999999
0.999999
0.999999
0.999998
0.999998
0.999997
0.999996
0.999992
0.999986
0.999976
0.99997
0.999968
0.999968
0.999972
0.999981
0.999988
0.999991
0.999993
0.999995
0.999996
0.999996
0.999997
0.999997
0.999997
0.999997
0.999998
0.999998
0.999998
0.999998
0.999998
0.999998
0.999998
0.999998
0.999998
0.999997
0.999997
0.999997
0.999997
0.999998
0.999998
0.999999
0.999999
0.999999
0.999999
0.999999
0.999999
0.999999
1
1
1
1
1
1
1
1
1
1
1
1
1
1
1
1
1
1
1
1
1
1
1
1
1
0.999999
0.999998
0.999992
0.999973
0.999906
0.999663
0.998769
0.995392
0.982412
0.932182
0.749378
0.486802
0.2901
0.15943
0.082962
1
1
1
1
1
1
1
1
1
1
1
1
1
1
1
1
1
1
1
1
1
1
1
1
1
1
1
1
1
1
1
1
1
1
1
1
0.999996
0.999974
0.999857
0.999373
0.997736
0.99316
0.980641
0.960987
0.922362
0.869744
0.825604
0.800518
0.79086
0.789446
0.789501
0.788923
0.785787
0.771781
0.724108
0.679011
0.657316
0.653263
0.660952
0.72053
0.806706
0.838351
0.842397
0.838914
0.823934
0.814093
0.813829
0.827122
0.882147
0.936848
0.969152
0.9861
0.994177
0.997715
0.999151
0.999698
0.999895
0.999964
0.999988
0.999996
0.999999
0.999999
1
1
1
1
1
1
1
1
1
1
1
1
0.999999
0.999999
0.999998
0.999997
0.999996
0.999994
0.99999
0.999986
0.999977
0.999968
0.999965
0.999965
0.999966
0.999973
0.999982
0.999986
0.999989
0.99999
0.999992
0.999994
0.999995
0.999995
0.999995
0.999995
0.999996
0.999997
0.999997
0.999997
0.999997
0.999997
0.999997
0.999996
0.999996
0.999995
0.999995
0.999995
0.999995
0.999996
0.999997
0.999998
0.999998
0.999998
0.999998
0.999998
0.999999
0.999999
0.999999
0.999999
1
1
1
1
1
1
1
1
1
1
1
1
1
1
1
1
1
1
1
1
1
1
1
1
1
0.999998
0.999994
0.999976
0.999906
0.999624
0.998473
0.993732
0.974253
0.895427
0.651479
0.400374
0.225875
0.12007
1
1
1
1
1
1
1
1
1
1
1
1
1
1
1
1
1
1
1
1
1
1
1
1
1
1
1
1
1
1
1
1
1
1
1
1
1
0.999997
0.999983
0.999914
0.999645
0.998775
0.996295
0.990734
0.978096
0.957981
0.919012
0.870786
0.836904
0.819889
0.813026
0.810227
0.806202
0.795442
0.757694
0.713255
0.689185
0.682651
0.685484
0.718889
0.792109
0.825712
0.832898
0.831582
0.818193
0.803332
0.80452
0.827559
0.89906
0.951854
0.979112
0.991605
0.996816
0.998844
0.999598
0.999865
0.999956
0.999986
0.999996
0.999999
1
1
1
1
1
1
1
1
1
1
1
1
1
0.999999
0.999999
0.999998
0.999994
0.999991
0.999989
0.999984
0.999977
0.999974
0.999968
0.999953
0.999945
0.999944
0.999946
0.999954
0.999968
0.999976
0.99998
0.999983
0.999986
0.999989
0.999991
0.999991
0.999991
0.999992
0.999993
0.999994
0.999994
0.999994
0.999994
0.999994
0.999994
0.999994
0.999993
0.999992
0.999991
0.999991
0.999991
0.999992
0.999994
0.999995
0.999996
0.999996
0.999997
0.999997
0.999997
0.999998
0.999999
0.999999
0.999999
0.999999
0.999999
0.999999
0.999999
0.999999
0.999999
0.999999
0.999999
0.999999
1
1
1
1
1
1
1
1
1
1
1
1
1
1
1
1
0.999998
0.999993
0.999971
0.999873
0.99944
0.997528
0.98919
0.95364
0.807755
0.523027
0.30357
0.164897
1
1
1
1
1
1
1
1
1
1
1
1
1
1
1
1
1
1
1
1
1
1
1
1
1
1
1
1
1
1
1
1
1
1
1
1
1
1
0.999998
0.99999
0.999952
0.999814
0.999379
0.998216
0.995418
0.989219
0.977552
0.958952
0.923092
0.879948
0.850892
0.838697
0.831874
0.81857
0.780964
0.737168
0.708829
0.698851
0.698717
0.708354
0.753125
0.798485
0.809154
0.805706
0.788205
0.785737
0.796731
0.853366
0.92948
0.970695
0.988984
0.99605
0.998614
0.999524
0.99984
0.999948
0.999983
0.999995
0.999998
1
1
1
1
1
1
1
1
1
1
1
1
1
0.999999
0.999997
0.999995
0.999991
0.999979
0.999972
0.999966
0.99995
0.999937
0.999932
0.999922
0.999899
0.999888
0.999888
0.999893
0.999912
0.99994
0.999956
0.999964
0.99997
0.999976
0.999981
0.999984
0.999985
0.999985
0.999986
0.999987
0.999989
0.99999
0.99999
0.99999
0.99999
0.99999
0.999989
0.999989
0.999987
0.999985
0.999984
0.999984
0.999985
0.999988
0.999991
0.999993
0.999994
0.999994
0.999995
0.999996
0.999996
0.999997
0.999998
0.999999
0.999999
0.999999
0.999999
0.999999
0.999999
0.999999
0.999999
0.999999
0.999999
0.999999
0.999999
0.999999
1
1
1
1
1
1
1
1
1
1
1
1
1
0.999999
0.999998
0.99999
0.999952
0.99977
0.998919
0.994994
0.977394
0.901728
0.653556
0.38844
0.215495
1
1
1
1
1
1
1
1
1
1
1
1
1
1
1
1
1
1
1
1
1
1
1
1
1
1
1
1
1
1
1
1
1
1
1
1
1
1
1
0.999999
0.999995
0.999977
0.999915
0.999728
0.999229
0.998018
0.995442
0.990326
0.978203
0.955847
0.928606
0.907972
0.896678
0.880289
0.8401
0.790345
0.75076
0.72534
0.715844
0.716469
0.726096
0.750402
0.759141
0.760247
0.763104
0.774304
0.821377
0.913144
0.964362
0.986499
0.995106
0.998286
0.999417
0.999807
0.999938
0.99998
0.999994
0.999998
0.999999
1
1
1
1
1
1
1
1
1
1
1
1
0.999999
0.999995
0.999987
0.99998
0.999963
0.999931
0.999916
0.999898
0.999854
0.999831
0.999819
0.999789
0.999756
0.999754
0.99976
0.999777
0.999827
0.999884
0.999918
0.999936
0.999949
0.99996
0.999969
0.999974
0.999975
0.999975
0.999976
0.999977
0.999981
0.999983
0.999984
0.999983
0.999983
0.999982
0.999982
0.999981
0.999979
0.999974
0.999973
0.999973
0.999974
0.999978
0.999983
0.999986
0.999988
0.99999
0.999991
0.999992
0.999994
0.999995
0.999996
0.999997
0.999998
0.999998
0.999998
0.999998
0.999998
0.999997
0.999997
0.999997
0.999997
0.999998
0.999998
0.999999
0.999999
0.999999
0.999999
0.999999
1
1
1
1
1
1
1
1
1
0.999999
0.999999
0.999995
0.999979
0.999894
0.999475
0.997444
0.987912
0.945215
0.770161
0.475347
0.26908
1
1
1
1
1
1
1
1
1
1
1
1
1
1
1
1
1
1
1
1
1
1
1
1
1
1
1
1
1
1
1
1
1
1
1
1
1
1
1
1
1
0.999998
0.999992
0.99997
0.999907
0.99974
0.999341
0.998435
0.996302
0.991224
0.979523
0.971407
0.965335
0.952454
0.935041
0.919684
0.896182
0.851493
0.798674
0.764026
0.756255
0.757504
0.760263
0.766259
0.782966
0.841239
0.923651
0.967367
0.987126
0.995223
0.998312
0.999427
0.999812
0.99994
0.999981
0.999994
0.999998
1
1
1
1
1
1
1
1
1
1
1
1
0.999999
0.999998
0.999993
0.999975
0.999944
0.999918
0.999856
0.999781
0.999748
0.999683
0.999587
0.999551
0.999498
0.99942
0.999413
0.999424
0.999457
0.999527
0.999658
0.999774
0.999847
0.999886
0.999911
0.999931
0.999947
0.999956
0.999958
0.999959
0.999958
0.99996
0.999966
0.999971
0.999972
0.999971
0.99997
0.999969
0.999969
0.999968
0.999964
0.999955
0.999951
0.999951
0.999952
0.999957
0.999966
0.999973
0.999979
0.999982
0.999985
0.999987
0.999989
0.999991
0.999993
0.999995
0.999996
0.999996
0.999996
0.999996
0.999996
0.999995
0.999994
0.999994
0.999994
0.999995
0.999996
0.999997
0.999997
0.999998
0.999998
0.999999
0.999999
0.999999
0.999999
0.999999
0.999999
0.999999
0.999999
0.999999
0.999999
0.999999
0.999999
0.999997
0.999988
0.999944
0.999714
0.998549
0.992843
0.966363
0.8521
0.557832
0.321422
1
1
1
1
1
1
1
1
1
1
1
1
1
1
1
1
1
1
1
1
1
1
1
1
1
1
1
1
1
1
1
1
1
1
1
1
1
1
1
1
1
1
0.999999
0.999998
0.999992
0.999976
0.999933
0.999827
0.999564
0.998884
0.996694
0.994494
0.99299
0.990066
0.984935
0.978904
0.972631
0.966697
0.957065
0.929237
0.894268
0.883265
0.885066
0.895002
0.926303
0.961047
0.981901
0.992395
0.997049
0.998925
0.999628
0.999877
0.999961
0.999988
0.999996
0.999999
1
1
1
1
1
1
1
1
1
1
1
1
0.999999
0.999996
0.999986
0.999961
0.999875
0.999766
0.999677
0.999472
0.999316
0.999225
0.999006
0.99884
0.998744
0.998527
0.998474
0.998504
0.998587
0.998746
0.998997
0.999297
0.999549
0.999706
0.99979
0.999841
0.999881
0.99991
0.999925
0.999929
0.999928
0.999928
0.999929
0.99994
0.999948
0.99995
0.99995
0.999947
0.999944
0.999944
0.999942
0.999935
0.999919
0.999911
0.999909
0.99991
0.999915
0.999931
0.999946
0.999958
0.999967
0.999974
0.999977
0.99998
0.999983
0.999986
0.999989
0.999991
0.999992
0.999993
0.999992
0.999992
0.99999
0.999988
0.999988
0.999988
0.999988
0.99999
0.999992
0.999994
0.999995
0.999996
0.999996
0.999997
0.999998
0.999998
0.999998
0.999998
0.999999
0.999998
0.999998
0.999998
0.999998
0.999997
0.999996
0.99999
0.999963
0.99982
0.99906
0.995181
0.976598
0.895001
0.63097
0.367871
1
1
1
1
1
1
1
1
1
1
1
1
1
1
1
1
1
1
1
1
1
1
1
1
1
1
1
1
1
1
1
1
1
1
1
1
1
1
1
1
1
1
1
1
1
0.999998
0.999995
0.999987
0.999966
0.999906
0.999685
0.999364
0.999149
0.99882
0.998003
0.996626
0.995674
0.995092
0.994047
0.989918
0.98374
0.982751
0.983448
0.98592
0.991382
0.995522
0.997935
0.999135
0.999665
0.999879
0.999958
0.999986
0.999996
0.999999
1
1
1
1
1
1
1
1
1
1
1
1
0.999999
0.999998
0.999993
0.999974
0.999919
0.999784
0.999393
0.999059
0.998748
0.998219
0.997947
0.997611
0.996988
0.996736
0.99624
0.995885
0.995927
0.996113
0.99653
0.997142
0.997859
0.998559
0.999106
0.999448
0.99963
0.99973
0.999798
0.999846
0.99987
0.999874
0.999873
0.99987
0.999873
0.999891
0.999907
0.99991
0.999909
0.999903
0.999898
0.999895
0.99989
0.999872
0.999844
0.99983
0.999827
0.999827
0.999833
0.999856
0.999887
0.999913
0.999935
0.999951
0.99996
0.999964
0.999967
0.99997
0.999975
0.999979
0.999982
0.999984
0.999984
0.999983
0.99998
0.999975
0.999973
0.999973
0.999974
0.999976
0.999981
0.999985
0.999987
0.999989
0.999991
0.999993
0.999994
0.999995
0.999996
0.999996
0.999996
0.999996
0.999996
0.999995
0.999993
0.999993
0.999991
0.999987
0.999967
0.99986
0.999278
0.99619
0.980935
0.912537
0.670185
0.391918
1
1
1
1
1
1
1
1
1
1
1
1
1
1
1
1
1
1
1
1
1
1
1
1
1
1
1
1
1
1
1
1
1
1
1
1
1
1
1
1
1
1
1
1
1
1
1
0.999999
0.999998
0.999995
0.999982
0.999958
0.999941
0.999917
0.999843
0.999698
0.999622
0.999587
0.999504
0.9991
0.998851
0.998873
0.998954
0.999208
0.999548
0.999772
0.999896
0.999957
0.999983
0.999994
0.999998
0.999999
1
1
1
1
1
1
1
1
1
1
1
1
1
0.999999
0.999997
0.999988
0.999952
0.999833
0.999503
0.998765
0.997346
0.996495
0.995602
0.994638
0.994018
0.992716
0.991554
0.990509
0.988944
0.988912
0.989258
0.990111
0.99179
0.993577
0.995295
0.996878
0.998107
0.998861
0.99925
0.999467
0.999623
0.999727
0.999769
0.999774
0.999767
0.99976
0.999765
0.9998
0.999828
0.999834
0.999832
0.99982
0.999807
0.999797
0.999774
0.999717
0.999674
0.999656
0.999653
0.999654
0.999662
0.999697
0.999761
0.999817
0.999865
0.999901
0.999923
0.999935
0.999939
0.999941
0.999944
0.999951
0.999958
0.999961
0.999962
0.999961
0.999956
0.999946
0.999941
0.99994
0.999941
0.999945
0.999956
0.999964
0.99997
0.999974
0.999978
0.999982
0.999986
0.999988
0.99999
0.99999
0.99999
0.99999
0.99999
0.999988
0.999984
0.999982
0.99998
0.999976
0.999959
0.999866
0.999349
0.996533
0.98233
0.917848
0.682677
0.398608
1
1
1
1
1
1
1
1
1
1
1
1
1
1
1
1
1
1
1
1
1
1
1
1
1
1
1
1
1
1
1
1
1
1
1
1
1
1
1
1
1
1
1
1
1
1
1
1
1
1
0.999999
0.999998
0.999998
0.999997
0.999993
0.999986
0.999983
0.999982
0.999975
0.999964
0.999964
0.999966
0.99997
0.99998
0.999989
0.999995
0.999998
0.999999
1
1
1
1
1
1
1
1
1
1
1
1
1
1
0.999999
0.999999
0.999997
0.999992
0.999978
0.999913
0.999655
0.99886
0.996873
0.993383
0.990398
0.988488
0.986614
0.985432
0.983081
0.979169
0.976384
0.972062
0.970345
0.970938
0.972803
0.976243
0.981299
0.98656
0.991036
0.994447
0.996757
0.998095
0.998786
0.999169
0.999416
0.999551
0.999586
0.999584
0.999566
0.999563
0.999588
0.999658
0.999686
0.999687
0.99968
0.999653
0.999623
0.999562
0.999413
0.999289
0.999245
0.999243
0.999246
0.999254
0.999278
0.99936
0.999485
0.999605
0.99971
0.99979
0.999841
0.999866
0.999876
0.999878
0.999879
0.999882
0.999892
0.999904
0.999907
0.999906
0.999897
0.999875
0.999863
0.999861
0.999862
0.999871
0.999894
0.999913
0.999926
0.999935
0.999943
0.999953
0.999961
0.999967
0.999971
0.999973
0.999974
0.999974
0.999973
0.999969
0.999962
0.999959
0.999956
0.999951
0.999933
0.999845
0.999345
0.99657
0.982427
0.918086
0.683303
0.397909
1
1
1
1
1
1
1
1
1
1
1
1
1
1
1
1
1
1
1
1
1
1
1
1
1
1
1
1
1
1
1
1
1
1
1
1
1
1
1
1
1
1
1
1
1
1
1
1
1
1
1
1
1
1
1
1
1
1
0.999999
0.999999
0.999999
1
1
1
1
1
1
1
1
1
1
1
1
1
1
1
1
1
1
1
0.999999
0.999997
0.999993
0.999986
0.999975
0.999947
0.999839
0.99932
0.997386
0.992192
0.983081
0.973948
0.970923
0.967914
0.96608
0.962503
0.953594
0.94502
0.934859
0.928437
0.928773
0.931186
0.937559
0.947202
0.957947
0.969679
0.979789
0.987491
0.992843
0.995934
0.997433
0.998255
0.998821
0.999123
0.999198
0.999189
0.999139
0.999124
0.999163
0.999294
0.999346
0.999348
0.999332
0.99928
0.999135
0.998556
0.997903
0.997842
0.997884
0.997974
0.998101
0.998224
0.998376
0.998578
0.99882
0.99908
0.999322
0.999509
0.999625
0.99968
0.999697
0.999698
0.999698
0.999701
0.999711
0.999742
0.999756
0.999756
0.999737
0.999686
0.999658
0.999654
0.999659
0.999679
0.999735
0.99978
0.999808
0.999829
0.999849
0.99987
0.999889
0.999902
0.999912
0.999919
0.999923
0.999924
0.999923
0.999918
0.999909
0.999905
0.999902
0.999894
0.99987
0.999761
0.999159
0.995877
0.979433
0.906276
0.656724
0.378253
1
1
1
1
1
1
1
1
1
1
1
1
1
1
1
1
1
1
1
1
1
1
1
1
1
1
1
1
1
1
1
1
1
1
1
1
1
1
1
1
1
1
1
1
1
1
1
1
1
1
1
1
1
1
1
1
1
1
1
1
1
1
1
1
1
1
1
1
1
1
1
1
1
1
1
1
1
0.999999
0.999998
0.999995
0.999986
0.999967
0.999926
0.99989
0.99983
0.999675
0.998937
0.99526
0.983623
0.962531
0.946742
0.946388
0.947926
0.947366
0.942859
0.929554
0.917144
0.908209
0.901794
0.899528
0.899782
0.902009
0.909053
0.922742
0.936882
0.953102
0.96968
0.982639
0.990603
0.994607
0.996519
0.99766
0.998321
0.998528
0.998513
0.998332
0.998192
0.998224
0.998514
0.998749
0.998788
0.998771
0.998682
0.998376
0.997298
0.992745
0.990798
0.991109
0.992006
0.993569
0.994784
0.995603
0.996164
0.996645
0.997181
0.997769
0.998318
0.998737
0.998989
0.9991
0.999125
0.999122
0.999117
0.999122
0.999155
0.999251
0.9993
0.999304
0.999275
0.999176
0.99912
0.999114
0.999126
0.999185
0.999322
0.999422
0.999484
0.999532
0.999582
0.999634
0.999677
0.999708
0.999733
0.999755
0.999771
0.999781
0.999783
0.999783
0.999782
0.999781
0.999777
0.999765
0.99972
0.999516
0.998467
0.993126
0.967816
0.860572
0.574329
0.323631
1
1
1
1
1
1
1
1
1
1
1
1
1
1
1
1
1
1
1
1
1
1
1
1
1
1
1
1
1
1
1
1
1
1
1
1
1
1
1
1
1
1
1
1
1
1
1
1
1
1
1
1
1
1
1
1
1
1
1
1
1
1
1
1
1
1
1
1
1
1
1
1
1
1
1
0.999999
0.999997
0.999991
0.999977
0.999936
0.999836
0.999662
0.999507
0.999395
0.999188
0.998553
0.994527
0.975444
0.944938
0.934812
0.93511
0.941744
0.943587
0.94347
0.93631
0.919535
0.910036
0.902727
0.897975
0.896227
0.896563
0.901342
0.911769
0.923892
0.937462
0.953513
0.968966
0.980902
0.988656
0.992772
0.99519
0.996718
0.997312
0.997342
0.997232
0.997148
0.997228
0.99766
0.997997
0.998053
0.998027
0.997905
0.997402
0.99539
0.988045
0.965356
0.960651
0.963163
0.970465
0.979837
0.985905
0.989365
0.991257
0.992482
0.993632
0.994827
0.995907
0.996713
0.997197
0.997413
0.997471
0.997474
0.997477
0.997503
0.997633
0.997939
0.998088
0.99811
0.998074
0.997946
0.997896
0.997901
0.997948
0.998138
0.998406
0.998581
0.998695
0.998796
0.998913
0.999035
0.999139
0.999221
0.999292
0.999356
0.999406
0.999445
0.999478
0.999506
0.999521
0.999524
0.999517
0.99948
0.99934
0.998761
0.996136
0.984254
0.933068
0.739363
0.45386
0.245665
1
1
1
1
1
1
1
1
1
1
1
1
1
1
1
1
1
1
1
1
1
1
1
1
1
1
1
1
1
1
1
1
1
1
1
1
1
1
1
1
1
1
1
1
1
1
1
1
1
1
1
1
1
1
1
1
1
1
1
1
1
1
1
1
1
1
1
1
1
1
1
1
0.999999
0.999998
0.999995
0.999986
0.999965
0.999909
0.999761
0.999349
0.99835
0.997637
0.997512
0.997424
0.997062
0.995008
0.977696
0.938093
0.931964
0.930787
0.943979
0.945451
0.939499
0.943163
0.935987
0.919184
0.911805
0.906955
0.903535
0.903021
0.907556
0.912027
0.91946
0.928525
0.941265
0.95643
0.970681
0.98151
0.987696
0.991494
0.994192
0.995738
0.996215
0.996241
0.996163
0.996089
0.996181
0.996676
0.996942
0.996939
0.996835
0.996343
0.993607
0.981398
0.942588
0.885829
0.878422
0.885339
0.909722
0.944586
0.964935
0.975554
0.980848
0.983892
0.98633
0.988455
0.990139
0.991356
0.992148
0.992575
0.992747
0.992829
0.992939
0.993188
0.993895
0.994574
0.99489
0.994966
0.994974
0.994989
0.995036
0.99518
0.995631
0.996212
0.996578
0.9968
0.996977
0.997169
0.997407
0.997682
0.997949
0.998186
0.998398
0.998583
0.998728
0.998845
0.998938
0.998988
0.998996
0.998981
0.998904
0.998667
0.997952
0.995565
0.986474
0.951208
0.815125
0.530236
0.307501
0.155145
1
1
1
1
1
1
1
1
1
1
1
1
1
1
1
1
1
1
1
1
1
1
1
1
1
1
1
1
1
1
1
1
1
1
1
1
1
1
1
1
1
1
1
1
1
1
1
1
1
1
1
1
1
1
1
1
1
1
1
1
1
1
1
1
1
1
1
1
1
0.999999
0.999998
0.999995
0.999989
0.999975
0.999941
0.999863
0.999682
0.999208
0.997989
0.994272
0.989005
0.98876
0.989632
0.99141
0.991418
0.985735
0.943693
0.928248
0.934568
0.943986
0.943923
0.935706
0.931207
0.94378
0.94666
0.933373
0.927855
0.925234
0.923385
0.921953
0.923184
0.924131
0.929081
0.936671
0.949156
0.962394
0.974364
0.982677
0.987919
0.991504
0.993903
0.994971
0.995094
0.994909
0.994288
0.994012
0.994287
0.995228
0.995491
0.995443
0.995107
0.992993
0.978932
0.917865
0.840187
0.815623
0.813494
0.818235
0.833929
0.875676
0.919041
0.945664
0.959188
0.966657
0.971683
0.974968
0.976999
0.978507
0.979822
0.980743
0.981226
0.981722
0.982752
0.984233
0.985533
0.986335
0.986697
0.986889
0.987147
0.987716
0.989057
0.990623
0.991963
0.992799
0.993133
0.993362
0.99374
0.994112
0.994581
0.995286
0.996019
0.996592
0.997049
0.997486
0.997787
0.997854
0.997822
0.997696
0.997536
0.997182
0.996345
0.99442
0.989602
0.975887
0.932528
0.786489
0.50917
0.29734
0.154177
0.0669785
1
1
1
1
1
1
1
1
1
1
1
1
1
1
1
1
1
1
1
1
1
1
1
1
1
1
1
1
1
1
1
1
1
1
1
1
1
1
1
1
1
1
1
1
1
1
1
1
1
1
1
1
1
1
1
1
1
1
1
1
1
1
1
1
1
0.999999
0.999998
0.999997
0.999994
0.999987
0.999971
0.999943
0.999884
0.999749
0.999478
0.998936
0.997716
0.994436
0.98659
0.965844
0.955098
0.956911
0.96476
0.978169
0.981556
0.966266
0.924237
0.926872
0.942275
0.94414
0.939184
0.912333
0.90523
0.940898
0.949605
0.943593
0.938363
0.93674
0.935432
0.934078
0.933711
0.934138
0.939632
0.949544
0.959118
0.97008
0.978596
0.984548
0.9888
0.991716
0.993306
0.993496
0.99293
0.991478
0.991099
0.991922
0.993501
0.993947
0.993915
0.993628
0.992404
0.983598
0.921582
0.813275
0.799546
0.801548
0.802103
0.804312
0.8119
0.837293
0.87957
0.906056
0.92356
0.937207
0.945789
0.949656
0.951468
0.953159
0.954624
0.955737
0.957569
0.96048
0.963575
0.965737
0.966769
0.967348
0.96832
0.970306
0.973381
0.977226
0.98096
0.983671
0.98545
0.986892
0.98809
0.98916
0.990396
0.991613
0.99256
0.99362
0.994861
0.995561
0.995654
0.995617
0.995403
0.994608
0.992431
0.990741
0.989086
0.98552
0.976579
0.9591
0.920044
0.811951
0.566159
0.349762
0.18775
0.0942617
0.0416449
0.0154252
1
1
1
1
1
1
1
1
1
1
1
1
1
1
1
1
1
1
1
1
1
1
1
1
1
1
1
1
1
1
1
1
1
1
1
1
1
1
1
1
1
1
1
1
1
1
1
1
1
1
1
1
1
1
1
1
1
1
1
1
1
0.999999
0.999998
0.999996
0.999991
0.999986
0.999974
0.999954
0.999924
0.999855
0.999672
0.999446
0.999009
0.997946
0.996301
0.993496
0.986845
0.968951
0.933057
0.923029
0.917582
0.918397
0.925224
0.949818
0.963435
0.943079
0.916119
0.926668
0.942202
0.944247
0.934538
0.888994
0.882884
0.923183
0.950601
0.952348
0.948611
0.94922
0.951261
0.9504
0.950469
0.951292
0.957427
0.963233
0.971277
0.978009
0.983283
0.986929
0.989528
0.991249
0.991188
0.989359
0.987832
0.988047
0.990028
0.991834
0.992378
0.992353
0.992023
0.99102
0.987035
0.954975
0.813422
0.770101
0.790968
0.809251
0.80925
0.807988
0.810838
0.823705
0.852853
0.880932
0.905381
0.91885
0.922272
0.922223
0.921069
0.921086
0.921783
0.923573
0.927663
0.931942
0.935733
0.939351
0.943695
0.949393
0.956035
0.962564
0.968208
0.973099
0.977081
0.979976
0.982348
0.984794
0.986974
0.988394
0.989598
0.991225
0.992685
0.993185
0.993057
0.991468
0.985318
0.981272
0.977419
0.966155
0.949269
0.936878
0.917998
0.875091
0.758063
0.548696
0.359469
0.223558
0.127841
0.0682455
0.0321918
0.0143739
0.00559714
0.00171894
1
1
1
1
1
1
1
1
1
1
1
1
1
1
1
1
1
1
1
1
1
1
1
1
1
1
1
1
1
1
1
1
1
1
1
1
1
1
1
1
1
1
1
1
1
1
1
1
1
1
1
1
1
1
1
1
1
1
0.999999
0.999995
0.99999
0.999977
0.999949
0.999921
0.999855
0.9998
0.999679
0.999535
0.999283
0.998619
0.997123
0.995818
0.993068
0.987148
0.979695
0.967541
0.932881
0.906502
0.909969
0.918229
0.914588
0.913325
0.925739
0.952333
0.951268
0.914304
0.903805
0.920858
0.94047
0.94308
0.922885
0.888138
0.881414
0.89458
0.949579
0.955504
0.95528
0.955086
0.960598
0.96313
0.965145
0.96739
0.970959
0.974093
0.979295
0.982253
0.984986
0.987005
0.988284
0.987082
0.984821
0.984456
0.985815
0.988426
0.990436
0.991096
0.991027
0.990211
0.988355
0.985129
0.97292
0.879518
0.731468
0.736203
0.805412
0.820294
0.814521
0.811339
0.813263
0.82521
0.854079
0.882709
0.898559
0.901091
0.899653
0.898622
0.899707
0.90278
0.910176
0.91918
0.927393
0.935298
0.943562
0.951369
0.957956
0.963527
0.967791
0.970788
0.973793
0.977606
0.981594
0.984364
0.985556
0.985861
0.985358
0.983636
0.982568
0.982039
0.980517
0.975717
0.960713
0.908079
0.849992
0.820335
0.795311
0.739052
0.586286
0.399514
0.258224
0.161756
0.0975791
0.0566211
0.0311459
0.0162106
0.0077588
0.00347046
0.00138635
0.000522723
0.000181316
1.41237e-05
1
1
1
1
1
1
1
1
1
1
1
1
1
1
1
1
1
1
1
1
1
1
1
1
1
1
1
1
1
1
1
1
1
1
1
1
1
1
1
1
1
1
1
1
1
1
1
1
1
1
1
1
1
1
1
0.999999
0.999995
0.99998
0.999942
0.999842
0.999732
0.999464
0.999247
0.998858
0.998354
0.997939
0.997317
0.996478
0.994463
0.987669
0.980835
0.974977
0.956541
0.937773
0.910715
0.866642
0.859698
0.892943
0.913868
0.927258
0.932275
0.930839
0.942412
0.949737
0.925206
0.896672
0.892655
0.909432
0.935612
0.938031
0.91458
0.890764
0.884375
0.883857
0.936779
0.956314
0.959163
0.959847
0.963109
0.967438
0.96964
0.973191
0.974943
0.978386
0.980108
0.98218
0.983335
0.983227
0.981954
0.981498
0.982495
0.98469
0.987459
0.989304
0.989795
0.98948
0.98682
0.978277
0.973489
0.967042
0.936939
0.7628
0.644069
0.698748
0.809511
0.828643
0.819753
0.81704
0.820539
0.837235
0.870184
0.8883
0.890212
0.87966
0.870026
0.87416
0.90013
0.93278
0.947253
0.953625
0.959856
0.968502
0.975931
0.978948
0.979718
0.97913
0.974419
0.969255
0.967915
0.96695
0.959777
0.934984
0.900081
0.870816
0.853927
0.846777
0.83889
0.817343
0.747577
0.545042
0.339321
0.200698
0.114499
0.063578
0.0344243
0.0181231
0.00924749
0.00456324
0.00217097
0.000999422
0.000445989
0.000181591
6.15662e-05
3.06666e-05
1.60472e-05
7.98606e-06
3.71521e-06
1.71247e-06
7.67011e-07
-8.00034e-07
1
1
1
1
1
1
1
1
1
1
1
1
1
1
1
1
1
1
1
1
1
1
1
1
1
1
1
1
1
1
1
1
1
1
1
1
1
1
1
1
1
1
1
1
1
1
1
1
1
1
1
1
1
1
0.999997
0.999954
0.999748
0.999219
0.998213
0.996736
0.995189
0.993039
0.991307
0.988679
0.986869
0.985661
0.983863
0.977838
0.958274
0.905413
0.896731
0.880166
0.804284
0.800759
0.843149
0.845119
0.843387
0.854886
0.888046
0.921273
0.935624
0.939797
0.942022
0.934391
0.901307
0.87605
0.87492
0.896519
0.923022
0.9239
0.907219
0.895182
0.888042
0.88165
0.909295
0.951663
0.959926
0.962586
0.964794
0.96787
0.970344
0.972215
0.97486
0.976404
0.97744
0.978415
0.978689
0.97943
0.980538
0.982342
0.98482
0.98689
0.987647
0.987514
0.986058
0.981314
0.963055
0.933329
0.925912
0.91499
0.834093
0.585464
0.518256
0.614372
0.776182
0.835054
0.846536
0.846657
0.855095
0.870748
0.876094
0.862803
0.778038
0.708681
0.712587
0.792986
0.904613
0.962843
0.98319
0.987916
0.987693
0.977353
0.932231
0.786257
0.596855
0.434099
0.30487
0.207605
0.136446
0.0866776
0.0534539
0.0319668
0.0182719
0.00970574
0.00466719
0.00217077
0.00146031
0.0010378
0.000716875
0.000478152
0.00030686
0.000189754
0.000113524
6.59756e-05
3.73181e-05
2.05485e-05
1.10113e-05
5.74206e-06
2.91264e-06
1.43719e-06
6.89848e-07
3.22314e-07
1.44571e-07
6.02829e-08
2.25392e-08
7.51589e-09
2.2448e-09
6.27119e-10
1.62885e-10
3.65648e-11
1
1
1
1
1
1
1
1
1
1
1
1
1
1
1
1
1
1
1
1
1
1
1
1
1
1
1
1
1
1
1
1
1
1
1
1
1
1
1
1
1
1
1
1
1
1
1
1
1
1
1
1
1
0.999996
0.999839
0.997543
0.989449
0.976436
0.96507
0.956741
0.946453
0.939979
0.932725
0.927703
0.927875
0.930833
0.925923
0.82381
0.7254
0.730545
0.813686
0.822468
0.772334
0.773137
0.808316
0.806439
0.78748
0.795941
0.825409
0.870733
0.909466
0.923825
0.921468
0.89636
0.861268
0.845864
0.850422
0.883516
0.906412
0.908277
0.902721
0.89567
0.887996
0.879957
0.883005
0.930291
0.95413
0.961296
0.967086
0.970284
0.972907
0.974066
0.975767
0.976546
0.977725
0.979192
0.980126
0.981647
0.983077
0.984278
0.984712
0.984495
0.982737
0.976476
0.955451
0.910884
0.796485
0.644969
0.547289
0.474074
0.388954
0.331751
0.326257
0.403351
0.57014
0.708998
0.7864
0.799989
0.77653
0.703459
0.530519
0.322578
0.197539
0.168313
0.174116
0.194842
0.204751
0.20075
0.174506
0.12408
0.0719157
0.0308079
0.00824945
0.00167256
0.000459433
0.000245959
0.000140868
8.15082e-05
4.70746e-05
2.69758e-05
1.52326e-05
8.41592e-06
4.52156e-06
2.35423e-06
1.19201e-06
5.96606e-07
3.01877e-07
1.55403e-07
8.1491e-08
4.33988e-08
2.33448e-08
1.26121e-08
6.80653e-09
3.64727e-09
1.92705e-09
9.97673e-10
5.04032e-10
2.48064e-10
1.18864e-10
5.54649e-11
2.51812e-11
1.10709e-11
4.59303e-12
1.72993e-12
5.79283e-13
1.74966e-13
4.87803e-14
1.31435e-14
3.37725e-15
-3.35737e-15
1
1
1
1
1
1
1
1
1
1
1
1
1
1
1
1
1
1
1
1
1
1
1
1
1
1
1
1
1
1
1
1
1
1
1
1
1
1
1
1
1
1
1
1
1
1
1
1
1
1
1
1
0.999999
0.999871
0.99493
0.927519
0.799792
0.788772
0.810143
0.828036
0.839709
0.848662
0.854859
0.859251
0.861769
0.860595
0.849485
0.793669
0.733292
0.717863
0.719867
0.718673
0.711893
0.743399
0.7702
0.765305
0.764682
0.779892
0.798177
0.81127
0.827903
0.836237
0.834569
0.820851
0.820264
0.826618
0.851093
0.880422
0.892602
0.894559
0.893925
0.892303
0.883605
0.869087
0.87255
0.907249
0.941177
0.942842
0.942897
0.942803
0.942712
0.942776
0.940847
0.937378
0.932113
0.922456
0.908912
0.887185
0.852021
0.792785
0.691109
0.544759
0.402604
0.324232
0.308219
0.308516
0.309571
0.308755
0.304817
0.292608
0.275678
0.259941
0.247099
0.236736
0.229393
0.225043
0.221749
0.218789
0.169694
0.0922009
0.0383183
0.0142285
0.00586584
0.00414713
0.00354839
0.00300089
0.00248922
0.00202311
0.00159831
0.000938798
0.00033705
7.00175e-05
6.80291e-06
3.09998e-07
6.2871e-08
2.64581e-08
1.12788e-08
4.96121e-09
2.22323e-09
1.07219e-09
5.5484e-10
2.92467e-10
1.5263e-10
7.85101e-11
4.01288e-11
2.06592e-11
1.0817e-11
5.77118e-12
3.12545e-12
1.70334e-12
9.24278e-13
4.94932e-13
2.60246e-13
1.34118e-13
6.76385e-14
3.32818e-14
1.58656e-14
7.24038e-15
3.11855e-15
1.29627e-15
5.32291e-16
2.13789e-16
8.02107e-17
2.70239e-17
8.24268e-18
2.35512e-18
6.51481e-19
1.79421e-19
4.77896e-20
-3.90336e-16
1.51689e-18
1.35813e-18
7.64675e-19
2.38134e-19
6.43946e-20
1.57437e-20
3.52898e-21
7.29877e-22
1.40137e-22
2.5052e-23
4.17551e-24
6.46109e-25
9.28805e-26
1.21636e-26
1.3249e-27
2.26758e-28
3.78513e-29
6.1651e-30
9.79914e-31
1.52192e-31
2.31001e-32
3.43364e-33
4.99933e-34
7.1545e-35
1.64316e-35
8.26393e-17
6.84206e-17
3.81298e-17
1.40515e-17
4.53886e-18
1.33291e-18
3.62645e-19
9.22636e-20
2.21051e-20
5.01285e-21
1.08014e-21
2.21779e-22
4.35271e-23
8.17659e-24
1.47476e-24
2.55174e-25
4.2556e-26
6.87276e-27
1.07982e-27
1.65138e-28
2.46325e-29
3.58543e-30
5.10762e-31
7.12006e-32
1.00022e-32
3.14475e-15
2.01694e-15
8.57457e-16
3.1898e-16
1.06763e-16
3.28982e-17
9.46936e-18
2.56712e-18
6.59277e-19
1.61075e-19
3.75673e-20
8.38737e-21
1.79721e-21
3.7026e-22
7.35065e-23
1.40783e-23
2.60771e-24
4.67723e-25
8.15495e-26
1.38317e-26
2.28755e-27
3.69089e-28
5.8307e-29
9.03365e-30
1.25405e-30
6.85792e-14
3.05474e-14
1.21159e-14
4.36555e-15
1.44679e-15
4.46532e-16
1.29622e-16
3.56174e-17
9.30464e-18
2.3187e-18
5.52728e-19
1.26342e-19
2.77528e-20
5.86838e-21
1.1968e-21
2.35696e-22
4.4916e-23
8.28875e-24
1.48611e-24
2.59139e-25
4.40514e-26
7.30383e-27
1.18574e-27
1.88791e-28
2.65727e-29
7.47284e-13
3.10308e-13
1.17934e-13
4.14928e-14
1.36057e-14
4.187e-15
1.21739e-15
3.36079e-16
8.8397e-17
2.22125e-17
5.34483e-18
1.23416e-18
2.74e-19
5.85808e-20
1.20822e-20
2.40706e-21
4.64066e-22
8.66686e-23
1.57163e-23
2.7713e-24
4.7634e-25
7.98554e-26
1.31109e-26
2.11101e-27
2.99248e-28
5.76183e-12
2.31215e-12
8.60471e-13
2.99298e-13
9.77494e-14
3.01075e-14
8.78661e-15
2.4392e-15
6.45987e-16
1.63592e-16
3.96966e-17
9.24745e-18
2.07178e-18
4.47069e-19
9.30758e-20
1.87193e-20
3.64328e-21
6.86917e-22
1.25738e-22
2.237e-23
3.87874e-24
6.55816e-25
1.08617e-25
1.76358e-26
2.51402e-27
3.47359e-11
1.36879e-11
5.04305e-12
1.74662e-12
5.70633e-13
1.76405e-13
5.17751e-14
1.44728e-14
3.86288e-15
9.86479e-16
2.41485e-16
5.67624e-17
1.28329e-17
2.79463e-18
5.87137e-19
1.19161e-19
2.34012e-20
4.452e-21
8.22219e-22
1.47556e-22
2.5804e-23
4.39988e-24
7.34847e-25
1.20319e-25
1.72538e-26
1.71674e-10
6.70349e-11
2.46109e-11
8.52601e-12
2.79474e-12
8.68831e-13
2.5682e-13
7.23658e-14
1.94811e-14
5.01982e-15
1.2402e-15
2.94254e-16
6.7154e-17
1.47627e-17
3.1309e-18
6.41429e-19
1.27149e-19
2.44155e-20
4.55061e-21
8.23993e-22
1.45362e-22
2.4997e-23
4.21001e-24
6.95041e-25
1.0026e-25
7.17178e-10
2.79136e-10
1.02554e-10
3.56475e-11
1.17486e-11
3.67832e-12
1.09619e-12
3.1161e-13
8.46614e-14
2.20222e-14
5.49325e-15
1.31598e-15
3.03237e-16
6.73033e-17
1.44096e-17
2.97986e-18
5.96153e-19
1.15522e-19
2.17249e-20
3.9688e-21
7.06297e-22
1.22505e-22
2.08046e-23
3.46374e-24
5.02792e-25
2.59168e-09
1.00953e-09
3.72239e-10
1.30108e-10
4.31817e-11
1.36299e-11
4.0983e-12
1.176e-12
3.22602e-13
8.47403e-14
2.13467e-14
5.16442e-15
1.20171e-15
2.69314e-16
5.82156e-17
1.21539e-17
2.45451e-18
4.80094e-19
9.11197e-20
1.67984e-20
3.01596e-21
5.2762e-22
9.03561e-23
1.51696e-23
2.21568e-24
8.25258e-09
3.22652e-09
1.19647e-09
4.21172e-10
1.40922e-10
4.48787e-11
1.36226e-11
3.94739e-12
1.09366e-12
2.90164e-13
7.38281e-14
1.80396e-14
4.23916e-15
9.59339e-16
2.09377e-16
4.41283e-17
8.99503e-18
1.77554e-18
3.4002e-19
6.32407e-20
1.14533e-20
2.021e-21
3.48972e-22
5.90789e-23
8.68467e-24
2.35245e-08
9.25042e-09
3.4548e-09
1.22609e-09
4.13902e-10
1.3306e-10
4.07864e-11
1.19372e-11
3.34077e-12
8.95311e-13
2.3009e-13
5.67823e-14
1.34749e-14
3.07908e-15
6.78447e-16
1.44339e-16
2.96957e-17
5.91566e-18
1.14313e-18
2.14517e-19
3.91891e-20
6.97418e-21
1.21417e-21
2.07256e-22
3.06588e-23
6.088e-08
2.41118e-08
9.07844e-09
3.25045e-09
1.10755e-09
3.59509e-10
1.11295e-10
3.29011e-11
9.30047e-12
2.51746e-12
6.53401e-13
1.62833e-13
3.90164e-14
9.00066e-15
2.00188e-15
4.29849e-16
8.92403e-17
1.79364e-17
3.49628e-18
6.61749e-19
1.21912e-19
2.18773e-20
3.83931e-21
6.60656e-22
9.83509e-23
1.44913e-07
5.78574e-08
2.19736e-08
7.93968e-09
2.73106e-09
8.95107e-10
2.79828e-10
8.35396e-11
2.38474e-11
6.51807e-12
1.70809e-12
4.29732e-13
1.03937e-13
2.41992e-14
5.43133e-15
1.17669e-15
2.46444e-16
4.99638e-17
9.82278e-18
1.87494e-18
3.48269e-19
6.30062e-20
1.11435e-20
1.93264e-21
2.89473e-22
3.21172e-07
1.29322e-07
4.95517e-08
1.80687e-08
6.27339e-09
2.07556e-09
6.55023e-10
1.97406e-10
5.68834e-11
1.56928e-11
4.15031e-12
1.05367e-12
2.57131e-13
6.03964e-14
1.36735e-14
2.98775e-15
6.31033e-16
1.28997e-16
2.55669e-17
4.91917e-18
9.20888e-19
1.67896e-19
2.99169e-20
5.22741e-21
7.87665e-22
6.7053e-07
2.72298e-07
1.05242e-07
3.87139e-08
1.35608e-08
4.52658e-09
1.44127e-09
4.38211e-10
1.27385e-10
3.54487e-11
9.45603e-12
2.42111e-12
5.95801e-13
1.41107e-13
3.22077e-14
7.09444e-15
1.51032e-15
3.11172e-16
6.21518e-17
1.20503e-17
2.27286e-18
4.17478e-19
7.49211e-20
1.31856e-20
1.99813e-21
1.32937e-06
5.44205e-07
2.12047e-07
7.86431e-08
2.77734e-08
9.34655e-09
3.00007e-09
9.19478e-10
2.69403e-10
7.55558e-11
2.031e-11
5.23969e-12
1.29908e-12
3.09947e-13
7.12622e-14
1.58103e-14
3.38979e-15
7.03319e-16
1.4145e-16
2.76126e-17
5.24305e-18
9.69463e-19
1.75101e-19
3.10155e-20
4.72436e-21
2.52501e-06
1.04111e-06
4.0856e-07
1.52601e-07
5.42732e-08
1.8393e-08
5.9452e-09
1.83484e-09
5.41332e-10
1.52867e-10
4.13727e-11
1.07457e-11
2.68201e-12
6.44115e-13
1.49055e-13
3.32812e-14
7.18053e-15
1.49906e-15
3.03324e-16
5.9569e-17
1.13776e-17
2.11607e-18
3.84332e-19
6.8461e-20
1.04746e-20
4.6328e-06
1.92258e-06
7.59213e-07
2.85306e-07
1.02075e-07
3.47945e-08
1.13109e-08
3.51045e-09
1.04143e-09
2.95704e-10
8.04666e-11
2.10128e-11
5.27286e-12
1.27317e-12
2.96211e-13
6.6494e-14
1.44233e-14
3.02724e-15
6.158e-16
1.21576e-16
2.33417e-17
4.36373e-18
7.96534e-19
1.42599e-19
2.19051e-20
8.27754e-06
3.45537e-06
1.37211e-06
5.18367e-07
1.864e-07
6.3848e-08
2.08532e-08
6.50151e-09
1.93735e-09
5.52483e-10
1.50983e-10
3.95934e-11
9.97681e-12
2.41892e-12
5.6509e-13
1.27372e-13
2.77409e-14
5.84616e-15
1.19405e-15
2.36701e-16
4.5629e-17
8.56523e-18
1.56963e-18
2.8214e-19
4.348e-20
1.44655e-05
6.07173e-06
2.42333e-06
9.1983e-07
3.32221e-07
1.14269e-07
3.74672e-08
1.17249e-08
3.50634e-09
1.00337e-09
2.75122e-10
7.2383e-11
1.82977e-11
4.45042e-12
1.04293e-12
2.35807e-13
5.15164e-14
1.08901e-14
2.23108e-15
4.43632e-16
8.57786e-17
1.6151e-17
2.96849e-18
5.35188e-19
8.26709e-20
2.47945e-05
1.04627e-05
4.19598e-06
1.59964e-06
5.80059e-07
2.00243e-07
6.5879e-08
2.06809e-08
6.2029e-09
1.77998e-09
4.89364e-10
1.29078e-10
3.27105e-11
7.9751e-12
1.87332e-12
4.24546e-13
9.29624e-14
1.96963e-14
4.04433e-15
8.06004e-16
1.56193e-16
2.94758e-17
5.42922e-18
9.8101e-19
1.51792e-19
4.17512e-05
1.77113e-05
7.13629e-06
2.73194e-06
9.94346e-07
3.44411e-07
1.13653e-07
3.5777e-08
1.0758e-08
3.09436e-09
8.52591e-10
2.2535e-10
5.7219e-11
1.39766e-11
3.28895e-12
7.46665e-13
1.63774e-13
3.47574e-14
7.14859e-15
1.42699e-15
2.76971e-16
5.2352e-17
9.6574e-18
1.74771e-18
2.7073e-19
6.91938e-05
2.95059e-05
1.19427e-05
4.59014e-06
1.67653e-06
5.82501e-07
1.92753e-07
6.08277e-08
1.83317e-08
5.28359e-09
1.45852e-09
3.86171e-10
9.82107e-11
2.40254e-11
5.66163e-12
1.28705e-12
2.82664e-13
6.00633e-14
1.2368e-14
2.47175e-15
4.80293e-16
9.08853e-17
1.67829e-17
3.04045e-18
4.71312e-19
0.000113192
4.85046e-05
1.97151e-05
7.60487e-06
2.78637e-06
9.70766e-07
3.22012e-07
1.01838e-07
3.07505e-08
8.8785e-09
2.45479e-09
6.50898e-10
1.65757e-10
4.05992e-11
9.57816e-12
2.1797e-12
4.79184e-13
1.01917e-13
2.10048e-14
4.20141e-15
8.1703e-16
1.54726e-16
2.85911e-17
5.18329e-18
8.03792e-19
0.000183616
7.9014e-05
3.22278e-05
1.24678e-05
4.5794e-06
1.59886e-06
5.31345e-07
1.68319e-07
5.09005e-08
1.47162e-08
4.07385e-09
1.08142e-09
2.75678e-10
6.7587e-11
1.59592e-11
3.63477e-12
7.99668e-13
1.70201e-13
3.51004e-14
7.02511e-15
1.36689e-15
2.58997e-16
4.78796e-17
8.68401e-18
1.3469e-18
0.0002972
0.00012828
5.2443e-05
2.03246e-05
7.47579e-06
2.61314e-06
8.69279e-07
2.7561e-07
8.34125e-08
2.41339e-08
6.68556e-09
1.77588e-09
4.52992e-10
1.11124e-10
2.62539e-11
5.98257e-12
1.31683e-12
2.804e-13
5.78507e-14
1.1583e-14
2.2545e-15
4.27323e-16
7.90157e-17
1.43348e-17
2.22337e-18
0.000501412
0.000216722
8.86598e-05
3.4368e-05
1.26405e-05
4.41759e-06
1.4692e-06
4.65716e-07
1.40924e-07
4.07693e-08
1.12934e-08
2.99991e-09
7.65272e-10
1.87749e-10
4.43631e-11
1.01107e-11
2.22583e-12
4.74037e-13
9.78153e-14
1.95879e-14
3.813e-15
7.2282e-16
1.3366e-16
2.42499e-17
3.76055e-18
0.000890035
0.000384623
0.000157195
6.0847e-05
2.23418e-05
7.79443e-06
2.58791e-06
8.19071e-07
2.47509e-07
7.1521e-08
1.97926e-08
5.25341e-09
1.33929e-09
3.28421e-10
7.75749e-11
1.76756e-11
3.89061e-12
8.28521e-13
1.70957e-13
3.42357e-14
6.66466e-15
1.26351e-15
2.33651e-16
4.2395e-17
6.57367e-18
0.00160221
0.00069151
0.000281989
0.000108843
3.9839e-05
1.38535e-05
4.58496e-06
1.44673e-06
4.35952e-07
1.25654e-07
3.46944e-08
9.19034e-09
2.33891e-09
5.72689e-10
1.35101e-10
3.075e-11
6.76235e-12
1.439e-12
2.96743e-13
5.93966e-14
1.15581e-14
2.19056e-15
4.0497e-16
7.3466e-17
1.1388e-17
0.0028925
0.00124726
0.000507533
0.000195314
7.12381e-05
2.4678e-05
8.1357e-06
2.55729e-06
7.6776e-07
2.20521e-07
6.06917e-08
1.60293e-08
4.06843e-09
9.93763e-10
2.33929e-10
5.31426e-11
1.16672e-11
2.47909e-12
5.10573e-13
1.02085e-13
1.98461e-14
3.75838e-15
6.94313e-16
1.25883e-16
1.95015e-17
0.00518639
0.00223861
0.000910442
0.000349777
0.000127256
4.39483e-05
1.44391e-05
4.52224e-06
1.35271e-06
3.87121e-07
1.06167e-07
2.79447e-08
7.06999e-09
1.72174e-09
4.0416e-10
9.15782e-11
2.00581e-11
4.25288e-12
8.74186e-13
1.74482e-13
3.38673e-14
6.40477e-15
1.1817e-15
2.14014e-16
3.31208e-17
0.00910956
0.00394743
0.00160887
0.000618561
0.000224967
7.76013e-05
2.54496e-05
7.95267e-06
2.37269e-06
6.77123e-07
1.85156e-07
4.85907e-08
1.22567e-08
2.97609e-09
6.96609e-10
1.57409e-10
3.43862e-11
7.27274e-12
1.49143e-12
2.97032e-13
5.75371e-14
1.08608e-14
2.00035e-15
3.6171e-16
5.5898e-17
0.0154828
0.00675789
0.00276895
0.00106853
0.000389564
0.000134566
4.41556e-05
1.37963e-05
4.11336e-06
1.17257e-06
3.20164e-07
8.38746e-08
2.11156e-08
5.11633e-09
1.19493e-09
2.694e-10
5.87159e-11
1.23902e-11
2.53518e-12
5.03804e-13
9.73841e-14
1.83455e-14
3.37229e-15
6.08679e-16
9.3907e-17
0.0252202
0.0111237
0.00459609
0.00178549
0.000654401
0.000226983
7.47176e-05
2.34002e-05
6.98828e-06
1.99418e-06
5.44782e-07
1.42727e-07
3.59202e-08
8.69783e-09
2.02951e-09
4.5703e-10
9.94772e-11
2.09608e-11
4.28203e-12
8.49549e-13
1.63937e-13
3.08305e-14
5.65754e-15
1.01944e-15
1.5703e-16
0.0391343
0.0174901
0.00730666
0.00286494
0.00105829
0.000369522
0.000122325
3.84924e-05
1.15412e-05
3.30426e-06
9.05085e-07
2.37623e-07
5.98983e-08
1.45206e-08
3.39067e-09
7.63846e-10
1.6627e-10
3.50277e-11
7.15264e-12
1.41818e-12
2.73451e-13
5.13789e-14
9.41852e-15
1.69531e-15
2.60846e-16
0.0576892
0.0261791
0.01108
0.0043937
0.0016391
0.000577321
0.00019259
6.10178e-05
1.84059e-05
5.29775e-06
1.45793e-06
3.84328e-07
9.7219e-08
2.36384e-08
5.53365e-09
1.2492e-09
2.72378e-10
5.74564e-11
1.17442e-11
2.3302e-12
4.49502e-13
8.44762e-14
1.54861e-14
2.78711e-15
4.28712e-16
0.0808002
0.0372756
0.0160032
0.00642636
0.00242453
0.000862684
0.000290453
9.28012e-05
2.8209e-05
8.17638e-06
2.26448e-06
6.00393e-07
1.52666e-07
3.72938e-08
8.76676e-09
1.9864e-09
4.3453e-10
9.19233e-11
1.88359e-11
3.74526e-12
7.23788e-13
1.36232e-13
2.50057e-14
4.50531e-15
6.93529e-16
0.10774
0.0505503
0.0220252
0.00896219
0.00342206
0.00123112
0.000418755
0.00013507
4.14223e-05
1.21055e-05
3.37838e-06
9.02098e-07
2.30891e-07
5.67449e-08
1.34135e-08
3.0548e-09
6.71364e-10
1.42628e-10
2.93385e-11
5.85386e-12
1.13485e-12
2.14206e-13
3.94184e-14
7.11849e-15
1.09784e-15
0.137207
0.0654644
0.0289503
0.0119399
0.00461615
0.00168015
0.000577783
0.000188306
5.83174e-05
1.72018e-05
4.8429e-06
1.30389e-06
3.36341e-07
8.32684e-08
1.98191e-08
4.54276e-09
1.00442e-09
2.14587e-10
4.4373e-11
8.89707e-12
1.73269e-12
3.28435e-13
6.06784e-14
1.09989e-14
1.70161e-15
0.167088
0.0810226
0.0363519
0.0151931
0.0059476
0.00219051
0.000761855
0.000251005
7.85473e-05
2.3401e-05
6.65129e-06
1.80716e-06
4.70229e-07
1.17383e-07
2.81597e-08
6.50297e-09
1.44807e-09
3.11456e-10
6.48156e-11
1.30744e-11
2.56079e-12
4.88029e-13
9.06277e-14
1.65083e-14
2.56481e-15
0.194837
0.0959906
0.0436722
0.0184869
0.0073247
0.00272923
0.000960034
0.000319817
0.000101166
3.04568e-05
8.74508e-06
2.39947e-06
6.3028e-07
1.58775e-07
3.84241e-08
8.9482e-09
2.00868e-09
4.35383e-10
9.12777e-11
1.85429e-11
3.65658e-12
7.01382e-13
1.31062e-13
2.4019e-14
3.75143e-15
0.211338
0.106015
0.0490925
0.0211336
0.00850543
0.00321527
0.00114618
0.000386579
0.000123703
3.76485e-05
1.09221e-05
3.02651e-06
8.02572e-07
2.04043e-07
4.98216e-08
1.17034e-08
2.64941e-09
5.78981e-10
1.22352e-10
2.50478e-11
4.97643e-12
9.61478e-13
1.80935e-13
3.33871e-14
5.24651e-15
0.21612
0.109136
0.0509451
0.0221421
0.00901052
0.00344885
0.0012462
0.000426345
0.000138436
4.2755e-05
1.25843e-05
3.53646e-06
9.5051e-07
2.44753e-07
6.04807e-08
1.4367e-08
3.28642e-09
7.25188e-10
1.54643e-10
3.19273e-11
6.39395e-12
1.24464e-12
2.35909e-13
4.38346e-14
6.93063e-15
0.215992
0.109217
0.0510758
0.0222495
0.00908051
0.0034886
0.00126641
0.000435664
0.000142378
4.42966e-05
1.31447e-05
3.72695e-06
1.01135e-06
2.63097e-07
6.57195e-08
1.57884e-08
3.65383e-09
8.15907e-10
1.76091e-10
3.67957e-11
7.45751e-12
1.46887e-12
2.81651e-13
5.29295e-14
8.45473e-15
0.207817
0.105988
0.0498779
0.0218262
0.00893734
0.00344236
0.00125216
0.00043151
0.000141251
4.40213e-05
1.30885e-05
3.71937e-06
1.01193e-06
2.64028e-07
6.61719e-08
1.5956e-08
3.70765e-09
8.31614e-10
1.80349e-10
3.78832e-11
7.72117e-12
1.53e-12
2.95283e-13
5.58824e-14
8.98825e-15
0.18239
0.0949339
0.0454043
0.0201244
0.00832538
0.00323369
0.00118447
0.00041057
0.00013506
4.22674e-05
1.26111e-05
3.59427e-06
9.80325e-07
2.56323e-07
6.43583e-08
1.55436e-08
3.61706e-09
8.12372e-10
1.76396e-10
3.70972e-11
7.56998e-12
1.50187e-12
2.90221e-13
5.49983e-14
8.86089e-15
0.140759
0.074743
0.0365386
0.0165315
0.00696474
0.00274795
0.00101999
0.000357557
0.000118774
3.74925e-05
1.1273e-05
3.23538e-06
8.88054e-07
2.33548e-07
5.89508e-08
1.43065e-08
3.34378e-09
7.53996e-10
1.64311e-10
3.46693e-11
7.09534e-12
1.41146e-12
2.7341e-13
5.19295e-14
8.38439e-15
0.0912768
0.0494726
0.0245969
0.0112891
0.00482014
0.00192799
0.000726069
0.000258371
8.71143e-05
2.78963e-05
8.5021e-06
2.47101e-06
6.86106e-07
1.82337e-07
4.64622e-08
1.13729e-08
2.67884e-09
6.08339e-10
1.33416e-10
2.83155e-11
5.82541e-12
1.16449e-12
2.26565e-13
4.32092e-14
7.00883e-15
0.0412769
0.0230646
0.0117117
0.00544708
0.00234632
0.000944592
0.000357597
0.000127873
4.33426e-05
1.39647e-05
4.28694e-06
1.25649e-06
3.52254e-07
9.46184e-08
2.43875e-08
6.04109e-09
1.44011e-09
3.30968e-10
7.34241e-11
1.57589e-11
3.27592e-12
6.6151e-13
1.29905e-13
2.5003e-14
4.09742e-15
0.0109881
0.00661641
0.00349322
0.00164799
0.000710419
0.000284119
0.0001064
3.75513e-05
1.2549e-05
3.98513e-06
1.20587e-06
3.48462e-07
9.63432e-08
2.55315e-08
6.49487e-09
1.58875e-09
3.74188e-10
8.50206e-11
1.86547e-11
3.96291e-12
8.15501e-13
1.63187e-13
3.17622e-14
6.06614e-15
9.94767e-16
0.00162201
0.00126034
0.000699766
0.000332699
0.000141529
5.51762e-05
1.99881e-05
6.79226e-06
2.17986e-06
6.63991e-07
1.9265e-07
5.33879e-08
1.41615e-08
3.60251e-09
8.80127e-10
2.06849e-10
4.68363e-11
1.02392e-11
2.16338e-12
4.42769e-13
8.78307e-14
1.69467e-14
3.18143e-15
5.85776e-16
9.47525e-17
0.000149242
0.000140175
9.9377e-05
4.67375e-05
1.91436e-05
7.07405e-06
2.40508e-06
7.62445e-07
2.27483e-07
6.42955e-08
1.72935e-08
4.44091e-09
1.09138e-09
2.57196e-10
5.81932e-11
1.26636e-11
2.65903e-12
5.39416e-13
1.05832e-13
2.01164e-14
3.70784e-15
6.64601e-16
1.15939e-16
1.98095e-17
3.16997e-18
1.06126e-05
1.21774e-05
9.51713e-06
4.40531e-06
1.68236e-06
5.69125e-07
1.74888e-07
4.96926e-08
1.32125e-08
3.3136e-09
7.88087e-10
1.78368e-10
3.85143e-11
7.94805e-12
1.57466e-12
3.00672e-13
5.53933e-14
9.85583e-15
1.6958e-15
2.82493e-16
4.56327e-17
7.16193e-18
1.0942e-18
1.64217e-19
2.94933e-20
6.34805e-07
8.31218e-07
6.27674e-07
2.60845e-07
8.72159e-08
2.52406e-08
6.51979e-09
1.53562e-09
3.34475e-10
6.79642e-11
1.29646e-11
2.32882e-12
4.00965e-13
6.63232e-14
1.05496e-14
1.61509e-15
2.38307e-16
3.39249e-17
4.66851e-18
6.21889e-19
7.93954e-20
9.93833e-21
1.94482e-21
3.93359e-22
1.31954e-22
2.92918e-08
3.69851e-08
2.33182e-08
7.56312e-09
1.95214e-09
4.18335e-10
7.69514e-11
1.24121e-11
1.77308e-12
2.34707e-13
2.96866e-14
3.59359e-15
4.17664e-16
4.26485e-17
7.53799e-18
1.28883e-18
2.134e-19
3.42507e-20
5.33626e-21
8.07911e-22
1.19076e-22
1.71052e-23
2.4096e-24
3.77637e-25
2.34688e-25
6.33557e-10
6.17689e-10
2.40375e-10
4.75916e-11
6.97907e-12
7.17508e-13
4.69098e-14
2.63352e-15
2.67758e-16
2.66021e-17
2.60282e-18
2.52392e-19
2.43515e-20
2.29797e-21
2.48045e-22
3.15714e-23
4.55147e-24
6.97314e-25
1.08463e-25
1.6742e-26
3.1417e-27
4.08621e-28
2.21815e-28
2.74536e-29
1.49557e-28
)
;

boundaryField
{
    inlet
    {
        type            fixedValue;
        value           uniform 1;
    }
    outlet
    {
        type            inletOutlet;
        inletValue      uniform 0;
        value           nonuniform List<scalar> 
57
(
1.64316e-35
1.00022e-32
1.25405e-30
2.65727e-29
2.99248e-28
2.51402e-27
1.72538e-26
1.0026e-25
5.02792e-25
2.21568e-24
8.68467e-24
3.06588e-23
9.83509e-23
2.89473e-22
7.87665e-22
1.99813e-21
4.72436e-21
1.04746e-20
2.19051e-20
4.348e-20
8.26709e-20
1.51792e-19
2.7073e-19
4.71312e-19
8.03792e-19
1.3469e-18
2.22337e-18
3.76055e-18
6.57367e-18
1.1388e-17
1.95015e-17
3.31208e-17
5.5898e-17
9.3907e-17
1.5703e-16
2.60846e-16
4.28712e-16
6.93529e-16
1.09784e-15
1.70161e-15
2.56481e-15
3.75143e-15
5.24651e-15
6.93063e-15
8.45473e-15
8.98825e-15
8.86089e-15
8.38439e-15
7.00883e-15
4.09742e-15
9.94767e-16
9.47525e-17
3.16997e-18
2.94933e-20
1.31954e-22
2.34688e-25
1.49557e-28
)
;
    }
    upperWall
    {
        type            zeroGradient;
    }
    lowerWall
    {
        type            zeroGradient;
    }
    frontAndBack
    {
        type            empty;
    }
}


// ************************************************************************* //
