/*--------------------------------*- C++ -*----------------------------------*\
  =========                 |
  \\      /  F ield         | OpenFOAM: The Open Source CFD Toolbox
   \\    /   O peration     | Website:  https://openfoam.org
    \\  /    A nd           | Version:  7
     \\/     M anipulation  |
\*---------------------------------------------------------------------------*/
FoamFile
{
    version     2.0;
    format      ascii;
    class       volScalarField;
    location    "0.072";
    object      nut;
}
// * * * * * * * * * * * * * * * * * * * * * * * * * * * * * * * * * * * * * //

dimensions      [0 2 -1 0 0 0 0];

internalField   nonuniform List<scalar> 
12225
(
0
0
0
0
0
0
6.45542e-11
0
0
0
0
0
0
0
0
2.34966e-10
1.0407e-09
0
0
0
0
0
0
0
3.96225e-10
1.65464e-10
0
0
0
0
0
0
4.60177e-11
3.72247e-10
1.0469e-09
0
0
2.40717e-10
5.61989e-10
7.08256e-11
0
4.76779e-10
1.15434e-09
6.39216e-10
0
0
0
0
0
0
7.29557e-11
1.85054e-10
1.0815e-09
0
3.2551e-08
1.58077e-08
1.07535e-08
1.9499e-09
0
0
9.27208e-10
4.85842e-10
0
0
0
0
0
0
0
0
8.4285e-10
0
2.53265e-07
1.85155e-07
5.23629e-08
0
0
0
0
0
2.79075e-09
3.44709e-09
2.96318e-09
1.67851e-09
5.70636e-11
0
0
0
0
0
6.88045e-08
7.03342e-08
3.14268e-08
0
4.35477e-09
2.11605e-08
1.24247e-08
1.40251e-10
0
0
2.63207e-10
8.56916e-09
3.56968e-09
0
0
0
0
0
3.83973e-07
1.99218e-07
6.31119e-08
1.16651e-08
2.46865e-08
5.71792e-08
4.32409e-08
1.75287e-08
4.42278e-09
0
0
0
0
0
0
0
0
0
5.8158e-07
5.60837e-07
2.18737e-07
4.51498e-08
6.5086e-08
1.64586e-07
1.65557e-07
1.12253e-07
6.0865e-08
1.06223e-08
0
0
0
0
0
0
0
0
2.71639e-08
6.81364e-07
6.66339e-07
2.48484e-07
1.79486e-07
3.61414e-07
5.04154e-07
5.83433e-07
3.30821e-07
0
0
0
0
5.304e-10
0
0
0
0
0
8.61311e-07
1.06931e-06
1.07742e-06
4.07863e-07
6.03723e-07
1.17314e-06
1.28836e-06
0
0
0
0
0
0
0
0
0
0
0
7.78882e-07
1.01411e-06
1.08754e-06
7.03405e-07
7.12281e-07
7.57176e-07
0
0
0
0
0
0
0
0
0
0
0
0
5.11334e-07
1.12246e-06
6.72142e-07
4.89219e-07
7.18225e-07
0
0
0
0
0
0
0
0
0
0
0
0
0
6.03675e-07
6.76031e-07
5.31386e-07
5.06452e-07
8.14859e-07
0
0
0
0
0
0
0
0
0
0
0
0
0
8.59906e-07
5.9543e-07
3.26799e-07
4.46428e-07
4.38753e-07
0
0
0
0
0
0
0
0
0
0
0
3.57958e-08
0
6.08487e-07
8.59943e-07
0
0
0
0
0
0
0
0
0
0
0
0
0
0
0
0
0
0
0
0
0
0
0
2.87319e-07
2.77328e-07
1.17146e-07
0
0
0
7.67483e-09
3.93972e-08
4.45273e-08
1.95278e-08
0
0
6.3248e-07
3.69462e-07
9.24187e-08
0
0
0
8.36669e-07
7.91908e-07
3.38425e-07
0
0
0
0
0
0
0
0
0
0
6.03558e-07
9.50932e-07
7.37726e-07
2.03646e-07
0
0
0
0
0
9.16309e-08
0
0
0
0
0
0
0
4.72333e-07
1.02909e-06
1.12149e-06
1.07521e-06
0
0
0
0
0
0
0
0
0
0
0
0
2.83112e-09
1.24842e-07
8.02149e-07
6.59422e-07
2.79505e-07
0
0
0
0
0
0
0
0
0
0
0
0
0
0
0
3.25309e-07
3.58603e-07
1.03406e-07
2.11854e-09
0
0
0
0
0
0
0
0
0
0
0
0
0
0
0
3.07393e-08
1.78446e-08
0
0
0
0
0
0
0
0
0
0
0
0
0
0
0
0
0
0
0
0
0
0
0
0
0
0
0
0
0
0
0
3.60446e-08
3.40192e-07
0
0
3.99344e-08
1.28368e-07
6.90177e-08
0
0
0
0
0
0
0
0
0
0
0
0
0
4.2044e-08
0
3.23991e-08
1.25947e-07
1.4563e-07
1.02805e-07
2.68643e-08
0
0
0
0
0
0
0
0
0
3.84514e-08
6.13126e-08
4.69769e-09
4.02654e-08
6.76856e-08
5.59877e-08
1.1899e-08
1.35341e-08
3.27381e-08
1.21561e-08
0
0
0
0
0
0
0
0
4.53967e-08
0
0
0
0
0
0
0
0
0
0
0
0
0
0
0
0
0
7.26189e-09
0
0
0
0
0
0
0
0
0
0
0
0
0
0
0
0
0
7.93159e-09
0
0
0
0
0
0
0
0
0
0
0
0
0
0
0
0
0
6.0438e-08
0
0
0
0
0
0
0
0
0
0
0
0
0
0
0
0
0
0
2.2019e-06
4.87127e-06
2.98365e-06
0
0
0
0
0
0
0
3.61486e-07
7.53527e-07
6.37252e-07
3.17162e-07
1.87716e-08
0
0
0
0
0
0
0
0
0
0
2.66047e-08
6.99779e-08
9.89445e-08
1.11178e-07
9.89124e-08
5.65857e-08
0
0
1.0252e-07
1.54129e-07
0
0
0
1.03311e-06
3.48372e-06
5.05985e-06
1.57319e-06
0
0
0
0
9.66399e-07
1.65756e-06
1.20876e-06
4.54119e-07
9.98633e-07
6.63609e-06
1.71249e-05
2.47681e-05
3.38959e-05
4.61755e-05
4.83068e-05
3.01675e-05
7.85039e-06
1.49029e-06
2.7385e-07
1.73677e-08
0
3.98091e-09
3.08774e-08
4.82606e-08
5.55378e-08
5.5283e-08
5.06406e-08
4.47998e-08
3.7018e-08
2.98017e-08
2.3795e-08
1.66709e-08
1.14767e-08
6.83487e-09
2.67087e-09
0
0
0
0
0
0
0
0
0
0
0
0
0
0
0
0
0
0
0
0
0
0
0
0
0
0
0
0
0
0
0
0
0
0
0
0
0
0
0
0
0
0
0
0
0
0
0
0
0
0
0
0
0
0
0
0
0
0
0
0
0
0
0
0
0
0
0
0
0
0
0
0
0
0
0
0
0
0
0
0
0
0
0
0
0
0
0
0
0
0
0
0
0
0
0
0
0
0
0
2.06541e-11
9.31149e-10
9.08864e-11
0
0
2.66754e-06
0
0
0
0
0
0
0
0
5.64041e-07
8.90026e-07
8.94325e-07
6.56987e-07
3.29889e-07
4.50311e-08
0
0
0
0
0
0
0
0
0
5.01758e-08
9.42456e-08
1.24226e-07
1.37327e-07
1.23356e-07
7.33479e-08
0
0
2.53099e-07
2.45613e-07
0
0
0
3.57731e-07
6.65325e-07
6.96169e-07
3.17322e-07
0
0
0
0
1.67827e-07
6.60327e-07
8.07506e-07
1.51128e-06
1.99241e-06
6.0013e-07
6.40968e-07
1.32318e-06
3.21808e-06
3.44409e-06
3.43582e-06
3.06777e-06
1.72405e-06
7.90042e-07
3.13059e-07
9.9956e-08
3.62527e-08
3.30423e-08
4.13815e-08
4.62129e-08
4.62379e-08
4.40012e-08
4.04687e-08
3.69728e-08
3.3233e-08
2.94781e-08
2.54716e-08
2.10537e-08
1.6265e-08
1.09716e-08
5.00764e-09
0
0
0
0
0
0
0
0
0
0
0
0
0
0
0
0
0
0
0
0
0
0
0
0
0
0
0
0
0
0
0
0
0
0
0
0
0
0
0
0
0
0
0
0
0
0
0
0
0
0
0
0
0
0
0
0
0
0
0
0
0
0
0
0
0
0
0
0
0
0
0
0
0
0
0
0
0
0
0
0
0
0
0
0
0
0
0
0
0
0
0
0
0
0
0
0
0
0
3.3956e-13
4.00159e-12
4.10983e-10
0
2.56343e-07
1.00259e-06
1.4843e-06
0
0
0
0
0
0
3.54688e-08
2.32082e-07
2.9691e-07
2.18802e-07
1.37947e-08
0
0
0
0
0
0
0
0
0
0
0
1.9979e-07
4.42685e-07
6.23282e-07
7.28463e-07
7.38948e-07
6.46329e-07
4.63893e-07
2.49056e-07
1.37741e-07
4.63786e-07
5.63327e-07
0
0
4.46732e-07
6.79883e-07
6.74674e-07
8.38168e-07
1.01371e-06
8.14111e-07
8.5452e-08
0
0
0
1.33422e-06
8.26921e-07
0
0
0
0
0
3.75451e-07
4.5624e-07
3.77929e-07
4.98789e-07
4.73246e-07
3.3381e-07
2.1916e-07
1.68693e-07
1.6129e-07
1.71813e-07
1.8009e-07
1.78935e-07
1.69635e-07
1.55794e-07
1.40361e-07
1.2539e-07
1.11014e-07
9.73971e-08
8.37105e-08
6.9464e-08
5.43986e-08
3.81297e-08
2.07018e-08
1.59239e-09
0
0
0
0
0
0
0
0
0
0
0
0
0
0
0
0
0
0
0
0
0
0
0
0
0
0
0
0
0
0
0
0
0
0
0
0
0
0
0
0
4.94581e-09
6.05953e-09
5.191e-09
3.79303e-09
2.54962e-09
1.71525e-09
1.28902e-09
1.10763e-09
1.03069e-09
9.90804e-10
8.66742e-10
6.222e-10
2.93355e-10
0
0
0
0
0
0
0
0
0
0
0
0
0
0
0
0
0
0
0
0
0
0
0
0
0
0
0
0
0
0
0
0
0
0
0
0
0
0
0
0
0
0
0
0
5.67403e-13
0
1.26992e-10
0
1.44001e-06
2.48575e-06
1.40569e-06
1.34433e-06
1.41988e-06
1.3615e-06
1.20524e-06
9.16621e-07
4.67779e-07
0
0
0
0
0
0
0
0
0
0
0
0
0
0
0
0
0
8.85241e-07
1.81176e-06
2.3862e-06
2.80576e-06
3.20171e-06
3.4801e-06
3.41984e-06
2.85343e-06
2.38367e-06
2.16128e-06
1.30789e-06
1.22759e-06
1.58798e-06
1.5748e-06
1.58408e-06
1.99081e-06
2.37105e-06
2.54005e-06
2.13511e-06
0
0
0
0
0
0
0
0
0
0
8.29782e-08
6.35021e-08
6.06526e-09
9.00886e-08
1.66931e-07
1.98913e-07
2.67845e-07
3.68893e-07
4.36512e-07
4.3497e-07
3.85683e-07
3.24898e-07
2.70952e-07
2.24376e-07
1.90692e-07
1.67783e-07
1.55959e-07
1.52307e-07
1.57669e-07
1.69081e-07
1.80802e-07
1.76373e-07
1.27382e-07
7.34413e-09
0
0
0
0
0
0
0
0
0
0
0
0
0
0
0
0
0
0
0
0
0
0
0
0
0
0
0
0
0
0
0
0
0
0
0
0
0
0
0
0
0
0
0
0
0
0
0
0
0
0
1.89216e-09
9.70271e-09
1.25982e-08
1.18949e-08
9.33432e-09
6.32451e-09
3.63257e-09
1.52757e-09
3.91418e-11
0
0
0
0
0
0
0
0
0
0
0
0
0
0
0
0
0
0
0
0
0
0
0
0
0
0
0
0
0
0
0
0
0
0
0
0
0
0
0
0
1.52923e-10
0
9.53311e-07
6.2574e-07
1.04119e-06
1.14235e-06
1.15839e-06
1.00827e-06
5.46426e-07
0
0
0
0
0
0
0
0
0
0
0
0
0
0
0
0
0
0
0
0
6.47229e-08
4.01113e-07
5.36832e-07
6.01378e-07
6.60532e-07
7.61134e-07
9.21807e-07
1.07919e-06
1.10786e-06
9.99754e-07
9.95353e-07
1.07263e-06
9.97527e-07
7.09459e-07
4.76115e-07
1.82315e-07
0
0
0
0
0
0
0
0
7.2362e-08
0
0
0
0
0
0
1.59504e-07
3.65557e-07
4.39154e-07
3.75718e-07
2.73827e-07
1.90308e-07
1.3639e-07
1.06099e-07
8.84797e-08
7.96143e-08
7.67313e-08
7.83579e-08
8.33583e-08
9.1141e-08
1.0261e-07
1.18923e-07
1.40023e-07
1.63489e-07
1.76927e-07
1.43739e-07
8.48399e-09
0
0
0
0
0
0
0
0
0
0
0
0
0
0
1.63729e-09
6.71162e-10
0
0
0
0
0
0
0
0
0
0
0
0
0
0
0
0
0
0
0
0
0
0
0
0
0
0
0
0
0
0
0
0
0
0
0
0
0
0
0
0
0
9.04659e-09
1.99461e-08
2.51064e-08
2.30681e-08
1.54726e-08
6.25277e-09
0
0
0
0
0
5.70386e-10
3.10026e-09
4.34974e-09
4.38259e-09
3.7621e-09
3.04398e-09
2.49011e-09
2.11463e-09
1.83591e-09
1.5774e-09
1.29546e-09
9.77851e-10
6.55433e-10
3.7067e-10
1.21782e-10
0
0
0
0
0
0
0
0
0
0
0
0
0
0
0
0
2.3411e-10
0
4.24415e-07
2.47322e-07
3.2481e-07
3.45609e-07
2.23434e-07
0
0
0
0
0
0
5.24444e-08
1.38117e-07
1.59747e-09
0
0
0
0
0
0
0
0
0
0
0
0
0
0
0
0
0
0
0
0
0
1.39524e-07
2.71514e-07
2.26462e-07
1.4611e-07
1.51009e-08
0
0
0
0
0
0
0
0
0
2.33633e-07
4.13011e-07
5.70157e-07
2.62414e-07
7.85293e-08
0
0
1.67032e-07
4.1186e-07
5.00327e-07
4.37855e-07
3.48364e-07
2.74037e-07
2.19698e-07
1.84925e-07
1.63503e-07
1.44453e-07
1.28727e-07
1.14945e-07
1.05436e-07
1.01017e-07
1.01503e-07
1.07354e-07
1.19599e-07
1.40787e-07
1.74044e-07
2.22469e-07
2.81703e-07
3.08547e-07
1.29644e-07
0
0
0
0
0
0
0
0
0
0
0
0
0
0
0
0
0
0
0
0
0
0
0
0
0
0
0
0
0
0
0
0
0
0
0
0
0
0
0
0
0
0
0
0
0
0
0
0
0
0
0
0
0
0
0
0
0
0
0
0
0
3.28352e-09
1.21619e-08
4.60904e-09
0
0
0
0
0
0
0
0
0
0
0
0
2.74585e-09
9.31306e-09
0
0
0
0
0
0
0
0
0
0
0
0
0
0
0
0
0
0
0
0
0
0
0
4.59943e-07
1.69618e-07
0
0
0
0
0
0
0
0
0
0
0
0
0
0
0
0
0
0
0
0
0
0
0
0
0
0
0
0
0
0
0
0
0
0
0
1.25814e-07
6.91903e-08
0
0
0
0
0
0
0
0
0
2.62962e-08
3.36038e-07
3.88067e-07
3.618e-07
2.6247e-07
2.79557e-07
4.65887e-07
6.48232e-07
6.03669e-07
4.78633e-07
3.756e-07
3.02382e-07
2.5114e-07
2.16577e-07
1.94332e-07
1.76122e-07
1.56301e-07
1.36083e-07
1.16817e-07
1.01484e-07
9.28728e-08
9.17701e-08
9.59616e-08
1.0354e-07
1.13616e-07
1.28069e-07
1.498e-07
1.84499e-07
2.40125e-07
3.23746e-07
3.33009e-07
0
0
0
9.76285e-08
1.45271e-07
1.31983e-07
8.47945e-08
2.64438e-08
0
0
0
0
0
0
0
0
0
0
0
0
0
0
0
0
0
0
0
0
0
0
0
0
0
0
0
0
0
0
0
0
0
0
0
0
0
0
0
0
0
0
0
0
0
0
0
0
0
0
0
0
0
0
0
0
7.68612e-09
0
0
0
0
0
0
0
0
0
0
0
0
0
0
0
0
0
0
0
0
0
0
0
0
0
0
0
0
0
0
0
0
0
0
0
0
1.91289e-08
0
0
0
0
0
0
0
0
0
0
0
0
0
0
0
0
0
0
0
0
0
0
0
0
0
0
0
0
0
0
0
0
0
0
0
0
0
0
0
0
0
0
0
0
0
0
0
0
0
0
1.7647e-07
5.01521e-07
6.47295e-07
5.11581e-07
3.57419e-07
2.63435e-07
2.14682e-07
1.87463e-07
1.6856e-07
1.54141e-07
1.43124e-07
1.33372e-07
1.23879e-07
1.13371e-07
1.01596e-07
8.95427e-08
8.10685e-08
7.84456e-08
7.97873e-08
7.70054e-08
6.26323e-08
3.4531e-08
0
0
0
0
7.16968e-08
3.41023e-07
0
0
2.99266e-07
4.8488e-07
5.35636e-07
5.10553e-07
4.29766e-07
3.23715e-07
2.10158e-07
9.38079e-08
0
0
0
0
0
0
0
0
0
0
0
0
0
0
0
0
0
0
0
0
0
0
0
0
0
0
0
0
0
0
0
0
0
0
0
0
0
0
0
0
0
0
0
0
0
0
0
0
0
0
0
0
0
0
0
0
1.31885e-09
0
0
0
0
0
0
0
0
0
0
0
0
0
0
0
0
0
0
0
0
0
0
0
0
0
0
0
0
0
0
0
0
0
0
0
0
0
0
0
0
0
0
0
0
0
0
0
0
0
1.46873e-09
4.61492e-08
4.5674e-08
0
0
0
0
0
0
0
0
0
0
0
0
0
0
0
0
0
0
0
0
0
0
0
0
0
0
0
0
0
0
0
0
0
3.01908e-07
3.55308e-07
2.33206e-07
1.31897e-07
7.75105e-08
5.83023e-08
5.64596e-08
5.80014e-08
5.79304e-08
5.70937e-08
5.67498e-08
5.95238e-08
6.42056e-08
6.8239e-08
6.87926e-08
6.50572e-08
5.97243e-08
5.45593e-08
4.56588e-08
2.41012e-08
0
0
0
0
3.59695e-08
3.76214e-07
1.0899e-06
1.32439e-06
0
0
0
1.22982e-07
4.06276e-07
4.92986e-07
4.72167e-07
4.07911e-07
3.45095e-07
2.78812e-07
2.03129e-07
1.12074e-07
7.94011e-09
0
0
0
0
0
0
0
0
0
0
0
0
0
0
0
0
0
0
0
0
0
0
0
0
0
0
0
0
0
0
0
0
0
0
0
0
0
0
0
0
0
0
0
0
0
0
0
0
0
0
0
0
0
0
0
0
0
0
0
0
0
0
0
0
0
0
0
0
0
0
0
0
0
0
0
0
0
0
0
0
0
0
0
0
0
0
0
0
0
0
0
0
0
0
0
0
0
0
0
0
0
0
0
0
0
0
0
0
0
0
0
0
0
0
0
0
0
0
0
0
0
0
0
0
0
0
0
0
0
0
0
0
0
0
0
0
0
0
1.87365e-07
1.99512e-07
9.08117e-08
8.92521e-09
0
0
0
0
0
0
0
0
0
1.75296e-08
3.51781e-08
4.46585e-08
4.34782e-08
3.38682e-08
1.95909e-08
4.30088e-09
0
0
0
0
1.39829e-07
6.20132e-07
1.59649e-06
3.28813e-06
0
0
0
0
0
3.71718e-08
2.12852e-07
2.03591e-07
1.54214e-07
1.10035e-07
8.29429e-08
7.40044e-08
7.59195e-08
7.45427e-08
5.91907e-08
2.38947e-08
0
0
0
0
0
0
0
0
0
0
0
0
0
0
0
0
0
0
0
0
0
0
0
0
0
0
0
0
0
0
0
0
0
0
0
0
0
0
0
0
0
0
0
0
0
0
0
0
0
0
0
0
0
0
0
1.03131e-09
0
0
0
0
0
0
0
0
0
0
0
0
0
0
0
0
0
0
0
0
0
0
0
0
0
0
0
0
0
0
0
0
0
0
0
0
0
0
0
0
0
0
0
0
0
0
0
0
0
0
0
0
0
0
0
0
0
0
0
0
0
0
0
0
0
0
0
0
0
0
0
0
0
0
0
0
0
0
0
1.88468e-07
1.3465e-07
1.17367e-08
0
0
0
0
0
0
0
0
0
0
0
0
1.67543e-08
2.87941e-08
2.41693e-08
6.32208e-09
0
0
0
0
0
1.16661e-07
4.88915e-07
1.31679e-06
2.67506e-06
3.66827e-06
0
0
0
0
0
1.57528e-07
3.47652e-07
2.68734e-07
1.45219e-07
3.76296e-08
0
0
0
0
0
0
0
0
0
0
0
0
0
0
0
0
0
0
0
0
0
0
0
0
0
0
0
0
0
0
0
0
0
0
0
0
0
0
7.47585e-09
8.82865e-09
7.00286e-09
7.8072e-09
9.51327e-09
8.25803e-09
1.83771e-09
0
0
0
0
2.69918e-09
3.78254e-09
0
0
0
0
0
0
0
0
0
0
0
1.15236e-08
4.58837e-09
0
0
0
0
0
0
0
0
0
0
0
0
0
0
0
0
0
0
0
0
0
0
0
0
0
0
0
0
0
0
0
0
0
0
0
0
0
0
0
0
0
0
0
0
0
0
0
4.26062e-08
1.8464e-07
2.89445e-07
3.58339e-07
3.98675e-07
4.13826e-07
3.99335e-07
3.4503e-07
2.47068e-07
1.0895e-07
0
0
0
0
0
0
0
4.04232e-08
3.5592e-07
7.64742e-07
1.56197e-06
1.50429e-06
3.0265e-07
5.81377e-08
0
0
0
0
3.72713e-08
2.52698e-07
9.0989e-08
0
0
0
0
0
0
0
0
0
0
0
0
0
0
7.37803e-09
1.77676e-08
8.03388e-09
0
0
0
9.42064e-10
2.33692e-08
6.40829e-08
2.32077e-07
7.20476e-07
1.60416e-06
2.46274e-06
1.29602e-06
0
0
0
0
0
4.97401e-07
6.83226e-07
4.94192e-07
2.60071e-07
1.05109e-07
2.48083e-08
0
0
0
0
0
0
0
0
0
0
0
0
0
0
0
0
0
0
0
0
0
0
0
0
0
0
0
0
0
0
0
0
0
0
0
0
0
1.44123e-08
2.58066e-08
2.84564e-08
3.06086e-08
3.5381e-08
3.96932e-08
3.92483e-08
3.07034e-08
1.60071e-08
4.32806e-09
1.21253e-09
7.86394e-09
1.6258e-08
1.37866e-08
3.26219e-09
0
0
0
0
0
0
0
0
0
2.1274e-09
1.56837e-08
1.36881e-08
0
0
0
0
0
0
0
0
0
0
0
0
0
0
0
0
0
0
0
0
0
0
0
0
0
0
0
0
0
0
0
0
0
0
0
0
0
0
0
0
0
0
0
0
0
2.21076e-07
5.13566e-07
7.76885e-07
1.00069e-06
1.17538e-06
1.30837e-06
1.40451e-06
1.46888e-06
1.49724e-06
1.48005e-06
1.41123e-06
1.30233e-06
1.16411e-06
1.02254e-06
9.13401e-07
8.50135e-07
8.35878e-07
8.75229e-07
9.88722e-07
1.20005e-06
1.69615e-06
2.53294e-06
9.54087e-07
4.35867e-07
1.81386e-07
0
0
0
2.6294e-07
3.5086e-07
6.23845e-08
0
0
0
0
0
0
0
0
0
0
0
0
0
0
0
4.11655e-09
1.18676e-08
2.08487e-11
0
0
0
1.21026e-08
4.32632e-08
7.76016e-08
2.12916e-07
5.58159e-07
1.03751e-06
1.03174e-06
0
0
0
0
0
0
5.78398e-08
5.91892e-07
4.27506e-07
1.92228e-07
7.16226e-08
3.24922e-08
1.05995e-08
0
0
0
0
0
0
0
0
0
0
0
0
0
0
0
0
0
0
0
0
0
0
0
0
0
0
0
0
0
0
0
0
0
0
0
0
2.23319e-08
4.99619e-08
6.04513e-08
6.10132e-08
6.12955e-08
6.38577e-08
6.51803e-08
6.06618e-08
4.7482e-08
2.95793e-08
1.63927e-08
1.27225e-08
1.93039e-08
2.63335e-08
1.85837e-08
1.90639e-09
0
0
0
0
0
0
0
0
0
6.83448e-09
1.52689e-08
1.1861e-08
0
0
0
0
0
0
0
0
0
0
0
0
0
0
0
0
0
0
0
0
0
0
0
0
0
0
0
0
0
0
0
0
0
0
0
0
0
0
0
0
0
3.37472e-08
2.06936e-07
2.62918e-07
2.35273e-07
2.32416e-07
3.56066e-07
6.28008e-07
9.67398e-07
1.28703e-06
1.52822e-06
1.66029e-06
1.70482e-06
1.69881e-06
1.66278e-06
1.61912e-06
1.55596e-06
1.47344e-06
1.38767e-06
1.29677e-06
1.22353e-06
1.20267e-06
1.28781e-06
1.64641e-06
2.53802e-06
1.68752e-06
8.72188e-07
5.08516e-07
2.74514e-07
1.50628e-07
1.97023e-07
5.54998e-07
4.91573e-07
1.00252e-07
0
0
0
0
0
0
0
0
0
0
0
0
0
0
0
0
3.71909e-09
9.15491e-09
0
0
0
0
2.28839e-08
4.15212e-08
1.26702e-08
0
0
0
0
0
0
0
0
0
0
0
1.55044e-07
2.6568e-07
5.61278e-08
0
0
0
0
0
0
0
0
0
0
0
0
0
0
0
0
0
0
0
0
0
0
3.66416e-08
7.22328e-09
0
0
1.23374e-08
0
0
0
0
0
0
0
0
0
0
0
0
3.25343e-08
9.08033e-08
1.24301e-07
1.23114e-07
1.0632e-07
9.2634e-08
8.71653e-08
8.42585e-08
7.661e-08
6.16442e-08
4.2893e-08
2.92667e-08
2.5155e-08
3.06712e-08
3.35723e-08
1.69856e-08
0
0
0
0
0
0
0
2.91757e-09
4.23831e-09
5.40003e-09
8.15757e-09
9.7004e-09
1.2679e-09
0
0
0
0
0
0
0
0
0
0
0
0
0
0
0
0
0
0
0
0
0
0
0
0
0
0
0
0
0
0
0
0
0
0
0
0
2.1038e-07
7.04811e-07
1.15894e-06
1.55681e-06
1.76049e-06
1.39295e-06
0
0
0
0
0
0
0
0
5.37935e-07
9.51472e-07
1.11159e-06
1.0836e-06
1.01193e-06
9.0571e-07
7.67222e-07
5.93406e-07
3.94277e-07
1.87951e-07
0
0
5.63891e-07
1.80821e-06
1.46326e-06
9.1346e-07
5.54034e-07
4.03791e-07
5.10288e-07
8.46734e-07
6.68148e-07
2.2496e-07
2.75e-08
0
0
0
0
0
0
0
0
0
0
0
0
0
0
0
0
2.36371e-09
1.04394e-08
1.45694e-09
0
0
3.27568e-08
8.60893e-08
8.95701e-08
0
0
0
0
0
0
0
0
0
0
0
0
0
2.50703e-07
0
0
0
0
0
5.09492e-09
1.50815e-09
0
0
0
0
0
0
0
0
0
0
0
0
0
0
0
0
0
4.68303e-08
4.85572e-08
3.12035e-08
4.31453e-08
6.415e-08
5.41741e-08
2.38881e-08
4.87369e-09
1.01744e-09
3.81582e-09
1.80184e-09
0
0
0
0
0
2.06297e-08
9.29109e-08
1.59955e-07
1.91478e-07
1.72416e-07
1.22344e-07
8.9844e-08
8.59401e-08
9.3065e-08
9.17826e-08
7.90313e-08
6.1167e-08
4.64958e-08
3.83715e-08
3.8699e-08
3.29434e-08
5.07493e-09
0
0
0
0
0
0
5.28854e-09
9.06694e-09
7.87784e-09
5.8285e-09
3.42809e-09
0
0
0
0
0
0
0
0
0
0
0
0
0
0
0
0
0
0
0
0
0
0
0
0
0
0
0
0
0
0
0
0
0
0
0
1.62434e-07
8.64964e-07
1.59827e-06
2.3897e-06
3.18393e-06
4.23693e-06
5.56323e-06
3.58341e-06
0
0
0
0
0
0
0
0
0
0
4.37334e-07
5.52917e-07
4.0351e-07
1.89651e-07
1.29861e-08
0
0
0
0
0
0
6.81569e-07
9.89665e-07
7.79537e-07
6.30584e-07
7.5201e-07
9.62082e-07
7.62538e-07
3.7878e-07
1.59543e-07
4.4606e-08
0
0
0
0
0
0
0
0
0
0
0
0
0
0
0
0
0
1.0427e-08
7.95503e-09
6.16232e-09
2.61318e-08
8.73264e-08
1.66107e-07
1.69019e-07
0
0
0
0
0
0
0
0
0
0
0
0
0
4.86031e-07
1.20498e-07
0
0
0
0
7.61312e-08
5.19645e-08
2.22275e-08
1.44502e-10
0
0
0
0
0
0
0
0
0
3.85672e-09
0
0
0
0
0
8.6294e-09
5.02704e-08
5.21025e-08
5.06051e-08
6.56769e-08
8.97479e-08
8.93684e-08
6.48843e-08
4.74507e-08
4.28262e-08
4.47818e-08
4.59518e-08
4.25649e-08
3.52206e-08
2.88905e-08
3.23343e-08
5.35115e-08
9.46022e-08
1.45029e-07
1.8256e-07
1.86015e-07
1.15817e-07
0
0
4.00325e-08
8.781e-08
1.06109e-07
9.99159e-08
8.03588e-08
5.74267e-08
3.79087e-08
3.15165e-08
1.87273e-08
0
0
0
0
0
0
3.44853e-10
1.08918e-08
1.02688e-08
5.42314e-09
0
0
0
0
0
0
0
0
0
0
0
0
0
0
0
0
0
0
0
0
0
0
0
0
0
0
0
0
0
0
0
0
0
0
0
8.28831e-08
7.07237e-07
1.38259e-06
2.02959e-06
2.7137e-06
3.4686e-06
4.61469e-06
6.3299e-06
3.13195e-06
0
0
0
0
0
0
0
0
0
0
7.44278e-08
4.18581e-07
3.68842e-07
1.51559e-07
0
0
0
0
0
0
0
1.53343e-07
4.60257e-07
5.85019e-07
7.2241e-07
8.17115e-07
6.99053e-07
4.62984e-07
2.70918e-07
1.48469e-07
7.26465e-08
1.8879e-08
0
0
0
0
0
0
0
0
0
0
0
0
0
0
0
2.69348e-09
1.34599e-08
1.50342e-08
2.09791e-08
5.23972e-08
1.26537e-07
2.16553e-07
2.43375e-07
1.16427e-07
0
0
0
0
0
0
0
0
0
0
0
0
7.15259e-07
3.32732e-07
0
0
0
0
2.24396e-07
9.87711e-08
2.37517e-08
0
0
0
0
0
0
0
0
0
0
0
0
0
0
0
0
1.44947e-08
5.48112e-08
7.08806e-08
7.40278e-08
8.72436e-08
1.02136e-07
1.16665e-07
1.15675e-07
9.80421e-08
8.66545e-08
8.47838e-08
8.98063e-08
9.79155e-08
1.05265e-07
1.10173e-07
1.12787e-07
1.19913e-07
1.36397e-07
1.58629e-07
1.76557e-07
1.78302e-07
1.4241e-07
2.47745e-08
0
0
3.78107e-09
7.18205e-08
9.74048e-08
8.88373e-08
6.15992e-08
2.94543e-08
7.7211e-09
6.24213e-09
2.19855e-09
0
0
0
0
0
0
6.54356e-09
9.56626e-09
3.49379e-09
0
0
0
0
0
0
0
0
0
0
0
0
0
0
0
0
0
0
0
0
0
0
0
0
0
0
0
0
0
0
0
0
0
0
0
1.59659e-07
5.78611e-07
9.71297e-07
1.29423e-06
1.53595e-06
1.65836e-06
1.615e-06
1.26839e-06
0
0
0
0
0
1.0458e-07
3.03487e-07
0
0
0
0
0
1.37229e-07
2.59965e-07
1.68591e-07
5.61407e-08
0
0
0
0
0
1.00169e-08
2.32079e-07
4.23103e-07
5.7295e-07
6.55691e-07
6.20116e-07
4.8073e-07
3.26292e-07
2.07129e-07
1.29045e-07
7.96645e-08
4.29964e-08
1.19456e-08
0
0
0
0
0
0
0
0
0
0
0
0
0
0
2.50871e-08
2.98967e-08
2.48284e-08
2.8229e-08
6.26025e-08
1.40639e-07
2.34151e-07
2.90473e-07
2.69803e-07
1.18751e-07
0
0
0
0
0
0
0
0
0
0
0
8.27848e-07
5.48126e-07
0
0
0
0
4.64216e-07
1.95622e-07
1.84044e-10
0
0
0
0
0
0
0
0
0
0
0
0
0
6.63303e-10
6.68982e-09
1.65497e-08
3.66914e-08
6.10574e-08
8.10681e-08
9.63733e-08
1.2142e-07
1.49343e-07
1.58798e-07
1.6076e-07
1.49742e-07
1.35184e-07
1.29423e-07
1.31835e-07
1.40475e-07
1.5137e-07
1.60643e-07
1.66494e-07
1.68351e-07
1.7e-07
1.69651e-07
1.62517e-07
1.46473e-07
1.20031e-07
7.26494e-08
1.86825e-09
0
0
3.89815e-08
6.62104e-08
6.2636e-08
3.54082e-08
7.12752e-09
0
3.05902e-10
0
3.5712e-10
5.25454e-09
0
0
0
0
0
3.96129e-09
0
0
0
0
0
0
0
0
0
0
0
0
0
0
0
0
0
0
0
0
0
0
0
0
0
0
0
0
0
0
0
0
0
0
0
0
0
0
0
0
0
0
0
0
0
0
0
0
0
0
0
1.34705e-07
0
0
0
0
0
1.13581e-07
1.1036e-07
5.26636e-08
1.76796e-08
1.96956e-09
0
0
3.96535e-08
1.25496e-07
2.5264e-07
3.76625e-07
4.56318e-07
4.68621e-07
4.11644e-07
3.08396e-07
2.07992e-07
1.35889e-07
9.05147e-08
6.24409e-08
4.12463e-08
2.316e-08
8.6721e-09
0
0
0
0
0
0
0
0
0
0
0
0
0
2.28001e-08
3.90729e-08
3.22617e-08
1.95725e-08
2.9034e-08
8.33994e-08
1.65194e-07
2.35274e-07
2.75314e-07
2.87387e-07
2.9078e-07
3.33981e-07
3.8798e-07
9.35469e-08
0
0
0
0
0
0
0
8.57163e-07
7.48752e-07
0
0
0
0
0
5.24147e-07
4.66058e-08
0
0
0
0
0
0
0
0
0
0
0
0
0
0
3.35746e-09
4.59044e-08
6.68376e-08
7.32533e-08
8.55127e-08
1.08581e-07
1.52999e-07
2.07571e-07
2.3148e-07
2.31887e-07
2.17423e-07
1.90733e-07
1.80128e-07
1.80503e-07
1.85817e-07
1.91667e-07
1.96893e-07
2.00224e-07
1.98447e-07
1.91271e-07
1.77103e-07
1.53605e-07
1.24366e-07
9.79541e-08
7.63274e-08
5.30858e-08
3.22498e-08
3.25028e-08
4.80141e-08
5.37932e-08
3.88702e-08
6.53263e-09
0
0
0
1.5803e-09
0
2.50906e-09
1.50735e-08
0
0
0
0
0
0
0
0
0
0
0
0
0
0
0
0
0
0
0
0
0
0
0
0
0
0
0
0
0
0
0
0
0
0
0
0
1.14576e-07
1.54964e-07
1.22423e-07
0
0
0
0
0
0
0
0
0
0
0
0
0
0
0
0
0
1.84377e-07
2.34203e-07
0
0
0
0
7.16701e-08
7.56647e-08
4.35591e-08
2.16616e-08
1.67663e-08
2.60072e-08
4.78921e-08
7.02235e-08
1.17701e-07
2.00847e-07
2.77611e-07
3.11394e-07
2.94401e-07
2.3941e-07
1.68975e-07
1.09314e-07
6.85836e-08
4.54993e-08
3.32612e-08
2.43647e-08
1.6826e-08
1.17712e-08
8.9889e-09
7.52764e-09
6.76639e-09
5.53371e-09
2.45938e-09
0
0
0
0
0
0
0
0
0
1.72572e-08
2.34446e-08
5.33825e-09
0
0
2.57087e-08
8.43044e-08
1.46557e-07
2.23497e-07
3.75538e-07
7.88816e-07
1.67613e-06
3.4366e-06
6.07862e-06
0
0
0
0
0
0
7.37122e-07
8.70514e-07
6.17482e-08
0
0
0
0
8.13667e-07
1.72515e-07
0
0
0
0
0
0
0
0
0
0
0
0
0
0
0
3.61754e-08
8.61064e-08
9.73164e-08
9.82358e-08
1.18945e-07
1.69451e-07
2.54313e-07
3.013e-07
3.12094e-07
3.0195e-07
2.62307e-07
2.33613e-07
2.28942e-07
2.33403e-07
2.35711e-07
2.33523e-07
2.30035e-07
2.24047e-07
2.11072e-07
1.88245e-07
1.54587e-07
1.16229e-07
8.64142e-08
7.23479e-08
6.83657e-08
6.45431e-08
6.16815e-08
6.34324e-08
5.87013e-08
3.37842e-08
0
0
0
0
6.13475e-09
0
0
3.67918e-09
1.08508e-08
0
0
0
0
0
0
0
0
0
0
0
0
0
0
0
0
0
0
0
0
0
0
0
0
0
0
0
0
0
0
0
0
0
0
5.00381e-08
1.96688e-07
2.66148e-07
3.00896e-07
1.87429e-07
0
0
0
0
0
0
0
0
0
0
0
1.62361e-07
1.79935e-07
1.22313e-07
7.54356e-08
1.29318e-07
2.95942e-07
3.43725e-07
2.73191e-08
0
0
7.74614e-08
9.6161e-08
6.41038e-08
3.34322e-08
1.87693e-08
1.41803e-08
1.5221e-08
2.53569e-08
4.50672e-08
7.07843e-08
1.19618e-07
1.63841e-07
1.77242e-07
1.51825e-07
1.08615e-07
6.57571e-08
3.26935e-08
1.32617e-08
5.84442e-09
4.8198e-09
4.78236e-09
4.80186e-09
6.2618e-09
9.5186e-09
1.44026e-08
2.06703e-08
2.735e-08
3.27373e-08
3.53101e-08
3.40875e-08
2.7687e-08
1.55928e-08
0
0
0
0
0
0
0
0
0
0
0
0
0
5.35937e-08
2.39425e-07
6.64939e-07
1.5415e-06
3.28161e-06
6.89568e-06
6.97387e-06
0
0
0
0
0
4.23677e-07
8.55067e-07
9.56042e-08
0
0
0
0
0
2.91249e-07
0
0
0
0
0
0
0
0
0
0
0
0
0
0
0
3.07971e-08
8.32335e-08
1.08994e-07
1.10505e-07
1.24072e-07
1.74275e-07
2.79921e-07
3.58624e-07
3.83443e-07
3.81527e-07
3.45619e-07
2.94962e-07
2.74721e-07
2.75307e-07
2.77352e-07
2.70765e-07
2.60582e-07
2.50384e-07
2.34145e-07
2.06077e-07
1.65149e-07
1.19322e-07
8.44162e-08
6.99281e-08
7.20337e-08
7.76837e-08
7.74015e-08
7.32388e-08
6.36366e-08
3.69923e-08
0
0
0
0
2.13967e-09
6.13973e-09
0
0
2.00035e-09
3.2217e-09
0
0
0
0
0
0
0
0
0
0
0
0
0
0
0
0
0
0
0
0
0
0
0
0
0
0
0
0
0
0
0
1.03858e-08
0
5.04411e-08
1.59154e-07
2.14855e-07
2.7347e-07
2.55313e-07
1.22676e-07
0
0
0
0
0
0
0
0
0
0
1.52805e-07
1.97874e-07
1.94373e-07
2.27231e-07
3.14585e-07
4.42703e-07
5.91823e-07
7.19112e-07
3.65867e-07
1.95097e-07
1.66737e-07
1.33998e-07
7.73826e-08
3.51817e-08
2.10184e-08
1.71466e-08
1.58377e-08
1.65929e-08
2.44492e-08
3.80869e-08
5.00951e-08
6.03351e-08
5.62155e-08
3.51317e-08
6.87191e-09
0
0
0
0
0
0
0
7.80889e-11
7.21076e-09
1.5794e-08
2.61243e-08
3.78474e-08
4.97747e-08
6.00698e-08
6.74604e-08
6.97098e-08
6.46971e-08
5.21088e-08
3.30687e-08
1.02648e-08
0
0
0
0
0
0
0
0
0
0
0
4.35849e-08
4.04173e-07
1.09905e-06
2.23473e-06
4.31188e-06
5.75644e-06
0
0
0
0
0
0
7.06135e-07
8.52783e-08
0
0
0
0
0
2.01168e-07
0
0
0
0
0
0
0
0
0
0
0
0
0
0
1.7957e-08
4.70389e-08
8.64784e-08
1.17566e-07
1.27098e-07
1.32148e-07
1.69905e-07
2.74483e-07
3.9292e-07
4.39894e-07
4.46211e-07
4.22549e-07
3.60128e-07
3.22731e-07
3.12145e-07
3.12392e-07
3.05941e-07
2.91547e-07
2.76518e-07
2.58414e-07
2.27869e-07
1.81424e-07
1.28941e-07
8.90877e-08
7.16578e-08
7.30988e-08
8.22741e-08
8.54594e-08
7.90293e-08
6.59683e-08
3.98836e-08
0
0
0
0
0
8.69769e-09
3.03198e-09
0
0
0
0
0
0
0
0
0
0
0
0
0
0
0
0
5.37322e-09
0
0
0
0
0
0
0
0
0
0
0
0
0
0
0
0
0
1.41867e-08
0
1.91648e-09
6.36243e-08
9.04777e-08
1.26446e-07
1.32924e-07
7.61014e-08
0
0
0
0
0
0
0
0
0
0
1.60914e-07
2.49052e-07
3.33696e-07
4.06287e-07
4.54556e-07
5.61752e-07
9.53915e-07
1.03838e-06
5.81607e-07
3.0843e-07
2.20727e-07
1.63039e-07
9.64395e-08
4.82498e-08
2.92541e-08
2.49273e-08
2.25683e-08
2.04946e-08
2.03016e-08
2.60191e-08
1.91784e-08
0
0
0
0
0
0
0
0
0
0
0
0
5.42189e-09
1.62584e-08
2.83728e-08
4.20288e-08
5.69485e-08
7.16602e-08
8.51465e-08
9.47387e-08
9.81812e-08
9.32347e-08
8.00986e-08
6.06251e-08
3.57466e-08
1.1359e-08
0
0
0
0
0
0
0
0
0
0
1.6469e-07
7.01483e-07
1.47908e-06
2.60963e-06
3.38654e-06
0
0
0
0
0
0
3.78448e-07
1.75147e-08
0
0
0
0
0
0
0
0
0
0
0
0
0
0
0
0
0
0
0
9.35075e-09
2.85543e-08
5.43067e-08
8.98168e-08
1.29274e-07
1.51947e-07
1.58844e-07
1.74246e-07
2.48476e-07
3.91838e-07
4.71454e-07
4.92134e-07
4.82064e-07
4.2186e-07
3.69839e-07
3.46811e-07
3.41113e-07
3.3527e-07
3.20953e-07
3.02851e-07
2.81762e-07
2.49204e-07
1.99655e-07
1.42058e-07
9.76705e-08
7.67887e-08
7.47563e-08
8.27198e-08
8.88453e-08
8.3333e-08
6.815e-08
4.24784e-08
0
0
0
0
0
4.84204e-09
8.47642e-09
0
0
0
0
0
0
0
0
0
0
0
0
0
0
0
0
0
3.35616e-08
0
0
0
0
0
0
0
0
0
0
0
0
0
0
0
0
0
1.80899e-08
0
0
0
0
0
0
0
0
0
0
0
0
0
0
0
0
1.91205e-07
3.61665e-07
4.85554e-07
5.36784e-07
5.83598e-07
8.33862e-07
1.07725e-06
6.99932e-07
4.97404e-07
3.21255e-07
2.41023e-07
1.78621e-07
1.11618e-07
6.02187e-08
4.01349e-08
3.36964e-08
2.99391e-08
2.56611e-08
2.17162e-08
1.96125e-08
1.23379e-08
0
0
0
0
0
0
0
0
0
0
0
0
4.09355e-09
1.69445e-08
2.99347e-08
4.37254e-08
5.88431e-08
7.4592e-08
9.05993e-08
1.0441e-07
1.13948e-07
1.1607e-07
1.10888e-07
9.81062e-08
7.85705e-08
5.34771e-08
2.75754e-08
3.11645e-09
0
0
0
0
0
0
0
0
0
3.89345e-07
9.10073e-07
1.57079e-06
1.92158e-06
3.51429e-07
0
0
0
0
0
0
0
0
0
0
0
0
0
0
0
0
0
0
0
0
0
0
0
0
0
0
9.78468e-09
3.02125e-08
5.543e-08
8.76789e-08
1.34333e-07
1.75917e-07
1.96988e-07
2.04595e-07
2.40941e-07
3.65104e-07
4.7297e-07
5.15514e-07
5.20094e-07
4.75258e-07
4.13137e-07
3.78887e-07
3.65042e-07
3.57294e-07
3.44328e-07
3.25627e-07
3.0063e-07
2.64075e-07
2.13479e-07
1.54518e-07
1.06912e-07
8.24442e-08
7.61263e-08
8.03035e-08
8.68103e-08
8.48581e-08
7.08249e-08
4.63995e-08
4.5672e-09
0
0
0
0
0
1.13569e-08
4.29051e-09
0
0
0
0
0
0
0
0
0
0
0
0
0
0
0
0
1.02661e-08
2.32827e-08
0
0
0
0
0
0
0
0
0
0
0
0
0
0
0
0
0
0
0
0
0
0
0
0
0
0
0
0
0
0
0
0
2.00097e-07
4.15876e-07
5.8132e-07
6.85397e-07
7.44654e-07
8.881e-07
9.26511e-07
6.06209e-07
4.33699e-07
4.15033e-07
2.9749e-07
2.43466e-07
1.80309e-07
1.0859e-07
6.48912e-08
5.10887e-08
4.50841e-08
3.78143e-08
2.94442e-08
2.16475e-08
1.59353e-08
7.91692e-09
0
0
0
0
0
0
0
0
0
0
0
0
2.32372e-09
1.78622e-08
3.21068e-08
4.57853e-08
5.99546e-08
7.46652e-08
9.03451e-08
1.05115e-07
1.17603e-07
1.24246e-07
1.24962e-07
1.18645e-07
1.0632e-07
8.74601e-08
6.36422e-08
3.80678e-08
1.02197e-08
0
0
0
0
0
0
0
0
1.76937e-07
4.92551e-07
8.68979e-07
1.04009e-06
3.93755e-07
0
0
0
0
0
0
0
0
0
0
0
0
0
0
1.40324e-08
0
0
0
0
0
0
0
0
0
0
0
6.6526e-09
2.77168e-08
5.38393e-08
8.31791e-08
1.30226e-07
1.89294e-07
2.30957e-07
2.47772e-07
2.65295e-07
3.49922e-07
4.58871e-07
5.19041e-07
5.37578e-07
5.12863e-07
4.48969e-07
4.069e-07
3.85409e-07
3.73553e-07
3.60303e-07
3.41287e-07
3.12264e-07
2.6841e-07
2.1376e-07
1.56952e-07
1.11849e-07
8.6052e-08
7.54739e-08
7.49841e-08
7.94809e-08
8.11351e-08
7.27749e-08
5.28622e-08
1.29944e-08
0
0
0
0
0
9.24383e-09
9.43545e-09
0
0
0
0
0
0
0
0
0
0
0
0
0
0
0
0
0
2.38494e-08
1.83584e-09
0
0
0
0
0
0
0
0
0
0
0
0
0
0
0
0
0
0
0
0
0
0
0
0
0
0
0
0
0
0
3.75765e-08
2.75507e-07
4.87654e-07
6.60747e-07
8.12976e-07
9.79311e-07
7.77222e-07
4.96798e-07
3.60252e-07
3.54215e-07
3.49233e-07
2.76383e-07
2.23094e-07
1.64717e-07
1.00959e-07
7.0456e-08
6.08244e-08
5.53801e-08
4.64823e-08
3.36974e-08
2.08374e-08
1.11633e-08
2.53081e-09
0
0
0
0
0
0
0
0
0
0
0
0
0
1.85492e-08
3.49713e-08
4.92279e-08
6.26971e-08
7.5957e-08
9.00575e-08
1.03854e-07
1.17089e-07
1.26055e-07
1.30156e-07
1.27764e-07
1.20529e-07
1.08096e-07
8.99739e-08
6.90971e-08
4.47422e-08
1.62244e-08
0
0
0
0
0
0
0
6.81893e-08
2.45486e-07
4.62035e-07
5.70262e-07
2.5682e-07
0
0
0
0
0
0
0
0
0
0
0
0
0
0
9.84307e-08
8.30257e-08
3.30819e-08
0
0
0
0
0
0
0
0
0
3.62413e-09
2.44757e-08
5.1205e-08
7.92899e-08
1.18228e-07
1.88331e-07
2.51614e-07
2.81972e-07
2.99986e-07
3.56866e-07
4.44666e-07
5.07838e-07
5.35825e-07
5.28101e-07
4.70888e-07
4.24626e-07
3.97601e-07
3.81325e-07
3.66337e-07
3.46266e-07
3.12819e-07
2.59037e-07
1.95285e-07
1.37849e-07
1.01921e-07
8.26632e-08
6.99858e-08
6.5615e-08
6.83044e-08
7.23658e-08
7.02346e-08
5.85051e-08
2.60434e-08
0
0
0
0
0
1.90887e-09
1.19129e-08
2.70989e-09
0
0
0
0
0
0
0
0
0
0
0
0
0
0
0
0
0
1.33057e-08
0
0
0
0
0
0
0
0
0
0
0
0
0
0
0
0
0
0
0
0
0
0
0
0
0
0
0
0
0
0
0
1.86879e-07
4.80709e-07
8.51272e-07
9.20424e-07
5.52785e-07
3.69881e-07
2.79512e-07
2.55273e-07
3.34442e-07
2.77958e-07
2.28081e-07
1.87236e-07
1.29206e-07
9.16519e-08
7.61634e-08
6.98525e-08
6.34536e-08
5.34687e-08
3.83589e-08
2.07582e-08
6.23835e-09
0
0
0
0
0
0
0
0
0
0
0
0
0
0
1.80791e-08
3.76068e-08
5.30938e-08
6.57521e-08
7.72205e-08
8.83167e-08
1.00093e-07
1.12057e-07
1.21905e-07
1.28488e-07
1.29491e-07
1.25968e-07
1.179e-07
1.05323e-07
9.0884e-08
7.28004e-08
5.13821e-08
2.77281e-08
0
0
0
0
0
0
5.18113e-08
1.50499e-07
2.97986e-07
3.64258e-07
1.65434e-07
0
0
0
0
0
0
0
0
0
0
0
0
0
0
1.79617e-07
1.60888e-07
8.63462e-08
3.0305e-08
0
0
0
0
0
0
0
0
0
2.08973e-08
4.7486e-08
7.51348e-08
1.07171e-07
1.68555e-07
2.50888e-07
2.96611e-07
3.21326e-07
3.65282e-07
4.24919e-07
4.76466e-07
5.06953e-07
5.09863e-07
4.66568e-07
4.20364e-07
3.90593e-07
3.70518e-07
3.53256e-07
3.32842e-07
2.97189e-07
2.33761e-07
1.58623e-07
9.65801e-08
6.86842e-08
6.73479e-08
5.87308e-08
5.18285e-08
5.33609e-08
5.95245e-08
6.19099e-08
5.62355e-08
3.60651e-08
0
0
0
0
0
0
1.03582e-08
7.46566e-09
0
0
0
0
0
1.14958e-09
0
0
0
0
0
0
0
0
0
0
0
5.56982e-09
4.05556e-09
0
0
0
0
0
0
0
0
0
0
0
0
0
0
0
0
0
0
0
0
0
0
0
0
0
0
0
0
0
0
0
2.3439e-07
3.64917e-07
2.96726e-07
2.33384e-07
1.90893e-07
1.79982e-07
2.54131e-07
2.48264e-07
2.17939e-07
1.88229e-07
1.43709e-07
1.05943e-07
8.70216e-08
7.85534e-08
7.25999e-08
6.38914e-08
5.27892e-08
3.85784e-08
2.07987e-08
3.44543e-09
0
0
0
0
0
0
0
0
0
0
0
0
0
0
1.49379e-08
3.86672e-08
5.68126e-08
7.01031e-08
8.02949e-08
8.88536e-08
9.76616e-08
1.0714e-07
1.16414e-07
1.24296e-07
1.28552e-07
1.29143e-07
1.24823e-07
1.16736e-07
1.07468e-07
9.55267e-08
8.1227e-08
6.65298e-08
4.96796e-08
3.11485e-08
1.67663e-08
6.5736e-09
1.2253e-08
5.21626e-08
1.03391e-07
1.72155e-07
2.88666e-07
3.16331e-07
1.53356e-07
0
0
0
0
0
0
0
0
9.50028e-07
0
0
0
0
0
2.62262e-07
2.3144e-07
1.34248e-07
5.93261e-08
1.32773e-08
0
0
0
0
0
0
0
0
1.75308e-08
4.59815e-08
7.68106e-08
1.06136e-07
1.53482e-07
2.45011e-07
3.16653e-07
3.57094e-07
3.92937e-07
4.29747e-07
4.64432e-07
4.91052e-07
5.00142e-07
4.69556e-07
4.25345e-07
3.93415e-07
3.69126e-07
3.47856e-07
3.25902e-07
2.89172e-07
2.15465e-07
1.25537e-07
5.56144e-08
2.82265e-08
4.37504e-08
4.87046e-08
4.17205e-08
4.25608e-08
5.05266e-08
5.69058e-08
5.42729e-08
3.81553e-08
0
0
0
0
0
0
5.97611e-09
8.83637e-09
0
0
0
0
0
0
2.74792e-09
0
0
0
0
4.25004e-08
0
0
0
0
0
0
9.21882e-09
0
0
0
0
0
0
0
0
0
0
0
0
0
0
0
0
0
0
0
0
0
0
0
0
0
0
0
0
0
0
0
0
7.02714e-08
9.63503e-08
1.07085e-07
1.24862e-07
2.12373e-07
2.20885e-07
2.0369e-07
1.76996e-07
1.42457e-07
1.09705e-07
9.08673e-08
8.39023e-08
8.05558e-08
7.13445e-08
6.00772e-08
4.6586e-08
3.29308e-08
1.79642e-08
2.21071e-09
0
0
0
0
0
0
0
0
0
0
0
0
0
0
8.56011e-09
3.66935e-08
5.80827e-08
7.33874e-08
8.38502e-08
9.13438e-08
9.787e-08
1.0493e-07
1.12819e-07
1.20833e-07
1.27795e-07
1.32485e-07
1.33195e-07
1.3042e-07
1.26178e-07
1.19209e-07
1.10236e-07
1.02169e-07
9.46487e-08
8.78267e-08
8.61975e-08
9.21794e-08
1.13428e-07
1.54168e-07
1.96729e-07
2.68167e-07
3.6296e-07
3.49204e-07
2.08611e-07
0
0
0
0
1.06644e-06
5.09277e-07
0
0
1.68323e-06
3.95975e-07
0
0
0
2.06968e-08
3.39638e-07
2.80213e-07
1.67582e-07
8.123e-08
2.67092e-08
0
0
0
0
0
0
0
0
1.23898e-08
4.48349e-08
7.95302e-08
1.08803e-07
1.45482e-07
2.1674e-07
3.1776e-07
3.75391e-07
4.03183e-07
4.21983e-07
4.38352e-07
4.54946e-07
4.63352e-07
4.44304e-07
4.07679e-07
3.76685e-07
3.50005e-07
3.25136e-07
3.00836e-07
2.65647e-07
1.88347e-07
8.76523e-08
1.44363e-08
0
1.29138e-08
3.64766e-08
3.4896e-08
3.52875e-08
4.39059e-08
5.22793e-08
5.12907e-08
3.47985e-08
0
0
0
0
0
0
9.28426e-10
6.0098e-09
1.94857e-09
0
0
0
0
0
6.76968e-09
4.10052e-10
0
0
0
3.37527e-08
7.55545e-08
0
0
0
0
0
9.83303e-10
7.17959e-09
0
0
0
0
0
0
0
0
0
5.52135e-08
0
0
1.21836e-09
0
0
0
0
0
0
0
0
0
0
0
0
0
0
0
0
0
0
1.69586e-08
4.83113e-08
9.78987e-08
2.03255e-07
2.01444e-07
1.77362e-07
1.47596e-07
1.19598e-07
9.714e-08
8.26891e-08
7.88766e-08
7.95173e-08
7.3863e-08
6.33694e-08
5.09239e-08
3.67503e-08
2.43346e-08
1.30303e-08
1.69154e-09
0
0
0
0
0
0
0
0
0
0
0
0
0
0
0
3.2522e-08
5.83531e-08
7.64715e-08
8.79647e-08
9.47221e-08
9.92273e-08
1.03769e-07
1.09872e-07
1.17498e-07
1.26335e-07
1.35306e-07
1.42713e-07
1.48672e-07
1.52797e-07
1.52923e-07
1.50987e-07
1.50043e-07
1.48209e-07
1.48959e-07
1.57302e-07
1.79546e-07
2.17979e-07
2.70365e-07
3.31662e-07
4.30535e-07
5.14412e-07
4.63912e-07
3.29918e-07
1.56781e-07
0
0
0
8.26581e-07
1.42484e-06
0
0
1.41043e-06
9.05258e-07
0
0
0
2.1137e-07
4.11022e-07
3.20799e-07
1.94307e-07
9.833e-08
3.67346e-08
0
0
0
0
0
0
0
0
4.47015e-09
4.84459e-08
8.99641e-08
1.2342e-07
1.542e-07
2.04272e-07
3.01913e-07
3.8439e-07
4.13911e-07
4.23751e-07
4.32402e-07
4.40005e-07
4.42171e-07
4.25895e-07
3.96857e-07
3.67765e-07
3.40129e-07
3.12394e-07
2.84296e-07
2.48685e-07
1.70767e-07
5.67928e-08
0
0
0
2.25864e-08
3.33579e-08
3.51319e-08
4.34731e-08
5.23021e-08
5.11646e-08
3.23118e-08
0
0
0
0
0
0
0
1.2739e-09
2.68834e-09
0
0
0
0
0
0
9.81148e-09
0
0
0
1.2456e-08
6.23887e-08
7.20036e-08
0
0
0
0
0
5.228e-09
2.03479e-09
0
0
0
0
0
0
0
0
0
6.11279e-08
0
1.45256e-09
0
0
0
0
0
0
0
0
0
0
0
0
0
0
0
0
0
8.26604e-10
3.70962e-08
1.12637e-07
1.8223e-07
1.66188e-07
1.32199e-07
1.07679e-07
9.06259e-08
7.74887e-08
6.98287e-08
6.95447e-08
7.33153e-08
7.03343e-08
6.16808e-08
5.03537e-08
3.70028e-08
2.53752e-08
1.62578e-08
8.55897e-09
1.11403e-09
0
0
0
0
0
0
0
0
0
0
0
0
0
0
0
2.09243e-08
5.43319e-08
7.906e-08
9.51886e-08
1.03769e-07
1.07124e-07
1.08385e-07
1.10483e-07
1.14923e-07
1.22508e-07
1.32752e-07
1.45722e-07
1.61059e-07
1.75984e-07
1.8902e-07
2.00728e-07
2.08662e-07
2.12232e-07
2.19598e-07
2.38144e-07
2.68785e-07
3.17847e-07
3.90301e-07
4.92786e-07
6.13803e-07
6.83885e-07
6.10317e-07
4.78246e-07
4.6494e-07
1.96932e-07
0
0
3.20998e-07
2.40145e-06
1.27993e-07
8.04865e-08
1.02039e-06
6.9288e-07
0
0
0
3.57558e-07
4.51546e-07
3.42922e-07
2.11936e-07
1.10568e-07
4.34124e-08
1.84243e-09
0
0
0
0
0
0
0
0
5.65171e-08
1.12902e-07
1.52145e-07
1.81186e-07
2.15895e-07
2.81161e-07
3.78282e-07
4.1652e-07
4.27493e-07
4.32208e-07
4.30982e-07
4.25649e-07
4.11446e-07
3.87963e-07
3.60346e-07
3.31815e-07
3.02011e-07
2.70315e-07
2.31638e-07
1.55342e-07
2.81851e-08
0
0
0
6.80991e-09
3.06248e-08
3.8526e-08
4.71762e-08
5.56131e-08
5.32509e-08
3.07306e-08
0
0
0
0
1.06915e-09
5.32926e-09
0
0
0
0
0
0
0
0
0
4.03209e-09
1.07685e-08
2.14626e-11
0
1.13449e-09
3.04997e-08
6.64584e-08
5.17515e-08
0
0
0
0
0
6.97217e-09
0
0
0
0
0
0
0
0
0
5.4353e-08
3.44341e-08
0
0
0
0
0
0
0
0
0
0
0
0
0
0
0
0
0
1.18078e-09
5.8199e-08
1.02829e-07
1.0033e-07
9.16279e-08
7.78356e-08
6.97291e-08
6.39458e-08
5.9776e-08
5.84963e-08
6.01377e-08
6.31746e-08
6.12315e-08
5.53931e-08
4.71462e-08
3.65387e-08
2.54077e-08
1.63095e-08
9.53612e-09
4.16908e-09
0
0
0
0
0
0
0
0
0
0
0
0
0
0
0
0
0
3.62325e-08
6.81262e-08
9.19949e-08
1.07362e-07
1.15128e-07
1.17519e-07
1.1759e-07
1.18346e-07
1.22101e-07
1.2961e-07
1.42578e-07
1.60732e-07
1.82799e-07
2.08221e-07
2.3214e-07
2.47215e-07
2.57564e-07
2.71873e-07
2.91007e-07
3.18927e-07
3.74543e-07
4.65349e-07
5.87465e-07
7.08795e-07
7.99314e-07
7.44496e-07
6.13681e-07
7.81938e-07
1.36427e-06
1.54184e-07
0
0
1.30409e-06
4.10024e-07
2.18103e-07
6.66448e-07
4.19589e-07
5.31816e-08
0
1.32137e-07
4.14767e-07
4.34958e-07
3.28437e-07
2.11199e-07
1.15334e-07
4.70043e-08
8.37183e-10
0
0
0
0
0
0
0
0
6.76244e-08
1.5542e-07
2.04005e-07
2.26487e-07
2.48285e-07
2.85829e-07
3.58637e-07
4.13574e-07
4.28889e-07
4.33973e-07
4.25483e-07
4.1443e-07
4.0047e-07
3.7963e-07
3.52508e-07
3.22579e-07
2.91168e-07
2.56786e-07
2.13147e-07
1.3491e-07
0
0
0
0
0
2.49642e-08
4.17488e-08
5.33532e-08
6.15196e-08
5.72315e-08
2.99219e-08
0
0
0
0
1.24945e-08
1.83743e-08
0
0
0
0
0
0
0
0
0
0
1.06816e-08
1.23085e-08
4.55441e-09
1.8828e-09
1.23741e-08
3.63076e-08
5.30794e-08
2.98217e-08
0
0
0
0
6.87702e-10
8.11367e-09
0
0
0
0
0
0
0
0
0
7.51745e-08
0
0
0
0
0
0
0
0
0
0
0
0
0
0
0
0
9.54573e-09
2.49593e-08
3.45017e-08
3.95311e-08
4.16661e-08
4.31092e-08
4.45235e-08
4.66916e-08
4.88743e-08
5.04373e-08
5.05469e-08
5.09219e-08
4.8374e-08
4.45666e-08
3.94314e-08
3.26613e-08
2.44023e-08
1.61825e-08
9.0912e-09
3.52541e-09
0
0
0
0
0
0
0
0
0
0
0
0
0
0
0
0
0
0
8.69684e-09
4.41909e-08
7.1923e-08
9.15354e-08
1.03109e-07
1.07944e-07
1.08491e-07
1.07594e-07
1.08261e-07
1.12626e-07
1.21618e-07
1.3641e-07
1.58852e-07
1.86204e-07
2.09842e-07
2.27343e-07
2.44801e-07
2.63138e-07
2.80751e-07
3.12855e-07
3.7985e-07
4.89458e-07
6.2569e-07
7.84399e-07
9.77897e-07
9.65685e-07
8.13106e-07
1.24484e-06
2.2448e-06
8.46913e-07
0
0
0
0
1.46534e-07
3.39896e-07
2.00431e-07
3.86759e-08
7.76632e-09
2.25305e-07
3.97826e-07
3.78334e-07
2.83283e-07
1.88922e-07
1.09342e-07
4.61484e-08
0
0
0
0
0
0
0
0
0
8.13079e-08
2.29486e-07
2.97653e-07
3.07975e-07
2.9964e-07
3.1412e-07
3.51029e-07
4.05859e-07
4.27477e-07
4.33641e-07
4.24974e-07
4.08374e-07
3.91818e-07
3.71185e-07
3.43781e-07
3.11248e-07
2.77087e-07
2.40434e-07
1.91905e-07
1.0614e-07
0
0
0
0
0
2.01318e-08
4.25477e-08
5.94188e-08
6.86728e-08
6.23796e-08
2.94526e-08
0
0
0
0
0
2.42798e-08
0
0
0
0
0
0
0
0
0
0
1.13676e-09
1.48341e-08
1.56913e-08
1.08974e-08
9.36501e-09
1.7006e-08
3.12132e-08
3.4464e-08
1.41721e-08
0
0
0
0
4.06532e-09
9.24846e-09
0
0
0
0
0
0
0
0
0
0
0
0
0
0
0
0
0
0
0
0
0
0
0
0
7.42744e-09
1.27645e-08
1.62047e-08
1.87864e-08
2.15612e-08
2.5069e-08
2.92519e-08
3.32263e-08
3.64093e-08
3.76909e-08
3.73831e-08
3.65145e-08
3.47524e-08
3.2916e-08
3.04511e-08
2.67906e-08
2.18087e-08
1.56805e-08
9.15668e-09
3.31299e-09
0
0
0
0
0
0
0
0
0
0
0
0
0
0
0
0
0
0
0
0
1.50321e-08
4.78908e-08
7.16015e-08
8.59544e-08
9.14893e-08
9.02946e-08
8.62596e-08
8.28419e-08
8.22252e-08
8.65383e-08
9.8244e-08
1.18516e-07
1.41908e-07
1.63529e-07
1.86172e-07
2.12317e-07
2.36215e-07
2.61194e-07
3.09118e-07
4.02691e-07
5.50903e-07
7.47771e-07
1.02357e-06
1.45653e-06
1.53354e-06
1.43042e-06
2.28539e-06
2.05404e-06
1.80882e-06
3.167e-07
0
0
0
0
4.05666e-08
4.78613e-08
0
3.12012e-08
2.34759e-07
3.42984e-07
3.06247e-07
2.32576e-07
1.63316e-07
1.02732e-07
4.61682e-08
0
0
0
0
0
0
0
0
0
9.5475e-08
3.55449e-07
4.56617e-07
4.44607e-07
3.9219e-07
3.60077e-07
3.70012e-07
3.99297e-07
4.23376e-07
4.30197e-07
4.25179e-07
4.0424e-07
3.83979e-07
3.61218e-07
3.32413e-07
2.97334e-07
2.59429e-07
2.19162e-07
1.66104e-07
7.09962e-08
0
0
0
0
0
2.04932e-08
4.27316e-08
6.30456e-08
7.50966e-08
6.78789e-08
2.90732e-08
0
0
0
0
0
1.67833e-08
0
0
0
0
0
0
0
0
0
0
0
8.64057e-09
1.78711e-08
1.98228e-08
1.59143e-08
1.23907e-08
1.50483e-08
2.12283e-08
1.92038e-08
5.33425e-09
0
0
0
0
7.8315e-09
1.46519e-08
0
0
0
0
0
0
0
0
0
0
0
0
0
0
0
0
0
0
0
0
6.36357e-10
2.26098e-09
3.84851e-09
5.43547e-09
7.11168e-09
9.1431e-09
1.18367e-08
1.50819e-08
1.8215e-08
2.05852e-08
2.22335e-08
2.31204e-08
2.36373e-08
2.39149e-08
2.38451e-08
2.34047e-08
2.25295e-08
2.08077e-08
1.80493e-08
1.42687e-08
9.63799e-09
4.79276e-09
2.85567e-10
0
0
0
0
0
0
0
0
0
0
0
0
0
0
0
0
0
0
0
0
0
1.15433e-08
4.52989e-08
6.9205e-08
8.34231e-08
8.92999e-08
8.98115e-08
8.78781e-08
8.63856e-08
8.87872e-08
9.81583e-08
1.14372e-07
1.33492e-07
1.55319e-07
1.85022e-07
2.21218e-07
2.56545e-07
3.01705e-07
3.83619e-07
5.24718e-07
7.39587e-07
1.03572e-06
1.4168e-06
1.96202e-06
2.3198e-06
2.31619e-06
1.81485e-06
1.07756e-06
1.31683e-06
1.68073e-06
0
0
0
0
0
0
0
2.38593e-08
2.16205e-07
2.84054e-07
2.56111e-07
2.04557e-07
1.53632e-07
1.07404e-07
4.96783e-08
0
0
0
0
0
0
0
0
0
1.02204e-07
5.48062e-07
7.05389e-07
6.60454e-07
5.48871e-07
4.49023e-07
4.03321e-07
4.06247e-07
4.19551e-07
4.25303e-07
4.21501e-07
4.01019e-07
3.76136e-07
3.49921e-07
3.18187e-07
2.79593e-07
2.37789e-07
1.93957e-07
1.36629e-07
3.35331e-08
0
0
0
0
6.14667e-09
2.64949e-08
4.4798e-08
6.3874e-08
7.82706e-08
7.23473e-08
2.88298e-08
0
0
0
0
0
0
0
0
0
0
0
0
0
0
0
0
0
3.98969e-09
1.2105e-08
1.99212e-08
2.22372e-08
1.69786e-08
1.05822e-08
9.54233e-09
1.18481e-08
9.61982e-09
9.75842e-10
0
0
0
0
1.62816e-08
3.50557e-08
2.13482e-08
0
0
0
0
0
0
0
0
0
0
0
0
0
2.16188e-10
3.7656e-09
5.95266e-09
7.22521e-09
7.89788e-09
8.47524e-09
8.81313e-09
8.88063e-09
8.91011e-09
9.2812e-09
1.01959e-08
1.14818e-08
1.27666e-08
1.37894e-08
1.44542e-08
1.47398e-08
1.47553e-08
1.46965e-08
1.45895e-08
1.43385e-08
1.39662e-08
1.33112e-08
1.21491e-08
1.03094e-08
7.77576e-09
4.84403e-09
2.00734e-09
0
0
0
0
0
0
0
0
0
0
0
0
0
0
0
0
0
0
0
0
0
0
0
0
2.72168e-08
5.35824e-08
7.22102e-08
8.55954e-08
9.52455e-08
1.03282e-07
1.1331e-07
1.27513e-07
1.44257e-07
1.6153e-07
1.82559e-07
2.12554e-07
2.48202e-07
2.86295e-07
3.43125e-07
4.30295e-07
5.37839e-07
6.54462e-07
7.29754e-07
7.23351e-07
8.04654e-07
1.07504e-06
1.19993e-06
9.08798e-07
6.1596e-07
7.73214e-07
1.17281e-06
0
0
0
0
1.79943e-08
1.42488e-10
0
4.49762e-08
2.02676e-07
2.4426e-07
2.24185e-07
1.86275e-07
1.49914e-07
1.22639e-07
6.4113e-08
0
0
0
0
0
0
0
0
0
1.0184e-07
7.80721e-07
1.05708e-06
9.98293e-07
8.0092e-07
5.99639e-07
4.6989e-07
4.23264e-07
4.182e-07
4.18406e-07
4.12045e-07
3.92226e-07
3.64945e-07
3.34864e-07
2.99138e-07
2.56306e-07
2.10915e-07
1.64899e-07
1.05747e-07
0
0
0
0
1.48343e-08
2.3029e-08
3.40506e-08
4.78007e-08
6.31599e-08
7.73126e-08
7.42048e-08
2.85392e-08
0
0
0
0
0
0
0
0
0
0
0
0
0
0
1.50637e-08
2.09793e-08
1.53377e-08
8.88945e-09
7.66064e-09
1.26312e-08
1.96317e-08
2.0791e-08
1.38584e-08
6.2401e-09
4.03641e-09
5.36355e-09
4.3575e-09
0
0
0
0
2.19217e-09
3.80013e-08
8.5095e-08
8.22817e-08
1.62807e-08
0
0
0
0
0
0
0
0
0
0
0
0
0
0
1.61565e-09
5.85173e-09
9.19414e-09
1.12007e-08
1.16205e-08
1.06868e-08
9.1056e-09
7.58591e-09
6.48073e-09
5.79342e-09
5.34201e-09
4.88845e-09
4.30175e-09
3.68464e-09
3.32052e-09
3.4511e-09
3.97151e-09
4.48643e-09
4.56247e-09
3.96336e-09
2.69836e-09
1.02368e-09
0
0
0
0
0
0
0
0
0
0
0
0
0
0
0
0
0
0
0
0
0
0
0
0
0
0
0
0
2.22389e-08
4.72306e-08
6.47879e-08
7.94882e-08
9.58942e-08
1.14454e-07
1.32108e-07
1.47266e-07
1.63004e-07
1.7992e-07
1.93219e-07
2.10146e-07
2.39347e-07
2.62259e-07
2.66518e-07
2.82776e-07
3.13827e-07
3.45775e-07
4.49585e-07
6.41598e-07
7.40436e-07
5.87632e-07
4.29744e-07
5.5414e-07
7.96929e-07
0
0
0
1.28223e-08
1.31043e-07
1.87153e-08
0
1.36573e-07
2.09396e-07
2.21878e-07
1.99576e-07
1.67778e-07
1.46573e-07
1.44832e-07
1.05716e-07
0
0
0
0
0
0
0
0
0
1.6917e-07
9.85854e-07
1.49462e-06
1.50562e-06
1.19022e-06
8.32962e-07
5.82365e-07
4.62547e-07
4.23467e-07
4.11686e-07
3.98989e-07
3.76971e-07
3.49764e-07
3.18076e-07
2.78961e-07
2.31741e-07
1.82855e-07
1.35651e-07
7.84861e-08
0
0
0
2.96055e-08
5.08224e-08
3.20393e-08
3.72614e-08
4.92989e-08
6.18055e-08
7.37075e-08
7.28728e-08
2.73607e-08
0
0
0
0
0
0
0
0
0
0
0
0
0
0
1.79302e-08
4.44983e-08
4.25061e-08
2.50898e-08
1.12153e-08
6.92996e-09
1.06183e-08
1.61287e-08
1.58669e-08
8.8767e-09
2.0099e-09
0
1.30469e-09
1.70215e-09
0
0
0
0
1.52591e-08
8.29441e-08
1.57875e-07
1.41637e-07
3.48152e-08
0
0
0
0
0
0
0
0
0
0
0
0
0
0
0
0
1.88391e-09
3.62839e-09
3.29836e-09
1.96881e-09
4.76829e-10
0
0
0
0
0
0
2.13665e-10
5.16501e-10
3.99529e-10
0
0
0
0
0
0
0
0
0
0
0
0
0
0
0
0
0
0
0
0
0
0
0
0
0
0
0
0
0
0
0
0
0
0
0
0
1.12081e-08
3.6054e-08
5.73027e-08
7.16421e-08
7.92825e-08
8.43712e-08
8.67621e-08
8.80507e-08
1.02078e-07
1.25745e-07
1.34973e-07
1.393e-07
1.68855e-07
2.12549e-07
2.68793e-07
3.89348e-07
5.67998e-07
6.6362e-07
5.35834e-07
4.00055e-07
5.29012e-07
7.89977e-07
3.64513e-08
0
0
1.32311e-07
2.4955e-07
2.12399e-07
1.9597e-07
2.10921e-07
2.20278e-07
2.10062e-07
1.7837e-07
1.49592e-07
1.44849e-07
1.34411e-07
6.8587e-08
0
0
0
0
0
0
0
0
0
4.42655e-07
1.04045e-06
1.8947e-06
2.16909e-06
1.75719e-06
1.18602e-06
7.67187e-07
5.40387e-07
4.44511e-07
4.08481e-07
3.84877e-07
3.60016e-07
3.3189e-07
2.98189e-07
2.55934e-07
2.04904e-07
1.53403e-07
1.07366e-07
5.76914e-08
0
0
0
1.74941e-07
5.57825e-08
2.61626e-08
3.2565e-08
4.77174e-08
5.96772e-08
6.83639e-08
6.76923e-08
2.35246e-08
0
0
0
0
0
0
0
0
0
0
0
0
0
0
5.02208e-10
3.77579e-08
5.67151e-08
4.42174e-08
2.25557e-08
8.22744e-09
3.94654e-09
6.52358e-09
1.04336e-08
9.91048e-09
4.22998e-09
0
0
0
1.41421e-09
1.35418e-11
0
0
0
4.69376e-08
1.42024e-07
1.94176e-07
1.45243e-07
0
0
0
0
0
1.44538e-08
1.2504e-08
0
0
0
0
0
0
0
0
0
4.26786e-09
6.46081e-09
6.24626e-09
4.89525e-09
3.37318e-09
2.16225e-09
1.35163e-09
8.3914e-10
4.71919e-10
1.2682e-10
0
0
0
0
0
0
0
0
0
0
0
0
0
0
0
0
0
0
0
0
0
0
0
0
0
0
0
0
0
0
0
0
0
0
0
0
0
0
0
0
0
0
0
0
0
0
2.75701e-10
1.07831e-08
3.77308e-08
6.18583e-08
6.37689e-08
6.78954e-08
9.61014e-08
1.36271e-07
2.05571e-07
3.56775e-07
5.71791e-07
7.21749e-07
6.09289e-07
4.38952e-07
5.19826e-07
3.85525e-07
0
1.28878e-07
3.45774e-07
4.38087e-07
3.71929e-07
2.55807e-07
2.185e-07
2.05134e-07
1.96354e-07
1.74045e-07
1.41334e-07
1.27655e-07
1.19322e-07
4.46925e-08
0
0
0
0
0
0
0
0
0
6.55772e-07
8.49893e-07
9.16183e-07
1.80267e-06
2.53149e-06
2.25082e-06
1.52338e-06
9.36367e-07
6.05932e-07
4.55907e-07
3.92798e-07
3.57557e-07
3.2895e-07
2.99213e-07
2.64457e-07
2.21434e-07
1.69947e-07
1.20311e-07
8.05339e-08
4.41736e-08
7.95395e-09
5.82512e-08
5.33051e-07
1.83852e-07
3.80514e-08
1.36491e-08
2.15505e-08
4.10343e-08
5.45013e-08
5.94998e-08
5.50364e-08
1.13281e-08
0
0
1.38768e-07
1.62237e-07
4.79248e-08
0
0
0
0
0
0
0
0
0
0
1.44892e-08
4.34858e-08
4.82985e-08
3.259e-08
1.48387e-08
3.94533e-09
2.98856e-10
1.81012e-09
5.00867e-09
4.90317e-09
1.20081e-10
0
0
0
4.0167e-09
2.65596e-09
0
0
2.27352e-08
9.66848e-08
1.57043e-07
1.59789e-07
6.14737e-08
0
0
4.73109e-08
7.36953e-08
7.12845e-08
5.53855e-08
3.7415e-08
2.36924e-08
1.54659e-08
1.13906e-08
9.53633e-09
8.73293e-09
8.69222e-09
9.34466e-09
1.01689e-08
1.01833e-08
8.63097e-09
5.57718e-09
1.75231e-09
0
0
0
0
0
0
0
0
0
0
0
0
0
0
0
0
0
0
0
0
0
0
0
0
0
0
0
0
0
0
0
0
0
0
0
0
0
0
0
0
0
0
0
0
0
0
0
0
0
0
0
0
0
0
0
0
0
0
0
0
0
1.3555e-07
2.91545e-07
3.09384e-07
1.64584e-07
5.95288e-08
0
0
5.20227e-08
1.78337e-07
2.58646e-07
2.64766e-07
2.13916e-07
1.77617e-07
1.69557e-07
1.62616e-07
1.47638e-07
1.22008e-07
1.02298e-07
9.91131e-08
5.95213e-08
0
0
0
0
0
0
0
0
1.03105e-06
1.36518e-06
1.39344e-06
1.1387e-06
7.47392e-07
1.23754e-06
2.39323e-06
2.4907e-06
1.77762e-06
1.07679e-06
6.55082e-07
4.48761e-07
3.57877e-07
3.11994e-07
2.80001e-07
2.5027e-07
2.1789e-07
1.78769e-07
1.32631e-07
9.01907e-08
5.95575e-08
3.49483e-08
1.52251e-08
7.77878e-08
2.75957e-07
1.15381e-07
1.65706e-08
4.54425e-09
1.25731e-08
3.11786e-08
4.75831e-08
5.04883e-08
4.00429e-08
0
0
4.53019e-08
6.32795e-07
3.8378e-07
1.42296e-07
2.64863e-08
0
0
0
0
0
0
0
0
0
0
2.24812e-08
3.56363e-08
3.10204e-08
1.87744e-08
7.88886e-09
6.60593e-10
0
0
1.61763e-09
6.94549e-10
0
0
0
2.91947e-09
7.30229e-09
4.71551e-09
3.49778e-09
1.94614e-08
6.76402e-08
1.05062e-07
1.10048e-07
7.28762e-08
0
0
7.27426e-08
6.95277e-08
3.76656e-08
3.79064e-09
0
0
0
0
7.86309e-09
1.16185e-08
1.0175e-08
4.51127e-09
0
0
0
0
0
0
0
0
0
0
0
0
0
0
0
0
0
0
0
0
0
0
0
0
0
0
0
0
0
0
3.28831e-09
6.90054e-09
9.95826e-09
1.23683e-08
1.37441e-08
1.37463e-08
1.26837e-08
1.15394e-08
1.13514e-08
1.24661e-08
1.45651e-08
1.71335e-08
1.98721e-08
2.26672e-08
2.59478e-08
3.06335e-08
3.74702e-08
4.50941e-08
5.3265e-08
6.12685e-08
6.48068e-08
6.43771e-08
5.97064e-08
4.77114e-08
2.51479e-08
0
0
0
0
0
0
0
0
0
0
0
0
0
5.3937e-08
1.07505e-07
1.05177e-07
7.90582e-08
7.02884e-08
8.69784e-08
1.10129e-07
1.23391e-07
1.24604e-07
1.10772e-07
1.02451e-07
1.01877e-07
9.32719e-08
7.61833e-08
5.74454e-08
4.99095e-08
3.9971e-08
0
0
0
0
0
6.92199e-08
4.15924e-07
8.79422e-07
2.58428e-06
3.74622e-06
2.41283e-06
1.4651e-06
9.6614e-07
4.24419e-07
4.5305e-07
1.66212e-06
2.32821e-06
1.79507e-06
1.09441e-06
6.50571e-07
4.24299e-07
3.18513e-07
2.67367e-07
2.35109e-07
2.05566e-07
1.7366e-07
1.37364e-07
9.78822e-08
6.48386e-08
4.40355e-08
2.82964e-08
7.97624e-09
1.32084e-08
6.23912e-08
3.3441e-08
0
0
9.74793e-09
2.27663e-08
3.67506e-08
3.69938e-08
1.81335e-08
0
0
4.17548e-07
7.76683e-07
4.30255e-07
1.83076e-07
5.02526e-08
0
0
0
0
0
0
0
0
0
0
1.11548e-08
2.17466e-08
2.11739e-08
1.41949e-08
7.89272e-09
3.24855e-09
0
0
0
0
0
0
0
4.23644e-10
6.32485e-09
9.10527e-09
1.51375e-08
3.05425e-08
5.85523e-08
6.73395e-08
6.04215e-08
4.45128e-08
6.04199e-08
0
0
0
0
0
0
0
0
0
2.75679e-09
1.30026e-08
1.36956e-08
6.17383e-09
0
0
0
0
0
0
0
0
0
0
0
0
0
0
0
0
0
0
0
0
0
0
0
0
0
0
0
0
1.53474e-09
1.07691e-08
1.97114e-08
2.79084e-08
3.50659e-08
4.08718e-08
4.48428e-08
4.63823e-08
4.55419e-08
4.34829e-08
4.17759e-08
4.16039e-08
4.31728e-08
4.58003e-08
4.88335e-08
5.19992e-08
5.47876e-08
5.74421e-08
6.08968e-08
6.44259e-08
6.85852e-08
7.51241e-08
8.15327e-08
9.04348e-08
1.01565e-07
1.08083e-07
1.08014e-07
1.0577e-07
1.05097e-07
1.0378e-07
9.6735e-08
8.58227e-08
7.21267e-08
5.33499e-08
3.51225e-08
3.1536e-08
4.41545e-08
5.65357e-08
6.25283e-08
6.89452e-08
7.72543e-08
7.97721e-08
7.25806e-08
6.17314e-08
5.3448e-08
5.16476e-08
4.98529e-08
4.29019e-08
3.58072e-08
2.25447e-08
1.88525e-08
1.92993e-08
7.99401e-09
0
0
0
0
0
0
0
0
3.9628e-08
1.06239e-06
1.05748e-06
1.52027e-06
4.59065e-06
5.35187e-06
2.28048e-06
9.37713e-07
5.51742e-07
2.77395e-08
0
7.54003e-07
1.87434e-06
1.58204e-06
9.58708e-07
5.60033e-07
3.56279e-07
2.58073e-07
2.1007e-07
1.8036e-07
1.538e-07
1.25394e-07
9.37777e-08
6.23696e-08
3.906e-08
2.60987e-08
1.4905e-08
0
0
0
0
0
0
1.07462e-08
2.78118e-08
3.53986e-08
2.76434e-08
0
0
0
6.88345e-07
7.59196e-07
4.21568e-07
1.83623e-07
5.51836e-08
0
0
0
0
0
0
0
4.32902e-09
1.29724e-08
1.23681e-08
1.50793e-08
1.84892e-08
1.49191e-08
7.19849e-09
1.90776e-09
7.61824e-10
8.64711e-10
0
0
0
0
0
0
0
3.52351e-09
8.51195e-09
2.41927e-08
4.58433e-08
5.98632e-08
4.49374e-08
2.78755e-08
2.09222e-08
8.46629e-08
4.11262e-08
0
0
0
0
0
0
0
0
1.29448e-09
3.9524e-09
0
0
0
0
0
0
0
0
0
0
0
0
0
0
0
0
0
0
0
0
0
0
0
0
0
0
0
0
0
0
1.28287e-08
2.65848e-08
4.00118e-08
5.31233e-08
6.55256e-08
7.64014e-08
8.4627e-08
8.9147e-08
8.9558e-08
8.7067e-08
8.43075e-08
8.33706e-08
8.48458e-08
8.95084e-08
9.62435e-08
1.03063e-07
1.0907e-07
1.13415e-07
1.16599e-07
1.18432e-07
1.18555e-07
1.17581e-07
1.16341e-07
1.16164e-07
1.18019e-07
1.17779e-07
1.14985e-07
1.121e-07
1.11728e-07
1.1687e-07
1.21564e-07
1.21404e-07
1.16081e-07
1.07812e-07
1.00357e-07
9.71951e-08
9.58266e-08
8.88341e-08
7.7268e-08
6.51412e-08
5.47545e-08
4.54327e-08
3.66426e-08
2.87945e-08
1.84098e-08
7.31306e-09
0
0
0
0
0
0
0
0
0
0
0
0
0
0
0
7.24541e-07
5.18632e-07
0
0
0
1.0185e-06
6.84782e-07
5.1371e-07
4.96421e-07
0
0
9.74129e-08
1.30243e-06
1.22903e-06
7.33453e-07
4.11525e-07
2.47316e-07
1.69351e-07
1.32572e-07
1.10358e-07
8.95872e-08
6.74188e-08
4.66842e-08
3.10049e-08
2.22276e-08
1.87971e-08
1.22898e-08
0
0
0
0
0
0
8.89565e-09
3.76214e-08
4.60947e-08
2.37764e-08
0
0
0
8.01376e-07
7.06481e-07
4.14321e-07
1.75298e-07
4.72096e-08
0
0
0
0
0
0
0
2.19214e-09
2.26015e-08
3.1783e-08
3.23853e-08
2.89486e-08
1.86376e-08
5.44443e-09
0
0
0
0
1.35419e-09
0
0
0
0
2.39749e-09
2.32941e-09
7.86063e-09
3.16752e-08
5.88073e-08
6.26979e-08
3.17818e-08
1.01144e-08
1.09887e-08
9.5362e-08
8.28382e-08
0
0
0
0
0
0
0
0
0
0
0
0
0
0
0
0
0
0
0
0
0
0
0
0
0
0
0
0
0
0
0
0
0
0
0
0
4.06757e-09
1.32019e-08
2.10411e-08
2.89534e-08
3.83088e-08
4.9379e-08
6.12133e-08
7.30358e-08
8.47971e-08
9.6214e-08
1.06939e-07
1.16893e-07
1.25937e-07
1.33979e-07
1.41958e-07
1.51248e-07
1.62461e-07
1.74942e-07
1.86904e-07
1.96784e-07
2.03589e-07
2.06316e-07
2.05063e-07
2.01374e-07
1.9533e-07
1.888e-07
1.82834e-07
1.7796e-07
1.75689e-07
1.73357e-07
1.69782e-07
1.68595e-07
1.73188e-07
1.7957e-07
1.81579e-07
1.75951e-07
1.63484e-07
1.47728e-07
1.32354e-07
1.19064e-07
1.05999e-07
9.00276e-08
7.21963e-08
5.51212e-08
4.15131e-08
3.1181e-08
2.16739e-08
1.01798e-08
0
0
0
0
0
0
0
0
0
0
0
0
0
0
0
0
0
0
0
0
0
0
0
7.44523e-07
1.41886e-06
1.21003e-06
0
0
0
7.97804e-07
8.17296e-07
4.76893e-07
2.72527e-07
1.74638e-07
1.28891e-07
1.08045e-07
9.40344e-08
7.90737e-08
6.38003e-08
4.9231e-08
3.70464e-08
2.98171e-08
2.75785e-08
2.41993e-08
8.94928e-09
0
0
0
0
0
4.40355e-09
5.10274e-08
6.92493e-08
3.83047e-08
0
0
3.58018e-07
8.14927e-07
6.46355e-07
4.03031e-07
1.74774e-07
4.13914e-08
0
0
0
0
0
0
0
0
1.55179e-08
3.58119e-08
4.59642e-08
4.55448e-08
3.2644e-08
1.32161e-08
0
0
0
0
0
0
0
1.06823e-09
7.84242e-09
8.60558e-09
5.21608e-09
1.25233e-08
4.30008e-08
7.26893e-08
7.0027e-08
2.76428e-08
6.22672e-09
1.90979e-08
1.27876e-07
2.47396e-07
0
0
0
0
0
0
0
0
0
0
0
0
0
0
0
2.25948e-08
1.71859e-08
0
0
0
0
0
0
0
0
0
0
0
0
0
0
0
0
0
0
0
0
0
6.33921e-10
1.17994e-08
2.59943e-08
4.37868e-08
6.44685e-08
8.61858e-08
1.07436e-07
1.26708e-07
1.42225e-07
1.52223e-07
1.55268e-07
1.52403e-07
1.48595e-07
1.5089e-07
1.64719e-07
1.90095e-07
2.22981e-07
2.57936e-07
2.88739e-07
3.10481e-07
3.226e-07
3.27503e-07
3.27093e-07
3.21711e-07
3.11344e-07
2.96806e-07
2.80115e-07
2.63634e-07
2.50063e-07
2.42504e-07
2.44402e-07
2.46741e-07
2.4365e-07
2.34688e-07
2.21392e-07
2.05759e-07
1.89523e-07
1.72386e-07
1.52647e-07
1.30321e-07
1.07574e-07
8.63667e-08
6.73557e-08
4.95976e-08
3.33818e-08
1.87579e-08
4.78435e-09
0
0
0
0
0
0
0
0
0
0
0
0
0
0
0
0
0
0
0
0
1.40127e-07
1.83032e-06
2.88174e-06
3.08146e-06
1.41506e-06
0
0
0
4.29826e-07
5.89379e-07
3.65329e-07
2.25756e-07
1.63175e-07
1.34841e-07
1.20121e-07
1.04491e-07
8.27111e-08
5.85318e-08
3.88e-08
2.93073e-08
2.95892e-08
3.61561e-08
4.09103e-08
2.49334e-08
0
0
0
0
0
2.56944e-08
9.69482e-08
1.19537e-07
8.00866e-08
0
0
9.1767e-07
8.11713e-07
6.30884e-07
3.95441e-07
1.68736e-07
2.98064e-08
0
0
0
0
0
0
0
0
1.79488e-09
2.08982e-08
3.60608e-08
4.40902e-08
4.09025e-08
2.58783e-08
6.79484e-09
0
0
0
0
0
0
1.54836e-09
1.17613e-08
1.33326e-08
1.05577e-08
2.26258e-08
5.85895e-08
9.0603e-08
8.77781e-08
4.35693e-08
4.46942e-08
1.22061e-07
3.46093e-07
2.07873e-07
0
0
6.25372e-08
1.1085e-07
1.18e-07
6.38632e-08
0
0
0
0
0
1.46084e-08
1.38725e-07
2.15421e-07
2.39034e-07
2.10092e-07
1.47424e-07
7.28239e-08
6.4342e-11
0
0
0
0
0
0
0
0
0
0
0
0
0
0
0
0
0
0
0
0
0
3.85852e-09
2.77194e-08
5.67603e-08
8.97558e-08
1.23839e-07
1.53909e-07
1.74076e-07
1.80943e-07
1.74639e-07
1.59716e-07
1.43688e-07
1.35542e-07
1.42902e-07
1.69902e-07
2.14086e-07
2.62321e-07
3.0261e-07
3.27879e-07
3.38333e-07
3.38243e-07
3.31946e-07
3.23493e-07
3.16486e-07
3.13061e-07
3.12292e-07
3.10932e-07
3.06323e-07
2.97403e-07
2.83996e-07
2.65326e-07
2.41878e-07
2.17427e-07
1.93383e-07
1.7019e-07
1.48608e-07
1.2998e-07
1.13031e-07
9.56941e-08
7.71371e-08
5.6283e-08
3.35197e-08
1.27326e-08
0
0
0
1.39876e-08
6.30849e-08
1.5776e-07
3.25424e-07
1.44327e-07
0
0
0
0
0
0
0
0
0
0
0
0
0
0
3.38561e-07
2.38597e-06
4.01259e-06
4.9652e-06
3.98909e-06
0
0
0
0
0
2.36418e-07
1.50308e-07
8.47563e-08
5.83663e-08
4.87055e-08
4.10617e-08
2.3738e-08
0
0
0
0
2.74916e-09
1.28847e-08
1.76562e-08
0
0
0
0
0
0
2.10876e-07
3.31301e-07
3.43514e-07
2.56227e-07
0
0
9.32324e-07
9.00006e-07
7.33778e-07
4.29736e-07
1.46451e-07
0
0
0
5.0183e-09
1.99922e-08
1.7692e-08
3.87778e-09
0
0
0
6.46417e-09
2.01809e-08
2.82004e-08
3.23727e-08
3.0343e-08
1.94536e-08
4.60569e-09
0
0
0
0
0
0
4.17078e-09
6.19784e-09
6.47334e-09
2.21215e-08
5.57116e-08
8.71102e-08
1.16966e-07
1.27119e-07
1.48851e-07
7.54024e-08
9.51699e-08
4.06938e-08
0
4.41689e-08
9.89843e-08
1.60915e-07
2.36804e-07
3.43669e-07
5.13007e-07
7.67132e-07
1.01012e-06
9.99612e-07
7.35606e-07
4.40253e-07
2.18716e-07
7.92778e-08
6.25427e-09
0
0
0
7.52577e-09
1.78361e-08
2.1753e-08
1.90742e-08
1.21857e-08
4.64192e-09
0
0
0
0
0
0
0
0
0
0
0
0
9.13777e-09
2.03327e-08
2.89438e-08
3.37388e-08
3.60982e-08
3.99326e-08
4.93598e-08
6.52427e-08
8.43842e-08
1.02355e-07
1.16426e-07
1.26426e-07
1.33694e-07
1.40305e-07
1.49103e-07
1.63417e-07
1.83517e-07
2.07963e-07
2.32305e-07
2.50081e-07
2.55032e-07
2.43252e-07
2.14088e-07
1.69112e-07
1.15926e-07
6.56791e-08
3.02863e-08
2.06502e-08
4.07077e-08
8.57739e-08
1.39362e-07
1.81168e-07
1.99704e-07
1.96699e-07
1.8084e-07
1.59562e-07
1.35957e-07
1.12428e-07
8.88815e-08
6.55408e-08
4.63301e-08
3.41183e-08
2.65656e-08
1.76044e-08
7.50659e-09
2.69164e-10
0
0
0
2.94043e-08
7.65402e-08
7.23626e-08
5.70269e-08
2.74804e-08
0
0
0
0
0
0
0
0
0
0
7.01825e-07
0
0
0
1.09228e-06
2.38914e-06
3.5058e-06
4.38771e-06
3.02792e-06
0
0
0
0
0
0
0
0
0
0
0
0
0
0
0
0
0
0
0
0
0
0
0
0
4.34234e-07
1.08967e-06
1.21249e-06
1.09419e-06
8.93157e-07
4.77913e-07
0
2.16023e-07
5.14377e-07
5.75842e-07
3.40621e-07
7.17366e-08
0
0
0
1.06074e-08
3.20635e-08
2.97742e-08
7.31286e-09
0
0
0
0
2.08326e-09
1.15364e-08
2.86151e-08
4.93606e-08
5.41798e-08
3.90072e-08
1.88222e-08
4.25863e-09
0
0
0
0
0
0
0
0
0
0
1.39671e-08
1.85826e-08
3.70437e-08
1.5526e-08
4.052e-08
0
0
0
0
0
3.78707e-08
2.91415e-07
6.66397e-07
8.55989e-07
6.70932e-07
3.63417e-07
1.14104e-07
0
0
0
0
0
0
0
0
2.32436e-08
3.66467e-08
3.6015e-08
2.50119e-08
8.80531e-09
0
0
0
0
0
0
0
0
0
0
0
0
0
0
0
1.21761e-09
1.72624e-08
3.41651e-08
4.90739e-08
6.01656e-08
6.65384e-08
6.79954e-08
6.51078e-08
5.93614e-08
5.3608e-08
5.25083e-08
6.06699e-08
7.91185e-08
1.05298e-07
1.38549e-07
1.71994e-07
1.94104e-07
1.98644e-07
1.83113e-07
1.46147e-07
8.5814e-08
1.19216e-08
0
0
0
0
0
0
0
9.75238e-09
5.18165e-08
7.34736e-08
7.86475e-08
6.96347e-08
5.37108e-08
3.72611e-08
2.5246e-08
2.91681e-08
4.43769e-08
5.38847e-08
4.55512e-08
3.91877e-08
4.17456e-08
8.62221e-09
0
0
0
0
0
0
0
0
0
0
4.10779e-07
5.21104e-07
5.02886e-07
7.29333e-08
0
0
9.88031e-07
1.67977e-06
0
0
0
4.32631e-07
7.36914e-07
5.28525e-07
3.78575e-08
0
2.53652e-07
1.69162e-08
0
0
0
0
0
0
0
0
0
0
0
0
0
0
0
0
0
0
0
0
0
0
0
1.33058e-06
1.83339e-06
1.66098e-06
1.28588e-06
6.2319e-07
0
0
0
0
0
0
0
0
0
0
0
0
0
0
0
0
0
0
0
1.2424e-07
2.1522e-07
2.05568e-07
1.20018e-07
3.40561e-08
0
0
0
0
0
0
0
0
0
0
0
7.84071e-09
6.30417e-09
1.65302e-08
0
2.40291e-08
0
0
0
0
0
0
0
0
0
0
0
0
0
0
0
0
0
3.40529e-08
7.06947e-08
7.7081e-08
6.89462e-08
6.02626e-08
5.78261e-08
5.99116e-08
5.78061e-08
4.09519e-08
5.89254e-09
0
0
0
0
0
0
0
0
0
0
0
0
0
0
1.55513e-09
2.18693e-08
4.44661e-08
6.49978e-08
7.93454e-08
8.46094e-08
7.97592e-08
6.52379e-08
4.38932e-08
2.26436e-08
1.02215e-08
1.18317e-08
2.63102e-08
4.80903e-08
7.21755e-08
9.35667e-08
1.07321e-07
1.08904e-07
9.40903e-08
6.00282e-08
9.70048e-09
0
0
0
0
0
0
0
0
0
0
0
0
0
0
0
0
3.05803e-08
4.438e-08
0
2.11419e-08
1.37975e-07
2.01406e-08
0
0
0
0
0
0
0
0
0
0
0
6.47429e-07
1.23485e-06
5.62277e-07
0
0
2.45017e-06
2.78852e-06
3.02677e-07
0
0
0
0
0
0
1.75167e-06
4.1004e-06
1.08671e-06
0
0
0
0
0
0
0
0
0
0
0
0
0
0
0
0
0
0
0
0
0
0
0
0
4.82328e-07
6.29912e-07
4.40128e-07
0
0
0
0
0
0
0
7.12031e-09
0
0
0
0
0
0
0
0
0
0
0
0
4.58433e-09
1.86564e-08
2.13715e-08
1.41224e-08
4.3791e-09
0
0
0
0
0
0
0
0
0
0
9.88648e-11
3.84103e-09
0
5.20385e-09
0
1.31456e-08
0
0
0
0
0
0
0
0
0
0
0
0
4.20954e-08
9.4004e-08
1.11193e-07
1.33304e-07
1.76604e-07
2.17133e-07
2.30681e-07
2.16824e-07
1.85848e-07
1.46968e-07
1.03598e-07
5.61636e-08
7.44614e-09
0
0
0
0
1.01927e-10
2.06013e-08
2.45789e-08
1.32991e-08
0
0
0
0
0
0
0
0
5.12984e-09
1.38313e-08
1.80883e-08
1.96526e-08
1.92826e-08
1.64174e-08
9.803e-09
0
0
0
0
0
0
0
9.46952e-09
2.35734e-08
2.9293e-08
2.44668e-08
7.3026e-09
0
0
0
0
0
0
0
0
0
0
0
0
0
0
0
0
0
0
1.77194e-08
0
0
8.8122e-08
1.69357e-07
4.82171e-08
0
2.88925e-08
8.24188e-09
0
5.37633e-08
1.85973e-07
0
0
0
0
0
0
6.60432e-07
3.85101e-07
0
0
2.85721e-06
3.89959e-06
1.50535e-06
0
0
0
0
0
0
3.15342e-06
2.4643e-06
4.4589e-08
0
0
0
0
0
0
0
0
0
0
0
0
0
0
0
0
0
0
0
0
0
0
0
0
9.93575e-09
0
0
0
0
0
0
0
9.73717e-09
2.39229e-08
1.53018e-08
0
0
0
0
0
2.86887e-09
6.60337e-09
0
0
0
0
0
0
5.63279e-09
7.02779e-09
4.4336e-09
7.59044e-10
0
0
0
0
0
0
0
0
0
0
0
0
0
0
0
9.68737e-09
0
0
0
0
0
0
0
0
0
0
3.82994e-08
7.29178e-08
9.62091e-08
1.00535e-07
8.20923e-08
4.79904e-08
1.54184e-08
0
4.68884e-09
2.48719e-08
5.04704e-08
7.11962e-08
7.96792e-08
7.71877e-08
7.27155e-08
7.47513e-08
8.53845e-08
1.00284e-07
1.12323e-07
1.15174e-07
1.05603e-07
8.36719e-08
5.38437e-08
2.30402e-08
0
0
0
0
0
0
0
7.83375e-09
1.75867e-08
2.63118e-08
3.15976e-08
3.19192e-08
2.72392e-08
1.80453e-08
4.76928e-09
0
0
0
0
0
0
0
0
0
0
0
0
0
0
0
0
0
0
0
0
0
0
1.67126e-08
9.03514e-09
0
1.64678e-08
0
0
7.15562e-08
6.39117e-08
0
0
1.02135e-07
1.49697e-07
3.29734e-08
0
0
0
0
2.86762e-07
8.40976e-07
4.28364e-07
0
0
0
0
0
4.63833e-08
0
0
0
2.83171e-06
4.73839e-06
2.96849e-06
1.28937e-06
2.10705e-07
0
0
0
0
2.6524e-06
8.4073e-07
0
0
0
0
0
0
0
0
0
0
0
0
0
0
0
0
0
1.76729e-07
2.50649e-07
0
0
0
0
4.00926e-08
6.08343e-08
0
0
0
0
0
0
0
2.18163e-08
9.05164e-09
0
0
0
0
0
0
4.23711e-10
3.43548e-09
1.50161e-09
0
0
0
0
0
1.52788e-09
3.32188e-09
2.7916e-09
9.92944e-10
0
0
0
0
0
0
0
0
0
0
0
0
0
0
0
0
8.90084e-09
0
0
0
0
0
0
0
0
0
8.30738e-09
2.31806e-08
3.09964e-08
2.8216e-08
1.66733e-08
5.60494e-10
0
0
0
0
0
0
0
0
1.19986e-08
3.56296e-08
5.53938e-08
6.85326e-08
7.45037e-08
7.36925e-08
6.67064e-08
5.45462e-08
3.87067e-08
2.11504e-08
4.33673e-09
0
0
0
0
0
0
0
0
0
0
0
0
0
0
0
0
0
0
0
0
0
0
0
0
0
0
0
0
0
0
0
0
0
0
0
0
0
2.92957e-09
0
0
3.87825e-09
0
9.75799e-10
1.08721e-07
6.77238e-08
0
0
1.15157e-07
9.18016e-08
0
0
0
0
0
8.26862e-08
8.69775e-07
4.65588e-07
0
0
0
0
3.27133e-07
9.55411e-08
0
0
0
2.34477e-06
4.31877e-06
4.19647e-06
2.38066e-06
1.5439e-06
8.7794e-07
0
0
0
2.04262e-06
0
0
0
0
0
0
0
0
0
0
0
0
0
0
0
0
0
3.90851e-07
9.70956e-07
8.22923e-07
2.08764e-07
0
0
0
1.74984e-07
1.16054e-07
0
0
0
0
0
0
0
0
0
0
0
0
0
0
0
0
0
0
0
0
0
0
1.11463e-10
1.18522e-09
1.10713e-09
3.88722e-10
0
0
0
0
0
0
0
0
0
0
0
0
0
0
0
1.39468e-09
0
4.53018e-09
0
0
0
9.78653e-09
2.58087e-08
3.30098e-08
3.55799e-08
3.74668e-08
3.97364e-08
4.11023e-08
4.03347e-08
3.75347e-08
3.3172e-08
2.86766e-08
2.5106e-08
2.28524e-08
2.18697e-08
2.17733e-08
2.20427e-08
2.2287e-08
2.22715e-08
2.18586e-08
2.10059e-08
2.0081e-08
1.90317e-08
1.77654e-08
1.63007e-08
1.46826e-08
1.28699e-08
1.07377e-08
8.16716e-09
5.07319e-09
1.60939e-09
0
0
0
0
0
0
0
0
0
0
0
0
0
0
0
0
0
0
0
0
0
0
0
0
0
0
0
0
0
0
1.67378e-10
8.37129e-10
4.66648e-10
0
0
5.10544e-09
0
0
3.27877e-08
1.31743e-08
2.13156e-08
0
0
0
1.63619e-07
1.599e-08
0
0
8.89153e-08
0
0
0
0
0
0
0
7.88541e-07
4.06079e-07
0
0
0
1.35229e-06
1.40952e-06
0
0
0
0
8.10276e-07
3.6384e-06
5.73913e-06
3.78765e-06
2.23875e-06
2.04648e-06
1.16471e-06
0
0
1.07755e-06
0
0
0
0
0
0
0
0
0
0
0
0
0
0
0
0
0
5.26088e-07
1.30744e-06
1.19799e-06
4.47272e-07
0
0
3.06716e-08
2.29626e-07
6.06258e-08
0
0
0
0
0
0
0
0
0
0
0
0
0
0
0
0
0
0
0
0
0
0
2.70207e-10
2.16272e-10
0
0
0
0
0
0
0
0
0
0
0
0
0
0
1.48934e-10
3.32575e-10
5.55935e-10
9.76452e-10
0
1.41873e-09
0
0
0
0
0
0
0
0
0
0
0
0
0
0
9.50692e-10
2.20896e-09
3.42095e-09
4.41801e-09
5.03863e-09
5.16919e-09
4.79925e-09
4.09478e-09
3.27933e-09
2.51216e-09
1.87774e-09
1.42564e-09
1.17305e-09
1.09234e-09
1.10845e-09
1.12859e-09
1.05522e-09
8.12609e-10
4.38327e-10
1.1984e-11
0
0
0
0
0
0
0
0
4.86207e-10
1.12508e-09
1.52587e-09
1.4989e-09
1.05471e-09
3.74434e-10
0
0
0
0
0
0
0
0
0
0
0
1.48882e-09
5.65725e-10
0
0
0
8.06142e-10
2.60486e-09
2.80861e-09
5.64263e-09
1.11735e-08
0
2.43145e-08
8.04005e-08
6.44747e-08
9.75868e-08
6.55356e-08
0
0
2.09987e-07
0
0
0
0
6.08898e-08
0
0
0
0
0
2.98999e-07
2.53375e-06
1.95095e-06
1.27213e-07
0
0
2.31421e-06
0
0
0
0
0
0
5.2566e-06
8.13945e-06
7.06982e-06
2.73614e-06
2.05011e-06
2.21205e-06
1.85677e-06
5.96057e-07
0
0
0
0
0
0
0
0
0
0
0
0
0
0
0
0
0
0
2.66429e-07
1.11427e-06
1.3371e-06
8.164e-07
6.88228e-08
0
7.27388e-08
1.93797e-07
0
0
0
0
0
0
0
0
0
0
0
2.92342e-09
2.66741e-09
1.15453e-09
0
0
0
0
0
0
0
2.67849e-11
5.22527e-11
3.33816e-11
0
0
0
0
0
0
0
0
0
0
0
2.46654e-11
1.14375e-10
2.76239e-10
1.93395e-10
3.15214e-10
1.96067e-10
2.1886e-10
2.07288e-10
0
3.54965e-10
0
0
0
0
0
0
0
0
0
0
0
0
0
0
0
0
0
0
0
0
0
0
0
0
0
0
0
0
0
0
0
0
0
0
0
0
0
0
0
0
0
0
0
0
0
0
0
0
0
0
0
8.26672e-10
2.09969e-09
2.99479e-09
3.8722e-09
4.75639e-09
5.53871e-09
7.68949e-09
1.25093e-08
1.68596e-08
1.42354e-08
3.81034e-09
0
0
0
0
0
0
0
0
0
5.67014e-08
1.22066e-07
2.92145e-07
2.94084e-07
0
0
2.12445e-07
0
0
0
0
3.11802e-07
0
0
0
0
0
7.3475e-06
8.10562e-06
7.48029e-06
4.51164e-06
1.72542e-06
9.8244e-09
0
0
0
0
0
0
0
6.29153e-06
1.44139e-05
1.6212e-05
6.32323e-06
1.74826e-06
5.09981e-07
8.09978e-08
0
0
0
0
0
0
0
0
0
0
0
0
0
0
0
0
0
0
0
4.2239e-08
2.95154e-07
8.84215e-07
1.24371e-06
7.69108e-07
2.49284e-07
0
0
0
0
0
0
0
0
0
0
0
5.13506e-10
4.00858e-09
4.05915e-09
2.20967e-09
5.25991e-10
0
0
0
0
8.31284e-11
1.618e-10
1.36234e-10
7.91773e-11
4.32276e-11
2.7693e-11
1.53256e-11
8.27643e-12
6.472e-12
5.82358e-13
0
0
2.74025e-11
7.07919e-11
5.42158e-11
4.16916e-11
2.42301e-11
8.39598e-11
7.53615e-11
1.0539e-10
2.92377e-11
5.79149e-11
0
1.08148e-11
0
0
6.84834e-11
0
0
0
0
0
0
0
0
0
0
0
0
0
0
0
0
0
0
0
0
0
0
0
0
0
0
0
0
0
0
0
0
0
0
0
0
0
0
0
0
0
0
0
0
0
0
0
0
0
0
0
1.64384e-09
3.31511e-09
4.50937e-09
5.59045e-09
6.71312e-09
8.16309e-09
1.19645e-08
2.04046e-08
3.36657e-08
4.32981e-08
3.08888e-08
0
0
0
0
0
0
0
0
0
0
0
3.469e-07
4.98452e-07
0
0
0
0
0
0
0
1.38824e-06
2.77303e-06
0
0
0
9.16706e-07
7.49007e-06
1.09991e-05
5.52347e-06
1.74746e-06
5.27925e-07
0
0
0
0
0
0
0
0
1.59706e-06
5.86547e-06
2.34436e-05
1.7403e-05
1.82318e-06
1.21268e-07
0
0
0
0
0
0
0
0
0
0
0
0
0
0
0
0
0
0
0
9.58327e-09
2.51608e-08
3.56414e-08
1.41156e-07
8.77569e-07
1.87053e-06
5.19954e-07
0
0
0
0
0
0
0
0
0
0
0
2.09402e-09
2.80229e-09
2.05614e-09
9.01704e-10
8.40537e-11
0
0
0
2.45295e-11
1.07348e-10
1.10798e-10
7.30404e-11
4.13435e-11
3.40562e-11
3.75907e-11
3.82534e-11
3.59363e-11
3.18675e-11
2.31751e-11
7.40448e-12
6.84647e-12
1.87016e-11
3.15031e-11
1.36709e-11
0
0
3.31432e-12
0
0
0
0
0
0
0
0
1.10787e-11
0
0
0
0
0
0
0
0
0
0
0
0
0
0
0
0
0
0
0
0
0
0
0
0
0
0
0
0
0
0
0
0
0
0
0
0
0
0
0
0
0
0
0
0
0
0
0
0
0
0
2.62111e-11
9.61904e-10
1.83772e-09
2.33479e-09
2.77747e-09
3.42741e-09
4.68574e-09
9.13912e-09
2.64871e-08
9.25518e-08
1.63922e-07
1.3309e-07
3.2915e-08
0
0
0
0
0
0
0
0
0
0
1.75274e-07
5.35853e-07
2.02323e-07
0
0
0
0
0
0
1.57382e-06
3.31325e-06
0
0
0
4.24168e-07
3.59002e-06
6.09824e-06
1.9293e-06
6.13661e-07
1.76254e-07
0
0
0
0
0
0
0
4.62188e-08
1.2509e-06
2.40726e-06
1.14566e-05
2.09228e-05
1.28643e-06
1.8915e-08
0
0
0
0
0
0
0
0
0
0
0
0
0
0
0
0
0
0
1.3034e-08
2.16088e-08
2.11251e-08
1.40566e-08
3.00639e-08
3.25631e-07
9.05301e-07
9.7494e-08
0
0
0
0
0
0
0
0
0
0
0
9.69287e-10
1.11014e-09
8.09665e-10
3.87047e-10
7.38128e-11
0
0
0
1.34843e-11
4.40448e-11
4.16607e-11
2.4116e-11
1.28835e-11
1.3139e-11
1.68689e-11
1.71707e-11
1.45481e-11
1.01202e-11
4.0017e-12
0
0
0
2.59689e-12
0
0
0
0
0
0
0
0
0
0
0
0
3.90473e-12
0
9.52093e-09
7.44346e-09
1.5805e-08
2.12345e-08
2.06196e-08
1.7821e-08
1.53371e-08
1.28089e-08
1.05633e-08
8.58171e-09
6.99909e-09
5.60887e-09
4.75722e-09
3.8846e-09
3.62798e-09
2.97108e-09
3.04619e-09
2.15903e-09
2.8259e-09
1.81769e-09
3.01014e-09
9.38494e-10
2.93386e-09
0
0
2.49484e-09
1.19152e-09
3.42048e-09
4.56187e-09
5.05959e-09
4.63947e-09
4.56346e-09
4.08977e-09
3.85002e-09
3.35475e-09
3.09568e-09
2.71765e-09
2.5654e-09
2.28703e-09
2.30539e-09
2.04142e-09
2.19642e-09
1.74842e-09
2.24254e-09
1.65502e-09
2.55143e-09
1.10478e-09
2.73062e-09
3.85311e-11
0
4.49228e-10
0
3.32271e-10
6.93469e-10
9.50102e-10
9.11425e-10
1.13933e-09
1.09731e-09
1.2586e-09
1.19699e-09
1.27457e-09
1.23773e-09
1.2973e-09
1.26732e-09
1.35869e-09
1.30286e-09
1.44915e-09
1.29924e-09
1.62408e-09
1.37757e-09
1.94376e-09
1.14311e-09
2.25283e-09
7.16892e-10
0
4.79109e-11
0
0
0
0
0
1.72671e-11
8.42866e-11
1.70741e-10
2.50073e-10
3.31304e-10
4.27841e-10
4.85878e-10
6.0513e-10
6.65624e-10
7.30536e-10
8.65253e-10
8.30014e-10
1.12131e-09
9.44819e-10
1.50553e-09
8.12654e-10
2.06969e-09
4.66436e-10
1.19441e-09
0
0
0
0
0
0
0
0
0
0
0
0
0
0
0
0
0
0
0
0
0
0
0
0
0
0
0
0
0
0
0
0
0
0
0
0
0
0
0
0
0
0
0
0
0
0
0
0
0
0
0
0
0
0
0
0
0
0
0
0
0
0
0
0
0
0
0
0
0
0
0
0
0
0
0
0
0
0
0
0
0
0
0
0
0
0
0
0
0
0
0
0
0
0
0
0
0
0
0
0
0
0
0
0
0
0
0
0
0
0
0
0
0
0
0
0
0
0
0
0
0
0
0
0
0
0
0
0
0
0
0
0
0
0
0
0
0
0
0
0
0
0
0
0
0
0
0
0
0
0
0
0
0
0
0
0
0
0
0
0
0
0
0
0
0
0
0
0
0
0
0
0
0
0
0
0
0
0
0
0
0
0
0
0
0
0
0
0
0
0
0
0
0
0
0
0
0
0
0
0
0
0
0
0
0
0
0
0
0
0
0
0
0
0
0
0
0
0
0
0
0
0
0
0
0
0
0
0
0
0
0
0
0
0
0
0
0
0
0
0
0
0
0
0
0
0
0
0
0
0
0
0
0
0
0
0
0
0
0
0
0
0
0
0
0
0
0
0
0
0
0
0
0
0
0
0
0
0
0
0
0
0
0
0
0
0
0
0
0
0
0
0
0
0
0
0
0
0
0
0
0
0
0
0
0
0
0
0
0
0
0
0
0
0
0
0
0
0
0
0
0
0
0
0
0
0
0
0
0
0
0
0
0
0
0
0
0
0
0
0
0
0
0
0
0
0
0
0
0
0
0
0
0
0
0
0
0
0
0
0
0
0
0
0
0
0
0
0
0
0
0
0
0
0
0
0
0
0
0
0
0
0
0
0
0
0
0
0
0
0
0
0
0
0
0
0
0
0
0
0
0
0
0
0
0
0
0
0
0
0
0
0
0
0
0
0
0
0
0
0
0
0
0
0
0
0
0
0
0
0
0
0
0
0
0
0
0
0
0
0
0
0
0
0
0
0
0
0
0
0
0
0
0
0
0
0
0
0
0
0
0
0
0
0
0
0
0
0
0
0
0
0
0
0
0
0
0
0
0
0
0
0
0
0
0
0
0
0
0
0
0
0
0
0
0
0
0
0
0
0
0
0
0
0
0
0
0
0
0
0
0
0
0
0
0
0
0
0
0
0
0
0
0
0
0
0
0
0
0
0
0
0
0
0
0
0
0
0
0
0
0
0
0
0
0
0
0
0
0
0
0
0
0
0
0
0
0
0
0
0
0
0
0
0
0
0
0
0
0
0
0
0
0
0
0
0
0
0
0
0
0
0
0
0
0
0
0
0
0
0
0
0
0
0
0
0
0
0
0
0
0
0
0
0
0
0
0
0
0
0
0
0
0
0
0
0
0
0
0
0
0
0
0
0
0
0
0
0
0
0
0
0
0
0
0
0
0
0
0
0
0
0
0
0
0
0
0
0
0
0
0
0
0
0
0
0
0
0
0
0
0
0
0
0
0
0
0
0
0
0
0
0
0
0
0
0
0
0
0
0
0
0
0
0
0
0
0
0
0
0
0
0
0
0
0
0
0
0
0
0
7.7766e-09
0
0
0
0
0
0
0
0
0
0
0
0
0
0
0
0
0
0
0
0
0
0
0
0
0
0
0
0
0
0
0
0
0
0
0
0
0
0
0
0
0
0
0
0
0
0
0
0
0
0
0
0
0
0
0
0
0
0
0
0
0
0
0
0
0
0
0
0
0
0
0
0
0
0
0
0
0
0
0
0
0
0
0
0
0
0
0
0
0
0
0
0
0
0
0
0
0
0
0
0
0
0
0
0
0
0
0
0
0
0
0
0
0
0
0
0
0
0
0
0
0
0
0
0
0
0
0
0
0
0
0
0
0
0
0
0
0
0
0
0
0
0
0
0
0
0
0
0
0
0
0
0
0
4.13869e-09
0
0
0
0
0
0
0
0
0
0
0
0
0
0
0
0
0
0
0
0
0
0
0
0
8.65407e-08
1.03928e-07
1.90757e-08
0
0
0
0
0
0
0
0
0
0
0
0
0
0
0
0
0
0
0
0
0
2.357e-08
2.13626e-07
2.79393e-07
1.70381e-07
0
0
0
0
0
0
0
0
0
0
0
0
0
0
0
0
0
0
0
0
0
2.23712e-07
4.50718e-07
5.42355e-07
4.06398e-07
1.33456e-07
0
0
0
0
0
0
0
0
0
0
0
0
0
0
0
0
0
0
0
3.2115e-07
6.36468e-07
8.17674e-07
8.71559e-07
6.88589e-07
3.47897e-07
0
0
0
0
0
0
0
0
0
0
0
0
0
0
0
0
0
3.87632e-07
6.3914e-07
8.64259e-07
9.8731e-07
1.05551e-06
1.0678e-06
8.78868e-07
5.9877e-07
0
0
0
0
0
0
0
0
0
0
0
0
0
0
0
0
0
2.56374e-07
3.04915e-07
4.07721e-07
5.34762e-07
6.50995e-07
7.07785e-07
5.89511e-07
3.75058e-07
0
0
0
0
0
0
0
0
0
0
0
0
0
0
0
0
0
9.2576e-08
9.12984e-08
1.05836e-07
1.56897e-07
2.14446e-07
2.29676e-07
1.5173e-07
3.85579e-08
0
0
0
0
0
0
0
0
0
0
0
0
0
0
0
0
0
4.82939e-08
2.52227e-08
1.32915e-08
2.74074e-08
4.00555e-08
2.78372e-08
1.65619e-09
0
0
0
0
0
0
0
0
0
0
0
0
0
0
0
0
0
0
2.60874e-08
0
0
0
0
0
0
0
0
0
0
0
0
0
0
0
0
0
0
0
0
0
0
0
0
1.50997e-08
0
0
0
0
0
0
0
0
0
0
0
0
0
0
0
0
0
0
0
0
0
0
0
0
1.13092e-08
0
0
0
0
0
0
0
4.00673e-12
1.26707e-10
1.23434e-10
7.62165e-11
5.60393e-11
2.83636e-11
3.43513e-11
9.90797e-12
3.69995e-11
0
5.21312e-11
0
9.68495e-11
0
1.85237e-10
0
0
6.68135e-09
0
0
0
0
0
0
0
4.78518e-11
8.07775e-11
7.63806e-11
6.45159e-11
7.35688e-11
7.10976e-11
9.68181e-11
8.78993e-11
1.39126e-10
8.99281e-11
1.87783e-10
4.9186e-11
2.70708e-10
0
4.36108e-10
0
2.34166e-10
2.5698e-09
0
0
0
0
0
0
8.15705e-11
1.20823e-10
1.22951e-10
1.27571e-10
1.27446e-10
1.51497e-10
1.51862e-10
1.81236e-10
1.64511e-10
2.08721e-10
1.60354e-10
2.4653e-10
1.24318e-10
3.13387e-10
3.15929e-11
4.59732e-10
0
1.81296e-10
7.62125e-10
0
0
0
0
0
8.37292e-11
1.5262e-10
1.88904e-10
1.89326e-10
1.97596e-10
1.87629e-10
1.96966e-10
1.83526e-10
1.96982e-10
1.70346e-10
1.99568e-10
1.52557e-10
2.15429e-10
1.1376e-10
2.56886e-10
5.00185e-11
3.70622e-10
0
0
1.82481e-10
0
0
5.02463e-11
1.1229e-10
1.65923e-10
1.91977e-10
2.05618e-10
2.04594e-10
1.76308e-10
1.6189e-10
1.43692e-10
1.36372e-10
1.21022e-10
1.28109e-10
1.06779e-10
1.28937e-10
9.33689e-11
1.39002e-10
6.7555e-11
1.66986e-10
2.84447e-11
2.47771e-10
0
0
1.33012e-10
0
6.23862e-10
6.20617e-10
4.9688e-10
3.6167e-10
2.45283e-10
1.78933e-10
1.35188e-10
1.19833e-10
1.16617e-10
1.07831e-10
1.03572e-10
9.37255e-11
1.00258e-10
8.86236e-11
1.04151e-10
8.08391e-11
1.09382e-10
6.54526e-11
1.2685e-10
4.13062e-11
1.78433e-10
0
0
4.73459e-10
7.84272e-10
1.60445e-09
8.94492e-10
4.5981e-10
2.2236e-10
1.15714e-10
6.76114e-11
4.97765e-11
6.3352e-11
7.47696e-11
7.68527e-11
7.89655e-11
7.52259e-11
8.03422e-11
7.56228e-11
8.4135e-11
7.003e-11
8.20059e-11
5.8541e-11
8.90215e-11
4.44076e-11
1.19646e-10
2.24665e-11
0
1.03551e-09
1.72404e-09
1.32731e-09
4.55426e-10
1.29608e-10
3.47102e-11
9.51544e-12
1.07134e-12
4.10457e-12
2.05477e-11
3.14134e-11
3.59085e-11
3.96383e-11
3.94216e-11
4.27652e-11
4.15585e-11
4.5524e-11
3.85443e-11
4.19418e-11
3.17266e-11
4.39563e-11
2.52385e-11
5.92837e-11
1.70405e-11
0
)
;

boundaryField
{
    inlet
    {
        type            zeroGradient;
    }
    outlet
    {
        type            zeroGradient;
    }
    upperWall
    {
        type            zeroGradient;
    }
    lowerWall
    {
        type            zeroGradient;
    }
    frontAndBack
    {
        type            empty;
    }
}


// ************************************************************************* //
