/*--------------------------------*- C++ -*----------------------------------*\
  =========                 |
  \\      /  F ield         | OpenFOAM: The Open Source CFD Toolbox
   \\    /   O peration     | Website:  https://openfoam.org
    \\  /    A nd           | Version:  7
     \\/     M anipulation  |
\*---------------------------------------------------------------------------*/
FoamFile
{
    version     2.0;
    format      ascii;
    class       volScalarField;
    location    "0.072";
    object      s;
}
// * * * * * * * * * * * * * * * * * * * * * * * * * * * * * * * * * * * * * //

dimensions      [0 0 0 0 0 0 0];

internalField   nonuniform List<scalar> 
12225
(
1
1
1
1
1
1
1
1
1
1
1
1
1
1
1
1
1
1
1
1
1
1
1
1
1
1
1
1
1
1
1
1
1
1
1
1
1
1
1
1
1
1
1
1
1
1
1
1
1
1
1
1
1
1
1
1
1
1
1
1
1
1
1
1
1
1
1
1
1
1
1
1
1
1
1
1
1
1
1
1
1
1
1
1
1
1
1
1
1
1
1
1
1
1
1
1
1
1
1
1
1
1
1
1
1
1
1
1
1
1
1
1
1
1
1
1
1
1
1
1
1
1
1
1
1
1
1
1
1
1
1
1
1
1
1
1
1
1
1
1
1
1
1
1
1
1
1
1
1
1
1
1
1
1
1
1
1
1
1
1
1
1
1
1
1
1
1
1
1
1
1
1
1
1
1
1
1
1
1
1
1
1
1
1
1
1
1
1
1
1
1
1
1
1
1
1
1
1
1
1
1
1
1
1
1
1
1
1
1
1
1
1
1
1
1
1
1
1
1
1
1
1
1
1
1
1
1
1
1
1
1
1
1
1
1
1
1
1
1
1
1
1
1
1
1
1
1
1
1
1
1
1
1
1
1
1
1
1
1
1
1
1
1
1
1
1
1
1
1
1
1
1
1
1
1
1
1
1
1
1
1
1
1
1
1
1
1
1
1
1
1
1
1
1
1
1
1
1
1
1
1
1
1
1
1
1
1
1
1
1
1
1
1
1
1
1
1
1
1
1
1
1
1
1
1
1
1
1
1
1
1
1
1
1
1
1
1
1
1
1
1
1
1
1
1
1
1
1
1
1
1
1
1
1
1
1
1
1
1
1
1
1
1
1
1
1
1
1
1
1
1
1
1
1
1
1
1
1
1
1
1
1
1
1
1
1
1
1
1
1
1
1
1
1
1
1
1
1
1
1
1
1
1
1
1
1
1
1
1
1
1
1
1
1
1
1
1
1
1
1
1
1
1
1
1
1
1
1
1
1
1
1
1
1
1
1
1
1
1
1
1
1
1
1
1
1
1
1
1
1
1
1
1
1
1
1
1
1
1
1
1
1
1
1
1
1
1
1
1
1
1
1
1
1
1
1
1
1
1
1
1
1
1
1
1
1
1
1
1
1
1
1
1
1
1
1
1
1
1
1
1
1
1
1
1
1
1
1
1
1
1
1
1
1
1
1
1
1
1
1
1
1
1
1
1
1
1
1
1
1
1
1
1
1
1
1
1
1
1
1
0.0537735
0.136963
0.166954
0.173797
0.174399
0.172552
0.184539
0.208867
0.240858
0.275845
0.316274
0.353726
0.3814
0.405306
0.428901
0.458794
0.486566
0.511231
0.528312
0.539455
0.549373
0.559099
0.566851
0.570012
0.570097
0.569512
0.56764
0.564719
0.556668
0.547906
0.535549
0.508262
0.484918
0.443866
0.333852
0.201072
0.0664235
0.012553
0.0113718
0.0144443
0.0159392
0.0183527
0.0217984
0.0251201
0.0292267
0.0339875
0.0391785
0.0436759
0.0453024
0.0445324
0.0443186
0.0532966
0.0755654
0.0947256
0.121286
0.155186
0.229005
0.518574
0.762574
0.823322
0.83317
0.83788
0.840787
0.843174
0.84522
0.846327
0.847434
0.848749
0.849694
0.850394
0.851244
0.851838
0.852541
0.853158
0.853775
0.854309
0.85498
0.855668
0.85603
0.856409
0.857095
0.857585
0.857983
0.858651
0.859201
0.859535
0.859905
0.860369
0.860587
0.860882
0.861056
0.861119
0.861097
0.860672
0.860036
0.859459
0.85878
0.858149
0.857634
0.857269
0.857013
0.85665
0.856099
0.855731
0.855149
0.854379
0.853303
0.85163
0.849339
0.846452
0.842797
0.838082
0.832053
0.824424
0.814824
0.80289
0.788433
0.770923
0.750127
0.725942
0.697053
0.662309
0.621749
0.572952
0.512907
0.444714
0.370006
0.284465
0.197232
0.127652
0.0784272
0.0457668
0.0253306
0.0132618
0.0065498
0.00304529
0.00133296
0.00055106
0.000214173
7.42676e-05
2.20953e-05
1.07469e-05
5.34647e-06
2.61966e-06
1.24883e-06
5.79333e-07
2.62207e-07
1.16078e-07
5.03842e-08
2.14956e-08
9.03696e-09
3.75367e-09
1.5446e-09
6.31347e-10
2.57002e-10
1.04435e-10
4.24481e-11
1.7282e-11
7.05345e-12
2.8864e-12
1.1839e-12
4.86377e-13
1.99937e-13
8.21222e-14
3.36361e-14
1.37006e-14
5.53096e-15
2.20475e-15
8.64549e-16
3.32345e-16
1.24863e-16
4.57284e-17
1.62862e-17
5.62762e-18
1.88194e-18
6.06889e-19
1.88222e-19
5.50798e-20
1.50717e-20
-1.55377e-20
0.0350939
0.103871
0.119897
0.102961
0.0581316
0.0432915
0.0578446
0.0917732
0.151976
0.215968
0.29284
0.367514
0.429887
0.485193
0.529443
0.55832
0.575592
0.586819
0.597045
0.603067
0.612525
0.619353
0.625557
0.634579
0.644388
0.651136
0.659672
0.667181
0.668527
0.667585
0.663806
0.654184
0.630454
0.598037
0.541248
0.416687
0.245281
0.125743
0.0622735
0.0341993
0.0224329
0.0169185
0.016285
0.0193354
0.0272351
0.0420196
0.064758
0.094455
0.115613
0.117797
0.115047
0.113535
0.115567
0.120582
0.180785
0.543385
0.745743
0.796072
0.826673
0.837825
0.842431
0.845951
0.848725
0.850888
0.852351
0.853732
0.854927
0.856146
0.857121
0.857897
0.858577
0.859193
0.859754
0.860065
0.860406
0.860709
0.860872
0.860912
0.860913
0.860869
0.860929
0.861431
0.862253
0.863453
0.864811
0.865893
0.867044
0.868549
0.870103
0.871856
0.873493
0.875514
0.877482
0.879416
0.881109
0.882308
0.88372
0.884804
0.885314
0.885684
0.885876
0.885917
0.885813
0.885562
0.88527
0.885103
0.885227
0.885927
0.887453
0.889847
0.893362
0.898167
0.904372
0.912061
0.921295
0.931954
0.943083
0.95342
0.96164
0.967677
0.972458
0.97615
0.978856
0.980686
0.981724
0.982041
0.981093
0.976429
0.968618
0.95132
0.912744
0.851782
0.768439
0.663508
0.543814
0.423159
0.316524
0.229977
0.162402
0.111559
0.0745982
0.0485761
0.0308061
0.0190291
0.0114519
0.0067179
0.00384437
0.00214836
0.0011739
0.000628083
0.000329553
0.00016983
8.60829e-05
4.29725e-05
2.11494e-05
1.02703e-05
4.92331e-06
2.33029e-06
1.08902e-06
5.02439e-07
2.28849e-07
1.02927e-07
4.57279e-08
2.00744e-08
8.70591e-09
3.72629e-09
1.57106e-09
6.50951e-10
2.64283e-10
1.04897e-10
4.05845e-11
1.52898e-11
5.59062e-12
1.9857e-12
6.81084e-13
2.2652e-13
7.23335e-14
2.16531e-14
5.78441e-15
-2.80622e-14
0.0158459
0.0347872
0.049307
0.0437558
0.0420886
0.0645806
0.125347
0.244881
0.372678
0.471969
0.532733
0.566067
0.580742
0.588617
0.591631
0.591455
0.590093
0.58754
0.583856
0.580872
0.58074
0.581652
0.584332
0.58899
0.597275
0.608696
0.619803
0.633166
0.648753
0.658294
0.666802
0.674665
0.675136
0.672754
0.663197
0.636936
0.58279
0.464985
0.279285
0.153767
0.0905043
0.0565085
0.0447372
0.0453597
0.0510798
0.0655475
0.0881387
0.141432
0.214479
0.22894
0.223068
0.199827
0.207776
0.453398
0.704673
0.794057
0.823919
0.836101
0.842306
0.845341
0.847662
0.849425
0.850555
0.851524
0.852229
0.852806
0.853072
0.853172
0.853053
0.852674
0.852117
0.851238
0.850004
0.848008
0.845489
0.842548
0.839474
0.836383
0.833583
0.832103
0.831693
0.832122
0.835143
0.840127
0.844696
0.848637
0.853003
0.857526
0.86185
0.866033
0.869822
0.874092
0.877829
0.881331
0.884564
0.888082
0.892207
0.896097
0.899605
0.901948
0.903899
0.904621
0.904529
0.903019
0.900371
0.896583
0.891715
0.886232
0.881451
0.877496
0.873974
0.871355
0.869894
0.869504
0.870017
0.871752
0.875995
0.884149
0.897051
0.913993
0.93194
0.947855
0.960136
0.969947
0.97777
0.983916
0.988712
0.992305
0.994753
0.996252
0.997042
0.997095
0.996432
0.994112
0.98867
0.97791
0.954533
0.894599
0.773601
0.634497
0.49549
0.372087
0.271469
0.192434
0.13255
0.0888143
0.0579762
0.0369335
0.0230033
0.0140348
0.00840517
0.00495117
0.00287464
0.00164837
0.000935423
0.000526524
0.000294716
0.0001645
9.17593e-05
5.117e-05
2.84405e-05
1.56464e-05
8.47234e-06
4.49902e-06
2.33606e-06
1.18409e-06
5.84601e-07
2.80841e-07
1.31275e-07
5.98737e-08
2.66235e-08
1.15584e-08
4.88642e-09
2.01787e-09
8.08356e-10
3.16556e-10
1.19224e-10
4.38877e-11
1.56147e-11
4.34762e-12
0.00368226
0.00996392
0.012378
0.0380199
0.131518
0.308388
0.480155
0.558667
0.593943
0.601932
0.602759
0.59846
0.587582
0.573778
0.546601
0.518449
0.48381
0.455936
0.42894
0.413125
0.396925
0.392563
0.395049
0.402289
0.418437
0.437757
0.46527
0.494859
0.527687
0.56582
0.603812
0.634879
0.657133
0.669234
0.672492
0.670746
0.661729
0.634199
0.57379
0.432482
0.299258
0.199165
0.137088
0.127728
0.132402
0.148084
0.183712
0.273067
0.361342
0.361306
0.330544
0.413615
0.623651
0.758055
0.811752
0.831228
0.838874
0.842575
0.844688
0.846334
0.847751
0.848892
0.849364
0.84953
0.849318
0.848605
0.847829
0.846762
0.845324
0.842963
0.83974
0.835198
0.828993
0.820822
0.810188
0.798348
0.792283
0.790198
0.789649
0.79011
0.794229
0.802545
0.812616
0.823313
0.833773
0.842603
0.849441
0.855222
0.86086
0.865737
0.869968
0.874407
0.878516
0.882556
0.886031
0.89007
0.894993
0.900246
0.905846
0.911432
0.917869
0.924149
0.930173
0.935566
0.940179
0.943137
0.944532
0.943027
0.937533
0.927899
0.915408
0.901274
0.888869
0.879922
0.873741
0.869761
0.867248
0.866132
0.866182
0.867848
0.874165
0.889273
0.909725
0.929661
0.945527
0.95823
0.968645
0.977399
0.98466
0.990369
0.994365
0.996872
0.998404
0.999187
0.999374
0.999319
0.998925
0.997565
0.994006
0.988006
0.976289
0.948936
0.868703
0.697938
0.530824
0.38884
0.276629
0.191273
0.128695
0.0844692
0.054249
0.0342023
0.0212372
0.0130277
0.00791829
0.00478073
0.00287265
0.00171928
0.00102389
0.00060419
0.000351797
0.000201515
0.000113277
6.23764e-05
3.35957e-05
1.76844e-05
9.08788e-06
4.5593e-06
2.22943e-06
1.06327e-06
4.92747e-07
2.22938e-07
9.83132e-08
4.23706e-08
1.77432e-08
7.26356e-09
2.87049e-09
1.10797e-09
4.12758e-10
1.35491e-10
0.000330921
0.00354629
0.0813276
0.293643
0.516477
0.593471
0.611568
0.615132
0.60931
0.59351
0.558647
0.504049
0.451037
0.395192
0.349256
0.314845
0.286165
0.263958
0.24454
0.228981
0.21764
0.208294
0.206912
0.209027
0.216205
0.228845
0.256498
0.300291
0.32601
0.374907
0.426423
0.476225
0.554225
0.617077
0.652158
0.666117
0.666908
0.663354
0.648023
0.60431
0.499043
0.371435
0.285147
0.268231
0.273422
0.298062
0.342441
0.405397
0.511424
0.552608
0.599676
0.708734
0.78449
0.819229
0.832743
0.838271
0.840926
0.84301
0.844455
0.845482
0.845962
0.846041
0.845325
0.843992
0.841394
0.838026
0.834973
0.832477
0.828517
0.822247
0.814216
0.803248
0.788644
0.772664
0.765328
0.762638
0.761859
0.761971
0.764912
0.772441
0.781779
0.790573
0.800913
0.813983
0.827621
0.839731
0.849661
0.858055
0.865981
0.872246
0.877544
0.882321
0.886862
0.891247
0.894641
0.897595
0.900234
0.903387
0.907482
0.912768
0.918948
0.925912
0.933088
0.940232
0.946926
0.953061
0.958414
0.962579
0.965593
0.966894
0.966018
0.96098
0.948611
0.929933
0.911296
0.897281
0.886135
0.877073
0.870258
0.866346
0.865241
0.866013
0.870973
0.887823
0.914861
0.938621
0.954873
0.965999
0.974194
0.98087
0.986593
0.991326
0.994852
0.997166
0.998544
0.999307
0.999676
0.999779
0.999769
0.999675
0.999337
0.998314
0.995405
0.988076
0.9698
0.916507
0.760267
0.569655
0.412177
0.290201
0.199597
0.134465
0.0890166
0.0581014
0.037499
0.0239823
0.0152143
0.00957228
0.00595922
0.00366035
0.00221217
0.00131219
0.000762345
0.000433154
0.000240428
0.000130303
6.8913e-05
3.55678e-05
1.79038e-05
8.79305e-06
4.20772e-06
1.96265e-06
8.89317e-07
3.93439e-07
1.69286e-07
7.10709e-08
2.88939e-08
1.14307e-08
4.38601e-09
1.52069e-09
0.00611858
0.0919293
0.375482
0.575457
0.617266
0.621053
0.606287
0.571069
0.516263
0.456473
0.407483
0.366014
0.330779
0.301568
0.276727
0.254523
0.234141
0.215458
0.198032
0.181725
0.16936
0.158076
0.147465
0.144582
0.145878
0.150905
0.162293
0.189969
0.235714
0.279127
0.328709
0.373551
0.410438
0.485041
0.578959
0.637878
0.659981
0.662259
0.659327
0.644268
0.592544
0.464702
0.385429
0.375055
0.38656
0.410888
0.457889
0.605267
0.662191
0.697627
0.753411
0.800085
0.822395
0.832063
0.836145
0.838631
0.840792
0.842078
0.842549
0.842504
0.84204
0.840445
0.837367
0.832857
0.828862
0.826065
0.823656
0.820058
0.814674
0.806075
0.793753
0.777791
0.759235
0.749219
0.745801
0.744662
0.744477
0.745756
0.750676
0.756946
0.760697
0.764421
0.77182
0.782125
0.793745
0.805649
0.817132
0.828131
0.839849
0.850821
0.860696
0.869653
0.878294
0.88682
0.894364
0.900824
0.905833
0.909703
0.913105
0.916948
0.921441
0.927153
0.93383
0.940963
0.948269
0.955299
0.961871
0.967656
0.972388
0.975791
0.978122
0.979321
0.979062
0.976047
0.966398
0.948113
0.929044
0.914686
0.901737
0.888466
0.87707
0.870239
0.868339
0.869377
0.876629
0.899829
0.930522
0.953354
0.967539
0.976374
0.982393
0.987056
0.990958
0.994156
0.996519
0.99808
0.999011
0.99952
0.999781
0.999895
0.99992
0.999911
0.999842
0.999578
0.998705
0.99593
0.987608
0.963122
0.883631
0.694022
0.513817
0.370003
0.260937
0.181028
0.123887
0.0837381
0.0559287
0.0368887
0.0239845
0.0153372
0.00962227
0.0059099
0.00354729
0.0020784
0.00118782
0.000661992
0.000359715
0.000190615
9.8486e-05
4.96308e-05
2.43781e-05
1.16749e-05
5.44264e-06
2.46753e-06
1.08859e-06
4.67823e-07
1.95057e-07
7.89415e-08
3.10793e-08
1.11905e-08
0.0786513
0.345051
0.601159
0.630924
0.615863
0.57267
0.512743
0.475088
0.436752
0.399211
0.364248
0.333243
0.307133
0.284292
0.262963
0.242456
0.222712
0.203633
0.185498
0.16912
0.155293
0.142162
0.129591
0.120717
0.117767
0.118393
0.122907
0.135484
0.166256
0.21549
0.276138
0.321598
0.350241
0.405078
0.490402
0.578121
0.634702
0.655796
0.656577
0.647444
0.602061
0.494069
0.454915
0.45599
0.452956
0.473597
0.632435
0.716282
0.744007
0.778336
0.807887
0.823392
0.830439
0.833602
0.835977
0.837917
0.838981
0.839243
0.838724
0.837562
0.834822
0.830211
0.824507
0.817848
0.811828
0.808367
0.805778
0.801666
0.794789
0.78523
0.770798
0.751355
0.733516
0.726098
0.722643
0.720792
0.719324
0.716369
0.711007
0.700908
0.690097
0.683618
0.680188
0.678703
0.677957
0.677905
0.682987
0.693943
0.710916
0.728924
0.748777
0.768619
0.788736
0.809743
0.831553
0.851433
0.868742
0.882329
0.892542
0.900467
0.907546
0.914742
0.922749
0.931724
0.941548
0.951523
0.960818
0.968633
0.974775
0.979441
0.982741
0.984978
0.986401
0.986849
0.98636
0.983421
0.972853
0.955247
0.94247
0.931601
0.917822
0.901918
0.888583
0.881524
0.880245
0.883297
0.899166
0.929005
0.954171
0.970314
0.97979
0.985519
0.989394
0.992363
0.994784
0.996682
0.998041
0.998926
0.999451
0.999736
0.99988
0.999945
0.999963
0.999961
0.999934
0.999806
0.999329
0.997685
0.99227
0.975356
0.920839
0.761338
0.576926
0.426918
0.309956
0.221389
0.155685
0.107708
0.0731974
0.0487634
0.0317768
0.0202181
0.0125425
0.00758025
0.00446135
0.00255707
0.00142749
0.000776464
0.000411584
0.000212684
0.00010712
5.25927e-05
2.51497e-05
1.17124e-05
5.29806e-06
2.33229e-06
9.9715e-07
4.1333e-07
1.66908e-07
6.21814e-08
0.430989
0.628104
0.648435
0.6076
0.535146
0.507639
0.48378
0.452196
0.417612
0.385067
0.354174
0.328235
0.307545
0.290627
0.273467
0.254353
0.233791
0.213387
0.195536
0.17957
0.163119
0.146536
0.133014
0.123931
0.117875
0.115658
0.118092
0.137268
0.183092
0.236687
0.288055
0.318834
0.339997
0.381339
0.466137
0.555198
0.617203
0.646171
0.650568
0.641535
0.583747
0.523361
0.515253
0.487091
0.4836
0.616688
0.733993
0.768235
0.790354
0.811144
0.822457
0.827887
0.830751
0.832762
0.833873
0.834285
0.833783
0.83299
0.83118
0.827538
0.821803
0.814795
0.806348
0.798237
0.790381
0.78362
0.778544
0.772485
0.762472
0.744255
0.721799
0.702491
0.693331
0.689185
0.686939
0.680963
0.664001
0.636498
0.602866
0.57221
0.548679
0.530111
0.523017
0.522614
0.529652
0.542808
0.557437
0.572844
0.584851
0.5951
0.605054
0.615884
0.628351
0.643472
0.664067
0.692479
0.724724
0.755487
0.780743
0.800264
0.816237
0.831173
0.847106
0.865212
0.885301
0.908179
0.932014
0.953184
0.969
0.979096
0.984818
0.988108
0.989986
0.991005
0.991582
0.991568
0.990822
0.987504
0.975482
0.960035
0.952099
0.94533
0.932652
0.917998
0.907162
0.902882
0.903187
0.911196
0.935447
0.958877
0.97486
0.983996
0.989058
0.992115
0.994273
0.995979
0.997336
0.99835
0.999046
0.999484
0.99974
0.999877
0.999945
0.999974
0.999981
0.999979
0.999956
0.999854
0.999465
0.998108
0.993604
0.979375
0.934044
0.794856
0.616657
0.467265
0.346682
0.251895
0.179067
0.124345
0.0841988
0.0555164
0.0356072
0.0222047
0.0134623
0.00793748
0.0045533
0.00254265
0.00138277
0.000732651
0.000378256
0.000190312
9.32795e-05
4.45266e-05
2.06759e-05
9.32868e-06
4.09021e-06
1.73825e-06
7.20141e-07
2.772e-07
0.586664
0.684653
0.607547
0.533802
0.515385
0.500812
0.477272
0.446306
0.416261
0.392128
0.380871
0.378828
0.377829
0.37053
0.354711
0.335669
0.316416
0.300033
0.286126
0.270163
0.251284
0.230554
0.214915
0.208213
0.206619
0.217105
0.219261
0.233764
0.262771
0.2944
0.31618
0.332046
0.353757
0.402746
0.488341
0.569026
0.61959
0.637017
0.637393
0.619007
0.574805
0.561478
0.529407
0.493375
0.574142
0.728664
0.777262
0.796135
0.811051
0.820224
0.824702
0.827644
0.8291
0.829362
0.828245
0.827499
0.826161
0.82376
0.819234
0.813639
0.807094
0.799564
0.791249
0.783453
0.775672
0.76776
0.759193
0.745035
0.721899
0.698007
0.679029
0.667972
0.662376
0.656495
0.638909
0.603207
0.550757
0.493845
0.444488
0.417631
0.406989
0.404955
0.417862
0.444429
0.471782
0.500991
0.527262
0.548461
0.561742
0.570195
0.57525
0.579087
0.582555
0.586126
0.590305
0.596088
0.604899
0.617017
0.63073
0.643789
0.655383
0.66654
0.679473
0.697393
0.724532
0.763243
0.814891
0.87384
0.922189
0.957154
0.977485
0.987452
0.991726
0.993597
0.994413
0.994763
0.994814
0.994612
0.993635
0.989944
0.978629
0.968071
0.963501
0.958789
0.949867
0.939989
0.933131
0.931213
0.933189
0.946166
0.965843
0.979832
0.988103
0.992461
0.994783
0.996216
0.997288
0.998145
0.998808
0.999283
0.999597
0.999787
0.999895
0.999952
0.999979
0.999988
0.999989
0.999985
0.999959
0.999852
0.999464
0.998157
0.993935
0.980783
0.939269
0.810445
0.63746
0.487894
0.363504
0.263431
0.185513
0.126839
0.0841545
0.0541759
0.0338505
0.0205399
0.0121119
0.00694578
0.00387619
0.00210617
0.00111465
0.000574668
0.000288614
0.000141155
6.72051e-05
3.10985e-05
1.39844e-05
6.09642e-06
2.59187e-06
1.02981e-06
0.628995
0.68146
0.548071
0.527059
0.517353
0.505691
0.485703
0.479021
0.480883
0.483258
0.484278
0.482236
0.471798
0.456509
0.445749
0.437157
0.429422
0.422496
0.412243
0.401276
0.392324
0.379345
0.362817
0.350307
0.338868
0.333009
0.331182
0.338268
0.343905
0.349888
0.354654
0.370985
0.40614
0.477443
0.548229
0.599903
0.624541
0.628797
0.624293
0.607093
0.592369
0.569756
0.51515
0.529122
0.700215
0.77499
0.798738
0.809331
0.817093
0.821051
0.823677
0.824709
0.823387
0.821049
0.819464
0.817383
0.814287
0.810888
0.806653
0.800989
0.794348
0.787896
0.781668
0.775093
0.768104
0.758675
0.740692
0.714645
0.688872
0.664689
0.650085
0.639265
0.630762
0.608469
0.559449
0.484184
0.41129
0.357759
0.333005
0.322939
0.32123
0.337846
0.372586
0.402927
0.441717
0.485718
0.520886
0.545328
0.560661
0.569882
0.574783
0.57751
0.57916
0.580412
0.581495
0.582691
0.584505
0.587664
0.592643
0.598876
0.605297
0.611342
0.617163
0.62347
0.631592
0.644076
0.665983
0.708694
0.785877
0.874865
0.936263
0.97073
0.987117
0.993606
0.995906
0.996786
0.997025
0.997
0.996923
0.996613
0.995529
0.991673
0.982919
0.976751
0.974226
0.972179
0.967884
0.962166
0.958352
0.957743
0.960856
0.973089
0.984498
0.991407
0.995061
0.996861
0.997798
0.998407
0.998881
0.999257
0.999538
0.999731
0.999853
0.999925
0.999964
0.999984
0.999992
0.999994
0.999993
0.999986
0.999952
0.999827
0.999401
0.998029
0.993703
0.980171
0.93651
0.802714
0.628432
0.476285
0.349339
0.247943
0.170308
0.113257
0.0729693
0.0455874
0.0276437
0.0162855
0.00932866
0.00519923
0.00282086
0.00149029
0.000766796
0.000384179
0.000187391
8.89159e-05
4.10055e-05
1.83396e-05
8.0013e-06
3.27834e-06
0.640941
0.622611
0.5446
0.53994
0.549173
0.553996
0.564353
0.568133
0.5588
0.541339
0.538776
0.541619
0.548091
0.550334
0.54888
0.537806
0.528466
0.51524
0.503757
0.49725
0.488243
0.478441
0.467806
0.459957
0.452658
0.447647
0.441472
0.436918
0.434719
0.43493
0.445027
0.472105
0.520654
0.558267
0.594792
0.616454
0.626394
0.627583
0.622916
0.612748
0.596011
0.545262
0.518896
0.646914
0.761448
0.796343
0.808303
0.813894
0.817313
0.81946
0.819286
0.81539
0.811954
0.809901
0.807942
0.805838
0.802925
0.798934
0.794053
0.790162
0.786148
0.781673
0.776617
0.770293
0.760138
0.740509
0.718415
0.691552
0.663673
0.642439
0.627136
0.615029
0.591712
0.539944
0.452765
0.365597
0.302417
0.27277
0.259387
0.255381
0.262208
0.291984
0.319329
0.370629
0.429493
0.482344
0.52383
0.555519
0.575641
0.586976
0.592368
0.593371
0.591458
0.588737
0.586312
0.584806
0.584542
0.58567
0.588506
0.592987
0.598397
0.603968
0.609368
0.614584
0.620022
0.626606
0.635844
0.650007
0.67625
0.732652
0.83198
0.916995
0.963597
0.985656
0.994342
0.997209
0.998155
0.998463
0.998475
0.998419
0.998293
0.99796
0.996853
0.993147
0.987854
0.984888
0.983905
0.983158
0.981411
0.977988
0.976253
0.976473
0.980336
0.988548
0.99389
0.996786
0.99818
0.998824
0.999162
0.999399
0.99959
0.999739
0.999844
0.999913
0.999954
0.999978
0.99999
0.999995
0.999997
0.999997
0.999994
0.999981
0.999934
0.999771
0.999242
0.997547
0.992102
0.974252
0.9136
0.75058
0.574502
0.424074
0.301967
0.20764
0.138042
0.0888417
0.0554221
0.033552
0.0197319
0.011282
0.00627552
0.00339735
0.00179061
0.000918793
0.000458995
0.000223087
0.00010549
4.8388e-05
2.16564e-05
9.14059e-06
0.643444
0.605393
0.55707
0.577752
0.607619
0.610909
0.609289
0.612428
0.631475
0.657841
0.667737
0.67349
0.679897
0.686868
0.691809
0.693536
0.691518
0.682902
0.675956
0.664778
0.652424
0.640318
0.626068
0.612622
0.598443
0.590126
0.585073
0.583296
0.584444
0.587147
0.591497
0.59607
0.606023
0.61707
0.626619
0.631019
0.632216
0.631073
0.624872
0.611648
0.570609
0.530485
0.57551
0.733561
0.789458
0.805985
0.811714
0.814081
0.815732
0.814228
0.807453
0.803396
0.801174
0.799328
0.797297
0.795276
0.792825
0.790144
0.787696
0.785162
0.782325
0.777855
0.771809
0.7623
0.745511
0.728095
0.702726
0.671243
0.641264
0.618499
0.601385
0.583728
0.544308
0.461694
0.360701
0.282422
0.239497
0.21884
0.20946
0.206986
0.218536
0.241823
0.286216
0.350745
0.426331
0.498125
0.562586
0.612178
0.63729
0.6458
0.647888
0.644451
0.635659
0.624837
0.614165
0.605464
0.599379
0.59602
0.595315
0.597226
0.601889
0.60761
0.613979
0.620756
0.627369
0.633253
0.639292
0.648082
0.662588
0.688458
0.737468
0.819411
0.907182
0.960394
0.985055
0.994744
0.99796
0.998917
0.999242
0.999309
0.999293
0.999238
0.999116
0.998769
0.997539
0.994816
0.992714
0.991755
0.99139
0.990851
0.989243
0.987538
0.987217
0.988042
0.991926
0.995767
0.997875
0.998926
0.999411
0.99963
0.999744
0.999822
0.999882
0.999928
0.999958
0.999978
0.999989
0.999995
0.999997
0.999998
0.999998
0.999997
0.999991
0.999969
0.999892
0.999632
0.998775
0.995919
0.986233
0.952635
0.837984
0.647234
0.478708
0.34083
0.234025
0.15525
0.0996735
0.0620228
0.0374532
0.0219694
0.0125281
0.00694897
0.00375085
0.00197047
0.0010077
0.000501424
0.000242819
0.000114164
5.23827e-05
2.27486e-05
0.644627
0.601252
0.567644
0.595355
0.646746
0.682825
0.722444
0.753464
0.766851
0.784198
0.7987
0.805251
0.810702
0.81343
0.814631
0.814133
0.813796
0.806304
0.794648
0.781073
0.760834
0.736094
0.710105
0.68759
0.66613
0.647372
0.633399
0.625321
0.621746
0.62167
0.626126
0.630249
0.634662
0.636603
0.637225
0.637208
0.634738
0.629947
0.616821
0.580932
0.544482
0.547677
0.687088
0.775229
0.80218
0.809769
0.812038
0.813163
0.81183
0.802475
0.796556
0.793827
0.792129
0.790661
0.789182
0.787862
0.786215
0.784246
0.782059
0.778713
0.774672
0.769164
0.760555
0.748718
0.73455
0.711953
0.67714
0.646165
0.620652
0.602758
0.589433
0.565905
0.501036
0.398222
0.300775
0.235195
0.202309
0.183396
0.174154
0.171143
0.178437
0.198079
0.242419
0.320243
0.425849
0.549346
0.654948
0.733252
0.769512
0.772767
0.765343
0.750856
0.730027
0.70751
0.683768
0.661737
0.643966
0.631489
0.624337
0.622146
0.623905
0.630361
0.639554
0.650826
0.663514
0.67478
0.681973
0.685136
0.68825
0.696722
0.723328
0.7732
0.839962
0.912918
0.962854
0.986184
0.995365
0.998438
0.999348
0.999627
0.999707
0.999711
0.999694
0.999647
0.999518
0.999067
0.997953
0.997033
0.996508
0.996242
0.995889
0.99493
0.993835
0.9935
0.993677
0.995083
0.997345
0.998676
0.999361
0.999687
0.999835
0.999902
0.999938
0.999959
0.999974
0.999985
0.999991
0.999996
0.999998
0.999999
0.999999
0.999999
0.999998
0.999995
0.999982
0.999935
0.999773
0.999216
0.997281
0.990496
0.966457
0.881839
0.690205
0.51018
0.362277
0.247914
0.163876
0.104837
0.0650074
0.0391182
0.0228652
0.012991
0.00717874
0.00385934
0.0020193
0.001028
0.000509373
0.000245174
0.000115223
5.14143e-05
0.647394
0.600666
0.579872
0.640325
0.701908
0.722784
0.755066
0.809465
0.834603
0.849188
0.867436
0.876668
0.883067
0.889537
0.892371
0.894574
0.895541
0.89596
0.896059
0.895575
0.892215
0.884516
0.870238
0.841998
0.802087
0.752217
0.701179
0.664419
0.637145
0.622232
0.615509
0.612949
0.613709
0.618335
0.622268
0.623578
0.617478
0.602812
0.577366
0.556238
0.550326
0.629575
0.750511
0.79484
0.807546
0.810701
0.811611
0.810766
0.802909
0.793082
0.788508
0.785827
0.784269
0.782929
0.781578
0.780331
0.778976
0.777461
0.775428
0.772964
0.767328
0.757889
0.743169
0.727603
0.708148
0.681073
0.657558
0.633689
0.612265
0.596147
0.581113
0.54271
0.470161
0.365014
0.27062
0.211284
0.181732
0.165541
0.158067
0.156061
0.160998
0.173892
0.203064
0.272942
0.403089
0.559925
0.716528
0.820618
0.871994
0.892709
0.90092
0.900031
0.886732
0.860464
0.824893
0.782962
0.74227
0.711397
0.689528
0.677775
0.675199
0.678987
0.689492
0.701951
0.718586
0.738919
0.758186
0.770088
0.772958
0.770633
0.767213
0.777242
0.821859
0.877659
0.930884
0.969787
0.988806
0.996292
0.99883
0.999595
0.999815
0.999879
0.999889
0.999884
0.999866
0.999806
0.999596
0.999184
0.99886
0.998671
0.998547
0.998322
0.997746
0.997192
0.996997
0.997036
0.997503
0.998589
0.99929
0.999662
0.999842
0.999924
0.99996
0.999977
0.999986
0.999992
0.999995
0.999997
0.999998
0.999999
1
1
1
0.999999
0.999997
0.999987
0.999953
0.999829
0.999384
0.997782
0.991984
0.971068
0.896535
0.707529
0.520373
0.367774
0.250462
0.164779
0.104931
0.0647702
0.0387983
0.0225724
0.0127641
0.00701862
0.00375481
0.00195419
0.000989934
0.000487237
0.000234185
0.000107193
0.650701
0.606434
0.589022
0.647307
0.737292
0.795852
0.842343
0.873711
0.886622
0.894215
0.900309
0.903073
0.905459
0.90651
0.906695
0.906171
0.905754
0.906183
0.908377
0.912496
0.917765
0.923224
0.929166
0.93341
0.936431
0.927239
0.89935
0.839574
0.768512
0.697524
0.656423
0.626392
0.606991
0.593796
0.586105
0.582136
0.579041
0.573463
0.566178
0.563128
0.603632
0.721678
0.782215
0.803478
0.809373
0.810578
0.810268
0.80427
0.791437
0.783786
0.780753
0.778811
0.777179
0.775735
0.774193
0.772372
0.770328
0.767682
0.764025
0.758446
0.748075
0.732436
0.71794
0.702977
0.685998
0.663919
0.636461
0.615137
0.602375
0.591793
0.575352
0.536455
0.462041
0.36053
0.266985
0.206679
0.175295
0.158166
0.151736
0.151982
0.15547
0.165356
0.188974
0.236827
0.340236
0.538071
0.723903
0.836761
0.891755
0.919332
0.936793
0.949293
0.956945
0.959223
0.954919
0.94047
0.912318
0.869996
0.825343
0.788182
0.767909
0.764196
0.769101
0.777774
0.78569
0.800092
0.822453
0.847909
0.868262
0.877272
0.875699
0.86134
0.854231
0.872993
0.916816
0.952889
0.978829
0.992069
0.997361
0.999187
0.999747
0.999905
0.999948
0.999957
0.999956
0.999947
0.999915
0.999809
0.99968
0.999591
0.999539
0.999483
0.999352
0.999071
0.998856
0.998777
0.998786
0.998943
0.999377
0.999683
0.999848
0.99993
0.999968
0.999985
0.999992
0.999996
0.999998
0.999999
0.999999
1
1
1
1
1
0.999999
0.999997
0.999989
0.999959
0.999848
0.999431
0.997879
0.992118
0.971016
0.895035
0.702442
0.513497
0.360716
0.24422
0.159766
0.101172
0.0621014
0.0369873
0.0213949
0.0120266
0.00657438
0.0034954
0.00180863
0.000909377
0.00044648
0.000209201
0.652193
0.610417
0.595154
0.670496
0.797639
0.856701
0.882234
0.893406
0.897301
0.898656
0.899094
0.898423
0.894149
0.886915
0.882342
0.879758
0.877366
0.876196
0.875058
0.874232
0.874536
0.881942
0.898034
0.923018
0.947309
0.959568
0.965267
0.967073
0.947261
0.902369
0.823485
0.752943
0.70392
0.662365
0.630557
0.607801
0.59505
0.590285
0.594856
0.629529
0.711295
0.770054
0.797406
0.807102
0.80958
0.809695
0.80591
0.796939
0.786013
0.778591
0.774797
0.773081
0.771855
0.770512
0.769008
0.767029
0.764552
0.761254
0.757201
0.750019
0.734925
0.713218
0.690744
0.673799
0.657589
0.63712
0.623294
0.606903
0.59348
0.583741
0.569643
0.540072
0.473783
0.376122
0.281958
0.21775
0.182623
0.162809
0.153875
0.153014
0.155112
0.163489
0.185755
0.227906
0.297454
0.486672
0.70761
0.832875
0.890791
0.918904
0.937649
0.953299
0.965635
0.974725
0.980971
0.983748
0.983133
0.97752
0.965381
0.946206
0.921928
0.903177
0.898038
0.901985
0.902801
0.900038
0.896223
0.898512
0.915838
0.936011
0.947685
0.950239
0.944147
0.927674
0.926484
0.946916
0.971381
0.98697
0.99504
0.998335
0.999488
0.999848
0.99995
0.999977
0.999982
0.999982
0.999977
0.999957
0.999917
0.999885
0.999867
0.999854
0.999829
0.999763
0.999673
0.999616
0.9996
0.999607
0.999665
0.999802
0.999896
0.999949
0.999976
0.999989
0.999995
0.999998
0.999999
0.999999
1
1
1
1
1
1
1
0.999999
0.999997
0.99999
0.999961
0.999847
0.999408
0.997727
0.991365
0.967794
0.882317
0.681902
0.495221
0.345479
0.232355
0.151009
0.0949948
0.057915
0.0342575
0.0196768
0.0109842
0.00596129
0.00314786
0.00161513
0.000809077
0.000387384
0.655315
0.61922
0.606044
0.694724
0.827337
0.87801
0.893184
0.897829
0.898628
0.897348
0.892924
0.88318
0.878399
0.87548
0.873929
0.872505
0.87152
0.871111
0.87006
0.866611
0.859115
0.847542
0.838071
0.830591
0.858399
0.914779
0.962101
0.98063
0.98552
0.982728
0.960326
0.903831
0.837492
0.788862
0.748217
0.713567
0.691405
0.680278
0.692574
0.726567
0.766121
0.791869
0.804309
0.808813
0.809844
0.809017
0.804486
0.795669
0.785796
0.778202
0.773381
0.770555
0.769108
0.767921
0.766656
0.765012
0.762674
0.759686
0.756278
0.749822
0.735333
0.713088
0.687114
0.664901
0.645306
0.62601
0.605936
0.593729
0.587597
0.58033
0.569331
0.547942
0.498554
0.413877
0.321004
0.247936
0.204616
0.17776
0.163803
0.162812
0.165643
0.175403
0.204431
0.235132
0.288502
0.424616
0.666601
0.81351
0.874186
0.895537
0.912051
0.934723
0.955853
0.971581
0.981849
0.988197
0.992037
0.994112
0.994525
0.993424
0.989835
0.985127
0.982015
0.981476
0.981762
0.981567
0.980372
0.975861
0.968866
0.967825
0.974929
0.981655
0.982523
0.980956
0.972374
0.965747
0.970475
0.98438
0.993032
0.99732
0.999091
0.99972
0.999918
0.999975
0.999989
0.999992
0.999992
0.999989
0.999978
0.999967
0.99996
0.999957
0.999952
0.999941
0.999919
0.999901
0.999894
0.999893
0.999901
0.999931
0.999961
0.999979
0.999989
0.999995
0.999997
0.999999
0.999999
1
1
1
1
1
1
1
1
1
0.999999
0.999997
0.999989
0.999957
0.999826
0.999313
0.99731
0.989655
0.961166
0.857665
0.651088
0.469109
0.324794
0.216837
0.139878
0.0873221
0.0528253
0.0310005
0.0176677
0.00978388
0.00526964
0.00275724
0.0014081
0.000688107
0.660701
0.632271
0.603149
0.684399
0.8215
0.87999
0.895735
0.898908
0.89864
0.894295
0.885623
0.880181
0.877136
0.875296
0.873641
0.870783
0.869081
0.870019
0.874348
0.877629
0.878475
0.872511
0.849421
0.816102
0.802244
0.812931
0.875689
0.955689
0.985415
0.992557
0.993487
0.979182
0.921871
0.849998
0.811242
0.784962
0.764959
0.754433
0.753925
0.76936
0.789094
0.801373
0.807687
0.809936
0.810307
0.809152
0.804889
0.796287
0.786832
0.779181
0.773798
0.770498
0.768442
0.767058
0.765884
0.764495
0.762444
0.759734
0.756763
0.751707
0.740897
0.718555
0.690976
0.666852
0.646061
0.6266
0.606193
0.588108
0.576599
0.573682
0.567524
0.555288
0.528402
0.463478
0.376933
0.301607
0.247709
0.208929
0.186632
0.184315
0.187675
0.198321
0.228642
0.267217
0.303834
0.391216
0.612476
0.782009
0.841373
0.847802
0.854159
0.88231
0.920065
0.950054
0.971144
0.984164
0.991343
0.995027
0.997001
0.998053
0.998387
0.998255
0.997707
0.997314
0.997157
0.997041
0.996883
0.996604
0.995891
0.994551
0.994018
0.994216
0.994456
0.994264
0.993152
0.988957
0.985352
0.98615
0.992218
0.996765
0.998781
0.999586
0.999872
0.999963
0.999988
0.999995
0.999996
0.999996
0.999993
0.999988
0.999986
0.999984
0.999983
0.999981
0.999976
0.999971
0.999968
0.999968
0.999969
0.999977
0.999986
0.999992
0.999996
0.999998
0.999999
0.999999
1
1
1
1
1
1
1
1
1
1
1
0.999999
0.999997
0.999987
0.999947
0.999782
0.999121
0.996526
0.986597
0.9497
0.819717
0.612258
0.437174
0.300263
0.198853
0.127219
0.0787558
0.0472407
0.0274945
0.0155386
0.00853706
0.00455511
0.00237117
0.00118228
0.66306
0.650388
0.602145
0.658651
0.800916
0.874794
0.894661
0.898998
0.899269
0.895208
0.886022
0.879035
0.876197
0.874432
0.868694
0.856681
0.853911
0.855556
0.860665
0.873015
0.879985
0.880357
0.874519
0.846219
0.800626
0.792427
0.812963
0.893009
0.962905
0.989904
0.996909
0.997967
0.990602
0.941717
0.856053
0.816513
0.797518
0.787215
0.783696
0.789072
0.797989
0.805223
0.809048
0.810462
0.81064
0.809745
0.806428
0.798504
0.790121
0.783023
0.776181
0.771437
0.768691
0.766891
0.765491
0.764055
0.762249
0.759869
0.757348
0.754143
0.748452
0.735607
0.706061
0.676122
0.652021
0.631224
0.610182
0.590069
0.576234
0.564524
0.561435
0.554694
0.54148
0.511685
0.443896
0.369321
0.313574
0.267519
0.233659
0.226813
0.229954
0.240187
0.26797
0.305615
0.335622
0.391897
0.56464
0.745214
0.806053
0.81598
0.820782
0.834247
0.874417
0.917722
0.950733
0.972779
0.985974
0.993099
0.996608
0.998249
0.999054
0.999457
0.999613
0.999641
0.999623
0.999582
0.99953
0.999464
0.999348
0.999154
0.998944
0.998737
0.998561
0.998348
0.997894
0.996519
0.994605
0.99365
0.993975
0.996609
0.998672
0.999521
0.999841
0.999951
0.999985
0.999995
0.999998
0.999998
0.999997
0.999996
0.999994
0.999993
0.999993
0.999992
0.999991
0.99999
0.999988
0.999988
0.999988
0.999991
0.999994
0.999997
0.999998
0.999999
1
1
1
1
1
1
1
1
1
1
1
1
1
1
0.999999
0.999996
0.999983
0.999929
0.999705
0.998805
0.995276
0.981849
0.932251
0.772646
0.569464
0.402947
0.274278
0.179979
0.114086
0.0699789
0.0416068
0.0240043
0.0134561
0.00732301
0.00388602
0.00197697
0.662838
0.671009
0.607972
0.628076
0.75889
0.858368
0.889706
0.89802
0.899402
0.897853
0.889424
0.880741
0.877097
0.875324
0.871663
0.862057
0.855714
0.855887
0.859074
0.869414
0.879401
0.881535
0.876961
0.855117
0.806643
0.789288
0.800379
0.869411
0.948103
0.982716
0.994972
0.998741
0.999448
0.995846
0.95621
0.862421
0.821971
0.806137
0.797719
0.797821
0.80175
0.806336
0.809139
0.810493
0.810726
0.810375
0.808625
0.803346
0.795186
0.788309
0.781044
0.774402
0.769774
0.766861
0.764875
0.763169
0.76153
0.759525
0.757266
0.754212
0.750863
0.744114
0.731465
0.702141
0.671003
0.644328
0.620752
0.597602
0.579441
0.565888
0.555913
0.551197
0.543854
0.530047
0.499595
0.438339
0.387387
0.343164
0.301542
0.28697
0.288858
0.297322
0.320182
0.347916
0.368551
0.404494
0.524905
0.703361
0.780841
0.803454
0.810174
0.817888
0.841892
0.889565
0.931752
0.960989
0.979091
0.989466
0.994979
0.997692
0.998949
0.999505
0.999761
0.999879
0.999923
0.999933
0.99993
0.999915
0.999886
0.999849
0.999791
0.999714
0.999638
0.999534
0.999312
0.998634
0.997692
0.99718
0.997098
0.997479
0.998761
0.999519
0.999831
0.999946
0.999984
0.999995
0.999998
0.999999
0.999999
0.999998
0.999997
0.999997
0.999997
0.999997
0.999996
0.999996
0.999995
0.999995
0.999995
0.999996
0.999997
0.999998
0.999999
1
1
1
1
1
1
1
1
1
1
1
1
1
1
1
1
0.999999
0.999994
0.999976
0.9999
0.999585
0.998321
0.993407
0.974878
0.906961
0.720166
0.525496
0.368096
0.247963
0.161047
0.101068
0.0614144
0.036186
0.0207057
0.0114984
0.00622254
0.0032313
0.659521
0.71513
0.626516
0.627012
0.68119
0.818633
0.87544
0.893591
0.898612
0.898532
0.896216
0.887922
0.881103
0.877731
0.875646
0.87012
0.86745
0.868587
0.873866
0.883077
0.885803
0.883653
0.875708
0.848208
0.801776
0.786452
0.797925
0.863577
0.944611
0.981178
0.994268
0.998356
0.999596
0.999753
0.997158
0.962856
0.865069
0.823828
0.81176
0.805389
0.804887
0.806713
0.809015
0.810332
0.810681
0.810504
0.809586
0.806492
0.798905
0.791344
0.783601
0.776261
0.770508
0.766552
0.763546
0.761061
0.759083
0.757283
0.755428
0.752872
0.750168
0.744874
0.73654
0.724347
0.701595
0.672927
0.648303
0.616589
0.590832
0.571876
0.55812
0.549242
0.542002
0.534772
0.52148
0.48704
0.449987
0.417882
0.379421
0.358081
0.357607
0.361911
0.373791
0.390068
0.406452
0.431519
0.505477
0.664357
0.760156
0.795322
0.80505
0.809771
0.819603
0.85837
0.912736
0.951114
0.974126
0.986842
0.99358
0.997003
0.998647
0.999409
0.999746
0.99989
0.999952
0.999976
0.999983
0.999983
0.99998
0.999971
0.999953
0.999928
0.999903
0.99986
0.999763
0.99943
0.998799
0.998464
0.998419
0.998592
0.999193
0.999635
0.999855
0.999949
0.999983
0.999995
0.999998
0.999999
0.999999
0.999999
0.999999
0.999999
0.999998
0.999998
0.999998
0.999998
0.999998
0.999998
0.999998
0.999998
0.999998
0.999999
1
1
1
1
1
1
1
1
1
1
1
1
1
1
1
1
1
1
0.999998
0.999992
0.999966
0.999855
0.999401
0.997599
0.990661
0.964752
0.870399
0.665846
0.480849
0.332788
0.221585
0.142342
0.0884409
0.0532462
0.0311172
0.017644
0.00974329
0.00516809
0.646378
0.738807
0.67489
0.632778
0.648597
0.728335
0.839794
0.879852
0.894066
0.897638
0.89741
0.895954
0.89238
0.885949
0.884478
0.881437
0.881925
0.884002
0.888689
0.889449
0.888032
0.883388
0.867623
0.8187
0.782881
0.782952
0.803483
0.885921
0.957442
0.98629
0.995912
0.998747
0.999611
0.999908
0.999864
0.997265
0.963495
0.868022
0.826904
0.815114
0.81
0.808298
0.809112
0.810008
0.810324
0.810337
0.8097
0.80741
0.800714
0.792335
0.784051
0.776429
0.770226
0.764817
0.759788
0.7551
0.751361
0.7487
0.747079
0.745481
0.743994
0.741133
0.735205
0.727873
0.712335
0.696142
0.674669
0.655666
0.622792
0.590107
0.567823
0.553151
0.542888
0.535496
0.528178
0.511314
0.486066
0.464383
0.4436
0.422415
0.41393
0.414554
0.417632
0.427429
0.447144
0.465928
0.507231
0.629865
0.737335
0.78544
0.799558
0.801726
0.805264
0.823743
0.884786
0.937223
0.968278
0.984734
0.992845
0.996718
0.998531
0.999356
0.999723
0.999883
0.999952
0.999981
0.999992
0.999995
0.999995
0.999994
0.999989
0.999981
0.999972
0.999955
0.999914
0.99976
0.999299
0.998999
0.998946
0.999039
0.999425
0.999734
0.999888
0.999957
0.999985
0.999995
0.999998
0.999999
1
1
1
0.999999
0.999999
0.999999
0.999999
0.999999
0.999999
0.999999
0.999999
0.999999
0.999999
0.999999
1
1
1
1
1
1
1
1
1
1
1
1
1
1
1
1
1
1
0.999999
0.999997
0.999988
0.999949
0.999786
0.999123
0.996513
0.986565
0.949682
0.819692
0.611416
0.434974
0.297081
0.195441
0.12423
0.0764703
0.0456743
0.0264648
0.0149245
0.00809324
0.606456
0.734663
0.732525
0.661633
0.652334
0.673629
0.751768
0.842597
0.87835
0.891694
0.895857
0.895932
0.89559
0.894476
0.893413
0.893257
0.893399
0.893316
0.89281
0.891083
0.886463
0.874515
0.840078
0.785374
0.7755
0.783526
0.829153
0.929348
0.976845
0.993322
0.998073
0.999433
0.999827
0.999946
0.999977
0.999874
0.996634
0.958217
0.866357
0.829473
0.818025
0.812029
0.810207
0.810189
0.810215
0.809954
0.809296
0.807164
0.800805
0.791882
0.782607
0.774263
0.766257
0.756883
0.747592
0.739027
0.732065
0.726934
0.72385
0.722457
0.722574
0.723323
0.724013
0.721571
0.712177
0.702148
0.687438
0.671196
0.656159
0.632738
0.596914
0.569916
0.550887
0.539377
0.532939
0.522287
0.500517
0.487024
0.47624
0.458597
0.448511
0.448569
0.451988
0.465777
0.494164
0.509191
0.528761
0.59554
0.708112
0.770398
0.791168
0.795495
0.79873
0.809224
0.858173
0.921974
0.960887
0.9817
0.991824
0.99644
0.998473
0.999344
0.99972
0.999883
0.999952
0.999982
0.999993
0.999997
0.999998
0.999998
0.999997
0.999995
0.999991
0.999985
0.999967
0.999893
0.999575
0.999269
0.999197
0.999245
0.999518
0.999779
0.999907
0.999964
0.999987
0.999996
0.999999
1
1
1
1
1
1
1
1
1
1
1
0.999999
0.999999
1
1
1
1
1
1
1
1
1
1
1
1
1
1
1
1
1
1
1
1
1
0.999999
0.999996
0.999982
0.999923
0.999677
0.998686
0.994819
0.980167
0.926046
0.757123
0.553424
0.387963
0.261565
0.170217
0.107219
0.065515
0.0388338
0.0223882
0.0124253
0.4848
0.691858
0.749692
0.729943
0.67505
0.676956
0.696279
0.750243
0.834084
0.870379
0.886097
0.891876
0.894024
0.894298
0.894313
0.894348
0.894088
0.893153
0.890432
0.884206
0.872262
0.846872
0.787008
0.768581
0.773205
0.80421
0.896974
0.965679
0.989657
0.996795
0.999007
0.999693
0.999905
0.999968
0.99999
0.99999
0.999802
0.995154
0.949571
0.86415
0.831124
0.819857
0.813513
0.811282
0.810572
0.810035
0.808735
0.805614
0.798664
0.788787
0.777882
0.767632
0.75714
0.745796
0.735215
0.725448
0.717219
0.710228
0.704777
0.701077
0.699188
0.698308
0.698715
0.700189
0.700726
0.697607
0.688789
0.677124
0.669853
0.655138
0.635101
0.614604
0.580116
0.554907
0.546009
0.533857
0.51377
0.505187
0.492472
0.482085
0.482279
0.485714
0.49426
0.515933
0.540676
0.551647
0.559175
0.584232
0.674656
0.750282
0.780921
0.787794
0.790394
0.799197
0.840499
0.911017
0.955696
0.979528
0.99105
0.996241
0.998444
0.99937
0.999748
0.999899
0.999959
0.999984
0.999994
0.999998
0.999999
0.999999
0.999999
0.999998
0.999997
0.999994
0.999987
0.999953
0.99977
0.999474
0.999378
0.999396
0.999577
0.999807
0.999921
0.99997
0.999989
0.999996
0.999999
1
1
1
1
1
1
1
1
1
1
1
1
1
1
1
1
1
1
1
1
1
1
1
1
1
1
1
1
1
1
1
1
1
1
1
0.999999
0.999994
0.999972
0.99988
0.999499
0.997972
0.992042
0.969632
0.886963
0.684943
0.493663
0.341494
0.227794
0.14703
0.0920474
0.0559035
0.0329965
0.0187684
0.244076
0.555935
0.724266
0.749291
0.736854
0.704734
0.702428
0.714385
0.744669
0.80085
0.848633
0.870825
0.881212
0.885979
0.888227
0.887939
0.886105
0.881601
0.871343
0.857176
0.83441
0.78024
0.759388
0.763537
0.790053
0.87405
0.958463
0.987296
0.996286
0.99894
0.999697
0.99991
0.999972
0.99999
0.999996
0.999998
0.999989
0.999552
0.991462
0.936952
0.860631
0.83171
0.820803
0.814581
0.812018
0.810727
0.808994
0.804708
0.797085
0.787528
0.776626
0.76554
0.754108
0.742116
0.730808
0.72014
0.710818
0.702703
0.695917
0.690574
0.686283
0.68359
0.682538
0.681462
0.680931
0.681526
0.680784
0.676099
0.67118
0.660741
0.650177
0.641163
0.619761
0.595549
0.584361
0.562381
0.544278
0.538754
0.529572
0.528657
0.530937
0.537264
0.549087
0.561788
0.570978
0.575333
0.578317
0.588081
0.640923
0.726657
0.767201
0.776906
0.778964
0.785785
0.821994
0.900075
0.951227
0.978074
0.990645
0.99615
0.998464
0.999405
0.999775
0.999916
0.999969
0.999988
0.999996
0.999998
0.999999
0.999999
0.999999
0.999999
0.999999
0.999997
0.999994
0.999979
0.999901
0.999679
0.999567
0.999561
0.999642
0.999828
0.999929
0.999973
0.999991
0.999997
0.999999
1
1
1
1
1
1
1
1
1
1
1
1
1
1
1
1
1
1
1
1
1
1
1
1
1
1
1
1
1
1
1
1
1
1
1
1
0.999998
0.99999
0.999955
0.999807
0.999195
0.996754
0.987296
0.95161
0.823359
0.612849
0.435689
0.298495
0.19786
0.127209
0.0793499
0.0480538
0.028068
0.0758578
0.227501
0.568518
0.704611
0.737111
0.738123
0.731323
0.727499
0.7333
0.750533
0.774258
0.807143
0.829247
0.843423
0.851846
0.851162
0.84798
0.839805
0.827617
0.807926
0.763171
0.74683
0.751756
0.778987
0.861515
0.952214
0.984844
0.99546
0.998689
0.999626
0.999892
0.999967
0.999989
0.999996
0.999998
0.999999
0.999999
0.999958
0.998617
0.98519
0.921092
0.856272
0.831119
0.821644
0.815757
0.812853
0.810154
0.804949
0.797257
0.787811
0.776995
0.765809
0.754211
0.742108
0.73058
0.719578
0.709664
0.700962
0.693578
0.687218
0.681606
0.677225
0.674791
0.67261
0.670264
0.669157
0.667862
0.667717
0.666626
0.661307
0.655755
0.649696
0.634687
0.622792
0.61631
0.60117
0.584477
0.579111
0.573881
0.574148
0.57664
0.581794
0.583718
0.585017
0.58675
0.588271
0.589821
0.59445
0.621307
0.701968
0.751282
0.765354
0.768804
0.776967
0.81331
0.893914
0.948361
0.977093
0.990374
0.996109
0.998477
0.999419
0.999784
0.999921
0.999972
0.99999
0.999996
0.999998
0.999999
0.999999
0.999999
0.999999
0.999999
0.999998
0.999997
0.999989
0.99995
0.999828
0.999741
0.999724
0.999748
0.999854
0.999938
0.999976
0.999992
0.999997
0.999999
1
1
1
1
1
1
1
1
1
1
1
1
1
1
1
1
1
1
1
1
1
1
1
1
1
1
1
1
1
1
1
1
1
1
1
1
0.999999
0.999996
0.999983
0.999925
0.999677
0.998664
0.994637
0.979092
0.920644
0.744152
0.544467
0.384304
0.262493
0.173916
0.111809
0.0696806
0.0419105
0.148034
0.104161
0.186164
0.360502
0.563382
0.674853
0.715545
0.726799
0.732737
0.741509
0.756933
0.770912
0.788571
0.799502
0.809328
0.809422
0.806712
0.798739
0.779822
0.739397
0.732587
0.739195
0.770726
0.86229
0.951003
0.98388
0.995005
0.998521
0.999574
0.999878
0.999964
0.999989
0.999996
0.999999
0.999999
1
1
0.999996
0.999789
0.996711
0.976618
0.904709
0.851108
0.831175
0.824045
0.817891
0.812791
0.806412
0.798336
0.78889
0.778239
0.767052
0.755461
0.743195
0.731419
0.720212
0.710068
0.701174
0.693638
0.686995
0.680965
0.675914
0.67222
0.669451
0.666733
0.664196
0.661578
0.660373
0.659244
0.657523
0.654936
0.650213
0.639526
0.633455
0.629661
0.621165
0.610911
0.60243
0.597821
0.597372
0.598115
0.598412
0.597189
0.595004
0.595023
0.596424
0.598765
0.602337
0.617389
0.679811
0.735089
0.752267
0.756529
0.765952
0.806175
0.890982
0.947171
0.976727
0.990457
0.996286
0.998593
0.999475
0.999807
0.99993
0.999975
0.99999
0.999996
0.999997
0.999998
0.999998
0.999999
0.999999
0.999999
0.999999
0.999998
0.999993
0.999968
0.999889
0.999837
0.999826
0.999837
0.999897
0.999954
0.999981
0.999993
0.999998
0.999999
1
1
1
1
1
1
1
1
1
1
1
1
1
1
1
1
1
1
1
1
1
1
1
1
1
1
1
1
1
1
1
1
1
1
1
1
1
0.999999
0.999994
0.999971
0.99987
0.999449
0.997738
0.991006
0.965274
0.869537
0.667363
0.487796
0.344878
0.23655
0.157446
0.101353
0.0629995
0.968036
0.882184
0.565889
0.361901
0.353229
0.396795
0.492345
0.584851
0.637512
0.67714
0.710468
0.732644
0.747748
0.761845
0.767913
0.763124
0.751325
0.723503
0.711332
0.714118
0.729659
0.774522
0.883088
0.956164
0.984761
0.995031
0.998465
0.999545
0.999868
0.999962
0.999988
0.999996
0.999999
0.999999
1
1
1
1
0.99997
0.999339
0.993697
0.966056
0.889647
0.847426
0.832327
0.827095
0.818627
0.810114
0.801126
0.792411
0.781102
0.769751
0.758215
0.745935
0.734036
0.722354
0.711704
0.702412
0.694606
0.687685
0.681454
0.676196
0.672155
0.669057
0.666474
0.663333
0.65973
0.658095
0.656144
0.654096
0.652593
0.649533
0.642836
0.636693
0.63143
0.627143
0.62246
0.615854
0.610066
0.607731
0.607155
0.60606
0.602807
0.602005
0.603096
0.607186
0.609084
0.611199
0.619707
0.663059
0.718678
0.737006
0.741711
0.752728
0.801411
0.889535
0.94723
0.977616
0.991279
0.996791
0.998859
0.9996
0.999862
0.999952
0.999982
0.999991
0.999994
0.999995
0.999995
0.999996
0.999996
0.999997
0.999998
0.999998
0.999998
0.999996
0.99998
0.999924
0.999886
0.999879
0.999889
0.999932
0.999969
0.999987
0.999995
0.999998
0.999999
1
1
1
1
1
1
1
1
1
1
1
1
1
1
1
1
1
1
1
1
1
1
1
1
1
1
1
1
1
1
1
1
1
1
1
1
1
1
0.999998
0.99999
0.999953
0.999795
0.999143
0.996545
0.986524
0.948993
0.818549
0.623958
0.460237
0.329388
0.228754
0.153081
0.0989936
0.999728
0.998123
0.990314
0.963149
0.922984
0.850564
0.730151
0.653022
0.638044
0.631606
0.632964
0.637922
0.641795
0.644369
0.645697
0.650784
0.662986
0.678883
0.708358
0.754416
0.837979
0.925382
0.969117
0.988327
0.995918
0.998664
0.999585
0.999876
0.999964
0.999989
0.999997
0.999999
1
1
1
1
1
1
0.999996
0.999886
0.998571
0.990095
0.955776
0.880882
0.847055
0.834251
0.829128
0.819208
0.807289
0.796719
0.78757
0.777232
0.764626
0.75124
0.738874
0.726978
0.715723
0.705838
0.697625
0.690475
0.683985
0.678333
0.673567
0.669998
0.667403
0.664045
0.660081
0.658223
0.656175
0.653493
0.651453
0.649538
0.645671
0.638375
0.632455
0.62986
0.62655
0.620236
0.615655
0.614232
0.613335
0.611078
0.610591
0.61126
0.61293
0.612434
0.612285
0.613203
0.618618
0.648474
0.700572
0.718581
0.724771
0.740427
0.80297
0.895005
0.952126
0.980399
0.992601
0.997389
0.99913
0.999722
0.99991
0.999968
0.999985
0.99999
0.999989
0.999986
0.999986
0.999987
0.999989
0.999993
0.999996
0.999997
0.999998
0.999997
0.999989
0.999954
0.999921
0.999914
0.999919
0.999948
0.999977
0.99999
0.999996
0.999999
0.999999
1
1
1
1
1
1
1
1
1
1
1
1
1
1
1
1
1
1
1
1
1
1
1
1
1
1
1
1
1
1
1
1
1
1
1
1
1
1
0.999999
0.999997
0.999985
0.999936
0.999729
0.998902
0.995724
0.983941
0.941577
0.805608
0.625134
0.47069
0.34378
0.240631
0.162881
0.999998
0.999976
0.999831
0.999149
0.99725
0.9923
0.981038
0.957692
0.908409
0.871433
0.833244
0.80655
0.79913
0.793898
0.798749
0.81128
0.837308
0.867656
0.911098
0.947118
0.972087
0.986852
0.994423
0.997844
0.999231
0.999743
0.999919
0.999975
0.999992
0.999998
0.999999
1
1
1
1
1
1
1
1
0.999984
0.999734
0.997684
0.987133
0.949654
0.880074
0.849273
0.836469
0.830702
0.821743
0.806628
0.794886
0.784031
0.774781
0.764583
0.751977
0.738902
0.7258
0.714667
0.705888
0.69856
0.692286
0.68633
0.680157
0.675323
0.67234
0.668435
0.664152
0.66146
0.658228
0.654537
0.652171
0.650689
0.647452
0.640739
0.637163
0.634219
0.628747
0.624172
0.622899
0.62141
0.621567
0.622638
0.623576
0.622271
0.617395
0.613163
0.611724
0.611869
0.615189
0.637055
0.681855
0.69662
0.704973
0.732222
0.816046
0.90742
0.959456
0.983992
0.994138
0.997975
0.999337
0.999792
0.999933
0.999972
0.999983
0.999982
0.99997
0.999955
0.999955
0.999959
0.999969
0.999981
0.99999
0.999995
0.999997
0.999997
0.999993
0.999974
0.999948
0.999941
0.999943
0.99996
0.999981
0.999992
0.999997
0.999999
1
1
1
1
1
1
1
1
1
1
1
1
1
1
1
1
1
1
1
1
1
1
1
1
1
1
1
1
1
1
1
1
1
1
1
1
1
1
1
1
0.999999
0.999996
0.999982
0.999924
0.999692
0.998819
0.995679
0.984865
0.948904
0.837019
0.667845
0.514561
0.37752
0.268033
1
1
0.999998
0.999985
0.99993
0.999732
0.999143
0.997689
0.994284
0.987734
0.984127
0.978231
0.977029
0.977843
0.980456
0.983756
0.986928
0.989946
0.992844
0.995416
0.997395
0.998687
0.999408
0.999758
0.999909
0.999968
0.999989
0.999997
0.999999
1
1
1
1
1
1
1
1
1
1
0.999998
0.999959
0.999556
0.997004
0.985811
0.950159
0.88392
0.853244
0.839221
0.832857
0.82464
0.811691
0.796405
0.784048
0.774
0.764581
0.757889
0.749183
0.738703
0.729909
0.720632
0.712503
0.706827
0.700475
0.69444
0.689068
0.683053
0.678095
0.672633
0.665711
0.660069
0.656799
0.653793
0.650229
0.647883
0.645172
0.641731
0.638474
0.634724
0.632542
0.632519
0.632762
0.632425
0.630772
0.625787
0.617345
0.608691
0.605347
0.605374
0.6084
0.628356
0.661003
0.672764
0.691111
0.735143
0.839293
0.921334
0.967116
0.987821
0.99585
0.998657
0.999581
0.999872
0.999953
0.999973
0.999972
0.999962
0.999904
0.999861
0.999862
0.999876
0.999913
0.999949
0.999973
0.999988
0.999994
0.999995
0.999994
0.999984
0.999966
0.99996
0.99996
0.99997
0.999985
0.999994
0.999997
0.999999
0.999999
1
1
1
1
1
1
1
1
1
1
1
1
1
1
1
1
1
1
1
1
1
1
1
1
1
1
1
1
1
1
1
1
1
1
1
1
1
1
1
1
0.999999
0.999995
0.999981
0.999924
0.999713
0.998981
0.996576
0.989059
0.966474
0.898904
0.750512
0.577393
0.429911
1
1
1
1
0.999999
0.999994
0.999975
0.999921
0.999784
0.999415
0.999195
0.99897
0.999035
0.999109
0.99922
0.999359
0.99949
0.999599
0.999698
0.999792
0.999872
0.99993
0.999966
0.999985
0.999994
0.999998
0.999999
1
1
1
1
1
1
1
1
1
1
1
1
1
0.999995
0.99993
0.999427
0.996772
0.986405
0.957189
0.893012
0.859382
0.843516
0.835542
0.828371
0.818274
0.804708
0.790884
0.778057
0.769712
0.763238
0.757546
0.753218
0.747287
0.740263
0.733722
0.727365
0.720286
0.711007
0.700379
0.690969
0.682496
0.67471
0.668752
0.664335
0.66088
0.657849
0.654883
0.652902
0.651765
0.649663
0.646219
0.642604
0.639269
0.637115
0.634934
0.630937
0.621423
0.608343
0.603585
0.603022
0.603495
0.606629
0.624848
0.649231
0.664613
0.688114
0.757009
0.865776
0.938549
0.975746
0.991545
0.997344
0.999219
0.999772
0.999926
0.999963
0.999964
0.999952
0.999903
0.999701
0.999582
0.999587
0.999634
0.999756
0.999863
0.999931
0.999969
0.999987
0.999993
0.999993
0.999989
0.999975
0.999969
0.99997
0.999975
0.999987
0.999994
0.999997
0.999999
0.999999
1
1
1
1
1
1
1
1
1
1
1
1
1
1
1
1
1
1
1
1
1
1
1
1
1
1
1
1
1
1
1
1
1
1
1
1
1
1
1
1
1
0.999999
0.999996
0.999983
0.999937
0.99978
0.999279
0.997764
0.993369
0.98084
0.945321
0.836176
0.659085
1
1
1
1
1
1
1
0.999998
0.999995
0.999987
0.99998
0.999982
0.999985
0.999988
0.999989
0.99999
0.999992
0.999993
0.999994
0.999996
0.999997
0.999998
0.999999
1
1
1
1
1
1
1
1
1
1
1
1
1
1
1
1
1
0.999999
0.999991
0.999911
0.999398
0.997024
0.988641
0.966716
0.911992
0.869767
0.850462
0.839369
0.832067
0.824972
0.815863
0.802835
0.792644
0.782272
0.772682
0.765392
0.761074
0.757629
0.752351
0.745017
0.735604
0.723806
0.711378
0.701041
0.692575
0.685677
0.680594
0.677183
0.673794
0.669032
0.66409
0.661007
0.659132
0.655607
0.650685
0.645617
0.640592
0.63638
0.629544
0.615772
0.605212
0.602006
0.602779
0.606391
0.609317
0.613596
0.628884
0.648848
0.664978
0.7007
0.798322
0.899373
0.957532
0.984266
0.994711
0.998345
0.999513
0.99986
0.999945
0.999956
0.999944
0.999893
0.99973
0.999134
0.998824
0.998841
0.998975
0.99933
0.999639
0.999824
0.999922
0.999969
0.999987
0.999991
0.999989
0.999981
0.999975
0.999975
0.999978
0.999988
0.999994
0.999997
0.999999
0.999999
0.999999
1
1
1
1
1
1
0.999999
0.999999
0.999999
0.999999
1
1
1
1
1
1
1
1
1
1
1
1
1
1
1
1
1
1
1
1
1
1
1
1
1
1
1
1
1
1
1
0.999999
0.999997
0.999987
0.999955
0.999854
0.999548
0.998656
0.996085
0.988577
0.965557
0.901024
1
1
1
1
1
1
1
1
1
1
1
1
1
1
1
1
1
1
1
1
1
1
1
1
1
1
1
1
1
1
1
1
1
1
1
1
1
1
1
1
1
0.999999
0.999989
0.999908
0.999468
0.997628
0.991726
0.975864
0.938208
0.88799
0.861687
0.846797
0.836733
0.830729
0.824145
0.816641
0.808554
0.799211
0.78972
0.782459
0.775159
0.76636
0.756593
0.745892
0.734401
0.724757
0.71796
0.712508
0.706614
0.701073
0.696921
0.691183
0.681989
0.673339
0.668177
0.663034
0.656525
0.649745
0.644179
0.634367
0.618379
0.606511
0.600792
0.599715
0.600954
0.610496
0.629731
0.638394
0.643507
0.654387
0.665129
0.68763
0.749351
0.861122
0.938397
0.97693
0.992261
0.99756
0.999258
0.999782
0.999925
0.999951
0.999943
0.999887
0.999717
0.999243
0.997694
0.99695
0.996992
0.997323
0.998234
0.999074
0.999565
0.999812
0.999926
0.999972
0.999986
0.999987
0.999983
0.999978
0.999977
0.99998
0.999988
0.999994
0.999997
0.999998
0.999999
0.999999
0.999999
0.999999
0.999999
0.999999
0.999999
0.999999
0.999999
0.999999
0.999999
0.999999
0.999999
0.999999
0.999999
1
1
1
1
1
1
1
1
1
1
1
1
1
1
1
1
1
1
1
1
1
1
1
1
1
1
1
1
1
0.999999
0.999998
0.999991
0.999971
0.999909
0.999722
0.999155
0.997404
0.99175
0.976878
1
1
1
1
1
1
1
1
1
1
1
1
1
1
1
1
1
1
1
1
1
1
1
1
1
1
1
1
1
1
1
1
1
1
1
1
1
1
1
1
1
1
0.999999
0.999988
0.999922
0.999598
0.998366
0.994587
0.984553
0.963964
0.920387
0.881674
0.859133
0.846006
0.837593
0.83087
0.82506
0.820784
0.816555
0.811005
0.803411
0.79286
0.780683
0.769105
0.759788
0.753482
0.749636
0.745045
0.737362
0.729015
0.719361
0.706977
0.693517
0.682441
0.671909
0.661535
0.651095
0.636039
0.618968
0.607466
0.601315
0.598837
0.598994
0.601062
0.61008
0.643098
0.682961
0.702383
0.709337
0.713632
0.724909
0.756062
0.847256
0.933231
0.974367
0.990803
0.996897
0.999009
0.999698
0.999903
0.999948
0.999946
0.999902
0.999723
0.999228
0.997946
0.994406
0.992856
0.99294
0.993632
0.995634
0.997723
0.998951
0.99956
0.999829
0.999938
0.999975
0.999983
0.999982
0.999979
0.999978
0.99998
0.999988
0.999993
0.999996
0.999997
0.999998
0.999998
0.999999
0.999999
0.999999
0.999999
0.999999
0.999999
0.999999
0.999998
0.999998
0.999998
0.999998
0.999999
0.999999
0.999999
0.999999
0.999999
0.999999
0.999999
0.999999
1
1
1
1
1
1
1
1
1
1
1
1
1
1
1
1
1
1
1
1
1
1
1
1
1
0.999998
0.999994
0.999982
0.999941
0.999807
0.999358
0.99779
0.993508
1
1
1
1
1
1
1
1
1
1
1
1
1
1
1
1
1
1
1
1
1
1
1
1
1
1
1
1
1
1
1
1
1
1
1
1
1
1
1
1
1
1
1
0.999999
0.999991
0.999944
0.99974
0.999018
0.996862
0.991373
0.977876
0.957143
0.920401
0.884205
0.863106
0.849197
0.83909
0.833649
0.830777
0.827483
0.822747
0.816597
0.810073
0.803482
0.797229
0.792139
0.787384
0.779654
0.768248
0.753834
0.737015
0.718867
0.701644
0.683509
0.663082
0.642918
0.625884
0.613188
0.604252
0.599738
0.599404
0.601356
0.607553
0.620159
0.648991
0.705176
0.757131
0.785991
0.798608
0.808967
0.832218
0.88891
0.945223
0.975947
0.990336
0.996405
0.998754
0.999594
0.999871
0.999945
0.999951
0.999924
0.999778
0.999272
0.997903
0.994605
0.988022
0.985347
0.985467
0.986627
0.990174
0.994743
0.99759
0.999006
0.999622
0.999865
0.999951
0.999975
0.999979
0.999978
0.999978
0.99998
0.999987
0.999992
0.999995
0.999996
0.999997
0.999997
0.999997
0.999998
0.999998
0.999998
0.999998
0.999998
0.999998
0.999997
0.999997
0.999997
0.999997
0.999997
0.999998
0.999998
0.999998
0.999998
0.999998
0.999999
0.999999
0.999999
0.999999
1
1
1
1
1
1
1
1
1
1
1
1
1
1
1
1
1
1
1
1
1
1
1
1
0.999999
0.999996
0.999987
0.999952
0.999824
0.999336
0.997893
1
1
1
1
1
1
1
1
1
1
1
1
1
1
1
1
1
1
1
1
1
1
1
1
1
1
1
1
1
1
1
1
1
1
1
1
1
1
1
1
1
1
1
1
0.999999
0.999994
0.999966
0.999856
0.999484
0.998396
0.995611
0.989861
0.977055
0.957852
0.931333
0.898682
0.872556
0.857626
0.848741
0.841768
0.834971
0.829301
0.825297
0.822651
0.82068
0.818145
0.813311
0.804384
0.790429
0.772512
0.751538
0.727824
0.702548
0.67801
0.655514
0.635402
0.618996
0.608569
0.605114
0.60536
0.608571
0.6229
0.648657
0.678041
0.722536
0.774141
0.824985
0.859641
0.885804
0.911318
0.940233
0.965083
0.982074
0.99174
0.996533
0.998665
0.999525
0.99984
0.999939
0.999957
0.999944
0.999846
0.999433
0.998085
0.994384
0.98704
0.978612
0.974585
0.974682
0.976099
0.980597
0.988948
0.994813
0.997863
0.999198
0.99972
0.999903
0.99996
0.999973
0.999976
0.999976
0.999978
0.999985
0.99999
0.999993
0.999994
0.999995
0.999995
0.999995
0.999996
0.999996
0.999996
0.999996
0.999996
0.999996
0.999996
0.999995
0.999995
0.999995
0.999995
0.999996
0.999997
0.999997
0.999997
0.999997
0.999997
0.999998
0.999998
0.999999
0.999999
0.999999
1
1
1
1
1
1
1
1
1
1
1
1
1
1
1
1
1
1
1
1
1
1
1
0.999999
0.999997
0.999987
0.999946
0.999775
0.999225
1
1
1
1
1
1
1
1
1
1
1
1
1
1
1
1
1
1
1
1
1
1
1
1
1
1
1
1
1
1
1
1
1
1
1
1
1
1
1
1
1
1
1
1
1
0.999999
0.999996
0.999983
0.999931
0.999763
0.999288
0.998146
0.995523
0.990493
0.979656
0.964166
0.946877
0.924228
0.897513
0.876082
0.860986
0.849717
0.842051
0.837504
0.834748
0.832304
0.828327
0.820515
0.807417
0.78859
0.764457
0.738242
0.712887
0.687355
0.661372
0.63941
0.626725
0.623368
0.623872
0.62731
0.639453
0.678315
0.727693
0.761138
0.796888
0.837583
0.880045
0.921997
0.950443
0.967565
0.97978
0.988453
0.994016
0.99718
0.998788
0.999523
0.999825
0.999934
0.999962
0.999959
0.999907
0.999625
0.998512
0.995045
0.985424
0.976286
0.969416
0.964905
0.964266
0.965079
0.968414
0.979051
0.989849
0.995749
0.998388
0.999427
0.999802
0.999925
0.999961
0.99997
0.999972
0.999975
0.999982
0.999987
0.99999
0.999991
0.999991
0.999992
0.999992
0.999992
0.999992
0.999992
0.999992
0.999992
0.999993
0.999992
0.999992
0.999991
0.999991
0.999991
0.999992
0.999993
0.999994
0.999995
0.999995
0.999996
0.999996
0.999997
0.999998
0.999998
0.999999
0.999999
0.999999
0.999999
0.999999
0.999999
0.999999
0.999999
0.999999
0.999999
0.999999
0.999999
1
1
1
1
1
1
1
1
1
1
1
1
1
0.999999
0.999996
0.999981
0.999914
0.999678
1
1
1
1
1
1
1
1
1
1
1
1
1
1
1
1
1
1
1
1
1
1
1
1
1
1
1
1
1
1
1
1
1
1
1
1
1
1
1
1
1
1
1
1
1
1
1
0.999998
0.999992
0.99997
0.999902
0.999718
0.999265
0.998249
0.995532
0.991927
0.984729
0.975218
0.965983
0.947926
0.924242
0.902833
0.88488
0.871315
0.863015
0.85744
0.852298
0.844104
0.830619
0.809147
0.785099
0.763311
0.740219
0.71105
0.683186
0.668063
0.665631
0.667109
0.672592
0.686665
0.726046
0.783669
0.820187
0.847595
0.875109
0.910692
0.946152
0.967992
0.980315
0.987785
0.99268
0.995885
0.997868
0.998989
0.999561
0.999824
0.999929
0.999963
0.999966
0.999946
0.999798
0.999072
0.996222
0.98756
0.975211
0.968705
0.964725
0.960833
0.959295
0.959446
0.96079
0.96667
0.981974
0.992155
0.997013
0.998975
0.999664
0.999882
0.999945
0.999961
0.999965
0.99997
0.999977
0.999983
0.999986
0.999986
0.999986
0.999986
0.999986
0.999986
0.999986
0.999986
0.999987
0.999987
0.999987
0.999987
0.999987
0.999985
0.999985
0.999985
0.999985
0.999987
0.999989
0.99999
0.999991
0.999992
0.999993
0.999994
0.999996
0.999997
0.999998
0.999998
0.999999
0.999999
0.999999
0.999998
0.999998
0.999998
0.999998
0.999998
0.999998
0.999999
0.999999
0.999999
0.999999
0.999999
1
1
1
1
1
1
1
1
1
0.999999
0.999998
0.999992
0.999962
0.999849
1
1
1
1
1
1
1
1
1
1
1
1
1
1
1
1
1
1
1
1
1
1
1
1
1
1
1
1
1
1
1
1
1
1
1
1
1
1
1
1
1
1
1
1
1
1
1
1
0.999999
0.999997
0.999989
0.999966
0.999903
0.999746
0.999315
0.998608
0.997045
0.994275
0.991734
0.987316
0.978626
0.966203
0.952387
0.939146
0.929167
0.924109
0.920514
0.913407
0.892132
0.861894
0.845095
0.838542
0.828719
0.805074
0.7864
0.782836
0.784695
0.791037
0.805579
0.841943
0.887498
0.917415
0.934691
0.947806
0.960792
0.972792
0.982169
0.988614
0.992788
0.995529
0.997345
0.998516
0.999233
0.999636
0.99984
0.999931
0.999963
0.999969
0.999964
0.999901
0.999521
0.997744
0.991073
0.976021
0.969347
0.965459
0.961448
0.957914
0.95639
0.956447
0.957144
0.960004
0.971771
0.987234
0.995062
0.99824
0.999396
0.999786
0.999905
0.999936
0.999946
0.999955
0.999965
0.999973
0.999977
0.999978
0.999978
0.999977
0.999977
0.999977
0.999976
0.999976
0.999977
0.999977
0.999978
0.999978
0.999978
0.999976
0.999975
0.999974
0.999974
0.999975
0.999978
0.999981
0.999984
0.999986
0.999988
0.99999
0.999992
0.999994
0.999996
0.999997
0.999997
0.999997
0.999997
0.999997
0.999996
0.999996
0.999996
0.999996
0.999996
0.999997
0.999997
0.999998
0.999998
0.999999
0.999999
0.999999
0.999999
0.999999
0.999999
1
1
0.999999
0.999999
0.999999
0.999998
0.999995
0.99998
0.999916
1
1
1
1
1
1
1
1
1
1
1
1
1
1
1
1
1
1
1
1
1
1
1
1
1
1
1
1
1
1
1
1
1
1
1
1
1
1
1
1
1
1
1
1
1
1
1
1
1
1
0.999999
0.999997
0.999991
0.999974
0.99993
0.999837
0.999628
0.999165
0.998649
0.997854
0.996519
0.993817
0.988097
0.98219
0.978458
0.97701
0.976148
0.974349
0.967988
0.951602
0.940754
0.938094
0.938565
0.939595
0.939011
0.938174
0.938875
0.941198
0.947142
0.958779
0.969425
0.977061
0.982107
0.985883
0.989257
0.992261
0.994704
0.996505
0.997754
0.998609
0.999177
0.999542
0.999763
0.999886
0.999945
0.999968
0.999972
0.99997
0.999944
0.999774
0.998788
0.994384
0.980537
0.969945
0.966163
0.963223
0.95593
0.951277
0.951209
0.951949
0.953557
0.956147
0.963688
0.980586
0.991655
0.996902
0.998957
0.999653
0.999857
0.999909
0.999926
0.999939
0.999952
0.999962
0.999966
0.999966
0.999965
0.999963
0.999961
0.99996
0.999959
0.999959
0.999959
0.99996
0.999962
0.999963
0.999962
0.99996
0.999957
0.999955
0.999954
0.999954
0.999956
0.999963
0.999969
0.999975
0.999979
0.999982
0.999985
0.999989
0.999992
0.999993
0.999995
0.999995
0.999995
0.999994
0.999993
0.999992
0.999991
0.999991
0.999991
0.999992
0.999993
0.999995
0.999996
0.999996
0.999997
0.999998
0.999998
0.999999
0.999999
0.999999
0.999999
0.999999
0.999999
0.999998
0.999997
0.999995
0.999985
0.99994
1
1
1
1
1
1
1
1
1
1
1
1
1
1
1
1
1
1
1
1
1
1
1
1
1
1
1
1
1
1
1
1
1
1
1
1
1
1
1
1
1
1
1
1
1
1
1
1
1
1
1
1
0.999999
0.999998
0.999995
0.999987
0.999969
0.999924
0.999859
0.999767
0.999607
0.99927
0.99831
0.996876
0.996041
0.995775
0.995668
0.995421
0.994321
0.990212
0.987585
0.987111
0.987333
0.988129
0.988456
0.988464
0.988561
0.988873
0.989717
0.991838
0.993843
0.995247
0.99617
0.996882
0.997554
0.998182
0.998724
0.999144
0.999445
0.999657
0.999797
0.999887
0.999939
0.999966
0.999976
0.999975
0.999972
0.999954
0.999877
0.999413
0.996713
0.984775
0.971873
0.966529
0.963188
0.957909
0.945587
0.940063
0.94049
0.943441
0.948208
0.951712
0.958517
0.975681
0.989596
0.996132
0.998677
0.999539
0.99979
0.999852
0.999874
0.999895
0.999917
0.999934
0.999941
0.999942
0.999941
0.999936
0.999931
0.999929
0.999927
0.999926
0.999926
0.999927
0.999931
0.999934
0.999934
0.999932
0.999925
0.999919
0.999916
0.999915
0.999915
0.999921
0.999937
0.999951
0.99996
0.999967
0.999972
0.999977
0.999982
0.999986
0.999988
0.999989
0.999989
0.999988
0.999986
0.999983
0.99998
0.99998
0.99998
0.99998
0.999983
0.999987
0.999989
0.999991
0.999993
0.999995
0.999996
0.999996
0.999997
0.999997
0.999997
0.999997
0.999996
0.999995
0.999994
0.999991
0.999983
0.999945
1
1
1
1
1
1
1
1
1
1
1
1
1
1
1
1
1
1
1
1
1
1
1
1
1
1
1
1
1
1
1
1
1
1
1
1
1
1
1
1
1
1
1
1
1
1
1
1
1
1
1
1
1
1
1
0.999999
0.999998
0.999996
0.999991
0.999984
0.999971
0.999943
0.999855
0.999671
0.999567
0.999541
0.999539
0.999524
0.999394
0.998892
0.998569
0.998512
0.998542
0.998645
0.998683
0.998662
0.998655
0.998679
0.998759
0.998987
0.999212
0.999364
0.999459
0.999534
0.999614
0.999699
0.999782
0.99985
0.999901
0.999939
0.999962
0.999976
0.999982
0.999982
0.99998
0.999969
0.999945
0.99989
0.999684
0.99839
0.990927
0.973751
0.967506
0.96439
0.95822
0.944439
0.927193
0.922531
0.923826
0.930121
0.940487
0.946308
0.954132
0.970944
0.985705
0.994153
0.997835
0.999172
0.999605
0.99975
0.999811
0.999851
0.999884
0.999905
0.99991
0.99991
0.999904
0.999889
0.999877
0.99987
0.999865
0.999863
0.999864
0.999866
0.999874
0.99988
0.999881
0.999879
0.999869
0.999855
0.999844
0.999837
0.999836
0.999839
0.99986
0.999897
0.999923
0.999939
0.999948
0.999954
0.999961
0.999968
0.999972
0.999974
0.999975
0.999974
0.999971
0.999963
0.999957
0.999954
0.999954
0.999955
0.99996
0.999967
0.999973
0.999977
0.999982
0.999986
0.999988
0.99999
0.999991
0.999992
0.999992
0.999991
0.999989
0.999986
0.999984
0.999981
0.999972
0.999932
1
1
1
1
1
1
1
1
1
1
1
1
1
1
1
1
1
1
1
1
1
1
1
1
1
1
1
1
1
1
1
1
1
1
1
1
1
1
1
1
1
1
1
1
1
1
1
1
1
1
1
1
1
1
1
1
1
1
1
0.999999
0.999999
0.999997
0.999992
0.999979
0.999972
0.999971
0.999972
0.999972
0.999963
0.999928
0.999909
0.999906
0.999908
0.999912
0.999913
0.999906
0.999904
0.999905
0.99991
0.999924
0.999937
0.999945
0.999951
0.999955
0.99996
0.999967
0.999976
0.999982
0.999988
0.999991
0.999991
0.99999
0.999986
0.999977
0.999954
0.999897
0.999836
0.99971
0.999176
0.995414
0.978288
0.968459
0.965783
0.96016
0.944472
0.92426
0.914019
0.91166
0.912511
0.917783
0.93311
0.940571
0.951035
0.96955
0.984967
0.993702
0.99758
0.999038
0.99951
0.999655
0.999705
0.999749
0.999799
0.99983
0.999835
0.999833
0.999823
0.999793
0.999769
0.999754
0.99974
0.999736
0.999738
0.999745
0.999763
0.999774
0.999776
0.999773
0.999757
0.999731
0.999706
0.999685
0.999675
0.999676
0.999699
0.999774
0.999842
0.999882
0.999901
0.99991
0.999917
0.999926
0.999934
0.999939
0.999941
0.99994
0.999936
0.999919
0.999904
0.999898
0.999897
0.999898
0.999906
0.999921
0.999934
0.999944
0.999954
0.999962
0.999969
0.999973
0.999976
0.999977
0.999977
0.999976
0.999972
0.999964
0.99996
0.999955
0.999944
0.999884
1
1
1
1
1
1
1
1
1
1
1
1
1
1
1
1
1
1
1
1
1
1
1
1
1
1
1
1
1
1
1
1
1
1
1
1
1
1
1
1
1
1
1
1
1
1
1
1
1
1
1
1
1
1
1
1
1
1
1
1
1
1
1
0.999999
0.999999
0.999999
0.999999
0.999999
0.999999
0.999998
0.999997
0.999997
0.999997
0.999997
0.999997
0.999996
0.999996
0.999996
0.999997
0.999997
0.999997
0.999997
0.999997
0.999998
0.999998
0.999998
0.999998
0.999998
0.999997
0.999995
0.99999
0.99997
0.999937
0.99989
0.999773
0.999649
0.999532
0.999271
0.997805
0.985559
0.967994
0.966674
0.964072
0.951577
0.928159
0.914948
0.909547
0.908585
0.909453
0.916247
0.927581
0.938355
0.952539
0.971381
0.986024
0.994149
0.997661
0.998903
0.999249
0.999358
0.999469
0.999601
0.999699
0.999735
0.999737
0.999728
0.999691
0.999617
0.999558
0.999531
0.999467
0.999413
0.999418
0.999435
0.999474
0.99951
0.999522
0.999522
0.999513
0.999483
0.999423
0.999367
0.999337
0.999335
0.999365
0.999501
0.999654
0.999749
0.999799
0.99982
0.999827
0.999831
0.999839
0.99985
0.999854
0.999854
0.999847
0.999816
0.999781
0.999767
0.999765
0.999767
0.999781
0.999814
0.999841
0.999864
0.999885
0.999902
0.999915
0.999926
0.999933
0.999936
0.999936
0.999934
0.999925
0.999913
0.999906
0.999898
0.99988
0.99975
1
1
1
1
1
1
1
1
1
1
1
1
1
1
1
1
1
1
1
1
1
1
1
1
1
1
1
1
1
1
1
1
1
1
1
1
1
1
1
1
1
1
1
1
1
1
1
1
1
1
1
1
1
1
1
1
1
1
1
1
1
1
1
1
1
1
1
1
1
1
1
1
1
1
1
1
1
1
1
1
1
1
1
1
1
0.999999
0.999998
0.999995
0.999987
0.999965
0.999911
0.999735
0.999548
0.999283
0.999008
0.998877
0.998695
0.998197
0.993823
0.969254
0.964242
0.96779
0.962773
0.93999
0.922549
0.91247
0.909082
0.908763
0.913121
0.922204
0.930435
0.941949
0.959128
0.976809
0.98882
0.994957
0.99748
0.998402
0.998818
0.999064
0.999262
0.999428
0.999513
0.999525
0.999518
0.999482
0.999357
0.999186
0.999081
0.998965
0.99855
0.997946
0.997961
0.998055
0.998272
0.998544
0.998746
0.998841
0.998852
0.998837
0.998758
0.998631
0.998559
0.998551
0.998604
0.998863
0.999205
0.999417
0.999526
0.999568
0.99958
0.999585
0.999589
0.999598
0.999616
0.999619
0.999609
0.999548
0.999474
0.999443
0.99944
0.999447
0.999478
0.999549
0.99961
0.999662
0.999707
0.999742
0.999769
0.999792
0.99981
0.999819
0.99982
0.999817
0.999803
0.999792
0.999784
0.99977
0.999732
0.999356
1
1
1
1
1
1
1
1
1
1
1
1
1
1
1
1
1
1
1
1
1
1
1
1
1
1
1
1
1
1
1
1
1
1
1
1
1
1
1
1
1
1
1
1
1
1
1
1
1
1
1
1
1
1
1
1
1
1
1
1
1
1
1
1
1
1
1
1
1
1
1
1
1
1
1
1
1
1
1
1
1
1
0.999999
0.999999
0.999996
0.999991
0.999978
0.999947
0.999865
0.999666
0.999217
0.998018
0.996837
0.996292
0.996335
0.996549
0.99654
0.995869
0.984333
0.958357
0.964063
0.973677
0.960644
0.936343
0.923705
0.917915
0.917132
0.918463
0.923862
0.930057
0.937665
0.951506
0.969901
0.98356
0.991741
0.995652
0.997349
0.998074
0.998387
0.998581
0.998864
0.999105
0.99919
0.999189
0.999147
0.998944
0.998637
0.998453
0.998166
0.997455
0.994243
0.989802
0.989904
0.99072
0.992749
0.994685
0.995972
0.99678
0.997135
0.997173
0.997124
0.996902
0.996704
0.996672
0.996766
0.997274
0.998034
0.9985
0.998721
0.998792
0.998802
0.998803
0.99881
0.998839
0.998906
0.998925
0.998913
0.998823
0.998693
0.998644
0.998643
0.998663
0.998752
0.998904
0.999029
0.999142
0.99924
0.999316
0.999376
0.999432
0.999479
0.99951
0.999523
0.999526
0.999525
0.999522
0.999511
0.999479
0.999371
0.997954
1
1
1
1
1
1
1
1
1
1
1
1
1
1
1
1
1
1
1
1
1
1
1
1
1
1
1
1
1
1
1
1
1
1
1
1
1
1
1
1
1
1
1
1
1
1
1
1
1
1
1
1
1
1
1
1
1
1
1
1
1
1
1
1
1
1
1
1
1
1
1
1
1
1
1
1
1
1
1
1
0.999999
0.999997
0.999993
0.999984
0.999961
0.999914
0.999818
0.999595
0.999002
0.997666
0.994804
0.988371
0.986372
0.986813
0.988167
0.991264
0.992922
0.992076
0.973041
0.95262
0.965328
0.977397
0.960354
0.946057
0.939266
0.933963
0.93152
0.931647
0.935004
0.941029
0.951998
0.967053
0.980121
0.989067
0.993825
0.996019
0.997094
0.997451
0.997591
0.998046
0.998547
0.998754
0.998768
0.998717
0.998456
0.998065
0.997829
0.997406
0.996082
0.991554
0.972799
0.955044
0.955944
0.961645
0.973923
0.982939
0.988302
0.991462
0.993107
0.993518
0.993476
0.993125
0.992684
0.992609
0.992772
0.993692
0.995185
0.996089
0.996492
0.996604
0.996619
0.996626
0.996654
0.996764
0.997003
0.997089
0.997085
0.996983
0.996886
0.996877
0.996905
0.99702
0.997313
0.997563
0.997777
0.997982
0.998167
0.998333
0.998488
0.998635
0.998757
0.998849
0.998918
0.998968
0.99898
0.998974
0.998928
0.998779
0.998271
0.992043
1
1
1
1
1
1
1
1
1
1
1
1
1
1
1
1
1
1
1
1
1
1
1
1
1
1
1
1
1
1
1
1
1
1
1
1
1
1
1
1
1
1
1
1
1
1
1
1
1
1
1
1
1
1
1
1
1
1
1
1
1
1
1
1
1
1
1
1
1
1
1
1
1
1
1
1
1
0.999999
0.999998
0.999993
0.999983
0.999964
0.999929
0.999851
0.999644
0.999366
0.998865
0.99769
0.994234
0.987607
0.97369
0.961603
0.960794
0.962824
0.970079
0.982639
0.988934
0.987632
0.961943
0.947464
0.965512
0.978611
0.970659
0.954899
0.950835
0.949913
0.952339
0.953534
0.95505
0.961605
0.970344
0.980006
0.98763
0.992232
0.994555
0.995866
0.996162
0.996306
0.996996
0.997764
0.998132
0.998184
0.998153
0.997996
0.997514
0.997155
0.996667
0.995125
0.987757
0.963828
0.898628
0.866963
0.869382
0.883174
0.920616
0.953202
0.970259
0.979422
0.984188
0.985525
0.985474
0.984783
0.983977
0.983889
0.984211
0.985858
0.988393
0.989871
0.990493
0.990677
0.990758
0.990864
0.991107
0.991761
0.992275
0.992461
0.992513
0.99255
0.992614
0.99279
0.993327
0.994164
0.994711
0.995065
0.995394
0.995713
0.99606
0.996444
0.996842
0.997218
0.997534
0.997783
0.997878
0.997882
0.99783
0.997667
0.997227
0.99617
0.993061
0.964896
1
1
1
1
1
1
1
1
1
1
1
1
1
1
1
1
1
1
1
1
1
1
1
1
1
1
1
1
1
1
1
1
1
1
1
1
1
1
1
1
1
1
1
1
1
1
1
1
1
1
1
1
1
1
1
1
1
1
1
1
1
1
1
1
1
1
1
1
1
1
1
1
1
1
0.999999
0.999998
0.999994
0.999985
0.999964
0.999911
0.999815
0.999666
0.999419
0.998887
0.997632
0.996589
0.994801
0.98996
0.974073
0.959632
0.95149
0.943126
0.941833
0.943396
0.949111
0.967068
0.981205
0.98037
0.952802
0.94135
0.961618
0.978546
0.977667
0.964419
0.96092
0.961109
0.966621
0.968907
0.971887
0.976432
0.981853
0.987073
0.990711
0.992888
0.994283
0.994623
0.994973
0.995886
0.996862
0.997441
0.997587
0.997578
0.997463
0.996913
0.996152
0.995615
0.994409
0.987909
0.954393
0.859862
0.818616
0.810427
0.812459
0.822191
0.850224
0.897085
0.929133
0.950448
0.963604
0.967684
0.967654
0.966403
0.965431
0.965499
0.966384
0.969786
0.973653
0.975735
0.976542
0.976883
0.97735
0.978464
0.980186
0.981184
0.98138
0.981412
0.981494
0.98186
0.983179
0.985555
0.987636
0.989356
0.990337
0.990753
0.991401
0.992394
0.993227
0.993919
0.994784
0.995573
0.995823
0.995767
0.995344
0.994868
0.993719
0.992027
0.988338
0.980736
0.96012
0.844367
1
1
1
1
1
1
1
1
1
1
1
1
1
1
1
1
1
1
1
1
1
1
1
1
1
1
1
1
1
1
1
1
1
1
1
1
1
1
1
1
1
1
1
1
1
1
1
1
1
1
1
1
1
1
1
1
1
1
1
1
1
1
1
1
1
1
1
1
1
1
1
0.999999
0.999999
0.999996
0.999988
0.999964
0.999909
0.999805
0.99956
0.999073
0.998577
0.997741
0.996306
0.992944
0.988885
0.986749
0.982413
0.963504
0.950902
0.951108
0.948263
0.939834
0.937733
0.939836
0.949121
0.969682
0.979912
0.974711
0.943219
0.935495
0.951848
0.976359
0.980326
0.973769
0.967351
0.967569
0.972929
0.975378
0.979654
0.982925
0.986212
0.988982
0.990994
0.992371
0.992935
0.993694
0.994779
0.995913
0.99674
0.997024
0.997019
0.996831
0.996047
0.994836
0.994207
0.993416
0.990131
0.964454
0.851463
0.797474
0.798776
0.800664
0.802319
0.807141
0.82064
0.855958
0.898142
0.925509
0.935645
0.935987
0.934508
0.932481
0.932301
0.933299
0.937799
0.943464
0.946652
0.948231
0.949612
0.951556
0.954102
0.956535
0.958067
0.958915
0.960273
0.963355
0.967405
0.971764
0.976162
0.979731
0.982263
0.98453
0.986575
0.987922
0.989262
0.991101
0.992292
0.992476
0.992412
0.992038
0.990798
0.986704
0.981494
0.977933
0.969586
0.953103
0.922835
0.87183
0.748496
0.394391
1
1
1
1
1
1
1
1
1
1
1
1
1
1
1
1
1
1
1
1
1
1
1
1
1
1
1
1
1
1
1
1
1
1
1
1
1
1
1
1
1
1
1
1
1
1
1
1
1
1
1
1
1
1
1
1
1
1
1
1
1
1
1
1
1
1
1
0.999999
0.999999
0.999998
0.999995
0.99999
0.999977
0.999938
0.999826
0.999476
0.998931
0.998054
0.996
0.993939
0.992171
0.988492
0.981075
0.967397
0.963438
0.963127
0.952097
0.94008
0.945558
0.954843
0.953878
0.943253
0.94006
0.943601
0.957742
0.975398
0.97792
0.962311
0.935919
0.931737
0.939299
0.967185
0.980616
0.981726
0.975167
0.972932
0.974688
0.979033
0.982036
0.98465
0.987089
0.988927
0.990396
0.99141
0.992517
0.993713
0.995022
0.996015
0.996414
0.996381
0.995987
0.99463
0.993219
0.99253
0.992028
0.990674
0.979847
0.8892
0.775711
0.777147
0.801066
0.807424
0.806722
0.807983
0.815137
0.840655
0.871967
0.889174
0.898465
0.903599
0.906301
0.907423
0.907936
0.909273
0.912124
0.914375
0.916606
0.920337
0.924414
0.927661
0.931398
0.936151
0.941357
0.947254
0.954188
0.96128
0.967194
0.97197
0.976357
0.979952
0.982083
0.983727
0.986043
0.988214
0.988959
0.988751
0.986342
0.97717
0.9707
0.964178
0.945756
0.918402
0.889408
0.858904
0.801272
0.666248
0.431656
0.2639
0.148537
0.0576239
1
1
1
1
1
1
1
1
1
1
1
1
1
1
1
1
1
1
1
1
1
1
1
1
1
1
1
1
1
1
1
1
1
1
1
1
1
1
1
1
1
1
1
1
1
1
1
1
1
1
1
1
1
1
1
1
1
1
1
1
1
1
1
0.999998
0.999996
0.999994
0.999988
0.999983
0.999969
0.999953
0.999924
0.999862
0.999708
0.99922
0.997988
0.994644
0.991634
0.9853
0.976818
0.973411
0.968069
0.950247
0.933632
0.933035
0.934251
0.932901
0.928012
0.930611
0.944426
0.955961
0.962136
0.960633
0.955404
0.960458
0.97225
0.976903
0.97208
0.946323
0.93341
0.930588
0.931146
0.948281
0.976543
0.983246
0.983357
0.979111
0.977944
0.98098
0.982895
0.985401
0.987301
0.988868
0.990259
0.991543
0.992955
0.994412
0.995336
0.995752
0.995571
0.994506
0.992627
0.991528
0.99105
0.990582
0.989591
0.985418
0.949795
0.782778
0.721028
0.767571
0.811875
0.812145
0.809501
0.810066
0.817005
0.839697
0.862355
0.880582
0.889424
0.889941
0.888379
0.88805
0.88956
0.893385
0.898133
0.904188
0.911209
0.919651
0.930002
0.941068
0.950221
0.956659
0.960816
0.964261
0.968575
0.973143
0.976332
0.977854
0.978393
0.978032
0.975799
0.973926
0.972153
0.968947
0.96132
0.938491
0.865649
0.790519
0.751546
0.71815
0.642084
0.47119
0.304726
0.190905
0.113209
0.0655497
0.034608
0.0175236
0.00899502
2.68158e-05
1
1
1
1
1
1
1
1
1
1
1
1
1
1
1
1
1
1
1
1
1
1
1
1
1
1
1
1
1
1
1
1
1
1
1
1
1
1
1
1
1
1
1
1
1
1
1
1
1
1
1
1
1
1
1
1
1
1
1
1
0.999998
0.999993
0.999977
0.999932
0.999887
0.999818
0.999738
0.999658
0.999485
0.999353
0.999115
0.998593
0.997077
0.991882
0.981106
0.963401
0.952905
0.92527
0.915995
0.916605
0.903854
0.894474
0.915419
0.929069
0.927864
0.919684
0.903818
0.904857
0.928793
0.953359
0.963765
0.968778
0.970481
0.972623
0.974772
0.974042
0.954267
0.942057
0.935674
0.931179
0.926943
0.928905
0.960016
0.98125
0.985886
0.986623
0.984792
0.984057
0.984883
0.987038
0.988405
0.989794
0.991547
0.992937
0.994
0.99459
0.994781
0.994057
0.992203
0.990791
0.990222
0.989638
0.987782
0.984415
0.97946
0.963321
0.857081
0.66168
0.652118
0.758747
0.816054
0.81753
0.81335
0.814937
0.824365
0.847647
0.869042
0.877892
0.875496
0.855644
0.848446
0.856302
0.89141
0.919246
0.932693
0.946456
0.960637
0.968265
0.969692
0.968979
0.962237
0.94842
0.938649
0.934747
0.932499
0.923864
0.895539
0.856477
0.825907
0.809198
0.800645
0.786858
0.750636
0.632776
0.417828
0.252323
0.144282
0.0791222
0.0420169
0.0216923
0.0108331
0.00522991
0.00243701
0.00109984
0.000455903
0.000159838
6.48359e-05
3.64511e-05
1.80839e-05
1.66156e-06
1
1
1
1
1
1
1
1
1
1
1
1
1
1
1
1
1
1
1
1
1
1
1
1
1
1
1
1
1
1
1
1
1
1
1
1
1
1
1
1
1
1
1
1
1
1
1
1
1
1
1
1
1
1
1
1
1
1
0.999999
0.999985
0.999902
0.999636
0.999058
0.998195
0.997543
0.996644
0.996083
0.995237
0.994514
0.993974
0.992784
0.989222
0.973649
0.921474
0.883522
0.876822
0.855691
0.818215
0.842572
0.878047
0.879871
0.885012
0.901836
0.911537
0.90674
0.881363
0.866893
0.881864
0.914796
0.944225
0.959616
0.968071
0.971099
0.971956
0.971443
0.958804
0.946737
0.938036
0.932996
0.928759
0.922771
0.921406
0.934628
0.965115
0.982219
0.987752
0.989264
0.989644
0.989785
0.99081
0.991452
0.991988
0.992799
0.993164
0.993422
0.992834
0.991338
0.99001
0.989339
0.988722
0.987109
0.977224
0.941717
0.926061
0.9141
0.868222
0.667939
0.520271
0.538266
0.694418
0.801869
0.831084
0.834781
0.838689
0.850304
0.860036
0.859101
0.818648
0.704578
0.663968
0.687246
0.805049
0.914455
0.966892
0.979261
0.976239
0.944762
0.815714
0.600215
0.422612
0.290208
0.1951
0.127389
0.0805907
0.0493287
0.0289969
0.0160954
0.0082396
0.00385619
0.00192463
0.00137584
0.000983388
0.000686001
0.000463827
0.00030256
0.00018997
0.000114824
6.70337e-05
3.7941e-05
2.08655e-05
1.11361e-05
5.76542e-06
2.88976e-06
1.40387e-06
6.56233e-07
2.95323e-07
1.25467e-07
5.10539e-08
1.85359e-08
-4.12137e-10
1
1
1
1
1
1
1
1
1
1
1
1
1
1
1
1
1
1
1
1
1
1
1
1
1
1
1
1
1
1
1
1
1
1
1
1
1
1
1
1
1
1
1
1
1
1
1
1
1
1
1
1
1
1
1
1
1
0.999998
0.999945
0.999128
0.99526
0.985627
0.977197
0.971644
0.965286
0.962454
0.961503
0.960053
0.959758
0.960038
0.95859
0.909745
0.791013
0.781129
0.831754
0.858276
0.829682
0.797041
0.807206
0.829144
0.828103
0.826404
0.84602
0.861594
0.860071
0.852234
0.854056
0.875942
0.910574
0.937208
0.949631
0.958488
0.962954
0.963958
0.959301
0.949608
0.941715
0.921291
0.914713
0.914709
0.912864
0.914661
0.926798
0.932926
0.952763
0.971386
0.982693
0.988491
0.99082
0.991057
0.991268
0.99141
0.991452
0.990943
0.989951
0.98878
0.988064
0.987128
0.983781
0.971188
0.91766
0.751319
0.614013
0.548113
0.500465
0.420894
0.339274
0.30925
0.334398
0.466917
0.629013
0.740269
0.789472
0.782164
0.744325
0.635377
0.429175
0.239362
0.150874
0.130937
0.129268
0.128632
0.120019
0.0960371
0.0694695
0.0386291
0.0135491
0.00233904
0.000430765
0.000174034
9.67169e-05
5.46824e-05
3.11498e-05
1.76321e-05
9.83094e-06
5.36306e-06
2.84733e-06
1.46991e-06
7.45831e-07
3.82757e-07
2.03284e-07
1.11515e-07
6.27423e-08
3.58197e-08
2.04936e-08
1.16242e-08
6.49117e-09
3.55817e-09
1.91116e-09
1.0039e-09
5.13955e-10
2.56058e-10
1.23792e-10
5.80121e-11
2.61117e-11
1.12438e-11
4.53557e-12
1.7294e-12
5.84264e-13
-2.05958e-13
1
1
1
1
1
1
1
1
1
1
1
1
1
1
1
1
1
1
1
1
1
1
1
1
1
1
1
1
1
1
1
1
1
1
1
1
1
1
1
1
1
1
1
1
1
1
1
1
1
1
1
1
1
1
1
1
0.999999
0.999935
0.998183
0.97465
0.882477
0.846002
0.849092
0.860145
0.868838
0.875911
0.880674
0.884082
0.886654
0.88816
0.883004
0.839864
0.780913
0.776599
0.793422
0.790732
0.768626
0.765834
0.77218
0.778055
0.783278
0.797216
0.815557
0.83137
0.840572
0.843667
0.85109
0.873912
0.908313
0.931695
0.937813
0.940667
0.943331
0.944298
0.942388
0.937786
0.917659
0.89289
0.891447
0.893311
0.898545
0.916265
0.92691
0.924214
0.914447
0.907424
0.901369
0.895323
0.889123
0.878828
0.861672
0.836347
0.799331
0.746555
0.674203
0.583736
0.486996
0.403204
0.347884
0.319678
0.306025
0.29445
0.285311
0.276945
0.265241
0.249919
0.23459
0.223365
0.217992
0.216033
0.216068
0.217003
0.219126
0.201924
0.134958
0.0608711
0.0226747
0.00677305
0.0023367
0.00156941
0.00116208
0.000850522
0.00062434
0.00045326
0.000309949
0.000118098
1.93143e-05
1.14524e-06
3.83013e-08
8.31508e-09
4.04885e-09
2.19663e-09
1.21396e-09
6.6756e-10
3.61523e-10
1.91963e-10
1.00027e-10
5.15304e-11
2.66223e-11
1.40009e-11
7.52921e-12
4.12309e-12
2.28295e-12
1.26792e-12
7.01031e-13
3.83498e-13
2.066e-13
1.0922e-13
5.64903e-14
2.85501e-14
1.40935e-14
6.79081e-15
3.18079e-15
1.43938e-15
6.22513e-16
2.55408e-16
9.78609e-17
3.50448e-17
1.12107e-17
-6.07848e-14
2.97276e-15
2.98479e-15
2.05529e-15
8.15591e-16
2.67719e-16
7.94717e-17
2.15845e-17
5.40221e-18
1.25412e-18
2.70767e-19
5.44754e-20
1.0175e-20
1.76868e-21
2.81848e-22
3.88628e-23
6.36119e-24
1.26675e-24
2.41516e-25
4.40766e-26
7.75076e-27
1.32151e-27
2.1986e-28
3.57878e-29
5.72478e-30
1.46563e-30
1.34051e-13
1.24734e-13
8.82945e-14
3.96424e-14
1.54851e-14
5.47642e-15
1.7878e-15
5.44042e-16
1.55462e-16
4.1921e-17
1.07081e-17
2.59773e-18
6.00389e-19
1.32363e-19
2.79277e-20
5.63696e-21
1.09405e-21
2.03344e-22
3.66546e-23
6.42273e-24
1.0962e-24
1.82301e-25
2.96356e-26
4.70707e-27
7.5167e-28
4.33178e-12
3.33242e-12
1.72457e-12
7.75126e-13
3.1221e-13
1.15474e-13
3.97925e-14
1.28793e-14
3.93796e-15
1.14211e-15
3.15267e-16
8.30522e-17
2.09353e-17
5.0591e-18
1.17483e-18
2.62509e-19
5.65938e-20
1.17775e-20
2.37465e-21
4.64465e-22
8.84632e-23
1.64125e-23
2.97769e-24
5.29433e-25
8.33038e-26
8.53413e-11
4.5633e-11
2.17355e-11
9.40157e-12
3.73771e-12
1.38249e-12
4.80222e-13
1.57574e-13
4.90421e-14
1.45207e-14
4.1011e-15
1.10738e-15
2.86518e-16
7.11571e-17
1.69979e-17
3.91107e-18
8.6877e-19
1.86471e-19
3.87879e-20
7.82196e-21
1.5356e-21
2.93593e-22
5.49217e-23
1.0066e-23
1.60808e-24
8.31285e-10
4.13416e-10
1.88538e-10
7.96624e-11
3.13714e-11
1.15871e-11
4.03829e-12
1.33375e-12
4.18725e-13
1.25251e-13
3.57744e-14
9.77581e-15
2.56085e-15
6.44133e-16
1.55864e-16
3.6335e-17
8.17711e-18
1.77854e-18
3.74829e-19
7.65831e-20
1.52271e-20
2.94694e-21
5.58214e-22
1.03589e-22
1.66765e-23
5.73715e-09
2.75552e-09
1.23077e-09
5.1458e-10
2.02112e-10
7.48387e-11
2.6227e-11
8.72678e-12
2.76371e-12
8.34649e-13
2.40816e-13
6.64951e-14
1.76035e-14
4.47503e-15
1.09435e-15
2.57821e-16
5.86304e-17
1.28855e-17
2.74348e-18
5.66293e-19
1.13716e-19
2.22157e-20
4.24724e-21
7.95363e-22
1.28791e-22
3.0829e-08
1.45451e-08
6.43752e-09
2.68348e-09
1.05604e-09
3.9317e-10
1.3883e-10
4.6604e-11
1.49023e-11
4.54656e-12
1.32559e-12
3.69924e-13
9.89713e-14
2.54255e-14
6.28256e-15
1.49537e-15
3.43492e-16
7.62444e-17
1.63915e-17
3.41621e-18
6.92494e-19
1.36529e-19
2.63365e-20
4.9766e-21
8.10914e-22
1.35127e-07
6.3247e-08
2.7935e-08
1.16677e-08
4.61553e-09
1.7315e-09
6.16996e-10
2.092e-10
6.76017e-11
2.08493e-11
6.14591e-12
1.73406e-12
4.69037e-13
1.21807e-13
3.04216e-14
7.31775e-15
1.69846e-15
3.80894e-16
8.27147e-17
1.74112e-17
3.5636e-18
7.09242e-19
1.38056e-19
2.63264e-20
4.31701e-21
4.98566e-07
2.33006e-07
1.03183e-07
4.33303e-08
1.72711e-08
6.53934e-09
2.35439e-09
8.07053e-10
2.63743e-10
8.22738e-11
2.45309e-11
7.00042e-12
1.91489e-12
5.02826e-13
1.26954e-13
3.08658e-14
7.23915e-15
1.64014e-15
3.59743e-16
7.64718e-17
1.58022e-17
3.17507e-18
6.23647e-19
1.20027e-19
1.98154e-20
1.58651e-06
7.43654e-07
3.31246e-07
1.40204e-07
5.64107e-08
2.15846e-08
7.85917e-09
2.72556e-09
9.01268e-10
2.84487e-10
8.5825e-11
2.4778e-11
6.85568e-12
1.82054e-12
4.64741e-13
1.14219e-13
2.70737e-14
6.19825e-15
1.37346e-15
2.94918e-16
6.15416e-17
1.24854e-17
2.47499e-18
4.80777e-19
7.99103e-20
4.44146e-06
2.09487e-06
9.40846e-07
4.02108e-07
1.63534e-07
6.32951e-08
2.33231e-08
8.18722e-09
2.7404e-09
8.75519e-10
2.67298e-10
7.80812e-11
2.18541e-11
5.86928e-12
1.51495e-12
3.76378e-13
9.0163e-14
2.08565e-14
4.66837e-15
1.01236e-15
2.13289e-16
4.36842e-17
8.73848e-18
1.71313e-18
2.86734e-19
1.11337e-05
5.29669e-06
2.40269e-06
1.03824e-06
4.27203e-07
1.67363e-07
6.24369e-08
2.21912e-08
7.51981e-09
2.43184e-09
7.5136e-10
2.22066e-10
6.28696e-11
1.70748e-11
4.45576e-12
1.11891e-12
2.70858e-13
6.33007e-14
1.43116e-14
3.13437e-15
6.66748e-16
1.3786e-16
2.78272e-17
5.50533e-18
9.27823e-19
2.53995e-05
1.22077e-05
5.59983e-06
2.44862e-06
1.01995e-06
4.04591e-07
1.52839e-07
5.50013e-08
1.88677e-08
6.17536e-09
1.93053e-09
5.77155e-10
1.65241e-10
4.53715e-11
1.1967e-11
3.03663e-12
7.42622e-13
1.75296e-13
4.00201e-14
8.84866e-15
1.8998e-15
3.96411e-16
8.07193e-17
1.61105e-17
2.73379e-18
5.35356e-05
2.60244e-05
1.20808e-05
5.34797e-06
2.25565e-06
9.06027e-07
3.46534e-07
1.26237e-07
4.38247e-08
1.45117e-08
4.58831e-09
1.38696e-09
4.01382e-10
1.11373e-10
2.96772e-11
7.60626e-12
1.8784e-12
4.47655e-13
1.0316e-13
2.30201e-14
4.987e-15
1.04985e-15
2.15596e-16
4.33993e-17
7.41336e-18
0.000105718
5.20104e-05
2.44428e-05
1.09562e-05
4.67896e-06
1.90265e-06
7.3654e-07
2.71481e-07
9.53293e-08
3.19174e-08
1.02005e-08
3.11566e-09
9.10836e-10
2.55235e-10
6.8669e-11
1.7766e-11
4.42787e-12
1.06479e-12
2.47547e-13
5.57199e-14
1.2173e-14
2.584e-15
5.34895e-16
1.0854e-16
1.86582e-17
0.000198162
9.86846e-05
4.69488e-05
2.13022e-05
9.20733e-06
3.78826e-06
1.4833e-06
5.52788e-07
1.96186e-07
6.63633e-08
2.14204e-08
6.6059e-09
1.94927e-09
5.51211e-10
1.49618e-10
3.90459e-11
9.81441e-12
2.37984e-12
5.57809e-13
1.2657e-13
2.78701e-14
5.96243e-15
1.24352e-15
2.5425e-16
4.3967e-17
0.000356379
0.00017963
8.64836e-05
3.9701e-05
1.73549e-05
7.21854e-06
2.85599e-06
1.075e-06
3.8517e-07
1.31486e-07
4.28152e-08
1.33166e-08
3.96206e-09
1.12943e-09
3.08987e-10
8.12598e-11
2.05798e-11
5.02743e-12
1.18697e-12
2.71269e-13
6.01512e-14
1.29577e-14
2.72045e-15
5.59953e-16
9.7344e-17
0.00061996
0.000316238
0.000154034
7.15067e-05
3.15936e-05
1.32741e-05
5.30181e-06
2.01343e-06
7.2746e-07
2.503e-07
8.21174e-08
2.57247e-08
7.70701e-09
2.21184e-09
6.09112e-10
1.61231e-10
4.10952e-11
1.01029e-11
2.40025e-12
5.51965e-13
1.23142e-13
2.6689e-14
5.63616e-15
1.167e-15
2.0382e-16
0.00104978
0.000541934
0.000267021
0.000125319
5.59383e-05
2.37265e-05
9.5598e-06
3.65974e-06
1.33209e-06
4.61481e-07
1.52367e-07
4.80179e-08
1.44679e-08
4.17479e-09
1.15575e-09
3.07497e-10
7.8771e-11
1.94615e-11
4.6464e-12
1.07373e-12
2.40704e-13
5.24218e-14
1.11224e-14
2.314e-15
4.05679e-16
0.00173805
0.00090823
0.000452716
0.000214788
9.68405e-05
4.14527e-05
1.68408e-05
6.49539e-06
2.38017e-06
8.29608e-07
2.75436e-07
8.72469e-08
2.64129e-08
7.65577e-09
2.12846e-09
5.68623e-10
1.46243e-10
3.62721e-11
8.69291e-12
2.01642e-12
4.53709e-13
9.9178e-14
2.11178e-14
4.40962e-15
7.7526e-16
0.00281728
0.00149088
0.000752041
0.000360761
0.000164301
7.09692e-05
2.9066e-05
1.12909e-05
4.16371e-06
1.45942e-06
4.86971e-07
1.5495e-07
4.71021e-08
1.37043e-08
3.82356e-09
1.02489e-09
2.64427e-10
6.57867e-11
1.58133e-11
3.6788e-12
8.30107e-13
1.8197e-13
3.88509e-14
8.13473e-15
1.43312e-15
0.00447492
0.00239975
0.00122565
0.000594699
0.00027364
0.000119281
4.92452e-05
1.9264e-05
7.14732e-06
2.51858e-06
8.44317e-07
2.69767e-07
8.23078e-08
2.40275e-08
6.72424e-09
1.8075e-09
4.67577e-10
1.1662e-10
2.80987e-11
6.55195e-12
1.48167e-12
3.25509e-13
6.96372e-14
1.4611e-14
2.5779e-15
0.00697589
0.00379426
0.0019634
0.000963998
0.000448241
0.000197188
8.20569e-05
3.23189e-05
1.20614e-05
4.2717e-06
1.43831e-06
4.61314e-07
1.41226e-07
4.13515e-08
1.16039e-08
3.12689e-09
8.10728e-10
2.02635e-10
4.89199e-11
1.14284e-11
2.58901e-12
5.69757e-13
1.2208e-13
2.56544e-14
4.53112e-15
0.0107134
0.00591604
0.00310364
0.00154243
0.000724777
0.000321712
0.000134894
5.34695e-05
2.00625e-05
7.13802e-06
2.41286e-06
7.76522e-07
2.38434e-07
6.99991e-08
1.96895e-08
5.31714e-09
1.38131e-09
3.45874e-10
8.36404e-11
1.95705e-11
4.43994e-12
9.78452e-13
2.09907e-13
4.41652e-14
7.80654e-15
0.0163153
0.00915627
0.00487232
0.00245105
0.00116349
0.000520775
0.000219849
8.76263e-05
3.30271e-05
1.17945e-05
3.99937e-06
1.29055e-06
3.97193e-07
1.16849e-07
3.29289e-08
8.90754e-09
2.31766e-09
5.81173e-10
1.4073e-10
3.29703e-11
7.48867e-12
1.65217e-12
3.54782e-13
7.47194e-14
1.32146e-14
0.0248509
0.0141875
0.00765986
0.00389926
0.00186839
0.00084237
0.000357574
0.000143112
5.41091e-05
1.93696e-05
6.58043e-06
2.12672e-06
6.55406e-07
1.93038e-07
5.44576e-08
1.4746e-08
3.84043e-09
9.63905e-10
2.33612e-10
5.47776e-11
1.24517e-11
2.7493e-12
5.90774e-13
1.24507e-13
2.20274e-14
0.0381738
0.0221891
0.0121557
0.00625794
0.0030236
0.00137118
0.000584314
0.000234431
8.87617e-05
3.17978e-05
1.08062e-05
3.49275e-06
1.07637e-06
3.17014e-07
8.94312e-08
2.42172e-08
6.3077e-09
1.58343e-09
3.83839e-10
9.00276e-11
2.04702e-11
4.52128e-12
9.71803e-13
2.04877e-13
3.62487e-14
0.0614707
0.0364407
0.0202714
0.0105541
0.00513873
0.00234153
0.00100033
0.000401687
0.00015205
5.44173e-05
1.8468e-05
5.96012e-06
1.83393e-06
5.39351e-07
1.51956e-07
4.11018e-08
1.06953e-08
2.68276e-09
6.49919e-10
1.52364e-10
3.46309e-11
7.64713e-12
1.64326e-12
3.46395e-13
6.12677e-14
0.103984
0.0630147
0.0356513
0.0187886
0.00922184
0.00422156
0.00180707
0.00072564
0.000274299
9.79477e-05
3.31492e-05
1.06661e-05
3.27201e-06
9.5948e-07
2.69586e-07
7.27386e-08
1.88858e-08
4.72809e-09
1.1435e-09
2.67699e-10
6.07723e-11
1.34064e-11
2.87836e-12
6.06336e-13
1.07167e-13
0.176306
0.109425
0.0630682
0.0336926
0.0166904
0.00768322
0.00329759
0.0013247
0.000500122
0.000178154
6.01024e-05
1.92682e-05
5.88815e-06
1.71992e-06
4.8141e-07
1.29421e-07
3.34889e-08
8.35778e-09
2.0156e-09
4.70654e-10
1.06602e-10
2.34691e-11
5.02962e-12
1.05783e-12
1.86698e-13
0.291995
0.186049
0.109514
0.0594566
0.0298008
0.0138284
0.00596427
0.00240185
0.000907284
0.000322906
0.000108723
3.47609e-05
1.05882e-05
3.08182e-06
8.59407e-07
2.30174e-07
5.93385e-08
1.4756e-08
3.54644e-09
8.25458e-10
1.86403e-10
4.09251e-11
8.74802e-12
1.8356e-12
3.23296e-13
0.463507
0.304263
0.183573
0.101647
0.0517289
0.024278
0.0105571
0.00427513
0.00162053
0.000577794
0.000194638
6.21943e-05
1.89182e-05
5.4953e-06
1.52864e-06
4.08264e-07
1.04931e-07
2.60117e-08
6.23168e-09
1.44587e-09
3.25487e-10
7.1248e-11
1.51855e-11
3.17766e-12
5.58278e-13
0.692922
0.47057
0.292431
0.165872
0.0860534
0.0410044
0.0180419
0.00737255
0.00281379
0.0010083
0.00034086
0.000109167
3.32479e-05
9.66142e-06
2.68662e-06
7.16864e-07
1.83987e-07
4.55275e-08
1.08845e-08
2.51966e-09
5.65835e-10
1.23551e-10
2.62655e-11
5.48218e-12
9.60844e-13
0.9045
0.683314
0.438415
0.255882
0.135895
0.0659917
0.0294838
0.0121984
0.00470269
0.00169899
0.000578145
0.000186136
5.69217e-05
1.65917e-05
4.62395e-06
1.23556e-06
3.17356e-07
7.85442e-08
1.87723e-08
4.34254e-09
9.7417e-10
2.12433e-10
4.50906e-11
9.39541e-12
1.64382e-12
0.97102
0.878389
0.616414
0.371494
0.202723
0.100656
0.0458018
0.0192404
0.00751311
0.00274397
0.000942423
0.000305819
9.41499e-05
2.75982e-05
7.72749e-06
2.07278e-06
5.34032e-07
1.32485e-07
3.172e-08
7.34663e-09
1.64929e-09
3.5977e-10
7.63599e-11
1.59055e-11
2.7811e-12
0.989877
0.954178
0.8003
0.507564
0.28561
0.145342
0.0675017
0.0288496
0.0114333
0.00422982
0.00146924
0.000481545
0.000149559
4.41821e-05
1.24556e-05
3.36099e-06
8.7041e-07
2.16895e-07
5.21258e-08
1.2111e-08
2.72596e-09
5.95885e-10
1.26684e-10
2.64221e-11
4.62352e-12
0.995996
0.980599
0.909214
0.658015
0.381178
0.199091
0.0944884
0.0411307
0.0165618
0.00621386
0.00218574
0.000724561
0.000227362
6.7795e-05
1.92745e-05
5.24077e-06
1.36657e-06
3.42634e-07
8.27985e-08
1.93315e-08
4.36998e-09
9.58884e-10
2.04531e-10
4.27829e-11
7.50306e-12
0.99823
0.990901
0.954723
0.792688
0.483659
0.259803
0.126026
0.0558821
0.022868
0.00870482
0.00310244
0.00104092
0.000330286
9.95027e-05
2.85592e-05
7.83373e-06
2.0593e-06
5.20173e-07
1.26563e-07
2.97347e-08
6.76016e-09
1.49107e-09
3.19559e-10
6.71367e-11
1.18158e-11
0.999128
0.995301
0.975367
0.880633
0.589637
0.324334
0.160766
0.0725835
0.0301734
0.0116499
0.00420673
0.00142872
0.000458535
0.000139626
4.04801e-05
1.12088e-05
2.97271e-06
7.57141e-07
1.85651e-07
4.39327e-08
1.00556e-08
2.23187e-09
4.81125e-10
1.01638e-10
1.79705e-11
0.999513
0.997307
0.985342
0.925832
0.689423
0.389429
0.196873
0.0904078
0.0381505
0.0149325
0.00546135
0.00187734
0.000609472
0.000187626
5.49658e-05
1.53715e-05
4.11535e-06
1.0576e-06
2.61539e-07
6.23917e-08
1.43902e-08
3.21708e-09
6.98288e-10
1.48491e-10
2.64023e-11
0.99968
0.998247
0.990313
0.949636
0.766848
0.449108
0.23163
0.108075
0.0462513
0.0183387
0.0067894
0.00236126
0.000775241
0.000241261
7.14223e-05
2.01763e-05
5.45446e-06
1.41488e-06
3.53045e-07
8.49474e-08
1.97546e-08
4.45129e-09
9.7353e-10
2.0855e-10
3.73183e-11
0.999747
0.998676
0.992703
0.961539
0.817011
0.49616
0.261214
0.12385
0.0537499
0.021586
0.00808741
0.00284469
0.000944186
0.000296973
8.88316e-05
2.53494e-05
6.92073e-06
1.81249e-06
4.56477e-07
1.10827e-07
2.59988e-08
5.90783e-09
1.30272e-09
2.81323e-10
5.06948e-11
0.999762
0.998842
0.993697
0.966498
0.83848
0.520872
0.277006
0.132877
0.058396
0.0237682
0.00902952
0.00322071
0.00108366
0.000345299
0.000104561
3.01848e-05
8.33132e-06
2.20454e-06
5.60681e-07
1.374e-07
3.25218e-08
7.45371e-09
1.65734e-09
3.60851e-10
6.54992e-11
0.999715
0.998837
0.993967
0.968081
0.845347
0.529294
0.282018
0.135685
0.0598626
0.0244886
0.00936271
0.00336566
0.00114275
0.000367868
0.000112644
3.29053e-05
9.19418e-06
2.46337e-06
6.34371e-07
1.57386e-07
3.77026e-08
8.74196e-09
1.96562e-09
4.32621e-10
7.92707e-11
0.999527
0.998508
0.99325
0.966257
0.840032
0.524014
0.279701
0.134817
0.0596059
0.0244398
0.00936701
0.00337597
0.00114962
0.000371334
0.000114154
3.3498e-05
9.40822e-06
2.53539e-06
6.57122e-07
1.64181e-07
3.96309e-08
9.26439e-09
2.10136e-09
4.66843e-10
8.63138e-11
0.998958
0.997418
0.990523
0.957967
0.811812
0.497597
0.266413
0.12898
0.0573273
0.023627
0.00909736
0.00329179
0.00112468
0.000364293
0.000112255
3.30096e-05
9.28881e-06
2.50785e-06
6.51203e-07
1.63024e-07
3.9435e-08
9.24006e-09
2.10123e-09
4.68163e-10
8.68159e-11
0.997045
0.994024
0.982522
0.934045
0.738247
0.441524
0.236
0.114833
0.0514194
0.0213679
0.00829615
0.00302577
0.00104141
0.000339582
0.000105268
3.11199e-05
8.798e-06
2.38506e-06
6.21517e-07
1.56071e-07
3.78538e-08
8.8901e-09
2.02574e-09
4.5218e-10
8.40114e-11
0.9897
0.982498
0.958501
0.866429
0.600584
0.351574
0.18682
0.0910057
0.0409974
0.0171932
0.00674758
0.00248921
0.000866536
0.000285667
8.94697e-05
2.67025e-05
7.61532e-06
2.08102e-06
5.4623e-07
1.38082e-07
3.36921e-08
7.95679e-09
1.82226e-09
4.08702e-10
7.62726e-11
0.959114
0.9402
0.880495
0.684673
0.432756
0.24739
0.129288
0.0623344
0.0279256
0.0116903
0.00459412
0.00170157
0.000596026
0.00019806
6.26083e-05
1.88765e-05
5.44077e-06
1.5029e-06
3.98675e-07
1.01823e-07
2.50856e-08
5.979e-09
1.38095e-09
3.12259e-10
5.87656e-11
0.831662
0.777584
0.612362
0.406186
0.244433
0.134078
0.0676479
0.0316716
0.0138568
0.00569524
0.00220771
0.00080977
0.000281807
9.32853e-05
2.94382e-05
8.87701e-06
2.56275e-06
7.10061e-07
1.89105e-07
4.85517e-08
1.20294e-08
2.88709e-09
6.7162e-10
1.53142e-10
2.91276e-11
0.375661
0.334346
0.245217
0.158663
0.0916762
0.0480151
0.0231273
0.0103642
0.00435704
0.00172762
0.000648472
0.000231058
7.83245e-05
2.53126e-05
7.8129e-06
2.30804e-06
6.53574e-07
1.77827e-07
4.65402e-08
1.17529e-08
2.86477e-09
6.77085e-10
1.55125e-10
3.488e-11
6.61053e-12
0.0756728
0.074064
0.0643881
0.0420218
0.023205
0.0115127
0.00522488
0.00220358
0.000872988
0.000326978
0.000116228
3.93062e-05
1.2669e-05
3.89865e-06
1.14706e-06
3.23309e-07
8.73906e-08
2.27118e-08
5.6821e-09
1.37279e-09
3.20428e-10
7.25688e-11
1.59419e-11
3.44139e-12
6.42025e-13
0.00955576
0.0116777
0.0106115
0.00749611
0.0039386
0.00181797
0.000761226
0.000295461
0.000107711
3.71434e-05
1.21625e-05
3.7904e-06
1.12606e-06
3.19412e-07
8.6617e-08
2.24972e-08
5.60034e-09
1.34047e-09
3.09225e-10
6.89136e-11
1.48515e-11
3.10591e-12
6.30539e-13
1.2619e-13
2.33111e-14
0.000786859
0.00139385
0.00126735
0.000889914
0.000432966
0.000180627
6.74882e-05
2.32118e-05
7.46743e-06
2.26659e-06
6.52169e-07
1.78356e-07
4.64413e-08
1.15313e-08
2.73317e-09
6.19448e-10
1.34848e-10
2.82435e-11
5.70172e-12
1.11145e-12
2.09573e-13
3.83178e-14
6.80096e-15
1.21149e-15
2.51898e-16
5.85675e-05
0.000127041
0.00010917
6.70313e-05
2.82087e-05
9.95091e-06
3.08863e-06
8.7073e-07
2.27221e-07
5.54599e-08
1.27455e-08
2.76879e-09
5.74205e-10
1.13763e-10
2.15612e-11
3.91495e-12
6.82376e-13
1.14358e-13
1.84702e-14
2.88204e-15
4.17335e-16
6.93864e-17
1.53958e-17
3.65024e-18
1.36162e-18
3.5414e-06
7.43582e-06
5.51839e-06
2.45321e-06
7.9961e-07
2.07671e-07
4.52454e-08
8.55296e-09
1.44224e-09
2.32297e-10
3.56674e-11
5.21848e-12
7.29787e-13
8.79017e-14
1.80048e-14
3.56196e-15
6.81433e-16
1.26192e-16
2.26557e-17
3.94743e-18
6.68598e-19
1.10327e-19
1.84042e-20
3.56864e-21
2.77402e-21
1.04823e-07
1.63233e-07
7.91796e-08
2.1341e-08
3.97458e-09
4.88709e-10
3.43956e-11
2.28372e-12
2.75167e-13
3.26071e-14
3.81203e-15
4.41157e-16
5.06784e-17
5.66256e-18
7.1606e-19
1.05421e-19
1.74532e-20
3.06452e-21
5.46178e-22
9.65771e-23
2.99132e-23
3.76213e-24
2.17484e-24
3.05291e-25
2.07407e-24
)
;

boundaryField
{
    inlet
    {
        type            fixedValue;
        value           uniform 1;
    }
    outlet
    {
        type            inletOutlet;
        inletValue      uniform 0;
        value           nonuniform List<scalar> 
57
(
1.46563e-30
7.5167e-28
8.33038e-26
1.60808e-24
1.66765e-23
1.28791e-22
8.10914e-22
4.31701e-21
1.98154e-20
7.99103e-20
2.86734e-19
9.27823e-19
2.73379e-18
7.41336e-18
1.86582e-17
4.3967e-17
9.7344e-17
2.0382e-16
4.05679e-16
7.7526e-16
1.43312e-15
2.5779e-15
4.53112e-15
7.80654e-15
1.32146e-14
2.20274e-14
3.62487e-14
6.12677e-14
1.07167e-13
1.86698e-13
3.23296e-13
5.58278e-13
9.60844e-13
1.64382e-12
2.7811e-12
4.62352e-12
7.50306e-12
1.18158e-11
1.79705e-11
2.64023e-11
3.73183e-11
5.06948e-11
6.54992e-11
7.92707e-11
8.63138e-11
8.68159e-11
8.40114e-11
7.62726e-11
5.87656e-11
2.91276e-11
6.61053e-12
6.42025e-13
2.33111e-14
2.51898e-16
1.36162e-18
2.77402e-21
2.07407e-24
)
;
    }
    upperWall
    {
        type            zeroGradient;
    }
    lowerWall
    {
        type            zeroGradient;
    }
    frontAndBack
    {
        type            empty;
    }
}


// ************************************************************************* //
